173 1
412174 841701
269378
415489
537426
468023
287278
178368
153755
571784
802587
33062
534571
498593
955576
748462
554709
890939
624991
842230
159804
212800
714871
130457
91011
274651
3001
414387
26883
709980
938109
239965
180937
317612
887191
652206
150369
681500
385902
387813
499854
147567
587319
845767
590242
955625
556272
148185
983527
408859
141852
565026
252184
488625
464136
961312
126060
199803
319322
629411
126741
651401
621775
803254
247898
476540
389402
203297
28382
901877
426594
142054
947701
410406
131219
885848
92195
162236
71080
365422
253115
135140
783330
455410
349603
452403
809127
931885
651793
215297
679746
909127
250182
861054
471369
506070
600529
817746
756014
462350
951582
632882
439430
824884
689137
702365
987368
954630
851462
289382
537547
514551
103458
414122
576847
876764
440138
729913
869460
715804
800901
706695
741883
19097
886231
525106
463428
65209
713584
489054
667830
682203
199600
916841
866078
890220
544071
139227
450449
989586
215581
446124
315804
514776
881703
439825
467638
806832
365241
211567
999342
153640
630631
616490
596
880
773527
727499
319250
417818
682648
680716
205309
836609
709081
828895
94571
81757
764177
629714
213901
213595
81080
388911
952375
947760 -269275
692326 -422554
282221 -11318
191869 -136485
398235 -176920
828543 -257226
233653 219460
634862 -633572
56455 -14953
274273 -266673
970307 -844165
694182 -22088
160787 -4254
495804 -163117
903506 -746847
436525 -66864
544147 -215874
385858 -280352
816117 -686256
310240 -103820
521079 -220734
55293 160310
723928 -50613
477913 -446590
150347 -57488
987107 -1657
856387 -377635
489764 -35595
122536 -116597
209611 -6080
176015 -82525
687571 -123665
973567 -80371
494357 934240
250213 -36375
230625 -224851
233746 -165964
744273 -47649
662144 -484289
621187 17948
593681 -496693
53708 -3229
266181 -186866
963694 -796034
946259 -606137
63819 -45350
41431 -34250
523891 -329653
232132 -148423
997825 -468180
932126 -815590
541658 -159251
945465 -155448
41086 110044
96562 22410
561612 -517024
674678 698617
22806 -4816
936148 -858959
278993 -122977
416571 -107763
766349 -441364
344656 -338585
330834 -202527
114502 -57735
149287 -60156
814601 -770219
170836 31410
803450 -277260
869691 -389259
812080 -420132
579995 -338160
189593 -72885
710275 -359460
89875 -76839
143336 -73527
498744 -450836
499771 -300189
146230 -80340
972697 -238464
963379 -198124
129512 -9610
479888 -377449
357754 -334382
693746 291591
667008 -314769
144176 -5589
921038 516647
344535 -291065
833837 -634762
48710 -11533
795061 288719
415655 -231947
465113 -50054
73868 -50493
444952 -131052
104604 -18920
921682 -523190
278860 -276729
951969 -416101
836565 -333003
526302 -243283
941643 -126062
247031 -196222
162996 -115632
42 -39
658214 -562432
679197 -652612
982211 -782945
5184 -4203
625604 -328403
236888 -146025
704010 -691122
73730 -20462
839350 -218673
420294 -50503
622956 -457835
109548 -17521
412931 -102280
640500 27806
242534 -78958
762894 -184635
470438 -338528
368434 786889
278628 -182021
554570 351047
725456 -235380
140882 -38668
755303 -355332
730050 879076
310399 -150405
287917 -22173
591849 -568237
211391 -155093
68281 -34978
757122 -275409
770769 -302939
354515 622422
697984 -154465
516127 -458944
736299 -327914
12466 -12366
797563 17231
547315 -29060
312059 320691
651770 -129781
754400 -3219
104123 -88695
377048 -63082
981159 -961799
331359 -250753
472837 870947
714927 -71997
790338 -41315
237913 -192799
651564 -273478
317085 -228388
662328 -61761
786416 -651386
384701 -257244
533651 -282236
483834 -345759
869478 -191886
312039 510189
818132 -543835
191940 -139101
351850 -82367
43169 244078
296883 -289344
918952 -747277
662601 934137
516200 -307594
