225 1
195048 433460
515992
322888
543348
984134
612503
6962
981511
527140
643367
627511
191350
285254
171720
443661
928998
144163
397476
872643
195960
756273
801506
868990
824446
328245
571058
603283
84259
805924
109171
417346
744282
323668
659845
503922
506921
898708
175827
453144
268069
408997
454732
954577
959131
482359
174234
685198
515908
906767
596755
400504
743309
980667
345969
380402
963139
829253
99573
132779
104432
785671
794419
780290
380187
351132
139869
243412
96888
24348
121031
704015
713441
88828
579707
931286
587780
589768
995559
576561
64647
272590
375956
256811
238515
810618
983103
274718
134144
44673
641817
578917
655800
535395
351179
919817
879539
77555
171626
852128
483536
956787
96030
597810
123098
433734
120477
396718
134121
661328
421686
673756
257896
473515
570057
780636
187121
233001
154413
633784
600748
485687
97186
31027
343374
785143
917231
413251
931505
265976
245513
407173
800213
141973
586888
592912
812028
680615
516558
823454
659014
551465
383543
754927
194495
127807
559749
572433
701926
607698
264043
770277
117501
383383
51189
123254
47263
164838
794155
345725
280176
842055
223239
130065
508252
262587
299305
284595
110307
510804
146697
980398
822576
906654
687744
308586
226187
664466
163076
198754
699159
110758
82368
37501
127190
185812
234173
847389
857889
290860
368708
478790
201133
665390
689812
43550
763796
227755
13146
883060
235653
714756
184255
63076
876895
640238
54310
570304
937139
933506
885686
359772
321995
540205
175620
965540
162750
720100
986012
161020
644143
660763
938575
72652
777899
191300
442921
496581 -340909
382331 -1301
866235 -420538
393120 -380491
473300 769957
766180 -87939
662408 -302802
59522 -9566
752395 -64547
611473 -493595
996285 -581958
772772 -306814
466458 -414275
154806 -53588
467279 -394533
434224 -296842
911036 -510891
615547 -250841
942320 -503290
901287 -2337
275782 -24998
47198 -44384
803961 -580405
685147 -108718
816396 -634374
523840 -374496
744005 -670176
115262 -61153
579257 -175848
814147 -564240
48295 -2035
198361 -6
105337 -32363
803813 -227659
404047 -202364
379848 -241050
429246 -213665
269769 -21683
353712 -133586
687502 -277157
136854 682650
718002 -259557
399151 -155279
196697 -156150
834131 -276829
619263 -351953
953947 492890
146478 -12013
860267 -256317
950489 -902036
115775 -16747
412799 -280992
583153 -109616
916702 -854725
133436 -24371
527993 -367247
933427 -296177
729837 -456114
187178 -25916
480372 -137356
29244 -1972
139917 -109063
614955 -151111
158400 -142288
898348 -630710
968661 -131976
628936 -29851
607069 -38837
600912 807117
167309 -68329
160238 -141373
529240 434811
230581 -219201
289568 -208723
225751 -91373
368503 -198396
691387 -257719
519542 -107674
281350 -199135
113724 850349
610659 -224779
19632 -3860
866100 -94222
248755 -5490
260557 -26320
271210 -234368
137679 -102262
341152 680432
461539 -389732
758039 -422695
643424 -69774
432923 -231452
151670 -30300
145527 -28129
659736 -167295
109757 778394
527665 -154175
651936 -143415
835134 -602367
707557 -63588
487966 -409162
252090 -236096
174895 -41214
532684 -158305
37359 -11013
68504 -19125
361683 -314674
544024 -530575
369706 -153239
913698 -221660
607994 -567878
183265 -38697
245760 831594
462928 -334969
570605 -26810
496963 -290265
387338 -302259
928098 -318317
753487 -428733
94091 -19909
552117 -407528
782679 539557
295038 863726
374116 -152224
866502 110173
274117 -93422
804187 -758022
208048 172228
995684 -346586
772665 -555819
549498 -89361
555859 -399026
929951 -494851
99528 -25041
784867 -132343
790274 -461563
750543 -7409
511845 -16977
280569 -186805
937080 -779102
432389 -72669
80381 -38427
707987 -509212
402072 -268363
367267 -174043
482415 -74209
955251 -389163
194465 -169989
367134 -344642
97570 -10269
567956 -264801
512668 -52928
371532 -33742
976009 353536
541675 -449495
961333 -858467
18562 -6612
104705 -8130
627004 -257069
598785 -41964
142936 -111024
571865 -450495
775322 -731747
706438 -524506
401388 -271493
959624 -686798
425599 -36368
113485 -19020
613306 -325004
125068 404888
425484 -333498
855198 -1987
400375 -361206
426932 -99355
484401 -474526
569120 -81432
327164 -241420
636245 193798
433732 -52299
795628 -142973
406663 -77503
310702 -231561
970742 -886173
562856 -221101
224388 -103774
744409 -118951
774962 -47071
958319 -177023
561687 -75791
539557 -146196
579116 -79444
916025 -762346
869508 -414025
956374 -779779
799013 -150718
554435 -411950
93344 -8962
597528 -185453
209108 -129864
140820 -32293
630029 -267780
565935 -1578
526049 -63309
808324 -542733
667047 -358321
948898 -323427
626722 -478029
432034 -48212
127579 -87387
389132 -341746
438323 -408541
813515 -435871
50009 -46313
219923 -35006
228323 -210481
773580 -447290
911289 -263062
294098 -59024
793631 -168232
838936 -552203
795758 -301122
828620 601306
888872 -868435
506863 -277969
