45 4
236841 507
709898
565178
802060
184556
121976
587707
364390
913277
984989
965596
102793
249879
763632
463034
448053
724484
655543
229289
786391
893961
411450
674735
703264
92294
831853
791444
803614
288714
312894
624207
683680
18878
206565
954872
910536
916428
926333
360287
970897
187509
749595
594592
48677
918813
3232
303511 -30660
197716 -34393
928124 -88291
585605 -106151
689659 -109435
866917 572708
350083 -34872
964561 -104035
139200 -362
96270 -20821
875233 -85091
818641 -201984
980907 -20783
231964 -45550
397089 -60180
223152 -48841
696755 -31766
778461 -101850
413343 -55814
868593 -110031
889128 -34396
971022 -94384
962277 -93287
525616 -83888
604709 -73858
64007 -2704
450394 -60865
730854 -71280
737739 -36542
38165 -2736
985220 -105253
605315 -18170
326531 -53012
774475 -138527
705278 -132708
937676 -121193
441682 119775
606418 -43749
125735 -27257
13548 -775
35381 -1646
660110 -82643
682517 -42274
342247 -24440
