150 237
396646 192
799067
879315
311927
370292
84365
596636
402080
226680
939662
328029
930289
829676
221588
388509
192044
947108
447618
420809
934022
564666
189895
844161
604016
403599
755171
289930
747877
735208
848128
272892
446520
959151
814789
57919
220705
552419
400157
917634
197130
412301
981837
14413
179579
498691
603590
238850
434641
352898
815422
705574
909344
902763
310514
629983
725636
13054
347593
678626
84927
35941
917702
339436
615602
89621
918671
623514
29748
859473
902155
103591
650514
710612
563879
963553
771409
143035
432556
320450
578856
628716
436822
998077
887047
236527
406730
365550
398637
378285
403850
968091
28926
47815
431953
189741
251214
187013
405199
635639
766421
321024
230099
398246
808130
167575
788857
325943
886662
757185
140329
963834
495790
849771
874636
683218
251016
874312
248669
436341
917512
145992
120257
694537
446586
74742
894186
197525
52676
111823
973563
974492
582171
342273
278467
138625
332947
566171
480216
157216
731871
778383
330325
508027
473365
42976
122528
852051
195697
334373
529597
929228
3999 -4
80704 198991
705834 112726
160781 -591
932698 -3500
812041 -2741
68502 -189
187859 556826
477358 -853
335765 -227
819973 -1152
373568 -326
480590 -978
447713 -211
547883 -1316
114430 -320
379630 293616
694951 -2453
227568 -262
408103 -1120
831163 -609
239539 -690
602982 -2508
153082 -440
394806 -847
236583 -930
635832 -901
155834 -17
292502 856737
943857 272507
580 0
8325 -9
162829 -637
711482 -402
759340 -998
777692 -540
83103 -305
128817 -337
666657 -891
983755 -1056
758222 -3165
198674 -428
207010 -545
172751 -723
162625 -210
529565 -824
847938 -2057
567679 -1292
723162 -1766
683338 -2230
472414 -925
560024 -475
984398 -787
227746 -466
833417 -3065
505720 -631
619940 -1287
632716 -822
814566 -523
789672 -654
2079 -2
41610 -93
569468 -382
435960 -1743
289372 -436
329457 -609
238467 -164
766524 -1860
265188 -278
683676 -2819
373117 -324
451845 -1310
16085 793934
656322 -1341
550300 -1448
348105 -478
48371 -98
662497 -1228
649329 -181
46006 -5
90990 -342
751952 -1724
978374 597934
219479 -571
607345 -1336
460073 -739
428641 -102
722570 -3001
436419 -840
123725 -157
638957 -1840
934455 -2902
771606 -2827
512653 -1322
228235 -602
116528 -385
480017 -820
783262 -978
444542 -728
248570 -219
688288 -139
350412 -633
638148 -1598
853330 -1164
572043 -824
852384 -806
554351 -2217
268233 -513
632123 -1257
130487 -491
255057 -672
292848 -1154
399073 -953
28610 -42
717421 -2660
709566 -1193
48105 -178
3632 -15
264148 54079
713028 -419
55011 -177
976741 -3729
661188 -2434
902010 -626
523246 -295
962146 -2480
678946 -797
400020 -803
505543 -759
770237 -757
721890 -2753
259892 155959
628626 -1711
751334 -701
780110 -140
356228 -1064
892208 -2480
678022 -2637
323232 -40
677129 -167
820507 353271
101678 -254
271008 -899
107331 -88
482286 -1912
131012 -78
314380 -433
291248 -773
993895 -3467
