62 27
736094 461
895517
554130
162950
73405
428888
685197
511290
299335
789659
797015
410564
794705
589700
850325
178083
360338
833512
677242
835042
388036
251932
257059
402055
809305
924812
806619
780317
828629
624925
746493
474922
200874
320363
118915
148061
887385
906248
879786
217415
268526
87579
598694
981927
528368
270885
725004
381257
340071
272097
98866
259751
650750
686770
942617
980682
594943
939880
990418
196556
761708
129699
358508
77885 687824
663878 -6172
721209 -7984
165214 -1316
116546 -4120
235237 -6329
364470 -8812
77630 -807
565094 -14025
677190 -1677
182741 -4364
341467 -11500
240702 -1478
845311 -30290
979519 -560
414017 -2954
639085 -10834
49263 666544
94697 -2261
998859 -13682
903384 -29963
486636 -16122
905114 -30095
699660 -18796
843659 -2157
258945 -8389
973359 -17001
679034 -19713
255502 -807
568617 346271
478174 -3053
307193 -8313
701263 -3095
14506 -52
884390 -26548
102443 -422
101340 -122
64860 -1125
905353 -14505
747491 -994
718029 -3188
570772 -9310
442489 -6035
422600 -3575
81880 -1587
677043 -12764
479150 -419
55264 -1304
921968 -17470
556865 -6890
789502 -15491
299261 -3063
474340 -8482
540649 -15177
35006 -501
425189 -2204
43772 -1001
828092 272368
664058 -2926
178055 -3470
318269 524822
