36 171
63183 607
364639
92334
506060
429500
980187
290830
874360
52777
812619
608693
988586
421202
531936
233810
745686
920596
958062
507738
624752
831878
224107
711740
507475
206516
119555
907776
539227
746665
366686
492894
197649
132113
913086
773993
562550
640562
484698 -1163
551495 -414
973519 -5189
205120 -475
993229 -251
225512 -266
471684 -2413
556759 -647
885847 -4462
992021 -5404
814802 -4117
182920 -845
213311 -562
453547 -653
980019 -1244
918469 -756
707323 -668
226732 -132
219918 -533
968013 -2421
681775 -791
296290 -343
768134 -4190
420823 -1527
672001 -2457
290343 -482
102872 344855
685024 -844
182914 -389
541297 -2333
207689 -946
910859 371232
898882 -2444
68322 -300
44525 186249
