153 198
205721 215
276334
289990
757528
899142
468238
891950
616788
7728
852556
679724
532907
544150
469181
746091
712687
421994
853499
517668
477088
610927
523013
288554
630306
153384
336103
595989
515133
876638
333216
99514
138534
807060
196618
798960
95830
243043
897300
524054
786730
580883
687577
504043
528336
741670
429712
526534
455724
625609
232247
491275
993431
832987
857966
584585
907521
260473
774818
425845
548484
283441
707158
527226
75394
858953
164858
131510
781399
4028
670305
277598
526106
260226
624719
277506
981197
253929
822504
696407
868067
302008
697744
333704
285163
642804
169006
828389
585289
727912
254189
183377
314168
21115
787278
790563
990616
533310
319129
391612
338447
996503
438107
595392
489446
259897
92561
318117
381490
242777
431720
271292
569207
492391
750476
398994
375718
257787
638073
670315
442372
264950
996819
751374
495135
853081
496111
245799
206343
218687
637313
893004
323272
993677
956831
828524
851779
624419
243836
216438
845803
192963
390553
545001
757434
314304
302244
659443
762158
699351
339516
944758
968540
570013
47438
95183 -362
86560 -253
261458 -655
19427 -5
87022 -317
332834 -531
930187 -4310
428805 -1810
430316 -144
434416 -667
217134 -442
430456 -1281
535217 -117
979224 -1818
558220 -144
422736 -1304
913707 -1613
116850 -237
985037 -3565
908076 -2747
159622 -632
622140 -773
995547 -1476
812157 -468
871454 -4102
929435 -4374
509652 -2506
124494 -599
69239 -73
243442 -197
317118 -181
48300 -78
311868 -1537
839906 -3663
558015 -109
833386 -756
706446 -1085
244899 -1149
313417 -193
254352 -826
887494 -1618
201347 -675
343284 -1529
700307 -1981
292239 -883
846254 -802
489143 -322
419437 -188
172070 56832
966575 -3349
288358 -1086
265119 -647
886316 709616
845028 -265
466610 421600
239581 -1098
457699 -976
408564 -207
488930 -1474
775959 -2586
462089 -418
31417 -137
309009 -639
751789 -2012
813750 -3810
30770 -107
813706 -842
153801 -160
699633 -2665
789139 -2991
268036 -1053
694627 -1928
398711 -1496
146482 -52
877694 -3114
340506 -222
747188 -816
722077 -243
91032 -445
490623 -117
968515 -3555
747638 188867
589091 -2348
465640 -1039
467204 -1531
731534 -66
116360 -434
299898 927271
136267 102254
196734 -38
653708 -2830
556217 -168
826143 945290
916380 54011
565359 -2036
212055 -436
339086 487414
138828 -33
556044 -2383
43366 160199
873967 -1905
23423 -62
46854 -145
440044 -906
232730 -956
67148 -317
334885 -919
452771 -2230
482372 -749
589611 -1559
203259 -887
907141 -1250
13456 -32
552702 -1095
408108 717964
110704 -333
597542 -2786
815251 376040
690022 -2396
267180 672082
139724 -642
804590 -1962
983394 -1620
232503 -671
292151 -253
262006 -1232
706107 -1845
13263 -8
143415 -267
488036 513387
565066 -74
251082 -858
425585 -48
813652 -915
391900 -1093
380357 -451
585359 -2703
424777 -1944
676203 -1278
482205 -2352
522253 -2465
428932 -1771
766755 -3217
72711 -218
669478 -2855
986169 -2305
747400 -19
322038 -285
801333 -3819
186033 -872
660132 -1573
439480 -1326
