221 9
646073 546
846089
9911
531507
19798
657908
959266
740262
773946
775829
409743
992642
570332
395924
783217
559284
769000
661804
431030
683850
877058
386853
372668
13609
659525
128061
831074
714957
573301
293074
582234
403010
858101
839310
102575
575394
456652
208153
624654
178724
127852
311549
13000
438354
749953
614319
522374
552745
880250
19001
265720
941543
937627
141913
584721
179047
550462
531189
671842
99481
595894
924554
478798
329506
753598
861529
447154
613689
939612
497916
585485
17363
743563
234835
972367
877606
588267
771824
123674
115703
175891
518860
505658
674569
926002
803727
193443
453653
825147
118060
778222
617590
485282
289728
358369
744534
561944
449748
209590
771572
873545
363001
571234
557124
470960
633404
217937
26304
977316
43791
817915
591322
103695
403189
861377
887068
577810
59602
490809
168387
431547
367488
972225
494092
333284
238094
729935
246786
783341
645556
402489
105601
420744
848063
170321
929186
303634
18624
940780
126351
94962
654361
357039
400767
173579
680938
940523
799076
37289
559143
398254
945075
289668
348264
951492
116539
229072
138844
22979
107026
367184
859976
353157
158761
678770
506571
11427
4632
818213
593758
32491
946336
476662
451477
253577
896448
203879
807324
632741
74806
970674
431110
31107
685697
910451
496708
286797
110838
423344
538394
742785
171562
777848
343629
58850
861794
901337
347315
995750
791862
813554
317880
399108
291594
708426
820988
222509
862185
473810
518760
834082
255230
673967
804750
373710
523143
471401
45438
500244
692577
509552
107945
808281 -70313
500538 -12151
184844 -1359
846664 -27148
178163 -12814
330323 -29870
916304 -71528
913978 -19662
385626 -17502
94146 -7583
422647 -15224
813720 -32076
984759 983871
209337 -16435
171347 -12983
157631 -8694
96220 -7483
742750 554909
269530 -29167
108956 -9669
482956 -44047
145481 -8503
881544 -4122
268525 489390
331550 -22094
253042 -5338
711321 -17616
8097 -659
81196 -3966
655967 787170
992760 -89401
232979 -20919
517400 -5972
362735 -28236
472273 -24699
28872 -2497
967583 -61076
290025 392659
950359 -62867
379164 -13389
991859 -2263
40995 -856
393582 -19978
705101 -39362
414896 -14292
155363 -2619
7921 -797
405184 -36833
923735 -2098
265642 -26676
250607 -2515
266126 -4615
555831 -12055
574015 -41296
913616 307377
934474 -96798
521720 -39635
995880 -42861
212908 -8173
335061 -16353
795589 -16731
135566 -7235
571444 -52594
756927 -22714
685055 -54284
149246 -10179
42486 0
9435 -62
49795 -2331
170862 14272
820176 -20093
629213 -9533
187634 -10730
313570 -29255
585813 -43943
394630 -35434
411688 -25600
169398 -12032
186561 -19565
755946 -11220
545022 -58186
728442 -40999
919783 -8487
617861 -61480
68081 -942
841271 -82846
94942 -1368
995195 -26957
980833 -93298
718238 -3550
655655 -23930
113942 -9470
133911 -2085
38564 -218
666000 -40020
479120 -31601
13313 -1283
574457 -35868
698259 -30476
102219 -2211
153283 -7051
485292 984129
543609 -29916
693404 57562
239158 -22613
981955 -64840
526594 -12744
152814 -10870
663830 -21733
190667 -11964
34971 193786
231570 -9397
916524 -18364
584865 -55111
53411 -2941
432434 -5147
498532 -15672
346394 -8764
277002 -24648
171494 -8957
515983 -21407
707762 -11368
32150 -3109
248414 -6355
795920 -82396
532452 -55796
552393 -8891
413624 -2978
52964 -4833
221666 -8745
956829 -21289
727374 -2011
797473 -46542
65884 -2285
407578 804955
838213 -71060
44055 -3004
486227 -52869
379417 952107
470891 -31035
494905 -35427
296254 -29183
381782 903882
137708 -15127
185686 -6361
891228 -74895
479622 -4378
569770 -2202
5354 -324
457636 -30087
562945 -56726
185765 -123
74202 -6268
330735 -5147
500380 -44728
579920 -62324
252321 -13454
75730 -7023
13545 -773
5245 -222
734347 -6902
977169 -55951
171785 -4795
575929 -15605
228402 -23207
965761 -60836
255039 -1450
370914 -11536
843189 -87565
377230 -4768
132145 -6233
746958 912743
19212 -1551
76707 -2728
839611 129970
920807 -26452
481346 -11102
554935 -9373
510118 -52417
776048 -63289
459870 -28835
524896 -42476
744502 -7119
625947 -62519
534098 -25494
395712 -449
559955 -11092
383014 -19705
113260 -500
411109 -39771
296862 437645
849254 -12290
518539 751249
401389 -18562
912414 -71896
87099 -3216
42594 -106
784035 -38130
710640 -15439
438560 -44020
679447 -75259
606547 -62214
405575 -16000
852648 -39060
333882 -2050
454317 -24433
562906 -52769
690220 -50354
117802 -4757
943845 -79429
674496 -39116
287671 -17078
981718 -26372
149576 -8364
556538 -41890
903379 -75102
970473 -87841
17474 -767
902194 19381
667547 -23084
