76 40
209583 271
669228
166486
483638
672569
309212
753078
119370
790177
513617
411336
755923
926106
557530
285635
583965
485034
124897
656014
127795
352844
897227
297564
25930
693288
459953
681377
310034
568002
255351
704001
470776
549037
570322
235690
336131
73835
659425
449174
555473
727611
195015
868831
143730
109606
725820
98385
174396
408681
139946
536386
7932
268024
664297
318782
552027
812545
352018
18028
919572
749504
60597
220693
342797
81194
318182
463958
971344
692681
253734
540272
299491
397176
820350
503045
762952
43273
109856 -1893
821640 -10220
744763 -17237
645981 -12177
628800 -900
126382 -2702
416461 -738
409248 -7643
440094 -8298
440925 326083
249488 -4361
282633 -5404
816247 -898
92455 -2075
875220 -4009
376031 -9318
582999 -3166
213201 -3255
698638 -14849
512086 -10420
93950 -2256
919570 -844
183239 -1389
350530 -6798
236432 -4083
617457 -2209
134964 -2536
613499 -12168
472371 228432
407161 -451
581215 339815
991940 -21936
610994 -8769
351517 -7341
360990 -3490
655249 -14649
150626 -1583
606170 -6636
519196 -547
195364 -1487
988060 -10439
413338 -2716
647461 -6241
880975 -5200
383692 -264
452994 -4626
738625 -4310
437718 974589
236260 -4156
846922 -7180
663950 -59
642 -7
120147 -1331
380161 -2463
396599 -8118
424506 189588
691692 -10155
643406 -10731
328991 -735
360361 996777
70742 -386
495780 -11530
742973 -9877
969963 597103
263269 -5710
950689 -5986
595011 -1647
684317 -4419
258827 -5669
269751 -2225
403900 -5723
171287 -3477
433032 -2602
731890 -8274
33267 -268
