222 208
587177 885
505592
565517
495174
507084
635248
204987
432519
707897
932417
599693
763218
511390
980922
631103
555592
722277
573475
219126
9572
831732
758851
124502
30428
287127
644984
793424
61611
250958
885296
818510
591810
300202
350246
247909
666380
312285
388007
752895
39957
405817
21014
95758
27458
368692
194574
458716
903011
479424
863645
12449
178863
471974
668405
340703
904871
734158
204287
667230
608648
229430
149522
438980
261322
44379
696573
665204
565239
817950
184070
959802
750818
150059
472441
517202
642367
814320
191838
483733
266333
242828
288049
136040
903636
989939
141456
913278
997764
635191
250712
767011
239645
804503
224816
631681
267190
648190
661754
581410
546925
96289
952709
563116
147493
354786
537896
375265
650081
437232
893609
491344
150918
902625
997257
111993
837263
703414
614412
94689
72728
56557
334377
596998
469480
765521
209924
384165
198160
719893
513330
581440
51341
679933
49601
443843
987642
558779
269020
389241
492848
414764
354913
667809
331996
593661
401426
234984
482228
967048
504313
79527
306124
859640
713744
185537
618110
229048
726723
270044
596789
971621
345629
678090
83584
479764
568407
63145
32706
560756
494129
946775
854689
518988
657717
751730
476950
289036
733603
880173
730291
228147
590189
57753
435020
729071
730639
72187
961283
641653
827018
549482
58266
39821
107012
136520
967535
686808
574067
159235
655220
794942
577013
670285
932962
760440
823489
251723
749735
953196
750519
116108
972606
907238
501531
328806
986493
245397
443889
756821
13239
449363
734835
586332
256690 -853
335339 -613
314287 -692
638942 -1771
770752 -1572
416994 -1409
684533 -849
279376 -626
526335 -1267
294459 205069
820887 -3290
288496 -698
743964 -2992
291188 -226
807312 -612
287695 -849
273755 -456
678323 -2466
449203 -1048
619450 -1407
652829 -1349
672345 -289
858585 -2528
480984 -2088
88123 -353
946595 -2557
970962 -4005
304239 -130
188719 -593
967217 -3713
398418 -181
50676 -41
698888 -16
280303 -747
568088 -1893
811189 -3558
795809 -2186
743680 -737
384628 -131
218356 725604
485460 -1527
660044 -1692
447600 579506
575157 157561
548395 -669
251770 -575
667126 -1686
337153 -1298
819743 -294
955857 -1165
582694 -911
316386 -69
170723 -172
899944 -4189
394485 -46
781139 -2081
973650 -3744
921501 -1146
265060 -574
653019 -2644
437073 -1041
494442 -628
555628 -53
896048 -2351
506821 -1618
197876 -378
367109 -1042
516157 -2187
750217 -1418
830613 -2587
470610 -1586
657686 -1016
79974 -217
651924 -1990
452345 -1852
128513 -222
735700 -618
395809 968975
910497 -979
465299 -1050
654512 -268
519470 -2205
52259 -90
527287 -643
815671 -1433
88536 -182
60516 -218
676003 -1294
751560 511111
319278 -891
988487 -2320
986444 -4245
336603 -301
58838 -148
494579 -658
72224 -286
809957 -1956
883457 -3179
427989 -307
167594 -2
35486 -15
256732 -955
52232 -93
572251 -190
194909 -26
444044 -1716
841167 392643
669211 549702
763569 -2234
550982 -1970
111281 -462
773544 -2423
721819 -767
889229 -3927
997579 -2470
512955 -759
766343 -1674
141888 -571
606786 -1003
870609 -3834
432898 -1135
82249 582809
67679 -7
124624 -205
451226 -1474
779424 -1149
309101 269370
289902 -1288
651829 -3047
213109 -231
882517 -1085
234970 -399
712024 -3205
864798 -1987
399278 -682
466198 -77
309257 -1447
329142 -909
278600 -937
746886 -822
813859 -3626
935798 -2909
887726 -2816
327217 -229
863620 -1175
759437 -905
216523 -900
125059 -481
83015 -394
631903 434436
926604 -3825
275678 -139
344021 -191
221455 -175
954263 -2994
312512 -1368
988547 -2263
38003 -171
880217 -1531
733902 -2179
628756 -2998
380123 -1563
278640 -891
976479 -4471
140049 -298
10499 769597
717128 -1555
130571 -110
864436 -1574
457975 -732
317016 -1521
571774 -1737
188675 -309
197106 -43
724800 -3009
565376 -2504
77060 692081
193314 391013
277026 812211
768091 -2867
183436 -658
68185 -317
340972 -836
55452 -247
162233 -442
434727 -927
581940 -2590
534449 -1083
203587 -247
160770 -338
696424 -529
890581 -2998
385830 -1382
235996 -317
333175 -16
281148 -990
637839 -377
351554 -1372
66024 -38
646315 995358
222851 -736
378945 -861
480849 -1296
782700 309037
829618 -3004
492629 938144
838113 -592
951616 -2964
815776 -531
939616 -3756
122717 -315
306458 -999
791584 -17
295239 -570
579654 -2729
867776 -1769
737795 -2125
723493 600922
422166 -236
973738 -205
450185 -21
