126 222
46624 568
472648
5103
746121
216155
89360
522276
901843
852297
320746
561807
159867
278164
33053
393790
923107
149281
384407
268647
128760
574601
139003
693362
695868
813532
946606
10209
529872
549079
286081
76371
265699
590968
149145
113157
397170
731211
682292
685131
394299
489330
309177
167346
936094
377457
476138
635614
353674
859728
183871
611438
122615
325552
314316
504922
304236
139415
609897
216032
16843
480
56282
710830
228586
979770
275074
112452
551941
368010
737925
499872
451118
228049
953370
666425
70590
136546
397324
320504
485606
728410
625099
660935
831929
66776
42927
310498
359505
832004
338035
68172
505000
607238
550478
783975
290011
106547
325893
43987
108759
494290
653012
701030
550173
662786
933098
30768
988169
400568
822224
990916
562103
135633
57682
228789
388161
349507
831326
940183
89650
404761
276986
254835
40084
533930
724222
250161
502679 -1514
443725 -879
778236 -113
906228 -3293
340245 852271
895267 -1753
472418 -214
605617 -559
409984 -1569
365662 -1270
347437 -788
243693 -917
422861 -195
283661 -1163
544724 -734
335652 -1391
386473 240883
625184 -1205
255191 -28
475525 -1976
211251 -242
78579 -350
883278 -1980
280498 -1126
927936 155626
20842 677409
653399 -2017
894294 -743
496943 -1005
897205 -3313
669895 -2752
257169 227745
853001 -2966
842287 -1889
746768 -257
325658 -28
472668 -308
189557 -97
635210 -106
789307 -3295
380168 -144
421133 903489
523914 -475
987804 -511
591903 -677
389573 -1453
426043 -518
718977 -1761
594099 -817
734157 -1769
732508 -732
311768 440967
673317 -2105
377768 -779
104400 -260
379320 132955
80072 -107
799287 -143
404365 -1547
8621 -24
412274 -1400
528350 -2306
753366 -2532
555990 -1048
620073 -1105
568781 983630
152819 -116
962708 -1206
274918 232937
92115 465226
301975 -1026
249450 -849
280641 -649
914686 -869
612538 -2385
87729 -156
622950 164134
983068 -2352
529448 -1782
950780 -1748
382105 -1696
514887 -698
741745 -3158
67374 44102
62168 -91
541131 -411
911309 -2637
323953 379117
390559 -880
795427 -664
169994 -253
261287 -348
848725 -2338
293274 -38
651188 -721
116558 -141
379776 -1215
420686 -1012
19827 445852
750496 -876
726453 -3092
963119 -2135
885109 -3116
361776 -702
811956 -862
496689 -1319
173800 -466
838021 -2524
411866 -51
870446 -3654
399958 118105
556885 -1025
239375 -130
197154 523925
626362 369705
248155 -932
665776 -1071
13117 -26
453708 -1809
402347 -1350
693713 -2458
317421 -814
682186 888142
642209 -173
911111 -2268
