199 183
345347 247
321473
771217
924139
493391
539822
734479
603523
114861
29719
361369
152527
937127
742640
731300
190768
514522
609438
512814
923698
83206
114997
303669
613468
234067
63560
1165
571179
627751
227025
745814
56084
384174
354840
448662
953953
463804
387673
147927
647729
921259
105006
437063
63054
507955
264198
375547
389546
617167
386931
672876
465690
82334
464002
722831
871903
766124
336444
339007
390960
373610
845289
558870
798161
663897
593457
973863
24477
286038
344580
35540
181592
316697
516110
304677
542061
363681
998995
326892
826638
164777
767000
63270
126445
681405
785594
488614
278679
699514
80361
319554
530748
267247
592843
667397
410576
993900
700282
983383
989523
155415
468885
774568
226491
764464
447406
851056
471074
553445
646674
191246
531381
895871
512946
141006
342468
549058
938941
218592
35080
449982
135749
18202
839470
788277
583557
622552
873221
907330
52851
64490
629431
461096
893463
36164
667659
802267
661348
759133
873234
136493
504759
567359
454208
139382
54311
584677
440406
224717
967346
520456
331063
914205
571329
153558
258929
829939
634392
813542
118419
816360
468024
302973
911799
142424
165207
717
46233
859099
622378
944868
807731
476357
320636
710529
159158
350425
261699
369309
565418
839560
293341
62393
393671
925254
235045
502626
732275
570631
425155
965919
539323
343678
888616
604204
554201
343998
257215
27522
448702
620572 -2468
477945 571008
773895 -3452
9550 -45
759084 -3453
32494 172638
878969 -3150
941309 419577
246054 -12
216164 -1073
43897 447104
789390 -4088
697700 -546
187485 -346
816465 -2354
559618 -629
585184 -250
215313 -46
780047 -315
304145 -1516
480252 866503
46670 -111
876911 -1425
949042 -3747
976600 -484
134177 -141
375808 504637
526074 -2847
840199 -3099
82602 -406
838124 -2491
861390 -442
433346 -2271
173552 -387
515824 -1106
597339 -706
876209 -4154
804435 -2304
722288 -3586
264963 301586
618490 -1749
400306 -1268
315819 -1228
646645 -906
240427 42128
891056 -3058
397443 25290
966345 134279
334081 -1710
737339 -1369
5627 -29
504388 404365
647905 -604
160704 -509
557209 -833
483 -2
42395 -105
765259 -803
509584 -1248
985596 -1224
583324 -2201
989669 -4463
994801 -5187
171640 -346
821687 -2847
849914 -390
559638 -875
713451 290550
180461 -830
949243 -4828
127380 -216
632726 -3093
982940 769926
244149 -250
216307 -487
197953 -326
485601 -185
120508 907187
672660 -1152
369742 -1700
569974 -1867
378345 -525
828751 -3737
805900 -4369
428484 117157
621378 -2135
885791 -2045
376110 -1069
967329 -925
554632 -1983
334427 -159
683039 746771
167720 -70
188247 -17
295220 -959
130667 -127
141919 -386
496990 -2042
324930 -1585
648610 -3161
122892 -474
969487 406414
68507 -295
967675 -4902
374387 -1830
760250 -963
193989 -103
734831 -3695
97822 -6
101630 -540
78502 837615
634532 518706
932707 73002
678236 -3429
633610 -2445
95580 -511
595309 -154
604436 -2239
629800 967806
255813 -916
407612 -309
202403 -609
243776 -904
191297 -603
144977 -530
921624 -1409
691919 -482
109448 -115
940515 -4184
319536 -979
465241 -1338
488076 -78
317638 -1404
601512 -739
419789 -213
592834 -2337
273680 -511
590189 -2990
247817 -818
758213 -1348
665086 -2568
160997 -539
60231 -217
652445 -871
636438 -1456
479001 -1799
233221 -64
90615 -260
384228 -1387
313038 -589
903892 -1190
9882 -15
266052 -474
968446 -38
648676 -3049
235119 -231
894898 -505
497050 -252
251048 -642
800763 -2011
803066 945065
145933 -746
544405 -2097
252792 -759
758473 -1908
72037 -301
60612 -126
119515 -409
879887 -2102
320960 -1467
662680 -930
642879 -812
650193 -2796
986767 -1812
459610 -832
985096 -2836
655784 -565
497291 -2258
945924 -2186
741212 -2715
621492 -1437
156763 -747
553861 -242
70375 -276
642259 -1102
533477 -600
95918 -420
59858 -173
907996 -1748
381056 -1752
448308 -1080
152098 -716
38989 -139
341474 -1348
654549 -446
508011 -1773
795885 -475
992134 -936
