250 250
662417 3
1000000
700996
991844
840834
982158
1000000
980242
887082
757020
1000000
1000000
928299
1000000
831944
1000000
1000000
899024
771949
901247
786131
803591
927654
1000000
927445
725068
745500
802331
751698
946130
690922
979810
972544
866469
1000000
839837
895546
987832
694655
716702
904525
934127
1000000
758871
747810
1000000
810437
956286
692936
1000000
1000000
1000000
870733
1000000
662765
862817
778012
1000000
1000000
1000000
923525
1000000
717729
1000000
1000000
699643
1000000
1000000
1000000
1000000
999249
1000000
1000000
958645
1000000
898865
824196
819943
952304
771517
970505
1000000
1000000
956709
720060
1000000
880954
863406
665132
1000000
663664
694421
1000000
893449
745934
1000000
663848
789153
971491
1000000
977534
724606
724279
880629
674365
1000000
839377
1000000
865570
1000000
875195
1000000
757239
722458
890065
966543
699557
744312
772205
793301
681468
786782
741461
931155
1000000
674960
1000000
759889
852536
1000000
865424
909897
873488
672754
1000000
1000000
1000000
935354
890216
771112
823188
1000000
972486
904946
667655
681127
1000000
1000000
806967
909286
943149
936299
839053
798376
953485
886041
1000000
766685
786604
1000000
1000000
896620
767093
893905
1000000
1000000
1000000
996772
977185
856448
747615
1000000
843705
893339
898359
1000000
799709
959297
945913
1000000
919748
736574
825294
1000000
1000000
949625
695261
888634
910087
1000000
1000000
673480
907521
941285
888645
760694
1000000
948865
923562
744389
1000000
867776
693281
1000000
1000000
772763
914819
912582
983930
1000000
715476
966707
722664
1000000
738358
791538
1000000
794311
980434
1000000
994883
903618
967081
744588
750718
1000000
795917
975983
664677
721906
1000000
728404
1000000
737004
974716
1000000
724746
727359
912305
937055
1000000
790705
1000000
1000000
713479
675061
1000000
1000000
861192
808312
905051
999914 1
999346 2
999538 2
999176 4
999649 8
999800 7
999714 6
999589 2
999559 1
999114 5
999553 10
999163 6
999095 1
999234 2
999966 7
999216 8
999743 9
999573 9
999416 3
999953 4
999589 1
999499 1
999069 7
999602 8
999123 7
999679 7
999340 1
999422 1
999219 2
999424 1
999808 6
999143 2
999371 10
999750 1
999384 5
999695 9
999147 9
999917 7
999424 9
999955 1
999669 4
999424 6
999122 6
999664 8
999044 9
999344 10
999348 5
999940 7
999412 10
999430 5
999386 2
999582 2
999456 2
999207 2
999494 3
999948 4
999353 10
999759 5
999201 3
999834 7
999605 10
999234 10
999029 6
999833 4
999723 5
999996 9
999775 6
999512 7
999948 7
999450 8
999001 5
999094 6
999950 1
999923 5
999241 8
999566 6
999521 2
999249 8
999402 2
999652 8
999197 3
999146 4
999079 6
999371 9
999443 7
999966 2
999716 4
999423 3
999108 6
999281 8
999804 8
999310 9
999872 3
999176 5
999379 1
999280 8
999033 6
999063 3
999881 2
999156 2
999888 4
999528 5
999157 1
999387 5
999053 7
999029 7
999788 1
999568 5
999584 6
999493 10
999386 9
999771 8
999501 4
999689 5
999801 2
999849 1
999975 1
999358 3
999286 8
999420 1
999851 10
999892 6
999730 2
999353 3
999119 8
852010 -3408
999016 5
999492 4
999064 10
999328 3
999446 8
999446 1
999072 1
999597 2
999529 4
999037 9
999971 2
999349 6
999328 4
999595 8
999472 7
999173 5
999982 8
999876 9
999295 2
999963 4
999512 10
999029 5
999033 6
999505 5
999851 3
999371 3
999879 8
999561 3
999658 8
999760 7
999137 3
999372 4
999845 7
999755 10
999856 1
999411 2
999158 6
999912 6
999747 9
999634 10
999024 5
999860 6
999494 4
999255 8
999415 10
999122 4
999602 3
999347 6
999788 5
999136 7
999537 6
999033 4
999274 7
999272 7
999577 3
999549 7
999193 8
999518 2
999838 9
999716 6
999534 2
999765 9
999696 2
999424 9
999292 10
999017 5
999014 5
999961 7
999706 4
999896 9
999183 2
999717 5
999679 10
999661 10
999037 8
999851 8
999609 3
999463 7
999394 5
999197 2
999467 3
999009 8
999649 5
999309 3
999143 1
999840 9
999242 1
999092 7
999342 3
999858 10
999653 2
999148 2
999340 9
999208 9
999623 8
999300 6
999535 4
999705 2
999013 5
999926 8
999109 2
999217 2
999149 10
999024 6
999250 4
999511 10
999712 1
999555 8
999577 10
999756 10
999750 6
999996 4
999030 4
999790 1
999555 10
999234 1
999490 7
999589 2
999420 9
999988 7
999874 10
999613 1
999227 2
