250 250
745880 6
747365
886167
1000000
1000000
1000000
781739
1000000
1000000
1000000
787620
1000000
1000000
967576
1000000
1000000
1000000
1000000
1000000
1000000
1000000
1000000
1000000
1000000
1000000
1000000
808421
830587
1000000
783586
1000000
757106
818066
901006
1000000
941362
1000000
1000000
915120
781946
960143
1000000
954988
881184
1000000
825334
833372
908673
1000000
1000000
1000000
845956
785901
1000000
787850
1000000
1000000
1000000
863151
1000000
1000000
1000000
1000000
937850
910568
1000000
1000000
1000000
816506
928667
1000000
1000000
1000000
1000000
798445
1000000
816290
1000000
979122
1000000
1000000
1000000
870965
761908
1000000
1000000
1000000
995371
1000000
872178
968120
1000000
785236
1000000
913744
1000000
807159
879056
978099
961347
1000000
747715
765880
819748
976438
875062
1000000
1000000
810277
1000000
836333
833435
957652
1000000
969918
1000000
1000000
885667
811642
771560
1000000
939848
1000000
1000000
818425
930674
892485
1000000
835487
1000000
1000000
1000000
1000000
963176
1000000
748925
918696
880274
1000000
1000000
844147
1000000
1000000
1000000
984155
977872
1000000
850000
1000000
767145
1000000
951937
1000000
1000000
1000000
1000000
1000000
874147
1000000
1000000
983146
773563
919856
1000000
868672
1000000
778610
980288
998922
848496
1000000
859330
1000000
759560
873810
821433
1000000
907017
811937
899803
1000000
973078
1000000
1000000
1000000
1000000
983035
967555
782692
1000000
941525
1000000
801144
811061
1000000
1000000
1000000
983688
880523
1000000
1000000
1000000
989855
759207
876385
918475
1000000
1000000
1000000
1000000
1000000
1000000
956157
1000000
841313
1000000
786140
1000000
837618
1000000
817145
1000000
876805
901048
1000000
1000000
1000000
1000000
753271
954226
888472
944557
1000000
794033
885021
762980
1000000
1000000
1000000
864684
1000000
1000000
1000000
983368
1000000
992140
972104
1000000
928640
893714
836145
999164 1
999441 6
999651 7
999291 3
999805 2
999444 8
999775 5
999377 8
999947 10
999937 7
999415 9
999845 4
999845 6
999814 9
999211 1
999177 4
999480 7
999664 2
999434 10
999049 5
999166 3
999456 3
999986 2
999696 3
999664 2
999191 7
999154 9
999414 7
999096 5
999470 4
999520 7
999032 6
999406 5
999831 3
999437 7
999518 9
999145 4
999334 2
999936 3
999372 5
999868 8
999594 5
999189 9
999878 3
999250 10
999353 9
999939 6
999010 1
999236 10
999952 9
999872 1
999078 10
999514 8
999905 8
999188 1
999317 6
999047 3
999141 9
999620 5
999752 4
999524 6
999037 5
999125 9
999232 6
999962 3
999663 9
999466 5
999819 7
999880 9
999547 3
999966 3
999877 4
999689 1
999192 5
999378 5
999644 8
999174 8
999046 3
999157 10
999781 5
999021 8
999317 6
999141 1
999280 7
999944 1
999255 4
999444 6
999455 2
999785 4
999507 2
999982 1
999500 5
999191 10
999965 6
999517 3
999533 4
999099 5
999354 10
999434 8
999574 10
999721 7
999510 6
999936 5
999444 5
999131 7
999095 2
999750 3
999221 4
999859 8
999790 5
999852 9
999143 9
999898 3
999445 10
999099 9
999976 9
999236 6
999114 9
999807 5
999728 3
999201 5
999863 1
999047 3
999348 1
999329 5
997760 -3991
999251 7
999809 5
999991 8
999378 3
999612 8
999022 2
999478 7
999499 1
999384 5
999835 5
999896 1
999970 7
999119 10
999337 4
999008 8
999382 10
999413 10
999786 7
999253 3
999129 6
999416 7
999153 5
999790 3
999640 1
999794 1
999437 3
999653 4
999034 3
999677 8
999072 3
999198 7
999197 4
999031 1
999113 5
999996 4
999738 3
999235 9
999728 6
999096 3
999620 6
999831 4
999971 1
999233 7
999019 1
999013 10
999600 1
999137 9
999011 5
999321 3
999932 5
999613 8
999246 8
999266 3
999410 4
999024 1
999042 10
999086 8
999794 9
999535 3
999904 4
999672 6
999745 1
999025 10
999341 7
999894 9
999051 7
999357 6
999107 7
999371 3
999165 2
999372 3
999761 2
999661 8
999680 3
999505 3
999251 1
999289 9
999853 2
999909 6
999327 7
999031 7
999538 9
999616 10
999877 3
999964 6
999019 7
999848 6
999023 6
999121 1
999241 2
999927 4
999870 4
999986 7
999900 7
999925 5
999906 4
999867 2
999774 6
999376 7
999711 1
999442 9
999769 5
999201 8
999253 1
999764 9
999871 2
999165 2
999474 10
999300 5
999840 10
999445 5
999650 3
999992 10
999559 9
999502 1
999068 8
999507 4
999377 1
999571 10
999714 2
999912 3
999231 8
999562 7
