250 250
690971 1
1000000
1000000
861603
717050
751383
1000000
940570
1000000
1000000
779595
714118
1000000
734632
874721
1000000
773007
1000000
1000000
905015
855267
712988
1000000
714401
710400
703877
874438
1000000
893214
1000000
880860
986251
1000000
1000000
717861
843973
1000000
936421
895405
694498
811565
914960
968727
888940
1000000
792964
1000000
781538
1000000
948596
1000000
710391
1000000
764833
812883
1000000
1000000
769083
1000000
1000000
904120
815129
947937
860942
1000000
1000000
1000000
750130
762702
1000000
1000000
1000000
867797
790356
1000000
1000000
739913
920308
830316
1000000
986484
1000000
1000000
829701
816093
1000000
1000000
811088
1000000
994181
1000000
861354
991824
846940
1000000
853237
1000000
969497
827981
904910
870375
792479
1000000
698385
809761
756572
1000000
1000000
943512
1000000
1000000
1000000
965727
794219
1000000
729024
1000000
812875
1000000
891198
1000000
831764
1000000
1000000
1000000
1000000
802499
725514
1000000
801280
1000000
802533
1000000
969161
714033
1000000
700248
896413
1000000
832484
881478
1000000
1000000
1000000
934755
899693
741004
948782
760187
750963
764539
871420
826212
1000000
888799
693267
815441
1000000
779267
1000000
982787
989175
1000000
813604
1000000
727866
971240
965994
808584
826889
1000000
896162
1000000
955381
1000000
1000000
946947
767174
991573
1000000
811837
1000000
760742
917121
1000000
785586
842580
744155
1000000
879021
1000000
943551
702275
1000000
1000000
818102
910648
979822
1000000
875057
773811
1000000
962160
1000000
1000000
1000000
862773
1000000
739603
880827
895416
1000000
1000000
866414
1000000
1000000
940031
714250
861554
1000000
860171
799674
1000000
988005
1000000
991305
1000000
792301
1000000
1000000
751561
804480
1000000
1000000
1000000
815021
982166
1000000
928997
1000000
1000000
1000000
971416
925620
1000000
737536
1000000
911015
1000000
1000000
1000000
999605 3
999103 3
999278 7
999913 9
999211 5
999664 4
999948 5
999681 5
999905 10
999783 4
999675 8
999660 2
999367 1
999038 8
999296 7
999259 3
999728 10
999602 9
999399 1
999397 8
999719 2
999294 1
999889 6
999418 5
999087 1
999204 6
999607 7
999028 7
999332 2
999188 5
999947 4
999281 9
999195 3
999900 9
999102 1
999350 8
999688 3
999970 3
999388 10
999779 6
999722 2
999964 2
999953 4
999497 6
999077 10
999329 3
999956 4
999989 5
999606 2
999921 2
999488 3
999641 6
999101 10
999773 7
999587 7
999067 1
999021 4
999235 7
999919 4
999734 1
999591 1
999070 7
999881 5
999835 1
999881 10
999078 3
999789 10
999997 8
999588 6
999808 6
999631 4
999901 4
999731 7
999456 1
999542 9
999182 2
999907 7
999961 3
999742 7
999586 10
999076 9
999533 6
999664 8
999826 6
999149 4
999771 1
999412 7
999766 10
999157 4
999542 7
999016 9
999844 2
999417 2
999641 1
999556 5
999888 4
999673 9
999288 7
999043 6
999272 1
999143 2
999316 2
999455 3
999320 1
999078 8
999477 8
999487 6
999582 5
999088 10
999677 10
999973 4
999409 7
999523 3
999179 10
999323 7
999594 10
999056 4
999519 9
999540 7
999696 2
999198 8
999263 8
999777 5
999982 1
999985 6
925510 -3702
999557 8
999127 1
999494 2
999726 3
999400 2
999631 5
999085 1
999569 10
999792 1
999185 8
999111 8
999391 7
999440 6
999865 5
999438 3
999429 1
999827 2
999254 6
999555 2
999398 10
999141 10
999002 7
999983 6
999197 7
999827 1
999287 9
999064 4
999487 2
999782 7
999773 2
999014 10
999721 2
999873 9
999559 10
999579 4
999124 10
999158 3
999774 4
999868 3
999148 6
999475 5
999051 6
999416 5
999005 9
999948 6
999519 6
999506 8
999935 2
999902 10
999253 1
999938 6
999064 2
999776 6
999444 8
999777 10
999355 9
999267 7
999458 3
999037 5
999297 4
999022 1
999217 8
999546 1
999733 2
999379 8
999522 7
999664 8
999879 5
999413 4
1000000 8
999785 9
999019 10
999543 3
999192 4
999953 4
999772 9
999411 3
999672 3
999252 5
999577 7
999206 9
999930 6
1000000 2
999539 8
999992 8
999184 5
999550 8
999348 10
999132 2
999950 5
999358 2
999647 5
999922 1
999789 6
999371 10
999331 6
999128 3
999987 8
999009 4
999901 10
999868 7
999503 8
999996 1
999335 2
999186 1
999223 9
999509 9
999640 2
999537 7
999606 4
999892 1
999621 4
999673 7
999943 2
999016 3
999905 8
999334 2
999328 7
999844 6
999858 5
999680 1
999985 7
999175 9
