250 250
996321 10
1000000
1000000
1000000
1000000
1000000
1000000
1000000
1000000
1000000
1000000
1000000
1000000
1000000
1000000
1000000
1000000
1000000
1000000
1000000
1000000
1000000
1000000
1000000
1000000
1000000
1000000
1000000
1000000
1000000
1000000
1000000
1000000
1000000
1000000
1000000
1000000
1000000
1000000
1000000
1000000
1000000
1000000
1000000
1000000
1000000
1000000
1000000
1000000
1000000
1000000
1000000
1000000
1000000
1000000
1000000
1000000
1000000
1000000
1000000
1000000
1000000
1000000
1000000
1000000
1000000
1000000
1000000
1000000
1000000
1000000
1000000
1000000
1000000
1000000
1000000
1000000
1000000
1000000
1000000
1000000
1000000
1000000
1000000
1000000
1000000
1000000
1000000
1000000
1000000
1000000
1000000
1000000
1000000
1000000
1000000
1000000
1000000
1000000
1000000
1000000
1000000
1000000
1000000
1000000
1000000
1000000
1000000
1000000
1000000
1000000
1000000
1000000
1000000
1000000
1000000
1000000
1000000
1000000
1000000
1000000
1000000
1000000
1000000
1000000
1000000
1000000
1000000
1000000
1000000
1000000
1000000
1000000
1000000
1000000
1000000
1000000
1000000
1000000
1000000
1000000
1000000
1000000
1000000
1000000
1000000
1000000
1000000
1000000
1000000
1000000
1000000
1000000
1000000
1000000
1000000
1000000
1000000
1000000
1000000
1000000
1000000
1000000
1000000
1000000
1000000
1000000
1000000
1000000
1000000
1000000
1000000
1000000
1000000
1000000
1000000
1000000
1000000
1000000
999404
1000000
1000000
1000000
1000000
1000000
1000000
1000000
1000000
1000000
1000000
1000000
1000000
1000000
1000000
1000000
1000000
1000000
1000000
1000000
1000000
1000000
1000000
1000000
1000000
1000000
1000000
1000000
1000000
1000000
1000000
1000000
1000000
1000000
1000000
1000000
1000000
1000000
1000000
1000000
1000000
1000000
1000000
1000000
1000000
1000000
1000000
1000000
1000000
1000000
1000000
1000000
1000000
1000000
1000000
1000000
1000000
1000000
1000000
1000000
1000000
1000000
1000000
1000000
1000000
1000000
1000000
1000000
1000000
1000000
1000000
1000000
999789 6
999127 1
999377 2
999612 9
999947 7
999221 9
999552 3
999727 9
999291 5
999775 10
999852 8
999694 5
999546 1
999798 9
999352 10
999274 9
999204 10
999245 7
999088 8
999467 7
999549 8
999820 6
999875 5
999432 5
999908 10
999481 2
999443 3
999478 6
999396 9
999689 3
999013 1
999643 4
999616 10
999096 5
999776 3
999964 2
999168 2
999802 4
999207 10
999767 1
999535 7
999207 9
999887 2
999375 10
999490 7
999410 10
999829 1
999899 3
999191 6
999642 6
999033 6
999007 1
999926 8
999854 3
999794 7
999121 1
999020 6
999926 1
999103 1
999411 4
999245 3
999274 8
999360 7
999644 1
999484 5
999629 6
999337 8
999066 4
999791 3
999136 10
999284 6
999478 1
999817 8
999546 2
999677 5
999028 1
999191 6
999688 1
999731 8
999895 6
999055 1
999894 9
999651 10
999203 2
999335 4
999897 10
999900 1
999659 7
999078 10
999189 6
999548 2
999991 1
999092 9
1000000 1
999702 6
999559 1
999935 2
999195 1
999790 9
999386 3
999016 4
999561 7
999571 3
999877 10
999692 6
999081 2
999501 5
999768 1
999659 9
999481 4
999082 10
999370 8
999049 3
999792 9
999397 9
999017 4
999555 2
999306 10
999447 9
999639 2
999173 10
999282 7
999329 6
999555 7
999219 2
878760 -3515
999133 1
999870 9
999985 8
999136 7
999052 10
999475 9
999770 10
999581 8
999345 6
999129 10
999395 2
999332 7
999407 2
999634 10
999988 6
999723 3
999420 6
999314 5
999758 3
999721 4
999246 4
999602 7
999475 9
999305 3
999955 3
999884 7
999558 10
999648 6
999582 3
999941 3
999025 10
999092 4
999240 7
999864 2
999696 1
999812 5
999693 1
999220 3
999545 6
999876 4
999142 4
999804 1
999623 3
999580 9
999633 6
999493 10
999166 8
999744 5
999482 6
999210 4
999887 7
999922 9
999559 4
999992 3
999342 8
999598 4
999914 6
999708 5
999197 5
999549 3
999577 8
999463 9
999615 3
999168 2
999514 2
999076 3
999868 8
999002 1
999255 2
999903 10
999589 2
999691 6
999707 8
999600 1
999876 2
999931 3
999470 8
999635 3
999632 5
999296 8
999169 5
999263 8
999209 3
999665 6
999220 8
999324 9
999308 7
999892 2
999529 1
999031 7
999273 2
999781 8
999953 1
999576 1
999394 10
999406 2
999940 2
999121 2
999307 9
999623 7
999952 8
999581 7
999309 3
999789 5
999940 1
999662 5
999239 3
999735 5
999283 10
999374 4
999311 1
999612 9
999468 4
999175 6
999095 3
999978 7
999402 7
999106 5
999658 3
999378 4
999426 7
999164 8
999969 5
