250 250
782793 4
1000000
839227
1000000
1000000
1000000
828795
1000000
1000000
1000000
1000000
892088
1000000
1000000
1000000
1000000
947725
828051
935472
941010
994235
1000000
981793
1000000
826234
957169
1000000
840951
1000000
898264
1000000
999669
999202
1000000
1000000
900923
1000000
1000000
951843
1000000
1000000
1000000
1000000
973315
836032
813225
1000000
1000000
1000000
877138
1000000
1000000
803883
822375
1000000
1000000
1000000
1000000
1000000
1000000
1000000
1000000
806672
1000000
1000000
1000000
945859
831285
831344
1000000
1000000
1000000
988418
947191
1000000
1000000
1000000
968634
954194
881678
1000000
1000000
877258
1000000
997164
1000000
976613
1000000
1000000
1000000
1000000
889798
1000000
1000000
862626
1000000
1000000
1000000
1000000
1000000
1000000
1000000
1000000
1000000
863629
1000000
1000000
1000000
1000000
977057
1000000
956424
1000000
963059
1000000
828842
997432
1000000
1000000
1000000
1000000
1000000
1000000
1000000
1000000
1000000
1000000
1000000
886295
951618
818113
942839
1000000
1000000
855467
1000000
939113
1000000
1000000
975277
1000000
943865
1000000
798534
940879
793423
848168
1000000
1000000
1000000
852909
1000000
978847
1000000
1000000
899700
852610
1000000
1000000
817711
1000000
881727
850496
854244
1000000
1000000
1000000
817174
944045
1000000
967931
924817
903569
875844
783150
789462
851368
1000000
848591
842615
987713
1000000
1000000
878009
1000000
1000000
1000000
1000000
783857
1000000
913905
894753
1000000
844020
815899
1000000
875979
1000000
1000000
1000000
877252
1000000
918500
1000000
1000000
827316
918499
1000000
1000000
1000000
814630
1000000
1000000
1000000
924558
904168
1000000
1000000
823333
1000000
1000000
961646
1000000
1000000
826320
843756
830242
1000000
1000000
1000000
1000000
1000000
903843
817939
1000000
889307
1000000
1000000
911250
941406
1000000
1000000
1000000
1000000
1000000
971723
1000000
788162
1000000
1000000
990860
999243 6
999333 7
999336 4
999672 3
999733 6
999178 10
999288 10
999693 7
999695 1
999294 4
999452 4
999141 5
999766 1
999506 3
999389 2
999690 6
999687 6
999415 7
999187 10
999302 4
999545 6
999464 3
999264 2
999608 3
999066 2
999635 7
999196 7
999009 2
999582 7
999527 4
999187 10
999258 8
999186 3
999945 2
999638 9
999899 1
999295 5
999272 6
999969 8
999273 3
999164 4
999756 8
999675 6
999332 5
999796 5
999318 5
999895 6
999191 4
999089 7
999159 2
999824 4
999635 9
999858 8
999519 2
999115 3
999765 5
999222 1
999337 10
999075 1
999255 9
999127 4
999993 2
999481 8
999554 9
999417 6
999320 6
999390 8
999982 3
999152 9
999365 10
999972 5
999817 2
999497 1
999580 9
999135 4
999922 2
999012 7
999429 1
999721 8
999794 9
999824 3
999512 7
999313 2
999099 2
999428 9
999897 9
999613 4
999216 5
999656 4
999575 4
999690 1
999167 10
999460 9
999343 2
999317 2
999060 4
999183 8
999225 2
999245 2
999732 1
999950 6
999854 6
999483 7
999765 9
999598 5
999128 10
999924 3
999610 8
999923 4
999048 9
999119 2
999013 7
999914 8
999989 6
999051 5
999005 5
999875 9
999807 10
999949 8
999317 5
999039 3
999774 9
999127 5
999241 9
999315 10
926510 -3706
999966 1
999228 1
999392 4
999648 7
999137 6
999768 10
999653 6
999388 5
999344 9
999707 6
999667 2
999792 4
999208 8
999934 6
999795 6
999312 8
999580 2
999665 7
999784 6
999038 10
999049 1
999400 8
999222 8
999102 7
999275 10
999200 4
999420 8
999856 1
999430 8
999290 6
999372 6
999258 6
999898 10
999006 8
999687 5
999335 5
999463 4
999720 4
999901 7
999779 5
999970 5
999021 2
999281 4
999254 3
999580 5
999079 4
999602 8
999939 8
999980 1
999525 10
999806 9
999253 7
999071 6
999346 3
999911 2
999560 1
999003 4
999553 8
999146 2
999317 3
999892 8
999699 2
999729 9
999871 6
999917 1
999306 5
999150 5
999822 8
999697 7
999674 2
999606 1
999594 1
999141 7
999970 9
999204 7
999943 6
999179 1
999405 8
999843 6
999316 2
999211 1
999600 4
999037 7
999147 1
999610 5
999511 8
999700 9
999759 9
999613 7
999147 5
999314 6
999956 4
999963 5
999441 5
999309 10
999830 2
999238 2
999743 4
999944 2
999345 1
999393 7
999012 6
999785 9
999802 3
999419 9
999463 2
999947 10
999351 7
999453 7
999611 1
999587 7
999969 9
999784 4
999861 4
999601 7
999454 6
999923 9
999461 8
999500 6
999121 6
999624 5
999141 4
999854 3
