250 250
999983 529
999926
999907
999947
999983
999971
999951
999951
999968
999971
999934
999952
999994
999916
999987
999998
999979
999920
999920
999980
999915
999923
999993
999986
999918
999923
999997
999987
999903
999937
999998
999999
999939
999962
999907
999908
999941
999988
999944
999977
999933
1000000
999970
999911
999918
999929
999962
999996
999906
999951
999913
999983
999992
999905
999968
999923
999949
999915
999994
999989
999969
999990
999909
999949
999903
999948
999986
999934
999965
999939
999985
999982
999975
999928
999960
999996
999969
999930
999904
999906
999956
999995
999971
999998
999942
999974
999907
999972
999976
999993
999927
999921
999958
999915
999981
999997
999928
999969
999911
999935
999904
999962
999927
999971
999991
999988
999934
999939
999972
999951
999990
999953
999941
999918
999966
999984
999990
999979
999982
999975
999974
999977
999945
999972
999938
999933
999937
999992
999911
999916
999907
999900
999923
999970
999991
999921
999947
999972
999985
999993
999935
999943
999994
999927
999966
999923
999909
999969
999925
999989
999930
999974
999978
999932
999928
999908
999942
999949
999923
999917
999985
999909
999909
999928
999970
999962
999996
999912
999962
999937
999910
999982
999904
999938
999916
999958
999925
999968
999973
999997
999900
999930
999951
999912
999961
999953
999904
999960
999991
999986
999925
999999
999917
999926
999961
999916
999990
999951
999927
999962
999973
999924
999917
999968
999968
999973
999938
999908
999941
999961
999901
999966
999957
999926
999963
999926
999968
999904
999936
999985
999908
999976
999915
999939
999943
999938
999966
999938
999991
999999
999942
999966
999944
999971
999978
999976
999904
999903
999909
999928
999957
999994
999914
999934
999944
999941
999999
999960
999992
999936
999993
999928 -1185
999924 -3748
999945 -2662
999918 530783
1000000 638152
999957 -99
999935 -696
999905 -131
999925 -474
999907 -3263
999941 -1381
999967 -1148
999964 -184
999928 -1073
999956 -171
999952 -1911
999989 -213
999977 -3725
999981 -2495
999972 211059
999911 -1349
999980 -2859
999996 -758
999937 -898
999963 -1431
999928 -2405
999952 -230
999923 -1899
999989 -1513
999989 -2003
999923 -176
1000000 -1133
999926 71799
999944 -2123
999900 -1678
999958 195620
999981 -3398
999980 -503
999961 -3260
999953 -658
999924 -1419
999908 196959
999950 -237
999903 -3883
999965 -1669
999933 -2669
999916 -3516
999913 -1178
999904 -2421
999915 -3476
999949 -1835
999912 -1778
999973 -1559
999927 -1257
999904 -2642
999957 -404
1000000 -348
999978 514328
999939 -3073
1000000 -3677
999958 -3860
999985 -3791
999903 -2217
999935 -158
999950 -1463
999992 -677
999930 -3440
999968 -3008
999920 -1512
999935 -2805
999962 -2614
999937 -3124
999940 -1864
999952 -477
999929 -104
999990 -2900
999963 -2615
999963 -2759
999995 401860
999984 -3114
999994 -2553
999984 -1266
999928 -3042
999984 -3405
999922 -3077
999954 -2962
999997 -1859
999918 -2350
999901 -1570
999985 -384
999948 -3819
999953 -878
999998 -3195
999903 -3204
999913 838811
999932 418829
999971 -1295
999929 -112
999955 -3748
999948 -3516
999974 -2590
999949 -3283
999924 -302
999921 -1041
999997 -2510
999918 -2836
999913 -452
999950 -3300
999954 -1144
1000000 -3919
999931 -911
999913 -3529
999932 -1866
999970 -1046
999951 -2758
999923 -1291
999967 -1981
999941 -3582
999930 -3904
999972 -1608
999999 -2803
999992 -3282
999959 -138
999974 -3591
999980 -2956
999974 -2725
999911 -2772
999905 -2658
999981 -2287
999923 -519
999912 -1124
999976 -914
999902 -394
999951 -347
999941 -537
999974 -3625
999973 -552
999950 -2203
999924 -1654
999903 -3941
999988 -2255
999925 -824
999926 -3714
999902 -934
999956 298811
999969 -3611
999943 -1714
999963 -2475
999905 -785
999992 -1818
999973 -1978
999982 -2651
999900 -3100
999995 -2599
999954 -138
999978 -2036
999927 -3538
999919 -3566
999982 -1439
999993 -1465
999970 -3377
999938 -3172
999908 825021
999954 -3746
999918 -259
999959 -74
999927 -225
999960 -1079
999993 -2730
999969 -3892
999993 -712
999990 -1282
999919 -3996
999996 -3754
999957 -2879
999900 -3674
999939 965541
999932 -2922
999990 -3176
999900 -3077
999949 -1256
999940 -3909
999913 -1352
999990 -641
999904 -1308
999971 -2690
999947 -3822
999918 -3629
999950 -3745
999929 -1991
999940 -2695
999943 -1489
999913 -3215
999932 -250
999943 -3192
999900 -3920
999994 698851
999983 -143
999936 -3525
999996 -3590
999942 -1836
999908 -2147
999945 28514
999969 -2418
999901 -3897
999987 -3988
999962 -6
999969 -1883
999912 -1897
999914 -2590
999982 -1767
999933 -1187
999904 -3854
999915 642178
999986 -2403
999954 707027
999921 -3231
999990 -688
999945 -2360
999925 -679
999987 -1232
999927 -2278
999995 -2871
999942 -1716
999997 -549
999935 -3260
999992 -431
999907 -2332
999979 -1287
999953 -2450
999909 -3829
999984 84650
999907 -1627
999986 -1232
999918 -2105
999903 670752
999974 -1340
999985 -3109
999944 -2900
999996 -3993
999988 -1137
999962 -3960
999971 -2747
999936 -2150
999943 -779
999954 -2239
999914 -2276
999949 -1879
999988 -2462
