250 250
999947 484
999915
999980
999900
999910
999901
999918
999922
999970
999950
999949
999916
999991
999952
999960
999978
999962
999902
999943
999995
999908
999945
999932
999906
999916
999957
999949
999973
999975
999900
999911
999926
999945
999969
999932
999948
999993
999919
999952
999971
999930
999974
999995
999915
999971
999992
999915
999929
999918
999959
999951
999930
999927
999918
999998
999905
999992
999996
999967
999973
999934
999978
999952
999927
999916
999919
999997
999933
999985
999986
999966
999981
1000000
999977
999917
999917
999910
999922
999980
999987
999940
999941
999910
999970
999997
999936
999941
999943
999915
999993
999954
999945
999925
999963
999928
999906
999950
999945
999918
999998
999935
1000000
999981
999901
999923
999911
999918
999922
999986
999940
999920
999904
999903
999936
999986
999943
999940
999989
999911
999971
999928
999949
999954
999981
999989
999974
999972
999959
999930
999936
999998
999924
999969
999966
999963
999930
999902
999986
999908
999936
999947
999953
999904
999984
999955
999940
999913
999991
999942
999990
999922
999993
999927
999903
999958
999988
999952
999968
999956
999993
999937
999998
999993
999910
999993
999957
999987
999935
999926
999935
999985
999920
999992
999902
999920
999998
999940
999949
999929
999939
999910
999925
999966
999949
999938
999969
999939
999908
999963
999924
999982
999968
999961
999938
999935
999982
999900
999934
999940
999906
999957
999999
999949
999943
999914
999907
999937
999987
999936
999928
999930
999998
999925
999956
999941
999999
999962
999954
999908
999909
999976
999920
999958
999913
999962
999978
999926
999968
999903
999984
999976
999988
999941
999924
999963
999965
999964
999960
999913
999966
999925
999983
999910
999988
999976
999908
999973
999901
999950
999977
999965
999986 -1780
999951 164678
999927 -3282
999951 -1513
999907 -3031
999968 -1942
999980 -2323
999971 -589
999914 -1306
999902 220257
999942 -2545
999987 -1020
999999 -535
999974 -21
999938 -820
999920 -3857
999904 774101
999954 -1354
999969 -3503
999983 -3197
999961 -2644
999936 -3566
999936 -2961
999945 -1097
999928 -439
999929 -2125
999940 -3907
999938 -836
999906 811328
999927 -66
999958 -2372
999913 -1021
999950 -3339
999969 -1050
999991 -847
999913 -2856
999996 -1484
999918 -2276
999941 -3595
999962 -503
999909 -940
999921 -1125
999937 -3377
999950 684606
999957 -1537
999987 -1465
999960 -2639
1000000 -3451
999963 -896
999968 -3274
999912 -1430
999967 695691
999955 -2720
999944 -2816
999947 -2397
999910 -407
999965 130036
999998 -493
999938 -823
999991 -3296
999924 -3994
999923 -2856
999963 -2664
999991 -1627
999948 -3246
999951 -508
999985 -1226
999929 -3889
999925 -3430
999939 -565
999983 -683
999972 -1572
999946 -308
999982 -1783
999958 0
999952 -1363
999916 11185
999943 -1717
999933 -608
999970 -926
999966 -3691
999906 -2522
999900 8042
999978 -1783
999932 -3869
999949 -3554
999951 -1100
999917 -2294
999977 -3947
999952 -14
999962 -856
999905 176332
999951 -3588
999969 -1272
999981 -399
999981 -952
999993 -1650
999985 -3938
999908 -3328
999969 -2384
999939 -1718
999933 -1937
999936 272680
999973 -3502
999949 -3331
999954 -3497
999991 -2979
999967 -3147
999919 -3461
999998 -3066
999935 -1873
999903 -1605
999969 -2339
999991 -162
999948 -2934
999992 -2127
999914 197037
999969 -368
999944 -409
999968 -471
999908 -1489
999955 -643
999960 -912
999906 -98
999909 21183
999961 -3606
999930 -2304
999921 -1821
999932 -3359
999902 -3991
999919 -3932
999945 -2638
999920 -2207
999906 -3969
999969 -1625
999968 -1889
999999 -2648
999923 -2363
999928 -337
999910 -1832
999985 368951
999968 -1216
999922 -3589
999974 -2436
999987 -3406
999936 -2835
1000000 -742
999947 -1468
999972 -2866
999944 -1220
999976 -2471
999947 -1017
999958 -2528
999943 -3557
999980 -1634
999928 -4
999961 -3571
999900 -3328
999963 -1497
999901 317146
999995 -2556
999981 -1421
999932 -3046
999972 -3944
999962 -2335
999932 740322
999995 -3778
999933 -1554
999906 -3732
999980 -3548
999933 -1022
999975 -923
999964 -2306
999908 -1654
999957 -1363
999935 -1978
999985 -3712
999994 -1278
999905 378552
999944 -1601
999902 -963
999942 -602
999971 -597
999945 -1403
999948 -3022
999952 -2718
999986 -1926
999921 -3692
999976 -2537
999932 -1530
999918 -1677
999942 -321
999921 564788
999932 -164
999945 -2273
999967 -131
999948 -1767
999917 -731
999930 -290
1000000 -122
999901 -160
999909 428217
999911 -2632
999936 -1355
999940 -1517
999924 -3317
999934 -1221
999919 -1681
999959 -3330
999935 -2574
999919 -1575
999987 -2204
999926 -2463
999904 -2106
999923 -2749
999976 -2287
999977 -2990
999972 -3784
999937 249635
999990 -534
999927 -2719
999910 -2627
999974 -691
999948 -1568
999939 -3951
999953 -347
999924 -1829
999936 -385
999900 -182
999941 992755
999937 -3453
999996 715376
999980 -2389
999960 -2026
999945 786213
999920 -345
999983 -2376
999998 232774
999991 -1173
999966 -778
999980 -2787
999974 -499
999926 562508
999925 -2429
999948 -2766
999968 -2433
999966 -1253
999930 -1398
999951 -3142
