43 894
13 15 2007
29 36 1955
1 18 2001
17 43 1964
15 36 1982
16 31 1952
27 43 2003
12 18 1965
9 12 1981
21 36 2006
12 21 2005
7 28 1956
36 43 1991
7 36 1964
22 29 1967
11 26 1988
7 10 1949
5 21 1951
18 21 1948
8 42 1987
12 28 1994
28 31 1950
15 38 2002
9 29 1962
5 40 1949
26 31 1955
27 40 1989
5 20 1968
5 9 1954
6 32 1968
15 43 1951
13 33 1953
13 27 1961
1 22 1948
38 43 1959
32 42 1955
4 36 1952
14 27 1955
18 36 1954
11 22 1952
2 9 1999
13 21 1970
9 13 1950
3 23 1953
7 14 1962
19 22 1961
11 43 1956
4 21 1987
7 17 1949
5 34 1967
13 32 1952
37 39 1955
14 15 1952
34 35 1949
13 35 1980
40 42 1963
19 39 1971
13 37 1964
2 36 1984
4 28 1966
12 13 1995
30 43 1951
7 22 2005
6 38 2003
27 30 1977
21 23 2004
13 29 1951
12 27 1954
17 30 1948
5 36 1980
32 34 1954
2 31 1950
32 39 1967
1 7 1964
34 42 1968
9 14 1956
10 12 1996
4 14 1990
14 40 2007
7 8 1972
17 19 1953
25 37 1974
9 24 2001
19 28 1952
1 32 1989
31 36 1951
2 34 1978
15 24 2001
10 31 1967
10 27 2007
12 15 1950
4 32 1984
23 32 1970
13 28 1948
5 27 1953
4 25 1988
6 40 1996
37 43 1971
25 41 1966
2 24 2003
9 32 1951
14 23 1962
4 24 2006
21 39 1973
19 30 1950
22 30 1969
25 32 1972
21 37 1949
13 20 1961
25 27 1979
20 26 1998
17 27 1953
3 28 1951
27 28 1993
15 20 1970
17 40 1953
14 25 1974
31 32 1983
4 37 1991
31 39 1976
1 23 1948
10 38 1980
24 43 1989
28 32 1950
1 20 1994
18 24 1954
37 38 1990
5 23 2001
1 33 1958
33 37 1950
10 39 2007
18 43 1952
8 17 1954
2 14 1976
15 35 2001
10 15 1952
20 43 1953
24 42 1963
11 30 1987
1 19 1950
9 19 2001
20 36 1976
26 41 1948
7 27 1978
10 33 1960
10 22 1950
38 39 1954
5 18 1989
6 13 1962
8 41 1974
12 26 1950
17 29 1948
5 12 1987
8 11 1972
13 43 2007
2 25 1950
2 10 1954
3 11 2000
27 37 1951
29 32 1951
25 34 1961
3 40 2002
27 35 1995
26 43 2000
39 41 1955
24 26 1996
25 40 1948
6 43 1951
9 18 2004
8 43 1974
28 34 1949
24 38 2003
32 38 1948
2 23 1948
5 32 1969
19 31 1948
14 24 1954
17 26 2006
2 43 1955
19 43 1995
8 14 1994
23 43 1954
21 24 1951
16 20 1952
11 24 1951
4 6 1948
1 12 1950
15 16 1978
9 43 1985
18 37 1953
3 22 1965
18 22 1989
7 19 1950
10 41 1954
8 28 1992
35 41 1960
22 35 1954
1 31 1973
18 28 1963
15 25 1991
22 43 1955
15 21 1959
12 17 1953
34 43 1953
10 37 2000
12 32 2001
7 29 1978
4 15 1980
14 39 1955
4 20 1948
2 4 1982
4 27 2001
7 37 1954
4 12 1954
8 13 1949
24 28 2006
30 33 1969
33 36 1987
22 26 1991
5 30 1953
8 24 1954
17 23 1950
14 19 1949
3 32 1982
20 31 1952
6 31 1982
16 25 1952
17 24 1974
21 32 1951
6 17 2001
15 22 1995
15 40 1974
20 40 2000
11 19 1971
13 31 1970
22 36 1965
15 23 1962
19 29 1949
33 39 1999
31 37 1982
7 15 1951
26 40 1948
15 17 1987
12 37 1948
23 31 1948
3 25 1985
1 4 1948
20 22 1986
18 41 1951
20 38 2002
9 36 1991
29 30 1953
14 28 1964
26 36 1978
19 33 1953
5 43 1962
6 10 1951
9 28 1984
12 16 1953
20 21 1982
5 26 1951
28 37 1953
6 27 1954
18 31 1968
15 41 1993
18 33 1978
12 31 1988
28 39 1976
22 40 1950
4 34 1972
5 37 1952
12 22 1996
4 7 1948
3 6 1950
1 34 1986
8 19 1953
10 11 1976
11 32 1995
17 37 2007
9 38 2007
22 24 1957
19 23 1999
1 38 1987
13 36 1998
12 29 1948
13 25 1987
6 14 1955
12 42 1951
11 41 1995
7 21 1978
8 21 1961
20 34 1949
1 10 2004
17 25 1954
19 27 1987
15 37 2001
16 37 1954
19 35 1949
1 28 1990
15 19 1970
24 39 1999
19 20 1993
2 33 1963
17 20 1985
14 16 1952
11 38 1948
6 11 1963
18 20 1948
6 37 1989
25 38 1954
33 41 1951
5 11 1950
14 33 1952
18 32 2003
8 25 1962
28 43 1955
30 35 1964
15 18 1989
11 14 1978
30 37 1952
29 40 2002
7 43 1949
17 31 1982
32 41 1972
7 30 1957
19 32 1979
2 11 1987
28 41 1969
7 11 1949
12 43 1951
9 37 1967
33 38 1958
6 30 1955
4 39 1950
36 37 2000
6 39 1989
17 34 1991
20 39 1948
27 39 1959
21 33 2006
8 36 1984
10 19 1950
2 8 1949
1 43 1996
12 38 1992
9 26 1952
24 29 1955
5 19 1955
7 23 1969
21 35 2003
9 39 1990
25 26 1956
3 35 1980
25 39 1952
26 38 1967
24 31 2006
6 41 1994
40 43 1962
8 30 1955
14 43 1965
16 33 1955
34 38 1991
13 17 1965
33 34 2003
17 28 1951
6 29 2007
4 10 1948
27 41 1998
3 27 1991
6 7 1986
35 39 1951
2 40 1948
1 40 1966
14 30 1962
35 43 1966
31 38 1949
30 39 1973
31 40 1950
13 24 1997
12 23 1977
18 25 1987
14 32 1981
15 26 1987
12 14 1968
16 42 2002
6 8 1991
3 37 2000
16 17 1951
4 16 1979
6 16 1953
5 16 1998
28 29 1989
30 42 1955
22 34 2007
23 27 1981
8 15 2007
1 5 1971
31 34 1985
11 18 1983
7 40 1952
19 40 2005
12 36 1958
21 40 1995
22 32 1952
10 25 1950
38 41 1974
2 7 1969
1 9 1950
20 29 1957
11 28 1984
3 39 1955
9 25 1981
17 22 1954
11 23 1954
22 39 1991
28 42 1954
20 24 1964
26 33 1949
10 17 1955
25 43 1968
15 33 1987
1 3 1949
7 35 1970
15 29 1962
14 38 1998
26 35 1973
16 35 1959
17 38 1976
5 28 1950
3 17 1979
9 21 1949
3 7 1952
4 23 1953
8 37 1950
11 13 1994
1 11 1979
42 43 1961
8 9 1992
18 34 1976
27 34 1950
27 31 1959
15 34 1968
17 41 1950
4 42 1949
5 29 1961
1 42 1996
9 35 1949
14 34 1989
30 36 1969
15 31 1968
3 5 1955
24 30 1976
20 23 1949
3 16 1986
6 36 1961
38 42 1980
6 15 1960
10 40 1948
23 29 1972
10 20 1996
11 33 1949
26 39 1966
3 15 1994
4 35 2002
23 30 1980
13 39 1975
20 27 1955
34 37 1953
34 41 1949
9 31 2003
28 35 1952
16 34 1965
4 26 1953
16 24 1951
25 31 1956
9 41 1966
32 43 1957
1 27 1948
10 34 1978
27 36 1950
33 35 1951
6 20 1949
16 43 1949
29 39 1959
4 38 2004
23 41 2007
29 42 1953
2 22 1997
2 6 1982
3 31 1998
18 40 1978
11 39 1958
4 31 1993
10 16 1951
20 28 1954
8 22 1953
4 11 1990
13 40 1992
11 35 1962
2 26 1965
19 42 1991
22 31 1978
14 20 1984
3 20 1950
5 35 1949
5 38 1949
7 25 1969
18 27 1952
20 25 1951
9 40 1979
4 18 2000
1 41 2003
11 20 1954
34 40 2007
9 22 1950
27 42 1980
2 30 1955
33 42 1989
3 19 1993
3 24 1970
38 40 1948
7 38 1953
5 13 2000
8 29 1948
41 42 1984
6 21 1980
1 24 1950
31 41 1981
3 21 1953
4 43 2002
10 21 1979
25 42 1952
5 25 1957
19 41 1955
32 40 1984
8 26 1981
7 42 1999
3 41 1949
24 33 1981
9 23 1949
16 30 1955
14 36 1950
28 38 1949
3 4 1948
8 38 1951
18 30 1955
9 30 2000
26 42 1979
20 32 1951
8 33 1965
1 36 1990
12 24 1953
7 16 1979
7 26 1996
8 40 1962
17 18 1998
6 34 2000
16 41 1950
6 23 1954
1 39 1953
5 10 1955
14 22 1953
13 34 1990
18 26 1956
26 37 1951
26 27 2006
10 18 1976
14 42 1952
20 37 2004
21 27 1985
17 33 2000
33 43 1959
25 30 1951
7 41 2002
14 21 1949
18 38 1986
3 14 1948
39 40 1948
5 41 1985
30 32 1967
4 33 1996
11 25 1961
11 17 1949
13 23 1950
12 19 1951
30 31 1974
30 34 1950
16 21 1948
31 35 1983
36 38 1953
1 26 1972
35 38 2006
1 13 1950
3 33 1948
26 30 1948
3 42 1991
16 36 1983
1 2 1994
14 29 1976
4 19 1954
4 13 1956
41 43 1983
21 25 1951
13 14 1970
20 33 1968
10 24 1953
6 24 1993
27 29 1997
21 34 1998
23 26 1948
2 41 1971
1 17 1975
3 34 1974
39 43 1963
10 13 1949
21 26 1951
28 30 1977
8 35 1971
2 39 1954
6 9 1967
29 33 1948
16 23 1953
10 28 1988
8 16 1951
29 43 1956
32 37 1976
18 42 1971
11 31 1951
18 23 1993
23 37 1995
21 42 2003
15 39 2002
23 39 1960
19 37 1987
2 29 1954
16 19 1954
24 34 1955
1 29 1985
24 40 1967
2 18 1954
26 28 1977
2 21 1966
2 42 1950
15 32 1948
16 22 1955
23 38 1985
19 26 1967
2 37 1971
22 37 1960
23 42 1952
15 30 1995
4 9 1960
3 18 1964
2 13 2007
1 21 1993
16 26 1950
16 18 1994
3 10 1991
4 17 1955
1 15 1970
9 27 1950
31 42 1951
8 18 1989
18 19 1953
21 28 1949
22 25 1998
13 18 1989
1 16 1953
11 34 1949
10 29 1973
10 32 1960
17 42 1981
13 38 1951
3 8 1962
5 22 1982
11 42 1997
3 13 2006
24 27 1950
12 34 1953
8 32 1981
10 36 1993
6 22 1952
3 29 1950
20 35 1991
19 34 2005
6 28 1948
14 26 2001
22 41 1991
8 27 1996
11 12 1969
14 37 1948
16 38 1984
7 13 1948
9 15 1987
16 29 1951
12 30 1949
23 40 1998
1 25 1990
8 31 1970
7 39 1954
27 38 1953
9 16 1953
32 35 1955
8 12 1949
1 35 1997
19 21 1955
7 18 1964
13 41 2004
3 26 1964
21 31 1955
22 42 1950
26 34 1981
17 39 2002
20 30 1989
17 21 1975
23 25 1971
10 30 1948
28 33 2007
11 27 1956
25 33 1965
16 39 1973
16 28 1950
15 28 1954
30 40 1972
5 39 1987
17 35 1952
25 36 1954
37 40 1951
25 28 1950
35 42 1969
13 30 1957
2 32 1948
26 32 1964
29 35 1976
19 25 1980
5 15 1948
4 40 1969
2 12 1954
4 29 1954
28 36 1950
19 24 1953
11 29 1950
4 30 1998
23 28 2005
2 16 1958
10 23 1948
17 32 1997
2 27 1992
22 28 1955
13 16 1954
37 42 1999
9 10 1999
2 19 1999
5 33 1963
31 43 1995
5 7 1950
29 41 1987
13 42 1997
40 41 1975
11 37 1953
26 29 2001
3 9 1995
22 38 1977
5 17 1949
8 34 1981
3 30 1952
9 34 1948
24 25 1971
30 41 1988
5 8 1969
23 33 1949
23 34 1948
7 24 1981
21 30 1951
27 32 1948
1 37 1995
4 5 1991
8 10 1969
6 35 1953
35 36 1948
3 12 2001
36 39 1987
34 36 1960
2 17 1955
7 32 1970
5 31 2002
5 42 1970
31 33 1953
7 12 1955
1 6 1953
14 17 1948
12 41 1993
27 33 1968
14 18 2000
2 28 1967
22 27 1989
16 32 1995
24 41 2003
32 33 1954
21 22 1969
12 33 1951
35 37 1948
14 35 1954
20 41 1988
23 35 1961
3 36 1979
11 36 1979
24 37 1980
7 34 1974
6 12 1948
22 33 2006
6 33 1952
11 21 1955
10 35 1979
24 36 2000
22 23 1949
6 25 2004
21 29 1951
23 24 1969
4 8 2004
11 16 1951
8 23 2007
14 41 1965
9 11 1952
18 39 1976
4 41 1949
4 22 2004
13 19 1967
12 20 1960
6 26 1969
36 40 1973
6 19 1996
12 40 1993
16 40 1951
1 30 1948
10 26 1995
18 35 1996
12 39 1995
12 35 1953
28 40 1994
17 36 1959
23 36 1952
10 42 1951
25 35 1948
19 38 1955
36 42 2002
9 20 1951
6 42 1991
25 29 1966
1 8 1949
29 37 1958
24 35 1963
7 9 1948
2 3 1992
1 14 1975
39 42 1975
33 40 1991
3 38 1949
32 36 1955
15 42 1950
21 41 1981
21 43 1985
10 14 1951
18 29 1949
9 42 1963
37 41 2001
20 42 1965
9 33 1951
2 35 1982
29 31 1949
29 34 1985
35 40 2004
6 18 2003
16 27 1952
2 20 1952
21 38 1970
2 5 1948
15 27 1968
5 6 1966
34 39 1949
13 26 1948
9 17 1981
8 20 1989
30 38 1953
19 36 1953
13 22 1997
2 15 1990
7 31 1950
14 31 1973
5 14 1965
7 20 1953
12 25 1954
2 38 1949
36 41 1998
