310 7340
187 253 2005
145 178 2006
116 149 1992
7 306 2004
107 171 2003
152 154 1977
68 99 1984
37 130 1963
193 205 1973
226 246 2006
141 174 1968
182 228 1992
141 152 1984
33 242 1987
96 302 1988
14 118 2000
18 160 1955
52 182 1979
249 286 1959
144 233 1959
162 264 2001
129 234 1957
130 183 1998
31 54 2006
77 121 2003
44 162 1970
166 225 2003
102 274 1955
123 306 1982
69 93 1951
79 182 1962
18 292 1950
190 306 1948
155 244 1996
71 198 1965
24 236 1965
181 265 2002
230 234 2005
213 287 1993
151 158 1967
134 269 1948
39 295 1957
103 230 1959
32 118 1988
222 225 1991
132 287 1985
203 238 2002
32 195 1965
271 297 1966
6 140 1977
199 241 1948
28 136 1989
184 235 2002
55 82 1988
93 303 1994
115 178 1956
1 247 1951
174 295 2001
143 194 1989
32 277 1986
32 280 2006
254 310 1972
125 228 2007
61 291 1970
71 246 1956
198 202 1962
54 58 1952
132 296 1996
95 292 1949
77 212 1951
62 290 1984
10 42 1959
27 310 1948
230 285 1993
26 79 1996
96 283 1978
103 290 1950
12 250 1953
62 195 1950
16 265 2000
167 281 1948
24 292 1974
99 272 1960
85 182 2002
93 307 1991
137 299 1956
4 219 1988
124 170 2003
208 226 2007
34 161 1979
120 180 1954
204 293 1969
57 159 1959
6 239 1957
40 279 1982
34 134 1995
5 205 2000
14 147 1954
170 233 1968
5 28 1985
34 246 1972
25 94 1997
140 165 1969
45 83 2003
8 42 1950
162 167 1961
130 204 1975
29 199 1961
112 253 1975
25 37 1969
73 215 1963
249 287 1995
77 86 1981
76 122 1962
48 189 1984
124 243 1973
89 161 1989
111 206 2000
96 300 1972
161 211 1969
64 164 1991
220 238 2004
10 179 1996
111 260 1973
205 299 1963
98 280 1977
173 302 1990
9 226 1960
249 265 1971
69 223 1965
22 302 1961
4 281 2002
98 117 1997
79 176 1951
173 285 2001
68 143 2006
99 275 1987
242 282 1990
182 231 1950
33 60 1975
142 241 1949
146 168 1961
151 300 1959
90 233 1976
29 47 1970
63 239 1982
86 206 1973
230 275 1950
160 283 1992
5 67 1948
200 237 2007
20 158 1972
257 266 2004
109 278 1986
50 162 1956
100 159 1994
12 289 2001
34 284 1985
102 241 1959
50 285 1961
13 182 1981
202 257 1975
60 265 1969
159 218 2001
155 220 1986
50 140 1963
105 181 1968
110 304 1979
186 309 1967
9 229 1974
118 219 2003
56 199 1981
77 79 1955
178 250 2003
82 186 1979
54 267 1969
106 167 1981
221 251 2000
91 198 1976
234 257 1987
137 238 1949
67 176 1986
143 178 1973
86 205 1958
27 203 1967
17 254 1992
1 211 1969
169 187 1987
62 238 1948
45 302 2002
2 59 1949
39 227 1999
185 238 1951
75 228 1985
61 114 1978
213 278 1997
124 132 1961
153 276 1974
59 84 1978
118 119 1956
162 189 1969
264 269 1975
64 153 1983
121 292 2001
173 288 2007
189 286 1955
100 285 1983
195 282 1978
194 224 1961
121 161 1965
86 133 1969
273 278 1971
150 211 2006
261 269 1948
32 119 1984
66 92 2006
63 240 1998
165 213 1970
100 102 1951
248 270 1987
253 255 1968
147 198 2005
44 77 1954
101 295 1978
85 95 1974
154 245 1999
12 147 1974
139 264 1992
147 240 1987
65 254 1994
117 270 1981
89 94 2006
146 186 1994
21 53 1976
200 281 1985
85 197 1965
240 252 1992
102 133 1980
182 259 1967
45 101 1960
153 234 1973
5 73 1981
69 105 1952
111 204 1970
107 114 2002
214 245 1950
158 188 1965
34 47 1968
35 194 1964
160 179 1991
77 105 1979
134 161 1988
181 203 1977
243 251 1984
45 292 1990
166 205 1994
59 177 1960
46 80 1955
15 235 1994
23 282 1988
176 273 1968
33 250 1973
42 178 1977
83 182 1961
143 179 1963
156 249 1980
155 247 1980
284 299 2004
141 169 1987
53 146 1953
153 206 1979
2 297 1977
47 154 1951
17 207 1999
124 154 1979
37 41 1995
32 51 1952
86 143 1963
157 213 1961
33 37 1959
143 180 1983
59 287 1951
236 290 1990
175 234 2000
180 181 1957
161 304 1969
100 128 1992
114 289 1974
43 113 1996
66 182 2003
128 208 2001
210 294 2001
148 150 1966
191 228 1967
121 276 1963
57 59 1977
149 194 1985
268 277 1956
266 281 1986
207 283 1993
141 213 1964
117 307 1949
3 204 1965
235 245 1993
45 250 1953
203 275 1948
27 126 1960
139 243 1968
208 276 1955
2 169 1948
46 295 1957
137 172 2001
118 135 1950
106 308 1964
6 106 1951
98 165 1957
91 175 1997
293 303 1958
70 204 2003
58 290 1981
207 308 1981
90 222 1950
255 294 1987
36 80 2004
140 145 1968
37 148 1954
103 236 1971
3 40 1976
235 251 1948
181 254 1964
101 202 1974
126 278 1978
67 212 1959
52 68 1968
215 299 1993
74 170 1955
57 98 1980
140 220 1993
13 290 1971
72 258 1962
238 256 2005
5 282 2007
155 200 1988
101 127 1957
17 310 1975
35 266 2003
171 297 1958
92 158 1998
37 193 1967
147 291 1994
78 97 1957
172 193 1974
45 273 2003
9 297 1951
140 252 1960
60 124 1981
102 282 1999
94 116 1973
59 85 1972
197 274 2002
19 24 1956
203 268 1985
25 60 2007
131 141 1998
5 178 2006
128 304 1967
145 259 1998
48 99 1971
225 273 1963
112 185 1999
182 246 1989
58 241 1979
264 267 1983
130 291 1967
124 198 1966
195 286 1973
171 184 1981
151 272 1999
63 275 1992
29 119 1948
156 258 1969
81 250 1968
203 257 1981
12 155 1989
61 68 2000
28 309 1958
29 152 2003
199 242 1971
5 174 1958
59 212 1954
211 292 1962
108 219 2000
11 26 1954
240 285 1962
75 154 1949
109 281 1949
26 297 1984
12 248 1964
93 194 1993
262 304 1948
134 238 1979
173 239 1966
231 253 2003
21 78 1961
165 259 1973
102 206 2004
152 285 1962
39 144 1988
44 112 1992
149 156 1979
84 293 1970
138 152 1962
6 283 1961
28 279 2002
12 273 1981
261 295 1972
21 113 1959
49 101 1977
169 297 1949
89 221 1972
8 201 1988
109 231 2004
160 263 1988
150 290 2003
130 281 1984
175 288 1970
58 264 1964
80 271 1968
137 138 2001
86 275 1983
132 283 1967
76 283 2006
175 293 1958
44 183 1985
121 198 1971
71 80 1967
104 189 1991
51 241 1962
30 283 1948
56 295 1957
76 247 1998
18 294 1985
179 202 1993
58 117 1979
39 183 2002
111 189 2007
245 303 1981
142 298 1982
96 304 1990
39 102 1997
172 178 1966
57 255 1950
6 172 2005
110 239 1961
44 165 1992
94 194 1990
24 258 1959
146 158 1992
124 225 1957
78 197 1963
63 174 1988
62 294 1998
74 138 2003
54 299 1986
248 261 1974
24 30 2003
193 239 1989
129 155 1954
37 38 1969
264 282 1973
105 169 2005
53 233 1992
40 226 1969
155 161 1996
103 127 1983
54 199 1998
112 287 1951
108 300 1979
52 139 1970
114 243 1999
71 199 1981
50 277 2003
70 263 1958
23 238 2003
39 130 1978
70 127 1959
121 179 1971
4 275 2001
76 301 1975
26 269 1949
221 243 2005
77 179 1973
18 52 1962
202 260 2000
4 98 1963
97 249 1996
112 295 1992
172 237 1966
164 264 1971
24 170 1950
90 206 1950
73 186 1957
16 46 1965
245 299 1950
135 192 1986
247 290 1998
295 308 1983
11 37 2001
210 273 1978
116 211 1949
201 224 2002
133 136 1964
179 200 1996
205 295 1953
59 102 1968
241 261 1962
226 247 1966
18 272 1981
178 289 2000
46 254 1988
216 286 1965
241 300 2002
63 286 1964
78 89 1975
61 89 1964
104 271 1984
98 284 1958
102 116 1975
53 234 1979
239 252 1988
127 141 1975
4 39 1961
214 255 1990
21 246 1979
62 86 1970
26 209 1961
213 294 2005
173 294 1975
150 247 1970
29 228 1956
146 204 2006
16 44 2000
148 158 1953
129 148 1973
61 239 1989
145 265 1952
73 301 1951
186 255 1979
26 260 1952
94 143 2005
55 211 1965
260 294 1978
224 268 1960
232 290 1953
142 148 1991
133 192 1998
93 107 1954
2 62 1950
242 285 1972
85 102 1956
70 113 1998
128 160 2005
89 288 1970
7 84 1950
36 76 2003
58 124 1992
35 187 1951
149 230 1985
90 272 1985
131 161 2000
55 106 1992
16 249 1964
141 256 1995
22 227 1969
7 242 1989
47 196 1998
67 252 2005
203 296 1949
85 308 1986
238 263 1952
194 275 1989
166 185 1953
237 242 1949
15 163 1962
80 265 1966
9 47 1992
188 224 1973
160 223 1973
56 97 1955
167 310 1977
162 273 1963
123 276 2004
91 132 2000
217 223 1953
14 273 2004
28 172 1966
115 248 1984
75 96 1993
80 145 1961
27 239 1978
88 259 1971
64 288 1989
91 266 2005
44 284 1954
183 290 1957
117 167 1995
1 104 1950
272 295 1954
141 259 1954
174 290 2006
193 200 1973
190 262 1996
20 67 1960
13 192 1963
211 252 1970
17 253 1970
40 131 1970
22 229 1991
108 133 1983
226 260 1956
147 205 1949
73 293 1975
218 295 1968
236 268 1995
26 113 1979
56 122 1959
125 221 1994
80 198 1971
271 306 2000
165 252 1998
11 95 1974
11 308 1991
23 186 2001
91 129 1960
122 282 1963
12 240 1996
2 185 1978
177 285 1962
228 268 1978
150 256 1988
180 226 1981
39 62 2006
99 161 2007
7 30 1968
113 218 1993
78 265 1966
197 230 1995
58 238 1963
25 55 1971
193 204 1970
270 293 1978
93 114 1990
25 145 1985
80 219 1967
115 243 1948
87 270 1998
152 284 1977
30 95 1995
109 116 1963
62 308 1963
65 247 1976
83 274 1955
253 265 1993
36 253 1992
229 299 1991
212 228 2002
31 160 1954
122 271 2001
267 278 1975
30 82 1963
256 277 1993
144 257 1958
249 278 1974
223 228 1965
115 162 1969
36 77 1987
45 197 1987
54 167 1951
91 120 1985
7 100 1981
128 274 1957
17 128 1960
136 231 1991
199 303 1981
83 162 1954
30 189 1972
190 296 1959
46 110 1989
157 230 1996
151 283 1962
263 307 1987
239 288 1958
92 135 1981
201 228 1992
236 287 1949
24 210 1995
211 303 1973
153 279 1958
12 216 1956
66 140 2006
39 267 1988
141 147 1996
84 273 1989
190 198 1982
161 187 1961
126 162 1960
12 249 1981
187 274 2000
160 281 2007
194 310 1987
2 11 1955
72 226 1953
222 298 2002
77 228 1985
117 216 2002
125 261 1973
68 101 1977
142 260 1979
132 244 1964
51 181 1996
81 302 1995
218 281 1962
23 222 1954
89 226 1997
214 269 1962
118 220 1961
169 202 1970
13 173 1948
115 262 1995
169 252 1992
253 303 1979
254 280 1957
39 118 1990
238 279 1987
80 108 2001
45 143 1963
98 299 1993
55 156 1993
100 188 1978
130 292 1965
182 276 2000
111 238 1999
58 85 1975
121 132 1987
110 140 1983
214 217 1988
100 101 1953
71 100 1971
14 85 1968
20 300 1970
84 123 1987
174 273 1948
65 141 1952
65 286 1988
59 98 1996
194 304 1974
36 100 2002
4 301 1961
55 66 1962
49 87 1980
174 303 1980
209 274 1956
30 54 1977
182 199 1998
157 221 1979
221 303 1974
53 232 2003
32 139 1959
49 80 1992
156 201 1989
62 250 1999
263 310 1990
257 308 1998
108 274 1982
53 82 1969
5 242 1997
84 196 1956
104 145 1955
61 95 1989
121 192 1983
4 13 1968
119 136 1997
210 269 1964
7 226 1978
165 174 1986
3 125 2007
94 100 2004
23 232 2000
120 217 1989
158 258 1953
97 259 2006
21 251 1988
99 243 1963
199 287 1997
39 73 1996
63 209 1985
99 197 1985
3 155 2003
91 133 2000
12 89 1957
44 232 1984
8 106 1995
9 59 1996
56 223 1982
93 240 1992
226 309 1979
111 230 1981
5 129 1961
179 189 1973
1 27 1975
87 273 1999
122 279 2006
41 267 1948
64 223 1949
75 292 1994
219 237 1956
158 276 1987
125 176 1997
248 249 1951
6 19 1963
33 40 2005
65 138 1969
90 276 1953
146 285 2003
119 210 1974
132 191 2002
83 84 1998
21 47 2004
88 236 1968
31 184 1952
186 279 1955
25 275 1964
56 194 1990
110 149 2002
123 172 2000
81 184 1971
127 168 2001
236 301 1981
46 257 1958
281 282 1964
147 156 1960
103 167 2000
228 303 2003
89 238 1953
68 117 1975
272 302 1998
119 172 1978
72 249 2007
58 263 1976
116 188 1967
24 29 1985
96 124 1994
238 287 2006
54 75 1990
35 126 1949
211 279 2001
35 216 2002
101 240 1987
62 256 1973
111 194 1980
294 295 1953
123 180 1960
159 273 1984
59 309 1991
43 61 1990
221 269 1986
91 98 2007
90 157 1950
122 125 1955
148 201 1996
89 207 1958
19 245 1989
24 271 1951
57 229 2004
183 243 1967
19 210 1985
210 212 1992
272 282 1963
147 266 1954
134 220 1997
97 260 1975
115 286 1954
62 264 1957
114 196 1984
148 244 1997
16 123 1959
110 289 1964
38 112 2004
18 305 2003
118 127 1956
71 207 1951
104 303 1989
226 239 1966
67 302 2006
211 238 1984
131 279 2004
224 285 1968
179 238 1979
134 281 1990
146 187 2003
141 187 1983
30 263 1963
95 213 1979
59 96 1986
96 251 1967
59 173 1973
177 232 1997
227 297 1958
75 109 1994
52 302 1957
11 115 1970
23 170 1964
10 94 1974
223 250 1976
11 83 1988
129 196 1971
98 218 1974
58 281 1965
220 304 1959
250 310 1976
84 125 1958
174 222 1951
39 283 2007
75 94 1979
191 270 1958
71 160 1961
54 191 1958
14 220 1977
248 299 1997
25 176 1953
139 145 1988
71 216 1951
141 239 1988
21 130 1950
263 272 1982
83 252 1964
34 274 2003
57 192 1962
15 194 1980
236 273 2003
33 38 1966
195 259 1999
11 74 1993
187 213 1955
55 98 1989
83 211 1948
132 264 1991
103 161 1986
102 149 1948
159 289 1963
104 238 2001
48 196 1987
165 285 2003
215 252 2005
115 236 1988
68 220 1961
22 105 2002
201 299 1995
76 183 1959
63 191 1980
156 228 1955
130 222 1994
14 120 1960
78 306 1971
120 162 1965
146 214 1982
176 282 1982
126 308 1992
117 214 2002
64 173 1993
32 262 2002
30 279 2004
47 180 1972
65 183 1975
94 122 1965
93 193 1989
65 242 1977
104 148 1981
169 242 1993
110 273 1994
236 292 1960
22 271 1960
91 106 1991
40 95 1987
88 152 1985
266 296 1976
4 113 1986
50 70 1951
144 253 2003
124 244 1959
27 149 1990
43 197 1964
220 251 1955
31 244 1973
39 277 1975
28 290 2005
9 137 1956
176 297 1962
32 133 1986
119 155 1949
142 267 1983
109 285 1981
247 296 1970
136 269 1980
149 305 2000
187 263 2003
8 174 1974
85 155 1997
79 88 1968
13 126 1975
24 38 1974
20 243 1959
3 267 1986
96 138 1977
128 221 2001
4 51 1986
120 125 1984
24 57 2007
2 237 1972
126 135 1978
207 240 1968
180 307 1980
182 258 1992
38 163 1962
151 152 1960
50 75 1982
237 297 1954
225 286 2004
60 203 1950
38 307 1984
116 246 1978
3 200 1961
193 275 1958
36 294 1955
34 302 1961
25 142 1951
62 178 1965
62 237 1974
158 282 1985
188 291 1949
272 275 2001
2 303 1959
48 289 2004
112 232 1980
148 281 1958
67 283 1993
173 219 2007
145 264 1980
4 24 2000
134 158 1962
183 306 1986
7 215 1995
163 183 2002
100 221 1949
88 104 1973
152 289 1985
51 166 1998
238 293 2004
34 113 1995
191 303 1978
64 152 1961
62 127 2007
110 252 1990
278 285 1953
90 133 1999
150 183 2000
203 290 1972
56 287 1992
38 233 2001
42 222 1985
10 131 1950
38 278 1966
22 184 1955
48 102 1963
22 173 2005
98 122 1984
1 212 1974
44 76 1974
12 19 1974
30 190 1967
7 274 1979
56 146 1974
68 142 1955
41 70 1953
83 253 1972
170 175 1958
122 192 1954
52 208 1985
22 31 1948
74 307 1950
32 295 1960
65 226 1949
230 283 1988
66 300 1985
111 263 1960
77 145 1951
201 291 1974
254 304 1974
65 192 1954
76 80 2000
54 183 1959
174 279 1977
207 274 1982
133 276 1955
235 272 1954
55 301 2005
31 248 1950
248 253 1967
134 285 2007
61 169 1973
180 240 1950
173 284 2007
34 261 1962
40 97 1957
134 242 1994
99 235 1973
66 270 1960
11 187 1971
93 183 1963
9 190 1984
232 257 1971
9 108 1966
96 120 1993
53 207 1957
58 307 1980
231 232 1983
132 309 1991
153 198 1999
251 266 1986
133 148 1967
180 294 1970
38 45 1975
56 229 1952
180 285 1966
262 283 1976
32 190 1987
45 163 1978
10 147 1949
140 180 1970
188 293 1979
19 137 1983
121 265 1981
28 173 2000
11 45 2004
177 193 1979
46 308 1984
40 114 1960
99 178 1986
135 261 1948
247 303 1965
193 217 1977
172 302 1980
62 234 2007
35 133 1994
135 222 1985
18 282 1969
218 220 1976
60 97 1950
132 272 2000
93 154 1949
168 307 1961
98 114 1998
33 82 2004
212 236 2004
142 190 1955
52 83 1949
73 162 1955
24 291 1969
169 191 1963
294 302 1970
90 296 1959
49 74 1971
80 106 1991
117 132 1992
174 177 2005
187 252 1980
39 63 1960
46 125 1992
71 135 1950
184 227 1993
18 117 1976
67 254 1999
66 184 2003
140 142 1960
165 280 1985
1 208 2004
76 277 1989
104 130 1977
84 231 1983
92 105 1990
152 219 1967
93 271 1995
49 140 1964
126 279 1966
29 212 1954
202 228 1967
234 259 1956
110 138 1950
11 309 1984
121 257 1959
188 272 1976
3 97 1950
154 264 1997
5 21 1984
191 265 1970
10 148 2003
29 186 1972
17 228 1992
216 278 2005
52 59 1956
222 251 1986
73 154 1959
173 252 1971
116 225 1975
4 231 1965
234 291 1970
168 243 1983
148 185 1988
156 293 1999
102 203 2006
236 297 1958
269 294 1950
133 297 1999
145 213 1983
82 114 1968
165 184 1998
196 217 1963
73 219 1976
201 276 1965
57 308 1981
65 74 1968
10 98 1970
33 200 2003
21 129 1978
83 104 1974
23 150 1993
21 28 1971
179 186 1995
118 176 1976
72 293 1965
77 260 1996
10 225 1996
232 263 1980
201 268 1953
79 141 1959
50 103 1974
1 189 1987
146 286 1999
149 284 1997
240 267 1994
253 299 2003
46 230 1949
1 193 1987
12 149 1953
269 290 1975
127 305 1965
190 309 1978
115 300 1999
47 282 1976
44 241 2005
96 123 1964
147 168 2002
57 88 1956
73 77 1959
152 250 1953
50 304 1979
55 133 1993
147 276 1977
50 114 1978
181 304 1964
272 277 1956
39 305 1971
37 173 1984
95 225 1968
248 251 1981
28 145 1986
106 264 1979
56 121 1992
134 293 1986
15 248 1956
133 150 1982
172 188 1950
7 129 1975
132 175 1991
72 309 1974
156 283 1985
78 217 1962
14 308 1968
287 290 2004
132 155 1981
160 176 1951
95 244 1957
217 271 1968
146 189 1990
57 167 1975
5 37 1965
27 197 1974
113 207 1991
45 76 1971
83 222 1951
155 188 1957
239 250 1994
130 184 1958
17 190 1972
190 267 1982
96 163 1970
88 125 1951
7 285 1991
50 209 1962
155 266 2006
124 276 1972
4 242 1990
67 201 1995
50 154 1971
75 104 1967
66 185 1992
183 184 1994
39 51 1999
24 201 2005
3 64 1965
35 243 2000
229 304 1949
132 271 1978
39 237 1976
80 249 1953
100 202 1955
36 196 1998
20 293 1961
28 96 1972
46 287 1970
61 218 1968
164 242 1952
92 252 2000
124 152 1978
131 254 2004
23 299 1960
280 306 1964
26 36 2003
52 307 1991
66 212 1960
175 259 1970
133 135 1959
42 122 1986
129 282 1955
104 252 1971
58 153 1955
65 266 1954
36 169 1959
142 264 1961
47 58 1949
117 170 1948
150 265 1957
4 163 1993
6 251 1991
138 242 1951
52 267 1998
156 160 2000
24 64 1979
107 291 1970
121 301 1999
11 121 1963
139 180 1983
144 169 1957
99 286 1977
5 85 1995
60 249 1964
90 100 1970
41 89 2005
102 254 1981
97 253 1982
76 232 1974
131 198 1972
130 173 1994
5 226 1983
6 156 1985
4 68 1973
254 289 1969
21 192 1985
185 226 1960
106 295 1961
47 289 2002
3 66 1981
77 173 1993
64 283 1954
122 223 1949
4 279 1969
77 162 1956
154 306 1995
245 257 1982
117 162 1979
114 258 1980
43 194 1953
178 182 1999
111 122 1978
278 301 1983
1 198 1978
58 104 1992
102 264 1993
81 85 1973
99 257 1948
136 217 1970
97 297 1957
48 272 1987
33 251 1980
48 97 1992
88 214 1998
244 255 1979
53 183 1965
33 104 1961
74 183 1977
116 224 1959
1 151 1974
63 149 1974
79 226 1998
100 203 1982
169 178 1992
204 252 2005
142 257 1999
24 220 1993
94 226 1949
172 191 1966
220 300 1992
67 140 1964
63 307 1971
56 144 1977
5 49 1986
257 304 1983
51 223 1987
38 71 1988
217 221 1980
116 187 1968
6 166 2006
129 153 1988
25 40 2002
199 283 1965
66 177 1999
84 301 1971
19 306 1993
18 183 2002
6 310 1975
32 113 1978
16 172 1969
79 240 1965
114 209 1970
21 106 1990
109 287 1989
181 184 1975
232 278 1996
219 242 1953
141 218 1995
42 231 1951
116 222 1963
116 129 1993
238 303 1983
1 302 1980
162 193 2005
180 232 1980
49 230 2003
262 270 1984
221 233 1988
190 220 1984
214 306 1970
27 58 1999
19 270 1956
127 210 1949
118 244 1995
219 230 1971
166 303 1951
31 177 2003
80 297 1989
154 310 1954
206 227 1978
129 264 1948
184 297 1979
12 34 1993
190 210 1954
4 157 1986
244 299 1958
113 280 1978
120 290 2001
88 309 1965
26 183 1951
147 268 1966
165 292 2004
163 273 1961
50 265 2005
183 201 1949
8 84 1992
63 199 1971
23 308 1984
239 257 1961
137 182 2003
59 180 1953
139 143 1984
1 92 1958
153 203 2000
37 187 2004
169 271 1989
131 219 1993
18 131 1966
2 13 1967
162 276 1975
146 225 1959
75 200 1996
185 199 2006
155 192 1978
238 239 1969
44 101 1975
240 242 1992
6 124 1968
247 269 1995
181 196 1994
219 261 1957
133 266 1948
55 73 1967
77 99 1957
147 219 1996
152 277 1992
135 277 1970
31 252 1978
273 284 1967
39 76 1999
150 275 1995
63 70 2002
27 286 1980
162 305 1964
149 301 2006
112 155 1977
86 234 1956
58 165 1992
98 282 1974
192 278 1955
61 140 2007
3 78 1969
154 238 1987
85 98 2005
165 269 2002
121 188 1963
68 114 1989
64 167 1957
94 99 1970
155 287 1970
21 297 1966
40 49 1973
69 230 1971
270 285 1977
217 224 1991
4 127 1952
159 281 2004
115 139 1997
52 282 1973
207 258 1967
28 212 1964
78 90 1958
52 301 1991
206 273 2004
34 276 1959
176 242 1950
28 146 1995
287 302 1974
129 205 1968
170 250 2001
58 309 1966
32 61 1978
180 248 1959
177 302 1952
31 116 1970
198 303 1961
118 232 1981
135 137 1986
135 223 1981
114 165 2003
168 250 2001
210 288 1951
66 148 1964
22 243 1980
32 242 1986
13 89 1955
68 129 1983
92 133 1985
173 226 1952
46 118 2007
50 131 1963
88 167 1950
273 282 1951
42 51 1954
120 163 1970
120 308 2003
75 144 1978
9 161 1993
240 292 1997
66 269 1969
215 294 1971
40 241 1976
137 270 2003
145 244 1984
113 245 1960
7 166 1972
251 263 1957
87 275 2003
103 234 1996
248 267 1987
258 275 1972
179 234 1949
55 126 1987
51 97 1950
83 132 1981
8 64 1993
103 213 1989
36 243 1987
23 219 1996
290 301 2006
7 269 1967
72 253 1954
54 210 1983
121 149 1999
58 272 1957
139 192 1982
210 280 1993
90 301 1982
232 247 1948
41 248 1997
231 269 1992
89 96 2005
3 309 1967
232 293 1962
30 176 2001
246 283 1983
104 309 2007
52 200 1972
80 89 2004
11 208 1992
101 123 1980
50 190 2004
71 204 1955
74 279 1951
154 254 1998
51 173 1960
137 268 1989
146 197 1977
204 270 1954
15 78 1948
59 72 1950
55 88 2000
62 120 1989
24 122 1986
82 87 2006
113 286 1967
39 201 1950
81 138 1983
70 140 1969
37 52 1973
78 177 1974
78 205 1964
208 286 2002
227 289 1976
95 96 1960
17 297 1964
124 125 1970
135 196 1953
162 222 1964
154 261 1992
35 305 1956
185 240 2006
110 292 1987
40 79 1997
81 289 2007
29 66 1951
128 260 1998
92 167 1989
127 270 1965
159 198 1998
90 238 1961
55 235 1977
68 256 1969
76 274 2004
25 137 1996
209 224 1952
130 187 1980
69 111 1985
212 221 2002
47 89 1948
13 44 1956
66 282 1954
90 115 1998
254 284 2001
69 107 1999
58 252 1992
64 150 1986
191 209 1957
100 204 1988
121 293 1953
126 239 1980
120 252 1981
154 158 1990
113 225 1953
61 253 1990
89 209 1959
186 203 1973
19 219 1993
134 251 1961
165 282 1973
38 179 1996
108 127 1998
63 305 2004
30 147 1954
82 220 2006
85 238 1986
41 225 2003
99 251 1955
73 279 1988
33 305 1971
21 153 1983
74 195 1963
35 177 1952
23 199 2005
220 267 2004
147 303 1952
27 104 1969
127 222 1980
76 171 1997
57 79 1956
49 76 1996
110 177 1957
14 129 1950
14 210 1990
15 66 1984
211 225 1959
49 116 1994
180 239 1956
31 32 1963
16 228 1989
70 170 1988
87 138 1950
99 260 1983
189 294 1963
158 309 1992
127 293 1955
8 57 1984
34 251 1974
30 129 1963
29 310 1979
186 247 2000
68 203 1999
16 131 1996
169 263 2007
165 307 1954
75 84 1962
101 170 2005
60 235 2004
74 283 1950
66 243 1979
4 67 1984
78 240 1970
23 79 1991
198 310 1975
208 213 1953
13 112 1984
99 298 1948
123 183 1966
91 239 2002
64 131 1987
49 161 1955
32 275 1948
59 109 1960
121 262 1964
26 90 1959
77 168 1976
43 302 1981
140 189 1972
111 287 1965
68 226 1985
165 284 1970
132 204 1956
19 167 1949
16 256 1979
92 149 1981
149 152 2005
130 205 1958
126 167 1969
197 282 2002
70 90 1950
164 299 1976
85 283 1980
96 174 1950
211 288 1991
188 227 1952
68 140 1971
161 266 1959
41 213 2002
113 201 1955
35 303 1948
103 173 1955
15 31 1980
84 247 1953
43 263 1968
127 223 2000
10 108 1951
48 173 1970
86 283 1949
131 222 1965
125 155 1950
106 201 1964
141 224 1996
260 289 1990
73 120 2005
148 258 2005
103 121 2006
98 144 1962
179 203 1951
43 193 1973
15 22 1985
3 268 2000
90 182 1978
234 270 1989
72 289 1952
84 98 1975
95 115 1964
260 268 1978
40 136 1989
12 205 1996
94 139 1951
220 250 2003
188 235 1993
109 112 1949
34 194 1993
10 231 1962
19 27 1950
182 225 1964
56 120 1953
87 159 1957
53 173 2000
143 208 1955
141 183 1992
69 170 1960
83 93 1994
28 276 2002
257 278 1956
99 141 1968
25 213 2003
53 149 1969
133 179 1980
74 225 1969
235 236 1996
136 156 1958
126 275 2000
119 134 1994
60 288 1972
117 222 1948
117 260 1986
168 257 1978
255 279 1975
177 247 1951
51 142 1988
299 303 1977
7 221 1987
160 230 1982
216 226 1975
157 300 1990
50 283 1997
27 135 1985
81 82 1952
3 50 1997
25 53 2000
43 84 1950
150 248 1996
70 247 1994
48 285 2004
64 310 1963
2 102 1974
94 306 1956
105 170 1948
167 272 2007
35 119 1977
26 27 2003
98 251 1999
69 73 1984
114 256 1975
49 265 1963
120 133 1949
72 87 1961
53 76 1991
160 245 1981
101 224 1975
4 16 1948
145 189 2004
114 298 1996
97 219 1982
33 97 1976
49 71 1976
118 147 1993
116 130 1993
13 21 1988
121 181 1980
167 301 1990
83 163 1962
49 134 1969
172 252 1949
123 275 1973
178 261 1975
127 257 1959
8 16 1948
42 125 1955
177 273 1982
141 253 1948
135 283 2007
53 259 1951
48 65 1974
44 168 1949
136 242 2003
59 291 1972
88 308 1987
128 257 1952
36 239 2003
276 281 2004
284 304 1995
31 240 1949
35 144 2002
27 160 1999
13 55 1980
40 111 1949
210 234 1959
60 197 1995
55 115 1998
174 299 1957
83 264 2005
25 99 1983
127 139 1968
191 193 1977
162 299 1969
42 45 1972
185 264 1999
32 163 1968
104 273 2000
164 183 1981
55 60 1976
109 123 1998
61 119 1955
157 193 1976
227 304 2005
33 34 1951
75 90 1991
118 269 1983
94 219 1984
236 251 1965
29 155 1972
90 199 1967
94 190 1983
56 277 1950
166 242 1985
23 126 1962
79 183 2006
75 174 1967
186 263 1954
107 222 1986
160 226 1980
20 232 1990
71 72 1997
116 163 1956
90 305 1974
262 308 1968
45 243 1974
110 143 2000
67 310 2006
227 302 1959
142 176 1962
25 245 1968
269 308 1967
225 307 1969
53 154 1950
40 180 1987
43 240 1948
44 193 1997
102 303 1972
101 307 1987
111 169 1948
231 251 1951
210 232 1997
18 76 1991
27 109 1991
121 216 1983
84 160 1990
85 249 1994
242 264 1980
108 231 1963
104 209 1972
119 254 1967
278 291 2007
73 265 2007
77 133 2005
105 254 1967
128 288 1999
141 235 1974
62 103 1984
64 156 1955
212 293 1997
32 216 1965
163 291 1992
110 111 1948
199 255 1995
22 218 1968
38 160 2005
75 189 1980
204 268 1957
240 288 1990
191 262 1956
166 243 1977
100 254 1986
187 191 1969
218 246 2000
84 240 1950
63 251 1953
43 53 1977
13 148 1983
66 271 1959
120 292 2001
148 162 1978
18 251 1989
113 192 1982
155 165 1957
57 101 1951
36 79 1989
51 233 1983
85 231 1967
167 205 1958
118 285 1979
30 239 1998
106 235 1976
9 77 1980
181 220 1980
12 38 1973
48 300 1998
35 160 1992
101 266 1998
98 140 1954
57 85 2000
161 163 1960
33 270 1958
156 182 1985
29 191 1958
90 151 1973
189 255 1953
231 299 1996
116 189 2005
63 181 1976
85 116 1967
59 231 1955
229 261 1956
172 257 2007
41 278 1965
16 303 1992
259 278 1990
22 292 1953
122 124 2004
191 234 1996
178 208 1983
48 204 1986
127 284 1952
88 246 1981
48 192 1983
57 249 2000
111 307 1965
47 291 1972
42 86 1983
42 141 1982
48 304 1969
6 77 2006
32 145 1986
50 228 1953
45 169 1966
152 306 1954
25 38 1989
100 127 1979
81 288 1999
101 178 1952
38 267 1978
121 277 1963
90 235 1951
271 273 1966
72 140 1994
197 252 1979
13 83 1973
20 113 1949
176 205 1956
128 150 1969
169 184 1980
43 245 2007
217 251 1990
127 176 1983
154 248 1951
199 277 1978
200 256 1959
10 142 1968
156 308 1958
65 299 1996
73 231 1998
65 262 1950
241 275 1952
4 189 2000
178 308 1954
25 232 1975
29 295 2004
252 310 1959
84 201 1993
121 180 1964
97 111 2007
261 275 1972
53 271 1966
148 161 2006
101 231 1978
46 64 1966
31 154 1990
174 296 1995
124 155 1956
149 270 1986
133 310 2005
220 282 1991
105 168 1987
212 217 1987
119 206 1974
130 304 1960
125 194 1951
98 265 1991
18 263 1989
136 275 1994
91 282 1998
158 257 2003
172 189 1957
44 174 1950
22 204 1952
190 263 1988
77 181 1973
20 208 1969
52 223 1973
121 210 1950
111 216 1997
12 278 1975
18 166 2004
69 212 2006
11 99 1957
78 96 1957
87 304 1985
198 239 1962
1 256 1989
23 281 1961
4 263 1971
73 96 1994
5 171 1970
31 138 1971
158 294 1953
149 169 1964
72 245 2004
208 210 1973
218 272 1959
272 276 1984
78 109 1993
174 241 1972
151 246 1955
48 275 1962
108 254 1969
49 185 1987
2 256 1949
121 295 1964
107 246 1961
267 310 1962
22 125 1981
53 214 1995
160 212 1991
52 77 1981
174 283 1980
179 304 2005
33 282 2005
11 118 2002
28 303 1999
132 267 1974
55 248 1980
232 258 2006
36 116 1991
123 300 1981
293 306 2004
27 71 1980
4 234 1958
20 266 1986
44 67 1976
107 206 1963
19 126 1989
50 266 1958
228 272 1948
92 195 2000
72 123 1991
206 245 1948
88 288 1989
298 304 1953
200 296 1989
168 226 1979
60 233 1950
97 185 1974
7 257 1954
12 65 1950
273 285 1979
37 243 1968
19 90 1989
90 215 1977
21 216 1989
157 275 1954
81 160 1991
184 231 1984
43 158 1964
117 305 1976
137 237 1953
82 272 1977
107 121 2004
92 97 1949
8 244 1975
227 269 1971
163 303 1956
88 302 2001
21 207 1985
99 182 1975
209 265 1969
52 65 1985
27 278 1989
153 204 1964
113 143 1988
68 302 1978
76 238 1992
149 276 1983
170 200 1953
91 107 1953
189 190 1978
119 187 1954
96 279 1999
151 207 1958
54 129 1958
201 290 1996
185 275 1987
19 153 1994
39 52 1992
128 193 1976
127 228 1989
99 121 1989
37 299 2001
207 294 1962
98 252 1995
250 251 1995
229 240 1998
204 271 1955
158 275 1971
8 193 1960
161 205 1958
235 279 2004
14 185 1987
20 225 1973
47 133 2004
42 50 1964
19 114 1960
34 103 2007
57 87 1982
105 297 1968
20 26 1974
231 261 1977
164 277 1984
29 294 1987
4 296 2001
233 284 1971
33 235 1956
3 183 1983
24 194 1991
2 235 1952
23 83 1996
28 270 1950
214 301 1948
5 194 1995
22 92 1973
101 143 1959
236 308 1963
30 125 1979
101 252 1964
27 89 1981
131 266 1959
67 286 2001
235 289 1981
59 233 2003
29 85 1991
78 121 1949
42 214 1963
164 256 1955
119 261 1955
131 290 1990
3 184 2001
87 142 1951
24 209 1970
95 176 2007
120 218 1972
160 298 2007
109 218 1999
24 175 2007
64 285 1966
54 159 1985
139 211 1992
28 40 1985
245 260 1991
64 97 2004
69 79 1999
3 82 1966
84 156 2002
156 307 1997
167 309 1956
156 208 1995
57 149 1978
173 261 1978
111 197 1961
157 270 1953
126 176 1962
200 308 1993
184 241 1973
181 263 1967
22 238 1992
174 200 2004
51 237 1991
8 258 1991
45 178 2005
105 276 1948
133 238 1993
108 262 1969
122 228 1954
20 285 2002
80 245 1997
186 302 1985
84 263 1985
4 10 1979
154 159 1978
2 113 1959
99 183 2004
17 167 1999
38 139 1991
59 276 1991
121 170 1973
28 230 1977
19 136 1995
171 281 1992
80 125 1961
22 245 1960
35 281 1958
56 73 1963
183 267 1974
225 283 1993
211 247 1971
33 122 1980
195 290 1961
158 239 1972
73 132 1958
172 185 1984
243 269 1973
60 183 1951
44 283 2004
232 285 1956
184 291 1975
240 286 1996
107 186 1967
74 214 2006
120 223 1965
24 213 1956
134 149 1999
75 107 1982
10 253 1970
35 272 1991
82 218 1982
88 284 1968
291 299 1985
4 97 1984
109 260 1981
118 174 1950
48 212 1974
79 167 1962
138 148 1976
25 273 1952
132 277 1948
64 96 1962
5 133 1969
68 211 1986
53 202 1990
37 45 1976
119 140 2005
68 223 1959
167 210 1970
16 207 1980
122 204 1972
18 309 1983
189 263 1967
33 180 1984
90 205 1956
35 74 2004
80 139 1976
49 145 1966
70 87 1962
183 229 2000
99 106 1986
49 183 1964
68 265 1960
39 307 1978
45 187 1977
60 182 2006
21 137 1991
211 296 1969
102 198 1988
69 82 1967
53 69 1951
1 126 1977
158 241 1990
149 168 1965
78 160 1953
135 278 1970
201 238 1978
17 240 1963
143 199 1956
39 83 1991
92 178 1955
176 246 1999
59 134 1956
58 265 1968
20 68 1970
197 275 1979
25 223 1967
25 208 1970
1 204 2004
78 287 1982
126 293 1976
155 275 2001
60 284 1957
94 228 1971
19 211 1953
205 249 1996
63 137 2002
8 129 1980
59 267 1999
40 197 1949
1 59 2005
29 158 1982
112 272 1976
25 186 1956
119 170 1985
171 226 1949
104 289 1952
127 226 1999
46 92 1951
13 178 1986
201 269 1999
162 225 1988
263 292 1966
17 197 1980
160 242 2003
236 265 1958
164 171 1994
1 124 2004
68 207 1980
101 154 1966
10 237 1965
171 282 1996
108 294 1967
92 301 1980
243 281 1975
29 308 1953
2 283 1993
6 126 2001
19 155 1954
76 225 1950
22 222 2002
90 143 1978
119 305 1990
183 260 1981
191 252 1956
198 221 1959
138 228 1994
164 191 2000
18 296 1985
84 190 1984
228 301 1978
83 308 1987
179 300 1979
104 269 2000
4 49 1971
150 284 1990
206 279 1983
112 135 1977
128 141 1957
141 161 1971
57 242 2002
30 204 1950
234 280 2004
275 303 1995
79 241 1980
7 97 2004
33 296 1990
87 295 2000
105 117 1967
234 277 1959
83 202 1954
60 193 1987
50 132 2003
68 154 1968
139 170 1972
129 217 1988
103 280 1984
106 213 1989
35 79 1976
80 201 1955
15 300 1993
65 248 1968
142 220 1988
268 308 1977
71 260 1957
40 257 1967
47 137 1971
171 265 1954
193 219 1965
120 166 2004
81 126 1960
165 220 1978
300 301 1985
68 100 1991
14 152 1968
206 251 1991
40 172 1977
31 180 1973
138 239 1961
97 221 1971
42 266 1952
231 301 1954
70 298 1952
42 246 1953
24 245 1972
74 227 1989
275 306 1986
92 308 1981
54 57 1974
143 189 1967
77 119 1975
85 202 1978
34 167 1977
144 271 2007
7 159 1969
165 211 1997
18 258 1955
120 283 2001
149 303 1997
86 303 1975
35 146 1999
89 291 1950
164 180 1985
112 239 1972
81 169 1956
154 298 1949
220 288 1973
160 287 1955
227 244 1989
102 305 2000
38 149 1953
83 280 1988
17 230 1962
72 93 1971
87 235 1978
65 104 1990
13 17 1975
194 218 1971
183 193 1956
11 197 1996
228 302 1988
47 73 1967
34 193 1991
238 305 2001
74 126 1965
26 205 1991
47 81 1995
117 228 1969
221 235 1969
6 195 1992
75 211 1948
164 190 1997
127 144 1960
198 306 1990
17 70 1974
84 183 1948
276 287 1950
132 198 1994
168 207 1973
56 276 2005
194 296 2002
245 254 1986
197 213 1959
40 242 1998
87 260 1952
19 196 2007
118 188 1998
126 297 1957
228 252 1961
63 99 2002
45 293 2000
103 289 1988
204 251 1979
18 260 2004
94 288 1974
150 208 1997
199 302 1993
239 260 2000
41 221 1970
61 153 1985
55 95 1974
121 272 1959
97 192 1980
32 36 1981
1 57 1949
52 288 1987
130 268 2004
3 305 2004
88 168 1954
53 307 1966
44 302 2006
66 290 1990
269 280 1983
102 211 1952
103 278 1957
250 287 2001
52 165 1953
18 149 1974
109 255 1977
214 251 1974
88 209 1953
109 177 1982
148 186 1979
23 284 2004
126 147 1985
6 276 1956
67 109 1988
132 226 1969
9 131 1963
28 30 1960
7 211 1960
62 156 1968
150 296 2002
80 182 1963
70 167 1999
101 265 1972
129 204 1978
137 155 1976
28 187 1950
109 262 1986
196 291 1950
37 112 1997
24 191 1996
14 304 1955
168 204 1980
234 271 1965
52 224 1998
168 217 1997
187 280 1959
27 142 1981
260 281 1985
8 225 1988
30 41 1974
131 155 1986
227 309 1963
90 170 1955
190 286 1978
138 253 1979
132 213 1981
178 266 1993
63 120 1984
124 305 1996
172 270 1990
126 195 1993
84 144 1976
46 100 1968
37 265 1953
33 69 1978
91 287 1989
144 250 2003
64 265 2005
78 202 1960
92 307 2005
46 76 1955
182 197 1976
158 269 1976
11 267 1993
26 146 1955
138 282 1992
82 189 1965
175 258 1992
10 87 1969
129 263 1984
102 129 1969
25 57 1982
73 151 1988
93 215 1950
204 266 1991
90 264 2007
164 297 2004
107 269 1966
154 201 1958
62 189 1950
145 235 1993
190 252 1995
142 227 1987
135 146 1959
99 269 1963
150 220 2005
34 186 1954
84 96 1958
30 185 1991
12 73 1992
134 287 1960
239 264 2006
80 284 1970
227 243 1952
293 297 1987
147 304 2000
1 71 1959
13 96 1969
128 297 1970
14 51 2001
12 87 2003
89 285 1955
103 150 2006
70 305 1997
237 245 1962
150 252 1989
43 80 1979
291 304 1991
34 270 1980
247 270 1958
118 193 1993
226 253 1975
38 286 1971
14 43 1980
12 202 1981
87 98 1959
29 68 1960
8 46 1977
114 130 1963
103 166 1960
73 166 1970
85 104 1951
81 299 1970
35 206 1998
54 276 1952
107 259 1993
67 255 2004
116 180 2001
35 61 1993
84 221 1972
248 276 1981
216 234 1950
87 232 2005
162 172 1972
31 237 2007
61 86 1997
19 246 1965
141 266 2001
118 125 1976
257 293 1962
7 290 1963
50 164 1968
97 183 1992
158 270 1975
172 267 1985
19 287 1994
164 310 1967
195 271 1949
40 91 1978
24 169 1956
108 145 1988
38 246 1973
30 182 2001
96 143 2007
55 62 1954
103 215 1973
42 151 1998
66 196 2005
222 265 1959
102 295 1971
45 102 1991
85 88 1982
169 288 1951
159 244 1991
196 294 1955
145 221 2004
226 291 1968
50 237 1974
201 297 1954
19 237 1955
227 240 1990
1 223 1991
176 180 1990
1 37 2007
175 181 1954
118 171 1982
207 232 1966
101 210 1991
185 290 1962
70 133 1976
54 187 2002
63 151 2002
297 309 1958
52 291 1963
184 270 1954
123 239 1958
104 210 1974
4 220 1956
217 304 1962
156 184 1991
158 264 1985
199 271 1960
77 188 1999
109 129 1983
85 94 1981
8 11 1999
73 106 1949
1 250 2007
149 248 2001
212 310 1982
12 127 1962
81 204 1982
31 178 1948
37 65 1948
72 185 1964
101 302 1970
190 277 1989
206 310 1984
191 278 1973
77 151 1962
61 141 1949
65 264 1973
103 149 1985
119 141 1950
228 298 1958
161 186 1976
116 280 1954
31 81 1985
116 229 1997
230 289 1999
58 235 1966
11 195 1998
241 246 1993
26 263 1979
52 186 2007
38 47 1976
90 289 2007
16 47 1953
20 179 1974
81 225 1980
57 202 1980
104 277 1997
214 230 1951
23 107 1957
178 203 2004
109 111 1990
104 182 1981
8 293 1992
9 310 1979
8 203 1995
227 239 2003
43 168 1968
45 224 1983
81 266 1951
33 109 1971
251 257 1969
259 307 1968
89 159 1989
28 222 1977
186 276 1995
37 125 1996
46 122 1975
191 225 1952
111 195 1960
144 283 1993
60 273 1954
37 247 1958
24 275 2001
72 85 1949
47 109 1993
169 304 1997
99 196 1976
11 241 1955
147 153 1968
26 204 1999
103 299 1962
245 256 2004
52 177 2006
237 300 1977
220 240 1991
22 180 1979
28 207 1990
32 162 1950
6 223 2007
26 110 1958
90 181 1964
63 102 1954
1 117 1978
134 303 1953
112 213 1982
153 176 1966
98 246 1987
63 266 1965
158 223 1985
105 238 1968
114 143 1993
32 212 2006
115 224 1967
106 128 1975
261 305 1972
19 207 1954
99 158 1974
25 217 1968
133 210 1999
82 92 1993
162 217 1980
3 285 1968
188 202 1986
56 250 1986
177 181 1969
82 199 1985
21 190 1960
131 295 1953
265 289 2007
212 245 1968
241 260 1987
107 174 1958
133 203 1952
107 113 1952
225 277 1967
67 304 1951
37 274 1953
96 255 2001
29 183 2005
131 283 1956
161 207 1993
187 241 2004
51 246 1948
139 303 1986
288 294 1969
16 263 1990
223 258 1980
35 58 1974
245 278 1990
202 309 1973
34 185 1976
13 93 1973
19 86 1975
121 187 1996
215 281 1992
115 214 1993
184 302 1957
123 233 1959
31 119 1964
146 283 1980
35 277 1996
183 221 1961
102 136 1952
125 197 2005
78 302 1968
144 203 1955
10 65 1963
84 159 1967
35 149 1955
180 219 2006
144 152 1988
60 302 2006
14 24 1956
73 178 1988
152 176 1977
148 252 1970
119 257 1972
43 219 1956
104 140 1956
163 166 1952
286 305 1956
198 219 1987
99 225 1992
79 127 1957
169 188 1988
75 157 1952
223 235 1952
89 123 1949
164 301 2000
32 288 1952
112 178 1971
30 271 1964
110 181 1963
4 120 1958
150 246 1965
214 252 1968
188 225 1970
83 209 1951
7 11 1954
45 307 1950
59 93 1950
58 267 1967
31 279 1983
142 150 1953
32 74 1964
33 114 2001
21 143 1990
28 168 1988
57 228 1993
193 247 1968
105 217 1965
9 193 1989
127 147 1997
53 139 1991
21 267 2007
35 178 1967
151 203 2004
71 140 1999
11 268 1954
13 202 1981
46 111 1992
43 120 1998
68 149 1988
2 309 1964
6 18 2003
172 207 1999
254 301 1991
92 171 2006
241 257 1955
33 238 1960
112 150 1957
178 217 1965
56 67 1954
225 257 1994
26 244 1975
181 190 1997
149 183 1998
201 306 1989
178 297 1979
84 260 1961
209 255 1976
228 296 2007
125 252 1974
131 239 2002
37 69 1959
38 146 1973
45 229 2007
30 44 1975
153 192 1989
22 172 1982
41 284 1998
167 227 1997
121 263 1967
247 289 1993
15 168 2005
101 132 1963
113 266 1978
8 266 2003
24 246 1984
78 152 1974
145 258 2000
79 155 1995
24 198 1979
65 190 1954
2 127 2006
88 182 1991
102 250 1971
3 253 1955
178 228 2001
64 110 1989
202 280 1970
7 74 1961
133 249 1976
192 263 1977
42 301 1980
218 239 1967
181 292 2003
107 191 1948
237 263 2007
4 223 1997
108 225 1991
152 307 2005
83 283 1995
138 247 1989
88 248 1964
85 243 1959
49 114 1951
62 198 1963
133 159 1979
124 190 1987
185 273 1985
142 154 1970
179 197 1955
26 280 1951
52 239 2000
112 251 1993
121 244 1976
89 200 1981
99 292 1996
126 181 1978
36 244 1998
66 118 1994
270 304 1972
54 252 1980
99 134 1993
79 268 1992
186 235 2000
47 67 1954
159 235 1990
186 193 1955
136 171 2005
250 275 2006
166 176 1962
147 174 1951
87 96 1952
30 158 1963
11 259 1971
44 102 1985
260 305 1989
110 156 1982
4 172 1969
148 222 1952
202 304 2005
112 249 1962
8 114 2005
238 265 1962
35 83 2006
63 197 1967
144 232 1983
79 244 1952
57 265 1986
96 113 1983
47 199 1960
1 82 1965
167 275 1994
107 178 1998
42 101 2006
92 185 1975
188 247 1949
72 231 1985
18 225 1995
17 177 2004
17 38 1949
96 207 1986
86 272 1951
8 226 1980
206 263 2000
3 298 1973
251 279 2004
46 222 1953
188 228 1949
95 310 1959
81 103 1973
65 290 1972
182 245 2000
65 98 1968
154 186 1994
194 213 1977
253 293 1955
16 128 1963
43 212 1981
120 248 1999
109 259 2003
14 198 1981
106 182 1994
46 293 1949
64 76 1998
21 50 1961
84 282 1983
66 256 1996
126 213 1986
92 93 2003
14 86 1990
262 310 1968
35 69 1953
184 263 1994
11 77 1999
4 176 1951
140 218 1966
137 210 1985
53 98 1968
72 80 1954
236 242 1981
225 261 2000
74 157 1960
21 68 1968
191 281 1999
59 193 1961
158 232 1999
25 29 1951
277 307 1999
175 248 1982
129 168 1971
259 264 1995
61 256 1959
102 164 2005
210 306 1955
217 262 1962
198 305 1973
72 150 1964
104 133 1951
29 156 1984
127 180 1971
147 206 1984
72 210 1996
255 276 1951
15 122 1972
28 195 2004
143 254 1955
26 85 1957
250 284 1986
35 288 1965
132 157 2000
79 132 1982
69 250 1965
164 212 1990
94 197 2007
204 280 1982
220 277 1995
43 149 1986
77 92 1988
60 196 1996
223 299 1964
112 145 1976
205 209 1984
12 206 2005
121 147 1998
202 298 2007
273 298 1961
166 293 1979
46 81 1968
7 18 1969
35 261 1981
49 273 2004
40 61 1959
36 266 1967
22 168 1974
92 225 1996
59 281 1974
53 89 1970
89 234 1975
188 244 2003
86 91 1968
122 160 1981
158 298 1960
135 309 1973
280 310 1964
153 287 2005
66 293 2004
109 199 2001
202 296 1976
1 275 1988
42 156 1962
228 233 1989
51 296 1993
211 222 1948
49 232 2002
48 86 2003
121 126 2005
54 200 1948
198 213 1985
183 209 1967
194 197 2003
161 200 1950
127 237 1989
7 31 1972
86 119 1966
166 190 1995
101 215 1950
6 57 1956
97 274 1991
88 187 1963
25 189 2004
52 255 1980
43 47 1978
144 294 1963
187 229 1969
116 133 1949
66 73 1970
83 245 1990
22 148 1999
122 256 1967
160 207 1974
245 250 1950
78 157 1954
21 33 1974
88 201 1974
215 272 1989
43 243 1995
47 257 1991
87 147 1991
121 269 1998
125 216 1969
266 291 1962
230 302 1964
53 222 1977
36 185 1959
68 89 1958
233 248 1976
24 197 1958
154 305 1977
44 75 1983
275 285 1956
37 121 1989
274 305 1970
28 93 1953
196 242 2003
30 69 2005
280 309 1980
79 136 1983
154 299 1974
81 202 2007
138 296 1991
33 265 1949
70 154 1962
32 294 1975
45 77 1973
168 298 1967
80 248 2003
230 294 1948
221 248 1968
120 214 1952
66 309 2003
201 205 1964
141 146 1963
131 166 1951
194 263 2004
22 183 1997
7 57 1962
116 117 1957
16 173 1976
57 95 1996
48 55 1999
122 231 1992
15 186 1986
10 213 1976
163 264 1994
70 220 1962
42 264 1961
78 183 1963
78 276 1977
107 156 1979
217 270 1949
155 189 2001
86 190 1967
98 129 1972
11 106 1969
83 181 1983
10 173 1971
30 32 1966
212 305 1969
52 262 1967
175 188 1953
44 91 1975
178 209 1998
297 306 2002
173 265 1984
86 202 1991
3 71 1957
106 256 1980
37 295 1960
86 288 1987
130 237 1954
179 305 2007
135 295 1987
153 266 1964
228 305 1966
75 259 2005
112 165 1992
188 296 1985
80 181 1975
82 194 2005
35 304 1965
3 196 1994
16 95 2001
43 116 1982
159 200 1977
89 122 1987
223 239 1994
17 217 1997
8 214 1989
23 289 1988
41 242 1951
111 183 1995
165 167 1996
73 156 1954
167 209 1989
124 270 1965
34 232 1994
183 217 1980
205 270 1985
17 270 1957
22 71 1968
51 98 1999
208 268 1948
296 304 1982
28 61 1973
6 160 2000
64 139 2004
230 235 1997
167 214 1986
21 222 1954
150 175 1998
47 275 1998
133 230 1974
75 298 1989
88 162 1981
52 80 1953
25 247 2006
271 276 1972
40 181 1957
158 205 1990
20 142 1959
39 107 1949
60 84 1974
72 212 1995
3 293 1994
168 283 1952
175 243 1956
254 259 1964
70 310 1958
165 207 1965
54 173 1994
62 216 1951
89 163 1962
1 244 2002
255 263 1948
170 257 1982
148 200 2000
158 248 1978
26 236 2005
102 108 1954
9 215 1993
167 300 1953
106 148 1959
84 253 1966
73 177 1963
65 159 1972
138 305 1956
57 297 1986
223 244 1998
4 294 1986
77 222 2000
66 121 1952
15 99 1985
57 113 1980
150 184 1981
264 310 1967
36 195 1978
139 226 1995
76 99 1964
220 310 2002
107 164 1949
57 96 2007
43 162 1987
27 56 1963
53 264 1989
57 117 1977
75 89 1989
57 224 1987
112 250 1959
17 216 1952
143 202 1952
19 115 1954
123 176 2006
107 207 2001
26 185 1961
62 121 1959
237 261 1989
155 187 1965
59 107 1974
123 262 1955
3 245 1976
80 115 1960
92 142 1959
140 256 1973
246 281 1959
135 267 1990
75 156 1954
124 156 1990
171 308 1992
220 246 1976
29 198 1977
181 194 1960
135 216 1987
122 252 1970
44 255 1978
93 304 1995
11 290 1963
91 157 1952
60 274 1993
13 244 1955
87 226 1950
100 142 1965
116 249 1983
232 270 1987
52 79 1960
88 119 1976
69 125 2003
151 275 2004
62 68 1960
172 231 1996
99 172 1984
5 8 1974
101 300 1962
80 256 1991
88 137 1954
135 183 1963
12 63 2005
42 84 1959
168 232 1963
78 168 1984
39 279 2004
103 147 2006
48 183 2000
129 302 1977
88 204 1970
65 106 1953
96 287 2003
236 289 1977
230 271 1965
87 156 1995
41 290 2002
148 259 1951
70 271 1980
53 285 1986
36 163 1950
133 261 1973
14 63 1982
280 301 1958
113 221 2002
71 211 2002
35 193 1962
18 150 1952
75 226 1991
65 130 1970
31 118 1994
78 247 1996
13 227 1983
139 260 1987
279 304 1978
134 199 1976
105 256 1961
12 52 1994
74 100 2000
117 207 1950
94 296 1970
140 198 1969
61 287 1990
20 23 1984
112 129 1976
148 208 1986
215 278 1991
30 45 1971
90 111 1960
243 303 1951
6 277 1994
75 300 1958
127 162 1950
179 262 2002
108 148 1959
212 261 1952
14 187 1964
90 178 2000
77 185 1960
139 276 1991
87 238 1995
209 216 2006
154 237 1948
205 220 2007
64 119 1985
125 278 1953
15 276 1981
22 192 1951
180 302 1952
197 202 1967
116 239 1978
114 193 1969
72 173 1984
144 239 1977
69 161 1993
55 189 2003
14 227 2005
64 251 1979
42 286 1972
65 196 1976
157 181 1959
157 166 1970
39 248 2002
181 208 1973
224 225 1985
211 271 1969
52 205 1952
167 189 1998
70 86 1951
153 154 1989
51 242 2004
42 139 2001
70 258 1969
248 274 1951
6 234 1965
119 211 1970
117 187 1978
157 224 1993
198 217 1954
46 234 1965
191 223 2006
235 244 1971
39 71 1985
22 251 1957
257 260 1987
46 145 1984
177 308 1955
32 173 1966
112 137 1955
6 16 1958
224 276 1976
27 206 1990
11 191 1997
68 139 1952
8 190 1950
178 184 1968
3 12 1989
41 235 1995
119 142 1948
237 258 1987
128 189 1962
6 259 1951
191 210 2000
168 192 1990
92 112 1965
202 250 2004
46 147 1950
71 283 1975
109 293 2003
41 148 1968
1 64 1976
104 292 1954
59 64 1960
142 293 1992
81 185 1996
102 306 1979
258 289 1970
214 285 1950
30 192 1981
107 288 1968
72 73 1971
12 41 2004
12 150 1950
252 292 1949
55 178 2001
275 302 1990
141 232 2003
107 296 1986
182 190 1959
49 268 1948
120 249 1984
9 29 1948
107 151 1999
89 145 1962
22 194 1976
138 258 1958
92 173 1968
46 282 1997
136 179 1987
63 244 1967
296 299 1980
12 84 1993
63 194 1975
82 120 1960
18 36 2007
9 81 1988
21 307 1975
110 205 1951
143 279 1987
5 291 2002
28 38 1999
87 293 1991
62 206 2000
61 265 1967
61 249 1980
216 294 1976
45 162 2002
112 158 1949
189 259 2001
178 276 2003
99 264 1991
7 246 1973
104 237 1959
226 257 1968
131 178 1959
185 191 1969
105 119 1989
65 132 1972
84 295 1969
10 102 1990
19 77 1964
62 203 1977
256 272 1983
87 284 1981
110 263 1965
178 220 2007
84 224 1977
137 141 2005
234 236 1979
75 279 1983
235 281 1957
181 207 1972
104 176 2000
156 209 1991
14 222 1992
183 214 1983
119 284 1982
86 286 2006
245 269 1984
259 282 1984
163 272 1949
8 217 1972
190 237 1974
85 175 1993
56 130 1954
182 232 1983
48 138 1957
148 274 1999
90 265 1969
145 305 1984
140 213 1959
255 304 1996
12 122 1996
9 98 2001
105 213 1959
36 189 1955
148 298 1958
154 191 1976
87 243 1975
18 61 1966
139 186 1966
21 290 1959
33 230 1994
137 289 1989
101 195 1996
103 137 1983
224 254 1974
103 174 1971
37 231 1951
30 195 2004
93 174 1967
217 238 1956
30 75 1951
119 182 1989
48 89 1969
187 304 1984
269 304 1980
117 229 1956
59 225 1997
79 110 1949
167 295 1984
168 230 1985
52 199 1970
2 96 2001
58 230 2007
134 235 1967
35 293 1964
157 249 1951
2 90 2003
197 215 1981
7 117 1961
222 254 1949
104 253 1972
57 147 1961
30 268 1993
91 181 1979
48 57 1967
68 73 1949
67 277 1971
159 193 1970
146 301 1980
65 189 2000
1 194 1962
132 180 1951
154 155 1963
79 142 1949
30 99 1993
88 240 1995
25 242 1957
70 213 1967
28 216 1963
90 95 2002
3 299 2004
35 171 1978
58 133 1982
127 309 1986
126 139 1985
1 297 2000
77 132 1974
147 221 1970
63 104 1967
215 284 1950
5 105 2006
26 147 1981
24 52 1961
23 33 1965
219 269 1997
220 266 1972
42 111 1985
44 117 2007
65 280 1961
180 185 1955
40 109 1981
17 135 1960
45 89 1979
188 304 1991
77 90 1978
19 109 1970
63 164 1994
74 276 1959
38 121 1950
14 49 1992
193 267 1950
63 231 1970
18 212 1955
59 224 1963
165 262 1992
166 178 1975
63 90 1986
84 272 1979
72 74 1969
113 133 2006
84 120 1993
23 280 1994
126 252 1951
47 226 1954
113 247 1952
91 208 1950
171 205 1982
137 175 2005
3 259 1965
75 158 1950
106 300 1963
85 96 1984
197 226 1966
7 120 1998
52 286 1987
82 113 1977
133 302 1974
10 78 2006
169 268 1951
206 288 1961
86 201 1990
266 280 1961
13 221 1966
12 279 1953
4 132 1958
10 139 1993
127 227 1948
129 307 1966
43 91 1969
189 206 1966
250 293 2000
58 177 2006
106 309 1975
6 99 1975
70 83 1990
54 79 1966
179 282 1951
31 283 1960
37 223 1978
48 163 1982
35 302 1960
47 120 2006
122 131 1965
51 108 1984
29 105 2005
140 310 1977
70 307 1966
86 300 1984
40 156 1958
84 135 1959
105 172 1948
69 94 1961
176 191 2005
165 246 1980
25 162 1988
278 295 1973
15 86 1960
127 150 2002
49 124 1996
16 295 1992
75 204 1981
33 248 1969
151 298 1948
32 189 1982
98 285 1965
54 115 1978
216 253 1978
94 292 1993
36 150 1978
125 281 2003
98 199 1958
60 115 1948
24 77 2001
117 230 2005
27 88 1999
6 253 1951
250 277 2007
247 257 2005
103 275 1968
183 264 1954
164 230 2006
211 242 1968
2 161 1955
95 123 2000
184 239 1963
15 281 1993
100 147 1973
39 289 1949
182 289 1951
237 284 1964
94 145 1962
56 107 2004
175 192 1999
43 276 1998
9 183 1962
53 247 2002
7 76 1996
210 268 1984
31 229 2006
237 306 1990
42 133 1980
28 226 1993
241 258 1988
35 188 2004
57 190 2006
184 265 1968
121 224 1994
73 103 1958
22 106 1954
9 50 2000
102 280 2007
196 270 1966
118 211 1962
262 271 1992
75 214 1968
76 95 1954
67 251 1972
153 263 1999
210 304 2004
253 267 1970
13 157 2003
31 221 1998
73 280 1989
32 166 1949
138 175 2001
94 274 1968
189 308 1964
7 93 2005
36 227 1980
80 229 2003
132 176 1991
108 283 1972
1 140 2001
136 139 1978
13 42 1953
251 294 1959
4 302 1978
62 266 1949
242 253 1995
33 278 1950
41 132 2003
50 288 1998
9 135 1996
50 245 1999
301 310 1981
266 279 1971
47 247 2002
86 114 1983
20 73 1968
116 305 2003
10 45 1987
14 231 2000
12 103 1968
99 169 1979
17 202 1984
33 51 1958
15 221 1992
95 297 1989
1 220 2006
122 128 1988
15 21 1992
46 172 1977
30 77 2007
18 259 1998
14 19 1969
94 171 1988
262 307 2005
29 305 1952
37 104 1977
15 18 1965
273 295 1952
35 68 1999
173 207 1994
25 49 2002
191 236 1995
139 265 1960
259 300 1978
122 264 1961
64 293 1984
192 282 1965
91 193 1973
60 126 1962
35 138 1959
38 151 1995
87 303 1987
181 206 1958
109 257 1994
34 45 1983
76 226 1996
29 132 1968
17 123 1985
17 286 2004
94 156 1992
183 275 1958
170 299 1974
95 100 1979
23 275 1995
171 241 1963
105 138 1956
22 209 1999
105 275 1982
34 62 1953
44 194 1955
58 271 1981
85 275 1948
186 303 1999
170 276 2002
83 164 2004
28 132 1988
167 248 1966
169 291 1971
165 232 1996
84 91 1993
180 305 1951
163 283 1953
130 198 1975
12 75 1999
86 273 1978
207 228 1959
1 305 1975
214 280 1966
61 172 1994
88 270 1949
119 147 1971
119 135 1974
113 169 1997
113 166 1948
213 216 1982
265 307 2001
67 80 1954
54 300 1979
41 57 1968
115 147 1980
190 229 1991
61 235 1949
199 209 2006
14 188 1949
136 223 1977
117 210 1996
184 296 2004
4 291 1999
2 67 1972
11 125 1954
172 196 1991
158 231 1996
95 121 2007
105 216 1968
20 154 1967
50 83 1968
55 139 1965
17 234 1961
251 259 1998
43 109 1949
137 174 1951
170 205 1981
121 206 1985
52 249 1963
140 258 1999
85 267 1957
98 185 1977
175 227 1959
18 37 1973
231 243 1989
114 238 1973
54 98 2002
69 81 1954
29 239 2006
148 196 1980
36 254 1954
109 140 1961
149 234 1977
67 278 1972
222 293 1987
10 151 1997
84 268 1966
247 261 2002
62 222 2001
21 56 1974
222 228 2005
238 295 1950
167 243 1987
12 290 1992
109 118 1956
84 266 1957
149 260 1949
170 297 2003
108 164 1972
101 260 1983
155 234 1982
41 74 1958
129 133 1993
119 207 2002
96 194 1990
131 244 1986
180 197 1965
9 27 1987
261 274 1953
102 293 1984
2 48 1958
90 163 1975
263 271 1986
8 18 1948
152 216 1989
165 295 1979
117 164 2005
213 234 1954
141 157 1977
49 245 1998
82 211 1983
18 101 1974
35 91 2005
60 199 1994
240 299 1991
103 296 1954
50 51 1959
290 309 1961
136 255 1989
119 181 1988
77 134 2000
199 265 1957
26 251 1967
80 150 1977
109 174 1990
35 148 1975
184 203 1984
4 247 1982
101 201 1962
195 276 1952
29 82 1964
117 296 2001
236 309 2001
136 190 1993
59 182 1975
242 273 1970
129 170 1957
124 296 1972
148 163 1980
32 256 1974
82 222 1956
23 163 1983
5 142 1948
15 215 1988
38 157 1993
83 107 1959
70 98 1957
55 275 1989
129 188 1961
27 231 1958
64 237 1983
253 294 1982
124 288 1951
140 259 1948
29 266 2002
188 210 1999
141 262 1979
137 271 1999
82 225 1955
8 253 1996
26 284 2000
116 271 1994
19 128 1958
8 257 1967
119 301 1957
78 147 1982
32 286 1969
31 257 2005
142 249 2001
49 163 2007
240 308 1990
21 98 1990
90 294 1950
107 309 1971
109 297 1979
183 289 1950
14 73 2001
69 265 1983
89 250 1987
83 179 1975
272 287 1956
134 181 1948
72 190 1995
1 221 1960
14 288 1989
5 114 1970
159 251 1967
196 197 1997
86 105 1956
18 255 1973
30 181 1999
140 214 1977
187 236 1998
191 221 2003
39 77 1950
242 249 1970
212 271 1962
159 162 2007
214 226 1982
229 237 1986
41 139 1974
8 29 1962
68 122 2004
258 308 2002
43 155 1980
152 240 1954
60 255 1952
34 98 1992
164 224 1969
9 94 2002
24 301 1985
23 133 1996
213 230 1989
99 201 1990
25 249 1962
37 118 2005
123 279 1951
52 178 1991
254 290 1973
51 103 1990
209 279 1998
214 263 1997
79 125 1962
54 91 2003
195 219 1969
44 157 1994
49 310 2005
101 134 1986
168 184 1976
250 297 1954
208 284 1972
74 127 1991
97 284 2007
144 248 1991
7 220 1966
58 219 1976
54 204 1989
92 125 1991
235 262 1957
227 305 2000
77 216 2000
155 301 2005
96 137 1968
183 283 1949
16 51 1951
98 153 1991
117 156 1951
6 72 1996
140 223 2004
38 181 1953
53 72 2000
55 255 1958
52 245 1966
142 288 1958
85 179 1972
151 189 1969
117 199 1956
196 198 1999
82 214 2000
1 12 1983
120 139 1989
157 263 1974
20 281 1993
4 179 1969
170 234 1972
100 206 1990
65 127 1997
207 305 1983
70 81 1959
20 126 1974
81 293 1966
129 262 1983
40 75 1963
77 254 1954
48 181 1994
144 155 1952
80 203 1986
107 112 2006
34 298 2006
56 95 1989
17 148 1948
236 238 1963
160 232 1955
279 307 1981
155 221 1992
165 261 1984
17 291 1994
41 283 1975
65 87 1994
96 191 1968
110 202 1987
72 277 1987
167 212 1980
186 300 1969
115 283 1974
82 193 1993
107 145 2002
4 204 1971
193 265 1949
101 243 1997
120 266 1990
96 273 2003
46 71 1975
143 214 1957
2 120 1969
122 177 2003
76 164 2006
79 152 2005
135 303 2004
31 204 1971
2 253 1971
26 83 1964
109 238 1960
94 152 1986
86 238 1958
8 243 1998
119 173 1999
5 238 1971
54 212 1984
133 196 1999
95 276 1971
196 231 1992
193 299 1981
67 299 1975
129 259 1987
208 257 1961
81 142 1964
206 247 1953
257 301 1951
85 216 1980
104 208 1999
61 234 1949
135 161 1971
237 290 1957
55 303 1993
4 182 1953
48 293 1984
151 271 1978
133 162 1974
69 222 1957
252 283 1980
26 133 1979
199 293 1974
44 226 1965
75 186 1979
85 162 2006
3 17 1967
72 122 2007
125 277 1993
39 232 1966
142 199 1992
47 74 1984
146 223 1974
154 178 1977
127 265 1963
48 139 1981
19 87 1976
106 158 1960
137 279 1991
101 125 1951
85 291 2005
1 109 1984
100 244 1980
185 236 1963
194 258 1959
49 94 2006
46 256 1962
85 221 1956
9 265 2005
47 148 1973
246 285 1979
70 288 1961
36 200 1974
58 145 1998
161 250 1999
200 230 1963
111 246 1948
97 224 1974
201 245 1954
174 213 1977
56 282 1979
231 257 1951
171 223 1996
50 188 1972
59 169 1964
87 101 1972
172 212 2003
83 115 2004
12 244 1982
210 275 1953
32 143 1957
139 306 1990
26 59 1956
77 124 1949
136 235 1991
140 298 1965
174 233 1999
54 235 2001
8 12 1954
6 33 2006
236 276 1989
173 183 1994
32 214 1979
183 204 2001
7 168 1950
289 302 1959
48 260 1967
33 194 1952
59 205 2002
63 193 1972
53 246 2005
61 151 1976
79 300 1989
14 256 1969
169 220 1994
197 211 1962
75 180 1974
230 242 1985
286 310 1970
230 243 1963
31 295 1968
24 228 1990
187 206 1983
222 253 1981
84 220 1966
91 219 1984
107 197 1959
126 159 2002
14 88 2005
18 190 1985
36 176 1965
26 233 1995
78 232 1950
61 233 1956
136 296 1989
55 306 1994
115 196 1979
10 273 1955
112 113 1960
66 210 1987
191 298 1973
155 269 1958
20 182 2002
31 129 1960
176 233 1971
120 207 1969
59 99 1953
112 217 1968
203 283 1994
39 269 1951
92 119 1978
57 142 2003
286 287 1994
63 135 1981
119 175 1995
133 284 2004
150 294 1988
125 240 1999
11 204 1960
14 248 1950
103 107 1969
53 56 1949
48 54 1986
144 275 1993
58 218 1965
267 307 1971
138 232 1966
221 282 1967
88 144 1977
90 121 1995
138 155 1991
182 247 1957
97 287 1993
40 177 1955
150 161 1962
192 229 1997
208 244 1964
233 278 1977
103 226 1993
144 165 1993
218 296 1979
17 79 2004
98 134 1986
15 27 1967
166 234 1955
85 224 1962
88 143 1975
111 242 1978
167 202 1996
41 154 1964
108 109 1951
48 249 1994
45 161 1949
36 124 2005
149 185 1951
102 180 1997
24 263 1993
258 290 1949
124 194 1981
65 99 1981
74 266 2000
201 287 1961
60 258 1963
16 274 1997
17 225 1999
77 107 1971
33 269 1974
15 55 2004
87 119 2003
230 296 1980
36 49 1982
31 192 1991
110 167 1949
198 223 2002
105 263 1957
50 208 1991
237 291 1998
180 262 1954
242 297 1980
177 179 1989
28 117 1987
199 250 1956
263 301 1993
86 116 2000
23 108 1973
153 227 1951
57 84 1974
8 250 1963
72 295 1971
1 301 1984
57 81 2001
135 188 1978
203 245 1965
149 204 1962
41 273 1976
9 154 1949
202 230 1967
139 165 1963
104 200 1985
49 179 2000
18 235 1975
26 74 1976
15 257 2002
133 173 1999
77 154 2000
34 128 1974
117 177 2004
68 277 1970
151 213 1983
170 212 1952
99 230 2003
62 184 1960
51 207 1967
107 235 1948
57 206 1983
88 117 1989
12 22 1972
107 292 1975
61 137 1952
119 243 1971
7 289 1979
132 275 1982
111 187 2003
43 214 2003
193 285 1982
68 81 1965
166 269 1975
75 132 2006
38 218 2004
15 216 1995
221 273 1949
193 211 2005
82 202 2004
69 124 1971
57 62 1986
44 48 1967
44 221 1991
24 233 1981
47 197 1999
199 308 1989
278 305 1992
57 179 1955
169 229 1955
217 294 2001
77 240 1959
7 180 1973
139 293 1958
58 120 1955
24 37 1969
19 147 1956
38 62 1948
214 274 1949
13 205 1978
146 185 1983
40 249 2003
208 297 2000
139 304 1974
26 81 1953
36 138 1965
1 222 1971
43 229 1984
54 145 1955
144 309 1952
18 144 1984
113 139 1985
125 159 1977
202 295 1975
161 277 1977
40 228 1998
20 268 1975
62 257 2000
106 231 1988
20 56 2006
42 205 1988
137 190 1972
50 127 1956
195 247 1985
67 145 1994
62 129 2005
43 154 1973
123 149 1992
145 160 2000
234 300 1955
161 284 1982
23 37 1951
136 307 2005
26 140 1953
119 166 1953
136 261 2006
12 144 1979
198 238 1966
157 262 2001
112 138 1989
101 106 1971
113 124 1961
148 284 2000
243 282 1977
6 63 2007
145 170 1963
79 137 1995
114 241 1998
42 148 1956
17 208 2006
128 169 1990
64 82 1969
75 208 1961
245 277 1966
73 153 1948
132 173 2000
199 203 1965
102 269 1989
60 159 1970
14 299 1948
170 210 1986
232 234 1973
55 260 1976
27 234 1961
41 227 1951
78 118 1957
16 99 1986
40 140 1990
101 183 1990
4 130 1970
195 248 1966
9 228 1964
44 248 1988
275 292 1951
20 105 1993
157 188 1958
18 103 1968
151 305 1957
135 274 1966
116 227 1974
12 42 1961
38 174 1951
19 301 1963
93 150 1987
234 251 1959
56 214 2004
152 183 1957
152 169 1993
65 252 1974
152 265 1991
59 68 1967
115 191 1975
166 194 1949
71 291 1953
46 143 2004
118 253 2003
103 184 1958
74 211 1990
69 164 1985
126 208 1989
8 194 1952
42 242 1961
52 216 1993
82 128 1962
187 306 1981
126 202 1994
30 240 1981
34 55 1997
3 250 1968
189 278 1994
137 233 1956
143 182 1999
158 291 1997
89 150 1969
151 234 1980
104 154 1986
73 124 1950
221 259 1983
29 77 2001
83 106 1954
26 94 1959
31 88 1999
159 195 1965
102 114 1984
178 306 1992
173 290 1950
179 224 1970
209 253 1981
14 202 1993
90 250 1994
143 243 1976
32 273 1961
81 249 1969
7 119 1992
241 259 1986
55 116 1961
83 111 1967
13 102 1999
132 232 1962
162 302 2000
134 202 1967
11 296 1966
91 122 1983
185 233 1955
61 98 1965
53 195 1977
277 292 1993
252 280 1979
186 274 1987
78 162 1995
69 163 1980
147 194 1996
216 291 1960
70 286 1982
40 221 1978
22 268 1996
3 109 1955
42 213 1956
2 232 1980
54 203 1976
170 306 1953
208 232 1964
75 218 1972
36 251 2003
67 99 1997
179 259 2001
81 270 1991
75 205 1992
196 210 1981
157 295 1975
100 155 2003
39 195 1979
119 208 1969
113 138 1960
77 206 1994
6 228 1993
173 286 1977
114 119 1969
10 99 1970
20 78 1987
191 257 1978
277 301 1994
290 295 1963
62 111 1950
27 68 1976
2 239 1961
81 157 1967
135 143 1970
76 298 2007
27 243 1990
61 241 1967
1 134 1964
37 180 1988
15 30 1974
231 296 1979
34 74 1970
44 270 1970
56 166 1957
91 171 1971
252 290 1994
111 219 2007
52 111 1972
82 248 1977
90 201 1957
46 51 1972
30 64 1949
217 225 1961
143 261 1990
98 120 1988
37 181 1976
148 268 1970
103 224 1960
101 262 2002
118 303 1963
24 128 2002
46 251 1998
74 153 1972
42 142 1998
2 82 1960
62 258 1985
84 262 1986
12 46 1966
135 270 1970
89 156 2002
142 207 1971
68 229 1968
11 59 1994
30 93 2007
113 157 1997
118 309 1958
122 154 1953
22 144 1959
55 236 1967
91 256 1989
51 298 1974
35 88 1969
153 216 1948
170 188 1971
103 225 1953
211 297 1982
18 226 1967
120 237 1955
46 128 1990
97 174 2006
243 259 1966
199 285 1961
4 21 1993
101 310 1995
152 276 1985
68 135 1978
243 291 1981
162 228 1955
104 144 1981
267 293 1955
218 240 2002
59 186 2002
218 305 2004
41 202 1969
204 219 1981
37 224 1951
153 223 1960
180 290 1984
4 196 1967
15 48 1995
237 248 1970
56 182 1967
101 267 1965
103 196 1976
185 249 2006
25 116 1986
178 234 1983
40 103 1992
32 184 1959
164 207 1992
63 271 2007
66 135 1987
51 180 1953
62 272 1970
225 253 1981
215 244 1949
60 94 1965
9 31 1949
26 193 1989
105 304 1952
76 214 1970
20 254 2004
151 231 1979
117 219 1958
215 308 1998
110 282 1966
228 248 1968
76 206 1983
299 310 1979
167 238 1953
230 233 1974
109 127 1957
156 292 2007
35 66 1971
70 275 1971
247 301 1959
91 100 1968
148 251 1981
208 243 1972
8 65 1953
209 286 2002
54 172 1967
118 149 2005
14 232 1972
120 155 1996
152 228 1970
139 163 1995
191 224 1954
24 91 1979
44 49 2001
177 252 1971
38 310 1963
190 230 1960
8 132 1961
69 279 1966
51 79 1967
50 153 1982
146 166 1988
173 178 1965
133 138 1958
205 232 1979
14 80 1952
136 151 2003
187 305 1956
53 77 1996
91 111 1962
55 262 1951
59 179 1993
115 130 1990
63 115 1962
286 292 2004
24 151 1949
151 198 1999
46 166 2000
285 310 1968
94 192 1978
99 200 1988
161 190 1982
173 210 1976
92 261 1972
59 86 1970
192 228 1977
206 207 1956
124 242 1975
153 290 1994
186 223 1977
249 292 1999
29 62 1951
45 82 1972
69 227 1982
110 183 1984
10 74 1995
9 301 1952
125 185 1969
93 277 1983
246 277 1998
15 219 1997
27 211 1996
196 286 2004
204 209 1985
59 165 1992
169 277 1965
65 165 1967
173 255 1988
46 215 1961
238 266 2003
89 98 1982
85 213 1982
14 247 1993
57 223 1965
30 89 1972
224 249 1960
64 106 1959
3 32 1978
111 188 2002
138 270 1991
122 202 1948
110 267 2007
6 171 1963
22 265 2004
108 241 2006
30 183 1964
142 183 2000
237 243 2001
98 307 2002
35 125 1950
146 212 1954
14 290 1982
207 303 1974
92 103 1987
8 220 1973
26 71 1971
74 209 1983
96 253 1987
52 66 1998
30 187 1951
182 275 1950
144 258 1983
67 190 1978
145 298 1995
251 275 1984
49 173 1986
6 191 1998
74 149 1985
117 245 1997
143 266 1969
287 289 1959
103 221 1955
204 217 1979
42 140 1998
258 273 1977
207 243 1961
246 266 1969
9 185 1953
142 189 1975
284 298 1989
272 288 1962
159 294 2005
9 299 1979
218 273 1976
185 234 1994
206 237 1983
69 211 1981
150 217 1992
178 251 1951
181 268 2002
53 65 2007
71 288 1954
109 148 2007
182 196 1971
61 113 1965
139 213 2000
109 267 2000
47 80 1962
170 180 1958
68 94 2001
247 267 1959
124 227 2005
13 153 1996
150 160 2006
227 251 1998
107 139 1995
29 165 1991
137 212 2005
23 167 1949
123 272 1982
240 295 2000
31 286 1984
73 240 1979
240 245 1982
162 211 1961
27 271 2006
171 310 1983
51 300 1991
37 105 1977
13 284 1951
79 100 1990
71 77 1961
3 162 1995
163 215 2007
119 290 1980
291 292 1997
268 293 1990
169 306 2007
2 138 2005
12 86 1955
84 171 1979
63 217 1998
131 303 1974
23 62 1949
281 307 2004
28 299 1987
142 201 1994
11 46 1978
11 15 1968
175 273 1989
125 148 1977
218 289 1995
197 294 1958
7 91 2004
56 104 1961
138 295 1973
75 280 1974
94 138 1991
131 214 1960
87 107 1982
170 265 2004
199 202 1964
257 265 1989
253 258 1957
196 234 1967
21 215 1999
5 198 1961
66 89 2001
124 201 1981
147 193 1979
153 309 1978
117 233 1973
221 310 1948
104 290 1955
21 206 1953
72 175 1994
64 267 1963
287 308 1994
57 151 1951
160 231 2003
9 104 2003
12 140 1971
146 249 1958
27 284 1990
68 259 1953
16 231 1978
3 138 1981
44 184 1961
84 113 1952
40 105 1951
127 217 1962
20 29 1999
55 245 1976
299 305 1962
167 198 1956
134 193 2006
20 106 2005
58 101 1983
258 280 1954
102 273 1961
99 126 1949
43 264 1967
220 239 1961
236 281 1969
84 218 1981
248 284 1984
63 143 1959
216 300 1968
100 138 1971
87 246 1973
45 142 1979
23 110 1968
153 193 1993
96 205 2003
36 74 1992
104 171 1992
154 268 1968
277 291 1996
217 288 1981
65 244 1966
241 274 1964
185 195 1961
119 156 1959
138 291 1967
179 184 1981
219 236 1954
118 185 1948
227 233 1991
54 101 1990
52 173 1963
42 119 1989
156 238 1987
189 243 1987
18 53 1954
268 287 1976
218 219 1958
45 108 1976
4 89 1968
101 128 1955
45 249 1953
226 262 1952
42 161 1960
130 248 1989
93 246 1965
212 239 1972
51 156 1966
18 257 1968
59 297 1948
98 194 1955
86 279 1966
12 188 1967
70 243 1952
63 81 1976
105 136 1994
55 136 1950
6 134 1963
24 254 1978
43 103 1965
29 238 1949
77 150 1961
83 212 2001
79 285 1954
56 92 1992
80 128 1995
75 92 1970
115 309 1957
164 235 1967
20 104 1993
42 124 1986
152 282 2006
57 293 1952
87 266 1976
99 268 1975
205 231 1952
46 55 1968
19 263 1985
16 251 1989
176 299 1955
16 92 1982
165 242 1967
143 300 1955
32 241 1999
240 296 1958
98 213 1985
38 189 1983
138 238 1969
86 127 1998
128 244 1967
192 261 1965
208 219 1968
108 198 1990
281 284 1978
54 242 1973
241 272 1959
44 161 1948
67 112 1992
6 279 1980
210 245 1977
232 267 1974
69 132 1997
57 131 1983
33 152 1979
123 138 1976
15 227 1951
45 216 1997
107 136 1953
179 258 1961
17 29 1979
124 300 1979
21 174 1958
137 303 1985
136 291 1985
233 258 2002
112 143 1954
113 151 1983
230 295 1959
74 171 2000
112 187 1994
181 230 2004
97 131 1951
57 123 1991
60 96 1948
202 231 1973
109 131 1950
248 288 1971
13 24 2004
28 68 1969
106 209 1966
7 229 2002
162 238 1984
59 293 1967
11 89 1995
9 64 2002
200 301 1983
133 202 1948
193 238 1983
75 225 2003
181 202 1989
136 216 1989
115 302 1965
190 211 1975
79 111 1958
122 303 1990
131 135 1982
147 172 1955
243 290 1978
8 131 1984
20 124 1974
113 273 1989
136 229 1977
141 307 1983
189 241 2007
51 76 1959
39 68 1959
3 93 1975
52 149 1991
88 97 1982
96 103 1987
106 120 1992
86 154 1987
30 63 1990
109 288 1964
207 211 1992
140 160 1959
38 46 1963
154 167 1958
16 75 1994
61 262 1961
202 256 1967
153 308 1990
18 94 1971
189 203 1954
31 275 1978
60 244 1991
272 289 1991
129 275 1957
120 215 2000
90 258 1999
13 303 1991
212 279 1956
232 300 1994
1 40 1985
205 229 1980
63 110 1981
59 307 1982
294 310 1954
129 194 1981
68 189 1994
146 255 1968
33 125 1983
305 308 1993
140 182 1984
65 267 1978
115 271 1968
44 152 1993
68 266 1959
102 121 1996
30 150 2002
238 310 1953
52 89 1981
145 175 1999
19 135 1995
22 193 1994
223 274 1961
110 251 1953
22 239 2007
199 252 1962
125 209 2004
15 75 1953
88 189 1980
4 118 1959
36 232 1997
1 17 2006
135 220 1972
11 23 1978
38 293 1998
3 182 2003
69 195 1959
46 273 1994
116 139 1948
80 302 1976
19 47 1965
134 254 1971
67 223 1995
80 217 1975
11 300 2003
129 293 1955
49 180 2001
53 184 1988
215 236 1965
97 139 1976
117 286 1962
230 232 2002
91 159 1970
109 172 1992
113 206 1975
161 306 1978
91 190 1982
121 154 1978
153 251 1981
201 283 2000
28 183 1955
27 191 1993
44 290 1988
108 215 1948
15 62 1948
20 21 1979
20 58 1951
38 154 1988
192 259 2002
54 74 1990
166 219 1985
216 276 2006
37 257 1993
25 44 1974
252 260 1985
144 263 1999
10 269 1988
157 162 1994
113 195 1962
164 166 2004
126 215 1976
157 164 1978
186 229 1978
213 215 1974
181 227 1953
57 119 1950
211 214 1983
147 204 2001
29 192 1953
48 69 1981
69 72 1995
109 152 1950
107 241 1968
90 223 2003
8 121 1970
235 301 1983
68 192 1949
27 254 1948
76 250 2000
42 310 1980
6 168 1948
108 232 1950
4 96 1968
15 217 1990
137 157 1961
245 251 1995
181 209 1973
77 177 1975
166 287 1982
109 121 1970
305 310 1966
58 141 1966
74 77 1965
4 110 1987
162 218 1974
25 261 1973
95 193 1957
124 304 1971
74 247 2004
153 246 1964
12 221 1954
40 121 1979
199 305 1949
93 244 1987
120 259 1970
112 266 2006
8 79 1982
37 145 1969
57 304 1973
137 222 1970
169 258 1993
153 185 2003
243 286 1985
69 80 1972
173 203 1973
274 276 1964
212 230 1970
183 226 1956
36 87 2004
110 298 1951
25 82 1972
36 62 1974
143 191 1966
25 238 1954
118 197 1975
188 264 1982
10 52 1982
171 288 1952
104 115 2002
121 283 1964
199 215 1977
157 299 1990
151 184 2000
50 159 1951
112 233 1963
101 283 2000
210 220 1990
23 178 1960
112 292 1959
132 263 1968
150 206 1958
125 141 1999
19 79 1981
17 273 1984
188 253 1956
64 261 1997
115 138 2004
20 253 2000
3 232 2004
114 215 1988
217 274 1992
181 228 1986
120 204 1981
116 274 1991
127 268 2001
23 143 1962
25 149 1973
201 263 1965
146 195 1950
65 182 1999
112 186 1976
259 296 1992
1 102 2001
24 98 1987
221 268 1955
8 81 1984
25 203 2006
59 223 1972
132 202 1973
72 77 1980
169 246 1977
135 145 1998
222 255 1963
103 304 1968
56 108 2001
260 290 1983
8 296 1978
3 274 1964
136 258 1958
139 291 2002
188 221 1991
137 308 1967
45 223 1988
1 30 1983
23 242 1981
14 148 1963
41 254 1978
50 118 1990
2 270 1989
5 272 2004
210 252 1960
99 255 1959
137 203 1954
99 202 1961
69 120 1972
230 231 1949
17 186 2003
105 199 1964
106 289 1950
151 245 1976
212 287 1986
186 258 1966
180 256 1950
96 221 1971
78 286 1955
104 284 1966
10 44 1967
55 286 1986
175 191 2006
64 183 2000
70 194 1970
60 252 1955
235 243 1975
81 261 1976
52 217 1980
179 207 2007
40 184 1964
34 266 1987
121 226 1948
136 254 1977
123 179 1955
78 81 1983
14 155 1982
119 250 1997
1 152 2007
195 264 1951
104 149 1998
209 212 1972
110 139 1967
2 194 1975
72 292 2000
247 250 1972
197 281 2001
179 192 1968
93 208 1954
11 114 1984
109 277 1999
69 292 1974
40 289 1957
1 31 1988
61 63 1983
113 213 2002
203 248 1975
56 286 1975
74 205 1993
47 277 1950
188 230 1982
60 305 1961
41 91 1956
37 310 2002
27 67 1991
203 293 1969
116 205 1979
161 246 1991
111 302 1996
62 292 1968
158 252 1964
102 252 1999
4 184 2003
30 198 1960
164 222 1984
178 277 2002
83 219 1964
81 191 1955
123 150 1983
209 303 1997
167 223 1977
97 226 1983
119 127 1965
105 183 1998
34 217 1971
90 164 1968
34 166 2005
221 304 1984
24 66 2007
95 155 1973
259 271 1958
12 299 1995
178 305 1981
123 145 1960
67 105 1963
268 303 2003
229 269 1966
48 258 1994
16 21 1991
77 280 1996
134 189 1958
191 204 1984
37 140 1952
104 267 1981
36 246 1974
42 44 1961
196 302 1966
235 305 1959
37 264 1969
230 260 1969
30 261 2005
100 220 1956
70 250 1992
104 261 1994
93 200 1978
139 272 1962
2 32 1996
258 277 1992
56 77 1952
62 140 1978
79 97 1964
133 169 1949
128 268 2001
114 290 1969
128 194 1967
49 269 2006
145 301 1992
230 280 1989
160 209 1965
73 283 1949
73 244 1986
72 144 2002
16 68 1956
118 121 1986
111 152 1977
37 66 2001
98 281 1969
23 84 1962
12 239 1994
31 216 1952
62 286 1971
100 129 1974
168 287 1958
74 180 1962
132 254 1989
46 228 1966
139 262 1983
171 197 1979
61 308 1981
137 191 1951
29 272 1956
45 211 2006
52 192 2001
61 286 1982
55 131 1990
2 261 2000
73 160 1987
169 189 1986
151 206 1969
18 165 1999
196 213 1950
142 184 2001
2 33 1963
43 67 1950
19 183 1952
169 193 2007
268 307 1950
3 256 1993
250 258 1990
60 107 1978
36 272 1966
8 269 1990
133 212 1999
213 268 1959
251 280 2000
105 156 1950
81 155 2003
201 204 1995
100 310 1968
37 141 1965
117 292 1995
268 281 1976
12 117 1977
19 132 1981
2 150 1957
48 265 2001
203 274 1988
133 226 1971
85 121 1957
81 101 1984
137 161 1975
91 264 1995
134 234 1974
40 248 2001
174 289 1996
25 52 1991
122 274 2002
3 189 1977
80 246 1993
197 292 1954
49 58 1957
139 174 1958
156 268 1988
69 140 1995
43 137 1987
14 167 1996
2 299 1969
28 65 1968
97 112 1986
16 63 1983
115 194 1989
30 142 1980
74 299 1983
188 266 1989
176 196 1960
53 213 1949
129 146 1964
250 257 1991
46 75 1970
78 277 1950
128 292 1960
229 244 1955
190 214 1956
110 246 1957
262 297 1980
111 222 1995
99 208 1974
282 297 1961
56 267 1989
8 223 1972
285 288 1955
150 271 2005
47 290 1990
219 304 1986
55 223 1969
86 294 1966
21 183 2001
112 141 1967
247 288 1983
211 245 1948
100 259 2002
130 263 1953
89 251 1972
94 229 2001
203 207 2005
67 157 2000
47 224 1954
116 235 1954
176 182 1991
236 264 1998
82 110 1987
212 275 1984
195 268 1998
56 262 1980
3 168 1990
51 251 1967
104 131 1963
42 168 1989
149 245 1967
78 161 1963
110 284 1951
25 98 1989
134 286 1978
58 296 1998
105 262 1996
244 296 1970
86 220 1987
9 211 1971
101 158 1970
52 256 1967
113 294 1984
165 226 1976
102 113 1952
56 79 1967
214 220 1950
22 64 1963
51 152 1984
113 285 1980
4 191 1966
23 243 1954
96 308 1985
38 111 1948
155 273 1994
159 199 1970
170 214 1989
214 271 1989
264 289 1968
2 99 2007
135 149 1969
101 264 1950
24 120 2000
86 271 2001
200 238 1957
130 215 1977
168 299 1994
50 247 1967
177 283 1994
41 66 1963
68 278 1977
144 290 1975
7 235 2006
87 301 1975
29 159 1978
36 152 1977
15 158 1995
9 167 2002
75 97 1957
128 176 1978
188 206 2004
215 288 1970
186 198 1986
116 270 1958
9 277 1989
79 190 1953
148 228 1950
97 116 2002
11 152 1982
153 199 1980
136 271 2004
66 213 1984
244 297 1984
41 119 1995
233 241 1981
35 63 2002
127 241 1951
37 61 1953
74 223 1983
26 232 1997
76 293 2001
22 221 1960
89 152 1971
12 161 1984
160 188 1969
154 208 1992
210 263 1951
241 306 1994
150 292 1954
59 146 2002
128 166 1967
60 251 1969
18 281 2005
165 310 1994
37 199 1975
15 292 1952
96 229 1988
82 90 1951
18 277 1987
39 203 1954
14 36 1980
5 191 1963
61 118 1955
107 282 1978
60 62 1954
165 197 2002
43 121 1991
164 245 1966
80 155 1997
54 251 1956
143 190 1965
17 112 1966
52 157 1983
217 253 1994
116 125 1999
64 103 1960
156 180 1954
48 178 1970
27 240 2003
96 155 1956
20 125 1990
234 306 1951
135 186 1950
113 254 1970
115 246 1953
147 211 1992
68 181 1987
120 169 1986
133 295 1982
29 262 1994
162 270 1951
251 287 1979
101 205 1980
198 253 1971
21 305 1973
269 286 2004
68 251 1994
157 274 1988
153 280 1958
115 149 1996
248 287 1995
3 262 1951
243 246 1951
139 190 1969
52 309 1978
41 166 1960
30 40 1960
46 93 1975
79 270 1963
29 261 1968
1 197 2005
148 280 1958
126 262 1965
219 244 1962
152 194 1976
300 303 1960
13 246 1961
30 68 1995
83 165 1979
66 76 1987
189 240 1957
65 199 1963
111 282 1955
4 22 1967
231 256 1952
50 296 1991
64 197 1969
32 95 1992
25 143 1954
131 278 1962
39 242 1981
66 176 1998
76 288 1994
15 205 1964
96 267 1991
55 246 1965
95 266 1969
94 117 1968
129 220 1964
175 278 2004
16 54 1993
8 235 2000
77 261 2000
117 259 2002
103 207 1992
9 102 1976
33 193 1984
27 309 2002
90 246 2003
21 66 1996
120 209 1984
227 308 1957
154 275 1998
20 219 2004
107 308 1971
77 231 2004
43 139 1967
154 228 1997
138 208 1963
38 169 1985
6 306 1976
172 242 2000
72 218 1954
114 152 1982
132 156 2005
19 30 1984
3 219 1963
95 126 1961
9 202 1964
148 293 1982
192 249 1954
111 215 1971
31 79 1997
80 252 1989
135 241 1977
54 280 1961
113 121 1968
58 192 1990
26 78 2007
49 98 1998
77 106 1964
122 235 1988
15 58 2005
53 60 2001
78 117 2003
140 200 1954
71 107 1981
239 258 1949
2 308 1956
60 69 2007
140 175 1986
8 288 1961
186 212 1969
9 142 2006
69 146 1983
147 164 1985
7 147 1949
18 276 1975
33 226 2007
206 293 1968
47 205 1964
82 234 1966
36 276 1955
17 124 1977
114 223 1960
187 277 1979
119 307 2001
82 123 1983
2 75 1949
52 219 1975
130 210 1968
31 61 1995
241 244 1990
45 122 2001
57 106 2004
16 268 1984
152 242 1994
251 296 1969
127 204 1995
78 132 2006
257 259 1961
136 174 1983
61 126 1980
2 217 1957
34 100 1955
120 299 1997
21 302 1989
125 146 1952
9 65 1950
103 245 1980
136 164 1975
35 95 2006
118 280 1963
50 160 1965
31 306 2006
123 251 2002
223 247 1959
63 112 2007
45 303 1954
46 165 1966
80 241 1988
12 25 1948
90 147 1974
31 245 1969
109 219 1959
9 51 2007
106 217 1968
157 234 1997
16 156 1967
193 272 1951
222 306 1949
73 210 1964
99 198 1972
217 235 1987
265 269 1999
145 211 1991
182 299 1970
114 234 1991
39 40 1949
73 93 1973
26 306 2004
249 260 2003
127 235 1983
25 100 1959
190 280 1993
149 207 1971
87 269 1960
282 286 1976
84 252 1978
289 297 1975
191 260 1973
19 256 1957
29 298 1998
290 291 1952
48 167 2001
198 291 1969
62 153 1959
185 263 1951
26 174 1994
261 271 1979
150 214 1966
75 106 1995
3 16 1971
208 211 1966
113 214 1996
24 123 1958
145 220 1971
5 279 1993
266 274 1961
93 137 1953
116 168 1995
172 262 1963
40 60 1992
39 123 1984
228 308 1991
44 150 1977
66 211 1967
57 292 1985
11 161 1948
49 95 1992
37 154 1951
210 213 1960
17 20 1956
188 219 1970
79 302 1975
215 307 1998
110 197 1962
159 298 1950
172 244 1963
226 245 1960
67 268 1980
26 289 2001
47 232 1986
4 250 1997
184 233 1979
26 195 2001
35 123 2002
179 267 1973
89 91 1964
110 223 2004
72 263 2007
126 197 1967
153 167 1993
30 300 1951
56 109 1983
26 158 1993
138 196 1956
81 190 1958
79 114 1987
147 269 1976
186 294 1959
44 144 1982
32 107 1984
132 242 1989
41 110 1996
256 291 1980
184 289 1999
63 192 1954
47 234 1982
223 302 1998
1 188 1980
1 84 1995
26 189 1990
57 148 1975
51 239 1951
121 184 1971
210 255 1977
59 190 1951
66 94 1964
97 167 1974
151 169 1948
196 255 1969
161 252 1970
251 267 1967
59 258 1958
30 295 1988
10 250 1952
79 181 1957
125 198 1981
10 72 1988
302 305 1987
182 235 1953
52 303 1966
125 182 1994
117 237 1996
104 242 1974
228 276 1962
173 213 1997
176 292 1957
85 268 2006
15 81 1980
118 160 1995
126 207 1997
1 88 1972
13 261 2004
43 173 1963
216 261 1991
90 190 1968
232 244 1956
109 247 2005
1 87 1957
38 56 1950
59 120 1971
81 96 1959
25 108 1987
70 249 1968
220 265 1978
110 228 1976
72 257 1995
233 275 1953
55 143 2007
57 289 2001
220 301 1952
225 302 1970
32 155 1978
130 157 2003
130 188 1962
10 203 1975
15 246 1964
44 188 1975
12 54 1993
152 224 1955
112 118 1970
106 161 1957
211 294 1948
100 234 1961
38 150 1958
217 307 1974
242 309 2006
225 282 1979
99 267 1997
14 126 1955
165 179 1952
41 155 1994
53 308 1981
91 144 1973
188 284 1975
91 228 1958
88 186 1973
168 266 1997
32 192 1998
149 285 1974
126 233 1955
93 253 1948
12 153 1983
63 117 1981
115 297 1966
143 248 2003
13 81 1950
140 244 1992
45 181 1952
24 112 1948
104 157 1998
159 186 1992
105 129 1980
104 156 1953
138 217 1949
112 170 1955
20 54 1958
61 202 1958
87 158 1991
147 191 1972
19 53 2003
154 166 2003
70 109 1986
258 283 1960
26 30 1964
92 217 1950
83 169 1968
79 105 1985
174 302 1949
178 181 1969
13 125 1979
146 242 1991
113 258 1996
45 168 1983
54 291 1964
185 307 2002
1 272 1996
47 175 2004
113 189 1995
157 207 2002
72 220 1988
194 267 1973
146 210 1978
13 291 1979
281 300 1981
122 281 1975
3 145 1995
21 40 1976
11 225 1991
162 207 1990
114 121 1967
85 234 1950
63 237 1968
86 228 1974
163 240 1970
1 231 1984
152 235 1991
28 157 1983
33 187 1956
12 292 1951
219 280 2005
156 191 1998
278 299 1964
57 283 1952
132 218 2000
7 61 1961
52 176 1967
87 228 1952
95 304 1986
67 160 1974
126 142 1979
51 64 1949
139 189 2006
64 299 1973
87 277 2007
257 288 1996
77 229 1950
122 238 1960
3 141 1953
52 310 2001
105 207 1964
24 158 1951
56 152 1978
261 272 1972
172 183 1952
65 134 1957
29 306 1977
213 262 1948
20 102 1979
141 154 2002
224 274 1958
151 279 1978
44 89 1995
14 79 1966
179 285 1978
220 299 1948
107 265 1973
232 310 1988
244 286 1971
108 228 1953
55 120 1949
308 310 1966
114 237 1999
40 259 1994
68 161 1998
77 116 1952
95 175 1985
15 195 1997
150 251 1997
45 290 1960
149 233 1996
75 233 1966
131 264 1957
172 179 1960
175 230 1952
71 152 1970
109 130 1966
126 206 2003
24 283 1963
13 138 1992
15 150 1997
73 234 1949
189 257 1975
162 278 1985
21 220 1986
70 199 1958
215 290 1978
64 84 1982
18 138 1963
34 112 1980
214 291 1999
169 255 1965
22 131 1999
131 150 1969
283 293 1991
141 191 1959
8 74 1996
19 243 1988
211 234 1952
245 302 1978
50 109 1965
11 237 1957
109 227 2005
228 266 1984
12 187 1972
119 218 1986
119 249 1991
72 179 1965
237 296 1990
67 193 1959
208 308 1966
109 196 1960
149 167 2002
4 61 2001
44 115 1958
29 65 1955
266 304 1948
262 303 1961
148 217 1964
145 177 1952
159 208 1954
93 141 1970
178 186 1967
133 205 1987
41 261 2001
120 296 1990
32 291 1966
72 142 1985
39 297 1952
46 176 1983
25 294 1991
36 99 1979
177 239 1973
58 139 2000
11 57 1973
147 255 2002
70 181 1993
269 285 2007
178 235 2000
93 272 1980
88 222 2000
71 74 1966
23 38 1975
20 206 1996
186 271 1956
126 133 1980
62 174 1952
31 205 1978
41 69 2003
98 112 1957
124 126 1948
115 123 1953
180 223 1993
108 271 1973
37 285 1991
21 191 1952
43 54 1966
3 51 1990
86 274 1948
131 285 1980
271 301 1955
110 279 1983
91 182 1988
223 269 1982
171 249 1978
4 290 1998
94 233 1983
181 205 1970
42 121 1951
97 261 1965
34 244 1955
44 264 2005
8 247 1969
37 221 1990
114 129 1984
175 298 1983
63 156 1982
169 194 2002
155 280 1992
156 159 2006
117 163 1974
140 308 1963
144 178 1953
130 159 1960
164 200 1996
118 273 2004
208 281 1968
208 223 1967
105 147 1994
47 294 1979
172 205 1950
60 295 1984
217 286 1966
66 179 1982
36 148 1963
187 209 1979
195 281 1972
122 272 1950
112 301 1986
95 185 2006
150 281 1975
54 201 1987
174 306 1982
182 223 2007
39 214 1958
127 263 1992
22 308 1973
170 190 1983
98 150 1957
65 228 1979
57 235 1967
137 152 1971
87 209 1960
85 303 1990
105 205 1975
251 290 1993
23 306 2005
170 288 1992
59 206 1999
62 208 1956
64 196 1986
125 215 1953
141 255 2003
250 292 1967
6 309 2001
6 138 1998
115 261 1950
157 261 2003
181 249 1971
84 265 1981
62 209 1997
68 168 1963
108 150 1952
197 234 1961
143 197 1975
124 142 1970
53 210 1984
233 251 1994
86 289 1949
160 244 1979
3 70 1957
44 83 1989
49 260 2002
74 119 1991
59 183 1989
141 240 1957
34 77 1999
151 220 1992
77 153 1997
226 243 1981
179 251 1972
72 125 1952
15 142 1995
34 184 1954
37 272 1978
159 269 1994
96 99 2005
236 247 2001
49 248 1997
57 291 2000
211 213 1983
256 265 1953
90 221 1952
277 309 1983
63 202 1955
122 170 1964
84 289 1985
141 282 1983
91 224 1951
137 193 1963
176 298 1984
107 192 2004
82 164 1993
173 187 1994
109 298 1994
85 152 2005
206 255 1982
155 159 1951
117 288 1998
223 273 2007
32 186 1974
63 126 1962
22 206 2007
203 280 1998
32 245 1996
24 222 1997
148 286 1992
9 225 1963
79 199 1988
146 308 1949
156 269 1999
92 147 1973
207 257 1990
42 182 1966
243 309 1949
64 287 2005
209 233 2002
77 276 1960
110 232 1983
89 183 1961
108 235 1964
235 273 1996
5 20 1971
6 139 1989
96 252 1968
8 178 1985
100 172 1948
92 161 2000
94 241 1962
161 243 1993
183 300 1963
207 282 1959
12 243 1995
15 293 1995
75 264 1976
126 154 1994
225 240 1981
3 76 1987
145 171 1995
219 307 1962
123 283 1999
184 268 1954
132 231 1989
91 93 1961
40 157 1972
165 302 1980
91 257 2005
179 193 1994
242 287 1987
62 173 1956
214 241 1969
107 167 1957
32 121 1951
165 194 1992
13 270 1960
153 294 2004
276 290 1957
45 124 1949
13 152 1948
109 183 2006
73 144 1988
159 300 1967
30 296 1949
279 287 1952
207 230 1965
146 232 2000
19 300 1956
128 254 1985
63 68 1971
1 49 1979
55 58 1973
133 248 1948
41 207 1989
65 278 1992
140 297 1989
116 281 1992
67 271 1992
143 281 1986
107 279 1969
154 287 1994
165 182 2005
98 138 1995
64 208 1959
77 238 1975
6 182 1949
96 204 1985
157 285 1951
72 204 1972
214 304 1974
78 153 1999
92 168 1983
174 182 2005
94 199 1971
82 288 1999
160 239 1997
93 256 1948
30 146 1993
2 27 2001
206 264 1973
88 305 1975
56 285 1970
74 97 1970
174 285 2004
67 84 1985
28 76 1997
23 257 1986
124 210 1985
211 272 1960
154 182 1972
7 135 1975
38 195 1963
18 30 1994
96 225 1954
56 99 2007
20 24 1955
105 179 2003
60 173 1969
120 145 1988
178 225 1955
122 299 1964
28 250 1987
75 256 1954
63 94 1963
29 116 2005
59 257 1950
184 229 1955
63 103 1978
42 281 1964
269 305 1997
260 286 2001
110 280 1961
161 264 1971
267 277 1995
133 171 2000
17 168 1996
44 213 1959
70 221 1986
116 124 1986
38 55 1955
28 294 1989
116 253 1982
93 282 2002
121 250 2001
125 255 1957
21 159 1995
110 272 1989
67 239 2001
8 173 1981
81 290 2004
70 264 1955
42 77 1954
59 290 1956
110 207 1984
113 271 2003
66 183 1999
176 190 1954
188 286 1968
47 288 1986
52 179 1997
66 278 1957
177 251 2005
20 96 1964
30 36 1998
65 265 1992
176 295 1951
71 131 1965
52 250 1984
168 235 1975
38 50 1964
282 301 1953
144 300 1957
13 58 1989
22 200 1953
42 196 2003
36 184 1952
206 219 1950
167 177 1978
34 215 1969
119 191 1980
102 188 1973
161 171 1953
129 181 1983
203 272 1970
27 162 1993
13 108 2004
2 274 1953
131 172 1981
115 180 2007
223 254 1985
27 76 1952
100 242 1993
59 60 1985
111 165 1979
36 263 1979
45 133 1949
120 274 1997
131 210 1966
59 242 2004
116 206 1956
99 306 1989
225 304 1949
43 72 1988
25 166 2003
190 243 1988
56 210 1967
71 245 2002
119 202 1957
8 98 1952
281 303 2002
58 303 1986
173 267 2004
42 166 1998
58 288 1985
73 223 1995
7 51 1974
163 282 1953
38 289 1960
199 230 2003
108 243 1961
25 185 1973
114 236 1982
35 115 1981
11 182 1962
9 41 2001
129 145 2007
69 296 1996
8 111 2007
77 96 1967
142 194 1958
81 297 1994
23 131 1972
95 196 1991
119 195 1996
224 244 1957
186 295 1955
174 204 1987
29 210 2006
122 267 1966
84 200 1963
25 90 2003
51 284 1993
13 64 2004
101 235 1962
54 306 1965
203 271 1952
24 130 1967
181 241 1984
92 197 1970
71 97 1949
52 136 1982
161 229 1997
85 287 1981
176 234 1981
151 181 2000
73 152 1999
154 171 1980
191 293 1984
99 109 1956
64 257 1984
61 180 1985
266 310 1983
11 199 1971
94 121 1991
254 269 1963
12 163 1961
236 304 2005
132 290 2002
24 247 1990
21 255 1996
23 40 1975
265 277 1994
84 127 1988
148 235 1977
59 253 1981
48 194 1972
77 230 1969
17 162 1966
234 302 1968
89 194 1961
32 210 2000
12 265 1967
90 200 1975
243 271 1992
94 252 2007
30 220 1993
72 128 1983
245 271 1985
63 154 1992
163 279 1960
1 288 1983
1 171 1988
128 132 2007
86 123 2005
91 130 1991
87 254 1972
266 285 1980
9 235 1958
102 309 1988
91 173 2007
108 187 2003
22 96 1949
58 159 2006
55 78 1976
192 230 1974
43 217 1952
253 279 1971
3 144 2004
29 302 1992
46 304 1993
23 109 1985
140 148 1951
54 230 1970
114 227 1957
184 288 1987
256 269 1992
124 191 1974
26 43 1956
42 176 1963
206 216 1988
61 231 1950
154 240 1990
39 134 1969
57 232 1948
186 225 1984
278 284 1993
13 209 1953
204 294 1977
42 304 1990
34 72 1995
12 143 1971
66 110 1979
214 293 1973
97 186 1983
78 83 1974
63 246 1990
227 232 1994
40 204 1948
104 256 2001
166 239 1948
113 243 1956
166 251 1999
195 303 1991
253 256 1976
194 223 1978
69 180 1998
52 138 1986
231 264 1952
3 208 1948
50 137 1973
16 71 1960
10 205 1983
15 174 1962
252 287 1990
47 64 1953
117 193 1955
16 254 1979
103 197 1998
63 284 1954
18 210 1975
165 258 1948
75 108 1956
15 69 1963
9 302 1956
58 243 1964
76 217 1955
54 304 1994
79 297 1955
154 169 1963
165 248 2001
59 245 1955
58 225 1984
2 9 1961
5 182 1985
49 223 1969
174 230 1990
50 309 1993
21 110 2004
15 134 1977
88 139 1956
93 213 1990
156 222 1996
62 143 2002
39 225 2002
101 298 1982
138 292 1948
106 199 1984
112 160 1983
96 271 1963
274 287 1948
29 139 2001
8 176 1949
145 267 2002
23 218 2000
61 90 1978
152 268 1963
83 176 1981
95 152 1978
38 204 1968
178 198 1960
64 247 2007
151 282 1991
32 178 1987
272 309 1951
168 253 1999
187 237 1976
23 55 1952
5 61 1982
224 289 1980
81 240 1964
172 296 2001
117 281 2006
100 297 1995
8 168 1986
58 283 2001
203 254 2002
143 227 1968
19 36 1952
276 308 1997
29 94 1991
158 234 1967
187 215 1972
60 269 1955
43 265 1970
188 238 1964
73 226 1993
135 139 1992
5 63 1955
32 197 1999
55 259 1962
111 178 1993
152 275 1949
74 292 1992
236 239 1990
70 262 2006
61 292 1963
17 275 2003
232 262 1995
25 269 1966
190 292 2006
95 222 1975
141 278 1972
176 226 1949
19 45 2007
153 224 1952
206 218 1965
210 256 1983
230 259 1951
145 257 1954
1 79 1973
130 144 1988
5 241 1976
61 259 2004
160 240 2001
60 110 1994
90 260 1991
95 128 1977
117 299 1955
29 67 1979
119 273 1949
73 150 2007
43 71 1992
187 198 1998
264 287 1983
12 145 1983
276 297 2000
231 293 1973
207 242 1990
62 73 1972
89 185 1959
90 240 1988
126 299 1955
54 81 1954
7 258 2003
207 268 1967
69 285 1983
100 238 1987
84 195 1982
195 233 1965
50 218 1964
118 154 1979
197 271 1965
106 233 1984
16 206 2003
96 140 2002
3 14 1994
73 233 1969
74 176 1969
211 307 1985
15 178 1952
126 286 1976
47 132 1979
122 164 1951
123 308 1978
283 306 1998
110 148 2002
146 220 1955
86 182 1996
97 293 1972
9 307 1961
198 281 2005
28 99 1978
23 125 1958
168 284 1952
17 48 2005
32 116 1990
9 285 2000
48 157 1970
19 182 1995
30 91 1990
51 217 1973
38 287 1997
50 179 1993
102 210 1952
101 171 1963
2 159 1972
37 216 1998
246 298 1952
40 195 1976
169 280 1982
199 290 1981
10 172 2001
162 221 1972
4 254 1969
82 148 2006
149 198 1969
219 263 1960
252 268 2006
96 219 1985
54 279 1988
108 256 2006
26 117 1994
93 118 1963
224 286 1966
262 294 1982
114 200 1969
15 294 1951
15 43 1974
121 289 1975
9 306 1976
128 175 1955
10 122 2006
128 234 1954
224 296 2005
112 271 1960
89 258 1980
83 130 2007
77 274 1990
22 175 1950
76 187 1972
134 273 1952
152 191 1958
30 223 1976
53 267 1977
165 180 1958
275 291 1996
80 140 1969
53 242 1962
17 179 1961
10 201 1997
226 290 1982
127 273 1977
49 297 1978
161 184 1996
120 153 1994
26 47 1958
132 241 2007
79 215 1971
26 76 1963
20 41 2001
54 234 1993
112 121 1982
67 143 1950
39 247 1963
43 187 1981
193 243 1966
134 309 1949
12 307 1952
92 207 1976
191 233 1961
33 285 2003
122 273 1993
202 307 2007
149 299 1991
76 182 1954
188 213 1965
79 254 1981
18 45 1989
146 165 2000
64 307 1954
223 288 2002
70 157 1980
276 279 1951
128 238 1958
228 285 1956
81 216 1966
12 294 1984
13 210 1971
13 249 1970
153 186 1949
192 289 1982
120 221 1972
53 79 1991
204 282 1986
26 256 1979
21 194 1974
31 96 1999
129 183 1998
89 108 1976
59 117 1961
122 232 1963
236 243 1959
28 284 1971
97 289 2007
4 170 1975
15 301 1961
149 289 1968
115 183 1999
150 299 1983
169 238 1963
91 104 1982
128 265 1998
6 13 1971
29 43 1998
155 204 1997
51 179 1957
21 253 1974
227 301 1977
120 159 1963
61 162 2002
270 302 1955
2 230 1977
239 297 1962
35 209 1987
38 173 1973
86 139 2007
2 227 1954
44 254 1980
137 235 1979
205 275 1995
158 198 2000
221 228 1973
105 157 2006
42 108 2000
11 31 1996
68 173 1955
47 203 1971
246 252 1977
180 249 2000
53 158 1953
23 225 1978
156 233 1964
74 250 1966
164 309 1993
205 296 1987
45 281 1967
187 308 1973
191 287 1992
52 94 1961
34 297 1999
71 267 1991
69 169 2000
56 61 1956
108 134 1950
124 246 1950
114 283 1987
80 84 2006
152 247 1973
34 146 1966
155 224 2001
65 238 1951
229 282 1957
31 301 1990
168 233 1948
105 149 1967
170 229 1962
25 124 1961
11 44 1983
106 195 1985
146 243 2003
31 73 1958
184 306 2006
54 128 1949
109 200 1951
243 260 1979
41 153 1956
14 265 1978
71 113 1992
157 279 1996
31 203 1977
57 195 1964
96 164 2003
91 211 1950
86 207 1992
138 183 2006
59 100 1974
133 198 2002
96 216 2002
133 286 1960
233 246 1958
126 232 1967
33 133 1991
214 297 1962
184 261 1959
143 232 2006
56 143 1963
263 286 2003
14 183 1958
106 164 1985
118 144 1967
122 253 1981
30 292 1969
144 227 1996
49 86 1994
23 187 1971
118 230 1954
65 86 1955
114 304 1985
309 310 1970
8 41 1951
107 141 1956
129 130 1995
230 301 1985
126 164 1986
173 229 1967
138 193 2002
96 299 1962
37 220 1954
182 241 1961
158 212 1989
55 125 1993
95 164 1979
88 138 1959
76 144 1957
224 267 1990
171 177 1994
229 264 1999
127 308 1964
190 291 1973
89 92 2003
141 212 1955
17 238 1973
269 278 1975
175 182 1964
113 209 1953
51 139 1956
77 290 1972
216 299 1966
9 287 1950
86 199 2005
134 292 1948
31 67 1953
260 267 1971
24 119 1985
138 262 1958
61 213 1954
27 273 1999
103 157 1961
204 265 2000
63 221 1991
133 187 1972
155 261 2007
104 132 1999
12 24 1964
94 109 1992
304 307 1996
74 136 2002
100 115 1948
81 181 1988
26 104 1995
28 186 2001
192 274 1987
37 93 1956
137 242 1994
162 280 1966
7 101 2005
126 264 1973
4 20 1967
144 146 1971
12 175 2005
