343 2401
36 114 209 V
50 332 229 I
79 252 136 O
227 322 190 O
16 150 196 V
202 257 175 B
162 304 298 B
113 240 93 Y
47 341 12 V
26 333 227 B
19 120 144 B
160 317 26 O
178 209 147 O
31 97 154 Y
23 308 202 B
7 157 193 V
10 283 234 O
115 265 50 R
44 299 73 R
150 160 96 V
194 199 197 G
158 269 204 I
72 137 292 G
49 267 11 B
272 335 189 B
93 195 141 B
2 199 149 V
250 343 26 I
33 176 12 V
146 199 157 O
120 224 58 R
181 272 230 R
66 70 276 O
9 24 171 I
76 320 148 O
6 158 143 I
154 214 217 B
74 224 230 O
23 40 11 Y
195 241 312 R
165 168 66 O
63 222 261 O
99 240 40 Y
73 158 73 G
110 265 284 O
194 251 129 G
34 169 25 G
87 227 173 V
37 146 23 O
111 235 22 G
78 106 112 I
269 291 274 B
134 199 135 B
17 98 198 B
47 101 37 I
282 331 43 R
46 196 164 R
144 301 21 O
178 324 16 I
156 338 49 O
225 281 266 I
9 126 206 Y
104 247 303 I
92 201 94 G
121 220 314 B
4 321 252 G
277 336 294 R
183 329 48 O
69 165 87 Y
51 278 178 R
42 248 250 I
302 315 44 B
111 266 170 G
241 259 68 O
37 171 21 I
62 187 217 G
79 183 159 O
135 309 267 I
40 100 198 R
104 130 257 R
26 207 6 O
31 281 38 R
214 242 254 Y
140 248 179 B
15 225 146 I
171 282 307 B
143 340 83 B
79 170 196 R
72 145 285 I
31 33 282 R
161 197 256 G
31 236 201 O
47 135 98 G
266 271 194 Y
110 301 227 G
134 247 30 G
18 275 258 O
215 220 26 B
33 108 63 V
83 213 98 O
116 338 192 I
67 195 274 V
254 295 248 B
195 208 249 G
184 263 133 O
10 153 223 G
43 164 89 I
130 244 201 G
149 322 28 B
10 31 122 B
149 288 273 O
90 288 125 V
38 258 183 O
126 242 162 B
94 104 241 Y
113 286 69 R
44 168 296 O
110 156 149 I
57 302 304 O
135 144 276 O
41 56 297 V
266 342 283 R
55 336 103 V
115 218 289 O
280 312 85 R
36 163 316 I
117 143 214 O
33 254 230 B
105 190 108 V
97 277 260 Y
107 192 285 Y
102 197 100 V
58 338 275 Y
138 301 70 O
148 189 3 G
268 322 93 B
61 315 18 Y
126 275 278 B
75 249 51 Y
20 246 217 O
9 318 84 R
120 220 142 Y
127 204 186 Y
62 149 290 G
188 204 298 O
16 185 202 V
30 279 203 B
226 259 263 I
61 97 8 V
70 136 300 O
276 307 59 O
21 153 157 V
101 178 7 I
82 183 280 R
42 97 5 R
98 306 57 R
148 309 34 B
164 215 249 V
80 190 198 B
180 272 55 G
280 324 249 R
198 255 251 I
55 221 258 B
6 237 246 R
149 196 16 Y
50 211 206 G
124 299 94 O
61 72 154 R
37 315 273 O
61 271 106 V
76 79 100 V
157 293 73 R
174 342 262 Y
37 212 69 I
44 241 66 V
76 132 111 Y
35 162 160 G
251 302 94 I
228 316 139 R
299 313 58 G
281 290 51 O
203 316 118 I
231 313 308 I
80 310 94 B
132 277 311 R
240 322 210 R
171 217 152 O
177 266 145 V
69 151 73 O
167 183 186 V
80 148 117 Y
89 162 16 V
17 171 232 G
50 139 125 B
167 172 301 R
94 176 89 O
124 271 184 V
17 194 43 R
37 291 70 O
88 250 47 V
32 100 2 R
105 250 89 V
195 326 106 O
23 113 26 V
145 340 50 O
245 308 97 O
188 255 168 B
98 265 228 G
243 262 280 O
29 93 159 R
24 320 113 G
94 143 92 V
79 195 232 Y
129 219 309 Y
149 172 91 B
43 214 215 B
122 191 58 B
3 136 8 Y
14 295 162 R
273 323 42 O
1 70 266 I
148 198 128 I
176 324 290 B
57 61 241 G
175 202 57 Y
27 152 268 B
5 190 222 I
39 251 204 R
91 298 266 I
76 92 220 I
27 96 124 B
8 48 284 R
66 293 38 O
80 141 229 B
18 73 199 I
171 260 139 V
69 126 280 G
257 291 97 B
204 312 172 R
76 293 65 I
61 139 18 O
52 125 140 G
33 317 125 B
273 336 239 R
52 167 39 V
111 219 168 I
44 155 49 Y
153 301 8 O
71 111 78 O
75 130 314 R
89 204 226 Y
157 315 3 Y
225 252 293 O
173 221 266 B
301 317 77 I
74 193 27 B
243 304 300 O
82 261 103 Y
152 226 278 I
137 181 15 V
92 96 70 B
87 251 97 G
314 336 257 V
191 282 162 G
197 335 316 Y
73 316 141 G
86 306 186 Y
28 97 92 V
88 311 57 Y
85 197 261 O
148 162 78 V
144 270 199 O
198 294 142 G
204 342 37 V
67 141 240 R
217 323 114 Y
142 297 112 R
182 279 79 B
171 187 245 G
68 323 242 B
211 227 309 V
66 135 232 B
124 265 24 B
51 226 92 G
220 311 283 V
126 233 25 G
165 192 311 G
84 185 141 V
211 221 193 G
143 150 15 I
229 230 212 O
267 289 98 I
110 287 108 G
54 249 315 Y
200 258 148 I
116 270 320 B
83 159 260 G
156 233 210 R
52 155 131 I
148 177 205 G
10 270 276 R
280 298 78 I
237 312 207 V
167 233 117 V
198 297 141 B
4 68 43 O
162 286 201 B
44 59 294 Y
40 49 195 B
1 312 171 R
22 39 167 B
5 210 276 R
259 313 47 V
107 305 83 B
103 335 132 V
57 229 246 V
43 79 171 B
237 297 107 V
75 264 223 B
56 186 199 O
46 131 313 Y
27 241 2 Y
34 139 24 V
13 87 6 Y
52 114 189 G
70 124 40 G
69 218 310 B
41 267 310 R
231 268 62 O
28 263 115 R
198 231 227 Y
132 185 287 O
141 338 41 G
145 337 122 V
229 241 302 I
29 92 139 G
109 236 78 Y
212 254 221 B
10 13 200 V
177 239 9 V
62 288 33 G
187 292 59 V
95 195 8 I
86 110 238 B
185 300 186 B
1 175 313 V
78 287 167 O
47 230 271 B
169 199 21 G
129 162 66 O
70 149 197 I
173 330 137 Y
40 276 19 G
80 319 2 Y
35 80 34 Y
23 228 57 O
110 166 248 I
40 261 234 V
216 336 37 V
65 268 4 I
71 76 107 B
172 331 47 R
187 309 25 R
10 253 80 I
47 278 184 V
263 315 75 G
144 263 43 O
287 313 201 R
208 220 17 O
15 86 59 Y
277 295 45 B
173 225 157 V
166 212 9 V
109 335 319 V
183 287 214 R
270 339 192 G
139 341 152 O
108 116 93 R
96 268 128 B
69 313 233 Y
162 217 282 Y
74 324 285 I
158 293 41 V
55 154 147 O
230 328 207 B
155 340 14 Y
7 114 306 V
89 283 125 Y
310 327 285 O
290 323 256 G
6 214 35 O
7 63 43 G
16 51 201 B
184 256 9 O
58 173 101 O
7 192 34 G
326 343 194 B
26 107 257 G
159 288 70 G
214 279 176 Y
232 333 150 O
70 82 133 R
166 237 121 Y
73 281 98 Y
130 206 187 O
3 174 311 G
59 134 19 G
235 339 11 B
239 340 72 O
141 199 60 I
140 278 79 B
193 201 260 O
125 240 185 Y
297 309 253 V
163 167 139 I
67 89 230 Y
138 312 238 V
115 247 295 O
84 227 9 G
176 255 146 Y
222 283 172 O
78 260 235 R
118 158 239 Y
173 217 42 V
89 306 154 R
175 201 190 B
286 325 199 G
19 67 277 R
124 193 6 R
240 242 26 V
174 317 64 V
150 284 319 V
79 104 158 B
60 196 251 Y
102 332 235 B
41 320 86 O
109 248 183 O
43 61 100 O
114 305 191 I
125 229 270 I
4 292 10 B
17 267 215 B
130 273 277 B
51 257 286 G
196 296 306 Y
276 289 32 O
40 319 300 G
197 304 129 Y
118 194 175 G
53 95 75 O
28 128 294 Y
173 251 54 B
219 271 165 B
99 217 105 G
49 141 10 I
259 294 193 R
257 342 222 R
112 213 80 G
2 172 320 Y
203 238 167 I
232 285 68 O
144 275 280 G
12 137 280 R
28 323 182 Y
66 112 104 B
251 267 222 V
133 242 259 R
119 217 251 B
45 180 318 G
148 315 132 R
76 158 88 O
168 317 9 I
290 309 30 I
163 289 47 G
218 250 81 I
38 222 313 Y
127 276 69 V
86 302 264 O
194 245 11 G
39 252 228 G
9 113 146 I
33 41 252 G
247 343 138 Y
161 324 299 G
215 340 9 Y
190 192 60 V
185 193 306 B
141 343 176 V
27 256 275 O
123 228 126 G
129 269 79 O
284 300 154 B
47 296 188 I
42 196 314 I
8 205 270 G
214 269 85 G
155 239 308 O
278 302 45 V
83 131 194 V
42 192 207 Y
159 233 143 B
60 193 281 B
35 40 288 I
185 209 125 O
146 222 69 G
215 247 131 Y
12 29 3 I
126 141 212 R
69 139 242 G
77 135 244 V
289 292 104 I
4 162 272 Y
244 313 87 B
199 299 185 G
44 178 243 I
121 201 240 B
128 272 23 G
253 289 163 B
12 24 169 Y
17 190 311 B
48 147 59 V
207 300 200 V
180 320 244 I
72 214 173 G
270 338 239 Y
56 127 128 B
148 232 290 B
3 222 157 G
80 110 131 R
98 280 104 R
132 140 166 Y
163 328 21 I
136 192 298 G
107 313 99 G
212 255 214 R
22 102 40 I
60 234 126 O
304 343 84 V
79 100 43 I
187 240 175 R
60 144 250 R
34 118 229 O
181 210 196 V
50 160 132 R
210 251 255 O
117 312 259 O
117 338 99 V
112 193 133 G
186 265 208 I
213 261 287 R
2 142 302 V
147 306 279 O
80 341 21 G
200 338 302 O
121 193 175 R
271 321 33 V
130 317 220 Y
58 252 170 B
216 261 277 O
23 126 140 G
66 219 211 O
41 190 208 O
221 225 177 Y
81 342 202 V
134 239 80 V
45 294 288 Y
184 232 314 R
37 226 204 I
176 209 137 Y
6 166 224 O
128 310 265 I
227 242 138 B
24 112 284 O
58 255 25 G
70 327 30 B
18 219 128 G
10 128 264 I
159 225 152 R
47 306 89 R
16 283 235 V
148 172 114 V
82 104 47 B
77 106 193 Y
218 241 271 I
53 207 98 I
129 258 49 R
22 47 65 V
73 189 308 Y
46 115 195 B
80 213 313 B
77 318 38 Y
78 210 101 G
268 285 294 R
192 206 100 I
307 339 162 V
211 270 48 V
201 277 255 O
264 289 18 Y
145 200 76 G
7 210 40 V
238 288 295 B
249 260 41 R
39 201 94 I
20 76 38 I
126 317 88 I
65 323 82 R
182 184 182 G
30 239 196 R
180 318 52 O
66 157 58 R
277 292 149 O
79 198 225 V
184 189 127 B
131 316 82 B
35 330 35 G
124 324 224 G
167 223 288 Y
17 172 80 Y
34 236 169 R
2 127 232 R
199 246 228 O
64 148 108 O
187 226 277 O
71 89 165 Y
58 296 123 G
4 198 228 V
76 147 186 V
97 287 262 O
12 333 249 B
13 58 184 G
134 196 77 R
65 320 61 I
175 176 22 V
170 243 110 R
211 235 297 B
70 252 130 R
130 252 47 R
52 286 271 O
68 182 12 G
38 241 144 V
183 272 195 V
54 190 232 I
277 341 88 B
4 318 103 O
80 234 246 R
112 256 75 Y
11 112 147 Y
56 298 136 O
90 139 17 I
140 233 267 O
99 221 167 I
102 310 60 I
65 338 64 B
4 133 67 I
140 229 34 G
118 156 142 G
126 282 83 I
254 293 144 R
64 313 119 G
20 322 268 O
199 222 61 I
29 51 274 I
51 123 316 Y
67 342 10 V
69 301 216 O
171 232 47 G
74 203 106 R
7 75 222 R
255 263 160 V
13 30 145 B
52 130 32 I
50 200 101 R
309 334 51 O
119 127 227 G
112 245 289 V
42 238 61 V
103 323 151 R
1 208 151 V
102 322 209 Y
140 153 265 V
7 73 52 Y
141 288 163 V
265 291 187 V
45 182 48 I
123 263 86 G
6 222 191 O
124 262 78 O
75 93 94 R
52 192 172 I
194 327 40 Y
211 310 283 V
116 200 194 G
124 150 268 G
178 226 161 R
209 299 281 G
122 250 206 B
97 127 45 R
93 109 109 V
32 158 226 R
209 296 187 I
264 326 107 I
12 184 22 Y
305 342 179 V
66 207 66 O
51 138 198 R
217 309 105 I
24 302 176 V
28 334 163 G
113 122 163 G
155 296 184 O
190 277 221 Y
30 103 290 B
43 190 10 O
172 294 86 I
5 132 230 Y
175 204 197 Y
281 307 230 G
2 191 95 G
2 302 280 V
212 266 280 G
240 278 264 B
163 166 237 Y
26 136 38 G
10 239 297 G
172 214 37 G
83 174 292 I
27 229 37 V
123 198 76 G
122 156 211 R
18 82 231 R
129 165 272 R
85 161 87 R
236 283 16 B
32 36 32 I
222 319 68 V
231 338 231 G
16 78 251 R
119 288 316 I
81 181 69 B
43 60 218 V
261 307 281 I
46 81 301 B
23 162 184 O
211 295 275 Y
274 328 209 G
28 178 102 Y
142 191 295 G
129 221 58 O
107 264 176 B
107 256 99 R
20 211 128 B
70 167 313 V
32 111 102 V
65 176 30 O
8 152 86 O
68 192 64 O
58 160 72 O
213 289 27 O
238 257 94 Y
183 339 129 Y
112 160 204 V
91 154 221 G
9 303 52 I
15 249 180 R
74 254 79 B
149 265 46 I
230 316 276 V
184 251 21 V
97 192 274 Y
143 227 219 R
19 63 33 O
114 289 225 B
146 175 313 V
67 149 54 Y
134 167 161 V
85 276 157 R
170 317 139 V
95 162 211 V
23 263 126 R
184 226 143 Y
123 182 181 I
215 263 203 B
247 294 7 R
28 342 131 V
74 229 7 B
173 338 60 B
112 323 173 I
36 206 71 Y
32 170 181 I
124 327 262 V
289 331 6 I
87 303 175 O
171 173 87 B
21 338 271 I
129 152 206 V
205 283 18 R
10 265 297 V
203 291 192 Y
290 333 161 R
175 340 74 G
82 258 12 Y
59 65 135 B
65 255 66 R
86 301 184 I
140 182 67 O
227 284 147 V
137 197 152 Y
221 314 319 R
203 256 183 Y
144 241 155 I
9 84 235 O
244 256 132 I
39 255 52 I
57 254 215 I
19 317 43 G
94 97 52 G
62 243 298 O
112 136 197 Y
217 301 234 G
75 102 190 R
309 323 108 O
82 325 38 R
35 106 221 R
134 181 149 O
196 315 308 R
67 301 318 B
14 326 222 O
88 240 111 I
172 230 221 I
19 214 151 V
119 186 45 I
2 159 136 B
19 315 232 Y
34 161 190 G
88 201 234 B
34 334 96 B
179 264 248 R
131 133 5 B
266 294 29 V
53 270 313 B
66 122 149 G
158 343 192 R
45 144 175 B
48 233 90 G
180 307 45 G
125 150 200 I
12 319 302 B
30 42 271 Y
80 89 206 I
56 292 315 R
125 274 205 R
68 132 230 I
217 325 46 V
140 276 313 R
36 328 289 V
54 198 115 R
149 169 291 O
78 177 233 B
58 93 37 B
37 208 141 O
67 317 235 B
59 337 306 Y
181 294 311 V
80 197 207 R
286 297 102 I
76 225 258 B
129 247 153 B
161 338 152 Y
232 252 151 Y
25 90 203 V
82 241 113 B
41 66 267 B
48 256 294 Y
81 161 1 Y
236 250 137 V
87 174 16 I
86 92 32 V
1 342 29 R
4 28 15 G
99 160 17 G
76 206 246 I
37 257 29 R
3 149 214 O
131 175 190 V
44 63 122 O
87 328 193 Y
141 297 84 V
163 339 201 I
118 243 165 V
207 327 208 R
30 255 34 R
291 303 171 G
13 26 276 V
195 270 81 R
65 115 63 R
219 242 157 B
66 134 198 G
45 316 210 G
7 327 269 B
12 136 160 B
39 169 160 G
26 94 229 B
238 286 146 Y
236 278 246 V
82 187 233 V
8 323 30 Y
106 233 185 V
60 246 102 I
3 193 206 B
80 300 278 O
224 262 15 V
39 141 316 R
9 195 95 R
179 303 171 G
267 311 6 V
130 236 70 Y
25 83 80 I
91 282 318 B
80 186 181 O
153 210 24 R
180 216 313 B
36 55 179 B
133 326 149 O
40 82 9 R
7 234 151 O
10 25 52 R
61 264 134 G
47 311 116 V
39 159 73 I
26 96 303 G
42 166 8 Y
226 321 248 I
255 290 211 G
34 243 19 I
197 267 194 G
107 195 56 R
101 145 94 O
130 197 279 B
4 125 191 B
26 163 28 R
175 319 54 V
244 270 116 G
18 108 172 B
265 338 14 Y
130 245 75 G
67 209 38 V
6 125 220 I
15 246 62 V
205 280 304 V
26 91 174 I
65 89 132 G
25 146 95 G
65 216 31 V
35 276 275 R
237 285 127 O
53 204 295 G
122 125 52 Y
68 72 92 V
163 299 266 I
69 195 211 G
133 207 173 I
18 189 23 R
193 333 9 R
137 254 289 B
150 269 304 I
49 235 278 V
79 295 1 O
51 262 275 I
77 319 133 B
48 175 109 R
96 117 220 R
25 129 243 G
129 313 216 V
36 304 309 Y
171 185 168 I
61 298 74 B
103 320 185 G
81 247 76 O
205 206 24 Y
11 285 167 B
238 305 91 O
120 195 19 Y
238 308 257 V
87 189 30 B
180 208 280 I
22 194 46 I
86 125 94 O
46 266 198 R
69 162 171 B
3 329 200 G
88 111 141 I
189 194 58 V
112 304 116 O
84 86 12 Y
88 320 208 Y
63 120 153 G
115 326 56 I
60 91 45 R
245 307 77 O
124 313 71 Y
190 272 287 V
19 322 95 O
198 303 143 V
182 330 298 B
83 303 180 O
132 232 219 V
174 251 130 G
58 227 301 R
158 197 41 G
182 303 31 O
147 340 122 G
7 227 320 V
196 321 208 V
254 290 172 B
190 211 237 G
276 335 150 V
273 325 227 O
82 171 6 B
130 266 52 O
34 146 37 R
177 246 252 I
138 152 248 O
39 148 207 V
167 236 170 B
142 219 158 R
94 162 13 V
204 309 158 I
6 38 290 R
57 335 42 V
172 256 280 B
132 300 296 O
193 289 146 R
179 308 235 Y
140 311 301 Y
88 325 24 V
212 230 129 I
210 333 267 Y
151 183 102 V
14 237 251 Y
59 123 313 R
123 251 91 R
200 317 159 B
133 292 195 G
17 294 73 G
9 156 79 O
148 287 185 O
61 175 135 I
40 190 69 V
297 323 192 G
76 110 91 I
72 317 1 O
98 283 260 R
107 285 104 O
133 265 236 G
211 294 78 R
75 144 289 O
19 53 297 R
45 138 27 B
119 154 50 Y
194 310 316 B
204 248 71 Y
208 224 24 R
70 294 17 O
328 336 54 R
110 286 297 O
156 334 88 V
182 317 311 O
168 186 184 Y
246 247 284 R
251 280 212 I
293 341 145 I
57 159 300 B
4 255 144 I
300 307 74 G
83 190 242 V
1 88 258 V
61 182 217 R
96 98 59 Y
229 342 79 R
133 266 237 V
171 301 239 Y
140 152 299 O
61 138 195 R
75 285 100 G
192 325 302 B
298 300 101 B
50 70 204 Y
196 279 33 Y
85 178 215 G
240 256 180 I
32 190 268 I
87 113 229 Y
234 326 77 G
260 284 171 R
141 154 265 R
287 337 50 V
22 309 25 B
99 123 286 V
154 299 237 V
147 338 272 O
47 162 39 V
101 183 231 I
225 291 198 B
66 318 137 B
108 211 71 Y
67 68 98 B
227 316 135 R
162 170 172 V
11 284 172 V
63 207 113 V
12 129 70 G
120 281 13 V
78 282 304 V
245 305 248 O
11 306 188 Y
273 284 131 O
73 85 142 B
24 263 162 V
117 228 264 O
116 138 106 V
249 336 167 B
41 153 154 Y
115 232 300 G
122 276 31 G
70 152 126 B
59 229 19 Y
30 287 142 Y
207 335 199 V
44 220 188 V
110 249 129 I
90 256 313 I
134 244 7 G
86 322 108 O
53 259 286 I
43 137 281 B
23 292 77 G
11 58 320 G
1 150 102 R
47 267 195 R
46 233 198 I
75 258 266 I
116 175 219 B
48 177 42 V
266 278 166 Y
167 279 196 Y
2 79 129 O
140 157 43 I
307 320 227 I
229 326 9 B
13 286 291 V
129 265 194 I
71 77 186 Y
140 290 89 Y
14 31 12 I
222 243 211 B
130 202 297 G
93 234 89 R
79 272 15 R
232 261 290 V
62 81 243 I
80 171 209 V
211 293 256 B
199 342 91 O
31 325 288 R
80 241 300 R
46 152 57 G
143 262 267 G
150 286 313 B
261 291 59 B
88 339 214 I
229 319 292 Y
52 138 272 O
182 321 115 O
99 255 57 V
210 232 317 G
177 197 118 V
41 311 234 V
14 116 71 O
78 113 208 I
232 343 68 I
99 170 30 B
133 196 296 Y
138 221 123 Y
200 294 211 G
41 214 238 I
297 300 11 R
135 171 63 I
58 243 3 O
128 224 158 O
65 274 224 B
101 192 196 R
125 178 248 V
139 257 152 B
169 224 284 B
153 154 211 V
170 171 88 O
35 100 230 I
177 312 184 B
270 340 282 Y
100 182 270 Y
118 294 185 R
173 233 243 Y
238 274 44 O
260 310 266 V
103 245 229 G
71 143 267 R
204 229 318 O
258 302 63 Y
55 318 162 I
156 238 136 R
180 303 108 Y
59 219 228 Y
18 324 269 B
155 168 242 G
25 212 242 B
176 238 52 G
253 297 101 G
112 145 149 O
59 64 50 Y
145 237 174 G
16 325 14 O
205 325 132 G
191 281 244 Y
19 112 277 V
133 195 145 R
123 249 276 V
99 211 98 O
144 271 112 B
108 165 26 B
3 311 220 G
44 133 72 V
134 275 267 I
146 249 313 B
61 235 123 B
16 109 218 Y
24 323 309 R
203 286 290 I
50 193 210 B
101 102 238 Y
128 262 257 Y
121 327 45 B
102 106 70 O
20 115 253 G
202 243 5 O
128 327 150 V
111 174 64 G
133 286 39 B
38 123 93 Y
223 254 126 G
83 236 300 Y
118 151 300 I
12 17 233 B
52 320 296 G
53 201 125 V
50 283 115 V
29 217 266 V
46 189 125 O
129 279 167 B
36 260 7 O
62 268 105 G
14 230 136 R
11 110 228 O
32 340 212 Y
42 176 49 O
110 239 187 B
80 321 176 G
199 262 239 Y
176 341 144 R
184 304 297 O
5 138 205 R
87 139 140 O
61 214 314 O
243 325 265 B
183 289 128 G
100 101 197 I
80 143 166 I
70 159 121 O
241 320 82 V
211 246 154 O
45 124 271 I
102 334 121 B
32 201 15 R
149 184 171 V
76 244 244 I
70 195 108 O
210 238 74 O
183 191 64 I
4 242 216 B
210 287 283 I
218 282 152 I
182 194 258 V
177 183 194 O
32 335 177 R
66 230 80 V
6 218 191 Y
154 307 126 B
48 152 63 G
47 209 18 I
19 79 169 I
71 272 155 Y
57 155 250 Y
23 101 61 O
175 309 152 Y
55 141 44 O
24 226 184 G
170 260 118 I
16 196 196 Y
183 195 263 I
106 260 311 B
131 186 40 V
102 250 75 G
241 339 264 I
134 246 150 R
186 287 319 O
64 227 177 Y
245 280 143 B
191 305 154 Y
198 283 300 I
203 206 27 I
84 196 254 G
60 233 171 Y
45 54 36 O
73 235 147 V
13 271 60 I
224 226 20 V
20 244 225 V
285 340 199 G
6 15 116 Y
42 292 262 G
159 240 95 Y
165 312 74 I
101 327 279 V
115 236 213 R
128 176 160 R
33 191 146 Y
48 148 86 I
44 48 250 G
75 112 297 R
14 148 184 Y
134 232 40 I
135 202 15 B
20 304 195 V
12 71 187 V
122 279 74 Y
168 331 86 Y
99 210 315 R
48 157 189 O
195 253 122 O
150 309 307 B
248 292 290 V
148 170 132 B
108 144 188 Y
214 339 173 O
132 218 141 I
91 274 187 R
27 273 213 Y
156 164 49 G
39 321 86 I
201 228 174 R
162 283 82 V
13 276 15 O
109 237 25 I
13 195 273 G
153 244 194 I
49 167 123 Y
15 156 56 I
167 225 186 O
252 321 312 O
236 240 77 B
165 343 280 Y
131 232 35 O
67 147 202 V
211 321 257 V
6 201 226 G
48 196 41 Y
190 247 149 R
79 160 248 G
17 46 66 I
233 309 271 Y
109 186 118 G
5 65 54 B
34 143 43 V
39 81 124 I
7 264 210 B
19 337 34 R
159 190 18 V
12 200 184 Y
207 303 271 G
15 200 136 I
1 328 303 Y
196 322 115 G
59 319 25 G
80 188 26 B
36 336 127 O
131 299 319 Y
145 334 286 Y
129 179 299 R
71 248 68 V
102 173 17 O
96 99 82 I
46 239 51 G
100 235 259 I
212 332 196 V
46 244 236 B
160 215 14 V
157 236 197 O
8 19 149 I
10 78 167 R
105 213 125 B
256 333 87 G
118 335 232 V
150 175 66 Y
142 321 291 B
90 187 74 Y
38 63 2 R
123 303 65 V
33 340 72 V
53 192 307 Y
15 232 269 V
143 326 169 G
134 191 154 R
87 219 172 Y
54 289 87 Y
213 260 7 B
227 318 167 O
156 182 209 O
2 70 211 Y
133 240 298 I
149 305 101 V
109 196 132 O
96 127 278 Y
3 12 229 G
144 199 299 O
19 329 170 B
241 256 219 I
74 329 206 O
231 276 53 V
244 284 44 V
33 174 64 B
237 308 258 I
23 35 291 O
184 221 119 I
67 163 71 R
169 292 94 R
111 343 250 O
15 241 124 I
218 280 278 O
23 50 263 V
29 116 34 Y
174 211 48 O
87 307 247 B
124 168 36 R
39 334 38 G
138 139 269 B
107 188 280 I
2 69 222 B
30 248 183 O
150 342 16 G
158 258 141 I
49 229 167 Y
312 330 105 V
146 272 249 B
91 117 137 I
36 252 240 B
238 251 53 I
58 285 14 O
52 275 40 B
55 236 241 I
99 230 118 V
59 243 24 I
168 204 105 I
175 305 293 B
126 163 108 O
142 145 292 Y
96 251 44 Y
59 62 203 Y
29 235 316 O
46 290 131 R
197 315 312 O
37 55 294 B
86 97 301 B
154 180 202 G
129 173 120 Y
14 169 62 V
50 225 300 Y
96 120 83 I
33 188 56 I
25 321 285 Y
32 60 137 G
108 336 122 V
126 313 237 R
245 334 211 B
62 248 56 Y
191 263 34 O
88 312 299 B
229 270 51 G
9 56 145 B
23 32 46 I
256 290 236 G
9 201 212 R
217 308 81 Y
225 324 199 V
34 42 16 I
76 318 16 I
243 319 23 O
84 319 284 Y
74 168 279 Y
254 323 200 Y
213 272 231 Y
45 204 30 Y
112 289 233 G
17 99 222 V
86 113 298 I
276 333 256 R
251 298 270 Y
43 134 249 Y
219 335 300 I
46 301 189 O
29 329 183 R
205 237 133 O
141 310 29 O
135 206 209 Y
50 186 307 I
162 167 240 O
47 200 17 R
246 264 127 G
158 205 58 R
7 220 238 I
137 242 64 I
6 41 202 Y
161 211 166 Y
202 260 182 V
191 232 134 B
158 224 60 B
68 105 245 I
79 95 260 B
12 20 164 B
75 176 98 B
106 326 137 G
134 224 21 G
31 103 317 O
181 271 269 R
19 299 295 V
96 135 173 Y
244 251 154 R
34 275 146 V
158 255 124 I
84 325 212 V
79 139 231 G
91 146 139 V
3 331 19 O
93 252 20 B
183 221 308 O
267 298 213 G
206 291 32 Y
141 179 253 G
15 104 116 G
140 325 80 G
36 232 184 R
238 336 34 V
73 132 193 I
245 271 162 O
169 189 214 I
326 333 154 V
21 90 278 B
15 244 308 O
43 217 216 V
55 276 127 G
153 299 84 R
9 210 243 G
114 276 320 I
223 225 114 O
74 331 318 Y
186 300 16 I
192 226 53 I
17 177 21 G
10 264 60 G
158 195 1 V
55 264 63 V
5 233 15 B
235 342 220 B
166 243 126 O
263 269 78 O
4 275 12 I
20 222 12 I
71 232 260 B
76 157 179 R
26 337 251 Y
85 122 290 I
121 180 85 Y
51 305 100 Y
128 271 142 B
196 271 276 R
119 178 119 V
64 141 253 B
262 340 189 O
201 266 320 I
188 253 113 R
153 200 186 Y
48 180 3 I
171 229 165 G
16 233 209 G
208 231 63 I
138 214 160 V
24 165 296 I
130 218 232 B
145 314 208 Y
128 285 213 R
53 211 273 R
71 303 139 V
133 258 280 Y
192 264 171 G
242 266 267 V
110 251 148 G
86 148 294 G
42 321 300 G
187 337 103 G
89 190 224 Y
3 309 172 B
22 246 104 O
144 193 153 V
137 248 143 B
62 85 63 R
1 135 114 B
249 288 250 Y
285 332 71 R
142 189 282 V
155 277 161 I
40 245 68 I
281 329 241 B
221 279 154 O
29 223 144 B
180 249 217 R
159 222 58 B
20 335 131 B
162 329 93 Y
185 219 125 R
266 316 20 O
121 141 185 Y
171 219 173 V
93 285 279 I
136 143 114 V
78 185 264 G
27 303 295 I
200 210 308 G
3 185 15 Y
134 161 286 Y
93 268 245 B
82 121 4 R
61 75 40 B
95 300 203 O
48 117 134 B
22 233 27 G
231 249 189 B
88 207 264 B
116 322 207 I
141 187 241 R
240 275 84 I
97 307 301 I
199 224 69 I
19 118 291 O
60 90 246 V
36 334 56 V
155 317 292 V
153 242 112 O
42 62 177 B
94 199 13 Y
85 281 107 G
269 285 60 Y
176 237 84 Y
133 330 305 V
65 260 94 B
13 68 272 R
76 100 310 B
8 252 206 G
58 222 3 O
76 192 88 R
111 196 303 B
217 258 179 V
91 182 293 B
291 306 36 R
11 106 28 G
80 238 209 R
146 281 84 B
282 305 40 R
10 108 96 O
90 284 63 Y
243 305 163 G
157 328 315 Y
260 291 158 G
171 259 246 Y
118 154 297 G
178 239 284 I
17 101 192 G
86 103 85 I
73 99 193 G
99 188 40 I
10 280 307 I
64 194 222 I
119 265 74 G
236 336 229 O
212 299 168 V
36 148 55 B
39 320 295 I
282 323 187 R
80 217 21 V
43 234 107 R
5 241 319 V
90 334 54 V
97 144 242 O
51 67 231 O
124 152 190 R
44 191 133 Y
25 287 61 O
66 148 317 R
331 340 211 I
74 141 318 V
264 301 182 B
130 320 292 R
174 215 112 R
142 196 88 V
109 110 35 O
124 268 53 I
161 239 78 O
236 265 239 I
9 215 13 O
155 156 240 R
56 293 294 G
33 74 195 G
55 231 2 G
202 274 181 G
9 37 248 R
202 280 313 G
68 268 209 G
118 279 268 V
84 177 264 I
192 268 153 O
185 318 81 B
140 254 221 I
16 60 92 I
78 215 14 G
4 267 282 I
73 168 313 G
325 329 255 B
38 100 297 B
247 329 74 Y
32 213 271 I
80 236 66 V
96 140 31 O
38 336 1 B
96 114 119 V
158 216 117 G
128 309 262 R
163 284 229 I
114 170 299 R
83 305 242 I
55 321 92 R
55 342 31 R
58 131 265 V
235 268 147 B
88 296 192 V
19 301 28 Y
207 245 82 G
104 245 311 Y
313 339 119 O
164 221 270 R
199 251 46 R
135 288 193 G
227 286 232 V
254 330 297 B
283 312 230 V
35 316 25 B
102 153 224 G
156 163 230 B
256 316 41 B
184 293 233 G
29 141 79 G
90 312 195 V
238 340 263 V
149 205 288 O
13 218 10 B
159 177 128 B
281 324 313 Y
189 190 307 G
50 330 199 V
71 158 227 G
220 322 279 G
175 259 87 G
17 245 35 G
24 124 117 R
63 195 160 Y
30 249 265 B
197 294 159 O
172 255 260 G
216 304 310 V
232 291 6 I
119 280 223 V
108 280 31 V
208 266 95 R
54 113 147 I
50 121 298 R
45 257 285 O
118 304 69 B
19 76 182 G
13 191 237 R
93 277 278 I
86 169 247 V
104 134 58 B
95 215 56 O
8 210 104 I
25 318 230 Y
75 186 240 I
78 160 63 O
28 272 51 B
45 91 41 V
25 332 233 G
86 240 218 R
196 265 30 Y
235 307 249 B
104 328 188 V
96 259 261 O
12 300 208 V
24 214 182 O
145 173 6 Y
118 274 33 R
201 321 55 Y
127 304 32 V
88 156 229 Y
153 215 305 B
63 71 196 Y
7 83 222 G
1 324 124 I
49 101 158 O
78 104 173 O
128 245 59 I
221 280 243 V
165 172 244 V
55 146 298 V
4 52 292 I
129 260 52 Y
37 337 291 I
10 43 249 R
178 261 43 G
320 327 239 O
111 117 126 Y
256 295 27 O
15 302 71 Y
73 214 22 Y
111 340 127 I
11 121 276 V
25 177 82 O
3 211 226 O
244 323 129 V
137 293 302 G
21 134 137 B
210 225 12 B
68 87 5 G
89 132 311 Y
52 160 16 G
239 261 85 Y
179 256 110 B
204 228 62 G
68 144 300 O
175 272 127 I
309 336 261 Y
130 176 26 B
24 166 70 V
326 329 81 Y
25 108 245 G
101 322 227 R
185 254 175 I
26 285 22 B
152 282 271 B
49 219 119 I
195 198 214 G
22 327 223 I
81 160 136 O
24 258 183 V
12 159 276 I
88 228 317 V
90 240 119 G
165 294 263 Y
285 328 225 V
21 149 200 G
123 190 215 V
225 294 145 R
72 90 155 Y
24 201 218 I
216 327 139 G
8 181 131 I
109 178 70 B
177 182 21 B
92 117 213 G
23 171 204 R
314 320 7 G
80 287 25 R
72 342 157 G
296 336 291 G
243 285 296 V
53 262 79 V
8 320 304 Y
91 304 256 G
239 290 88 R
3 279 161 G
13 78 255 I
19 107 97 R
23 95 104 Y
252 308 319 Y
74 320 156 Y
208 287 71 I
66 161 78 G
89 215 91 G
184 314 320 G
20 209 118 R
15 42 102 R
17 131 238 V
175 203 72 B
11 145 184 R
247 323 236 I
83 194 305 O
78 224 179 O
7 221 91 Y
9 43 67 Y
152 231 101 Y
234 324 230 B
25 293 302 I
62 282 49 O
78 175 203 I
4 88 104 O
49 305 72 G
216 288 32 Y
92 220 109 G
30 320 230 G
209 257 257 G
182 210 223 Y
192 299 147 G
104 108 176 Y
98 230 119 G
289 328 95 Y
37 195 79 R
68 187 186 O
216 292 267 R
5 19 55 G
31 72 178 Y
92 242 156 R
111 231 289 Y
34 60 289 G
57 247 276 I
111 198 211 B
42 144 164 R
237 332 58 V
214 252 208 G
51 150 62 R
157 314 127 R
10 140 134 I
128 267 133 V
177 253 161 I
195 310 229 Y
43 317 41 I
44 135 150 I
198 215 101 I
116 251 74 V
65 306 47 B
57 123 107 Y
50 214 86 B
291 338 231 V
55 132 69 I
127 136 110 V
103 233 164 O
114 255 122 V
126 202 61 I
14 107 79 R
47 203 290 B
19 161 67 I
30 304 142 Y
21 166 65 B
149 298 202 V
102 150 9 Y
153 213 274 V
31 185 58 V
14 27 120 Y
163 201 83 I
55 216 135 R
320 334 183 V
238 339 106 R
310 339 304 I
88 112 15 O
332 343 117 I
320 328 71 I
120 191 303 V
1 222 303 V
300 306 313 Y
56 70 148 B
144 236 39 V
23 125 211 G
275 324 202 Y
307 328 64 B
100 201 49 B
152 217 137 Y
91 226 49 V
251 324 154 I
129 137 105 B
9 149 129 B
49 259 320 G
153 310 213 I
8 160 48 R
41 259 212 I
94 208 136 Y
50 282 203 Y
27 81 45 O
117 323 122 Y
36 42 161 R
87 298 311 B
42 335 7 Y
26 284 18 Y
70 96 102 G
2 52 57 V
39 264 45 B
10 93 94 V
219 309 310 Y
59 249 214 O
37 150 206 Y
156 325 196 Y
215 258 117 G
309 327 54 R
111 121 225 B
106 147 14 I
219 297 136 Y
37 109 228 O
113 151 223 I
222 335 299 O
6 113 157 I
4 276 82 I
23 62 260 B
113 130 172 Y
23 104 33 G
64 103 210 B
49 225 81 R
143 210 264 B
76 162 263 V
311 328 158 I
211 286 269 O
106 165 152 B
10 109 72 G
197 317 16 R
153 339 127 R
174 207 283 R
59 335 93 Y
95 282 43 I
10 331 118 R
17 338 51 O
109 291 135 G
144 227 272 V
196 330 129 I
2 41 167 O
57 308 264 Y
32 307 10 G
53 320 247 B
236 277 31 O
24 253 103 R
141 233 67 I
15 224 177 I
22 277 107 R
202 301 176 O
216 272 12 O
60 307 75 R
76 174 317 B
16 235 242 G
75 153 153 B
20 231 39 V
212 335 105 I
24 243 63 G
104 271 131 O
46 287 105 G
50 229 108 Y
242 243 239 I
204 269 4 O
53 276 316 I
80 235 227 I
254 312 29 B
83 267 254 O
18 195 75 R
144 200 143 B
91 337 232 V
112 225 309 I
221 268 73 V
21 218 152 O
46 251 180 B
77 127 272 R
264 281 170 I
43 142 71 G
199 297 39 R
55 96 220 G
172 180 231 Y
290 321 202 B
31 112 108 B
153 170 73 V
193 327 318 I
95 240 179 R
14 285 307 R
36 57 107 B
311 326 176 Y
57 295 58 R
15 158 111 I
152 249 58 G
114 317 66 I
107 251 183 O
36 180 215 I
88 155 146 I
175 320 252 I
160 254 40 B
90 169 229 Y
43 143 180 G
131 307 301 I
125 138 241 O
10 309 154 I
63 236 195 R
189 274 100 R
156 240 151 O
92 240 248 B
206 297 136 R
137 289 313 Y
53 282 68 O
224 274 6 G
32 289 239 I
117 318 258 V
90 174 263 V
244 314 272 O
185 310 136 O
151 286 94 R
35 343 273 B
153 249 37 I
82 110 6 O
272 334 238 R
10 177 248 B
23 213 279 G
187 323 131 G
4 271 86 V
73 263 119 I
157 281 126 Y
117 198 314 R
152 157 1 G
61 73 236 R
80 323 245 V
274 276 268 B
40 173 91 V
42 239 90 R
125 321 156 Y
45 331 60 I
33 270 212 G
14 195 293 I
59 289 84 R
12 102 307 V
6 280 99 G
39 175 88 B
12 111 134 I
34 41 316 B
250 296 257 B
141 253 162 I
169 255 221 G
105 172 9 V
279 283 234 V
205 275 84 R
49 137 199 O
322 325 300 V
17 252 224 O
21 131 165 B
126 187 248 V
156 180 223 B
60 97 296 Y
205 268 302 B
4 253 38 I
82 165 61 I
36 100 74 I
153 294 303 I
73 160 270 B
4 111 198 R
296 340 21 B
209 274 72 G
93 208 238 Y
125 319 31 G
28 230 25 G
4 128 193 V
79 290 265 Y
65 92 80 R
146 201 107 O
194 277 2 R
115 335 166 I
103 133 260 R
21 43 164 V
90 151 219 G
88 177 209 G
114 329 140 R
33 202 34 B
42 283 62 Y
296 321 25 I
62 258 285 B
270 296 262 B
77 255 320 B
2 50 272 R
131 342 13 Y
148 316 309 G
11 214 28 G
139 319 206 B
173 247 218 G
179 304 87 I
2 146 303 I
73 202 175 Y
154 287 99 V
51 326 283 R
170 234 189 I
96 193 80 O
146 322 172 V
67 320 305 Y
6 299 171 B
116 237 150 B
151 186 287 I
5 82 78 Y
170 236 259 G
123 270 39 O
135 340 6 I
75 244 236 V
110 171 243 B
14 228 238 G
151 194 210 B
23 204 71 V
210 256 270 R
222 234 219 I
85 331 23 Y
17 92 289 G
108 310 73 V
214 262 289 G
165 234 205 R
268 319 254 Y
90 261 191 O
29 122 311 Y
124 261 81 Y
52 57 41 V
114 148 238 I
25 141 152 V
139 313 34 V
21 325 110 B
287 318 56 V
43 104 195 B
16 170 228 G
20 159 94 I
106 258 291 B
296 328 251 O
143 209 224 O
179 238 270 G
273 292 281 V
102 146 263 R
121 243 194 O
38 283 279 I
187 220 233 V
126 183 179 I
121 205 26 Y
242 320 88 R
11 222 4 V
217 232 78 R
26 277 220 R
195 300 112 O
276 287 320 I
293 329 106 O
173 295 96 I
144 343 68 I
23 116 89 R
104 278 224 I
139 160 162 B
79 93 319 R
24 271 171 R
89 114 137 O
166 267 3 I
16 330 13 I
275 343 249 G
295 322 261 R
94 228 6 V
207 306 95 G
145 209 298 G
94 195 56 V
51 343 148 O
56 242 298 I
27 29 70 G
251 269 8 Y
72 123 312 I
45 153 295 R
56 284 125 G
58 263 161 G
169 191 292 R
284 329 85 Y
47 108 96 V
140 314 113 R
9 162 107 V
81 205 243 V
150 296 102 B
28 146 108 I
169 227 132 R
84 287 262 Y
60 317 41 B
104 128 73 B
294 308 13 O
53 96 153 B
71 239 38 G
268 335 258 G
8 25 262 I
55 197 120 B
285 325 257 R
17 224 280 R
71 92 146 O
21 333 52 G
51 102 62 G
163 233 14 R
92 101 186 R
60 177 34 V
240 241 201 I
7 198 169 V
298 314 41 R
61 74 92 R
57 286 111 B
55 108 118 I
22 97 176 I
52 315 318 B
91 245 99 B
168 262 4 R
59 179 68 B
118 257 170 R
226 265 186 I
96 113 293 R
158 190 251 I
16 184 69 V
124 140 111 B
34 230 306 B
37 327 211 G
156 190 119 B
41 258 32 R
153 230 196 R
8 126 43 Y
146 167 303 B
229 238 15 I
36 47 188 V
110 329 200 B
116 292 29 I
242 309 289 G
31 214 59 R
166 328 210 Y
117 159 118 R
50 220 291 I
144 174 106 G
5 50 148 G
172 306 116 V
42 63 128 O
88 138 52 R
173 264 191 V
149 164 19 V
288 292 204 V
77 249 199 I
70 238 103 I
189 286 277 V
9 227 124 V
154 175 215 B
220 290 133 R
282 335 319 G
38 69 300 B
108 214 219 V
330 341 307 Y
174 177 26 V
283 285 216 Y
69 249 270 G
186 208 307 O
18 222 51 O
240 339 99 V
59 101 175 I
127 268 297 R
20 260 219 V
30 168 19 V
162 192 129 R
151 164 284 V
118 162 295 B
67 175 210 G
118 341 76 O
198 298 57 B
10 288 113 B
269 312 239 R
38 234 90 B
145 165 16 O
161 272 277 G
44 57 91 R
16 262 315 V
40 132 85 R
26 141 117 O
65 189 173 R
238 267 194 O
238 301 288 O
192 303 118 B
13 304 286 B
214 257 5 B
99 254 237 G
35 235 129 Y
68 152 14 B
156 308 288 R
65 154 93 G
