339 2401
34 62 272 Y
58 250 121 O
61 263 255 B
38 240 243 V
1 326 17 B
121 335 165 G
76 284 191 R
136 167 144 O
236 295 161 G
164 326 222 B
77 233 191 O
16 46 128 B
91 324 256 O
38 49 80 B
36 175 78 B
101 167 27 O
84 274 179 G
110 125 92 Y
119 136 24 R
73 89 223 G
61 223 180 V
28 211 291 V
244 317 20 R
284 315 78 Y
93 101 16 O
105 308 167 O
125 132 58 O
100 320 84 B
12 169 266 I
48 310 17 Y
12 26 89 V
168 237 70 Y
272 323 182 I
70 250 32 Y
207 332 151 G
48 171 227 O
245 299 55 B
45 116 110 O
270 288 202 R
244 330 148 O
76 243 259 R
25 197 177 G
36 88 7 R
217 267 287 V
27 143 7 O
233 323 32 I
234 285 140 Y
71 296 71 R
20 309 67 O
46 107 78 R
7 324 11 R
88 181 3 B
100 211 151 G
125 304 25 G
280 283 3 B
297 314 52 O
143 271 21 B
147 154 191 R
17 78 67 R
16 160 275 O
87 148 75 O
76 180 193 G
282 301 280 V
188 244 94 V
284 324 8 B
262 295 134 Y
74 127 171 O
95 130 134 G
123 133 205 R
193 205 15 R
26 242 133 Y
102 198 123 O
307 325 290 V
252 272 284 V
155 205 195 R
72 83 138 G
245 292 137 B
136 235 141 R
59 98 214 I
3 156 8 V
33 281 274 V
31 160 116 O
92 168 206 R
270 292 20 Y
172 173 174 Y
150 315 168 G
36 330 54 V
211 302 91 B
11 113 151 O
59 151 139 B
9 86 195 G
134 293 263 R
165 222 10 V
18 39 142 G
51 63 238 I
63 186 125 B
190 262 43 G
80 271 90 G
105 170 32 G
2 42 65 Y
76 182 82 V
20 138 173 R
49 161 143 I
111 264 248 G
47 240 230 O
255 283 76 Y
245 332 163 V
48 181 101 I
3 108 287 V
102 151 35 G
143 270 91 Y
8 87 84 R
35 89 85 O
28 82 3 I
193 281 255 G
197 312 253 O
42 277 283 G
8 120 211 G
153 241 145 Y
110 313 142 Y
84 123 211 B
212 296 116 Y
66 161 76 I
181 211 238 O
64 252 81 O
104 318 170 B
111 295 140 Y
97 207 115 V
97 225 171 B
28 119 116 G
53 217 204 Y
15 244 5 R
166 260 154 B
107 339 81 R
101 193 81 Y
196 299 156 O
296 338 198 I
103 145 110 B
156 169 233 Y
84 172 197 G
220 292 260 G
24 88 201 R
264 289 39 B
169 194 82 B
42 283 66 G
174 253 12 G
207 323 76 B
71 321 212 I
73 313 28 B
157 280 283 Y
31 258 242 G
91 254 93 O
1 135 61 R
93 265 118 B
96 142 166 R
50 243 139 Y
125 290 101 B
99 139 99 O
67 142 247 G
119 252 227 Y
168 251 281 R
11 305 145 I
35 72 275 Y
82 139 77 R
148 153 22 O
21 99 256 R
115 238 199 V
58 117 115 O
193 256 104 B
34 269 276 B
32 160 157 R
172 210 188 B
202 270 262 V
294 305 136 I
82 323 101 O
40 247 184 G
196 257 227 I
166 295 134 Y
56 224 153 I
195 312 156 O
139 314 16 I
256 315 249 Y
11 192 103 V
113 287 126 G
213 295 56 Y
277 289 41 B
8 84 239 I
92 172 71 Y
13 224 75 R
14 119 234 I
19 234 281 G
47 105 55 R
194 221 18 O
39 291 1 O
25 246 247 B
19 83 5 G
90 102 273 V
213 325 129 V
108 257 128 G
183 259 108 Y
6 164 23 G
147 194 47 R
78 166 251 G
63 331 232 G
197 294 37 I
194 320 105 G
38 295 141 O
144 178 16 B
124 264 234 O
269 324 48 I
144 328 20 V
40 242 34 I
152 263 162 V
161 247 200 V
181 200 234 G
70 283 63 V
147 250 95 O
37 92 19 V
125 184 174 B
96 316 268 O
189 318 226 O
88 147 32 V
182 263 20 G
118 337 43 O
160 310 209 G
75 87 230 Y
157 185 102 O
36 249 35 G
206 315 133 O
64 179 104 O
37 237 60 G
2 318 200 B
15 75 277 I
23 301 197 V
17 198 4 Y
54 64 83 Y
10 102 94 O
92 276 92 I
54 286 183 G
82 193 280 G
59 226 28 O
39 48 287 Y
267 322 266 G
11 308 204 Y
178 248 107 B
58 72 259 O
53 255 283 R
149 216 74 R
25 95 119 I
96 260 57 B
164 228 21 Y
194 304 169 I
24 234 48 I
31 96 99 B
135 143 218 B
47 110 80 O
49 137 252 B
49 211 109 G
4 271 247 V
257 333 270 V
8 200 215 I
120 270 11 G
5 75 261 O
88 257 243 Y
157 246 160 O
126 323 143 R
229 248 139 R
97 308 248 V
52 159 123 G
125 196 162 V
38 282 237 O
219 262 148 V
135 334 159 R
190 264 85 G
29 77 275 G
149 188 111 V
12 68 275 R
108 237 245 G
266 333 82 R
55 79 123 I
8 281 272 B
55 282 200 G
57 271 219 G
120 223 282 Y
226 244 255 B
122 222 282 Y
25 112 266 B
8 162 48 V
149 306 241 I
56 228 93 I
125 253 146 Y
113 137 25 R
3 146 137 V
225 255 190 R
100 147 27 I
259 302 40 V
63 142 44 B
22 288 223 O
77 296 273 B
141 233 116 V
100 221 209 V
211 236 85 V
71 84 221 O
265 280 18 B
35 128 173 B
5 275 177 V
74 83 205 B
139 326 281 G
155 222 179 I
64 264 17 Y
3 27 173 V
65 216 165 R
39 184 164 G
4 273 280 I
22 25 24 Y
304 327 66 I
139 298 263 B
96 258 189 G
109 136 47 O
79 161 199 O
23 166 210 B
52 95 109 B
34 164 132 B
31 281 20 O
180 262 42 G
318 323 283 I
100 115 267 B
77 102 139 R
102 312 28 R
25 283 22 G
143 204 288 B
31 237 81 B
15 87 91 V
62 311 167 G
46 117 137 Y
7 253 11 R
11 65 181 Y
250 266 2 I
38 124 198 I
61 168 213 Y
119 282 78 V
5 306 164 V
41 104 288 V
85 204 56 O
12 322 131 V
77 213 64 O
15 195 279 G
20 145 41 G
12 129 199 R
200 327 68 I
150 256 215 V
198 314 32 I
152 276 92 B
156 236 119 G
82 170 41 Y
298 339 93 B
80 222 85 I
83 311 262 R
198 271 163 G
112 264 245 Y
190 324 27 O
143 227 285 B
3 121 39 G
192 326 82 I
45 268 26 Y
97 315 146 V
20 255 242 I
8 196 101 I
116 136 131 G
52 151 26 G
78 98 222 O
220 309 254 Y
29 122 142 B
130 148 100 G
22 272 23 V
94 232 260 I
88 153 255 I
115 120 255 V
114 192 158 V
51 70 10 G
232 330 240 B
153 226 86 G
178 202 45 O
172 305 263 G
90 166 165 B
229 256 19 B
20 87 274 V
238 298 166 O
140 281 152 O
305 312 287 G
77 226 200 I
169 230 250 I
137 174 49 B
65 156 40 O
98 149 190 O
68 84 243 R
164 336 290 O
11 326 169 I
125 227 79 B
22 336 241 R
171 282 1 Y
12 33 274 G
72 159 39 O
194 253 151 Y
167 236 69 R
75 139 80 I
199 212 241 Y
114 268 53 G
81 293 175 Y
197 339 103 B
289 302 243 V
143 295 256 G
28 147 79 I
21 321 18 G
139 178 147 O
44 45 287 G
230 234 55 O
21 160 61 B
76 230 138 G
26 319 23 B
24 321 193 Y
230 319 30 Y
44 257 273 O
47 220 170 Y
103 289 274 O
118 212 256 G
215 256 228 I
9 232 9 I
173 247 116 I
133 254 215 R
110 118 203 O
8 261 272 R
249 252 98 R
17 151 182 R
104 137 99 O
48 167 43 Y
248 308 201 V
39 309 167 G
102 331 98 O
6 307 90 B
226 294 199 G
122 175 87 G
111 272 18 B
32 205 145 R
64 121 255 V
189 275 186 B
117 155 192 O
134 137 239 G
92 321 133 O
161 274 164 Y
250 255 291 G
49 338 133 O
32 95 27 I
37 295 213 O
205 271 185 R
66 136 3 I
202 217 174 B
169 310 138 B
102 143 262 O
193 315 182 Y
17 97 287 B
187 245 214 Y
133 164 270 R
101 187 89 V
273 333 85 B
37 268 97 R
75 85 214 R
175 296 274 R
204 284 175 B
6 174 215 R
141 268 150 Y
110 145 9 R
198 250 231 B
163 271 81 R
80 280 163 O
217 329 47 V
11 199 228 B
22 228 170 R
206 287 134 V
52 112 3 G
44 264 84 R
45 125 19 Y
199 303 119 V
130 206 85 O
81 332 137 G
213 326 126 R
74 332 221 R
93 197 2 I
162 293 112 Y
298 320 13 R
125 309 195 Y
285 319 251 R
17 227 202 I
85 328 35 Y
46 289 213 Y
295 306 217 B
31 99 237 V
75 246 155 G
62 206 175 R
11 58 82 I
81 198 48 R
259 269 10 G
4 231 125 R
141 285 84 B
121 167 280 G
20 95 168 B
189 249 72 I
112 237 210 B
1 37 241 I
43 95 165 O
265 311 21 I
13 311 223 B
2 33 239 Y
86 208 74 B
106 207 231 I
63 92 141 I
166 304 186 Y
174 290 76 O
180 204 214 I
53 282 206 R
66 251 277 O
99 289 9 I
49 254 134 V
71 105 88 V
33 131 245 V
196 312 139 I
29 245 111 R
163 307 27 V
176 180 28 I
12 311 67 G
59 240 54 R
154 246 282 G
131 339 179 V
137 231 230 B
60 152 20 B
112 321 51 R
47 130 171 Y
116 231 213 R
232 310 271 V
85 134 122 V
65 269 289 O
32 115 244 R
56 292 208 V
86 161 280 B
208 317 186 O
179 239 209 B
302 306 44 Y
92 269 230 O
105 248 96 B
75 92 86 V
82 251 179 G
277 281 186 I
80 310 123 V
134 211 282 V
188 328 34 B
5 157 177 G
81 113 10 V
62 191 174 G
60 120 132 O
44 259 118 R
26 108 205 V
258 285 283 G
101 195 113 G
41 310 26 Y
244 290 197 G
131 199 265 V
34 292 144 I
273 309 281 Y
71 173 153 R
4 6 231 R
155 243 115 Y
314 337 262 Y
87 116 185 B
60 148 55 G
104 149 150 Y
49 262 219 V
87 273 179 I
80 206 238 G
88 293 202 Y
118 292 214 O
120 315 40 V
123 196 22 R
159 318 178 G
120 143 68 V
110 230 276 B
56 276 77 Y
113 203 67 I
62 276 268 R
147 159 257 G
137 216 257 V
67 231 43 I
217 291 58 R
151 171 262 I
120 291 169 I
66 86 55 R
2 339 64 I
131 234 50 Y
12 230 29 I
25 305 95 V
24 204 88 B
12 282 247 V
14 145 207 O
58 292 282 G
102 332 46 I
109 211 61 I
178 259 229 R
194 328 184 O
191 320 247 B
147 287 85 I
13 70 109 G
247 280 127 V
55 174 124 R
141 314 241 R
179 267 67 V
137 187 91 O
122 298 185 B
36 250 24 B
142 234 179 R
8 148 258 Y
167 287 4 B
243 260 36 G
95 312 77 G
161 166 202 G
73 246 181 Y
63 85 90 R
143 293 177 R
104 177 115 O
209 270 280 R
319 334 178 V
200 324 137 G
175 191 81 I
170 231 265 R
105 311 33 Y
183 266 259 I
115 236 193 Y
65 129 15 V
248 302 141 I
203 299 148 Y
6 254 177 Y
166 282 165 O
91 99 107 V
112 232 102 Y
220 335 50 V
24 152 73 I
42 317 112 G
24 287 228 Y
102 337 6 O
26 44 120 G
82 146 237 I
69 299 182 B
11 146 242 B
182 241 284 B
28 65 57 V
25 45 63 Y
43 75 269 V
61 91 143 V
26 42 273 R
145 213 201 R
162 167 26 B
55 221 194 I
264 330 133 Y
122 142 158 B
185 197 184 G
73 153 5 I
136 162 164 O
232 338 5 G
177 333 89 I
34 153 3 O
256 277 209 R
192 212 133 O
276 297 286 R
94 149 5 Y
5 274 188 O
8 202 277 B
218 298 188 V
188 319 117 R
210 248 79 I
133 326 135 B
119 320 162 V
44 172 89 B
38 110 158 V
183 311 91 R
14 66 84 V
90 206 126 V
23 270 24 V
331 335 81 R
48 311 8 B
175 222 256 B
49 277 10 O
191 310 114 O
211 227 180 R
104 245 175 V
271 274 280 B
237 278 64 I
39 97 38 O
85 87 287 G
72 326 29 O
21 191 78 I
77 92 267 I
50 280 230 B
60 98 157 G
27 289 49 V
156 327 19 V
100 275 18 G
153 160 278 O
191 215 176 O
325 330 205 G
143 230 101 R
20 187 228 O
163 167 170 V
107 226 50 I
62 127 226 B
262 326 52 Y
13 168 75 Y
157 198 239 R
165 209 65 G
74 331 78 R
272 321 188 V
140 322 222 I
104 267 184 Y
53 116 110 G
15 84 108 B
3 60 179 B
165 166 212 O
69 186 36 B
181 306 58 B
13 254 225 Y
226 237 112 O
65 317 180 R
207 311 148 Y
180 335 54 V
186 286 31 Y
271 283 32 I
115 234 241 B
53 215 21 Y
245 278 71 O
182 187 235 R
33 333 23 V
2 197 153 Y
172 267 165 O
154 195 38 V
86 109 43 R
137 246 9 V
38 312 49 O
129 245 72 B
262 319 122 R
10 26 129 V
68 149 232 R
28 75 253 I
6 62 23 R
116 120 104 V
241 289 239 I
93 128 91 Y
43 272 275 O
115 141 94 Y
46 158 273 R
152 327 273 Y
208 215 228 B
58 296 291 V
116 145 124 B
181 202 152 Y
70 134 232 O
15 251 232 B
315 332 250 I
296 329 66 O
109 308 203 G
183 258 148 B
11 23 147 R
234 318 291 R
22 133 288 I
47 311 81 I
90 186 263 B
43 45 190 Y
100 129 280 R
124 236 8 V
13 203 176 B
3 67 267 R
30 106 201 G
3 142 94 Y
89 229 155 O
90 276 113 I
89 127 164 O
203 288 272 Y
118 249 130 O
40 199 94 G
119 315 173 G
95 166 284 Y
36 255 228 G
194 257 82 O
83 310 247 O
41 190 13 O
109 187 7 Y
79 163 4 G
73 202 105 O
101 130 192 I
103 167 9 R
155 294 9 R
1 280 115 B
86 160 230 V
205 312 8 Y
36 271 44 B
19 220 33 I
273 330 244 I
61 103 9 B
15 16 291 I
158 277 262 I
67 200 35 O
51 237 10 B
14 265 155 Y
2 201 237 O
46 205 22 G
115 316 269 O
116 277 87 I
313 325 1 V
36 152 265 B
51 185 20 O
161 169 262 G
8 176 59 V
78 334 7 O
42 150 60 Y
34 293 182 O
54 63 242 B
99 292 147 Y
314 319 1 Y
28 53 252 Y
179 337 246 I
187 294 193 O
136 208 105 O
233 329 37 G
16 93 17 Y
105 125 151 V
153 283 190 B
67 245 203 B
91 266 60 V
27 79 129 I
6 167 276 O
87 230 123 O
115 239 8 O
70 312 102 R
89 203 73 R
284 290 150 V
113 148 227 B
91 236 266 V
243 297 259 I
54 332 107 G
32 168 275 G
158 230 196 B
193 300 69 V
6 335 218 B
71 229 62 I
144 271 49 O
39 75 137 O
261 324 214 R
25 116 64 I
109 268 220 B
122 311 233 I
12 339 30 R
238 320 37 G
189 241 168 R
303 335 28 R
47 155 102 R
50 326 285 Y
74 184 272 G
144 259 100 G
143 245 102 Y
45 318 244 I
141 319 44 G
58 192 119 Y
26 165 139 I
176 334 23 O
107 323 173 R
80 224 223 G
191 269 65 Y
133 166 131 R
114 214 194 V
204 323 96 V
32 251 3 V
133 333 25 V
55 333 68 O
106 301 43 Y
11 101 117 R
71 121 210 V
126 284 95 Y
205 249 176 R
31 308 77 O
12 135 106 G
6 113 71 Y
182 296 248 R
100 294 268 B
193 310 58 V
120 262 266 Y
144 295 141 O
57 239 251 Y
15 141 266 O
37 49 260 O
17 155 127 I
86 133 167 O
33 207 107 I
271 286 203 Y
38 197 234 V
34 129 174 O
124 202 226 V
69 203 208 G
24 140 18 O
273 318 234 O
128 247 38 G
77 332 125 R
144 210 74 V
43 267 259 O
77 119 203 B
86 292 57 R
4 254 259 G
202 339 191 R
176 272 150 R
22 243 73 Y
247 332 173 G
70 72 166 G
88 164 204 Y
77 83 214 R
21 288 266 Y
207 256 258 R
213 249 244 R
208 269 139 B
197 295 26 O
45 107 248 R
89 161 128 R
26 163 41 O
123 334 17 O
249 304 16 I
165 293 260 R
239 294 63 Y
22 147 112 Y
99 321 244 R
19 252 88 R
106 178 98 B
91 127 48 Y
238 296 241 G
153 338 64 I
133 173 140 Y
40 108 222 R
187 290 127 B
26 207 177 I
17 235 22 V
118 320 19 V
57 227 41 R
254 316 122 V
79 208 101 B
59 82 253 O
69 89 48 B
275 298 281 O
31 306 76 I
48 198 126 Y
155 307 271 Y
213 324 218 R
55 236 21 B
8 333 87 G
71 122 251 G
204 250 219 Y
92 150 235 O
183 234 13 I
152 321 31 B
124 172 87 I
24 145 147 B
34 320 269 B
58 238 69 G
196 333 232 R
123 330 138 V
317 338 71 I
41 117 155 Y
66 164 27 G
236 339 276 R
70 90 170 B
125 129 161 O
17 36 196 R
23 123 145 I
254 268 26 O
79 172 78 O
4 70 112 G
49 281 68 R
65 160 48 B
16 244 257 I
72 183 89 V
37 168 187 G
201 289 70 G
109 275 226 O
65 76 7 Y
95 144 164 V
36 238 254 G
33 302 102 B
123 226 185 B
17 228 26 I
33 326 261 G
219 231 270 B
62 231 196 R
28 251 174 Y
114 186 153 O
162 259 159 O
92 289 154 R
37 172 121 O
111 218 245 G
16 304 51 Y
27 40 69 Y
200 288 66 R
132 137 241 B
70 263 93 Y
40 218 182 V
209 292 233 I
11 62 121 G
232 250 77 Y
124 155 117 I
96 245 180 R
43 188 99 V
97 239 236 V
319 322 172 R
10 245 54 I
48 321 168 G
108 196 287 I
95 216 192 Y
30 131 119 G
91 297 285 G
84 288 42 V
73 116 105 B
92 186 145 O
26 37 150 Y
28 31 44 O
31 197 122 V
257 260 121 B
73 318 99 O
272 314 239 I
106 197 245 V
7 143 168 Y
231 324 277 Y
242 319 43 Y
78 299 47 O
39 46 150 Y
193 282 142 V
23 334 109 G
77 84 66 G
179 253 165 I
29 54 45 G
108 206 234 R
80 126 279 B
244 266 186 B
144 170 5 I
50 242 41 O
116 283 145 I
1 288 76 O
10 139 48 R
99 123 53 Y
135 314 178 O
73 121 236 B
11 166 245 O
165 217 143 B
74 145 209 I
91 157 37 G
256 322 268 R
294 331 233 G
61 227 51 I
35 101 80 B
220 270 205 G
292 324 118 V
16 298 54 R
217 312 287 V
76 195 141 V
223 289 36 I
108 290 180 R
122 335 84 B
18 246 132 O
192 299 166 R
90 319 111 G
76 131 60 O
254 339 274 G
20 316 130 R
111 173 222 Y
53 258 276 G
89 217 21 R
200 319 164 O
111 162 58 O
104 173 201 V
196 276 70 B
150 180 132 B
7 173 276 Y
288 299 104 O
300 308 38 V
288 325 164 G
36 166 106 R
68 288 159 B
255 256 204 B
57 279 144 V
9 288 196 R
176 337 245 O
58 163 89 V
158 257 281 G
96 335 168 Y
147 318 162 Y
202 323 139 Y
115 269 212 Y
34 157 107 I
260 294 149 O
61 152 233 G
139 254 270 B
141 212 216 O
87 240 163 G
79 88 61 Y
87 256 1 I
53 73 124 V
162 298 277 B
191 326 170 R
87 263 45 B
166 296 262 V
120 234 220 V
157 212 165 B
65 173 276 B
18 266 102 I
295 309 82 R
279 326 191 G
227 236 70 O
78 282 273 I
123 147 140 B
193 327 239 B
213 224 100 G
333 337 190 G
236 310 111 B
173 305 289 R
91 147 221 G
120 148 188 G
160 239 174 B
18 138 31 I
204 271 205 B
166 281 79 Y
87 201 108 R
215 314 222 B
171 179 164 V
15 142 84 I
27 288 47 O
217 270 168 R
222 265 290 Y
227 241 170 R
63 255 200 I
94 136 78 B
99 204 39 Y
83 202 83 G
137 238 131 R
23 35 220 B
286 330 225 G
123 321 152 O
86 120 158 G
53 188 178 O
190 222 111 B
211 268 144 B
57 84 114 Y
3 136 83 Y
38 287 259 O
242 275 230 Y
44 109 242 Y
42 54 163 R
25 308 116 R
54 142 4 I
99 241 223 B
92 221 179 V
52 232 238 G
282 300 271 G
21 149 82 O
125 302 265 O
54 277 238 V
172 234 181 I
6 79 290 R
42 79 163 I
27 332 263 V
208 305 48 I
240 263 155 I
217 262 257 G
42 187 157 G
207 257 187 V
162 198 13 V
176 262 129 G
170 224 215 I
122 184 58 I
121 148 163 I
136 152 196 R
201 249 163 R
86 192 245 I
256 276 42 G
70 273 182 V
141 335 113 R
36 220 89 G
180 186 26 I
112 248 248 R
126 232 199 B
14 339 32 B
40 49 258 R
11 187 214 G
222 306 109 B
36 312 189 B
10 243 75 G
43 321 241 G
107 111 208 B
43 138 175 R
271 308 147 V
179 287 46 Y
69 126 220 R
18 274 32 G
100 273 113 R
34 296 200 B
137 209 164 B
167 219 104 R
29 39 61 I
63 82 224 B
144 281 5 Y
91 290 161 G
72 136 40 G
172 288 260 B
97 314 67 Y
32 68 20 R
66 134 251 I
10 159 126 Y
32 155 125 V
85 276 4 Y
118 166 135 B
160 268 5 R
254 280 21 V
293 300 280 G
199 214 36 B
121 153 83 I
234 272 211 R
83 233 37 I
213 273 196 V
154 311 263 R
35 207 165 B
192 229 89 Y
79 129 122 R
256 264 278 R
276 299 200 B
35 238 68 Y
290 337 140 V
179 308 222 R
176 302 143 Y
62 192 182 B
57 301 188 G
120 326 186 B
265 304 167 O
261 268 44 O
321 322 152 G
14 136 39 O
87 128 155 O
167 276 272 O
33 165 90 V
53 270 289 R
96 154 250 Y
151 264 236 R
25 57 276 Y
247 305 269 Y
266 316 132 G
54 94 283 Y
54 308 95 I
118 203 80 R
23 185 143 R
78 225 26 I
268 277 174 R
119 253 88 Y
56 328 134 Y
12 175 202 G
105 184 47 B
30 107 217 Y
152 179 217 Y
310 330 286 Y
41 238 271 Y
208 287 204 O
189 281 173 O
117 265 197 V
20 259 186 G
189 226 94 R
29 38 53 R
289 294 239 O
33 137 24 I
33 254 159 I
202 309 231 I
53 222 213 R
15 166 49 G
334 336 262 Y
11 110 107 V
182 258 114 V
102 283 208 V
125 209 183 I
10 248 104 Y
184 206 272 B
190 231 220 V
170 194 42 R
212 320 97 Y
91 310 143 O
10 110 79 Y
29 93 126 G
69 100 46 O
66 320 264 Y
158 279 98 O
161 224 42 G
259 304 30 R
27 197 136 B
129 278 250 I
97 306 71 O
177 287 30 R
46 235 56 I
155 202 6 G
283 317 281 I
209 316 119 O
180 241 60 O
53 184 1 V
141 310 167 R
23 69 134 I
191 266 237 B
38 42 206 V
121 159 273 O
119 227 106 V
8 214 114 B
229 291 154 I
1 81 59 Y
91 270 237 Y
11 270 131 I
156 192 233 G
23 143 222 Y
113 196 276 Y
54 201 191 Y
79 171 282 I
137 214 108 O
115 159 73 I
3 259 172 B
20 241 183 B
104 119 33 Y
84 324 177 O
16 330 184 I
186 310 178 O
262 268 278 O
15 167 87 I
135 253 148 V
67 143 34 R
223 230 163 B
23 295 27 V
18 76 94 I
153 305 79 R
133 304 138 I
89 291 157 Y
196 255 171 Y
82 162 41 G
219 323 145 V
126 173 90 G
70 164 155 I
193 322 156 G
15 218 120 O
293 322 53 B
14 336 193 G
198 225 286 G
230 302 162 B
83 290 121 I
209 260 227 R
54 138 7 R
238 317 166 Y
77 299 198 Y
180 331 273 G
12 38 182 I
174 236 148 R
149 254 101 B
239 334 64 G
43 190 172 G
135 317 178 I
39 254 164 I
52 202 150 V
80 258 231 V
226 330 78 R
233 334 144 I
262 267 182 O
18 182 252 V
121 337 129 V
332 338 201 V
197 202 173 V
226 299 221 V
47 173 79 G
182 211 118 G
160 321 209 I
287 312 170 G
151 277 91 Y
214 260 157 Y
95 288 90 I
36 113 133 I
117 297 134 V
128 272 195 R
150 252 188 O
94 333 230 V
61 65 12 V
168 174 238 G
44 116 13 Y
268 294 89 I
31 164 183 B
9 166 152 B
199 241 193 I
129 280 140 R
266 279 266 R
70 220 188 Y
25 78 13 V
82 254 166 I
39 170 171 O
151 192 123 Y
8 175 164 I
126 203 280 R
224 278 174 G
156 296 107 I
62 141 55 R
114 143 81 I
242 249 13 I
20 212 178 O
291 302 50 R
17 156 10 V
11 100 46 V
21 127 88 O
65 252 151 V
34 333 151 O
30 194 69 O
35 116 195 G
175 303 242 G
101 138 237 R
21 249 10 V
318 338 137 V
85 301 55 G
12 296 46 O
27 30 55 V
77 317 5 R
241 286 285 I
40 118 281 R
44 211 195 R
106 225 261 O
36 65 60 V
60 114 167 V
54 198 94 I
174 325 45 B
19 40 179 G
163 175 111 I
97 280 256 O
79 194 198 B
270 275 23 O
38 79 104 O
182 243 290 O
173 282 128 O
19 334 124 Y
138 177 84 Y
20 36 56 B
257 259 197 I
282 317 112 B
40 98 96 R
2 84 207 R
12 147 26 O
104 145 206 B
177 194 172 B
55 300 69 I
206 305 86 B
179 261 256 Y
188 191 45 O
131 180 230 R
103 166 73 V
58 125 185 B
193 326 53 R
2 218 270 I
129 337 48 G
228 276 141 B
139 301 1 I
20 82 84 G
181 194 41 I
134 157 184 Y
251 281 215 G
142 214 194 I
3 317 165 Y
153 179 157 G
22 274 98 B
114 326 15 V
173 335 167 I
159 172 113 G
40 107 186 G
17 192 161 R
35 58 75 Y
78 215 274 I
60 305 71 R
20 134 285 V
106 335 127 V
103 261 195 V
168 298 172 R
88 132 97 B
138 186 178 R
6 94 124 G
78 262 47 I
150 211 231 O
144 319 110 B
108 148 151 R
140 249 1 Y
158 178 263 V
29 89 121 O
191 292 18 G
199 321 224 I
265 291 67 I
115 167 36 O
15 80 23 B
86 276 17 R
39 141 252 V
140 161 206 R
161 228 64 V
210 271 185 I
60 90 25 Y
135 240 218 G
69 72 183 R
64 211 226 O
93 116 186 V
11 59 83 R
27 157 185 B
58 83 8 V
183 233 260 R
117 324 286 B
45 162 37 O
50 176 167 O
99 118 260 O
82 150 250 R
119 183 291 I
247 281 125 O
135 328 93 B
64 191 278 G
301 332 45 Y
73 314 30 Y
40 335 170 O
319 326 88 I
184 301 120 O
244 307 171 R
162 332 191 V
232 239 201 G
99 320 176 Y
56 106 245 O
103 246 195 B
21 264 249 Y
191 333 100 I
60 306 15 V
49 122 118 V
179 324 84 I
11 181 27 Y
97 211 277 G
21 295 189 O
191 299 284 I
284 300 188 O
153 259 25 O
212 336 210 R
62 275 258 Y
9 106 187 V
94 121 110 B
50 201 226 I
72 169 57 O
76 227 157 R
213 320 82 R
148 204 262 B
27 61 201 B
149 206 72 R
1 19 181 B
121 147 48 V
80 177 32 O
25 170 220 R
24 159 82 R
5 175 267 R
112 328 104 R
46 238 79 Y
190 297 226 Y
37 230 270 I
221 330 32 R
218 297 21 V
165 244 291 B
74 206 148 Y
75 328 235 R
33 290 288 R
166 283 11 R
32 180 157 O
70 137 83 Y
29 273 209 V
271 336 246 O
170 232 104 V
64 124 147 I
14 298 221 V
74 335 21 R
89 191 188 R
189 324 205 V
120 197 63 B
165 223 221 G
177 313 286 G
108 116 218 B
23 106 161 Y
110 132 128 O
103 287 156 Y
85 252 232 Y
104 292 59 G
133 309 222 O
186 268 9 G
138 265 271 G
6 173 207 B
89 255 114 G
124 176 20 G
49 297 38 R
223 276 156 O
156 268 241 I
51 216 135 B
205 232 216 Y
150 189 189 I
98 161 272 G
63 103 282 I
130 242 237 R
109 312 216 R
100 155 149 O
261 286 275 B
40 313 222 Y
146 299 136 O
196 290 180 R
99 105 218 O
7 312 133 Y
29 131 230 O
35 144 29 G
35 113 150 R
156 190 78 R
102 209 118 R
67 277 139 G
182 280 154 B
148 166 6 R
152 223 278 O
109 128 72 I
250 282 137 V
310 319 114 O
69 225 272 B
32 89 142 O
245 316 79 I
219 238 95 B
213 261 120 R
185 327 26 R
122 339 11 R
7 97 146 B
131 283 225 B
245 255 54 O
87 224 244 B
11 220 76 B
176 335 230 R
131 219 80 Y
73 119 121 O
59 144 183 R
138 168 29 V
37 193 132 O
141 199 118 I
297 330 88 B
152 228 180 Y
50 187 250 O
196 215 240 G
54 313 216 Y
263 297 49 V
55 304 41 I
47 203 258 I
75 293 223 Y
102 252 158 G
239 262 216 O
39 145 216 I
96 240 13 R
1 95 279 G
207 325 86 V
266 299 44 I
31 282 38 Y
269 304 155 R
271 273 286 I
221 230 59 B
115 295 212 V
43 245 197 R
11 234 20 O
47 312 68 V
85 318 252 B
192 199 251 O
40 89 182 G
65 243 130 O
15 303 173 V
21 54 281 I
58 193 92 G
140 154 121 R
84 225 82 V
147 313 89 O
214 222 73 O
275 316 14 Y
16 162 71 G
226 230 238 R
166 322 276 B
51 315 127 I
57 113 259 Y
56 192 111 I
261 335 156 O
257 325 23 Y
63 195 181 I
72 175 111 R
133 179 79 I
20 206 227 O
47 294 113 R
128 311 197 V
259 273 177 R
125 265 223 B
37 108 145 G
182 309 139 V
330 338 7 B
283 322 233 B
12 95 239 O
114 331 31 I
77 165 273 B
104 324 277 Y
102 117 149 V
32 74 165 G
104 282 117 I
97 333 97 R
75 197 263 O
106 134 235 O
122 251 234 I
162 164 114 V
25 39 4 B
172 326 209 B
95 143 154 I
26 339 119 Y
15 326 160 V
33 253 49 G
169 314 239 R
48 231 117 G
243 326 184 G
247 269 41 I
156 253 291 O
54 260 66 B
223 258 109 V
98 157 57 O
32 98 36 O
118 183 135 O
13 276 162 Y
44 205 207 O
218 243 62 Y
2 38 127 R
103 256 204 I
50 122 237 Y
97 117 27 B
115 333 205 R
249 294 63 G
194 280 52 V
98 163 19 V
257 319 270 O
181 335 27 G
73 329 129 Y
65 113 19 B
86 239 163 G
33 79 164 O
205 220 178 O
203 246 104 I
116 330 168 V
155 212 265 I
220 245 207 Y
16 214 57 V
7 51 103 B
25 186 9 B
176 212 109 V
169 226 203 R
147 268 11 G
96 166 244 V
69 247 266 O
158 184 270 B
73 218 258 O
30 335 206 B
236 262 68 V
71 125 196 G
280 315 92 O
85 272 125 Y
206 227 241 G
161 289 6 Y
200 284 7 Y
92 243 81 V
19 164 186 G
294 335 195 O
43 239 241 I
196 224 244 I
30 281 61 B
156 195 110 O
86 174 235 V
132 333 183 V
33 222 204 G
86 230 265 G
119 171 260 B
172 200 29 O
15 193 209 O
246 300 227 Y
152 246 20 R
130 195 59 O
87 275 111 Y
98 310 288 I
162 339 249 Y
122 186 185 G
211 329 85 V
103 124 113 Y
72 227 19 Y
108 329 147 O
11 121 4 B
75 281 273 R
55 116 48 G
196 300 290 G
149 259 31 O
180 273 175 G
11 217 285 B
32 87 104 Y
265 295 45 G
26 125 98 R
152 296 31 G
169 176 87 Y
295 327 239 O
135 336 211 G
10 298 64 O
138 326 5 Y
38 331 32 O
212 302 90 O
132 150 127 V
31 253 49 R
100 322 50 R
9 286 6 B
114 226 207 B
113 124 13 I
121 175 192 B
93 177 200 Y
166 177 97 G
17 153 134 R
2 278 173 I
217 220 253 O
8 299 126 V
169 174 234 V
33 85 202 B
167 323 94 V
92 162 240 G
215 305 173 B
77 101 53 I
21 201 107 B
3 82 17 G
50 266 141 Y
161 234 35 V
276 332 95 I
162 166 7 O
10 324 132 O
279 309 236 G
187 317 47 O
71 266 272 V
145 188 237 O
199 327 173 G
106 215 169 I
182 293 58 B
97 297 250 V
172 212 88 Y
195 218 237 B
175 321 14 G
220 272 259 B
19 313 1 B
227 287 237 V
75 152 259 R
53 104 3 V
107 175 54 B
82 239 187 R
85 207 156 I
313 320 58 Y
115 262 186 V
163 311 236 V
165 183 70 R
43 299 93 O
45 298 81 I
148 164 172 R
141 178 63 G
220 319 169 B
30 130 136 R
62 239 280 Y
91 169 287 O
192 241 257 V
105 309 18 G
74 305 92 Y
24 259 100 O
44 200 242 G
24 251 85 Y
128 151 229 B
274 303 198 R
50 323 107 G
205 311 27 R
134 252 20 V
65 191 49 B
25 86 188 I
49 302 13 O
39 326 131 I
91 243 243 O
42 274 207 V
240 260 228 V
109 195 263 Y
85 114 282 R
206 207 24 V
86 115 72 V
83 274 90 I
188 218 283 I
24 170 201 B
207 291 227 B
200 231 83 I
64 200 145 I
46 338 242 Y
36 149 86 G
202 299 141 O
130 213 132 V
129 213 210 G
27 273 198 B
35 190 160 I
61 132 238 V
11 248 56 B
50 102 257 G
109 209 54 G
161 237 138 O
136 292 176 R
173 236 88 V
135 158 104 V
4 75 17 Y
20 205 154 I
60 176 32 I
4 83 189 Y
60 210 99 Y
90 140 269 G
218 224 162 Y
53 166 49 B
63 213 287 O
205 318 125 O
228 318 241 O
87 145 151 B
72 228 95 G
9 253 103 O
182 333 101 B
191 336 276 R
126 174 90 G
190 312 95 G
225 280 194 B
60 290 273 Y
256 281 167 O
132 249 194 Y
274 329 193 V
204 243 236 O
173 252 157 R
37 209 59 B
252 337 149 G
19 98 8 I
128 273 1 I
194 231 45 R
229 337 260 R
91 135 236 Y
71 147 149 R
53 201 153 G
133 145 96 B
281 282 34 V
31 77 113 V
67 151 246 G
146 266 220 B
57 160 104 V
36 290 157 B
180 208 126 O
243 310 105 V
41 181 119 Y
306 325 271 I
16 337 201 R
243 250 70 Y
144 216 42 G
15 52 253 O
66 120 191 V
41 163 168 R
136 175 114 G
197 291 285 O
58 223 189 G
257 289 83 O
209 289 285 R
241 271 20 B
251 315 160 R
142 312 173 V
315 327 102 G
22 68 262 R
40 278 56 R
123 138 227 V
51 328 105 B
9 33 37 Y
89 243 111 B
58 148 214 V
90 151 61 R
115 212 94 I
168 266 260 O
13 290 44 G
139 151 132 Y
156 235 53 I
133 165 154 V
74 303 206 Y
172 328 88 G
10 197 146 O
56 128 67 I
13 164 158 R
85 305 262 B
50 103 67 B
287 310 169 B
263 288 177 G
91 105 156 O
97 215 152 R
20 222 57 R
34 326 150 B
145 165 19 Y
85 299 265 O
110 254 141 Y
41 314 178 G
180 306 81 G
224 303 88 R
268 331 172 Y
100 192 62 V
24 177 7 B
166 323 224 I
49 280 22 R
70 201 280 V
23 256 144 B
80 235 280 R
60 93 24 Y
162 283 62 R
208 246 239 G
46 208 9 O
187 331 111 I
6 121 117 O
122 202 280 V
94 288 276 G
53 87 17 I
130 319 164 O
111 296 142 I
70 217 103 I
18 46 122 V
182 209 8 V
11 81 280 G
30 220 256 O
45 128 204 V
39 323 154 Y
141 186 96 R
159 295 250 O
132 273 196 B
67 131 167 G
97 103 198 G
134 205 79 O
216 276 20 B
79 187 196 R
11 322 279 B
91 228 192 V
161 317 178 I
280 316 94 R
67 314 52 V
225 318 165 B
14 289 208 I
180 184 281 Y
270 304 242 O
151 259 28 V
40 334 285 O
3 230 71 I
29 51 228 R
170 303 207 R
80 87 133 O
36 133 115 R
16 177 93 Y
207 224 104 Y
181 209 203 V
86 94 89 Y
123 310 8 Y
254 303 270 B
16 323 12 R
65 150 119 R
162 226 53 G
108 166 89 Y
45 178 139 R
252 274 134 V
26 73 247 O
146 200 191 V
287 325 77 V
119 237 209 R
165 318 225 B
80 101 99 G
195 208 184 Y
189 327 218 R
142 222 168 G
106 265 291 R
71 174 291 O
45 291 200 R
240 284 274 R
172 186 22 V
21 327 52 I
55 96 138 V
100 151 98 I
77 99 273 V
180 319 33 Y
281 314 165 O
250 283 113 O
12 63 198 R
121 197 24 Y
4 33 10 I
168 320 173 V
50 276 41 G
198 309 219 B
17 328 79 R
307 337 148 Y
24 124 23 O
38 250 80 R
265 279 238 O
2 120 107 O
89 308 90 I
117 151 37 I
110 243 48 B
66 217 98 Y
281 332 169 V
21 310 239 B
36 143 137 O
78 324 231 V
20 172 131 R
85 123 111 V
3 252 242 O
130 224 49 O
130 331 61 B
20 232 61 R
235 253 251 O
63 217 192 B
99 274 22 V
152 240 159 Y
37 134 10 G
190 298 125 V
10 318 202 I
173 220 217 V
83 166 94 Y
39 334 162 B
186 213 76 O
86 268 146 V
137 305 269 B
64 119 113 Y
172 257 17 Y
205 265 225 B
130 282 279 B
136 220 237 R
198 305 114 Y
75 318 49 G
18 258 142 O
108 318 98 R
285 327 241 G
90 158 3 V
40 163 125 O
140 276 177 V
33 318 123 G
81 171 262 I
183 228 81 I
65 200 179 G
30 216 102 Y
153 298 53 G
67 228 222 G
19 285 137 B
19 159 26 V
298 329 99 Y
45 258 81 Y
176 304 197 R
54 116 163 V
177 329 252 G
220 306 247 R
26 201 279 I
39 301 99 V
71 83 209 O
64 68 100 G
61 251 78 I
105 274 185 R
174 177 155 B
9 131 158 V
65 278 102 Y
27 108 267 V
9 284 129 O
121 263 225 Y
127 333 249 I
52 129 4 Y
71 182 90 I
175 328 156 I
296 305 79 V
36 253 60 Y
235 272 91 R
83 163 25 I
145 310 121 I
14 166 219 I
27 114 69 Y
21 123 129 R
183 327 130 O
251 291 218 R
78 123 167 I
100 256 19 R
150 188 192 I
167 284 126 B
75 130 212 B
20 166 56 Y
196 311 89 B
182 302 6 G
281 335 44 V
53 193 25 B
198 300 155 B
9 251 57 R
184 192 30 I
33 319 3 O
62 96 86 G
65 130 107 V
262 313 242 Y
84 153 12 O
166 226 213 V
114 207 122 V
62 186 167 R
72 130 7 V
254 263 45 R
158 167 82 O
141 213 155 B
88 309 221 R
26 123 109 V
128 216 6 G
150 248 133 R
26 310 232 G
29 63 163 R
4 320 27 G
84 125 230 R
126 197 84 O
134 192 267 V
215 311 182 V
55 123 142 V
110 328 252 V
185 270 185 V
82 111 132 R
111 116 276 G
144 305 182 G
226 306 215 Y
99 295 105 O
8 80 147 B
43 65 31 R
24 119 219 G
53 226 273 R
15 106 228 G
130 131 246 I
13 262 39 B
18 94 102 V
10 204 118 B
11 174 130 G
83 96 231 R
60 171 23 V
216 293 253 I
175 206 33 G
160 228 25 I
44 288 19 V
106 127 232 R
59 233 277 Y
80 189 123 I
124 261 285 Y
139 319 83 I
139 322 36 I
91 190 14 I
32 300 137 G
220 285 187 G
186 200 211 O
50 319 133 I
66 160 273 Y
290 338 75 G
123 265 282 B
88 277 243 G
54 117 36 R
214 228 13 V
113 162 226 V
150 167 252 V
55 240 159 G
195 264 175 R
300 302 263 B
22 156 278 B
16 95 157 R
92 228 1 O
13 293 201 B
219 251 266 V
58 126 197 V
182 279 135 V
106 209 18 O
102 176 24 G
43 283 223 I
265 286 99 O
161 337 271 V
66 297 147 I
39 188 253 I
43 160 194 I
124 330 134 I
290 327 244 B
73 206 105 Y
144 323 291 Y
90 171 152 G
40 276 255 R
46 58 114 B
151 274 131 O
158 203 87 B
171 213 41 I
121 245 252 I
106 202 268 V
31 203 84 B
11 185 143 B
81 250 164 V
177 294 15 B
98 284 191 O
51 295 278 V
68 110 239 O
138 273 273 O
37 39 42 R
82 198 191 O
124 305 284 O
153 326 148 V
197 250 285 Y
211 332 86 O
124 333 76 R
208 294 171 V
128 302 227 O
106 237 157 Y
143 186 279 I
9 114 271 V
47 170 225 I
234 305 62 R
27 147 182 V
252 314 222 V
12 57 98 Y
164 266 135 Y
225 311 94 O
16 306 213 G
141 321 30 Y
13 91 207 R
183 295 198 Y
214 240 121 I
259 314 186 O
113 247 92 V
144 162 228 V
141 238 160 B
141 148 253 G
23 267 279 G
320 332 223 O
37 215 186 B
105 326 37 V
209 246 195 B
6 21 69 Y
105 243 228 G
25 255 161 Y
62 185 100 I
41 44 94 R
55 287 215 B
176 331 284 V
7 148 210 I
157 294 95 Y
203 303 254 B
19 153 222 V
259 313 131 Y
105 141 275 O
11 307 247 R
197 284 291 B
168 252 141 O
5 25 175 O
10 202 1 I
167 290 11 V
54 243 27 Y
151 329 259 G
73 198 168 I
13 79 60 G
48 216 73 R
302 323 276 B
206 336 244 V
123 150 141 R
123 204 176 B
6 303 39 R
329 338 157 I
90 164 20 B
7 266 107 G
222 307 80 G
29 128 62 G
88 238 221 B
21 214 223 O
164 238 95 O
68 253 126 G
99 339 2 V
65 155 277 G
97 169 175 G
187 299 16 I
246 250 271 B
113 261 279 G
148 239 188 I
200 254 206 Y
11 284 112 O
29 208 64 Y
15 67 222 I
20 173 10 G
96 326 239 O
216 254 206 V
186 232 73 V
5 168 16 I
60 339 72 I
12 165 3 G
63 297 194 V
248 290 221 Y
25 67 31 G
160 274 151 Y
233 320 152 G
34 270 235 V
70 125 268 B
18 51 164 G
13 209 76 O
70 199 174 I
184 226 180 G
120 187 276 O
20 193 209 Y
204 318 51 Y
