343 2397
30 282 78 I
315 324 86 R
105 259 83 B
54 214 23 B
285 336 33 R
52 277 91 V
142 320 8 I
210 225 8 B
10 120 95 V
111 166 100 R
67 278 42 V
119 328 47 I
73 117 37 R
121 211 42 I
35 274 81 V
21 294 26 B
274 311 86 O
138 231 23 R
86 123 65 V
108 139 84 I
78 118 50 B
170 295 32 Y
16 43 4 Y
7 95 2 G
207 231 23 R
31 94 21 B
134 208 101 B
227 343 76 B
39 68 42 I
31 118 4 I
120 123 12 G
161 283 70 V
95 122 19 G
46 79 70 B
115 226 88 Y
10 138 1 B
98 219 38 B
236 262 59 G
191 298 105 O
123 171 54 G
100 224 47 V
177 216 23 G
69 142 53 R
55 255 30 B
129 287 28 G
67 197 38 Y
181 295 85 R
13 239 28 I
91 138 92 B
271 326 13 I
132 274 26 O
185 278 83 Y
170 228 73 B
22 157 86 V
168 285 34 Y
2 153 93 V
94 155 34 G
256 315 64 Y
202 310 107 I
41 238 50 R
14 119 83 V
112 308 95 V
129 223 79 I
207 268 94 I
43 280 22 I
174 184 94 Y
37 197 37 Y
161 178 37 R
263 315 5 G
76 156 107 G
174 233 81 B
76 88 11 R
24 111 47 G
30 108 91 G
213 279 91 R
61 297 15 B
15 173 2 V
96 176 45 B
35 248 26 B
29 83 21 V
143 284 7 B
221 301 92 Y
197 276 107 O
134 316 8 V
200 271 77 Y
144 217 74 B
62 102 94 V
123 269 88 G
282 311 23 I
4 76 15 G
187 304 20 Y
4 265 83 O
190 237 95 R
146 203 107 Y
49 331 22 V
95 307 92 V
178 225 30 O
1 89 73 B
192 313 106 Y
108 256 26 R
139 300 92 V
7 152 17 Y
208 330 87 O
102 127 59 G
26 125 94 R
173 192 46 Y
90 268 98 R
107 138 55 B
152 241 72 R
36 98 21 B
231 343 39 V
214 329 64 R
133 170 67 B
201 329 72 V
77 186 91 V
9 40 85 Y
3 46 10 I
135 175 67 O
201 310 47 O
131 185 26 I
69 191 67 G
43 248 97 Y
48 92 29 G
286 307 61 I
49 206 92 V
175 317 5 I
95 339 63 Y
35 186 94 O
26 196 92 G
60 141 56 R
11 149 21 Y
25 251 82 I
43 339 76 V
246 249 6 R
52 251 38 V
30 177 21 B
224 254 76 O
105 316 44 V
14 94 51 I
172 329 22 R
147 285 91 B
4 241 98 R
138 185 11 Y
110 191 104 G
142 198 28 I
5 89 45 O
81 240 97 O
272 311 100 G
290 325 36 G
161 287 47 I
154 331 28 Y
31 297 37 Y
49 68 11 B
104 278 40 V
122 248 104 I
304 307 80 Y
97 236 75 O
63 314 64 R
288 302 13 I
112 319 12 B
76 256 84 R
56 275 39 G
235 338 68 G
61 330 1 R
199 218 42 Y
216 292 82 O
50 177 102 I
102 121 34 V
98 181 106 O
183 234 11 O
13 223 30 G
156 323 74 O
83 163 30 G
53 110 73 V
154 313 104 I
123 220 42 O
19 213 44 R
74 305 101 I
175 236 44 Y
206 284 33 B
69 281 91 G
96 216 12 Y
59 171 27 Y
159 216 68 V
187 339 16 O
130 238 37 B
112 167 89 V
63 96 9 V
197 267 90 B
247 331 52 O
39 323 97 O
58 184 46 G
118 263 41 I
191 213 46 O
253 294 4 G
78 328 81 O
5 80 41 V
91 237 36 Y
48 246 101 Y
101 249 74 I
249 288 94 O
37 65 50 V
3 170 19 B
176 304 97 V
121 285 98 I
44 303 94 Y
13 82 83 R
15 70 88 G
86 173 10 B
32 83 66 O
215 324 19 G
180 184 94 Y
148 184 95 O
101 155 60 I
79 301 59 B
234 248 77 G
43 113 43 I
178 264 65 Y
189 246 29 V
248 314 101 Y
86 154 81 V
246 268 57 B
3 124 90 O
24 31 18 G
218 254 1 V
5 25 45 R
185 245 32 Y
238 279 105 Y
116 175 59 I
133 272 24 O
91 328 40 I
15 17 9 O
113 164 74 B
141 198 56 G
111 294 78 O
150 248 15 G
17 241 10 G
113 117 103 B
135 156 92 I
233 286 100 I
101 238 71 B
61 71 47 Y
294 307 75 B
158 185 52 Y
310 312 102 O
115 232 43 R
88 96 14 Y
99 124 106 R
52 62 10 O
1 223 104 G
190 274 104 Y
18 151 73 G
3 202 17 G
30 111 15 Y
163 314 7 O
93 119 18 O
70 250 75 R
234 265 13 R
13 254 21 B
179 190 70 V
167 210 1 I
183 203 67 Y
47 81 20 R
82 266 12 G
79 191 14 R
218 319 71 V
75 289 22 O
143 327 20 O
68 274 105 R
11 203 6 Y
8 317 83 B
113 306 3 V
62 111 83 B
145 260 97 G
214 249 81 Y
118 155 12 O
172 190 29 I
169 306 84 Y
143 180 88 B
24 326 100 V
53 216 71 B
102 251 66 V
220 322 52 G
1 48 15 O
73 111 90 O
28 316 100 O
114 234 55 I
52 340 60 G
327 343 60 G
29 41 87 B
52 172 37 G
240 327 85 I
83 196 85 I
129 208 78 R
82 253 9 V
13 195 85 I
83 226 12 I
15 253 87 V
79 221 57 I
167 309 35 Y
64 163 53 Y
134 308 38 O
4 125 2 B
17 341 80 R
224 298 60 I
209 336 29 O
16 180 52 G
68 302 50 G
125 133 85 O
69 114 12 B
82 133 80 B
304 341 74 R
32 80 51 R
22 258 12 O
98 184 78 G
243 335 93 Y
320 326 81 G
47 163 98 Y
23 159 45 I
280 284 44 G
21 241 90 V
44 297 57 I
197 343 74 R
98 319 30 V
317 331 66 R
83 323 65 R
134 241 105 B
3 73 39 B
108 215 31 V
87 262 62 G
150 332 102 R
102 254 86 R
53 121 20 Y
7 268 18 G
184 191 7 O
254 285 82 R
2 291 42 G
280 296 86 Y
58 147 88 I
23 275 25 G
297 328 17 O
243 296 1 I
127 259 60 Y
89 131 60 V
59 61 65 O
158 270 26 I
188 202 73 R
275 288 8 V
156 159 39 G
18 109 6 Y
206 308 38 V
254 289 50 Y
97 122 73 O
177 201 90 R
22 236 23 R
121 127 29 V
56 261 41 G
163 251 60 R
49 293 39 I
32 109 81 R
282 322 7 I
122 161 75 Y
97 176 73 B
5 295 67 Y
53 223 76 V
105 305 74 I
91 190 101 V
13 209 63 I
108 248 105 G
37 63 96 G
142 159 93 G
182 192 70 Y
276 305 89 B
12 289 87 R
162 175 42 Y
103 252 98 Y
152 215 50 V
61 309 78 V
277 300 25 V
300 308 30 Y
14 179 36 Y
114 141 86 Y
14 23 104 Y
56 176 60 O
52 255 38 Y
61 256 64 I
106 265 3 Y
156 299 51 B
7 108 1 G
40 83 82 B
248 329 73 V
252 341 72 O
119 336 24 V
75 180 66 B
45 324 31 G
127 284 88 G
115 268 84 B
186 326 75 O
11 41 80 V
35 63 86 I
28 294 76 G
238 265 74 G
8 111 21 R
221 289 6 Y
145 266 64 V
44 301 45 R
125 229 18 V
31 54 13 I
91 107 72 G
86 333 34 G
113 287 12 O
57 63 21 G
36 199 32 Y
80 322 5 Y
96 211 78 R
181 324 45 V
138 217 22 I
85 313 3 V
48 203 80 B
165 213 82 Y
95 224 83 O
114 325 13 V
141 172 7 I
141 235 66 B
141 271 74 V
71 93 48 O
142 183 28 B
111 179 73 B
5 189 77 G
105 149 105 R
2 245 82 G
99 188 44 O
76 343 40 G
112 263 89 I
279 318 35 O
142 304 12 O
258 322 64 R
251 279 57 O
74 199 61 V
71 205 28 R
84 273 20 B
203 232 10 R
121 153 72 B
72 249 25 V
222 248 60 O
59 167 24 O
61 245 56 B
39 343 102 B
152 300 35 Y
75 184 90 V
98 309 79 B
191 312 33 I
214 287 102 B
195 314 23 R
254 314 9 B
19 45 90 V
161 269 33 R
10 133 5 B
129 339 95 O
83 333 15 O
126 295 27 R
226 244 79 I
77 79 28 G
188 242 6 I
17 325 76 G
24 97 99 Y
177 283 63 B
275 289 50 O
233 330 20 V
274 285 29 Y
203 268 15 Y
20 255 86 R
227 300 15 R
32 233 60 R
158 236 60 V
13 250 93 V
37 189 5 G
186 297 33 I
13 287 79 O
191 223 67 G
107 244 36 O
106 119 78 B
321 335 94 I
7 225 92 I
78 268 72 Y
47 135 84 R
78 174 8 O
66 261 66 R
173 331 103 R
222 247 70 O
104 205 80 B
79 330 99 O
171 285 86 I
260 330 65 I
205 287 36 O
119 228 7 B
150 155 84 O
21 233 13 V
43 185 90 G
135 337 94 Y
106 148 3 R
56 98 73 G
27 55 96 O
199 327 107 V
241 343 73 Y
235 268 22 O
156 265 68 O
5 88 77 I
13 129 92 G
12 230 104 V
165 217 5 O
128 175 75 I
8 247 59 B
224 308 48 O
49 290 47 B
34 332 91 R
164 281 72 Y
152 274 34 Y
166 315 82 I
115 200 19 R
29 197 102 V
166 206 97 V
331 333 52 G
70 309 89 B
68 128 38 R
232 311 39 B
29 171 30 V
149 335 18 B
64 168 18 V
175 235 2 Y
27 263 68 B
108 213 31 G
98 277 29 O
81 260 103 G
263 337 37 B
177 184 69 R
76 268 58 R
60 200 93 I
204 311 107 O
205 237 23 B
123 324 42 O
146 325 30 G
66 192 4 R
43 286 58 G
125 208 89 Y
327 333 38 V
44 334 48 I
22 289 90 I
9 228 4 I
153 308 16 O
34 46 47 Y
56 202 39 R
127 207 20 Y
245 336 21 O
109 262 26 R
59 188 58 G
57 60 101 V
168 286 45 O
17 154 75 I
71 107 48 G
91 187 43 Y
34 171 43 V
138 144 26 I
126 241 88 O
220 225 20 G
121 164 67 B
216 219 26 O
100 311 63 G
59 154 105 V
231 309 50 R
54 151 80 R
93 319 4 R
49 239 100 I
225 337 94 Y
10 295 63 B
118 266 43 R
66 251 101 B
62 304 1 Y
41 297 20 V
93 146 69 Y
4 39 46 I
187 284 7 B
44 180 41 B
71 109 10 I
156 246 72 G
60 323 89 V
9 259 71 Y
275 343 44 I
247 260 14 R
44 86 84 B
308 332 65 G
62 131 20 I
221 335 26 Y
215 229 90 R
185 276 29 I
71 119 33 O
81 159 13 R
83 202 58 R
8 15 36 R
162 242 27 B
142 323 58 Y
153 266 37 R
12 272 107 I
92 275 18 O
22 212 57 O
28 176 17 G
118 224 8 R
41 311 7 V
205 209 33 R
83 93 64 O
153 333 68 V
129 311 11 I
69 265 50 I
27 75 19 R
148 336 28 V
149 307 95 Y
276 324 30 O
121 151 11 B
28 307 70 I
69 254 19 V
141 310 68 R
84 219 89 R
52 151 77 V
48 108 36 G
245 341 37 Y
30 168 52 I
209 324 65 G
155 243 16 G
128 166 15 I
277 331 76 O
73 161 12 O
5 82 105 B
119 329 92 B
173 254 3 O
113 151 9 R
137 308 68 V
60 247 57 I
11 237 95 Y
160 286 81 R
175 213 95 V
57 263 91 O
39 61 64 B
9 145 106 B
76 192 39 G
131 227 54 Y
39 172 92 B
121 293 32 V
70 218 13 B
8 165 52 Y
43 215 22 V
158 169 4 V
278 284 84 B
104 130 102 V
43 45 19 B
7 252 14 G
34 243 67 B
85 270 10 R
9 164 47 R
60 283 74 O
57 146 14 I
252 326 7 R
251 283 89 R
34 257 50 V
211 253 18 I
92 158 49 I
29 70 24 B
101 172 32 O
39 165 38 B
109 180 68 I
102 219 95 G
187 313 17 R
76 122 51 Y
144 251 26 V
23 327 28 V
16 252 28 Y
211 248 48 Y
51 100 68 I
303 306 31 O
64 289 53 V
254 325 24 B
252 260 26 B
84 85 66 I
54 84 9 G
67 336 30 Y
120 295 45 B
58 60 51 B
72 254 11 V
31 147 97 O
185 322 75 G
114 190 102 Y
262 277 27 G
234 252 43 R
247 303 60 I
123 160 43 R
107 130 65 R
186 278 41 B
111 147 75 B
226 248 17 O
211 330 7 I
222 294 57 V
80 204 88 R
244 295 24 Y
19 154 14 I
129 241 47 I
189 209 85 G
198 240 61 V
254 338 98 Y
267 324 30 I
302 319 70 R
276 332 67 B
79 246 92 B
98 335 38 V
138 207 24 O
2 301 51 O
113 197 30 I
28 308 46 G
154 167 70 Y
34 263 32 O
305 314 4 G
203 278 80 I
259 324 23 B
241 275 44 I
110 198 95 R
137 276 49 V
194 279 26 R
18 266 92 V
173 188 94 I
121 333 35 I
60 309 88 B
10 56 98 G
226 247 14 G
61 143 30 I
99 198 20 G
157 222 96 Y
118 298 60 G
62 306 56 R
103 211 41 O
116 214 74 G
219 241 84 G
3 304 11 Y
87 322 92 B
264 333 73 B
19 114 43 V
36 77 60 O
110 173 14 G
151 276 16 V
143 325 66 G
27 36 28 V
216 260 30 Y
43 169 73 I
11 343 92 Y
93 147 21 I
112 335 76 V
26 143 68 G
126 334 58 Y
101 288 74 V
112 280 69 I
52 155 20 B
44 174 37 I
133 158 58 I
180 219 11 O
51 189 24 O
128 249 77 G
39 264 40 V
64 186 39 O
95 202 34 I
159 232 43 V
242 265 8 B
115 231 46 Y
223 337 48 Y
6 92 59 I
36 333 44 O
203 264 29 R
55 212 44 O
226 230 70 I
60 242 17 I
87 310 76 G
21 302 34 B
264 339 105 V
7 73 95 I
80 221 69 V
116 211 79 Y
155 228 97 Y
36 322 75 R
44 246 17 G
1 302 21 Y
54 339 96 I
4 58 80 G
51 263 91 I
58 241 28 R
27 171 44 I
121 195 13 I
21 303 10 B
51 327 99 O
191 255 80 G
23 293 70 O
72 313 5 V
184 318 88 I
4 339 93 B
59 236 70 V
299 332 2 B
51 254 43 G
168 218 55 G
198 273 31 B
135 200 72 I
317 333 49 G
39 94 43 B
57 104 59 O
25 205 33 G
46 198 6 I
285 303 81 V
112 276 71 R
33 328 44 Y
181 188 57 B
125 296 89 O
61 132 101 R
254 259 63 V
58 326 69 B
35 300 54 R
67 302 107 G
184 290 39 I
282 343 84 R
145 152 94 Y
89 276 92 B
149 223 83 R
130 268 3 B
70 158 43 R
163 332 52 R
84 187 82 G
191 247 21 Y
171 173 29 I
141 265 34 R
49 195 27 G
202 203 84 V
105 315 35 Y
150 162 8 O
72 322 8 Y
47 120 26 G
228 309 2 R
71 243 51 O
127 151 107 V
26 61 32 I
170 267 83 B
176 265 2 R
16 224 105 I
168 171 59 V
108 232 2 I
52 71 11 O
10 210 13 Y
20 336 31 B
28 172 81 O
88 227 7 I
274 342 41 Y
248 275 79 Y
290 319 4 R
68 213 99 O
228 321 81 B
87 319 54 O
74 323 51 Y
159 167 43 Y
293 318 88 G
117 330 96 I
275 300 48 V
161 268 71 G
135 153 17 O
201 270 59 G
123 185 26 I
28 287 58 G
22 58 75 R
58 156 102 R
203 241 10 B
104 166 36 R
139 329 70 Y
34 58 63 B
4 132 44 R
80 267 85 G
39 213 20 G
13 339 22 O
26 182 89 I
170 330 55 B
48 239 54 R
35 158 38 V
242 324 30 O
67 129 97 Y
103 239 47 G
101 234 72 I
137 240 66 I
161 240 28 I
38 329 66 O
172 218 103 G
23 339 44 Y
152 174 63 B
174 339 19 Y
53 200 13 G
2 192 65 O
150 171 18 B
31 150 78 Y
172 223 62 V
106 323 16 I
31 130 94 B
258 300 61 B
155 180 49 B
78 199 17 O
38 61 10 G
18 239 59 O
199 316 101 B
7 255 22 B
127 203 4 Y
121 236 4 V
12 266 73 Y
112 284 105 I
56 331 55 O
99 250 80 O
226 280 65 Y
194 324 77 Y
66 284 62 R
263 334 12 B
16 192 72 O
181 225 74 Y
8 38 58 Y
185 263 79 G
241 281 51 Y
12 108 47 G
38 172 43 Y
29 110 93 B
189 196 52 I
7 207 99 O
309 331 14 O
165 316 81 O
50 232 10 V
57 78 49 O
75 94 39 R
118 324 9 V
12 257 95 I
81 312 5 V
53 225 27 B
75 267 34 B
87 318 85 B
3 322 68 V
14 125 90 G
247 257 77 G
113 229 67 V
187 252 29 R
169 204 75 V
205 339 102 R
43 56 72 G
58 87 103 R
241 326 39 V
111 286 65 Y
94 170 99 I
143 197 107 G
93 101 90 O
119 278 69 O
289 294 12 B
120 244 12 I
134 204 44 Y
258 304 42 I
153 196 101 B
37 222 102 G
103 303 88 R
329 338 64 V
2 308 83 V
195 205 99 I
38 54 53 Y
56 142 53 G
139 258 4 O
114 331 103 I
253 339 79 V
13 128 90 O
124 146 48 R
71 173 100 V
45 320 25 O
93 182 10 G
36 283 51 B
3 343 58 O
43 77 42 Y
57 67 61 O
191 226 93 Y
73 329 77 I
210 267 70 V
101 145 75 Y
68 335 92 R
291 293 77 V
94 196 84 I
25 234 37 B
61 288 33 R
44 285 59 B
107 117 80 R
104 305 16 R
30 328 29 B
161 313 75 V
89 178 76 Y
230 236 57 V
1 315 15 B
80 255 38 O
54 291 84 V
66 336 10 R
165 280 43 Y
133 245 61 Y
155 333 88 G
94 161 66 I
170 343 98 V
177 297 72 R
290 327 34 V
15 123 88 G
267 321 99 V
43 266 33 O
186 304 5 V
213 238 65 I
2 179 17 B
100 252 53 O
36 69 63 G
65 150 89 G
53 95 17 G
254 311 71 V
174 263 20 Y
84 125 72 Y
118 156 61 O
62 330 44 O
43 82 81 O
113 246 8 R
114 272 68 B
15 280 23 B
65 166 17 V
133 179 73 O
137 230 10 V
70 313 12 V
43 98 20 I
39 161 87 Y
80 301 38 G
205 213 24 I
7 136 9 Y
38 229 2 I
220 247 65 O
165 182 54 Y
56 321 41 O
35 209 88 R
30 38 101 V
188 195 52 I
304 325 32 R
6 145 71 Y
72 240 94 B
306 337 29 O
125 275 95 I
11 310 16 O
147 321 77 Y
215 293 85 I
110 343 58 I
111 275 29 Y
60 284 76 B
73 205 101 I
19 165 53 G
194 266 97 Y
51 117 26 R
12 115 104 O
225 293 48 O
190 325 47 I
124 342 36 V
204 209 6 Y
3 283 90 B
198 281 74 V
210 222 62 V
205 221 6 B
65 269 52 R
235 313 87 I
80 196 68 R
64 146 62 I
25 232 37 Y
52 219 66 O
199 280 20 G
104 153 107 Y
119 256 45 B
52 66 107 G
8 98 80 V
24 285 89 G
1 326 66 R
137 232 75 B
203 258 55 O
239 311 95 I
91 243 69 G
16 294 57 Y
20 119 17 Y
22 153 57 I
161 272 68 B
197 224 65 V
105 174 92 Y
48 323 90 G
262 321 75 B
85 222 45 I
291 342 74 B
192 308 107 G
12 156 46 G
90 168 2 R
69 106 44 Y
238 322 84 G
41 201 5 B
11 304 42 Y
104 260 33 O
138 219 8 G
161 253 9 R
220 274 56 B
259 298 89 Y
220 237 17 R
228 254 13 V
163 259 6 G
28 235 7 V
99 210 93 B
160 220 16 V
135 141 57 O
12 186 79 R
91 171 104 I
3 263 7 O
41 169 78 G
85 195 21 I
132 162 48 V
25 30 100 V
8 35 4 V
29 201 60 V
203 221 25 I
89 259 38 B
142 275 11 R
209 270 47 G
118 330 63 Y
46 193 19 G
21 41 6 G
69 85 90 O
144 287 39 B
88 254 38 R
25 59 90 G
167 244 56 B
17 297 27 Y
181 333 72 V
96 255 51 Y
9 171 16 O
79 277 105 Y
1 219 81 G
12 170 21 Y
6 128 29 O
59 315 105 B
155 303 55 G
148 171 41 R
66 180 19 O
195 343 104 G
194 322 55 R
61 141 40 G
12 124 84 O
2 134 91 Y
67 205 60 R
131 167 5 G
66 78 31 Y
254 322 105 V
20 272 66 V
293 303 81 Y
134 294 15 O
286 310 47 V
280 304 65 G
37 240 15 I
7 289 17 R
42 134 101 O
119 129 106 I
302 338 67 V
147 270 97 G
82 117 59 O
103 175 54 B
200 303 96 O
75 334 89 B
140 199 15 Y
95 262 61 R
230 233 17 G
279 313 66 G
194 299 90 R
119 121 104 B
268 304 8 V
99 268 18 G
57 184 11 G
70 135 6 G
51 178 84 R
22 216 100 B
115 263 9 B
240 308 25 R
174 239 95 B
98 284 57 R
74 283 95 V
76 221 11 O
74 121 5 I
128 136 39 R
107 152 26 R
18 270 21 I
44 230 10 B
156 248 24 V
53 160 34 V
6 83 68 R
121 340 60 I
101 112 2 G
287 340 83 O
179 327 74 B
20 124 77 G
234 276 40 G
117 271 40 Y
38 125 51 O
183 340 16 Y
322 330 3 V
86 110 97 R
68 74 64 Y
140 206 24 I
141 281 64 R
190 310 1 G
107 314 24 O
55 343 31 B
3 219 34 R
287 328 15 B
68 334 10 Y
262 272 52 V
73 233 33 O
127 237 1 Y
188 329 37 I
15 73 42 B
65 261 26 Y
112 323 20 V
5 120 23 I
21 63 33 V
4 270 95 Y
22 94 78 V
45 80 50 B
55 105 9 B
2 33 73 I
52 105 70 V
81 272 18 Y
111 150 90 I
3 231 100 Y
7 9 35 I
24 28 50 G
182 209 69 O
300 331 6 O
208 329 75 B
6 144 88 Y
176 311 34 V
142 229 34 O
78 278 23 Y
63 86 35 G
199 336 56 B
125 278 90 V
102 161 24 I
214 305 49 Y
9 101 72 B
108 343 32 O
180 270 57 Y
21 310 25 I
11 319 77 Y
80 141 84 R
122 136 81 Y
3 97 92 Y
167 229 9 I
240 274 78 I
7 296 94 G
79 259 31 V
78 277 39 V
123 224 27 Y
154 290 74 Y
61 272 62 Y
270 298 81 G
24 90 7 B
5 87 6 R
100 225 21 V
125 132 81 O
39 270 19 G
227 291 53 B
109 160 90 V
111 209 92 B
83 167 58 I
34 203 43 I
217 227 28 G
28 289 49 O
15 259 66 G
86 230 74 I
136 164 59 R
21 254 11 B
98 101 50 B
287 297 65 I
58 215 21 O
82 129 94 O
205 280 78 I
4 275 69 Y
125 221 45 B
176 186 84 O
302 318 97 O
189 216 75 O
38 225 15 B
21 144 60 I
244 322 34 O
9 57 78 B
290 336 43 V
178 257 57 R
162 209 56 Y
170 217 60 Y
12 132 49 O
125 286 36 R
112 139 99 B
138 270 71 Y
276 277 78 Y
2 333 9 V
1 233 32 B
125 155 12 Y
76 283 49 R
32 245 16 Y
79 83 48 G
271 321 27 R
9 225 52 G
301 309 57 Y
51 322 92 O
110 229 79 I
188 234 44 B
24 323 106 V
128 193 79 I
8 209 62 R
71 239 9 B
4 12 52 O
130 293 61 B
127 214 86 G
137 266 96 O
109 193 37 V
91 234 79 G
103 297 41 V
20 24 95 O
161 261 76 B
147 266 28 O
30 152 95 Y
81 178 98 I
263 301 67 R
210 240 29 O
255 289 48 G
148 305 75 Y
285 299 66 O
18 248 62 R
44 319 84 B
77 208 96 O
79 122 99 Y
97 218 19 B
159 172 71 Y
147 275 28 Y
136 218 46 V
86 172 52 O
186 230 1 V
112 298 53 R
158 289 77 I
66 202 95 O
58 217 21 G
65 194 99 B
23 167 56 O
104 194 88 I
178 341 100 I
192 316 57 O
173 267 10 R
6 183 77 I
174 338 4 R
151 219 76 B
51 184 12 O
105 183 99 B
23 196 58 I
157 316 77 O
261 274 46 V
49 86 18 R
266 270 104 B
216 258 40 O
151 198 103 O
118 323 34 I
121 242 22 G
2 149 106 B
20 330 17 O
150 214 86 R
54 248 84 V
186 231 72 Y
109 269 105 B
12 313 36 I
23 185 33 I
110 159 41 G
319 337 68 I
65 306 107 V
242 272 81 G
111 162 60 O
117 290 36 Y
154 342 70 R
124 249 84 I
131 147 24 R
17 135 105 Y
98 189 46 V
234 255 82 V
26 163 29 R
137 239 83 V
272 287 62 B
157 218 92 G
54 130 15 R
95 132 49 I
182 248 48 Y
171 329 77 O
108 208 98 B
161 165 54 R
313 342 18 G
314 319 75 O
56 311 82 B
205 216 52 O
15 265 39 B
296 303 38 V
7 122 95 O
30 130 52 B
86 265 29 Y
178 319 4 O
80 138 34 Y
110 261 20 O
149 206 86 Y
92 188 79 R
97 279 52 G
109 324 55 G
13 118 72 O
104 174 56 B
94 110 48 Y
28 56 20 B
85 200 95 O
126 162 81 B
22 26 64 R
30 193 32 O
118 128 104 G
67 230 106 O
102 186 31 B
180 342 94 V
8 181 24 I
39 119 22 I
91 259 48 G
51 255 89 Y
122 167 38 I
259 318 8 Y
59 165 63 Y
7 309 54 Y
23 61 105 O
90 299 10 O
124 302 76 B
152 335 84 G
205 294 89 V
34 282 58 G
115 181 30 B
81 132 7 R
9 63 75 I
116 246 91 I
88 161 30 G
172 271 73 G
231 339 55 B
124 219 34 V
138 335 62 G
101 262 66 I
105 198 91 Y
74 140 53 B
183 275 17 G
51 113 84 G
33 99 22 O
50 92 87 V
139 288 20 G
126 189 34 V
258 341 97 B
19 112 21 V
33 103 48 Y
70 249 36 B
92 335 43 I
41 80 39 Y
45 184 4 I
243 244 101 R
301 328 98 B
33 282 64 B
85 196 28 G
150 330 48 O
114 269 20 O
105 309 49 B
116 202 104 Y
115 247 17 V
21 229 29 R
63 156 31 B
36 237 88 V
134 314 44 R
146 230 55 Y
28 183 9 B
171 177 54 V
2 143 84 V
5 138 74 B
271 300 79 I
69 182 4 V
85 134 21 V
202 250 32 V
169 327 52 I
172 198 98 O
38 151 81 Y
9 65 56 G
45 175 12 V
44 136 64 Y
91 124 101 O
54 125 29 Y
45 88 92 Y
67 266 35 V
273 334 81 Y
84 124 19 I
21 151 52 Y
153 281 5 V
70 94 97 R
23 81 101 G
12 150 3 Y
238 251 65 G
20 148 69 Y
140 189 20 O
209 220 59 I
83 119 69 Y
98 278 9 I
35 48 77 V
188 222 26 O
77 248 69 B
144 306 105 G
221 268 73 G
49 102 24 Y
20 288 28 B
11 97 79 I
111 112 105 G
138 151 8 Y
194 333 101 R
245 323 25 I
121 240 28 G
105 342 41 R
55 165 29 V
10 157 11 R
235 288 33 G
18 161 9 V
49 312 28 Y
232 286 42 I
18 226 51 V
86 244 16 V
42 237 92 V
213 327 42 B
90 232 58 O
122 170 81 R
135 136 21 O
136 269 78 Y
82 333 68 R
49 108 105 V
9 284 105 B
209 213 72 Y
78 283 55 V
101 117 89 I
62 249 6 G
171 262 47 R
121 338 85 I
43 212 76 I
281 332 72 R
133 171 38 B
47 287 29 B
59 209 69 Y
144 258 35 O
232 238 36 G
204 221 63 Y
117 206 70 B
103 220 16 V
229 339 77 I
110 120 79 G
270 328 95 R
33 293 35 O
95 106 67 G
104 286 54 I
109 258 27 I
156 305 41 R
153 310 40 G
43 338 104 I
83 192 69 V
52 259 96 R
152 310 37 O
63 278 92 O
81 285 7 B
99 203 79 G
17 289 77 Y
129 227 63 O
283 318 41 O
43 79 12 Y
166 331 46 R
292 330 19 R
1 209 35 V
218 320 13 O
256 257 67 V
179 343 40 G
94 139 45 O
143 255 65 I
306 328 89 B
254 340 14 O
44 236 41 B
105 203 63 I
282 332 107 Y
87 329 98 V
100 270 107 O
27 241 100 V
146 250 50 G
90 204 100 V
60 213 65 R
172 233 41 Y
128 336 25 I
167 316 70 R
46 171 99 O
204 238 13 I
146 210 48 O
155 175 57 O
49 257 18 Y
217 219 33 G
37 59 75 G
50 324 82 B
207 310 29 O
1 22 87 I
33 321 85 O
124 160 46 R
56 111 45 V
187 338 5 Y
196 301 19 O
129 204 19 Y
152 319 59 V
51 104 27 Y
187 189 90 B
16 247 102 B
121 187 14 G
259 260 68 B
275 309 23 V
56 218 51 Y
97 219 23 I
102 174 97 Y
312 320 36 O
84 308 11 B
10 49 82 V
242 259 85 O
237 267 6 O
219 287 27 V
87 166 53 R
178 249 21 G
15 234 102 I
320 341 5 B
13 317 10 R
30 331 20 B
297 311 106 G
174 280 39 G
29 337 42 Y
17 24 23 I
146 182 31 O
30 88 24 V
165 257 103 O
138 285 103 B
89 283 64 R
116 123 105 V
295 326 57 I
21 39 49 B
79 316 24 O
145 202 44 B
200 329 27 O
330 341 39 Y
281 327 72 O
10 233 63 O
106 108 92 V
27 150 99 O
199 341 83 R
226 234 39 Y
20 293 83 G
153 293 47 V
111 164 98 B
213 315 58 O
34 124 32 I
42 82 5 I
228 242 57 R
270 341 67 G
68 77 22 V
101 265 85 Y
155 300 46 R
52 125 4 R
168 259 69 Y
41 67 98 I
206 250 73 R
285 297 74 R
141 299 105 V
209 247 1 B
211 319 25 B
43 84 18 I
34 144 1 O
254 310 71 I
129 216 69 O
236 263 43 I
126 316 35 B
166 327 35 G
134 313 91 G
63 73 33 O
63 252 42 Y
262 298 22 O
313 318 46 B
272 285 20 V
52 180 71 R
6 108 37 G
167 258 37 I
163 309 91 B
147 175 55 I
223 267 26 Y
66 156 104 B
118 122 87 V
3 324 54 B
136 318 47 B
55 319 69 Y
151 154 58 Y
246 317 63 O
252 279 72 V
262 291 66 I
211 237 1 I
27 91 31 O
125 194 48 B
7 280 56 V
214 242 83 B
171 334 37 I
10 26 73 R
124 254 13 B
108 117 11 R
25 171 57 Y
24 206 40 I
75 263 55 I
116 263 63 I
145 305 71 G
208 300 7 V
78 330 38 I
190 247 76 V
267 317 4 G
55 200 50 G
20 248 22 R
188 306 104 O
42 303 46 V
43 343 71 V
55 232 57 I
284 325 70 G
127 130 28 V
25 92 66 R
2 266 68 V
85 263 7 V
160 249 48 V
96 174 51 R
6 99 93 B
75 224 104 B
184 198 83 B
38 84 16 O
56 129 14 Y
139 270 58 I
287 323 101 V
17 88 48 I
157 282 81 G
94 192 50 G
51 214 56 G
174 180 41 O
278 337 28 Y
271 304 27 O
27 66 46 V
204 279 100 B
12 231 38 Y
24 300 22 R
35 107 102 R
146 326 85 V
92 278 89 R
71 175 55 I
156 334 81 Y
49 308 44 G
135 316 43 B
120 283 41 O
20 268 95 B
153 259 75 O
6 109 80 O
19 240 81 O
136 256 105 B
4 72 53 I
151 194 44 R
42 74 52 Y
177 334 89 V
46 284 45 Y
78 190 9 Y
208 331 10 V
265 287 75 I
33 286 75 V
89 190 12 Y
140 215 65 I
28 230 92 R
118 309 30 V
211 293 65 B
34 196 95 I
185 255 9 V
10 174 33 O
65 72 52 I
67 193 39 G
24 30 74 Y
47 108 70 R
166 262 72 B
129 180 106 V
13 247 65 I
277 289 19 I
18 229 107 B
262 276 22 B
165 197 90 V
213 216 98 R
159 175 98 V
83 145 92 I
97 220 19 B
42 263 21 B
15 42 33 I
18 240 39 Y
38 238 47 I
199 330 29 I
109 342 21 O
61 142 32 V
99 182 24 R
174 336 21 I
73 278 55 R
17 87 1 V
158 322 46 B
82 175 91 R
136 199 5 I
276 284 23 B
84 299 13 G
236 307 1 O
41 211 88 R
31 177 77 B
54 294 41 B
143 315 101 B
69 76 83 I
85 130 17 O
175 189 64 B
22 303 67 G
89 137 46 V
45 274 89 O
148 326 61 B
84 225 41 O
98 237 44 O
27 245 72 B
239 325 52 O
74 141 94 Y
108 178 39 G
178 241 87 R
90 134 13 I
44 62 98 I
45 144 3 O
75 151 55 O
254 335 71 Y
207 252 58 O
270 309 3 G
221 251 61 I
43 145 27 Y
166 288 68 G
123 231 55 Y
282 295 72 V
13 266 41 G
33 292 49 O
67 148 85 Y
53 342 98 I
136 302 57 I
231 286 25 R
248 265 71 R
46 174 27 G
208 227 24 V
69 110 7 I
17 243 84 R
235 267 87 B
30 57 63 I
222 341 9 Y
22 86 35 B
225 280 102 Y
321 322 46 O
283 304 16 G
100 120 1 Y
125 159 3 G
149 159 49 G
267 330 95 V
159 227 92 G
6 55 18 O
284 321 70 Y
251 337 40 B
83 332 79 R
129 188 22 B
178 289 71 V
174 333 99 Y
16 92 50 I
233 239 17 B
46 152 67 B
37 193 1 V
59 98 95 R
90 107 20 B
32 124 81 Y
235 308 95 I
174 190 64 O
224 334 50 B
191 206 82 I
20 159 95 Y
54 202 74 I
102 221 61 O
13 159 97 O
66 219 15 B
77 234 102 V
234 237 73 B
131 258 7 R
35 261 96 G
49 287 41 O
232 342 52 I
66 322 85 O
72 270 103 I
119 313 46 I
115 256 87 R
84 331 78 V
46 328 22 G
34 104 81 R
13 332 21 R
200 289 23 R
226 322 1 O
11 94 7 B
258 302 10 O
103 245 15 G
102 130 44 V
49 136 31 I
44 149 61 O
114 239 91 G
24 77 97 B
83 208 85 Y
278 338 30 G
20 156 63 R
200 213 30 O
189 306 42 G
241 256 104 O
61 181 68 I
188 203 84 I
209 297 27 Y
22 277 38 O
88 318 46 G
188 295 83 V
216 229 34 B
147 291 59 Y
41 304 44 O
208 334 52 V
201 219 27 I
107 135 22 V
194 197 89 Y
41 267 66 R
51 314 36 G
261 295 45 I
6 190 57 I
153 203 82 O
68 253 96 R
190 323 95 O
55 261 48 G
1 79 31 B
92 289 102 O
71 82 11 R
109 320 32 G
64 76 96 G
172 254 48 B
35 155 25 I
252 265 40 Y
120 124 47 O
41 52 5 O
182 262 47 V
259 299 76 Y
47 307 46 V
205 251 81 I
69 165 8 I
144 232 100 B
11 72 90 I
219 319 18 R
101 305 82 I
27 333 104 Y
12 250 11 O
12 111 61 G
26 128 28 V
8 19 3 Y
46 47 41 I
220 255 27 R
116 343 103 Y
147 267 62 B
207 278 47 V
166 264 52 G
26 226 40 Y
64 263 15 G
120 127 57 Y
152 214 69 G
2 139 47 R
166 217 106 V
130 291 71 B
86 129 66 O
170 311 91 Y
48 229 86 R
107 317 56 I
178 258 15 B
93 187 16 G
218 243 28 B
77 131 40 Y
176 320 101 O
174 312 16 V
45 130 28 I
32 58 22 B
25 28 38 I
20 230 63 I
181 316 106 G
150 269 49 Y
294 309 95 G
154 289 75 V
217 336 44 G
37 122 101 Y
217 254 16 V
32 282 13 G
26 116 79 Y
3 312 27 G
126 170 23 G
25 321 66 O
84 174 67 R
115 249 15 B
12 214 44 R
11 235 12 G
98 255 98 Y
75 235 55 O
107 316 44 Y
126 269 45 I
70 76 64 B
63 138 95 V
100 144 20 O
41 215 101 R
226 240 86 O
39 98 100 O
149 219 9 I
251 275 97 O
191 263 45 Y
104 122 81 G
73 167 48 I
79 140 9 O
110 181 30 R
115 149 26 R
52 226 100 Y
264 294 18 G
96 265 39 Y
9 190 83 B
63 258 13 G
137 297 12 B
25 224 100 R
200 312 92 V
112 135 94 Y
89 327 10 Y
34 224 95 Y
185 206 67 B
164 323 8 I
239 271 92 G
222 322 57 Y
81 280 7 B
54 321 86 G
179 288 76 I
94 307 86 G
126 265 15 V
222 282 67 O
104 253 72 O
111 218 28 R
10 269 29 I
77 284 58 R
175 252 37 B
155 230 30 V
35 206 48 R
8 248 5 O
61 291 40 B
70 210 86 O
148 210 45 Y
174 326 65 R
164 251 14 V
140 252 50 B
23 147 16 Y
62 179 87 I
147 324 99 O
42 111 10 Y
253 285 49 Y
70 284 25 G
16 307 4 I
171 186 19 R
140 285 90 R
106 180 19 O
56 288 79 B
108 147 3 I
72 260 100 Y
168 332 58 B
191 204 63 I
81 196 1 O
129 243 67 B
176 181 68 R
13 294 59 V
2 105 79 I
193 326 66 V
202 322 3 G
12 16 11 Y
164 196 46 O
179 299 24 Y
70 133 34 I
169 329 44 V
94 121 66 I
100 324 54 O
81 229 102 Y
32 105 98 B
82 238 48 Y
102 147 23 R
120 303 52 I
207 326 11 Y
146 240 3 R
63 310 32 G
161 338 41 V
42 50 90 R
116 209 83 O
110 309 51 I
67 245 17 B
41 204 41 G
63 130 65 R
18 173 24 V
128 197 83 B
61 301 94 R
177 305 1 B
273 300 85 I
58 213 93 V
116 248 32 R
169 196 98 O
116 325 22 R
126 297 46 O
126 185 72 R
67 277 50 O
271 310 18 I
85 293 68 B
1 221 77 G
120 191 56 O
54 332 50 B
185 291 103 V
40 44 29 V
117 130 44 Y
59 327 58 Y
223 258 85 Y
6 17 42 O
115 252 17 O
78 240 47 I
127 287 39 I
11 302 81 B
52 64 14 Y
114 223 82 R
24 276 94 Y
74 99 89 B
137 207 14 G
185 305 82 I
24 43 105 Y
65 74 97 V
82 328 47 B
88 266 95 G
204 283 22 V
133 288 23 I
44 69 48 G
51 329 25 V
213 307 92 V
262 329 58 O
87 151 11 Y
244 277 74 I
69 219 31 O
107 323 101 R
212 318 20 R
143 298 46 R
229 335 42 I
165 208 34 O
171 281 7 I
167 249 98 Y
95 113 22 Y
121 130 67 R
111 298 52 R
17 190 102 G
208 223 88 O
295 297 94 Y
82 244 41 V
46 313 35 I
185 335 68 B
116 235 84 O
128 342 104 V
197 259 27 B
211 272 21 R
216 248 74 R
84 102 90 O
43 315 61 I
199 337 78 I
134 265 80 B
28 59 85 V
91 135 98 B
232 252 89 B
217 295 28 I
58 132 92 B
90 320 94 I
39 256 69 O
85 245 56 O
47 276 90 I
93 130 29 R
138 273 74 I
192 291 61 V
86 135 78 I
33 128 89 B
18 95 7 O
54 127 10 I
14 235 63 O
24 188 68 R
18 154 100 O
111 304 81 Y
311 324 94 V
17 195 53 Y
45 105 88 I
124 335 98 O
156 302 30 G
129 164 41 Y
107 120 3 O
209 337 15 I
39 313 74 B
303 328 65 Y
137 312 83 B
187 309 8 O
15 172 93 O
53 256 29 O
311 325 98 Y
20 298 48 O
1 181 45 O
62 86 20 Y
142 334 64 B
164 170 64 G
2 138 42 O
11 137 12 O
69 237 48 R
167 276 102 Y
219 267 58 B
48 281 98 I
58 153 33 V
246 285 26 I
92 135 51 G
100 170 59 Y
201 242 80 B
65 275 77 B
26 96 23 G
7 343 73 B
163 343 100 B
95 272 51 V
142 202 88 O
157 302 76 V
219 290 3 Y
214 269 18 G
243 275 106 I
102 310 43 Y
52 103 27 B
44 96 42 Y
271 306 73 V
206 341 93 B
237 335 85 O
36 303 40 O
228 306 73 R
25 103 94 Y
123 162 9 I
207 283 77 G
140 190 70 I
9 234 50 O
92 309 96 R
26 340 68 B
218 280 4 Y
2 228 54 B
95 255 65 V
133 274 47 Y
290 309 22 Y
181 246 1 O
28 167 31 B
108 135 16 I
61 287 19 Y
212 342 53 G
211 255 78 V
74 103 9 V
13 46 9 Y
5 317 71 G
244 324 59 R
149 273 27 R
148 191 84 G
143 319 100 G
102 244 71 V
10 93 36 I
241 276 9 R
131 148 67 I
172 257 30 Y
67 125 75 Y
274 280 23 I
7 320 55 Y
103 130 71 V
1 287 49 I
249 334 76 R
158 217 74 V
144 207 9 I
236 317 100 R
6 75 99 Y
152 159 99 O
178 206 30 G
17 307 44 O
305 325 66 O
37 225 32 I
47 217 94 Y
191 329 2 R
23 65 5 R
63 243 40 B
155 284 85 G
127 169 97 B
232 255 91 R
57 99 99 I
36 162 23 I
29 127 73 G
61 284 102 R
16 147 11 G
2 174 48 G
53 81 79 R
88 147 43 Y
3 267 14 G
163 318 51 O
152 250 27 Y
59 172 84 R
131 231 64 O
173 248 90 O
7 27 17 G
154 226 2 B
224 273 2 O
40 46 90 G
20 188 49 R
9 249 82 G
29 206 4 I
48 291 22 Y
193 292 17 V
24 169 47 Y
248 319 72 G
37 188 3 G
47 297 54 B
255 333 83 V
84 86 56 O
64 130 95 I
125 175 12 O
97 106 11 I
11 250 89 O
51 101 72 O
28 154 14 I
315 327 91 V
100 248 47 I
2 65 82 V
61 148 89 Y
63 151 85 Y
194 254 65 I
175 335 41 R
234 253 23 O
140 268 17 R
58 116 35 O
114 229 105 Y
182 264 49 G
247 340 76 Y
231 308 25 I
95 319 15 I
88 249 21 Y
276 313 100 I
182 208 85 R
66 91 93 V
145 173 78 O
64 148 42 I
224 301 24 O
240 310 101 V
10 87 64 Y
195 325 88 V
219 280 30 O
3 125 15 I
120 330 74 O
220 256 25 Y
85 239 21 V
268 336 76 V
6 215 106 B
28 145 45 I
198 292 100 I
16 138 25 O
133 325 17 I
97 223 49 Y
36 218 3 Y
25 154 95 I
239 317 100 G
63 66 38 I
124 190 106 R
142 313 102 O
119 131 68 R
32 242 45 V
75 182 59 Y
108 311 78 O
138 300 88 O
16 87 12 Y
135 309 77 V
195 239 42 I
1 52 105 V
35 131 61 B
34 111 92 R
152 275 107 V
185 264 104 O
100 310 59 Y
105 151 14 I
218 281 4 V
105 341 32 R
86 116 5 R
42 174 3 G
157 241 3 I
