343 2401
135 196 16807 B
78 226 16807 G
123 331 16807 B
49 156 16807 G
7 235 16807 V
40 252 16807 V
223 239 16807 O
31 48 16807 O
5 277 16807 G
215 313 16807 V
91 299 16807 B
118 341 16807 B
12 116 16807 B
135 294 16807 R
3 266 16807 Y
133 222 16807 I
11 135 16807 G
72 155 16807 O
99 333 16807 B
259 295 16807 V
80 320 16807 R
98 165 16807 I
140 318 16807 Y
111 317 16807 R
61 287 16807 V
172 230 16807 I
12 221 16807 B
119 161 16807 O
72 236 16807 V
251 258 16807 V
206 222 16807 B
245 283 16807 I
101 185 16807 O
64 201 16807 G
3 92 16807 O
94 285 16807 G
2 317 16807 Y
73 156 16807 O
41 131 16807 I
130 131 16807 R
23 196 16807 R
98 234 16807 O
202 240 16807 O
272 329 16807 V
289 311 16807 Y
66 180 16807 I
72 205 16807 B
164 225 16807 B
52 199 16807 Y
61 266 16807 R
278 329 16807 I
115 300 16807 O
199 342 16807 R
174 314 16807 O
316 334 16807 R
270 292 16807 O
16 280 16807 Y
51 190 16807 R
104 247 16807 V
150 152 16807 O
102 199 16807 I
27 257 16807 R
106 314 16807 R
162 178 16807 G
52 161 16807 V
34 201 16807 Y
10 222 16807 G
18 266 16807 G
33 98 16807 V
22 182 16807 B
185 204 16807 O
280 330 16807 V
135 258 16807 I
10 92 16807 G
126 319 16807 R
172 273 16807 Y
250 299 16807 I
303 342 16807 B
117 263 16807 V
41 75 16807 R
88 323 16807 B
305 335 16807 B
113 192 16807 B
250 275 16807 V
17 64 16807 V
151 210 16807 G
82 306 16807 G
25 33 16807 O
266 313 16807 V
130 230 16807 V
45 146 16807 G
190 314 16807 G
51 120 16807 Y
195 306 16807 V
168 326 16807 Y
84 158 16807 O
107 183 16807 O
300 330 16807 Y
186 279 16807 O
21 22 16807 O
51 101 16807 O
173 256 16807 R
126 184 16807 V
269 342 16807 V
96 231 16807 V
78 184 16807 I
154 236 16807 V
181 268 16807 I
285 343 16807 V
30 151 16807 G
211 290 16807 B
9 188 16807 R
16 300 16807 O
7 133 16807 R
10 147 16807 Y
139 181 16807 R
59 119 16807 I
216 261 16807 R
91 92 16807 O
296 338 16807 Y
201 295 16807 B
71 225 16807 G
167 184 16807 I
232 291 16807 V
2 249 16807 V
14 42 16807 R
149 249 16807 Y
32 104 16807 O
80 335 16807 B
101 340 16807 V
203 283 16807 G
161 177 16807 V
187 198 16807 O
44 216 16807 O
41 91 16807 B
12 291 16807 I
111 140 16807 Y
7 237 16807 V
194 325 16807 I
2 339 16807 B
54 169 16807 I
23 24 16807 I
49 221 16807 Y
117 200 16807 R
92 324 16807 I
19 289 16807 Y
22 275 16807 V
48 270 16807 V
79 165 16807 O
267 290 16807 R
67 175 16807 V
9 207 16807 R
31 69 16807 O
128 330 16807 B
103 130 16807 Y
75 337 16807 Y
71 253 16807 B
269 339 16807 O
12 42 16807 R
191 257 16807 V
134 172 16807 O
23 118 16807 Y
84 315 16807 V
9 56 16807 R
6 112 16807 I
16 320 16807 O
193 208 16807 V
23 227 16807 I
96 238 16807 R
88 288 16807 G
161 169 16807 G
24 327 16807 O
161 179 16807 Y
166 167 16807 B
117 247 16807 R
142 317 16807 O
19 70 16807 V
160 168 16807 G
268 295 16807 V
34 60 16807 R
67 166 16807 G
235 272 16807 R
162 219 16807 B
168 217 16807 R
173 297 16807 Y
46 76 16807 V
52 175 16807 O
73 295 16807 O
188 319 16807 Y
241 339 16807 G
113 280 16807 O
93 166 16807 G
90 124 16807 G
49 151 16807 I
184 238 16807 Y
91 291 16807 R
117 121 16807 G
18 197 16807 I
324 337 16807 R
83 258 16807 Y
49 339 16807 B
75 200 16807 V
260 283 16807 G
47 62 16807 I
210 317 16807 I
42 260 16807 V
26 88 16807 Y
149 186 16807 B
37 321 16807 R
39 173 16807 Y
105 255 16807 R
25 105 16807 R
15 203 16807 G
269 273 16807 I
184 222 16807 G
88 240 16807 B
11 125 16807 G
46 232 16807 O
36 180 16807 O
24 64 16807 G
186 214 16807 I
14 261 16807 Y
14 164 16807 G
176 227 16807 R
179 303 16807 V
202 329 16807 R
90 122 16807 Y
29 118 16807 I
147 167 16807 R
64 206 16807 Y
159 236 16807 I
85 342 16807 O
148 264 16807 V
52 319 16807 O
275 316 16807 Y
235 259 16807 Y
125 159 16807 I
179 257 16807 O
154 308 16807 O
113 166 16807 G
74 123 16807 G
234 259 16807 B
107 328 16807 I
86 336 16807 Y
250 313 16807 R
253 259 16807 B
52 182 16807 R
81 327 16807 G
106 146 16807 V
317 322 16807 V
6 150 16807 V
21 97 16807 O
104 266 16807 G
111 233 16807 G
103 269 16807 R
19 125 16807 V
143 144 16807 G
57 85 16807 G
169 177 16807 B
54 152 16807 G
22 206 16807 Y
5 114 16807 V
282 339 16807 G
24 250 16807 I
25 236 16807 I
326 343 16807 I
116 235 16807 B
268 340 16807 V
45 206 16807 O
44 144 16807 B
147 322 16807 O
52 291 16807 V
146 175 16807 O
169 333 16807 G
25 79 16807 B
25 318 16807 I
157 180 16807 V
13 235 16807 O
214 236 16807 O
60 208 16807 O
151 335 16807 O
10 14 16807 Y
118 171 16807 O
165 223 16807 Y
191 211 16807 B
129 325 16807 I
156 209 16807 G
48 83 16807 I
31 260 16807 Y
164 258 16807 G
207 306 16807 G
40 201 16807 R
192 249 16807 B
171 338 16807 B
46 285 16807 V
91 117 16807 I
270 334 16807 B
56 66 16807 O
45 234 16807 Y
94 305 16807 G
11 45 16807 G
160 180 16807 B
128 240 16807 O
220 320 16807 Y
98 292 16807 O
135 166 16807 B
8 225 16807 V
20 234 16807 G
52 62 16807 B
22 292 16807 Y
28 59 16807 O
158 304 16807 I
153 215 16807 B
89 205 16807 Y
76 209 16807 I
35 210 16807 R
310 336 16807 I
63 292 16807 G
31 109 16807 B
90 180 16807 Y
164 215 16807 Y
222 295 16807 B
34 318 16807 I
142 143 16807 R
109 191 16807 I
26 149 16807 R
40 86 16807 G
32 76 16807 G
103 274 16807 R
235 297 16807 R
172 213 16807 O
36 332 16807 I
175 206 16807 I
195 265 16807 R
66 258 16807 I
24 165 16807 G
5 223 16807 G
161 255 16807 B
70 343 16807 G
185 187 16807 Y
33 194 16807 G
58 114 16807 R
247 326 16807 R
124 176 16807 Y
142 246 16807 O
188 226 16807 R
183 333 16807 V
210 263 16807 I
240 336 16807 B
258 340 16807 V
171 182 16807 B
121 202 16807 B
203 256 16807 Y
78 154 16807 O
102 162 16807 G
111 286 16807 O
101 206 16807 V
22 150 16807 B
23 91 16807 Y
29 125 16807 O
104 147 16807 R
25 338 16807 R
162 323 16807 R
8 319 16807 O
92 281 16807 B
102 266 16807 V
40 214 16807 O
123 132 16807 I
195 233 16807 Y
41 302 16807 G
170 211 16807 I
166 215 16807 B
67 146 16807 B
69 214 16807 B
18 123 16807 G
207 313 16807 B
95 253 16807 Y
89 106 16807 G
147 284 16807 R
98 289 16807 V
235 286 16807 Y
125 255 16807 R
63 214 16807 O
203 288 16807 G
60 313 16807 G
42 142 16807 I
270 286 16807 Y
84 321 16807 Y
151 175 16807 O
128 250 16807 I
52 317 16807 O
276 304 16807 I
73 81 16807 R
175 338 16807 V
17 291 16807 V
203 303 16807 R
5 99 16807 R
127 162 16807 B
15 244 16807 V
254 320 16807 I
52 134 16807 I
91 262 16807 Y
9 137 16807 V
81 251 16807 I
13 87 16807 R
103 147 16807 B
240 302 16807 Y
216 222 16807 V
46 201 16807 Y
95 202 16807 R
261 306 16807 V
85 238 16807 I
69 109 16807 V
275 294 16807 G
15 202 16807 Y
176 278 16807 I
168 234 16807 R
228 275 16807 V
127 224 16807 G
131 252 16807 V
54 207 16807 I
90 307 16807 O
94 139 16807 G
96 240 16807 V
232 272 16807 G
229 231 16807 G
52 263 16807 R
9 264 16807 Y
22 216 16807 I
91 175 16807 Y
12 224 16807 V
115 145 16807 Y
251 281 16807 V
292 326 16807 V
128 267 16807 V
13 336 16807 B
5 334 16807 O
201 270 16807 V
101 246 16807 V
20 248 16807 I
43 155 16807 Y
124 328 16807 B
16 51 16807 O
245 258 16807 I
12 18 16807 I
303 335 16807 G
224 301 16807 R
87 178 16807 B
175 229 16807 B
52 159 16807 I
43 338 16807 B
139 153 16807 V
95 265 16807 G
203 276 16807 I
188 238 16807 V
260 338 16807 O
14 268 16807 Y
1 75 16807 O
164 270 16807 B
110 294 16807 I
192 271 16807 I
227 237 16807 R
72 74 16807 Y
165 194 16807 Y
97 236 16807 V
63 165 16807 R
65 195 16807 B
62 254 16807 V
70 341 16807 V
86 119 16807 R
131 321 16807 G
135 259 16807 B
9 30 16807 R
157 295 16807 V
91 107 16807 V
255 324 16807 R
176 181 16807 R
112 159 16807 R
46 63 16807 G
141 295 16807 Y
37 322 16807 B
42 192 16807 O
180 324 16807 O
176 182 16807 G
8 33 16807 O
35 68 16807 O
165 268 16807 R
6 75 16807 V
234 301 16807 Y
61 243 16807 Y
44 211 16807 Y
229 315 16807 O
68 251 16807 B
268 314 16807 G
140 197 16807 I
286 324 16807 Y
74 284 16807 B
175 328 16807 B
213 237 16807 B
148 304 16807 B
229 324 16807 V
193 218 16807 G
79 82 16807 I
324 340 16807 V
214 324 16807 Y
63 331 16807 V
80 318 16807 B
23 297 16807 Y
40 337 16807 V
149 306 16807 G
310 342 16807 G
121 308 16807 R
196 343 16807 G
58 133 16807 R
87 254 16807 G
10 114 16807 I
26 218 16807 R
95 106 16807 R
258 301 16807 I
142 176 16807 O
98 308 16807 R
146 282 16807 Y
94 130 16807 R
45 248 16807 R
13 256 16807 V
131 143 16807 G
5 90 16807 R
200 237 16807 B
165 278 16807 G
297 313 16807 G
112 318 16807 O
106 121 16807 Y
173 225 16807 B
191 192 16807 V
93 330 16807 O
131 317 16807 O
33 158 16807 B
20 260 16807 V
21 109 16807 Y
9 239 16807 G
146 202 16807 Y
52 249 16807 G
15 190 16807 V
87 190 16807 B
169 272 16807 O
138 298 16807 V
130 291 16807 B
38 301 16807 V
34 89 16807 G
18 161 16807 V
25 117 16807 Y
101 287 16807 I
166 308 16807 Y
88 314 16807 I
37 238 16807 I
124 300 16807 I
149 307 16807 V
165 171 16807 V
7 139 16807 I
17 231 16807 Y
256 304 16807 G
73 301 16807 G
119 134 16807 Y
55 57 16807 Y
69 212 16807 I
118 165 16807 Y
122 176 16807 O
101 142 16807 B
295 303 16807 V
213 228 16807 V
184 295 16807 G
185 249 16807 Y
82 305 16807 B
49 324 16807 V
190 321 16807 B
59 278 16807 B
295 332 16807 R
9 289 16807 I
86 137 16807 V
175 226 16807 O
181 213 16807 B
64 261 16807 G
4 162 16807 Y
80 102 16807 V
78 339 16807 Y
119 303 16807 O
23 36 16807 I
99 328 16807 B
144 228 16807 B
16 157 16807 B
73 343 16807 B
27 101 16807 I
105 194 16807 R
6 246 16807 R
171 193 16807 O
77 218 16807 R
135 297 16807 I
248 317 16807 O
70 278 16807 Y
180 215 16807 O
8 149 16807 G
100 234 16807 G
148 149 16807 B
78 134 16807 O
117 293 16807 G
77 314 16807 R
18 189 16807 I
148 334 16807 O
66 269 16807 R
61 181 16807 R
130 182 16807 B
207 238 16807 V
331 343 16807 V
317 320 16807 R
297 321 16807 I
63 133 16807 O
13 181 16807 B
76 198 16807 B
261 328 16807 R
4 21 16807 B
89 250 16807 I
8 82 16807 G
19 255 16807 V
85 309 16807 R
44 139 16807 R
183 227 16807 Y
228 256 16807 G
294 297 16807 V
39 217 16807 G
38 275 16807 I
206 224 16807 O
103 151 16807 O
18 184 16807 O
275 295 16807 Y
133 325 16807 O
211 232 16807 I
73 224 16807 V
288 291 16807 I
114 192 16807 I
169 340 16807 O
218 336 16807 O
57 261 16807 I
9 324 16807 V
109 155 16807 Y
23 113 16807 I
270 324 16807 G
76 309 16807 B
303 343 16807 I
117 150 16807 I
137 290 16807 V
151 180 16807 Y
227 326 16807 V
147 343 16807 Y
193 333 16807 O
84 207 16807 Y
43 220 16807 Y
225 288 16807 R
169 257 16807 I
226 283 16807 G
82 223 16807 I
96 146 16807 V
178 343 16807 G
231 314 16807 B
81 152 16807 B
150 183 16807 V
65 122 16807 B
81 266 16807 G
32 334 16807 R
16 190 16807 V
49 80 16807 B
182 285 16807 Y
222 292 16807 B
126 326 16807 Y
38 113 16807 R
151 157 16807 R
15 226 16807 Y
9 60 16807 V
73 283 16807 O
51 277 16807 R
43 107 16807 B
172 219 16807 O
60 228 16807 Y
86 332 16807 B
102 311 16807 B
182 256 16807 O
158 214 16807 G
128 261 16807 O
17 200 16807 V
78 163 16807 B
203 223 16807 I
43 138 16807 V
35 96 16807 G
64 337 16807 I
257 310 16807 Y
80 224 16807 B
40 335 16807 Y
113 270 16807 I
102 134 16807 R
199 339 16807 R
106 258 16807 B
123 308 16807 V
43 100 16807 V
105 150 16807 I
5 321 16807 R
181 221 16807 G
52 187 16807 B
317 318 16807 G
324 329 16807 V
147 205 16807 R
124 281 16807 G
162 168 16807 O
78 103 16807 V
149 270 16807 G
186 271 16807 Y
61 329 16807 V
153 330 16807 G
93 305 16807 B
79 188 16807 O
315 320 16807 I
103 302 16807 B
116 147 16807 V
193 318 16807 V
205 246 16807 I
104 232 16807 G
18 175 16807 Y
163 275 16807 I
96 291 16807 R
99 180 16807 O
74 277 16807 B
141 256 16807 G
5 143 16807 V
213 290 16807 R
171 198 16807 I
65 217 16807 G
77 141 16807 O
151 192 16807 Y
224 229 16807 O
132 243 16807 Y
15 137 16807 I
130 247 16807 I
139 236 16807 Y
97 202 16807 G
65 171 16807 O
114 248 16807 V
239 316 16807 I
227 275 16807 V
10 30 16807 Y
250 315 16807 O
103 270 16807 G
203 343 16807 Y
208 263 16807 I
270 318 16807 Y
240 275 16807 R
26 289 16807 O
264 343 16807 B
107 177 16807 V
47 57 16807 R
43 250 16807 V
226 271 16807 V
123 341 16807 G
53 281 16807 O
157 209 16807 R
44 80 16807 I
244 326 16807 B
125 312 16807 B
170 202 16807 Y
261 315 16807 G
339 343 16807 G
41 301 16807 I
248 272 16807 I
43 85 16807 R
38 287 16807 V
81 314 16807 Y
22 282 16807 Y
99 130 16807 V
175 197 16807 R
151 290 16807 I
150 247 16807 Y
29 278 16807 R
34 293 16807 Y
308 335 16807 R
272 343 16807 G
162 205 16807 R
138 279 16807 O
154 232 16807 V
17 158 16807 B
137 171 16807 I
96 294 16807 V
106 183 16807 B
50 111 16807 Y
240 287 16807 V
41 167 16807 V
24 309 16807 G
86 103 16807 R
86 279 16807 G
181 250 16807 I
117 207 16807 V
234 321 16807 I
66 279 16807 V
251 292 16807 G
106 110 16807 O
8 168 16807 V
45 213 16807 R
33 252 16807 O
143 152 16807 R
170 302 16807 R
49 59 16807 B
49 100 16807 I
61 283 16807 G
96 330 16807 I
37 173 16807 O
27 293 16807 O
88 160 16807 B
256 336 16807 V
43 288 16807 G
203 217 16807 B
169 205 16807 Y
34 138 16807 O
11 193 16807 O
81 171 16807 I
73 251 16807 B
126 175 16807 B
47 330 16807 G
162 200 16807 B
159 272 16807 I
45 290 16807 G
139 331 16807 I
19 73 16807 Y
165 241 16807 I
35 271 16807 V
163 168 16807 G
22 286 16807 G
43 185 16807 O
38 313 16807 I
154 316 16807 R
252 317 16807 V
142 179 16807 G
62 295 16807 R
119 182 16807 V
100 244 16807 G
34 49 16807 O
126 238 16807 O
321 329 16807 B
151 207 16807 Y
35 269 16807 V
46 101 16807 B
194 226 16807 Y
39 255 16807 V
48 185 16807 R
137 206 16807 R
75 219 16807 V
209 240 16807 V
93 266 16807 I
21 305 16807 I
96 310 16807 I
42 143 16807 Y
7 299 16807 R
49 193 16807 V
16 61 16807 Y
50 285 16807 O
206 210 16807 Y
186 213 16807 G
180 309 16807 O
43 225 16807 Y
23 277 16807 R
11 80 16807 Y
40 176 16807 I
114 238 16807 V
111 327 16807 O
114 307 16807 Y
8 28 16807 R
162 288 16807 Y
194 341 16807 I
69 255 16807 V
2 292 16807 I
116 153 16807 Y
234 313 16807 I
94 246 16807 Y
279 325 16807 B
9 341 16807 Y
51 103 16807 G
145 305 16807 V
61 206 16807 I
12 182 16807 I
292 306 16807 V
240 248 16807 Y
9 210 16807 I
22 181 16807 I
142 319 16807 V
158 170 16807 O
37 164 16807 G
68 297 16807 B
132 302 16807 G
125 132 16807 R
53 327 16807 Y
21 237 16807 V
29 117 16807 R
219 232 16807 V
95 169 16807 R
232 259 16807 I
188 284 16807 I
148 219 16807 G
17 252 16807 B
143 228 16807 O
285 292 16807 O
169 280 16807 R
104 105 16807 Y
164 306 16807 V
164 322 16807 O
124 189 16807 O
131 198 16807 R
13 180 16807 O
20 152 16807 G
128 168 16807 I
233 292 16807 I
255 279 16807 B
5 187 16807 I
103 315 16807 I
98 221 16807 R
47 158 16807 G
143 331 16807 V
150 313 16807 O
71 163 16807 I
90 182 16807 G
45 130 16807 V
152 157 16807 G
46 62 16807 V
118 312 16807 G
46 64 16807 Y
75 100 16807 R
11 216 16807 O
237 259 16807 B
40 297 16807 B
98 329 16807 G
91 101 16807 I
16 28 16807 O
91 144 16807 V
293 305 16807 O
76 268 16807 B
194 302 16807 V
99 133 16807 Y
148 290 16807 G
84 248 16807 Y
184 338 16807 I
167 193 16807 O
1 5 16807 I
214 330 16807 I
15 214 16807 O
97 233 16807 I
96 166 16807 Y
84 176 16807 G
54 68 16807 R
106 300 16807 V
89 110 16807 V
128 211 16807 O
48 97 16807 Y
275 340 16807 B
9 35 16807 R
14 303 16807 R
136 271 16807 R
42 159 16807 O
137 284 16807 I
196 255 16807 R
21 171 16807 O
253 322 16807 O
190 238 16807 B
130 338 16807 Y
94 135 16807 I
220 246 16807 I
111 218 16807 V
110 117 16807 O
7 73 16807 V
64 170 16807 I
141 320 16807 G
10 95 16807 O
25 271 16807 O
153 254 16807 I
105 241 16807 I
33 73 16807 B
242 250 16807 B
19 65 16807 O
225 343 16807 I
62 274 16807 G
155 274 16807 B
6 253 16807 Y
65 305 16807 I
264 337 16807 O
93 221 16807 Y
89 183 16807 I
119 302 16807 V
273 312 16807 G
290 293 16807 R
3 341 16807 V
7 109 16807 Y
57 75 16807 G
134 254 16807 G
151 194 16807 R
60 122 16807 I
8 201 16807 G
144 205 16807 O
84 287 16807 V
201 236 16807 V
118 246 16807 G
140 302 16807 B
150 328 16807 V
114 205 16807 R
228 235 16807 V
64 75 16807 I
16 25 16807 R
305 338 16807 I
191 297 16807 B
96 222 16807 Y
189 343 16807 O
87 107 16807 O
46 248 16807 I
216 330 16807 O
79 230 16807 Y
231 337 16807 V
76 234 16807 R
46 221 16807 Y
40 126 16807 O
23 179 16807 G
8 43 16807 Y
235 301 16807 I
68 343 16807 B
41 121 16807 I
56 163 16807 O
91 279 16807 G
254 314 16807 R
74 197 16807 G
275 337 16807 I
97 195 16807 Y
63 321 16807 G
281 300 16807 G
16 243 16807 V
143 147 16807 O
163 182 16807 B
23 125 16807 G
42 185 16807 V
40 75 16807 V
61 270 16807 Y
59 225 16807 R
23 166 16807 Y
163 173 16807 B
37 109 16807 G
84 223 16807 V
28 280 16807 I
108 319 16807 B
9 298 16807 B
262 315 16807 Y
48 332 16807 O
28 339 16807 R
210 247 16807 O
61 299 16807 B
50 307 16807 R
106 123 16807 G
151 277 16807 R
173 285 16807 V
43 192 16807 I
119 208 16807 R
30 108 16807 V
167 215 16807 I
55 107 16807 R
133 279 16807 R
151 255 16807 V
70 325 16807 Y
26 72 16807 I
62 101 16807 I
14 76 16807 O
179 197 16807 R
134 240 16807 B
203 314 16807 R
59 171 16807 R
125 216 16807 R
105 191 16807 I
307 329 16807 V
18 318 16807 I
180 252 16807 B
233 240 16807 B
56 246 16807 B
50 276 16807 R
200 305 16807 R
49 228 16807 V
41 123 16807 R
247 275 16807 R
86 96 16807 G
61 141 16807 O
202 263 16807 R
185 255 16807 B
231 335 16807 R
28 205 16807 G
204 225 16807 B
65 141 16807 B
59 195 16807 R
190 246 16807 R
81 257 16807 Y
223 308 16807 I
17 256 16807 G
226 326 16807 Y
20 69 16807 Y
64 205 16807 O
146 166 16807 G
32 217 16807 V
117 254 16807 G
304 338 16807 Y
29 166 16807 G
79 311 16807 I
4 147 16807 R
68 208 16807 I
243 259 16807 B
54 198 16807 G
27 130 16807 Y
285 330 16807 Y
61 198 16807 R
202 272 16807 Y
116 214 16807 O
67 246 16807 G
110 268 16807 B
23 336 16807 V
5 285 16807 I
162 290 16807 B
71 270 16807 I
118 190 16807 B
17 171 16807 R
44 197 16807 R
50 222 16807 O
185 208 16807 R
291 343 16807 Y
144 176 16807 G
76 336 16807 R
79 262 16807 G
9 24 16807 R
189 303 16807 V
287 293 16807 V
296 309 16807 O
136 204 16807 G
206 330 16807 I
241 333 16807 G
83 288 16807 Y
196 267 16807 O
158 207 16807 O
106 174 16807 V
129 285 16807 Y
272 321 16807 O
32 194 16807 V
143 278 16807 G
16 63 16807 I
90 190 16807 G
67 330 16807 R
7 127 16807 V
84 310 16807 Y
48 213 16807 G
112 186 16807 B
74 86 16807 Y
104 285 16807 V
145 266 16807 Y
174 328 16807 G
48 157 16807 O
7 131 16807 B
66 318 16807 O
5 93 16807 V
16 231 16807 B
40 166 16807 Y
113 247 16807 V
37 286 16807 B
153 178 16807 B
86 229 16807 R
165 302 16807 B
74 98 16807 I
137 282 16807 G
60 195 16807 G
14 144 16807 B
16 59 16807 V
131 158 16807 O
15 210 16807 O
138 223 16807 O
77 326 16807 V
61 92 16807 B
173 214 16807 Y
160 172 16807 V
124 161 16807 I
5 144 16807 G
37 237 16807 O
162 311 16807 I
186 282 16807 R
89 272 16807 Y
232 270 16807 R
25 280 16807 G
45 285 16807 V
51 315 16807 V
56 166 16807 G
122 260 16807 I
52 96 16807 B
262 296 16807 B
186 219 16807 O
98 201 16807 R
195 293 16807 I
235 236 16807 G
275 315 16807 Y
318 325 16807 B
44 154 16807 R
56 291 16807 G
23 292 16807 Y
77 287 16807 V
163 244 16807 B
218 319 16807 R
4 332 16807 O
191 308 16807 Y
87 343 16807 B
104 260 16807 B
31 239 16807 Y
85 100 16807 Y
66 291 16807 V
115 121 16807 V
49 98 16807 R
151 268 16807 I
78 128 16807 R
100 135 16807 I
104 331 16807 B
71 274 16807 I
72 99 16807 I
43 190 16807 B
74 221 16807 I
16 244 16807 V
213 240 16807 I
112 275 16807 O
218 261 16807 G
161 167 16807 O
301 343 16807 I
125 242 16807 Y
79 329 16807 G
118 137 16807 B
100 105 16807 Y
192 333 16807 V
264 320 16807 Y
165 311 16807 B
197 288 16807 R
154 190 16807 R
212 299 16807 G
40 314 16807 B
123 136 16807 R
95 171 16807 I
51 334 16807 B
48 214 16807 R
46 319 16807 Y
191 331 16807 Y
4 123 16807 Y
322 323 16807 I
14 59 16807 Y
133 203 16807 O
68 179 16807 O
48 91 16807 O
304 331 16807 O
175 180 16807 I
109 343 16807 I
125 213 16807 B
205 321 16807 B
10 263 16807 O
148 244 16807 V
85 201 16807 I
37 91 16807 I
206 231 16807 R
139 290 16807 V
154 330 16807 I
89 129 16807 V
96 147 16807 R
138 335 16807 Y
114 337 16807 Y
52 120 16807 V
20 47 16807 I
208 315 16807 O
61 256 16807 R
139 168 16807 R
54 289 16807 V
187 292 16807 Y
89 343 16807 I
158 215 16807 O
181 336 16807 Y
236 332 16807 O
168 330 16807 R
176 332 16807 O
66 249 16807 B
26 202 16807 R
101 157 16807 O
203 239 16807 G
204 317 16807 Y
40 93 16807 Y
85 197 16807 I
53 291 16807 Y
109 130 16807 B
256 313 16807 G
80 286 16807 B
145 262 16807 G
68 246 16807 O
223 258 16807 I
45 175 16807 R
212 235 16807 V
104 214 16807 I
80 119 16807 O
25 143 16807 Y
243 251 16807 B
55 197 16807 O
66 342 16807 I
88 245 16807 O
71 325 16807 I
1 124 16807 R
30 333 16807 I
102 149 16807 V
88 340 16807 I
78 283 16807 R
84 97 16807 B
297 300 16807 Y
116 291 16807 O
111 215 16807 O
26 176 16807 B
223 300 16807 Y
250 323 16807 B
64 199 16807 Y
29 105 16807 I
258 288 16807 V
169 265 16807 Y
124 258 16807 I
133 275 16807 R
141 278 16807 B
8 205 16807 R
46 135 16807 Y
220 341 16807 R
46 70 16807 Y
53 222 16807 R
6 124 16807 B
170 229 16807 O
297 343 16807 Y
251 278 16807 Y
283 336 16807 V
182 243 16807 O
198 224 16807 G
151 342 16807 G
4 248 16807 I
152 184 16807 I
87 270 16807 O
10 136 16807 R
24 28 16807 V
3 60 16807 O
206 240 16807 O
133 264 16807 G
210 264 16807 B
19 162 16807 I
198 222 16807 Y
3 94 16807 O
53 288 16807 V
5 330 16807 G
145 336 16807 G
140 293 16807 O
56 290 16807 O
135 302 16807 R
125 247 16807 B
49 331 16807 Y
162 341 16807 I
41 286 16807 B
152 259 16807 B
78 117 16807 R
183 213 16807 Y
110 257 16807 Y
40 237 16807 Y
159 283 16807 B
122 202 16807 Y
102 155 16807 V
135 284 16807 V
234 266 16807 V
84 305 16807 G
257 311 16807 B
103 113 16807 G
218 264 16807 O
25 228 16807 G
8 38 16807 V
100 230 16807 Y
97 124 16807 O
206 315 16807 B
19 72 16807 R
35 203 16807 R
119 190 16807 O
113 148 16807 O
62 323 16807 O
141 168 16807 I
200 275 16807 O
10 252 16807 G
71 154 16807 O
165 217 16807 Y
59 216 16807 B
206 277 16807 I
129 198 16807 G
313 327 16807 V
246 296 16807 B
78 296 16807 Y
122 307 16807 G
48 212 16807 B
6 73 16807 R
182 261 16807 Y
171 258 16807 B
122 291 16807 R
141 303 16807 I
141 164 16807 B
46 191 16807 V
77 223 16807 R
180 248 16807 G
190 311 16807 B
231 338 16807 Y
3 98 16807 Y
164 272 16807 O
111 121 16807 G
201 279 16807 Y
18 213 16807 I
66 310 16807 I
3 147 16807 B
126 149 16807 B
128 308 16807 R
266 303 16807 V
189 342 16807 Y
75 254 16807 B
80 313 16807 R
31 117 16807 Y
139 267 16807 B
30 67 16807 Y
275 312 16807 Y
79 182 16807 O
103 268 16807 V
8 303 16807 I
139 189 16807 R
160 205 16807 Y
39 82 16807 Y
108 134 16807 Y
312 315 16807 B
59 223 16807 G
57 218 16807 O
266 272 16807 Y
16 31 16807 B
244 319 16807 I
193 264 16807 R
131 225 16807 V
54 77 16807 O
96 144 16807 Y
48 124 16807 I
268 298 16807 I
182 231 16807 V
176 188 16807 O
79 171 16807 R
5 309 16807 O
76 177 16807 R
213 341 16807 V
205 271 16807 I
290 342 16807 V
218 231 16807 I
18 37 16807 B
48 158 16807 R
122 154 16807 I
71 217 16807 B
111 158 16807 Y
110 174 16807 Y
20 331 16807 R
73 150 16807 B
56 284 16807 O
304 317 16807 V
19 52 16807 V
97 282 16807 O
97 334 16807 I
150 215 16807 G
33 313 16807 I
101 300 16807 G
108 163 16807 V
80 263 16807 B
74 302 16807 B
17 292 16807 I
209 222 16807 V
314 334 16807 G
26 57 16807 Y
105 115 16807 Y
171 189 16807 I
40 78 16807 O
168 263 16807 Y
157 334 16807 B
232 307 16807 B
9 319 16807 B
103 206 16807 B
12 289 16807 O
27 161 16807 O
119 138 16807 Y
129 294 16807 V
205 254 16807 G
125 150 16807 B
72 213 16807 O
331 335 16807 Y
183 273 16807 R
203 248 16807 O
67 343 16807 R
248 310 16807 Y
162 340 16807 O
58 91 16807 Y
83 286 16807 V
68 322 16807 R
6 145 16807 R
41 127 16807 B
71 204 16807 B
297 312 16807 V
122 214 16807 V
22 200 16807 I
105 325 16807 V
44 288 16807 B
280 286 16807 R
14 220 16807 R
152 164 16807 B
2 222 16807 G
252 254 16807 G
25 290 16807 O
281 307 16807 Y
158 268 16807 V
250 338 16807 R
231 260 16807 G
138 264 16807 I
25 319 16807 B
33 105 16807 Y
47 210 16807 B
147 240 16807 B
43 303 16807 O
30 125 16807 G
89 286 16807 V
34 165 16807 Y
54 139 16807 G
226 278 16807 I
70 329 16807 I
43 152 16807 Y
241 332 16807 O
308 323 16807 B
172 312 16807 O
106 272 16807 Y
74 309 16807 O
60 110 16807 B
2 165 16807 R
140 157 16807 B
6 13 16807 I
249 325 16807 O
285 316 16807 I
53 221 16807 V
7 140 16807 Y
177 323 16807 V
252 274 16807 O
115 250 16807 R
167 285 16807 O
102 193 16807 Y
65 199 16807 R
116 309 16807 Y
46 172 16807 Y
40 151 16807 V
40 285 16807 B
252 289 16807 Y
3 108 16807 I
253 279 16807 R
282 300 16807 O
160 338 16807 B
128 322 16807 O
289 330 16807 V
46 121 16807 B
38 309 16807 I
213 254 16807 Y
77 132 16807 B
23 61 16807 Y
174 283 16807 O
53 125 16807 I
76 138 16807 B
142 265 16807 B
187 262 16807 Y
62 65 16807 O
52 172 16807 V
69 332 16807 V
22 52 16807 B
43 53 16807 R
67 171 16807 I
29 240 16807 V
43 64 16807 R
133 296 16807 R
91 168 16807 O
225 268 16807 I
149 326 16807 I
242 302 16807 I
100 150 16807 Y
112 202 16807 O
97 288 16807 G
13 271 16807 G
56 139 16807 R
117 180 16807 V
58 296 16807 I
50 83 16807 V
111 343 16807 G
113 343 16807 R
286 338 16807 B
241 244 16807 O
18 260 16807 I
39 53 16807 Y
68 219 16807 Y
1 238 16807 G
177 232 16807 I
200 249 16807 Y
106 319 16807 I
11 172 16807 O
83 148 16807 Y
58 228 16807 I
105 267 16807 I
188 304 16807 Y
272 328 16807 B
187 205 16807 G
66 200 16807 G
212 300 16807 G
22 51 16807 R
105 260 16807 G
34 168 16807 Y
215 291 16807 R
56 63 16807 Y
125 301 16807 B
140 200 16807 I
109 169 16807 Y
19 83 16807 B
42 225 16807 G
105 300 16807 R
130 331 16807 G
11 277 16807 Y
30 124 16807 Y
117 284 16807 Y
250 267 16807 G
135 335 16807 G
62 120 16807 I
58 67 16807 G
73 154 16807 B
116 272 16807 O
45 65 16807 B
70 237 16807 R
4 38 16807 B
111 278 16807 G
206 280 16807 I
91 200 16807 Y
153 172 16807 O
316 321 16807 O
34 129 16807 G
209 251 16807 G
2 242 16807 G
243 298 16807 B
80 110 16807 O
116 129 16807 Y
24 67 16807 G
11 308 16807 Y
160 203 16807 B
99 149 16807 V
17 74 16807 V
16 171 16807 G
62 298 16807 B
16 253 16807 I
171 296 16807 V
264 307 16807 R
155 297 16807 G
227 270 16807 I
89 267 16807 V
128 325 16807 G
73 113 16807 I
219 339 16807 O
87 315 16807 B
111 308 16807 G
300 320 16807 O
18 274 16807 Y
68 100 16807 G
48 341 16807 O
138 314 16807 B
32 304 16807 I
115 247 16807 G
16 80 16807 R
93 127 16807 I
127 148 16807 O
25 188 16807 R
27 282 16807 V
118 225 16807 I
36 37 16807 O
4 179 16807 B
20 167 16807 B
41 322 16807 O
232 330 16807 O
173 184 16807 R
58 243 16807 O
291 296 16807 O
144 269 16807 B
177 259 16807 R
164 321 16807 O
104 115 16807 I
162 231 16807 B
245 327 16807 Y
22 124 16807 Y
30 310 16807 O
207 258 16807 I
152 246 16807 G
8 322 16807 B
19 164 16807 Y
17 142 16807 V
147 313 16807 V
234 245 16807 G
206 327 16807 R
52 76 16807 Y
57 104 16807 Y
127 316 16807 O
17 100 16807 G
136 231 16807 R
87 151 16807 G
17 312 16807 V
131 173 16807 Y
13 192 16807 I
130 308 16807 O
54 61 16807 R
76 236 16807 I
5 62 16807 O
199 203 16807 Y
220 251 16807 O
22 169 16807 B
36 326 16807 O
122 162 16807 G
78 281 16807 R
117 171 16807 G
5 241 16807 G
155 275 16807 V
147 311 16807 I
23 186 16807 I
73 326 16807 V
69 202 16807 O
53 242 16807 G
32 84 16807 O
26 28 16807 V
47 239 16807 O
247 286 16807 R
49 192 16807 G
123 309 16807 Y
29 91 16807 G
26 138 16807 B
134 252 16807 G
59 330 16807 B
77 137 16807 R
170 303 16807 R
32 215 16807 I
41 89 16807 O
76 225 16807 Y
49 146 16807 I
196 277 16807 G
75 176 16807 R
68 313 16807 V
231 298 16807 R
112 304 16807 V
136 249 16807 G
168 322 16807 R
10 88 16807 R
197 273 16807 O
196 272 16807 V
48 131 16807 R
44 113 16807 Y
136 339 16807 G
89 168 16807 R
194 333 16807 I
10 186 16807 B
148 195 16807 B
65 291 16807 I
8 52 16807 Y
87 259 16807 R
99 226 16807 R
92 196 16807 B
186 226 16807 Y
218 279 16807 O
154 326 16807 O
202 229 16807 O
75 289 16807 B
23 168 16807 I
23 197 16807 O
142 269 16807 I
24 300 16807 I
59 219 16807 R
198 298 16807 O
169 179 16807 I
204 321 16807 V
84 265 16807 R
151 338 16807 G
26 168 16807 R
193 335 16807 B
212 320 16807 O
299 303 16807 V
2 213 16807 Y
23 313 16807 R
183 214 16807 O
127 161 16807 R
300 334 16807 Y
10 127 16807 R
326 335 16807 Y
21 163 16807 Y
59 282 16807 B
79 181 16807 O
86 266 16807 Y
30 177 16807 G
189 244 16807 O
163 271 16807 Y
171 332 16807 B
259 315 16807 O
205 326 16807 B
296 318 16807 R
35 231 16807 B
113 208 16807 R
15 324 16807 O
273 315 16807 Y
22 118 16807 I
129 168 16807 O
223 301 16807 G
94 220 16807 B
94 185 16807 V
23 97 16807 R
66 148 16807 I
140 150 16807 O
176 261 16807 G
17 339 16807 Y
220 307 16807 G
69 339 16807 G
188 279 16807 V
170 200 16807 V
101 337 16807 G
160 319 16807 G
94 100 16807 V
105 248 16807 B
205 293 16807 V
89 188 16807 Y
175 182 16807 R
187 247 16807 G
127 142 16807 R
110 230 16807 O
276 312 16807 V
76 147 16807 O
4 98 16807 V
21 168 16807 G
220 257 16807 R
251 316 16807 R
188 308 16807 I
137 294 16807 R
122 145 16807 B
62 187 16807 R
31 291 16807 Y
227 311 16807 G
277 327 16807 V
87 141 16807 Y
108 234 16807 O
8 51 16807 R
64 122 16807 O
16 72 16807 I
105 170 16807 V
257 297 16807 B
11 101 16807 O
174 307 16807 O
21 239 16807 I
215 279 16807 I
28 36 16807 I
288 335 16807 G
230 254 16807 I
23 235 16807 G
107 124 16807 V
19 318 16807 G
71 305 16807 Y
54 133 16807 I
28 162 16807 I
12 187 16807 R
92 165 16807 G
248 301 16807 R
145 307 16807 G
247 329 16807 I
285 338 16807 O
14 137 16807 V
128 187 16807 R
26 108 16807 R
103 185 16807 Y
74 216 16807 R
115 263 16807 O
40 303 16807 G
57 226 16807 I
9 167 16807 B
71 249 16807 O
69 321 16807 I
244 265 16807 Y
27 151 16807 B
39 190 16807 G
123 228 16807 O
18 248 16807 B
199 333 16807 G
101 328 16807 V
117 143 16807 B
183 319 16807 O
4 328 16807 G
259 270 16807 G
81 324 16807 I
39 120 16807 V
133 170 16807 O
40 271 16807 Y
261 293 16807 Y
170 236 16807 Y
64 126 16807 O
45 293 16807 R
27 163 16807 G
5 253 16807 V
138 167 16807 G
17 195 16807 B
110 196 16807 I
130 327 16807 G
108 206 16807 G
54 338 16807 V
125 315 16807 Y
24 42 16807 Y
18 290 16807 G
40 289 16807 G
128 140 16807 O
20 223 16807 R
66 281 16807 R
83 302 16807 B
73 168 16807 V
242 299 16807 Y
96 297 16807 I
188 312 16807 O
167 278 16807 O
78 277 16807 G
74 138 16807 Y
198 319 16807 O
63 247 16807 V
238 265 16807 R
11 286 16807 I
154 155 16807 I
206 319 16807 V
173 186 16807 V
72 199 16807 G
31 172 16807 V
176 205 16807 O
75 326 16807 R
205 239 16807 O
154 270 16807 G
118 164 16807 I
2 245 16807 Y
1 324 16807 O
55 63 16807 O
112 151 16807 B
28 63 16807 G
30 330 16807 Y
60 271 16807 O
239 311 16807 V
31 42 16807 G
30 295 16807 Y
51 78 16807 I
306 329 16807 I
184 243 16807 R
31 284 16807 B
2 68 16807 V
77 80 16807 I
161 181 16807 Y
211 304 16807 I
42 168 16807 R
88 272 16807 Y
58 277 16807 G
96 253 16807 G
145 311 16807 V
187 290 16807 R
9 284 16807 R
18 107 16807 Y
114 290 16807 V
135 147 16807 O
181 216 16807 Y
50 179 16807 V
8 58 16807 R
9 13 16807 I
92 336 16807 V
193 280 16807 Y
66 231 16807 G
68 310 16807 B
36 240 16807 V
179 279 16807 B
11 44 16807 O
3 48 16807 Y
89 150 16807 I
89 269 16807 Y
21 188 16807 R
222 342 16807 Y
98 261 16807 V
169 328 16807 O
30 203 16807 O
68 233 16807 Y
56 102 16807 Y
51 184 16807 B
124 338 16807 R
16 276 16807 B
115 262 16807 Y
173 272 16807 G
36 308 16807 O
43 243 16807 R
247 272 16807 R
12 39 16807 R
237 288 16807 Y
26 280 16807 G
209 314 16807 G
225 339 16807 Y
24 70 16807 Y
61 179 16807 G
42 243 16807 B
137 234 16807 O
11 332 16807 O
212 228 16807 I
190 332 16807 G
228 274 16807 R
239 280 16807 B
208 275 16807 I
117 212 16807 Y
120 322 16807 R
192 244 16807 I
114 221 16807 Y
86 120 16807 I
87 129 16807 O
123 155 16807 G
69 271 16807 B
94 276 16807 I
118 214 16807 V
14 330 16807 I
99 289 16807 G
5 100 16807 O
40 231 16807 O
310 322 16807 G
74 180 16807 Y
206 313 16807 O
217 251 16807 I
35 313 16807 R
150 336 16807 V
213 283 16807 B
94 147 16807 R
237 274 16807 G
140 243 16807 I
32 157 16807 O
65 178 16807 B
100 181 16807 Y
186 267 16807 G
230 289 16807 Y
157 160 16807 I
139 243 16807 R
17 52 16807 G
30 338 16807 B
189 273 16807 G
78 257 16807 B
115 329 16807 R
121 329 16807 V
263 271 16807 O
13 145 16807 V
166 310 16807 G
127 267 16807 I
210 241 16807 V
99 205 16807 G
40 120 16807 V
21 258 16807 B
81 238 16807 G
185 294 16807 V
82 323 16807 Y
60 146 16807 R
63 319 16807 V
106 187 16807 G
89 227 16807 R
5 180 16807 O
291 320 16807 I
252 288 16807 Y
190 279 16807 G
115 208 16807 B
4 178 16807 R
192 276 16807 R
202 312 16807 I
145 171 16807 B
208 288 16807 R
120 196 16807 V
26 322 16807 Y
5 120 16807 B
33 295 16807 V
212 261 16807 B
71 289 16807 I
123 166 16807 Y
1 99 16807 V
253 334 16807 G
130 292 16807 O
24 65 16807 B
218 287 16807 G
196 216 16807 Y
66 313 16807 Y
44 85 16807 B
40 130 16807 B
197 244 16807 G
104 325 16807 I
143 266 16807 R
72 222 16807 I
285 310 16807 V
189 190 16807 Y
150 167 16807 I
113 160 16807 B
147 188 16807 B
91 137 16807 G
5 113 16807 O
122 158 16807 I
30 312 16807 G
44 130 16807 O
89 240 16807 Y
72 218 16807 V
245 340 16807 G
20 311 16807 B
17 258 16807 I
162 224 16807 G
112 200 16807 O
77 180 16807 R
147 338 16807 G
173 334 16807 O
246 308 16807 B
135 167 16807 G
48 173 16807 G
21 250 16807 I
86 154 16807 G
209 320 16807 V
137 249 16807 I
144 316 16807 I
12 173 16807 R
10 116 16807 G
25 281 16807 I
208 280 16807 V
9 166 16807 B
49 334 16807 B
254 306 16807 B
27 265 16807 B
221 332 16807 I
46 81 16807 V
121 166 16807 G
298 308 16807 V
212 223 16807 G
79 155 16807 V
174 188 16807 R
56 99 16807 O
148 308 16807 R
141 191 16807 G
3 331 16807 Y
13 203 16807 I
62 178 16807 B
24 333 16807 G
88 140 16807 V
45 54 16807 B
174 341 16807 I
66 324 16807 O
65 220 16807 I
196 293 16807 O
11 321 16807 I
121 197 16807 V
222 318 16807 V
127 236 16807 I
34 180 16807 B
31 155 16807 R
54 223 16807 G
228 280 16807 I
276 333 16807 Y
67 283 16807 B
97 152 16807 R
59 93 16807 O
61 189 16807 Y
98 340 16807 I
103 343 16807 O
112 195 16807 O
91 325 16807 R
148 173 16807 Y
133 218 16807 V
119 248 16807 I
152 325 16807 Y
18 297 16807 O
280 297 16807 I
84 336 16807 R
54 297 16807 I
3 84 16807 I
23 274 16807 V
25 136 16807 I
128 335 16807 G
79 342 16807 G
214 300 16807 Y
210 279 16807 O
92 211 16807 O
244 282 16807 I
62 220 16807 B
17 164 16807 R
75 318 16807 V
30 71 16807 Y
160 265 16807 O
109 119 16807 G
27 229 16807 V
141 153 16807 I
49 245 16807 V
2 55 16807 R
41 214 16807 Y
132 256 16807 R
48 76 16807 R
173 330 16807 V
21 151 16807 R
83 93 16807 B
97 235 16807 I
273 305 16807 R
130 217 16807 B
49 285 16807 O
50 174 16807 V
226 258 16807 I
87 205 16807 G
136 192 16807 V
78 127 16807 I
185 314 16807 V
2 89 16807 B
43 119 16807 I
179 330 16807 O
99 291 16807 V
207 342 16807 O
285 337 16807 B
146 284 16807 O
201 243 16807 Y
17 20 16807 Y
81 117 16807 B
86 237 16807 I
73 288 16807 B
129 265 16807 R
107 283 16807 O
335 336 16807 R
13 230 16807 R
157 175 16807 Y
176 244 16807 I
209 232 16807 R
201 269 16807 V
253 270 16807 I
140 315 16807 I
245 265 16807 B
176 275 16807 R
111 171 16807 V
171 235 16807 B
67 181 16807 R
6 325 16807 R
96 296 16807 R
10 67 16807 R
86 242 16807 G
182 207 16807 Y
41 331 16807 B
28 224 16807 B
66 336 16807 G
130 242 16807 G
3 20 16807 B
94 219 16807 O
113 123 16807 V
207 283 16807 R
229 312 16807 Y
56 296 16807 R
35 328 16807 V
111 178 16807 I
5 115 16807 G
240 257 16807 B
83 216 16807 I
162 194 16807 Y
82 200 16807 G
2 74 16807 O
143 157 16807 Y
32 171 16807 O
112 233 16807 B
188 342 16807 B
161 302 16807 B
199 280 16807 Y
17 90 16807 B
77 167 16807 R
133 302 16807 O
22 189 16807 O
91 120 16807 I
43 141 16807 V
194 315 16807 O
194 221 16807 I
98 225 16807 B
133 195 16807 I
8 255 16807 O
171 278 16807 Y
18 65 16807 B
75 287 16807 G
301 342 16807 V
101 125 16807 G
182 300 16807 I
56 174 16807 V
116 279 16807 R
17 134 16807 G
10 220 16807 I
24 326 16807 R
138 170 16807 Y
243 265 16807 B
32 218 16807 B
255 274 16807 Y
87 317 16807 R
95 156 16807 V
33 209 16807 G
166 322 16807 B
61 84 16807 Y
16 256 16807 O
235 269 16807 B
1 204 16807 I
24 339 16807 I
5 205 16807 B
101 323 16807 B
301 310 16807 Y
150 210 16807 R
223 236 16807 V
112 188 16807 G
138 192 16807 B
39 77 16807 O
19 207 16807 Y
56 225 16807 Y
150 162 16807 B
72 286 16807 O
143 149 16807 Y
92 330 16807 V
224 298 16807 O
85 184 16807 Y
59 199 16807 V
35 324 16807 V
79 287 16807 G
103 225 16807 R
215 329 16807 O
8 270 16807 Y
51 280 16807 B
25 34 16807 B
152 195 16807 I
271 335 16807 V
51 68 16807 B
245 307 16807 I
189 230 16807 O
266 280 16807 Y
129 316 16807 Y
263 308 16807 Y
208 234 16807 V
333 336 16807 O
102 260 16807 I
114 301 16807 R
30 100 16807 V
226 267 16807 V
83 298 16807 O
289 307 16807 I
28 290 16807 I
81 301 16807 O
12 262 16807 Y
126 298 16807 Y
233 337 16807 V
37 198 16807 I
134 341 16807 G
141 147 16807 O
67 322 16807 G
221 273 16807 B
46 256 16807 G
69 236 16807 Y
29 257 16807 V
180 235 16807 I
70 253 16807 G
130 273 16807 B
125 129 16807 G
50 335 16807 I
221 233 16807 Y
150 272 16807 V
7 193 16807 V
108 334 16807 G
240 297 16807 Y
7 100 16807 I
65 96 16807 R
28 309 16807 O
239 313 16807 V
108 196 16807 Y
7 79 16807 O
1 312 16807 R
259 271 16807 O
75 140 16807 I
46 52 16807 V
91 165 16807 O
163 325 16807 Y
235 290 16807 O
81 98 16807 R
73 204 16807 V
86 249 16807 G
145 147 16807 O
147 337 16807 R
69 75 16807 Y
67 184 16807 R
179 196 16807 O
141 218 16807 V
15 86 16807 Y
119 212 16807 B
128 225 16807 B
120 148 16807 O
19 245 16807 I
14 203 16807 V
277 307 16807 G
47 232 16807 Y
61 342 16807 Y
254 286 16807 R
74 317 16807 V
13 177 16807 O
62 339 16807 R
98 267 16807 R
12 283 16807 B
9 174 16807 Y
62 299 16807 V
44 308 16807 G
