343 2401
28 238 16730 V
141 326 16273 O
145 306 16776 R
246 320 16564 Y
121 135 16622 I
129 189 16669 O
74 321 16527 B
67 194 16766 B
72 109 16298 Y
39 342 16279 V
221 270 16506 R
139 169 16450 O
267 342 16289 Y
40 284 16329 B
199 312 16759 O
17 222 16728 Y
190 254 16468 G
52 106 16449 O
202 297 16683 R
77 107 16748 Y
80 148 16455 B
51 72 16441 O
122 293 16767 B
81 174 16793 G
54 190 16637 G
171 177 16807 V
230 267 16668 B
228 268 16739 G
40 222 16739 G
17 43 16725 V
310 336 16392 R
58 332 16346 O
45 153 16276 Y
117 289 16442 B
214 284 16620 G
121 213 16313 Y
126 162 16379 V
289 292 16299 G
75 316 16616 O
105 244 16404 B
130 229 16735 Y
73 247 16789 O
103 299 16288 V
103 334 16568 B
124 132 16481 B
110 262 16807 G
66 125 16770 I
132 258 16362 B
86 342 16565 V
47 265 16653 R
42 131 16372 I
10 201 16723 O
101 179 16471 I
81 240 16608 V
74 118 16362 I
145 252 16750 Y
84 222 16330 O
18 134 16477 B
233 271 16653 V
211 265 16721 O
148 200 16445 R
41 43 16309 O
69 261 16759 B
19 302 16704 Y
324 340 16353 G
1 78 16631 V
94 186 16591 Y
3 198 16354 V
3 107 16739 V
153 227 16408 I
166 296 16539 B
39 141 16511 I
110 210 16286 V
132 194 16706 Y
250 269 16277 Y
152 220 16643 G
5 43 16546 R
229 279 16739 B
93 262 16322 I
2 74 16321 R
37 222 16284 I
110 291 16601 Y
235 333 16512 B
238 255 16529 Y
128 189 16700 V
93 236 16711 O
210 261 16447 I
32 64 16762 O
206 283 16708 I
28 325 16651 Y
149 151 16647 Y
159 172 16728 R
109 266 16597 O
126 330 16724 G
159 339 16517 V
30 193 16423 G
42 335 16314 B
222 269 16606 V
173 331 16644 O
43 128 16279 I
97 212 16768 V
25 270 16281 Y
115 137 16656 Y
152 177 16316 I
276 324 16631 I
113 262 16428 G
249 305 16676 Y
27 203 16660 I
272 318 16637 Y
224 265 16688 O
120 264 16439 R
135 295 16557 Y
257 305 16441 R
79 128 16727 I
232 233 16341 R
84 235 16262 R
15 160 16336 O
157 189 16546 V
111 126 16305 R
191 320 16749 O
226 288 16373 O
2 6 16471 B
59 251 16715 V
109 288 16645 I
44 133 16310 G
31 194 16331 O
90 151 16723 I
47 298 16395 I
12 259 16307 O
267 281 16622 G
152 185 16627 R
3 132 16583 Y
59 238 16344 R
134 226 16302 Y
99 119 16548 B
18 330 16381 I
142 162 16363 B
124 136 16296 Y
186 278 16277 R
135 267 16734 V
221 267 16719 O
2 199 16535 B
80 166 16420 G
131 208 16759 B
112 278 16299 V
42 188 16315 V
126 253 16342 V
263 290 16439 R
111 230 16478 O
62 224 16419 Y
85 318 16675 Y
223 313 16499 G
128 152 16732 O
240 242 16749 R
28 340 16674 R
201 302 16669 O
102 268 16463 R
253 292 16514 G
56 189 16282 G
91 102 16406 Y
26 112 16319 R
76 283 16456 B
95 109 16571 V
129 139 16433 V
17 278 16673 G
93 114 16701 V
265 288 16664 G
39 133 16296 I
57 302 16486 Y
121 228 16600 G
53 320 16572 G
99 173 16395 V
12 60 16782 Y
14 65 16388 B
132 322 16769 G
121 145 16281 R
42 277 16678 B
173 175 16670 Y
26 46 16783 B
250 315 16757 R
140 152 16398 V
25 203 16606 V
50 174 16660 O
16 101 16476 B
131 156 16654 V
62 115 16606 B
27 295 16616 O
31 69 16326 B
103 177 16671 V
49 152 16301 B
190 330 16265 O
182 184 16572 B
255 324 16489 B
68 335 16514 O
11 200 16624 I
60 272 16598 R
1 67 16370 O
226 314 16758 R
120 159 16664 B
99 226 16446 B
66 176 16580 Y
119 330 16524 V
42 73 16282 Y
72 176 16789 Y
121 248 16269 V
218 247 16783 V
206 293 16325 I
44 69 16746 R
97 331 16787 V
229 244 16356 O
159 228 16345 I
215 239 16635 O
40 153 16775 O
101 334 16279 I
293 309 16296 V
31 219 16439 G
103 294 16508 O
155 291 16521 Y
105 293 16414 O
256 297 16276 G
40 151 16530 R
57 301 16336 V
140 162 16287 V
32 255 16652 R
60 312 16804 Y
100 118 16507 I
90 147 16467 O
108 285 16390 V
44 72 16764 Y
51 277 16402 R
193 253 16402 I
101 162 16455 B
12 46 16553 R
307 323 16537 R
174 288 16765 B
41 69 16556 G
174 308 16296 I
43 139 16502 Y
247 267 16621 I
34 142 16464 R
230 294 16541 B
49 260 16737 G
51 307 16728 I
74 314 16765 I
7 195 16756 Y
43 228 16296 Y
86 101 16641 I
212 264 16261 G
149 304 16391 O
199 253 16485 B
153 255 16297 G
4 226 16346 G
152 174 16464 Y
158 250 16665 Y
25 100 16378 G
110 145 16268 Y
61 280 16366 R
226 339 16373 R
68 138 16626 Y
58 79 16495 O
178 337 16562 B
86 236 16448 B
7 75 16411 G
153 218 16375 I
9 246 16484 R
33 308 16499 I
51 237 16321 V
28 149 16588 Y
171 326 16419 G
89 128 16439 I
31 122 16290 V
18 333 16387 O
231 264 16451 I
6 291 16576 G
223 293 16423 I
39 90 16792 Y
72 104 16377 V
133 291 16506 G
158 317 16748 G
39 137 16465 V
11 315 16505 R
181 288 16484 O
300 319 16299 Y
33 119 16662 V
209 291 16719 Y
273 330 16791 V
238 332 16411 O
38 83 16635 R
29 157 16266 G
235 324 16737 Y
213 343 16681 R
196 247 16638 Y
92 340 16451 G
50 87 16694 V
61 137 16581 G
37 62 16406 B
47 312 16471 O
67 263 16769 G
192 239 16627 O
6 41 16474 V
53 138 16400 V
18 313 16706 I
17 124 16575 I
259 331 16775 G
267 287 16767 V
188 211 16531 Y
143 207 16704 V
8 105 16385 Y
206 295 16403 I
248 327 16357 G
47 99 16302 I
239 329 16361 O
49 219 16537 I
226 316 16419 B
63 214 16387 O
259 295 16684 O
295 326 16589 B
248 300 16516 V
112 143 16410 I
94 254 16493 O
53 297 16751 G
5 175 16382 V
98 312 16529 R
17 256 16471 G
32 233 16521 Y
208 342 16758 G
109 231 16683 V
82 245 16351 R
114 297 16501 O
207 222 16789 B
14 168 16772 R
37 145 16465 V
60 241 16732 G
63 285 16567 Y
147 299 16358 V
79 302 16575 G
129 144 16765 O
146 169 16615 V
202 305 16454 B
191 251 16368 I
327 334 16722 B
49 286 16588 Y
22 80 16723 G
150 152 16350 G
143 318 16372 O
206 264 16768 O
101 189 16648 Y
180 263 16614 I
47 73 16669 O
23 198 16589 O
194 330 16356 V
56 240 16578 R
94 122 16553 O
213 328 16404 Y
100 241 16394 Y
6 191 16695 V
293 300 16391 R
30 181 16605 B
234 252 16397 V
174 319 16472 Y
49 334 16780 R
79 216 16268 B
71 176 16553 V
9 175 16720 B
151 274 16374 G
91 126 16686 G
96 137 16778 Y
87 178 16602 R
195 262 16592 V
292 297 16390 G
201 315 16308 B
178 320 16617 B
228 234 16751 O
152 324 16490 I
208 275 16708 B
191 246 16460 R
80 110 16705 B
49 182 16661 Y
112 186 16782 V
8 151 16313 O
88 198 16399 V
6 131 16554 I
226 317 16383 O
45 303 16513 V
49 198 16332 B
100 163 16685 O
69 341 16743 V
48 129 16641 I
232 304 16544 V
89 338 16779 I
48 97 16615 I
11 73 16536 V
55 308 16791 R
65 112 16747 V
101 185 16272 O
12 21 16419 O
195 265 16803 Y
77 223 16294 Y
21 95 16339 B
29 269 16289 O
255 267 16623 R
5 187 16271 O
104 302 16302 Y
89 234 16570 G
95 220 16742 I
43 53 16288 B
126 166 16353 O
39 257 16348 I
52 295 16714 V
61 245 16775 B
157 220 16427 O
152 156 16721 O
190 207 16332 R
171 247 16516 Y
34 52 16345 O
33 124 16346 R
170 264 16455 B
34 188 16290 B
70 165 16668 O
52 87 16343 G
9 239 16345 R
127 219 16650 G
78 267 16652 V
115 206 16589 V
56 108 16712 R
62 73 16733 R
19 288 16608 I
183 329 16484 Y
26 99 16802 R
54 234 16435 B
125 184 16753 I
77 200 16274 G
14 314 16322 B
153 282 16653 Y
23 230 16287 V
192 274 16374 O
150 341 16506 B
268 315 16767 R
205 259 16543 G
22 318 16270 R
17 218 16299 B
246 281 16582 R
118 306 16729 B
204 248 16788 R
111 213 16565 V
39 318 16508 R
141 174 16506 Y
156 303 16741 O
272 300 16319 O
180 261 16587 Y
154 308 16373 B
99 341 16595 V
59 266 16416 Y
58 120 16610 B
231 244 16427 R
276 337 16601 V
73 299 16292 I
149 201 16443 O
10 269 16779 G
181 243 16319 V
28 120 16683 Y
133 155 16741 B
73 265 16520 Y
123 330 16785 G
122 155 16707 Y
124 335 16709 V
165 335 16319 I
16 52 16529 R
54 309 16297 O
211 312 16485 G
32 335 16675 V
243 276 16516 R
118 251 16743 I
166 245 16665 G
174 275 16668 G
241 263 16465 Y
221 292 16573 B
328 342 16734 G
147 319 16511 G
159 262 16698 Y
52 288 16721 I
141 329 16689 R
94 134 16350 O
32 112 16730 I
141 159 16391 V
201 213 16497 R
25 26 16479 Y
31 89 16357 B
121 230 16297 Y
44 335 16422 G
36 139 16468 G
161 210 16379 V
49 106 16802 G
39 292 16500 I
164 177 16380 Y
188 195 16610 O
16 230 16680 B
47 124 16678 B
84 233 16627 V
31 117 16448 V
37 164 16790 V
122 180 16760 B
122 329 16550 G
23 92 16595 B
24 67 16536 O
62 206 16661 O
49 245 16606 V
155 193 16325 Y
33 58 16702 B
51 283 16400 I
204 286 16630 Y
258 263 16349 Y
42 106 16354 V
252 312 16739 B
70 168 16774 O
236 242 16308 Y
68 79 16567 V
72 183 16374 I
300 318 16292 O
132 326 16380 Y
105 337 16606 G
263 305 16285 I
119 237 16602 Y
261 328 16609 O
83 233 16674 G
13 333 16571 O
257 286 16695 R
168 317 16552 O
1 48 16293 I
32 81 16532 Y
77 161 16658 V
76 85 16261 O
314 328 16687 Y
77 129 16505 B
205 227 16338 B
146 307 16750 I
165 214 16344 V
74 120 16510 B
22 309 16421 R
30 335 16512 O
28 39 16766 G
153 290 16283 O
99 205 16514 O
33 293 16291 Y
200 285 16317 G
134 217 16570 R
116 207 16528 R
84 226 16748 B
19 87 16759 V
10 238 16382 V
148 329 16719 Y
215 248 16677 G
8 275 16357 B
139 333 16330 Y
179 316 16327 R
6 17 16498 B
41 269 16348 R
302 319 16500 B
183 200 16539 G
239 305 16325 Y
151 302 16348 O
10 338 16631 G
279 310 16582 I
34 215 16548 B
21 88 16692 O
33 174 16272 B
198 288 16536 V
175 291 16346 G
91 249 16605 I
152 260 16302 O
292 340 16806 Y
23 222 16719 G
18 336 16375 Y
125 133 16719 I
13 173 16607 V
167 217 16641 I
15 311 16577 B
107 108 16544 R
48 135 16578 Y
124 325 16591 O
131 215 16637 B
132 182 16761 Y
25 99 16535 B
196 338 16388 B
183 318 16311 Y
85 299 16767 I
80 153 16468 I
34 249 16273 G
85 173 16301 O
97 292 16459 O
137 177 16434 I
216 329 16541 V
40 238 16778 O
221 275 16759 I
226 258 16488 Y
61 252 16607 B
86 198 16710 O
162 300 16612 R
147 197 16803 B
38 47 16794 Y
254 316 16608 O
118 308 16584 Y
205 279 16712 V
17 91 16473 Y
88 273 16505 V
10 282 16350 I
180 203 16683 R
152 211 16299 I
222 268 16332 B
142 160 16744 I
55 318 16799 V
168 215 16520 B
138 228 16587 R
27 28 16595 R
153 254 16261 I
93 147 16610 I
152 275 16707 B
201 210 16359 I
253 263 16689 Y
127 144 16758 V
261 297 16261 B
93 134 16685 I
108 191 16573 G
157 178 16309 O
208 337 16390 I
109 324 16452 R
143 223 16768 O
120 141 16693 V
255 299 16620 V
326 342 16325 I
31 161 16493 B
94 282 16433 G
159 330 16522 G
140 250 16551 Y
31 227 16602 G
57 69 16628 O
55 269 16289 B
38 128 16266 G
22 298 16280 I
147 239 16547 Y
152 259 16728 I
32 40 16564 I
48 281 16544 Y
205 272 16595 B
236 284 16558 I
269 297 16778 I
161 272 16476 V
36 331 16762 O
4 257 16352 V
94 112 16761 R
233 261 16383 I
81 301 16532 V
36 286 16610 R
113 329 16382 Y
4 104 16644 G
124 333 16562 O
43 297 16281 I
83 226 16742 O
79 100 16742 Y
135 154 16485 V
87 108 16402 G
94 300 16634 G
180 271 16636 B
162 229 16327 R
108 152 16368 R
36 320 16312 I
187 293 16490 O
30 339 16327 B
84 313 16507 O
143 212 16592 I
134 153 16569 I
194 248 16443 Y
161 226 16736 V
109 302 16663 G
141 244 16771 Y
182 287 16373 V
149 333 16379 R
178 180 16724 G
87 160 16544 O
53 315 16745 B
119 252 16294 V
20 309 16752 Y
172 334 16300 O
80 265 16486 V
123 318 16330 I
43 239 16667 V
181 279 16774 B
95 192 16486 R
58 197 16550 B
95 230 16477 V
51 193 16460 B
258 332 16686 Y
17 269 16502 Y
49 143 16698 V
181 302 16538 B
39 88 16487 R
20 187 16724 O
72 255 16485 I
94 103 16599 Y
75 322 16319 R
224 243 16764 V
129 297 16683 B
92 318 16277 I
67 293 16358 O
149 197 16265 O
17 117 16297 G
162 204 16524 G
69 272 16342 Y
177 289 16283 R
147 286 16613 G
306 308 16330 Y
192 328 16351 Y
51 321 16756 R
141 315 16791 O
133 262 16427 G
216 336 16672 R
14 217 16324 R
131 140 16730 I
89 179 16666 O
263 312 16414 I
199 222 16772 B
38 45 16444 B
63 183 16431 O
26 285 16411 Y
38 246 16264 B
101 304 16266 Y
66 235 16280 V
228 257 16644 V
34 244 16468 V
159 233 16722 G
98 332 16509 O
115 197 16281 G
312 336 16781 G
133 134 16534 R
122 126 16305 Y
44 260 16444 O
20 198 16337 G
25 224 16736 B
218 260 16323 G
270 291 16717 G
68 286 16418 B
263 322 16556 R
195 285 16554 Y
148 309 16489 B
34 259 16316 V
7 240 16434 Y
15 17 16739 B
278 319 16434 B
9 83 16564 R
147 262 16317 O
95 252 16650 O
31 33 16312 Y
55 326 16758 Y
64 112 16332 B
176 209 16700 V
108 302 16571 V
257 293 16626 I
178 186 16287 B
30 302 16278 O
118 297 16722 Y
30 337 16318 B
29 266 16656 B
207 256 16706 R
197 258 16261 O
201 338 16767 G
281 282 16409 V
122 226 16608 G
174 269 16798 B
23 39 16534 V
29 227 16581 R
23 294 16596 O
100 342 16291 V
207 263 16485 V
168 208 16650 B
208 226 16559 O
246 342 16306 V
203 245 16561 I
177 321 16269 O
131 255 16743 I
252 320 16391 R
76 310 16782 G
4 292 16729 R
104 126 16730 Y
93 220 16547 I
205 213 16331 R
80 289 16520 Y
102 333 16640 G
3 309 16520 Y
87 117 16610 V
158 329 16781 B
297 342 16323 V
212 236 16733 Y
202 295 16769 V
89 151 16284 B
242 272 16750 R
30 321 16483 Y
187 241 16807 G
29 280 16335 G
177 287 16505 B
44 114 16522 G
144 281 16296 V
8 299 16380 B
47 285 16657 G
150 185 16425 G
97 334 16336 Y
240 307 16415 O
193 209 16728 G
97 272 16560 I
274 335 16637 V
96 277 16485 V
78 120 16679 O
151 310 16293 I
102 283 16513 R
138 161 16283 O
246 322 16634 B
181 308 16462 G
94 168 16768 O
110 260 16469 B
253 304 16402 R
49 336 16462 V
234 339 16755 I
35 215 16703 I
73 223 16793 I
184 295 16662 I
138 274 16332 R
149 256 16783 B
58 239 16616 R
132 310 16700 V
272 333 16373 R
37 204 16610 I
39 223 16703 B
120 315 16781 G
35 111 16369 Y
293 302 16536 V
186 195 16743 R
150 171 16539 I
36 42 16563 V
146 321 16595 V
33 163 16348 I
110 342 16606 O
244 257 16605 I
107 266 16551 O
39 175 16596 G
85 260 16775 Y
205 217 16788 B
108 203 16607 V
113 197 16624 Y
51 335 16590 G
82 116 16385 O
17 54 16795 Y
132 235 16291 Y
215 293 16678 G
107 308 16315 R
26 289 16384 O
219 265 16786 O
137 258 16457 I
41 276 16742 O
206 235 16665 G
81 178 16686 B
162 221 16477 B
257 323 16604 G
27 94 16375 R
45 328 16768 G
82 280 16721 Y
50 185 16276 V
35 313 16572 B
155 273 16391 O
6 114 16416 Y
68 108 16453 B
241 300 16319 G
162 319 16627 Y
53 186 16311 I
117 244 16789 B
222 297 16369 R
79 182 16311 Y
48 243 16553 G
88 103 16649 V
22 106 16292 B
30 162 16325 G
92 118 16444 Y
266 331 16524 O
183 222 16316 G
171 341 16757 B
279 319 16696 B
13 88 16476 B
34 120 16594 Y
301 304 16269 G
81 209 16528 G
81 90 16460 R
223 317 16453 B
71 218 16693 G
25 322 16443 V
266 308 16464 I
217 248 16722 Y
1 297 16693 I
145 196 16307 B
46 211 16319 Y
89 137 16759 R
114 219 16576 V
23 235 16746 R
100 294 16263 B
54 132 16464 G
234 340 16787 R
330 340 16703 V
63 294 16402 O
62 261 16276 G
88 101 16367 R
193 229 16320 Y
93 144 16639 O
254 259 16265 G
36 184 16499 Y
130 132 16644 V
188 332 16380 B
311 336 16764 R
23 51 16290 G
79 115 16323 R
33 151 16586 B
157 183 16317 Y
55 324 16388 I
217 321 16644 V
215 250 16452 B
80 306 16394 I
78 155 16519 B
77 300 16361 O
104 328 16464 R
29 128 16619 I
150 218 16518 G
59 217 16708 V
57 77 16487 G
141 160 16533 Y
159 296 16565 O
278 306 16326 G
146 277 16271 R
134 173 16412 V
83 221 16304 V
2 177 16467 V
19 319 16759 Y
173 288 16429 Y
20 138 16516 G
96 140 16420 I
34 246 16286 G
176 312 16362 Y
100 156 16410 G
61 248 16328 B
54 317 16802 O
196 204 16612 R
158 224 16802 I
181 290 16731 Y
93 313 16430 V
134 314 16624 V
103 203 16503 I
23 86 16413 R
24 328 16292 B
270 301 16761 O
236 248 16273 Y
133 286 16353 V
7 64 16387 V
140 330 16530 Y
46 104 16759 B
20 182 16655 O
89 277 16735 V
120 282 16390 V
20 297 16800 I
133 269 16421 G
14 194 16587 B
104 276 16454 G
86 324 16261 I
117 172 16500 G
44 301 16657 Y
39 173 16567 R
60 161 16612 R
145 297 16408 O
81 84 16346 G
5 152 16691 Y
12 98 16788 O
78 305 16627 Y
306 341 16378 B
96 241 16578 O
70 239 16345 I
71 154 16377 G
75 201 16283 Y
244 277 16468 B
62 263 16573 O
129 192 16396 B
71 260 16681 I
31 66 16410 B
2 228 16391 R
279 325 16386 R
173 214 16572 V
248 296 16392 R
246 316 16718 O
149 341 16345 I
165 210 16531 I
29 203 16793 G
56 210 16396 B
233 276 16549 B
244 320 16309 Y
68 300 16613 G
92 276 16405 R
42 58 16521 V
113 338 16274 B
93 206 16714 Y
86 154 16477 Y
41 210 16500 I
14 251 16516 R
138 257 16667 I
118 338 16619 Y
48 102 16770 Y
132 180 16653 I
198 228 16643 G
33 117 16640 B
91 266 16517 I
233 269 16264 I
12 222 16657 V
246 276 16732 G
59 60 16370 O
135 218 16558 G
252 274 16289 O
170 279 16725 I
126 240 16633 O
59 86 16632 V
1 16 16378 B
33 296 16329 O
280 313 16442 O
162 241 16641 I
103 174 16730 R
125 231 16462 Y
113 155 16356 I
32 43 16396 I
247 266 16443 O
142 218 16294 B
170 186 16560 I
136 296 16330 V
197 259 16430 I
123 329 16398 B
37 115 16439 R
199 276 16422 B
106 200 16430 B
96 313 16359 R
86 263 16494 Y
115 183 16528 Y
34 338 16590 R
36 237 16434 I
6 307 16308 R
117 239 16386 G
16 288 16643 R
160 265 16382 Y
106 342 16586 R
29 223 16616 R
55 100 16660 R
39 44 16571 Y
172 269 16319 V
95 261 16659 R
134 268 16722 O
26 150 16782 O
126 251 16287 Y
53 131 16294 Y
33 301 16700 I
29 103 16546 V
103 212 16467 V
10 66 16442 O
119 166 16402 I
53 302 16664 V
118 326 16569 B
128 298 16548 G
173 179 16577 I
55 321 16633 B
37 154 16580 I
40 144 16454 I
148 301 16621 I
35 204 16628 R
7 97 16306 R
56 175 16596 V
104 208 16479 B
212 297 16590 Y
144 308 16611 G
42 98 16442 R
123 234 16741 V
131 149 16558 I
62 236 16479 G
32 59 16321 O
274 340 16674 Y
9 220 16505 V
61 257 16538 G
269 307 16436 R
132 273 16291 V
91 263 16277 O
129 163 16606 O
263 269 16724 V
27 69 16487 O
16 107 16448 V
183 250 16467 B
319 326 16739 V
142 214 16601 B
231 336 16761 O
15 58 16773 G
120 244 16672 V
140 225 16694 Y
95 147 16759 O
125 241 16655 Y
78 106 16791 G
155 278 16289 I
36 259 16764 B
221 251 16634 R
261 322 16564 R
3 151 16751 Y
27 58 16332 O
294 323 16398 R
66 107 16616 G
160 285 16321 O
118 259 16301 R
204 297 16355 I
186 325 16764 O
17 294 16552 I
252 266 16302 O
280 331 16794 G
69 264 16271 B
244 313 16392 V
120 133 16367 R
187 295 16773 V
82 219 16496 Y
121 142 16532 G
145 160 16616 V
270 288 16778 O
1 194 16737 B
276 326 16333 G
2 301 16805 I
63 126 16672 R
217 282 16396 G
43 185 16322 G
61 153 16556 Y
199 282 16347 R
37 252 16687 V
181 336 16695 O
8 301 16523 B
66 233 16729 G
167 238 16433 V
118 182 16787 V
27 228 16404 R
179 227 16331 G
230 263 16461 I
296 336 16740 V
23 207 16332 G
68 157 16475 B
82 246 16643 Y
90 312 16616 V
6 190 16333 V
60 337 16609 Y
73 141 16319 B
103 238 16615 B
203 255 16791 I
241 302 16632 B
19 121 16461 V
70 331 16424 R
288 303 16769 V
101 247 16732 G
267 294 16601 R
54 158 16372 B
42 77 16380 V
166 275 16617 V
37 125 16636 I
325 335 16795 I
37 334 16785 Y
89 124 16609 Y
89 164 16619 V
46 176 16410 I
89 328 16602 G
89 272 16701 I
60 318 16649 V
36 217 16327 G
147 220 16356 Y
83 160 16769 B
179 328 16521 R
94 336 16643 R
12 249 16491 B
248 341 16382 G
28 107 16803 O
49 330 16698 B
111 342 16769 G
72 287 16483 R
183 219 16379 V
184 256 16771 V
116 268 16293 G
160 240 16719 O
33 46 16484 G
76 309 16543 B
187 197 16760 R
257 304 16652 I
143 147 16574 V
195 200 16328 B
286 320 16288 Y
140 316 16272 Y
19 184 16657 R
70 91 16695 O
114 124 16265 O
260 273 16355 V
9 128 16655 O
56 170 16621 G
139 322 16571 O
36 279 16291 Y
317 326 16746 O
92 284 16632 G
283 295 16287 I
71 147 16499 R
68 214 16577 Y
3 21 16486 G
27 81 16498 O
60 300 16653 Y
66 98 16355 G
35 262 16438 V
39 301 16771 B
116 202 16602 O
70 157 16351 I
198 255 16426 G
154 293 16295 I
88 91 16428 V
55 140 16660 Y
142 279 16434 B
57 176 16754 R
49 287 16461 R
56 89 16331 I
163 283 16499 R
82 107 16292 Y
185 268 16513 O
5 320 16618 B
42 129 16455 R
95 205 16719 R
80 267 16315 O
82 177 16805 B
193 204 16514 B
33 307 16694 B
104 198 16652 I
199 300 16701 Y
114 294 16539 V
12 290 16298 V
128 248 16630 R
151 178 16272 I
270 279 16622 R
296 318 16436 B
112 190 16331 R
164 272 16638 B
60 93 16794 R
256 271 16802 I
80 279 16692 Y
37 290 16365 Y
303 316 16776 V
140 309 16462 I
149 327 16765 O
68 238 16757 O
4 59 16703 G
269 299 16477 G
122 279 16770 V
161 248 16729 Y
170 200 16784 O
51 152 16652 O
82 85 16699 V
271 334 16739 O
44 191 16549 Y
118 313 16507 G
280 327 16805 O
23 283 16352 Y
1 12 16321 Y
76 116 16670 Y
152 208 16605 B
137 179 16664 O
22 95 16551 R
133 308 16765 B
132 336 16676 G
23 220 16414 B
104 264 16560 I
105 113 16738 O
50 192 16731 O
69 103 16275 Y
53 175 16615 Y
57 83 16354 O
151 259 16773 B
77 317 16393 I
78 117 16807 O
100 222 16759 O
194 245 16649 O
135 157 16622 G
241 242 16445 I
221 250 16448 B
240 323 16669 B
302 336 16432 Y
23 89 16426 I
80 295 16703 Y
120 311 16766 I
282 335 16549 O
117 223 16355 G
196 258 16559 G
38 221 16367 V
13 27 16282 B
213 257 16637 G
132 146 16345 G
90 155 16390 I
31 203 16652 O
70 106 16571 I
46 259 16673 Y
291 312 16632 I
34 75 16617 G
167 245 16340 V
122 254 16287 G
281 289 16578 O
152 196 16505 O
82 110 16748 G
3 254 16386 O
73 177 16702 O
42 119 16561 B
121 208 16710 R
61 159 16804 I
109 207 16373 O
89 301 16618 I
74 233 16305 G
212 290 16341 Y
176 267 16346 I
295 341 16385 I
69 197 16576 I
211 305 16714 G
168 290 16802 V
65 74 16700 Y
104 176 16514 O
35 184 16384 V
84 311 16289 Y
104 131 16609 Y
91 264 16687 R
88 216 16275 V
46 260 16300 R
147 204 16484 Y
49 290 16370 O
16 17 16354 O
18 45 16683 Y
58 165 16331 V
180 342 16323 O
1 341 16550 V
129 248 16644 G
36 121 16622 G
165 263 16702 V
97 329 16305 I
186 190 16300 V
203 246 16749 I
14 196 16527 V
21 68 16375 V
12 173 16783 V
154 257 16433 G
140 192 16712 Y
277 333 16668 Y
264 302 16265 B
100 111 16314 Y
88 170 16449 V
70 284 16626 V
14 128 16630 I
142 293 16495 Y
8 98 16794 V
95 102 16701 Y
2 43 16623 I
264 340 16375 Y
148 343 16323 Y
132 276 16710 V
93 99 16593 R
221 276 16411 I
4 314 16737 I
223 292 16370 R
176 193 16329 Y
46 96 16784 V
183 269 16530 G
48 155 16502 I
73 215 16700 R
47 262 16500 I
122 333 16582 O
173 185 16646 I
151 241 16689 I
40 210 16807 Y
181 327 16764 V
100 338 16569 B
118 224 16716 V
221 242 16622 Y
140 201 16640 V
70 285 16618 Y
33 110 16525 I
84 117 16522 V
12 123 16445 O
192 338 16588 R
28 79 16608 Y
155 215 16614 I
62 316 16423 G
22 131 16557 Y
61 286 16408 R
14 235 16286 V
222 298 16768 V
66 152 16779 R
122 237 16778 Y
228 238 16336 B
199 325 16617 B
38 117 16715 V
55 127 16387 I
240 321 16301 V
11 110 16537 I
51 126 16590 G
102 259 16556 R
17 33 16385 Y
42 81 16367 R
179 224 16486 Y
259 329 16323 V
153 181 16560 G
169 184 16343 O
22 194 16670 O
109 142 16300 G
64 244 16738 V
185 273 16325 Y
113 294 16268 Y
139 146 16682 O
44 257 16267 Y
268 277 16436 V
111 144 16570 I
158 235 16667 I
97 214 16683 I
158 257 16634 O
167 310 16473 O
202 335 16678 Y
137 200 16422 I
146 215 16765 O
38 192 16685 O
132 193 16297 G
283 284 16776 I
51 179 16510 Y
116 197 16683 R
252 261 16417 O
18 55 16794 Y
116 249 16492 V
149 257 16438 B
81 248 16776 G
28 84 16418 B
94 157 16401 I
241 252 16306 Y
163 322 16288 O
17 46 16341 Y
76 154 16726 Y
202 270 16704 Y
52 225 16553 O
20 189 16552 O
239 265 16529 O
80 263 16787 Y
170 211 16551 Y
32 41 16522 G
246 262 16462 I
132 223 16789 G
211 273 16775 Y
190 294 16643 I
232 240 16542 I
140 219 16799 O
30 168 16648 I
162 238 16722 O
8 303 16442 V
15 271 16735 I
3 232 16416 O
84 292 16655 O
100 168 16274 I
39 233 16392 R
94 97 16488 Y
30 79 16538 O
205 235 16492 V
102 156 16292 O
109 242 16469 B
177 333 16451 O
245 325 16528 B
81 286 16489 O
146 167 16520 V
9 79 16294 R
321 337 16641 O
81 239 16749 B
193 203 16510 R
54 55 16721 R
239 315 16617 O
5 151 16499 Y
121 338 16766 O
166 201 16321 R
168 286 16661 I
58 223 16487 O
158 200 16589 B
137 172 16649 R
34 208 16349 R
45 49 16278 Y
158 240 16378 R
194 266 16457 V
43 208 16754 I
55 247 16306 I
281 340 16515 B
8 214 16325 O
57 141 16743 V
187 191 16313 B
284 342 16661 B
127 199 16628 Y
37 279 16344 G
56 233 16286 G
124 237 16789 R
229 256 16546 Y
170 300 16299 I
204 279 16670 O
107 177 16615 I
31 168 16464 B
139 337 16628 V
29 343 16393 B
213 288 16409 V
57 89 16411 B
81 245 16750 R
166 278 16636 Y
82 229 16652 V
1 343 16599 I
16 166 16613 R
135 158 16372 V
121 176 16789 R
138 148 16584 G
138 179 16522 G
120 249 16748 I
192 246 16550 B
8 242 16658 Y
164 264 16462 V
184 239 16541 R
109 282 16502 V
168 312 16622 R
145 277 16438 Y
143 181 16517 I
115 190 16562 I
190 205 16330 V
98 200 16483 I
61 244 16408 I
215 289 16723 R
13 144 16358 R
83 248 16656 V
121 153 16442 G
91 338 16528 G
212 230 16427 I
133 311 16583 V
67 145 16542 R
211 269 16363 R
2 315 16673 I
259 271 16298 V
181 239 16770 I
6 101 16744 R
309 324 16710 Y
13 150 16384 B
322 326 16714 V
61 284 16719 Y
98 276 16297 V
68 294 16495 I
83 144 16696 V
148 193 16682 Y
12 189 16767 O
132 151 16542 B
93 125 16422 R
14 172 16752 Y
7 106 16525 Y
223 329 16716 B
77 124 16536 G
174 227 16327 O
10 297 16733 I
240 325 16499 V
71 207 16505 B
203 278 16303 I
94 314 16310 B
81 238 16359 I
48 299 16657 O
50 182 16711 R
70 256 16634 Y
98 179 16422 B
92 106 16785 I
107 291 16382 O
199 233 16765 V
40 88 16321 I
143 203 16436 Y
35 115 16773 B
17 150 16583 V
176 257 16546 B
99 246 16498 Y
290 341 16386 G
81 204 16534 G
28 260 16564 Y
89 104 16604 I
11 175 16509 I
141 192 16357 R
153 310 16273 Y
86 299 16585 V
204 306 16412 Y
199 247 16586 O
21 91 16510 V
33 336 16471 R
241 280 16524 V
91 162 16764 Y
18 119 16664 G
23 32 16803 B
56 74 16571 O
106 153 16513 V
78 149 16762 Y
36 212 16570 R
104 117 16715 B
92 141 16590 V
254 276 16705 Y
63 121 16534 G
216 284 16555 R
227 301 16614 Y
15 304 16715 V
165 286 16665 V
175 266 16386 Y
34 239 16805 R
12 289 16262 B
80 136 16449 R
142 229 16555 V
20 98 16465 V
182 214 16566 G
71 92 16675 V
134 276 16336 O
196 310 16426 R
167 287 16666 R
55 129 16728 R
275 326 16440 V
50 336 16280 O
232 276 16625 V
158 264 16445 I
24 52 16437 Y
20 257 16574 I
210 260 16556 B
163 281 16521 V
246 270 16263 V
243 312 16525 Y
112 315 16738 B
51 139 16317 I
219 248 16386 R
110 246 16696 V
135 225 16742 G
227 312 16383 V
224 280 16566 I
109 230 16615 O
169 261 16499 Y
94 326 16622 B
35 243 16306 O
138 288 16531 O
177 329 16343 V
103 240 16649 I
38 118 16734 I
206 277 16642 I
79 140 16371 R
28 217 16772 Y
61 305 16276 R
36 267 16635 B
153 235 16515 O
74 107 16649 B
323 326 16379 Y
105 283 16441 B
124 247 16751 O
153 271 16777 O
47 104 16512 O
187 203 16751 G
180 281 16344 I
272 339 16717 O
42 243 16568 Y
134 291 16294 R
188 273 16461 O
12 50 16719 O
155 301 16580 V
115 165 16378 Y
52 158 16745 O
123 271 16460 B
40 305 16331 O
18 42 16758 Y
15 220 16387 V
58 84 16333 B
228 274 16524 B
119 146 16519 Y
75 323 16352 V
138 289 16791 R
101 123 16599 B
20 186 16349 G
186 328 16704 B
277 314 16355 B
56 289 16279 B
278 318 16314 Y
24 238 16649 G
17 144 16342 Y
36 214 16444 V
111 120 16434 I
113 156 16620 V
141 249 16310 V
23 236 16583 O
91 217 16729 I
25 76 16269 I
56 302 16350 Y
234 281 16300 O
131 239 16266 O
16 261 16530 G
4 267 16729 Y
192 235 16535 Y
65 255 16479 Y
5 263 16401 R
42 76 16712 B
76 177 16401 O
161 169 16689 R
268 318 16358 O
247 317 16261 Y
11 94 16444 R
84 215 16579 I
143 166 16346 B
134 253 16447 I
297 321 16285 G
154 231 16583 G
229 275 16343 V
47 292 16704 I
57 127 16699 Y
171 255 16600 B
133 301 16298 B
75 135 16702 G
19 291 16653 V
97 242 16564 V
93 195 16793 O
150 231 16689 Y
4 194 16504 G
76 338 16670 B
102 285 16389 I
187 192 16483 Y
172 243 16280 G
150 211 16697 R
71 99 16313 G
9 222 16353 V
25 123 16734 G
175 199 16321 V
84 146 16479 B
132 343 16360 I
63 88 16310 Y
119 320 16289 G
211 222 16577 V
323 336 16343 I
181 252 16535 B
314 332 16295 V
86 242 16509 V
14 121 16371 O
287 336 16558 I
208 283 16770 I
23 268 16653 O
121 229 16695 V
108 254 16572 O
54 289 16650 B
214 274 16658 Y
297 303 16623 O
134 207 16480 O
73 212 16776 Y
57 137 16479 R
97 330 16371 V
68 83 16707 R
135 143 16429 I
43 255 16425 Y
134 328 16741 Y
106 138 16351 R
187 308 16409 Y
245 247 16586 V
62 124 16658 O
116 311 16634 O
102 240 16788 G
61 199 16704 G
45 223 16350 Y
222 267 16395 R
28 38 16737 G
38 86 16767 Y
14 184 16743 B
161 219 16713 B
160 335 16505 R
63 297 16297 I
289 316 16265 I
231 326 16432 O
43 45 16505 Y
115 321 16268 I
161 314 16512 G
50 158 16754 V
278 329 16794 V
155 180 16602 V
1 137 16458 Y
55 215 16757 R
41 242 16595 I
113 118 16575 Y
97 260 16302 V
52 331 16783 I
173 322 16726 I
173 202 16308 G
73 331 16652 Y
63 335 16381 I
62 327 16655 R
46 239 16349 B
16 105 16795 I
78 318 16262 V
140 288 16680 G
73 252 16494 B
157 180 16574 V
202 278 16326 V
197 295 16655 I
44 67 16362 R
65 301 16547 Y
25 266 16359 O
111 295 16709 O
25 218 16491 B
279 321 16789 G
214 272 16772 G
121 237 16791 Y
219 233 16426 G
123 219 16574 V
234 236 16351 R
306 310 16721 O
40 113 16610 B
265 324 16712 G
123 303 16331 V
57 99 16406 G
98 239 16471 V
43 126 16501 V
14 286 16672 B
133 264 16434 I
9 315 16531 G
59 261 16560 V
280 323 16785 B
218 289 16266 I
53 338 16621 Y
98 124 16513 G
140 307 16262 R
118 228 16795 I
194 221 16359 O
89 313 16332 B
16 178 16641 O
245 331 16738 R
40 220 16331 I
49 227 16300 I
96 126 16489 Y
318 327 16782 B
45 256 16709 G
261 311 16316 O
121 137 16361 I
103 343 16507 R
260 292 16406 O
51 210 16605 G
90 108 16616 G
180 242 16424 V
61 135 16511 Y
163 201 16638 O
101 303 16428 I
73 214 16289 O
1 60 16464 I
11 76 16633 G
104 123 16783 V
106 309 16535 I
214 226 16348 I
111 127 16416 I
86 320 16529 G
31 159 16411 Y
206 266 16720 R
53 121 16730 O
47 148 16477 O
52 100 16439 R
168 297 16699 B
26 124 16458 I
209 261 16313 R
140 306 16673 V
122 316 16649 G
173 217 16710 V
233 266 16364 O
76 214 16482 G
64 242 16729 V
255 288 16505 R
17 169 16292 Y
191 278 16756 O
78 175 16503 R
37 258 16333 Y
171 209 16415 I
76 189 16342 O
55 133 16574 Y
17 65 16743 V
165 177 16671 V
137 217 16758 Y
217 311 16625 G
15 32 16520 Y
198 200 16375 Y
50 290 16565 V
113 214 16616 I
120 272 16326 R
108 306 16660 R
210 272 16340 Y
38 324 16282 V
15 266 16401 I
175 225 16618 Y
130 223 16677 V
50 66 16791 R
129 318 16590 Y
60 251 16432 O
130 264 16639 R
290 295 16388 O
146 303 16787 B
123 339 16351 Y
157 158 16768 R
29 173 16709 V
8 291 16438 B
152 246 16656 V
116 201 16745 Y
235 274 16668 G
70 194 16323 R
61 90 16677 G
47 215 16465 Y
73 282 16564 Y
150 289 16515 G
170 224 16477 V
314 326 16539 Y
24 163 16262 V
118 269 16586 G
258 285 16277 R
108 132 16272 I
171 281 16473 Y
298 309 16468 V
127 278 16393 V
100 332 16642 R
28 50 16479 G
45 228 16509 V
75 85 16398 V
79 180 16580 G
1 312 16581 G
119 208 16337 Y
162 189 16628 O
99 296 16357 G
65 80 16455 G
277 325 16616 G
109 172 16368 I
211 292 16665 G
114 196 16807 O
81 207 16345 G
193 202 16786 G
62 122 16267 B
248 305 16639 V
136 278 16713 G
153 245 16525 G
68 220 16376 R
201 283 16514 R
100 254 16607 O
252 277 16401 G
148 262 16721 Y
233 311 16362 Y
230 334 16515 V
20 212 16720 B
16 20 16807 V
63 300 16268 B
225 233 16382 R
52 197 16408 O
110 297 16515 G
70 109 16579 B
290 339 16423 R
37 144 16389 O
65 116 16529 I
90 237 16617 I
11 174 16631 R
213 275 16363 O
180 229 16446 V
292 313 16573 B
171 271 16399 V
116 308 16379 O
100 218 16725 B
102 249 16421 R
1 140 16312 B
32 237 16477 G
147 247 16653 V
26 190 16566 B
309 336 16458 R
150 243 16347 R
142 217 16652 Y
48 223 16575 R
47 219 16655 V
141 279 16498 V
249 334 16421 B
147 275 16539 Y
157 342 16609 V
26 145 16312 V
67 287 16789 R
104 305 16732 O
15 320 16558 Y
118 127 16414 I
73 125 16626 O
129 211 16730 R
70 265 16784 G
129 195 16730 Y
75 146 16730 G
127 285 16434 R
14 115 16457 R
40 154 16757 G
113 270 16267 B
115 284 16645 B
72 196 16410 V
261 267 16324 R
126 188 16492 R
90 334 16366 I
163 246 16545 G
86 177 16433 R
64 160 16636 G
37 209 16361 O
42 121 16376 Y
149 286 16763 O
19 200 16416 B
174 285 16306 Y
239 317 16551 I
244 291 16596 B
15 103 16270 R
129 271 16401 V
120 260 16731 V
155 213 16499 G
14 107 16418 V
40 174 16560 B
39 154 16474 G
258 270 16550 I
39 86 16690 V
42 146 16492 R
18 61 16511 Y
65 167 16482 Y
93 196 16403 Y
203 316 16540 V
22 316 16485 Y
12 108 16669 V
132 277 16789 O
101 214 16776 O
34 219 16463 G
185 291 16269 V
144 206 16530 I
116 341 16629 B
167 340 16649 R
127 145 16365 O
112 299 16725 R
63 301 16658 O
112 332 16521 R
40 78 16774 I
97 202 16382 O
122 248 16313 G
151 286 16573 B
50 133 16656 G
56 129 16542 B
146 329 16649 V
138 175 16378 G
268 280 16265 I
188 229 16747 R
63 122 16307 O
189 318 16635 R
44 78 16662 O
23 277 16606 G
60 116 16440 Y
58 171 16373 V
211 319 16701 I
197 199 16599 Y
163 260 16624 G
241 246 16735 I
104 232 16658 I
12 260 16478 G
163 288 16493 G
35 207 16629 G
105 232 16607 V
1 88 16424 V
13 316 16523 B
251 267 16765 G
195 230 16692 R
24 285 16571 R
123 248 16699 O
30 49 16693 I
130 213 16587 G
193 225 16536 G
173 212 16354 R
71 291 16375 I
10 24 16680 O
239 249 16732 Y
43 289 16343 O
177 243 16533 R
37 233 16617 O
53 147 16703 I
5 296 16566 I
115 203 16267 Y
140 336 16509 R
200 338 16354 R
56 99 16633 B
27 102 16685 R
70 100 16721 B
69 108 16541 B
41 248 16774 O
16 119 16553 G
89 248 16630 R
109 189 16504 I
141 142 16599 Y
36 161 16770 Y
107 273 16660 Y
130 247 16374 O
73 182 16473 V
177 250 16481 R
145 250 16339 R
131 201 16800 O
26 212 16451 B
22 72 16780 B
110 196 16553 O
107 228 16689 Y
124 207 16330 I
252 332 16764 O
184 257 16794 G
126 314 16516 G
35 48 16679 R
12 272 16701 Y
44 218 16774 G
126 194 16695 I
61 155 16658 I
57 290 16660 R
98 307 16482 G
22 34 16547 I
63 114 16635 G
45 325 16420 B
266 327 16538 Y
204 274 16460 Y
21 283 16400 R
19 49 16439 I
8 69 16635 B
292 296 16497 G
161 266 16613 O
131 137 16551 I
182 281 16280 I
73 230 16724 B
30 258 16494 G
146 269 16568 G
193 323 16490 R
2 339 16651 V
167 317 16277 B
41 296 16351 Y
14 224 16489 I
2 286 16352 V
15 155 16479 I
78 322 16440 R
134 184 16744 I
166 196 16750 G
64 180 16380 G
112 336 16387 R
24 128 16444 B
139 318 16422 B
164 180 16337 O
227 337 16651 Y
40 96 16406 B
33 42 16801 G
132 148 16515 Y
86 132 16271 I
98 219 16599 O
93 305 16755 Y
16 132 16583 G
232 277 16561 V
3 142 16580 V
41 228 16689 I
10 207 16775 B
277 334 16521 V
267 274 16723 Y
21 235 16776 O
39 72 16299 Y
168 292 16715 R
39 136 16449 I
208 325 16686 I
93 155 16414 O
201 278 16369 I
243 339 16546 I
73 272 16616 B
55 185 16270 I
54 128 16720 G
98 315 16742 O
64 116 16731 I
240 336 16472 Y
113 223 16715 O
137 320 16272 B
73 295 16266 R
194 242 16610 O
52 221 16572 R
20 84 16749 G
84 321 16340 V
92 201 16772 V
144 278 16508 B
16 283 16744 B
157 176 16395 Y
243 254 16773 I
89 256 16588 R
113 249 16339 B
171 268 16634 I
142 256 16648 B
291 303 16705 V
221 271 16261 Y
95 161 16360 Y
187 270 16629 R
11 259 16635 Y
24 26 16272 B
308 309 16764 B
103 197 16339 B
30 342 16799 Y
189 202 16563 O
108 225 16457 G
82 314 16275 V
62 251 16340 G
12 343 16575 G
61 134 16592 Y
69 251 16485 Y
33 212 16699 B
205 224 16774 I
214 248 16354 B
68 287 16704 I
16 209 16671 R
62 104 16788 B
16 58 16531 V
164 228 16530 O
55 320 16760 I
182 316 16578 G
236 298 16564 V
119 275 16667 V
199 293 16737 O
9 256 16363 G
131 320 16714 R
10 273 16389 V
55 206 16321 I
214 313 16267 R
269 280 16389 O
41 119 16535 G
120 203 16417 R
286 317 16629 V
25 257 16270 O
29 205 16381 Y
55 252 16434 V
224 272 16424 Y
265 305 16297 G
247 262 16359 B
104 339 16418 R
53 342 16296 O
157 169 16791 Y
72 233 16518 B
31 101 16368 O
61 213 16491 B
81 234 16475 Y
141 254 16285 G
176 234 16622 I
208 334 16376 V
123 336 16765 Y
44 321 16627 V
102 111 16665 G
180 322 16651 O
87 237 16681 O
126 266 16468 B
77 309 16630 V
123 125 16343 V
235 301 16577 V
66 245 16602 R
9 51 16410 Y
133 321 16491 G
58 322 16325 O
132 339 16603 G
56 251 16587 V
55 336 16720 G
213 338 16459 I
189 310 16802 Y
33 238 16265 G
111 113 16496 R
110 186 16748 R
169 171 16481 R
88 164 16380 R
78 92 16407 V
162 239 16709 Y
44 198 16630 O
241 307 16736 R
59 237 16391 I
70 275 16709 I
252 265 16741 G
226 265 16641 Y
48 157 16295 B
74 309 16354 B
59 139 16539 B
7 158 16488 Y
91 128 16516 G
222 279 16538 I
111 232 16723 I
125 137 16564 R
36 74 16692 O
141 339 16268 R
70 181 16290 R
141 243 16485 V
56 63 16408 O
119 280 16544 I
14 229 16708 G
99 336 16668 Y
280 288 16473 O
14 40 16397 Y
145 146 16500 B
207 322 16779 O
197 198 16773 V
38 215 16534 G
18 268 16540 Y
236 327 16619 V
84 116 16279 G
26 329 16475 O
76 174 16557 I
11 312 16319 R
43 327 16530 B
121 309 16658 O
7 101 16675 O
210 320 16660 I
263 297 16416 G
180 222 16580 Y
33 94 16697 G
31 116 16768 R
269 272 16543 V
59 302 16476 Y
252 333 16414 Y
53 203 16673 O
53 130 16280 R
224 295 16464 R
49 325 16471 B
220 274 16428 I
98 318 16508 V
148 341 16620 Y
16 121 16301 Y
24 258 16734 B
102 241 16470 R
4 152 16777 B
158 258 16610 G
170 266 16451 G
101 306 16483 G
97 243 16361 G
141 206 16379 G
13 237 16666 V
7 169 16646 Y
97 200 16651 V
24 104 16468 O
45 178 16491 G
27 244 16627 Y
146 255 16556 B
161 203 16516 B
143 294 16608 V
80 340 16552 I
55 338 16629 G
232 267 16538 O
23 132 16686 G
6 56 16544 I
241 271 16607 R
27 71 16613 B
36 329 16448 G
151 288 16408 O
231 291 16681 O
13 82 16633 V
226 259 16375 R
26 201 16518 V
124 304 16752 Y
123 225 16533 I
48 242 16767 V
171 302 16630 G
170 257 16575 G
105 250 16333 Y
38 288 16697 O
78 228 16457 V
125 311 16508 I
18 106 16449 O
295 307 16345 G
116 121 16721 R
171 270 16722 B
177 182 16376 B
5 246 16687 G
88 307 16261 I
102 145 16407 R
16 186 16805 B
16 215 16357 G
303 305 16722 V
65 312 16590 I
295 339 16691 B
14 126 16433 Y
46 153 16534 Y
51 302 16402 R
99 122 16363 I
244 262 16389 G
18 50 16645 V
121 144 16774 Y
151 174 16621 Y
215 320 16470 B
208 270 16486 B
150 342 16507 O
12 61 16718 G
120 247 16419 I
19 110 16587 G
130 263 16718 V
59 211 16339 B
7 141 16485 V
57 143 16323 O
143 198 16442 O
133 180 16499 Y
307 322 16751 R
42 228 16608 G
7 45 16364 R
189 314 16666 I
204 221 16672 V
334 343 16508 I
28 169 16794 O
25 196 16585 I
167 174 16573 Y
190 230 16434 R
157 273 16326 Y
119 284 16748 Y
81 117 16310 G
27 90 16272 I
36 83 16376 O
87 182 16292 B
142 231 16313 O
122 309 16265 B
111 227 16604 I
