343 2374
22 324 16807 R
138 240 16807 V
206 237 16807 O
189 200 16807 O
206 252 16807 R
147 270 16807 V
104 313 16807 Y
239 289 16807 G
67 181 16807 V
76 160 16807 G
2 264 16807 V
58 298 16807 R
231 286 16807 Y
134 292 16807 B
186 207 16807 V
29 242 16807 G
202 288 16807 R
7 41 16807 I
156 313 16807 Y
23 55 16807 G
65 296 16807 I
184 305 16807 B
56 312 16807 O
13 105 16807 G
149 191 16807 G
115 342 16807 I
33 178 16807 I
149 207 16807 O
52 183 16807 B
92 159 16807 B
36 262 16807 Y
183 321 16807 V
139 166 16807 V
34 176 16807 V
192 242 16807 V
158 179 16807 R
184 334 16807 G
148 196 16807 B
17 93 16807 G
40 82 16807 O
11 143 16807 O
190 201 16807 G
67 297 16807 I
37 59 16807 B
84 158 16807 O
71 320 16807 G
254 298 16807 O
92 107 16807 B
176 223 16807 G
56 336 16807 I
53 102 16807 G
141 292 16807 O
15 290 16807 Y
147 179 16807 G
165 209 16807 Y
226 304 16807 B
123 227 16807 O
88 133 16807 I
16 242 16807 I
24 276 16807 G
70 111 16807 R
59 114 16807 R
273 297 16807 O
16 113 16807 V
117 252 16807 I
55 192 16807 O
131 217 16807 V
1 138 16807 B
121 141 16807 O
28 230 16807 O
34 112 16807 G
86 124 16807 I
35 183 16807 O
12 170 16807 G
138 249 16807 G
75 191 16807 Y
28 30 16807 I
264 342 16807 B
137 178 16807 B
1 312 16807 R
174 211 16807 O
7 74 16807 B
194 266 16807 G
330 333 16807 I
105 166 16807 I
125 134 16807 O
200 281 16807 O
138 330 16807 R
75 265 16807 V
64 293 16807 B
129 209 16807 V
57 292 16807 R
159 196 16807 G
15 91 16807 V
98 268 16807 I
27 83 16807 R
33 216 16807 R
30 192 16807 I
90 94 16807 B
254 283 16807 V
75 214 16807 V
166 324 16807 R
156 249 16807 I
264 301 16807 G
162 232 16807 R
16 262 16807 R
25 275 16807 V
26 110 16807 G
252 259 16807 B
190 279 16807 R
3 34 16807 Y
44 340 16807 G
220 251 16807 Y
99 136 16807 V
17 304 16807 O
152 273 16807 Y
12 320 16807 O
234 294 16807 O
193 255 16807 G
9 216 16807 R
232 331 16807 V
104 208 16807 Y
52 274 16807 Y
54 98 16807 V
5 92 16807 B
103 267 16807 B
272 340 16807 G
153 320 16807 V
169 341 16807 I
100 179 16807 I
98 324 16807 Y
31 232 16807 Y
99 239 16807 O
215 295 16807 R
144 335 16807 O
40 92 16807 V
67 273 16807 O
92 253 16807 O
110 184 16807 Y
249 313 16807 O
118 185 16807 B
16 149 16807 B
137 264 16807 Y
42 79 16807 B
53 196 16807 O
93 176 16807 G
136 256 16807 O
212 321 16807 V
19 303 16807 B
127 186 16807 O
32 333 16807 O
203 258 16807 V
12 78 16807 V
117 171 16807 R
19 162 16807 Y
168 318 16807 V
112 208 16807 R
10 23 16807 V
253 342 16807 Y
125 341 16807 G
116 205 16807 V
17 151 16807 B
26 74 16807 O
29 177 16807 V
119 219 16807 Y
276 308 16807 I
41 340 16807 O
26 216 16807 G
97 212 16807 G
224 266 16807 O
104 285 16807 O
161 330 16807 B
12 271 16807 O
175 252 16807 O
140 262 16807 O
135 158 16807 O
2 19 16807 V
88 343 16807 G
105 242 16807 G
150 288 16807 B
175 218 16807 O
178 303 16807 V
248 330 16807 I
14 204 16807 G
13 249 16807 R
105 286 16807 V
96 101 16807 V
53 211 16807 B
232 320 16807 V
56 276 16807 R
130 280 16807 V
151 227 16807 I
11 97 16807 B
104 173 16807 Y
5 270 16807 G
28 104 16807 O
59 165 16807 O
64 166 16807 Y
215 276 16807 I
146 301 16807 G
7 339 16807 I
82 201 16807 V
70 128 16807 O
34 208 16807 Y
114 234 16807 V
46 140 16807 I
50 266 16807 Y
227 241 16807 V
11 191 16807 O
42 304 16807 I
2 124 16807 V
61 306 16807 R
115 192 16807 G
72 246 16807 B
45 92 16807 O
77 92 16807 G
269 274 16807 R
173 281 16807 G
61 169 16807 I
40 114 16807 Y
156 275 16807 V
233 313 16807 G
128 143 16807 R
186 275 16807 B
20 248 16807 V
14 283 16807 R
233 272 16807 Y
169 192 16807 V
33 272 16807 V
1 230 16807 R
284 305 16807 G
33 261 16807 G
300 340 16807 R
47 322 16807 I
328 335 16807 V
74 290 16807 I
128 218 16807 R
155 218 16807 G
185 341 16807 Y
164 189 16807 B
200 264 16807 I
99 292 16807 O
139 183 16807 Y
183 232 16807 I
28 46 16807 V
136 158 16807 O
182 288 16807 G
140 234 16807 V
177 330 16807 B
223 343 16807 B
149 267 16807 G
138 301 16807 Y
93 197 16807 I
83 97 16807 I
59 172 16807 V
123 188 16807 G
71 303 16807 B
131 267 16807 B
222 304 16807 Y
128 225 16807 B
281 287 16807 O
197 242 16807 V
195 233 16807 Y
64 191 16807 G
82 136 16807 O
21 236 16807 R
323 337 16807 G
220 268 16807 R
108 185 16807 V
35 39 16807 V
151 171 16807 Y
26 45 16807 G
246 267 16807 R
51 334 16807 G
72 177 16807 O
329 335 16807 R
50 72 16807 O
5 43 16807 G
203 337 16807 I
54 90 16807 R
249 339 16807 O
164 299 16807 V
45 335 16807 B
183 226 16807 I
18 32 16807 R
53 342 16807 G
165 327 16807 O
37 109 16807 O
243 279 16807 R
2 102 16807 I
128 287 16807 B
42 215 16807 Y
173 202 16807 O
286 319 16807 B
34 287 16807 R
22 114 16807 V
15 194 16807 B
254 338 16807 B
185 260 16807 B
76 175 16807 G
66 145 16807 G
93 124 16807 R
262 326 16807 I
170 171 16807 V
135 138 16807 B
78 212 16807 G
127 311 16807 Y
160 260 16807 Y
14 236 16807 Y
65 77 16807 R
289 323 16807 B
58 291 16807 O
172 308 16807 Y
222 327 16807 I
123 266 16807 Y
203 251 16807 O
216 297 16807 V
95 308 16807 G
48 69 16807 G
255 263 16807 Y
149 334 16807 G
21 292 16807 Y
138 139 16807 I
29 250 16807 O
186 267 16807 I
177 210 16807 B
174 233 16807 B
187 238 16807 V
103 314 16807 G
93 117 16807 B
57 191 16807 O
209 306 16807 G
56 130 16807 I
177 194 16807 Y
142 217 16807 V
2 233 16807 I
51 224 16807 Y
10 323 16807 R
148 174 16807 B
163 187 16807 R
234 252 16807 I
66 229 16807 B
281 299 16807 B
63 334 16807 I
113 321 16807 O
213 305 16807 O
34 339 16807 Y
320 331 16807 Y
38 293 16807 O
4 146 16807 V
99 213 16807 B
23 315 16807 G
169 242 16807 I
127 249 16807 R
61 226 16807 Y
150 297 16807 V
61 67 16807 Y
205 256 16807 G
19 321 16807 Y
83 341 16807 R
30 285 16807 R
244 289 16807 O
52 108 16807 V
12 237 16807 G
33 249 16807 G
59 337 16807 R
93 180 16807 Y
229 307 16807 V
57 204 16807 Y
78 290 16807 O
192 217 16807 Y
22 176 16807 Y
129 315 16807 V
40 98 16807 G
69 328 16807 R
284 329 16807 G
218 343 16807 G
41 309 16807 R
166 200 16807 V
182 316 16807 I
304 333 16807 Y
192 239 16807 I
62 164 16807 V
169 199 16807 G
19 60 16807 V
236 315 16807 O
84 252 16807 G
173 206 16807 I
251 273 16807 I
73 292 16807 B
113 314 16807 B
84 276 16807 G
238 321 16807 V
55 77 16807 V
29 330 16807 G
79 309 16807 R
89 120 16807 R
3 72 16807 B
105 201 16807 I
116 314 16807 I
279 342 16807 V
71 215 16807 G
206 319 16807 B
223 339 16807 Y
193 343 16807 Y
47 312 16807 I
134 191 16807 Y
62 143 16807 R
72 197 16807 V
108 154 16807 R
213 243 16807 V
36 157 16807 V
49 235 16807 V
266 274 16807 I
94 191 16807 B
210 293 16807 G
267 294 16807 Y
92 300 16807 O
101 121 16807 B
97 341 16807 V
206 279 16807 R
142 162 16807 R
29 107 16807 Y
162 176 16807 G
69 144 16807 B
63 291 16807 V
123 200 16807 V
90 309 16807 B
50 228 16807 R
82 294 16807 Y
189 265 16807 R
76 264 16807 V
13 293 16807 B
208 289 16807 G
320 326 16807 G
149 304 16807 G
208 230 16807 Y
243 252 16807 R
52 262 16807 I
155 320 16807 R
14 99 16807 G
21 95 16807 R
91 289 16807 O
322 331 16807 R
117 202 16807 B
35 293 16807 I
126 210 16807 B
146 335 16807 Y
49 62 16807 G
144 184 16807 I
114 237 16807 G
63 238 16807 B
71 197 16807 B
118 191 16807 G
21 306 16807 B
45 341 16807 B
23 258 16807 Y
29 133 16807 B
224 316 16807 V
67 329 16807 V
143 180 16807 Y
162 279 16807 G
90 340 16807 B
13 25 16807 G
174 249 16807 V
124 280 16807 R
252 305 16807 R
132 292 16807 O
178 194 16807 R
86 264 16807 R
14 205 16807 R
13 98 16807 B
17 99 16807 V
278 313 16807 Y
285 323 16807 R
43 264 16807 O
235 250 16807 R
206 297 16807 Y
336 342 16807 B
55 238 16807 B
140 312 16807 B
64 218 16807 G
109 157 16807 O
35 178 16807 I
196 219 16807 V
125 266 16807 Y
129 216 16807 B
49 281 16807 V
194 222 16807 G
101 171 16807 Y
85 185 16807 V
82 282 16807 I
98 302 16807 R
91 123 16807 G
18 198 16807 B
330 342 16807 R
170 276 16807 V
94 177 16807 G
75 116 16807 I
74 159 16807 R
97 175 16807 V
209 329 16807 Y
60 63 16807 Y
134 269 16807 Y
248 323 16807 G
258 285 16807 V
109 289 16807 G
37 48 16807 R
28 342 16807 V
142 277 16807 O
185 278 16807 R
151 247 16807 I
11 131 16807 G
49 170 16807 B
160 292 16807 V
166 182 16807 R
39 260 16807 O
58 157 16807 G
194 229 16807 V
194 335 16807 G
106 267 16807 O
204 220 16807 O
80 252 16807 B
66 161 16807 Y
49 166 16807 R
181 315 16807 I
136 215 16807 R
11 214 16807 O
125 280 16807 I
57 74 16807 Y
48 170 16807 Y
252 327 16807 B
44 149 16807 V
93 123 16807 R
40 272 16807 R
43 130 16807 B
281 282 16807 Y
29 226 16807 Y
32 235 16807 O
248 337 16807 O
87 115 16807 I
24 34 16807 Y
324 330 16807 B
52 113 16807 R
142 288 16807 O
5 146 16807 G
54 79 16807 Y
244 304 16807 Y
245 248 16807 O
141 341 16807 B
72 272 16807 G
19 243 16807 R
85 153 16807 I
28 64 16807 V
126 276 16807 Y
29 221 16807 G
177 313 16807 I
11 208 16807 G
3 115 16807 O
70 228 16807 I
33 186 16807 V
251 260 16807 G
266 319 16807 B
10 166 16807 O
288 338 16807 V
21 65 16807 I
247 258 16807 B
40 259 16807 B
269 326 16807 B
64 254 16807 G
117 197 16807 G
221 230 16807 I
144 165 16807 R
47 214 16807 R
164 307 16807 I
92 244 16807 V
29 263 16807 B
225 297 16807 V
15 51 16807 O
28 178 16807 O
5 83 16807 V
110 203 16807 Y
51 242 16807 I
72 253 16807 B
81 206 16807 B
186 260 16807 G
30 257 16807 R
266 339 16807 B
186 290 16807 Y
57 67 16807 B
20 58 16807 Y
248 282 16807 B
226 336 16807 B
14 141 16807 V
24 108 16807 V
271 279 16807 G
98 209 16807 R
43 200 16807 G
185 297 16807 B
8 135 16807 O
152 198 16807 Y
67 172 16807 I
190 326 16807 B
274 283 16807 I
117 121 16807 Y
15 265 16807 G
47 149 16807 G
48 136 16807 G
298 313 16807 R
9 132 16807 R
250 319 16807 O
6 318 16807 B
56 74 16807 I
4 109 16807 I
34 179 16807 I
87 308 16807 G
281 291 16807 G
197 319 16807 O
146 180 16807 R
40 140 16807 B
126 331 16807 V
105 210 16807 O
117 184 16807 B
96 284 16807 R
133 274 16807 Y
73 114 16807 O
21 166 16807 B
162 183 16807 I
102 340 16807 O
60 165 16807 R
100 167 16807 G
108 321 16807 Y
6 84 16807 I
20 65 16807 V
37 188 16807 Y
172 276 16807 G
154 201 16807 I
152 268 16807 G
302 306 16807 I
7 186 16807 G
89 127 16807 I
59 285 16807 V
120 222 16807 I
166 289 16807 V
129 136 16807 Y
13 206 16807 B
178 184 16807 B
272 321 16807 R
39 117 16807 G
95 239 16807 I
1 144 16807 V
215 288 16807 O
102 318 16807 O
223 281 16807 R
138 218 16807 R
34 215 16807 V
244 273 16807 R
17 63 16807 O
220 254 16807 B
109 154 16807 G
112 303 16807 O
273 332 16807 V
98 153 16807 B
7 329 16807 I
202 205 16807 I
96 190 16807 G
168 238 16807 I
113 150 16807 Y
6 261 16807 Y
182 287 16807 V
305 327 16807 Y
35 292 16807 Y
74 113 16807 B
109 315 16807 G
285 332 16807 I
111 327 16807 Y
55 343 16807 Y
206 233 16807 Y
244 264 16807 Y
179 180 16807 O
42 188 16807 O
51 284 16807 O
58 297 16807 B
92 265 16807 O
27 96 16807 O
10 58 16807 G
13 36 16807 G
17 278 16807 R
269 320 16807 G
169 327 16807 R
63 222 16807 I
202 340 16807 I
146 331 16807 V
37 329 16807 I
141 331 16807 O
10 298 16807 O
212 267 16807 B
157 204 16807 I
205 251 16807 Y
86 286 16807 Y
227 260 16807 I
77 314 16807 B
25 48 16807 G
3 321 16807 I
170 231 16807 V
126 154 16807 G
157 306 16807 G
172 264 16807 I
76 83 16807 R
35 311 16807 Y
202 234 16807 V
195 218 16807 G
179 224 16807 O
186 262 16807 O
79 315 16807 O
248 302 16807 O
183 303 16807 O
90 206 16807 O
7 32 16807 I
239 316 16807 O
251 332 16807 O
144 150 16807 Y
93 128 16807 R
111 234 16807 G
77 78 16807 O
132 178 16807 R
107 189 16807 R
312 318 16807 Y
43 304 16807 I
66 80 16807 V
178 250 16807 G
295 301 16807 I
171 277 16807 Y
165 181 16807 B
243 295 16807 I
251 340 16807 B
143 228 16807 V
163 175 16807 B
146 246 16807 B
63 232 16807 Y
299 319 16807 Y
149 175 16807 G
15 216 16807 R
61 209 16807 B
69 254 16807 V
58 129 16807 Y
69 97 16807 Y
56 237 16807 I
86 312 16807 V
15 135 16807 Y
17 320 16807 R
105 311 16807 I
84 321 16807 B
200 262 16807 G
116 242 16807 R
139 200 16807 R
56 170 16807 I
18 288 16807 B
179 285 16807 O
32 240 16807 I
48 73 16807 G
55 230 16807 G
71 223 16807 V
245 297 16807 R
14 276 16807 G
120 170 16807 G
211 291 16807 Y
166 187 16807 V
3 275 16807 B
38 261 16807 G
162 245 16807 R
168 337 16807 G
132 259 16807 V
14 287 16807 O
77 304 16807 B
12 142 16807 V
21 70 16807 V
84 93 16807 B
136 210 16807 G
16 235 16807 I
108 145 16807 V
24 44 16807 R
24 198 16807 O
51 148 16807 V
6 209 16807 Y
140 321 16807 G
263 290 16807 Y
14 306 16807 R
141 227 16807 O
146 214 16807 G
77 319 16807 I
231 271 16807 V
185 334 16807 I
47 56 16807 O
210 327 16807 O
16 132 16807 G
4 162 16807 R
145 293 16807 I
60 341 16807 V
43 318 16807 R
170 239 16807 B
124 125 16807 Y
80 250 16807 V
220 230 16807 V
134 332 16807 Y
72 231 16807 V
85 295 16807 Y
67 339 16807 G
214 279 16807 B
128 278 16807 R
106 169 16807 O
288 331 16807 Y
3 11 16807 V
77 222 16807 O
37 133 16807 G
5 333 16807 R
206 227 16807 O
234 261 16807 Y
74 176 16807 O
13 107 16807 R
88 222 16807 B
83 232 16807 G
113 343 16807 B
169 310 16807 Y
69 157 16807 I
155 284 16807 R
189 271 16807 I
148 275 16807 I
73 102 16807 V
85 343 16807 Y
21 60 16807 G
327 329 16807 B
158 159 16807 V
50 193 16807 I
196 268 16807 O
125 228 16807 G
196 288 16807 R
228 252 16807 B
276 296 16807 O
36 79 16807 R
161 218 16807 I
142 319 16807 G
130 170 16807 V
93 239 16807 G
175 199 16807 B
68 109 16807 R
110 329 16807 R
189 272 16807 V
276 297 16807 R
92 279 16807 R
28 69 16807 V
57 147 16807 Y
107 143 16807 V
182 217 16807 Y
58 203 16807 I
253 263 16807 I
311 332 16807 Y
21 31 16807 G
19 163 16807 R
2 171 16807 V
79 328 16807 G
88 184 16807 G
58 245 16807 G
58 256 16807 G
56 185 16807 V
132 284 16807 G
197 208 16807 R
167 288 16807 V
49 182 16807 Y
121 244 16807 G
17 201 16807 I
116 138 16807 B
98 292 16807 V
313 332 16807 Y
129 327 16807 R
281 296 16807 B
20 216 16807 O
97 253 16807 I
19 191 16807 Y
88 128 16807 I
221 296 16807 I
29 340 16807 R
92 122 16807 G
35 285 16807 B
108 133 16807 B
80 220 16807 V
40 309 16807 O
26 225 16807 R
287 298 16807 Y
103 144 16807 G
84 236 16807 G
30 104 16807 I
25 29 16807 Y
24 120 16807 V
66 213 16807 I
62 247 16807 R
127 242 16807 R
2 302 16807 O
172 222 16807 R
93 242 16807 Y
92 311 16807 R
22 92 16807 I
96 210 16807 R
215 240 16807 R
22 205 16807 R
62 188 16807 I
88 188 16807 V
23 178 16807 I
1 5 16807 G
112 132 16807 G
26 267 16807 B
117 163 16807 B
4 119 16807 I
103 269 16807 G
64 167 16807 O
221 308 16807 G
64 291 16807 O
6 33 16807 B
111 237 16807 V
102 128 16807 B
178 253 16807 V
170 322 16807 B
36 329 16807 Y
22 62 16807 G
63 154 16807 B
290 340 16807 G
145 269 16807 I
220 341 16807 O
150 214 16807 G
130 287 16807 O
108 329 16807 O
55 178 16807 G
15 217 16807 V
122 177 16807 B
93 307 16807 B
250 326 16807 Y
7 170 16807 I
224 264 16807 O
108 138 16807 I
128 160 16807 G
93 268 16807 O
168 227 16807 R
263 337 16807 I
119 221 16807 V
192 202 16807 V
120 231 16807 B
116 323 16807 I
2 10 16807 G
30 131 16807 V
302 320 16807 V
7 276 16807 Y
298 308 16807 I
112 235 16807 R
150 251 16807 B
295 304 16807 Y
184 268 16807 G
58 135 16807 O
89 278 16807 B
117 282 16807 I
147 276 16807 G
263 342 16807 R
113 154 16807 I
98 161 16807 Y
167 169 16807 I
95 323 16807 B
152 325 16807 I
71 165 16807 I
84 206 16807 O
79 177 16807 I
58 213 16807 O
170 180 16807 I
133 184 16807 I
39 323 16807 I
52 92 16807 O
133 255 16807 Y
197 235 16807 Y
33 116 16807 G
124 206 16807 Y
193 194 16807 V
33 150 16807 I
143 319 16807 G
65 264 16807 Y
3 98 16807 O
251 324 16807 I
2 320 16807 V
217 279 16807 R
110 219 16807 V
65 177 16807 I
85 214 16807 V
98 133 16807 R
105 247 16807 I
227 228 16807 Y
81 103 16807 V
42 229 16807 G
69 250 16807 Y
294 296 16807 Y
36 74 16807 Y
3 239 16807 V
84 121 16807 O
83 85 16807 V
277 321 16807 V
1 52 16807 Y
88 309 16807 O
249 262 16807 B
4 208 16807 Y
98 179 16807 V
175 258 16807 G
116 196 16807 B
237 339 16807 I
88 332 16807 Y
123 311 16807 R
3 89 16807 R
323 335 16807 Y
26 221 16807 Y
13 97 16807 R
61 323 16807 V
70 329 16807 Y
180 283 16807 I
285 312 16807 I
206 245 16807 O
140 233 16807 B
82 326 16807 Y
131 277 16807 R
125 233 16807 O
76 318 16807 V
152 153 16807 R
67 221 16807 O
119 223 16807 V
169 244 16807 O
176 323 16807 O
239 288 16807 G
289 327 16807 R
223 324 16807 I
24 281 16807 I
85 319 16807 G
94 266 16807 G
67 227 16807 Y
52 63 16807 B
233 250 16807 G
14 107 16807 R
281 329 16807 R
76 325 16807 R
14 229 16807 B
168 285 16807 O
82 310 16807 Y
43 63 16807 I
118 316 16807 G
40 144 16807 O
179 209 16807 G
7 221 16807 V
5 309 16807 I
36 181 16807 B
185 263 16807 G
215 217 16807 G
95 343 16807 V
76 161 16807 Y
81 116 16807 V
141 334 16807 V
81 127 16807 I
233 257 16807 Y
311 316 16807 I
137 148 16807 G
32 134 16807 B
57 176 16807 B
215 238 16807 Y
230 288 16807 Y
70 105 16807 I
58 139 16807 Y
159 173 16807 O
160 301 16807 B
314 331 16807 Y
77 223 16807 B
44 129 16807 B
105 298 16807 R
42 140 16807 Y
15 182 16807 G
59 103 16807 O
107 238 16807 G
53 55 16807 O
170 174 16807 Y
10 289 16807 O
110 137 16807 R
31 96 16807 O
79 323 16807 O
128 158 16807 Y
217 274 16807 G
25 164 16807 Y
1 168 16807 G
156 205 16807 B
208 258 16807 B
200 331 16807 Y
196 277 16807 R
28 239 16807 G
207 275 16807 R
19 265 16807 G
191 221 16807 B
146 155 16807 G
3 329 16807 Y
87 142 16807 V
150 171 16807 Y
142 332 16807 V
76 331 16807 R
21 185 16807 R
244 257 16807 G
28 150 16807 B
156 273 16807 I
218 284 16807 G
49 81 16807 I
97 193 16807 B
249 250 16807 V
54 239 16807 G
245 331 16807 R
201 207 16807 B
81 144 16807 V
100 115 16807 I
195 208 16807 Y
116 214 16807 V
143 233 16807 O
43 246 16807 I
25 239 16807 Y
14 163 16807 R
9 228 16807 Y
136 313 16807 G
1 332 16807 Y
172 225 16807 V
127 171 16807 R
236 341 16807 O
166 314 16807 V
17 96 16807 V
224 312 16807 I
183 310 16807 V
79 301 16807 O
100 225 16807 G
21 82 16807 Y
220 326 16807 I
122 197 16807 O
274 317 16807 R
8 335 16807 B
302 337 16807 O
102 127 16807 Y
87 236 16807 Y
126 340 16807 O
9 191 16807 R
117 253 16807 R
27 129 16807 Y
89 175 16807 I
67 333 16807 V
45 149 16807 R
171 232 16807 O
85 300 16807 O
27 293 16807 B
87 255 16807 V
276 281 16807 B
38 318 16807 G
260 301 16807 R
80 215 16807 B
82 151 16807 G
21 139 16807 Y
1 305 16807 G
143 225 16807 Y
276 312 16807 B
10 213 16807 Y
42 283 16807 V
127 331 16807 O
83 335 16807 O
91 225 16807 G
250 294 16807 I
49 328 16807 Y
17 85 16807 V
95 142 16807 V
51 63 16807 V
4 183 16807 Y
170 266 16807 V
147 297 16807 G
78 249 16807 R
21 136 16807 Y
218 236 16807 G
218 302 16807 G
111 199 16807 V
91 217 16807 B
168 195 16807 B
98 250 16807 O
64 212 16807 Y
160 251 16807 G
263 330 16807 B
137 231 16807 O
251 297 16807 R
189 220 16807 V
223 233 16807 R
193 225 16807 R
262 277 16807 G
192 334 16807 V
117 177 16807 B
5 139 16807 B
192 314 16807 G
102 112 16807 I
95 125 16807 I
132 164 16807 I
54 229 16807 G
104 204 16807 G
71 127 16807 I
29 318 16807 Y
10 30 16807 V
69 164 16807 O
103 247 16807 G
102 329 16807 I
187 195 16807 B
278 336 16807 B
51 282 16807 V
67 157 16807 V
325 326 16807 B
113 334 16807 I
58 144 16807 Y
168 235 16807 G
31 170 16807 V
59 219 16807 G
29 121 16807 R
97 238 16807 R
170 330 16807 O
66 338 16807 V
47 82 16807 V
220 271 16807 G
125 291 16807 R
127 213 16807 I
78 105 16807 R
74 249 16807 O
10 334 16807 R
15 171 16807 Y
134 337 16807 O
59 81 16807 O
9 49 16807 Y
258 306 16807 B
154 264 16807 G
70 140 16807 I
160 338 16807 Y
130 314 16807 G
61 194 16807 G
151 174 16807 V
33 37 16807 B
52 163 16807 B
77 226 16807 V
86 183 16807 G
39 316 16807 O
252 311 16807 B
299 313 16807 Y
3 109 16807 G
60 222 16807 R
189 194 16807 V
22 43 16807 B
15 101 16807 G
129 208 16807 G
180 324 16807 Y
167 260 16807 B
172 206 16807 V
45 306 16807 R
101 146 16807 V
109 209 16807 B
178 209 16807 R
179 252 16807 I
86 87 16807 O
14 42 16807 I
118 334 16807 Y
117 153 16807 R
112 226 16807 Y
79 334 16807 I
19 184 16807 G
64 262 16807 G
105 260 16807 R
218 219 16807 G
73 265 16807 V
171 339 16807 B
193 228 16807 R
156 242 16807 Y
146 189 16807 G
32 228 16807 O
247 272 16807 V
89 212 16807 G
130 202 16807 R
69 228 16807 I
163 243 16807 B
133 292 16807 R
271 281 16807 V
262 272 16807 V
138 305 16807 O
128 188 16807 V
277 309 16807 O
9 98 16807 Y
175 297 16807 V
8 278 16807 B
188 241 16807 Y
59 104 16807 Y
19 193 16807 I
66 217 16807 B
77 214 16807 V
89 275 16807 G
11 21 16807 B
40 269 16807 B
52 334 16807 V
161 316 16807 O
145 337 16807 B
170 248 16807 V
215 273 16807 G
39 338 16807 O
64 133 16807 R
30 184 16807 I
331 338 16807 I
186 327 16807 I
170 202 16807 R
28 171 16807 R
1 238 16807 B
121 299 16807 Y
55 325 16807 I
148 341 16807 I
176 266 16807 B
38 119 16807 V
137 165 16807 R
175 191 16807 G
239 291 16807 I
205 231 16807 Y
242 340 16807 G
65 172 16807 R
8 31 16807 V
10 185 16807 B
88 211 16807 O
201 212 16807 O
97 119 16807 I
130 185 16807 G
180 304 16807 V
114 228 16807 Y
47 270 16807 Y
287 321 16807 B
155 191 16807 G
125 152 16807 B
5 329 16807 O
80 222 16807 B
22 256 16807 G
104 230 16807 G
14 310 16807 O
221 305 16807 G
182 195 16807 Y
142 249 16807 R
42 301 16807 V
81 243 16807 I
107 236 16807 V
176 189 16807 B
13 138 16807 I
149 192 16807 V
34 190 16807 R
130 214 16807 Y
162 259 16807 I
281 283 16807 V
178 224 16807 G
129 308 16807 R
155 309 16807 Y
33 243 16807 I
71 316 16807 G
78 268 16807 O
35 329 16807 R
207 301 16807 V
223 235 16807 O
235 283 16807 G
31 117 16807 B
99 233 16807 V
34 288 16807 Y
17 31 16807 G
144 295 16807 Y
49 78 16807 O
87 335 16807 V
169 187 16807 Y
1 139 16807 O
37 263 16807 R
142 169 16807 I
158 334 16807 O
96 199 16807 O
123 327 16807 R
53 56 16807 B
239 332 16807 B
202 336 16807 G
162 203 16807 V
295 340 16807 G
197 340 16807 V
81 143 16807 B
128 213 16807 O
80 184 16807 V
31 221 16807 Y
162 219 16807 O
17 234 16807 B
161 229 16807 B
101 244 16807 I
181 188 16807 I
119 210 16807 Y
35 207 16807 V
321 329 16807 V
205 333 16807 R
39 300 16807 V
81 297 16807 G
83 204 16807 I
4 297 16807 R
117 180 16807 V
247 333 16807 B
182 206 16807 Y
307 320 16807 V
12 310 16807 Y
84 278 16807 Y
24 157 16807 G
159 221 16807 I
232 264 16807 R
11 73 16807 Y
72 266 16807 O
16 110 16807 R
18 83 16807 V
6 251 16807 I
193 240 16807 B
86 167 16807 Y
48 135 16807 V
44 71 16807 Y
143 285 16807 Y
233 246 16807 B
229 285 16807 R
169 256 16807 V
188 266 16807 B
19 23 16807 R
194 301 16807 Y
223 247 16807 G
111 132 16807 R
49 318 16807 O
143 145 16807 R
207 245 16807 I
328 336 16807 G
91 258 16807 Y
184 327 16807 V
57 267 16807 I
108 328 16807 G
137 285 16807 Y
220 222 16807 O
265 273 16807 Y
76 232 16807 I
185 277 16807 R
95 194 16807 I
61 240 16807 R
11 185 16807 B
94 126 16807 R
184 317 16807 G
166 203 16807 I
315 342 16807 I
161 211 16807 G
38 203 16807 B
261 281 16807 G
77 283 16807 G
14 337 16807 Y
9 33 16807 I
65 203 16807 B
90 332 16807 O
290 320 16807 B
308 336 16807 G
81 115 16807 B
165 214 16807 R
5 222 16807 Y
141 230 16807 Y
50 146 16807 Y
112 217 16807 R
136 236 16807 R
25 251 16807 B
161 263 16807 I
160 304 16807 I
24 113 16807 R
131 338 16807 I
77 321 16807 Y
261 272 16807 R
44 178 16807 R
75 85 16807 B
155 221 16807 V
136 165 16807 G
313 331 16807 O
113 288 16807 B
101 113 16807 I
60 329 16807 R
5 300 16807 Y
5 157 16807 G
67 111 16807 R
42 205 16807 I
89 217 16807 G
86 185 16807 Y
67 163 16807 V
46 191 16807 R
254 325 16807 G
168 254 16807 Y
7 142 16807 V
6 11 16807 B
17 24 16807 G
75 343 16807 B
149 224 16807 B
157 283 16807 G
312 338 16807 I
56 202 16807 I
52 71 16807 O
93 234 16807 V
282 306 16807 V
160 217 16807 O
59 145 16807 O
169 308 16807 O
129 335 16807 Y
60 297 16807 V
233 248 16807 G
172 173 16807 I
211 235 16807 G
162 331 16807 Y
23 208 16807 Y
77 285 16807 V
132 296 16807 B
72 74 16807 I
5 198 16807 O
320 333 16807 O
90 133 16807 R
244 287 16807 G
120 125 16807 O
21 213 16807 I
190 327 16807 V
18 35 16807 G
57 129 16807 Y
142 185 16807 R
203 260 16807 I
75 321 16807 I
149 217 16807 R
21 101 16807 R
309 330 16807 O
141 307 16807 O
3 47 16807 I
23 28 16807 V
246 275 16807 R
64 238 16807 G
3 248 16807 R
280 306 16807 G
137 325 16807 R
197 219 16807 R
10 286 16807 I
152 240 16807 V
54 261 16807 B
116 329 16807 B
112 198 16807 V
75 234 16807 B
122 172 16807 O
95 175 16807 Y
206 263 16807 G
162 212 16807 G
222 260 16807 I
89 340 16807 B
29 146 16807 Y
91 286 16807 I
269 308 16807 Y
102 184 16807 I
110 316 16807 Y
254 333 16807 O
72 277 16807 Y
165 305 16807 B
186 302 16807 Y
206 286 16807 G
161 339 16807 R
97 163 16807 R
173 180 16807 I
23 29 16807 V
185 217 16807 O
85 197 16807 O
8 277 16807 R
22 206 16807 B
30 258 16807 B
16 291 16807 G
183 220 16807 G
213 252 16807 O
254 316 16807 V
95 223 16807 R
67 114 16807 Y
12 236 16807 V
24 263 16807 Y
85 108 16807 O
59 151 16807 R
244 253 16807 I
42 324 16807 O
288 330 16807 R
17 223 16807 V
156 206 16807 G
11 244 16807 Y
167 189 16807 Y
201 271 16807 I
45 166 16807 I
30 204 16807 Y
192 336 16807 B
150 298 16807 Y
233 240 16807 B
99 258 16807 G
13 61 16807 Y
72 218 16807 Y
211 254 16807 G
78 260 16807 I
80 277 16807 O
22 51 16807 B
75 189 16807 O
1 32 16807 V
118 264 16807 G
3 106 16807 I
89 235 16807 G
30 73 16807 R
43 67 16807 I
53 89 16807 Y
20 107 16807 Y
268 331 16807 V
55 329 16807 G
74 342 16807 I
152 282 16807 R
104 250 16807 Y
99 249 16807 V
153 323 16807 G
57 62 16807 I
33 212 16807 R
88 102 16807 G
20 240 16807 R
228 229 16807 B
307 327 16807 Y
5 248 16807 V
154 235 16807 V
63 117 16807 G
98 266 16807 B
160 313 16807 B
150 265 16807 V
269 306 16807 R
9 59 16807 V
68 236 16807 V
19 178 16807 O
21 216 16807 B
163 226 16807 B
33 135 16807 R
181 192 16807 R
284 295 16807 G
80 99 16807 I
38 168 16807 R
60 122 16807 R
71 123 16807 Y
180 298 16807 O
136 274 16807 G
137 235 16807 Y
39 131 16807 R
49 197 16807 B
156 332 16807 O
127 180 16807 R
29 269 16807 I
207 280 16807 V
212 311 16807 V
209 264 16807 B
42 341 16807 R
274 332 16807 B
94 230 16807 G
65 189 16807 G
135 190 16807 O
83 331 16807 R
90 319 16807 R
219 298 16807 R
77 133 16807 O
40 74 16807 I
186 313 16807 Y
131 173 16807 O
125 196 16807 R
65 95 16807 I
43 292 16807 G
161 215 16807 Y
24 126 16807 O
66 290 16807 Y
134 343 16807 I
173 212 16807 I
247 340 16807 O
7 172 16807 Y
222 257 16807 V
146 316 16807 G
105 313 16807 B
101 186 16807 V
111 289 16807 I
99 328 16807 O
239 307 16807 Y
112 244 16807 V
16 234 16807 G
14 206 16807 G
27 310 16807 R
200 268 16807 B
59 250 16807 I
41 48 16807 V
22 301 16807 I
162 296 16807 O
20 94 16807 I
16 107 16807 O
13 168 16807 B
99 157 16807 I
134 284 16807 O
189 254 16807 R
161 298 16807 V
122 321 16807 I
15 117 16807 B
115 130 16807 I
13 200 16807 O
215 222 16807 O
91 222 16807 Y
285 291 16807 B
228 274 16807 Y
248 297 16807 V
320 321 16807 G
214 240 16807 R
248 329 16807 Y
52 197 16807 G
280 287 16807 V
150 167 16807 V
297 305 16807 I
91 130 16807 G
175 253 16807 Y
276 282 16807 O
5 141 16807 O
49 213 16807 R
115 214 16807 R
200 289 16807 G
31 326 16807 V
52 78 16807 G
155 303 16807 O
189 251 16807 V
213 333 16807 R
87 223 16807 I
82 330 16807 I
244 271 16807 B
176 252 16807 I
244 340 16807 V
187 245 16807 Y
125 257 16807 O
175 197 16807 Y
43 76 16807 R
168 253 16807 O
178 296 16807 Y
150 239 16807 G
206 340 16807 Y
165 314 16807 V
12 152 16807 V
234 286 16807 I
243 291 16807 B
21 39 16807 B
87 313 16807 V
196 330 16807 I
9 124 16807 B
214 341 16807 O
187 320 16807 G
129 244 16807 R
48 305 16807 I
12 254 16807 B
11 264 16807 G
302 340 16807 R
140 277 16807 B
21 172 16807 O
53 249 16807 B
125 164 16807 B
218 224 16807 B
16 219 16807 V
159 255 16807 G
296 340 16807 B
93 287 16807 O
115 239 16807 R
89 136 16807 V
125 335 16807 R
157 238 16807 I
70 291 16807 I
14 238 16807 I
82 175 16807 B
294 331 16807 I
101 134 16807 Y
27 48 16807 G
89 335 16807 G
87 141 16807 V
2 99 16807 O
143 299 16807 V
51 201 16807 I
53 327 16807 G
2 16 16807 R
210 343 16807 O
193 313 16807 R
6 137 16807 G
43 278 16807 O
75 157 16807 G
248 303 16807 B
14 210 16807 G
269 315 16807 G
122 139 16807 O
230 291 16807 B
168 245 16807 I
84 219 16807 V
14 188 16807 O
171 216 16807 O
64 144 16807 O
142 330 16807 O
233 332 16807 V
138 173 16807 V
188 298 16807 R
176 334 16807 B
49 105 16807 I
61 314 16807 G
49 158 16807 O
45 302 16807 G
247 251 16807 O
97 145 16807 I
78 301 16807 V
36 253 16807 O
138 209 16807 B
86 333 16807 B
27 250 16807 V
2 80 16807 V
23 310 16807 O
81 226 16807 G
47 243 16807 G
27 194 16807 I
69 233 16807 O
99 308 16807 O
180 184 16807 I
247 305 16807 V
42 276 16807 O
154 238 16807 I
176 338 16807 I
119 265 16807 R
130 190 16807 Y
181 273 16807 O
169 311 16807 O
250 290 16807 Y
18 287 16807 Y
142 244 16807 I
59 283 16807 R
16 231 16807 B
237 330 16807 O
122 247 16807 B
156 196 16807 V
1 127 16807 R
54 171 16807 I
262 263 16807 B
94 101 16807 O
38 282 16807 Y
20 181 16807 I
73 133 16807 I
13 182 16807 Y
181 210 16807 I
68 292 16807 B
165 276 16807 G
94 108 16807 R
168 271 16807 R
75 178 16807 V
215 323 16807 I
32 335 16807 V
62 274 16807 G
242 321 16807 Y
188 309 16807 B
1 325 16807 O
74 77 16807 Y
86 297 16807 O
38 98 16807 G
32 40 16807 I
302 335 16807 B
1 296 16807 R
243 251 16807 O
4 128 16807 B
198 334 16807 Y
43 247 16807 R
103 308 16807 G
148 322 16807 R
51 202 16807 I
9 27 16807 R
249 291 16807 V
67 252 16807 O
167 230 16807 V
89 98 16807 R
132 298 16807 I
174 299 16807 Y
148 168 16807 B
233 235 16807 I
76 237 16807 B
23 133 16807 V
5 6 16807 B
47 334 16807 Y
108 203 16807 B
231 256 16807 O
220 311 16807 O
101 291 16807 G
329 330 16807 V
104 124 16807 I
22 288 16807 B
45 73 16807 V
146 210 16807 G
3 120 16807 O
110 162 16807 R
236 267 16807 B
93 196 16807 B
104 199 16807 Y
254 332 16807 B
101 106 16807 Y
143 220 16807 G
186 316 16807 O
261 289 16807 R
72 245 16807 I
239 245 16807 B
91 277 16807 Y
59 156 16807 V
33 273 16807 O
232 275 16807 G
163 174 16807 G
7 322 16807 R
124 236 16807 B
18 146 16807 V
112 307 16807 R
18 141 16807 G
31 310 16807 I
14 21 16807 B
188 205 16807 Y
180 204 16807 O
37 244 16807 V
134 251 16807 V
37 166 16807 I
95 155 16807 R
155 156 16807 G
86 202 16807 G
8 193 16807 B
58 241 16807 I
14 111 16807 I
83 226 16807 Y
78 239 16807 G
166 335 16807 B
35 174 16807 O
165 342 16807 V
77 293 16807 O
201 210 16807 I
69 296 16807 Y
28 74 16807 I
134 290 16807 Y
193 197 16807 V
119 326 16807 V
72 180 16807 I
27 283 16807 B
3 208 16807 O
48 120 16807 B
272 338 16807 Y
122 226 16807 Y
95 213 16807 V
126 269 16807 V
216 292 16807 B
50 208 16807 B
60 139 16807 V
14 155 16807 Y
82 268 16807 B
181 316 16807 G
180 326 16807 Y
22 38 16807 B
70 129 16807 O
283 292 16807 G
109 223 16807 I
94 311 16807 I
200 316 16807 O
67 267 16807 G
233 325 16807 V
152 202 16807 G
68 271 16807 R
63 320 16807 I
76 87 16807 V
67 138 16807 Y
49 201 16807 Y
151 237 16807 G
174 310 16807 I
130 301 16807 R
100 147 16807 I
187 278 16807 R
72 240 16807 I
35 121 16807 V
51 158 16807 I
229 322 16807 R
116 331 16807 O
258 259 16807 Y
118 147 16807 V
232 340 16807 O
91 155 16807 O
238 324 16807 Y
106 151 16807 O
63 338 16807 I
184 296 16807 B
10 264 16807 Y
55 185 16807 V
159 275 16807 B
141 256 16807 R
34 342 16807 R
48 80 16807 G
42 170 16807 O
78 223 16807 Y
176 276 16807 B
215 274 16807 V
186 326 16807 B
26 37 16807 G
215 309 16807 R
35 309 16807 R
124 214 16807 V
161 297 16807 O
65 117 16807 V
215 319 16807 R
102 182 16807 R
186 187 16807 G
153 341 16807 B
236 333 16807 V
59 177 16807 O
18 86 16807 B
39 322 16807 B
230 232 16807 Y
144 302 16807 I
63 152 16807 G
8 308 16807 V
58 237 16807 O
160 206 16807 Y
260 270 16807 Y
113 151 16807 V
61 321 16807 I
95 331 16807 I
137 215 16807 V
69 272 16807 I
3 187 16807 O
278 306 16807 R
85 340 16807 O
12 184 16807 I
33 52 16807 G
194 265 16807 R
124 238 16807 R
189 320 16807 G
32 216 16807 G
53 323 16807 I
150 207 16807 R
19 153 16807 Y
271 293 16807 I
230 314 16807 R
141 290 16807 O
283 337 16807 O
60 300 16807 Y
164 198 16807 G
16 99 16807 Y
35 228 16807 I
45 298 16807 G
17 293 16807 Y
12 115 16807 B
186 307 16807 G
163 263 16807 O
174 275 16807 O
251 319 16807 Y
25 83 16807 V
72 230 16807 O
66 301 16807 O
82 281 16807 G
69 119 16807 O
53 203 16807 G
114 208 16807 B
146 283 16807 G
41 155 16807 B
248 268 16807 R
229 299 16807 I
103 122 16807 Y
172 218 16807 Y
2 328 16807 I
110 255 16807 G
73 303 16807 R
205 294 16807 V
172 178 16807 I
112 236 16807 G
127 194 16807 I
215 327 16807 G
186 287 16807 G
157 314 16807 I
117 211 16807 V
42 113 16807 O
57 216 16807 V
16 297 16807 V
127 226 16807 R
22 45 16807 O
15 165 16807 G
194 235 16807 I
145 333 16807 G
104 325 16807 O
14 51 16807 Y
147 159 16807 I
17 280 16807 V
24 254 16807 I
154 248 16807 I
100 156 16807 Y
2 183 16807 V
78 174 16807 G
214 251 16807 O
100 131 16807 G
194 211 16807 V
160 255 16807 O
113 206 16807 I
193 262 16807 B
143 162 16807 G
97 299 16807 O
97 170 16807 Y
47 191 16807 B
328 340 16807 R
37 284 16807 B
121 229 16807 Y
170 252 16807 R
106 202 16807 O
204 302 16807 B
179 270 16807 Y
49 222 16807 Y
138 336 16807 V
89 99 16807 G
12 247 16807 R
91 142 16807 R
57 326 16807 B
182 281 16807 B
8 36 16807 B
231 275 16807 V
65 72 16807 V
158 165 16807 B
13 208 16807 I
35 103 16807 B
17 264 16807 O
172 275 16807 Y
57 312 16807 R
166 216 16807 O
92 113 16807 V
124 257 16807 G
64 150 16807 R
161 331 16807 Y
270 298 16807 R
48 222 16807 V
12 124 16807 R
163 215 16807 Y
146 237 16807 Y
111 304 16807 Y
336 337 16807 I
99 245 16807 V
225 251 16807 B
74 119 16807 V
58 143 16807 G
59 310 16807 I
9 151 16807 R
205 311 16807 R
46 238 16807 Y
230 334 16807 I
258 305 16807 Y
53 333 16807 G
218 293 16807 I
60 247 16807 G
35 270 16807 R
260 321 16807 I
175 336 16807 B
196 329 16807 V
181 217 16807 I
31 40 16807 V
236 292 16807 B
1 9 16807 V
280 321 16807 R
280 301 16807 R
32 192 16807 B
94 178 16807 R
20 157 16807 V
51 300 16807 R
92 101 16807 V
93 249 16807 B
172 304 16807 B
127 325 16807 I
230 242 16807 O
191 336 16807 Y
35 43 16807 G
99 145 16807 Y
88 339 16807 V
23 189 16807 V
264 266 16807 O
110 151 16807 Y
130 194 16807 B
35 76 16807 I
138 195 16807 G
28 188 16807 B
142 229 16807 R
160 200 16807 G
154 290 16807 G
263 332 16807 V
87 275 16807 Y
137 154 16807 G
5 87 16807 G
157 188 16807 O
11 165 16807 Y
19 43 16807 I
71 78 16807 Y
61 197 16807 B
39 92 16807 G
23 321 16807 V
240 257 16807 G
214 274 16807 V
186 309 16807 G
249 315 16807 B
143 152 16807 I
113 289 16807 R
27 237 16807 V
45 116 16807 B
46 98 16807 B
175 302 16807 V
10 218 16807 G
253 256 16807 B
38 143 16807 R
88 150 16807 Y
136 289 16807 I
158 168 16807 G
26 332 16807 R
43 312 16807 R
115 180 16807 B
77 265 16807 R
41 226 16807 B
23 194 16807 Y
110 246 16807 V
219 254 16807 O
152 210 16807 G
107 313 16807 Y
5 255 16807 V
261 332 16807 B
171 249 16807 Y
11 329 16807 V
174 336 16807 O
66 190 16807 B
127 264 16807 Y
5 335 16807 I
252 278 16807 Y
25 264 16807 I
54 329 16807 V
74 94 16807 G
217 334 16807 R
216 317 16807 I
151 220 16807 O
98 244 16807 R
149 266 16807 B
249 275 16807 R
225 261 16807 R
95 269 16807 G
74 281 16807 R
22 183 16807 Y
199 254 16807 V
223 333 16807 O
92 319 16807 Y
80 237 16807 Y
315 341 16807 B
148 164 16807 I
43 197 16807 R
47 183 16807 Y
55 124 16807 R
22 130 16807 R
85 150 16807 R
137 265 16807 Y
150 172 16807 V
115 203 16807 I
209 216 16807 I
44 118 16807 G
9 218 16807 B
178 314 16807 Y
220 288 16807 R
211 246 16807 R
69 147 16807 O
177 268 16807 B
250 307 16807 B
134 301 16807 I
272 335 16807 I
129 226 16807 O
11 178 16807 G
132 196 16807 R
77 287 16807 I
8 67 16807 R
176 307 16807 B
47 332 16807 B
24 76 16807 G
267 334 16807 O
14 23 16807 O
26 147 16807 I
85 218 16807 Y
20 36 16807 G
28 36 16807 Y
197 305 16807 R
59 317 16807 Y
114 318 16807 V
12 32 16807 R
93 94 16807 R
210 301 16807 Y
171 200 16807 O
112 278 16807 O
78 317 16807 I
47 64 16807 B
14 324 16807 Y
197 217 16807 I
113 216 16807 I
50 132 16807 R
10 181 16807 R
125 263 16807 G
28 80 16807 Y
49 278 16807 V
19 196 16807 V
135 257 16807 Y
40 317 16807 B
95 138 16807 G
5 236 16807 V
100 299 16807 G
190 223 16807 G
38 289 16807 V
62 227 16807 O
74 240 16807 I
74 117 16807 V
101 314 16807 Y
92 267 16807 O
96 160 16807 I
99 229 16807 V
80 83 16807 V
184 291 16807 R
74 180 16807 Y
79 144 16807 Y
174 316 16807 V
50 184 16807 B
209 232 16807 R
96 252 16807 O
176 230 16807 O
54 140 16807 V
148 334 16807 G
146 187 16807 I
184 342 16807 B
167 229 16807 O
34 185 16807 G
86 335 16807 R
63 89 16807 R
162 313 16807 O
96 164 16807 Y
13 282 16807 B
162 310 16807 R
163 194 16807 Y
259 316 16807 R
49 102 16807 V
182 249 16807 G
185 244 16807 I
126 144 16807 R
105 214 16807 G
196 242 16807 O
3 155 16807 G
38 62 16807 Y
56 287 16807 V
127 296 16807 O
220 229 16807 R
164 270 16807 O
49 162 16807 V
108 191 16807 B
5 107 16807 I
22 331 16807 Y
112 152 16807 Y
203 288 16807 Y
71 219 16807 B
53 227 16807 Y
97 121 16807 R
84 229 16807 V
100 278 16807 B
56 89 16807 R
85 200 16807 G
36 321 16807 Y
77 88 16807 R
30 144 16807 G
182 263 16807 B
33 287 16807 O
82 239 16807 B
96 179 16807 R
127 219 16807 I
38 45 16807 R
13 76 16807 O
168 224 16807 I
63 176 16807 R
120 227 16807 Y
5 173 16807 V
66 172 16807 I
151 305 16807 G
316 331 16807 Y
65 173 16807 I
174 242 16807 Y
149 342 16807 R
