343 2399
155 202 16295 B
44 264 16635 Y
105 312 16287 I
112 260 16372 Y
27 148 16269 V
24 273 16591 O
111 233 16327 V
261 317 16289 V
285 328 16354 G
72 249 16565 G
4 55 16611 I
67 100 16357 G
204 340 16795 O
94 232 16750 I
14 93 16599 Y
77 299 16378 R
127 334 16789 Y
7 335 16728 O
221 268 16414 I
142 295 16392 Y
30 238 16668 G
209 256 16267 I
114 216 16424 G
253 273 16590 Y
172 302 16652 R
144 337 16697 O
194 309 16379 Y
43 200 16742 G
79 261 16552 O
231 318 16731 Y
196 280 16757 V
18 26 16515 O
31 343 16394 B
186 334 16292 R
187 191 16571 I
1 166 16609 Y
159 211 16410 R
82 339 16680 B
133 293 16307 R
42 106 16532 V
96 195 16607 R
181 282 16657 G
161 264 16532 R
51 205 16641 R
171 343 16336 Y
109 316 16301 Y
221 226 16661 Y
53 142 16730 R
154 202 16318 R
125 220 16675 V
58 162 16658 O
96 182 16578 V
90 310 16370 O
57 134 16639 R
77 291 16269 I
307 315 16278 G
56 323 16510 O
20 167 16786 O
287 343 16510 R
148 172 16334 R
100 149 16483 I
135 248 16453 V
44 176 16304 R
186 193 16749 O
121 162 16613 Y
15 162 16607 Y
75 203 16513 O
138 147 16462 B
203 336 16671 Y
78 187 16401 G
173 191 16736 O
191 206 16780 I
148 224 16536 Y
33 136 16274 B
70 225 16459 B
194 296 16714 I
115 125 16597 R
113 287 16324 I
9 305 16281 B
27 102 16308 O
155 193 16601 B
53 157 16397 Y
240 319 16557 R
85 275 16452 R
48 327 16383 R
190 219 16675 G
184 297 16526 O
86 102 16371 O
134 249 16577 Y
10 270 16404 O
118 334 16731 Y
267 312 16748 B
244 325 16651 V
173 298 16416 R
256 269 16482 R
40 89 16570 G
163 218 16363 V
2 9 16390 I
36 327 16526 R
27 107 16416 G
230 282 16358 B
96 238 16695 O
16 105 16430 Y
42 89 16524 O
248 290 16759 R
19 48 16644 Y
139 210 16594 I
122 252 16762 G
38 43 16630 G
3 74 16495 V
250 331 16295 G
66 134 16580 G
97 212 16588 B
125 152 16345 G
89 142 16542 I
125 309 16492 Y
47 163 16366 B
76 170 16605 Y
134 290 16292 I
49 328 16765 B
181 234 16732 O
285 326 16551 B
63 233 16334 B
156 161 16483 Y
115 282 16426 G
253 280 16312 Y
261 313 16538 I
84 154 16385 Y
216 327 16374 V
30 96 16499 O
109 247 16770 Y
53 283 16725 B
230 325 16748 V
8 90 16619 O
59 300 16505 G
2 137 16427 V
248 308 16383 I
83 219 16480 B
31 140 16388 R
240 307 16312 R
5 85 16613 R
107 197 16782 R
329 341 16541 Y
180 207 16304 G
260 317 16527 Y
187 216 16578 R
46 274 16418 G
13 240 16604 O
38 104 16452 G
96 320 16399 I
81 128 16503 O
82 175 16669 G
58 333 16417 I
193 264 16489 Y
138 166 16367 R
28 101 16737 I
199 296 16577 G
8 131 16515 V
302 327 16663 G
157 239 16553 R
189 322 16461 V
57 227 16336 V
128 288 16777 G
34 312 16491 I
32 222 16338 R
226 313 16685 I
94 293 16384 I
44 97 16371 O
270 294 16585 V
215 262 16499 I
27 57 16511 R
6 129 16754 I
34 287 16406 G
226 286 16378 O
104 105 16681 I
29 291 16584 R
88 263 16533 R
64 106 16512 B
256 276 16449 B
31 131 16705 R
197 323 16307 V
177 220 16591 V
218 322 16787 V
94 154 16303 G
181 242 16262 Y
197 266 16622 O
101 106 16776 B
18 173 16382 B
88 273 16357 G
14 243 16732 V
66 260 16789 I
81 164 16398 R
5 275 16485 G
30 266 16691 I
228 337 16282 V
10 288 16417 B
72 145 16605 I
47 145 16639 R
40 299 16628 R
155 229 16282 Y
102 107 16797 Y
214 242 16439 V
290 342 16429 B
52 317 16472 I
269 318 16775 I
139 256 16485 O
178 320 16619 I
135 301 16780 V
187 212 16691 V
109 245 16631 I
205 244 16507 R
85 296 16697 R
168 283 16667 B
16 317 16491 B
189 321 16789 B
144 274 16273 G
112 322 16283 Y
51 323 16435 Y
31 232 16806 V
173 203 16353 R
16 115 16756 O
90 250 16468 Y
108 317 16739 Y
192 200 16292 I
18 294 16586 Y
161 181 16791 Y
118 336 16370 O
91 264 16754 G
178 179 16596 O
132 141 16469 B
9 28 16611 R
122 156 16475 G
246 297 16497 B
229 266 16580 R
116 302 16535 I
8 113 16362 Y
153 284 16392 I
189 319 16675 R
76 304 16698 B
149 232 16721 B
21 293 16507 V
145 153 16582 R
10 92 16798 R
4 255 16497 G
150 320 16283 R
38 144 16731 Y
163 212 16606 R
113 178 16397 G
46 217 16276 B
64 101 16751 G
30 210 16777 B
13 326 16527 Y
114 195 16286 I
61 254 16437 Y
45 242 16525 R
53 189 16390 B
20 139 16668 Y
236 263 16770 Y
96 300 16703 V
118 194 16612 O
31 216 16688 R
199 329 16805 I
113 217 16370 Y
8 239 16375 Y
31 276 16450 V
22 28 16777 G
180 299 16708 Y
311 312 16372 O
5 264 16462 O
176 222 16573 Y
104 214 16458 Y
96 127 16455 V
185 224 16755 V
28 136 16640 G
123 205 16697 O
240 243 16314 Y
229 307 16269 I
174 276 16476 G
51 296 16338 G
101 323 16389 Y
115 223 16631 R
113 141 16710 Y
45 237 16500 R
50 300 16362 B
145 248 16412 O
17 20 16381 I
86 159 16323 O
76 289 16392 O
26 180 16357 V
14 333 16589 O
42 148 16417 I
195 252 16686 B
46 183 16752 G
35 157 16773 I
25 237 16528 R
44 187 16480 B
188 205 16518 B
46 164 16445 Y
120 326 16330 I
31 105 16534 I
189 293 16779 G
144 245 16802 Y
7 281 16396 G
251 318 16410 G
40 66 16530 Y
23 143 16321 Y
13 78 16531 R
165 300 16782 O
31 86 16523 O
177 321 16622 R
118 247 16489 R
314 315 16401 G
179 216 16379 V
37 197 16478 I
140 228 16420 R
157 162 16710 R
174 247 16393 O
56 154 16461 O
200 255 16302 G
248 312 16448 V
29 132 16336 Y
155 188 16626 R
237 288 16505 B
217 294 16284 R
86 331 16550 B
20 44 16446 O
178 201 16503 Y
128 267 16644 I
11 95 16430 V
241 266 16426 Y
135 215 16405 O
204 209 16613 Y
51 85 16377 Y
255 300 16452 V
238 334 16687 O
60 267 16383 V
83 300 16483 R
10 173 16727 G
38 151 16658 B
109 252 16563 O
21 131 16329 G
66 263 16318 R
138 311 16796 I
30 175 16724 V
26 277 16526 V
49 143 16412 V
185 330 16609 V
119 127 16386 O
103 335 16781 V
169 197 16711 G
47 112 16309 R
118 224 16360 G
4 236 16386 I
255 269 16505 G
300 326 16713 I
167 332 16406 I
30 285 16479 B
124 173 16286 V
191 295 16491 G
2 316 16686 V
1 190 16645 B
159 244 16446 B
12 38 16526 G
79 334 16779 B
193 332 16379 G
152 247 16604 R
2 107 16723 B
111 183 16457 G
35 249 16378 O
32 175 16547 I
56 132 16691 V
240 335 16502 I
11 72 16761 I
57 284 16665 I
263 266 16322 Y
271 299 16408 I
283 286 16436 B
115 259 16513 I
21 340 16509 V
114 303 16567 G
152 232 16692 O
39 282 16658 G
223 253 16631 B
182 317 16474 Y
24 105 16383 I
35 120 16328 O
97 315 16358 Y
68 149 16664 I
17 164 16513 I
184 218 16547 G
296 331 16360 R
55 118 16349 R
116 124 16351 V
122 279 16332 O
158 214 16390 Y
12 34 16295 I
114 196 16616 I
149 318 16701 I
271 272 16762 R
18 264 16496 Y
124 237 16361 V
202 234 16546 G
251 294 16512 R
238 288 16320 I
205 275 16473 V
86 103 16663 I
168 249 16741 Y
141 250 16452 V
53 227 16708 B
70 261 16491 I
137 166 16494 B
255 327 16533 O
179 249 16455 O
236 292 16507 R
176 213 16646 Y
204 307 16462 B
307 331 16354 I
131 268 16755 G
126 328 16365 I
41 203 16542 Y
156 300 16262 V
236 327 16382 G
14 239 16633 R
86 260 16741 B
86 238 16404 V
46 53 16520 O
141 278 16533 I
137 229 16748 G
10 199 16314 O
300 329 16327 V
180 218 16409 O
138 245 16620 B
298 335 16311 B
98 243 16650 G
106 242 16263 B
74 185 16537 B
36 112 16568 B
134 312 16612 Y
162 235 16563 V
163 184 16592 O
103 188 16761 V
232 270 16643 Y
297 332 16339 G
237 246 16691 V
100 268 16641 V
68 144 16664 V
245 301 16302 V
50 102 16779 V
99 170 16304 Y
143 315 16584 R
143 288 16633 O
32 150 16382 I
59 62 16729 O
36 150 16542 V
163 286 16707 V
34 227 16410 I
184 245 16477 R
62 77 16662 G
185 275 16577 Y
143 237 16792 R
61 272 16794 I
297 341 16440 Y
95 252 16674 V
92 219 16522 V
92 154 16371 V
188 334 16359 R
313 316 16647 G
162 313 16333 V
129 144 16514 Y
61 66 16781 B
153 304 16429 I
35 87 16326 B
60 61 16585 Y
9 192 16319 R
126 131 16631 O
63 250 16369 V
18 91 16804 I
67 333 16267 O
109 313 16307 Y
202 336 16291 B
111 197 16635 V
250 311 16496 B
74 338 16313 R
114 192 16757 Y
31 152 16721 O
119 140 16741 Y
9 132 16578 G
20 131 16697 O
86 140 16636 G
63 259 16656 V
107 321 16427 B
6 48 16359 I
252 299 16437 R
224 270 16752 O
38 262 16266 I
146 300 16497 I
162 184 16515 V
188 240 16794 B
146 219 16353 Y
130 173 16439 Y
85 105 16520 Y
141 307 16734 V
131 198 16646 Y
154 166 16408 B
26 148 16799 B
39 90 16323 O
207 263 16628 O
55 249 16339 Y
130 321 16700 R
73 335 16480 R
124 337 16486 R
85 325 16697 R
140 218 16717 G
208 213 16435 O
132 237 16540 Y
171 226 16663 R
191 194 16292 Y
175 269 16449 V
64 156 16535 V
83 291 16291 O
21 78 16418 I
260 305 16454 R
196 328 16592 Y
183 302 16427 G
131 142 16506 B
156 164 16692 G
200 231 16336 O
131 276 16453 B
101 123 16295 Y
296 317 16310 V
133 229 16802 I
5 271 16802 Y
312 325 16707 G
140 305 16730 I
6 12 16382 V
64 251 16368 R
18 260 16489 Y
21 214 16697 R
273 274 16369 O
178 291 16554 B
94 99 16300 R
115 337 16327 R
198 305 16302 R
112 329 16290 R
181 224 16350 O
132 328 16580 Y
70 296 16575 V
92 126 16508 O
29 221 16486 G
26 141 16483 I
144 159 16501 I
67 193 16308 R
221 341 16604 R
93 112 16264 R
150 178 16438 Y
39 62 16575 O
26 204 16588 Y
29 230 16431 G
15 268 16407 I
37 210 16341 I
110 249 16508 Y
159 329 16309 I
38 96 16458 I
129 256 16676 O
217 278 16743 I
220 246 16798 G
245 274 16319 B
22 159 16538 B
187 324 16711 R
275 325 16321 Y
6 71 16769 B
149 182 16291 B
136 227 16713 V
68 280 16750 B
33 137 16623 G
198 248 16534 I
224 246 16279 R
48 210 16498 G
136 333 16326 V
98 273 16801 Y
73 287 16720 B
51 135 16348 R
40 52 16478 O
105 266 16442 B
206 239 16687 O
192 215 16677 O
13 26 16367 O
212 260 16468 R
218 220 16492 I
34 330 16557 R
33 128 16700 G
242 273 16705 I
213 262 16717 V
207 315 16705 O
196 216 16323 G
2 202 16337 B
143 147 16540 B
26 122 16645 B
160 227 16778 R
3 172 16635 I
272 319 16792 I
90 139 16635 I
5 316 16716 R
64 180 16750 V
93 229 16369 I
21 236 16605 I
265 284 16347 I
36 131 16543 B
313 314 16311 G
166 332 16397 B
85 317 16449 V
131 285 16333 R
102 226 16361 O
131 277 16738 G
193 273 16304 B
84 342 16682 O
47 84 16794 O
34 139 16784 R
47 257 16480 R
103 260 16327 B
150 165 16604 R
183 190 16655 B
64 272 16700 V
93 100 16413 O
78 201 16304 G
286 313 16615 B
27 142 16521 Y
218 321 16794 Y
29 310 16719 Y
242 328 16592 Y
65 219 16498 R
62 295 16439 O
146 209 16283 V
29 169 16570 Y
12 155 16510 G
39 332 16315 I
2 20 16544 R
44 326 16419 O
21 175 16783 V
46 68 16662 O
180 228 16563 R
226 278 16557 O
71 184 16731 G
69 338 16332 B
195 210 16723 I
200 330 16610 B
106 303 16771 O
267 306 16417 V
103 170 16514 G
242 269 16777 V
64 126 16354 B
150 333 16600 I
13 182 16443 V
78 95 16313 B
152 343 16598 Y
204 217 16417 B
82 168 16629 G
34 309 16754 G
49 166 16365 R
112 308 16631 O
88 267 16740 O
76 101 16432 Y
240 300 16397 I
168 324 16557 V
200 249 16445 B
146 317 16450 I
118 278 16668 O
34 175 16395 Y
37 336 16273 O
161 249 16657 O
146 330 16702 I
263 314 16746 G
28 242 16681 O
40 255 16546 Y
47 79 16707 O
132 322 16559 Y
12 281 16328 R
111 198 16802 Y
145 294 16398 Y
205 270 16791 G
83 159 16290 R
104 315 16376 Y
173 340 16339 I
294 327 16691 Y
70 333 16359 V
52 191 16605 G
24 217 16396 O
96 299 16797 B
134 283 16785 I
77 314 16408 G
11 260 16724 O
199 255 16781 B
158 182 16477 B
120 231 16327 B
160 295 16359 R
21 184 16681 Y
220 261 16764 R
245 260 16781 V
123 300 16630 G
6 100 16767 G
35 59 16608 R
116 243 16537 B
18 235 16322 R
93 216 16789 Y
42 337 16663 R
99 330 16561 V
261 328 16693 Y
21 271 16715 R
221 324 16659 G
196 207 16672 I
157 280 16436 V
100 260 16616 Y
32 79 16550 V
79 111 16322 O
11 279 16443 O
225 271 16455 O
131 332 16767 Y
35 338 16507 V
27 254 16486 R
169 234 16587 V
78 110 16625 B
204 227 16761 Y
277 286 16292 Y
83 186 16565 V
79 113 16740 G
75 338 16460 G
42 315 16651 V
52 320 16501 R
202 235 16288 G
146 214 16304 R
18 68 16782 B
47 195 16295 V
190 270 16318 O
7 220 16315 R
31 210 16366 R
48 245 16307 V
7 15 16428 O
210 283 16531 B
112 196 16557 V
40 59 16778 R
23 203 16495 I
42 142 16355 V
81 296 16591 G
138 200 16785 V
28 155 16556 V
17 138 16477 V
114 183 16593 O
33 126 16290 V
3 255 16429 O
190 272 16693 O
138 213 16597 O
266 298 16364 V
27 73 16803 B
182 251 16496 I
120 284 16796 O
319 332 16798 B
86 307 16701 B
17 215 16594 B
15 210 16746 R
57 337 16370 B
217 290 16473 B
72 194 16516 R
193 252 16294 O
217 288 16493 O
226 339 16432 G
128 192 16776 V
178 282 16664 Y
59 314 16523 Y
11 128 16314 B
88 188 16674 O
13 87 16630 B
130 225 16460 Y
215 231 16730 B
134 206 16662 R
70 130 16532 I
329 340 16365 R
201 333 16631 Y
35 37 16414 V
324 334 16734 B
235 339 16663 G
161 269 16493 I
28 232 16501 B
329 343 16269 I
225 290 16788 V
18 277 16425 R
268 315 16692 R
67 82 16566 R
56 78 16761 O
105 245 16804 G
211 297 16631 V
178 338 16608 R
79 237 16571 G
50 115 16660 I
33 72 16395 B
46 58 16768 G
179 275 16524 Y
10 308 16459 Y
218 272 16469 B
263 317 16722 G
205 245 16467 G
246 317 16518 Y
19 181 16589 R
22 236 16338 G
301 313 16571 B
217 338 16661 Y
95 172 16369 Y
210 323 16557 Y
222 317 16634 V
87 138 16415 R
33 149 16728 B
47 76 16728 B
60 305 16496 Y
78 211 16320 O
32 203 16338 G
291 295 16349 Y
132 292 16309 O
20 340 16300 G
187 328 16509 R
48 175 16726 V
60 192 16541 G
85 324 16734 I
173 256 16561 R
90 112 16755 R
94 196 16337 O
113 255 16588 I
154 286 16546 V
201 212 16494 G
159 174 16389 I
58 297 16274 V
37 256 16272 G
39 87 16431 O
38 167 16501 B
267 295 16784 B
19 214 16749 Y
160 290 16600 R
162 304 16390 O
234 341 16798 Y
213 315 16346 B
20 332 16348 B
93 338 16404 I
9 254 16599 O
30 336 16709 O
88 299 16655 G
28 336 16284 I
254 292 16707 Y
196 268 16424 I
21 318 16278 V
242 260 16332 V
71 223 16481 B
131 168 16481 O
249 329 16719 O
220 338 16727 I
196 336 16673 I
131 299 16329 B
114 141 16370 I
181 310 16488 B
22 265 16303 R
13 209 16387 O
267 285 16383 R
193 249 16387 V
112 318 16284 O
162 284 16703 I
104 141 16454 G
22 316 16463 V
272 296 16582 B
95 99 16476 G
34 84 16431 V
153 242 16396 G
96 131 16447 O
62 342 16412 G
210 255 16417 Y
2 94 16502 R
135 287 16768 R
226 287 16787 G
112 173 16732 O
57 238 16324 I
22 209 16717 G
30 326 16270 G
33 134 16472 V
6 168 16470 Y
158 265 16745 B
112 292 16309 V
176 263 16492 Y
209 210 16495 R
50 196 16708 B
146 183 16456 Y
84 103 16792 B
101 152 16368 V
150 185 16385 V
161 188 16668 R
35 48 16559 B
33 86 16739 V
19 331 16292 O
52 338 16711 O
149 192 16593 Y
111 264 16541 I
157 187 16718 I
5 342 16804 O
82 154 16615 G
15 66 16347 B
114 172 16577 V
111 287 16586 V
59 130 16516 I
217 251 16573 V
246 326 16802 I
19 146 16579 V
195 304 16662 V
210 342 16781 G
121 174 16284 G
110 132 16798 B
16 96 16335 O
212 234 16453 G
4 245 16351 B
150 280 16276 G
110 181 16786 G
100 245 16801 B
80 113 16640 G
139 224 16468 V
70 108 16571 Y
46 194 16639 V
26 285 16399 I
49 251 16787 V
7 309 16411 V
170 261 16514 O
42 227 16706 G
251 337 16697 V
36 195 16592 R
292 342 16297 Y
79 183 16368 O
18 199 16535 G
168 224 16364 B
220 316 16266 Y
78 231 16757 Y
24 174 16547 R
80 183 16469 B
101 234 16479 B
288 342 16405 G
3 63 16476 V
240 251 16599 B
138 298 16292 I
37 183 16608 V
1 28 16624 B
120 197 16274 V
262 317 16645 Y
128 199 16538 V
78 146 16314 B
163 277 16293 I
49 158 16700 Y
59 66 16807 O
90 288 16743 Y
211 263 16289 R
20 147 16410 I
70 181 16780 I
30 229 16472 I
22 275 16777 I
120 342 16675 B
5 120 16282 Y
178 191 16567 B
211 215 16351 B
197 298 16784 V
125 207 16746 B
99 282 16526 I
218 313 16597 Y
153 183 16439 V
104 150 16455 I
16 174 16564 I
65 268 16473 O
117 167 16758 Y
63 288 16458 R
53 294 16800 B
8 93 16530 G
37 304 16508 R
179 294 16343 Y
77 233 16286 O
10 186 16573 G
88 289 16303 G
168 320 16547 Y
43 330 16564 V
105 341 16635 V
196 199 16535 B
66 181 16417 Y
3 101 16415 B
247 323 16379 B
181 249 16596 R
211 319 16386 B
67 320 16339 R
98 244 16279 R
155 187 16286 O
20 84 16767 Y
150 285 16271 O
109 338 16510 G
178 262 16456 R
150 247 16777 O
159 282 16710 Y
145 219 16495 R
163 174 16338 V
24 293 16583 Y
56 189 16406 I
174 293 16796 G
82 109 16323 Y
333 343 16376 G
79 255 16619 O
65 336 16375 I
157 193 16769 Y
117 305 16436 I
149 325 16752 B
174 272 16298 R
2 146 16382 G
35 74 16292 G
156 246 16488 Y
61 224 16536 O
168 337 16788 Y
194 278 16511 B
194 256 16323 O
31 49 16526 G
42 244 16745 Y
71 94 16564 O
198 309 16785 R
148 209 16495 V
278 338 16538 Y
82 182 16384 V
51 328 16724 V
192 289 16363 I
127 210 16338 R
90 208 16735 G
1 251 16703 O
153 253 16652 Y
83 273 16412 G
115 304 16289 B
52 336 16400 Y
108 303 16691 G
84 297 16381 O
64 74 16291 O
218 279 16306 B
32 248 16318 I
57 214 16598 B
122 141 16778 Y
113 261 16530 G
124 255 16525 G
27 166 16770 V
165 256 16321 O
29 269 16526 B
119 195 16545 R
16 134 16307 I
121 168 16441 Y
32 36 16690 B
205 243 16628 R
67 95 16350 Y
15 342 16316 V
66 194 16624 V
257 327 16389 R
156 162 16423 V
77 144 16753 V
128 178 16745 I
153 177 16519 R
241 327 16723 V
25 42 16357 O
95 198 16766 I
25 206 16804 G
83 116 16392 V
34 68 16701 Y
127 295 16668 V
41 103 16754 O
175 244 16464 G
170 176 16413 B
194 245 16389 I
114 252 16442 B
233 269 16760 B
241 273 16765 V
79 324 16565 B
218 289 16432 R
30 306 16420 Y
248 280 16299 R
43 249 16271 B
1 229 16405 I
85 286 16801 G
100 181 16423 O
196 335 16377 G
156 203 16623 Y
40 46 16622 V
81 84 16584 Y
198 342 16590 V
28 165 16545 R
28 121 16507 I
267 286 16306 G
66 111 16802 I
26 225 16620 B
6 102 16401 O
72 86 16653 O
18 254 16736 G
30 245 16422 I
245 314 16283 V
77 223 16607 G
92 124 16535 V
155 283 16329 B
144 310 16306 V
22 113 16481 G
154 334 16294 I
11 263 16592 G
3 207 16469 I
7 33 16488 V
265 303 16303 R
116 315 16589 R
127 218 16512 V
279 285 16679 Y
51 185 16282 Y
46 90 16322 V
20 268 16718 B
1 131 16297 V
56 286 16516 R
59 308 16804 V
101 156 16297 O
220 341 16598 G
201 219 16708 O
301 332 16262 R
30 163 16593 R
66 140 16782 I
18 84 16673 B
69 145 16284 Y
42 312 16322 B
205 227 16511 R
112 163 16727 V
245 282 16710 B
104 232 16781 R
44 211 16555 Y
151 279 16333 O
146 208 16574 O
97 337 16748 G
228 314 16519 G
222 295 16539 B
44 143 16338 Y
225 329 16269 Y
128 227 16607 I
65 197 16634 I
9 306 16515 I
23 275 16482 V
159 162 16295 V
96 288 16367 I
150 202 16413 R
41 132 16737 I
158 193 16437 Y
55 143 16291 G
197 308 16377 O
131 240 16795 I
226 279 16342 B
23 272 16627 O
10 108 16794 Y
18 180 16520 I
10 190 16398 O
110 203 16455 V
15 159 16516 Y
136 146 16305 Y
321 325 16625 V
150 293 16745 I
5 78 16559 Y
91 136 16672 O
102 228 16298 R
54 195 16760 B
86 124 16341 R
32 140 16749 R
29 281 16691 Y
182 329 16482 O
137 301 16476 V
173 205 16583 Y
36 209 16618 Y
113 285 16357 B
219 336 16286 R
4 156 16771 V
257 343 16539 R
187 343 16676 I
122 191 16734 G
208 302 16275 Y
41 218 16537 Y
100 125 16679 V
77 159 16643 V
110 215 16790 V
49 263 16382 Y
134 335 16437 G
57 74 16358 V
112 127 16510 R
157 212 16664 G
162 340 16478 B
24 313 16653 V
10 254 16571 I
22 182 16459 O
110 259 16795 B
12 85 16520 B
73 253 16390 V
201 296 16385 Y
173 269 16437 V
29 295 16756 O
95 188 16597 Y
64 222 16439 R
11 216 16785 B
138 277 16655 V
54 134 16757 V
16 327 16599 Y
54 121 16281 V
219 278 16581 G
66 291 16296 V
18 56 16422 G
20 163 16560 G
73 75 16563 Y
12 103 16588 O
33 265 16638 B
143 282 16664 O
242 280 16713 Y
5 79 16455 Y
115 144 16343 Y
109 240 16589 R
12 29 16303 V
21 247 16805 Y
22 65 16732 I
159 295 16431 B
135 194 16685 V
284 338 16526 B
119 333 16601 R
62 250 16355 G
217 289 16668 G
46 113 16658 G
50 331 16740 R
154 284 16779 O
83 174 16672 V
9 110 16488 B
18 79 16743 Y
6 17 16557 B
77 193 16608 G
107 282 16535 O
328 333 16700 O
37 208 16760 R
94 325 16687 Y
158 302 16682 V
274 296 16693 O
258 340 16740 Y
189 247 16303 G
161 260 16438 O
227 341 16726 V
125 167 16717 B
65 126 16469 G
145 342 16733 B
147 185 16771 Y
49 140 16713 Y
252 301 16513 G
34 81 16718 R
80 302 16637 V
56 302 16427 G
3 284 16680 R
84 168 16740 G
20 261 16466 G
112 243 16401 O
298 341 16536 V
127 331 16707 G
84 216 16752 G
119 231 16804 R
118 223 16269 V
163 271 16669 Y
163 205 16405 G
172 261 16383 R
316 332 16677 I
217 223 16445 G
99 167 16691 V
122 172 16657 O
209 260 16638 V
45 176 16443 Y
54 242 16760 R
11 29 16338 V
3 324 16769 I
150 335 16554 G
56 58 16382 B
22 268 16271 G
108 284 16437 O
233 284 16696 B
64 342 16666 V
303 318 16661 Y
40 319 16470 O
129 133 16484 O
97 169 16603 G
36 105 16424 B
61 265 16635 B
135 227 16651 V
19 329 16416 O
184 190 16437 V
57 59 16669 Y
35 158 16551 Y
108 170 16535 O
250 341 16756 G
55 105 16800 R
8 137 16719 I
255 321 16560 R
30 86 16403 B
182 274 16652 V
241 275 16731 R
277 337 16555 R
108 122 16723 V
113 227 16306 O
15 124 16363 Y
139 274 16637 Y
240 342 16496 Y
62 291 16654 B
190 269 16683 G
21 298 16555 B
265 315 16524 B
12 130 16778 I
12 196 16473 B
32 324 16367 I
238 242 16620 R
43 150 16306 I
107 142 16369 O
150 265 16595 I
2 257 16760 Y
9 333 16559 G
4 116 16300 O
144 329 16420 G
234 277 16619 V
160 249 16510 V
80 167 16781 R
71 342 16527 V
37 265 16772 O
87 225 16359 R
237 282 16544 B
94 260 16376 Y
119 251 16625 O
33 216 16794 I
182 246 16363 Y
19 75 16448 G
258 332 16644 G
71 209 16390 R
48 180 16794 G
166 313 16437 O
62 272 16519 Y
89 152 16372 R
177 200 16773 V
19 229 16523 I
14 74 16396 V
215 318 16707 I
130 291 16333 Y
9 278 16777 G
25 323 16367 I
93 203 16670 V
240 337 16415 V
65 199 16696 Y
64 114 16458 B
196 244 16662 G
45 72 16300 G
258 283 16678 Y
66 280 16505 I
165 281 16499 I
30 177 16581 I
74 203 16433 V
282 297 16353 I
133 268 16706 R
147 279 16752 V
97 234 16412 I
78 202 16424 V
18 282 16754 Y
115 244 16352 G
153 295 16555 I
197 205 16522 R
106 211 16286 R
178 276 16687 V
239 247 16725 R
168 221 16806 B
176 300 16377 G
275 293 16334 Y
297 307 16342 O
220 306 16429 R
55 147 16368 B
248 295 16334 G
199 207 16308 R
147 231 16627 V
228 267 16555 O
80 128 16325 V
145 296 16666 O
104 202 16801 I
23 341 16585 I
259 315 16334 B
76 167 16470 V
228 263 16482 I
43 254 16384 G
7 67 16389 R
180 311 16666 V
120 247 16731 R
86 253 16499 I
113 324 16702 B
103 313 16639 B
62 102 16776 Y
168 190 16634 G
165 195 16390 V
83 222 16600 R
62 217 16795 B
9 129 16290 G
246 283 16359 V
84 271 16593 B
293 325 16281 I
10 44 16769 B
140 330 16485 I
156 245 16570 Y
127 159 16376 V
32 254 16397 G
27 244 16734 O
23 337 16436 Y
30 220 16306 O
59 278 16374 B
30 242 16506 R
56 289 16759 R
89 249 16487 R
138 191 16482 R
34 148 16748 R
12 91 16556 V
62 335 16506 V
3 204 16746 I
125 203 16593 O
9 215 16564 I
86 254 16619 Y
117 136 16484 V
236 319 16425 Y
118 228 16569 R
68 115 16602 B
6 37 16776 O
93 155 16512 V
154 193 16747 G
6 191 16684 V
40 309 16742 R
44 110 16300 B
58 214 16365 Y
113 134 16402 R
20 213 16477 V
31 291 16585 R
163 319 16514 O
9 335 16636 B
237 317 16366 O
36 110 16263 V
24 162 16802 O
56 77 16324 Y
165 166 16435 B
67 297 16404 I
133 178 16734 V
134 208 16540 G
63 114 16363 R
131 220 16332 R
222 307 16330 G
65 181 16754 V
158 246 16334 V
116 239 16767 G
38 135 16479 G
114 205 16623 B
83 161 16431 O
250 332 16403 I
98 326 16740 R
62 307 16303 V
9 45 16454 I
80 152 16807 B
6 74 16643 V
52 306 16568 O
134 322 16464 Y
141 175 16714 O
55 66 16280 I
151 183 16576 I
68 340 16324 V
25 135 16374 I
205 276 16681 R
66 186 16572 V
67 260 16341 O
96 98 16740 B
50 56 16395 G
107 254 16551 V
207 238 16580 O
29 78 16571 Y
157 166 16304 R
287 317 16603 Y
175 259 16341 B
35 270 16439 R
54 317 16400 I
37 206 16740 I
40 43 16270 I
293 310 16753 B
225 302 16444 R
4 295 16761 O
115 192 16345 V
160 247 16602 V
140 318 16775 I
209 289 16393 G
282 291 16670 R
69 250 16585 I
63 311 16505 I
90 92 16699 V
91 161 16366 V
88 266 16626 I
181 307 16607 I
130 160 16590 V
154 200 16272 B
107 132 16322 Y
125 322 16374 G
120 167 16566 V
133 169 16484 I
237 306 16548 Y
176 322 16379 R
129 188 16794 Y
70 325 16290 O
15 96 16576 Y
145 254 16277 V
105 299 16455 V
20 82 16525 I
146 261 16567 R
58 257 16501 O
115 306 16744 I
42 151 16410 O
75 137 16724 V
75 233 16476 Y
25 162 16704 V
21 246 16268 R
117 220 16451 V
217 333 16455 V
97 167 16312 R
85 191 16622 O
72 301 16296 G
193 274 16592 B
71 251 16352 I
66 230 16565 B
70 88 16445 B
134 331 16784 R
16 206 16552 V
19 298 16734 G
11 297 16280 O
200 334 16721 B
279 339 16412 I
68 235 16317 V
63 320 16759 R
36 162 16353 R
42 79 16442 B
66 317 16705 O
223 298 16588 Y
145 217 16335 I
99 202 16312 B
177 261 16571 Y
6 206 16629 I
214 279 16519 G
250 292 16468 V
60 266 16613 O
23 124 16620 R
224 267 16793 B
93 231 16675 G
252 256 16652 B
74 318 16497 G
203 239 16800 I
20 67 16293 R
91 102 16784 Y
127 204 16718 R
25 308 16614 B
132 313 16717 G
69 284 16777 O
81 117 16635 V
47 251 16479 V
278 286 16304 O
279 311 16664 R
159 314 16772 O
59 222 16622 V
141 227 16287 O
160 268 16705 B
103 329 16634 R
180 202 16485 O
108 147 16567 Y
209 285 16384 V
57 282 16639 I
143 176 16577 B
253 277 16738 I
154 331 16659 R
8 148 16748 B
11 160 16613 O
134 277 16302 R
13 246 16595 B
57 107 16359 B
127 193 16527 Y
173 296 16640 I
45 233 16624 G
91 272 16536 I
115 181 16362 I
76 250 16505 G
162 334 16559 R
55 327 16442 O
7 274 16649 Y
2 277 16578 Y
185 314 16437 R
50 98 16573 Y
25 205 16465 G
231 308 16325 O
205 322 16276 G
164 213 16725 O
22 51 16580 I
14 331 16557 V
27 113 16483 R
8 31 16678 I
42 181 16535 O
64 308 16425 I
138 233 16773 V
154 315 16588 B
19 70 16656 G
143 339 16712 G
275 324 16661 V
171 304 16684 V
64 331 16665 R
10 290 16398 Y
49 271 16263 G
65 294 16554 O
73 246 16291 O
6 51 16667 O
79 98 16663 Y
100 307 16768 G
78 99 16332 Y
5 88 16602 B
40 150 16806 Y
68 329 16727 Y
48 251 16541 I
228 293 16763 G
156 324 16492 R
52 277 16561 G
297 319 16285 V
73 86 16398 B
82 232 16767 B
36 79 16566 V
62 166 16571 V
4 86 16667 I
203 245 16679 G
205 263 16657 V
143 223 16589 B
138 165 16399 I
312 318 16552 Y
115 226 16429 G
172 190 16434 Y
129 293 16451 Y
295 317 16707 G
21 142 16565 I
71 110 16545 G
17 203 16531 Y
114 125 16640 B
125 129 16346 R
76 78 16286 Y
184 244 16460 G
79 107 16789 V
31 47 16590 Y
190 243 16736 R
6 75 16734 G
50 339 16765 V
174 265 16271 B
70 254 16795 I
49 213 16552 G
187 190 16322 V
73 151 16579 I
63 166 16685 V
156 249 16477 O
60 311 16598 B
29 59 16791 O
54 126 16388 B
4 237 16794 B
90 316 16369 G
58 83 16667 V
36 140 16477 B
69 160 16600 B
27 306 16537 O
75 180 16308 R
75 159 16703 Y
26 324 16799 O
262 309 16711 G
102 119 16570 G
81 316 16455 G
260 303 16569 R
31 285 16374 B
52 324 16507 Y
133 292 16700 V
91 230 16457 R
30 32 16807 Y
109 190 16779 G
235 266 16644 V
80 319 16562 Y
215 249 16497 Y
69 165 16663 Y
143 324 16448 O
266 318 16471 O
269 308 16435 V
104 221 16416 V
238 276 16746 G
123 326 16732 B
163 323 16690 O
29 86 16740 Y
3 15 16604 O
79 207 16288 O
179 196 16344 G
192 338 16572 G
55 222 16779 O
170 304 16478 G
38 214 16392 B
23 77 16748 G
161 300 16556 O
4 102 16388 O
152 174 16676 O
9 337 16557 Y
123 312 16647 R
122 224 16771 B
118 169 16469 O
252 305 16366 O
146 337 16600 V
152 153 16796 B
49 240 16574 B
38 40 16561 R
113 150 16604 Y
165 184 16320 I
15 207 16522 R
95 260 16706 G
73 283 16712 V
193 212 16295 O
133 170 16440 B
106 317 16529 G
135 139 16572 O
97 301 16482 O
209 243 16693 I
71 182 16433 B
19 124 16459 I
105 286 16333 O
105 188 16421 B
33 119 16465 Y
3 113 16382 O
11 153 16734 G
72 127 16621 I
188 216 16374 I
122 223 16536 R
101 229 16457 I
203 340 16738 V
64 300 16711 I
49 197 16385 I
241 308 16419 B
252 296 16300 R
248 311 16529 I
102 251 16622 O
85 278 16538 G
112 125 16764 V
59 78 16532 B
232 341 16770 G
66 142 16418 R
2 6 16360 G
118 216 16384 Y
10 11 16624 O
3 121 16766 O
239 307 16456 I
5 234 16447 G
59 80 16749 Y
15 140 16752 I
189 256 16603 I
179 226 16278 I
50 309 16467 B
102 332 16473 R
36 47 16764 O
201 277 16265 B
33 310 16422 Y
50 294 16576 B
209 215 16705 O
79 161 16580 R
253 298 16439 R
307 308 16617 I
173 248 16275 R
253 329 16321 I
280 291 16636 B
83 133 16591 G
178 289 16562 I
171 173 16478 I
223 250 16560 Y
220 305 16303 R
85 243 16699 Y
85 272 16293 R
252 282 16696 B
37 101 16754 Y
32 151 16670 O
4 206 16405 R
27 248 16608 B
15 193 16345 O
104 303 16607 Y
39 266 16663 G
20 323 16658 Y
169 322 16660 B
4 200 16354 O
16 163 16487 G
87 217 16782 R
32 264 16263 V
124 211 16695 O
191 245 16456 Y
38 331 16777 B
101 311 16746 B
157 189 16482 Y
146 227 16716 B
136 330 16573 V
26 296 16766 R
53 97 16418 O
83 119 16384 Y
57 315 16682 O
8 197 16399 O
109 168 16369 V
6 233 16785 I
35 223 16599 I
140 233 16679 I
100 174 16611 O
2 236 16792 O
57 202 16679 I
195 270 16516 V
148 177 16345 R
130 293 16640 I
272 334 16606 R
42 108 16710 R
241 283 16377 R
55 168 16320 Y
53 273 16646 G
10 315 16372 I
127 206 16801 O
20 197 16754 R
79 214 16655 V
105 199 16402 V
124 143 16305 B
68 246 16585 R
284 319 16400 I
138 334 16790 V
80 217 16655 G
112 209 16603 R
80 270 16803 R
247 307 16502 O
139 177 16366 O
67 334 16353 Y
22 33 16366 R
137 246 16591 B
17 33 16437 V
3 18 16568 B
30 331 16526 G
255 294 16439 R
160 284 16579 Y
96 336 16734 Y
183 221 16574 O
4 17 16572 I
2 27 16473 G
18 90 16669 G
147 245 16566 I
163 228 16681 I
142 273 16366 V
15 232 16293 G
110 257 16503 V
57 254 16301 I
111 146 16529 V
52 197 16382 O
87 165 16425 Y
8 68 16701 G
3 88 16439 V
123 288 16401 V
132 154 16736 R
129 241 16606 Y
277 297 16391 V
165 287 16334 V
55 272 16745 R
174 260 16778 V
81 315 16713 Y
273 320 16621 G
192 245 16458 B
100 180 16429 V
31 34 16689 V
217 240 16321 V
176 342 16639 G
47 286 16598 B
140 302 16530 R
195 292 16582 O
151 252 16761 R
171 256 16439 R
38 106 16782 I
184 308 16726 O
47 121 16560 G
136 321 16759 G
53 115 16523 Y
142 182 16754 B
51 61 16587 B
78 233 16760 O
48 54 16566 O
107 268 16412 B
82 144 16396 O
18 143 16394 O
10 330 16343 O
23 48 16300 V
155 237 16521 I
189 243 16324 V
297 316 16492 V
190 286 16509 G
168 328 16688 B
121 217 16733 V
65 107 16399 R
312 338 16537 O
60 112 16364 O
56 202 16696 V
4 75 16353 O
157 182 16535 R
221 250 16366 B
22 127 16564 R
78 318 16480 O
111 317 16606 O
108 340 16692 I
13 252 16556 G
26 179 16521 G
90 156 16789 V
91 202 16362 V
18 108 16567 V
80 322 16335 V
21 114 16334 I
192 330 16765 R
132 309 16682 R
132 156 16455 B
173 207 16382 B
193 270 16763 Y
43 163 16707 G
117 208 16345 V
113 330 16802 V
111 172 16344 B
136 254 16299 Y
180 226 16794 O
71 78 16306 I
59 212 16277 I
96 302 16559 O
80 337 16639 R
154 216 16651 G
118 328 16754 B
217 229 16492 R
164 281 16456 V
211 296 16632 R
135 233 16489 G
96 161 16763 G
95 254 16560 B
132 135 16598 I
220 329 16414 G
46 137 16667 I
63 108 16347 O
26 339 16562 G
12 128 16631 O
46 221 16324 I
22 313 16539 G
241 335 16613 I
12 51 16516 G
46 261 16390 R
179 218 16566 Y
8 236 16516 G
104 163 16501 V
26 114 16589 O
111 153 16272 O
94 290 16289 Y
262 326 16599 O
72 183 16427 I
104 109 16515 I
88 170 16580 Y
132 219 16288 O
162 254 16530 V
17 253 16296 R
299 319 16687 G
182 303 16416 Y
114 159 16460 V
31 101 16379 V
300 339 16710 G
18 319 16288 V
51 101 16630 O
31 239 16359 R
26 233 16721 O
41 136 16307 G
60 96 16394 Y
177 298 16750 R
78 93 16335 O
138 236 16433 G
249 263 16424 G
26 63 16303 Y
257 289 16567 V
50 312 16532 G
164 330 16507 O
39 43 16459 G
13 83 16561 O
113 317 16286 I
15 304 16620 Y
175 343 16553 Y
56 249 16748 V
243 336 16612 O
49 54 16468 O
40 237 16718 G
9 44 16342 G
258 341 16701 V
110 193 16471 Y
63 177 16602 V
30 308 16486 Y
238 291 16350 R
91 273 16387 O
172 189 16435 Y
99 139 16640 V
70 101 16393 R
99 288 16666 R
78 285 16441 B
147 263 16672 O
72 195 16506 R
270 322 16540 R
114 257 16476 R
220 235 16621 Y
208 281 16455 Y
212 225 16551 I
14 251 16565 O
63 115 16497 B
90 109 16583 R
190 276 16760 I
72 314 16617 Y
162 229 16719 Y
44 254 16418 I
242 279 16795 B
47 300 16320 R
86 113 16706 R
187 202 16268 O
175 180 16753 R
149 276 16628 V
178 334 16669 Y
91 214 16334 B
126 132 16512 O
114 292 16444 G
286 300 16358 B
18 223 16681 I
23 33 16745 O
192 336 16491 V
70 71 16433 B
55 109 16317 B
123 181 16651 Y
37 78 16458 V
75 85 16299 I
234 284 16272 G
143 247 16327 V
225 269 16518 O
115 295 16284 O
80 317 16555 B
3 124 16565 Y
149 245 16286 B
243 266 16306 I
159 276 16474 G
52 278 16335 R
52 94 16529 Y
5 197 16643 Y
66 289 16314 V
77 165 16367 G
108 286 16709 Y
284 312 16477 I
137 153 16298 V
112 142 16715 O
168 301 16331 B
26 103 16672 V
128 144 16413 V
59 221 16288 I
95 128 16690 R
47 113 16792 O
57 219 16409 Y
12 228 16504 R
131 274 16712 Y
223 280 16277 G
82 138 16290 B
114 288 16767 O
155 206 16284 Y
154 259 16520 G
173 291 16545 I
21 127 16358 Y
163 204 16585 B
135 285 16501 Y
232 234 16705 G
44 119 16351 I
115 206 16576 R
14 271 16290 O
117 147 16690 I
262 284 16414 O
68 146 16608 Y
32 156 16766 Y
202 309 16316 B
202 270 16748 I
102 186 16277 V
69 168 16472 Y
71 221 16705 B
39 275 16390 Y
268 324 16448 O
194 224 16410 Y
123 316 16726 R
63 125 16526 B
68 88 16358 I
165 207 16451 I
134 181 16565 G
47 265 16602 B
252 319 16409 O
19 186 16627 O
2 95 16540 I
84 224 16683 I
69 211 16370 O
161 253 16646 O
51 209 16511 R
82 200 16678 O
88 318 16397 Y
232 337 16627 Y
222 299 16272 V
2 48 16380 I
269 279 16472 R
327 341 16538 V
179 271 16469 O
251 328 16326 B
293 305 16792 V
11 231 16382 Y
140 219 16602 R
11 303 16394 V
116 169 16351 O
2 309 16292 B
70 233 16370 I
26 80 16627 O
16 93 16314 Y
191 315 16792 B
26 154 16703 G
230 332 16410 Y
13 167 16385 B
13 79 16717 O
67 340 16611 B
91 322 16450 I
159 252 16730 Y
215 290 16378 I
192 247 16312 R
162 317 16450 B
24 26 16363 I
124 289 16406 B
25 302 16689 I
41 236 16725 B
177 275 16450 Y
63 293 16750 I
78 324 16695 O
77 130 16480 Y
108 305 16447 Y
110 114 16302 I
205 223 16441 G
10 267 16496 Y
24 144 16299 Y
168 332 16717 I
11 107 16618 Y
302 335 16691 V
3 310 16673 Y
47 240 16293 B
91 183 16584 V
109 143 16336 I
144 229 16543 G
82 127 16644 Y
207 258 16447 O
129 302 16408 B
129 254 16714 G
72 99 16682 R
21 279 16779 I
80 110 16415 I
5 251 16741 I
223 243 16476 O
146 302 16319 R
217 269 16618 R
155 322 16437 B
34 209 16764 R
60 115 16309 Y
254 323 16289 Y
5 122 16645 I
65 185 16562 Y
4 168 16371 O
30 316 16320 B
25 178 16421 I
43 282 16784 Y
25 243 16303 V
38 236 16762 R
39 117 16725 Y
34 182 16422 B
155 243 16342 Y
138 239 16390 B
162 172 16697 Y
158 329 16323 G
119 160 16312 G
94 118 16763 O
180 287 16553 B
77 335 16281 B
8 260 16323 Y
33 42 16805 G
218 242 16769 Y
80 154 16645 O
87 223 16541 G
62 227 16505 I
27 333 16803 I
118 124 16665 B
87 201 16487 V
185 241 16474 I
281 321 16527 Y
5 102 16618 I
90 177 16504 I
36 152 16573 V
54 100 16703 B
127 305 16449 B
126 161 16432 O
55 151 16535 G
44 79 16590 V
204 322 16533 O
41 316 16470 B
163 167 16659 I
145 291 16281 O
12 36 16646 R
218 241 16422 R
93 153 16272 Y
136 328 16558 Y
107 302 16766 Y
110 218 16462 R
10 343 16684 G
151 180 16351 Y
63 160 16299 Y
89 227 16625 I
18 65 16766 R
83 91 16468 I
114 135 16714 R
192 333 16447 V
241 322 16455 R
88 250 16797 G
60 326 16625 O
293 300 16594 I
39 322 16580 V
92 281 16390 V
3 137 16557 Y
50 276 16687 B
25 294 16396 O
81 146 16644 B
108 200 16370 B
43 78 16542 R
141 143 16529 I
113 138 16351 B
139 206 16628 O
22 80 16804 V
66 319 16491 I
23 50 16514 B
127 289 16723 R
129 271 16715 I
112 270 16734 O
119 162 16613 I
250 301 16303 G
57 151 16435 O
89 216 16593 I
25 285 16747 Y
175 266 16482 I
6 162 16663 Y
147 234 16492 R
249 308 16671 O
79 191 16625 Y
92 179 16433 G
232 249 16654 O
49 95 16571 Y
202 264 16711 B
191 228 16695 Y
314 326 16512 R
117 212 16692 B
295 301 16614 V
44 336 16631 Y
35 192 16278 B
22 318 16646 O
38 95 16282 R
13 208 16427 R
33 64 16398 R
44 135 16764 B
22 167 16677 Y
29 75 16721 B
79 249 16454 I
225 326 16704 V
101 240 16417 Y
134 177 16463 B
89 210 16406 Y
172 310 16438 V
8 187 16345 O
53 340 16521 R
25 114 16504 G
235 285 16677 O
11 270 16299 I
3 108 16662 R
21 296 16424 V
148 262 16786 I
114 150 16576 G
278 317 16344 O
125 339 16308 V
221 273 16689 G
136 296 16292 Y
88 239 16769 V
28 282 16773 G
128 166 16587 Y
53 158 16359 V
180 265 16357 I
7 147 16467 G
18 342 16306 I
132 315 16424 Y
159 296 16798 B
80 194 16674 V
24 242 16447 G
154 267 16278 G
56 172 16720 I
119 257 16689 O
104 340 16654 Y
227 337 16569 I
37 207 16409 I
126 319 16704 I
147 331 16295 G
27 240 16710 G
101 209 16800 O
68 177 16698 B
84 89 16655 I
143 204 16707 O
285 331 16333 Y
125 285 16301 I
253 339 16289 Y
181 250 16727 V
1 169 16342 B
93 285 16397 Y
190 266 16492 V
275 292 16782 I
156 337 16396 O
48 300 16632 G
265 266 16589 Y
62 148 16596 R
135 171 16584 Y
96 245 16610 G
117 288 16709 V
210 284 16790 R
253 308 16434 V
62 99 16608 B
148 342 16662 V
154 230 16465 I
121 331 16504 O
143 306 16551 Y
136 162 16336 R
254 308 16806 Y
22 88 16658 R
84 329 16359 B
54 69 16303 O
187 313 16687 O
98 298 16519 O
150 164 16433 O
112 225 16653 I
202 227 16638 B
111 260 16544 O
98 122 16322 V
195 273 16765 I
107 129 16590 V
138 262 16518 G
56 267 16509 Y
9 139 16476 B
194 210 16534 R
151 260 16306 B
83 309 16707 Y
61 154 16437 I
110 313 16668 B
16 200 16521 Y
154 212 16789 R
65 70 16345 I
158 232 16652 G
113 115 16313 Y
232 329 16785 I
58 310 16771 Y
32 297 16326 G
91 271 16693 V
232 288 16716 G
141 214 16690 G
9 154 16262 I
58 170 16522 O
38 148 16375 O
187 289 16555 G
45 87 16347 R
152 322 16449 V
7 191 16339 R
59 253 16629 R
15 245 16308 Y
11 110 16429 R
192 266 16735 O
228 254 16648 Y
64 196 16712 Y
102 191 16351 G
102 221 16411 I
89 149 16332 V
93 134 16442 V
62 210 16522 O
101 245 16722 O
93 212 16776 R
137 232 16570 Y
12 132 16616 R
69 268 16528 G
11 129 16426 I
126 252 16553 B
94 205 16398 B
9 120 16687 R
89 121 16692 B
17 130 16739 Y
9 76 16383 I
126 203 16476 Y
87 323 16677 Y
165 220 16353 I
77 274 16303 G
54 228 16721 O
233 287 16369 Y
24 191 16532 B
204 265 16350 Y
42 179 16797 I
65 249 16468 V
51 343 16392 I
82 97 16525 G
165 236 16310 O
130 163 16300 I
