326 2401
105 317 16807 I
98 263 16807 R
1 225 16807 I
77 241 16807 R
199 266 16807 I
129 177 16807 V
70 218 16807 R
136 277 16807 V
56 137 16807 R
48 100 16807 I
164 266 16807 I
143 258 16807 V
7 57 16807 O
76 218 16807 V
100 136 16807 Y
36 117 16807 Y
97 195 16807 B
22 233 16807 Y
195 287 16807 Y
247 262 16807 I
245 326 16807 O
99 292 16807 V
231 256 16807 G
43 324 16807 G
131 157 16807 R
81 314 16807 G
172 320 16807 V
95 276 16807 I
236 241 16807 G
235 242 16807 G
85 212 16807 B
160 309 16807 I
70 194 16807 R
241 257 16807 Y
50 234 16807 I
249 270 16807 R
151 268 16807 V
191 304 16807 G
24 259 16807 Y
35 232 16807 V
35 88 16807 R
31 115 16807 Y
38 58 16807 B
88 124 16807 Y
9 171 16807 V
111 255 16807 V
182 219 16807 Y
200 223 16807 V
97 143 16807 B
63 318 16807 V
91 104 16807 R
88 172 16807 B
263 316 16807 I
133 235 16807 G
170 220 16807 Y
188 256 16807 I
7 109 16807 V
46 293 16807 I
219 231 16807 I
19 182 16807 Y
17 106 16807 B
150 251 16807 R
66 198 16807 B
33 103 16807 G
192 321 16807 I
282 309 16807 G
189 256 16807 V
166 218 16807 I
88 197 16807 O
261 292 16807 O
30 318 16807 R
45 227 16807 V
98 125 16807 O
26 165 16807 V
41 302 16807 I
16 239 16807 O
130 256 16807 B
86 139 16807 B
22 139 16807 B
185 222 16807 Y
111 256 16807 V
183 230 16807 G
169 239 16807 Y
125 273 16807 G
176 278 16807 B
128 214 16807 B
209 282 16807 B
172 176 16807 I
15 169 16807 V
39 114 16807 B
85 220 16807 V
29 313 16807 G
21 47 16807 I
66 273 16807 G
37 190 16807 R
143 176 16807 R
267 280 16807 G
181 288 16807 O
79 147 16807 O
4 323 16807 Y
202 289 16807 O
35 189 16807 Y
225 260 16807 V
49 196 16807 R
87 216 16807 B
71 304 16807 O
60 146 16807 G
29 128 16807 B
20 177 16807 B
207 221 16807 I
95 151 16807 I
31 109 16807 G
12 290 16807 B
225 298 16807 Y
225 269 16807 I
227 235 16807 Y
66 176 16807 O
41 88 16807 O
288 309 16807 O
38 225 16807 R
177 233 16807 I
155 294 16807 G
26 78 16807 G
12 173 16807 R
49 182 16807 I
35 179 16807 G
42 325 16807 Y
197 322 16807 V
15 193 16807 G
67 84 16807 I
56 200 16807 O
133 171 16807 O
186 203 16807 V
74 197 16807 B
81 288 16807 G
40 145 16807 Y
119 228 16807 Y
164 172 16807 G
3 203 16807 V
94 245 16807 G
210 218 16807 V
231 248 16807 Y
172 304 16807 I
32 85 16807 O
75 190 16807 R
126 275 16807 I
285 324 16807 R
91 200 16807 O
33 76 16807 Y
115 169 16807 B
187 300 16807 I
26 60 16807 Y
67 157 16807 V
21 163 16807 R
85 111 16807 B
68 167 16807 B
8 283 16807 Y
110 220 16807 R
63 142 16807 B
80 146 16807 O
184 270 16807 O
106 192 16807 O
220 291 16807 V
115 179 16807 O
77 296 16807 R
109 227 16807 I
32 37 16807 G
81 142 16807 B
39 276 16807 I
23 154 16807 Y
109 255 16807 I
43 94 16807 Y
65 112 16807 R
56 265 16807 I
53 284 16807 B
4 214 16807 I
51 286 16807 O
135 176 16807 B
54 232 16807 V
37 259 16807 R
222 286 16807 V
46 52 16807 R
70 200 16807 G
80 99 16807 G
100 276 16807 G
55 276 16807 R
191 249 16807 R
3 72 16807 V
167 207 16807 B
93 212 16807 O
41 104 16807 B
35 169 16807 O
98 271 16807 R
134 285 16807 V
93 174 16807 B
23 300 16807 B
107 147 16807 V
22 268 16807 O
249 251 16807 V
227 253 16807 B
135 275 16807 B
128 262 16807 Y
168 263 16807 V
235 258 16807 O
10 171 16807 O
8 99 16807 G
74 297 16807 Y
264 287 16807 B
9 267 16807 V
3 221 16807 G
159 262 16807 R
107 230 16807 I
247 283 16807 V
60 82 16807 R
180 323 16807 B
68 209 16807 Y
18 310 16807 G
17 56 16807 O
58 215 16807 I
247 287 16807 I
211 270 16807 V
39 166 16807 Y
243 281 16807 O
131 298 16807 V
223 264 16807 I
155 258 16807 Y
96 131 16807 R
47 120 16807 V
113 157 16807 G
45 198 16807 Y
75 208 16807 V
200 324 16807 R
116 118 16807 G
180 325 16807 R
31 96 16807 R
153 278 16807 V
120 326 16807 Y
199 252 16807 O
66 212 16807 Y
146 203 16807 B
41 226 16807 Y
168 228 16807 Y
264 270 16807 I
191 233 16807 I
97 291 16807 Y
65 284 16807 B
319 325 16807 G
2 14 16807 V
196 292 16807 I
66 81 16807 V
106 323 16807 O
117 169 16807 I
8 268 16807 O
272 324 16807 O
86 117 16807 R
139 144 16807 V
75 150 16807 Y
121 209 16807 R
121 155 16807 R
14 225 16807 O
33 277 16807 R
108 253 16807 O
17 135 16807 V
111 291 16807 G
16 43 16807 B
78 157 16807 O
13 216 16807 G
84 141 16807 Y
120 241 16807 B
50 214 16807 G
7 135 16807 V
200 210 16807 R
258 303 16807 O
104 249 16807 Y
140 261 16807 G
140 143 16807 O
203 288 16807 Y
108 258 16807 B
82 226 16807 B
133 175 16807 G
163 308 16807 G
8 149 16807 B
68 96 16807 R
76 100 16807 B
288 311 16807 G
126 183 16807 R
308 313 16807 I
36 219 16807 R
8 133 16807 Y
240 292 16807 O
52 217 16807 V
120 309 16807 B
72 90 16807 O
99 238 16807 Y
19 43 16807 V
168 233 16807 B
26 208 16807 R
116 251 16807 I
1 286 16807 Y
174 253 16807 I
62 251 16807 B
71 191 16807 I
90 314 16807 O
75 231 16807 O
36 118 16807 G
304 314 16807 I
24 323 16807 I
109 113 16807 O
20 249 16807 V
16 258 16807 Y
66 169 16807 O
48 147 16807 G
48 49 16807 I
165 206 16807 G
36 90 16807 V
242 294 16807 B
290 310 16807 V
43 164 16807 I
106 147 16807 B
71 160 16807 G
48 171 16807 V
37 38 16807 B
96 110 16807 O
70 260 16807 Y
181 249 16807 B
142 287 16807 O
78 188 16807 G
74 169 16807 G
181 221 16807 V
48 257 16807 B
129 202 16807 R
4 65 16807 I
115 308 16807 Y
45 154 16807 I
196 259 16807 O
73 273 16807 B
65 239 16807 B
18 102 16807 G
226 256 16807 V
214 292 16807 V
72 284 16807 O
116 185 16807 O
274 275 16807 B
63 138 16807 O
106 146 16807 V
37 157 16807 V
104 146 16807 Y
23 325 16807 O
29 308 16807 O
256 314 16807 O
70 229 16807 R
20 53 16807 Y
166 196 16807 I
205 278 16807 V
203 285 16807 O
40 311 16807 V
170 259 16807 B
213 305 16807 G
60 288 16807 I
170 261 16807 R
168 298 16807 O
153 248 16807 I
34 88 16807 O
14 195 16807 G
92 228 16807 G
91 279 16807 O
28 164 16807 I
35 180 16807 B
76 324 16807 Y
79 154 16807 I
37 234 16807 V
129 303 16807 Y
136 250 16807 B
209 273 16807 B
41 77 16807 G
191 305 16807 B
196 236 16807 G
5 86 16807 Y
94 173 16807 Y
28 139 16807 G
132 136 16807 R
125 140 16807 O
194 317 16807 G
72 268 16807 R
12 86 16807 G
28 138 16807 O
17 134 16807 G
221 230 16807 I
15 268 16807 G
182 292 16807 B
91 95 16807 B
66 163 16807 I
139 266 16807 I
69 157 16807 B
148 181 16807 G
175 307 16807 G
72 104 16807 O
108 312 16807 R
15 46 16807 O
66 68 16807 I
274 293 16807 G
286 325 16807 I
6 142 16807 I
61 235 16807 I
111 134 16807 G
79 135 16807 R
130 238 16807 G
209 311 16807 I
167 220 16807 V
106 268 16807 B
100 301 16807 O
129 322 16807 R
25 51 16807 B
15 253 16807 Y
156 261 16807 Y
103 165 16807 B
212 277 16807 O
40 98 16807 B
273 296 16807 G
62 188 16807 B
49 240 16807 Y
106 291 16807 O
96 192 16807 G
66 217 16807 Y
206 298 16807 I
166 233 16807 O
109 156 16807 O
44 136 16807 R
261 322 16807 O
179 230 16807 V
189 253 16807 G
146 221 16807 V
82 282 16807 I
162 169 16807 B
68 138 16807 V
73 184 16807 O
183 316 16807 V
47 88 16807 V
306 308 16807 V
14 180 16807 B
138 289 16807 V
32 296 16807 I
54 115 16807 R
186 261 16807 B
22 176 16807 R
125 266 16807 G
166 286 16807 O
89 201 16807 Y
45 89 16807 O
188 314 16807 G
86 143 16807 I
23 127 16807 O
1 47 16807 G
81 305 16807 I
54 139 16807 Y
98 164 16807 Y
139 161 16807 R
16 255 16807 Y
107 128 16807 R
57 128 16807 V
179 197 16807 R
69 212 16807 B
87 103 16807 I
97 275 16807 O
151 322 16807 I
118 210 16807 V
87 181 16807 V
18 25 16807 B
179 242 16807 O
152 214 16807 B
34 117 16807 B
57 317 16807 I
26 121 16807 O
264 305 16807 V
15 278 16807 O
19 252 16807 G
2 195 16807 Y
40 310 16807 V
21 23 16807 B
52 169 16807 G
229 266 16807 I
148 321 16807 R
136 308 16807 R
98 265 16807 Y
21 292 16807 R
8 294 16807 Y
124 251 16807 Y
192 196 16807 B
37 280 16807 O
61 66 16807 O
140 231 16807 V
221 266 16807 G
139 150 16807 V
157 231 16807 R
86 303 16807 B
70 298 16807 Y
23 108 16807 I
79 83 16807 I
175 253 16807 I
81 304 16807 V
212 230 16807 B
114 166 16807 I
67 304 16807 G
108 114 16807 B
18 84 16807 R
147 265 16807 Y
265 283 16807 V
168 284 16807 B
26 152 16807 R
26 216 16807 Y
48 195 16807 V
145 282 16807 O
35 227 16807 B
143 287 16807 G
130 204 16807 V
4 304 16807 B
148 189 16807 O
114 273 16807 R
52 150 16807 V
50 171 16807 V
2 7 16807 O
65 298 16807 R
179 236 16807 B
293 319 16807 I
132 173 16807 I
53 282 16807 O
227 233 16807 I
201 274 16807 V
96 224 16807 I
163 282 16807 O
6 304 16807 G
45 205 16807 Y
123 244 16807 O
59 189 16807 B
65 164 16807 O
101 225 16807 B
143 154 16807 R
42 132 16807 I
129 287 16807 O
22 254 16807 G
240 254 16807 I
77 149 16807 Y
155 246 16807 G
124 220 16807 G
6 323 16807 Y
29 319 16807 R
47 156 16807 V
134 304 16807 I
205 319 16807 R
67 225 16807 G
280 314 16807 B
283 312 16807 I
58 210 16807 I
53 90 16807 O
8 262 16807 V
106 119 16807 G
67 292 16807 R
69 71 16807 O
99 198 16807 R
87 190 16807 B
23 57 16807 O
251 325 16807 R
129 230 16807 R
96 226 16807 R
56 97 16807 R
35 165 16807 V
203 277 16807 Y
48 229 16807 Y
129 235 16807 O
1 263 16807 B
76 165 16807 G
264 323 16807 Y
82 240 16807 G
211 278 16807 V
112 313 16807 O
87 233 16807 I
13 180 16807 V
111 204 16807 B
79 125 16807 G
37 285 16807 B
14 292 16807 I
11 27 16807 B
214 291 16807 B
9 108 16807 R
95 242 16807 I
143 319 16807 V
6 241 16807 B
105 106 16807 O
20 87 16807 V
151 316 16807 Y
45 181 16807 R
166 308 16807 V
67 81 16807 O
28 191 16807 I
38 222 16807 V
37 139 16807 V
145 176 16807 R
22 248 16807 I
34 145 16807 R
190 249 16807 G
259 322 16807 O
41 129 16807 I
15 156 16807 R
1 117 16807 G
248 252 16807 R
246 317 16807 G
62 131 16807 O
125 220 16807 G
238 326 16807 R
53 320 16807 G
142 155 16807 Y
27 133 16807 Y
31 324 16807 O
196 288 16807 Y
156 324 16807 Y
242 281 16807 G
127 201 16807 B
83 215 16807 V
57 70 16807 Y
148 233 16807 G
163 301 16807 V
16 90 16807 V
194 240 16807 R
63 108 16807 B
70 274 16807 I
125 317 16807 B
110 170 16807 R
24 108 16807 Y
60 255 16807 Y
14 53 16807 V
162 227 16807 I
77 107 16807 G
204 316 16807 O
103 180 16807 Y
161 300 16807 I
18 39 16807 R
63 213 16807 O
183 297 16807 Y
191 274 16807 I
274 290 16807 O
149 243 16807 O
78 179 16807 B
76 117 16807 R
153 319 16807 G
112 306 16807 G
40 225 16807 G
120 312 16807 I
154 282 16807 B
170 195 16807 Y
220 271 16807 R
158 178 16807 G
99 230 16807 G
12 45 16807 R
16 312 16807 I
101 104 16807 B
8 13 16807 R
67 239 16807 I
192 302 16807 G
11 265 16807 B
9 89 16807 O
113 195 16807 I
77 176 16807 I
2 209 16807 Y
115 155 16807 O
3 196 16807 O
102 284 16807 V
100 160 16807 G
68 120 16807 G
161 280 16807 I
159 228 16807 G
158 326 16807 G
165 196 16807 G
16 218 16807 Y
132 202 16807 G
118 325 16807 G
25 40 16807 V
72 99 16807 V
19 133 16807 R
3 182 16807 R
285 318 16807 G
8 202 16807 I
60 187 16807 G
103 201 16807 G
28 47 16807 R
77 174 16807 Y
14 154 16807 I
201 302 16807 B
275 281 16807 R
252 259 16807 R
155 316 16807 V
280 306 16807 O
52 308 16807 G
40 207 16807 B
67 217 16807 V
129 271 16807 I
169 264 16807 B
181 306 16807 Y
270 326 16807 O
5 100 16807 I
56 109 16807 R
127 192 16807 I
45 90 16807 I
24 116 16807 R
11 248 16807 G
58 103 16807 Y
115 127 16807 V
37 48 16807 Y
256 268 16807 I
98 311 16807 I
174 308 16807 R
96 293 16807 I
28 296 16807 O
31 60 16807 Y
137 310 16807 V
137 150 16807 R
193 287 16807 G
183 203 16807 R
46 288 16807 B
94 96 16807 B
74 216 16807 R
36 189 16807 R
28 223 16807 Y
173 256 16807 I
226 274 16807 I
59 295 16807 R
218 311 16807 Y
16 201 16807 B
110 306 16807 G
92 182 16807 B
44 182 16807 O
90 317 16807 I
129 300 16807 G
96 113 16807 V
123 137 16807 I
35 129 16807 R
76 281 16807 Y
103 203 16807 I
13 118 16807 G
154 233 16807 I
233 320 16807 O
49 114 16807 O
127 175 16807 O
149 262 16807 O
8 286 16807 G
64 107 16807 G
133 311 16807 O
28 153 16807 I
23 304 16807 B
121 308 16807 I
40 249 16807 G
72 178 16807 B
46 141 16807 V
159 225 16807 B
231 273 16807 V
66 82 16807 Y
54 194 16807 R
36 250 16807 Y
37 122 16807 V
8 22 16807 G
29 315 16807 G
9 266 16807 B
118 288 16807 V
8 213 16807 V
163 247 16807 Y
143 198 16807 O
10 295 16807 G
56 313 16807 B
16 283 16807 O
140 147 16807 B
149 279 16807 Y
118 256 16807 V
73 213 16807 G
74 153 16807 I
155 298 16807 G
15 112 16807 B
100 184 16807 Y
27 291 16807 O
144 196 16807 Y
129 269 16807 I
19 263 16807 O
37 244 16807 Y
215 253 16807 B
30 78 16807 V
44 146 16807 V
171 310 16807 G
113 320 16807 B
66 224 16807 R
11 279 16807 I
34 149 16807 B
14 128 16807 B
82 248 16807 B
24 106 16807 G
156 283 16807 I
183 231 16807 R
256 285 16807 G
7 263 16807 Y
141 248 16807 G
13 210 16807 Y
239 254 16807 B
116 246 16807 Y
303 323 16807 B
19 190 16807 R
299 319 16807 G
201 279 16807 B
83 177 16807 I
188 262 16807 V
206 320 16807 B
21 49 16807 R
14 24 16807 R
2 122 16807 O
120 218 16807 I
40 297 16807 O
219 299 16807 O
19 139 16807 B
181 200 16807 V
91 147 16807 V
154 178 16807 O
179 218 16807 G
96 140 16807 G
164 271 16807 O
233 259 16807 R
194 297 16807 R
114 225 16807 I
38 109 16807 O
42 212 16807 O
130 189 16807 B
143 279 16807 B
195 228 16807 I
81 137 16807 G
150 323 16807 G
85 241 16807 G
235 278 16807 B
54 166 16807 Y
171 270 16807 G
50 297 16807 R
237 253 16807 Y
169 267 16807 B
173 201 16807 V
176 282 16807 O
24 292 16807 O
50 232 16807 O
30 122 16807 O
215 304 16807 G
234 298 16807 I
42 272 16807 I
57 280 16807 V
29 138 16807 Y
19 166 16807 R
229 242 16807 I
66 160 16807 O
22 229 16807 G
268 291 16807 Y
65 127 16807 I
50 137 16807 Y
53 175 16807 V
105 306 16807 I
151 188 16807 V
64 249 16807 V
33 252 16807 B
92 147 16807 G
184 297 16807 B
216 258 16807 I
38 289 16807 G
17 305 16807 R
22 170 16807 O
42 73 16807 B
71 126 16807 R
116 247 16807 O
78 172 16807 B
253 323 16807 Y
220 237 16807 I
88 147 16807 V
277 300 16807 I
112 295 16807 O
180 235 16807 V
145 159 16807 V
65 213 16807 B
12 205 16807 B
20 185 16807 G
137 307 16807 B
99 110 16807 O
140 301 16807 Y
109 318 16807 V
16 28 16807 Y
261 320 16807 G
138 192 16807 I
273 314 16807 B
253 266 16807 G
144 297 16807 R
3 109 16807 Y
64 115 16807 I
153 210 16807 I
266 299 16807 B
109 294 16807 O
65 178 16807 G
1 182 16807 R
57 184 16807 B
113 278 16807 I
56 209 16807 Y
35 73 16807 G
94 162 16807 G
14 320 16807 V
260 320 16807 R
56 228 16807 Y
185 297 16807 G
46 87 16807 B
40 57 16807 R
51 158 16807 Y
13 136 16807 R
52 193 16807 R
40 242 16807 I
53 286 16807 B
51 193 16807 I
70 151 16807 Y
76 221 16807 G
81 292 16807 I
195 256 16807 I
51 269 16807 R
142 302 16807 B
52 133 16807 B
101 139 16807 O
128 188 16807 V
187 253 16807 R
165 233 16807 I
206 212 16807 I
57 180 16807 G
90 240 16807 I
48 158 16807 O
46 253 16807 I
208 302 16807 Y
33 159 16807 O
28 87 16807 G
30 115 16807 I
52 84 16807 O
127 311 16807 B
132 192 16807 Y
171 201 16807 V
150 265 16807 I
23 172 16807 B
118 147 16807 Y
235 326 16807 V
225 300 16807 R
70 307 16807 B
78 148 16807 B
141 162 16807 O
53 200 16807 I
74 229 16807 Y
115 164 16807 I
53 150 16807 V
271 272 16807 R
101 231 16807 O
18 122 16807 V
305 322 16807 V
27 102 16807 R
163 226 16807 G
188 285 16807 O
250 306 16807 B
46 63 16807 B
96 180 16807 Y
85 187 16807 I
21 187 16807 O
59 94 16807 G
47 59 16807 V
161 172 16807 O
90 191 16807 V
5 120 16807 V
41 98 16807 R
65 281 16807 G
62 312 16807 Y
4 200 16807 O
56 194 16807 B
202 282 16807 Y
10 253 16807 Y
100 140 16807 Y
53 106 16807 Y
170 208 16807 O
103 138 16807 G
95 189 16807 O
129 299 16807 I
215 314 16807 Y
93 203 16807 B
37 263 16807 Y
39 221 16807 O
101 214 16807 B
174 289 16807 V
34 204 16807 O
10 130 16807 I
195 199 16807 G
43 197 16807 Y
165 286 16807 V
32 66 16807 B
21 237 16807 Y
33 189 16807 V
7 322 16807 O
64 105 16807 G
7 108 16807 I
50 315 16807 Y
27 43 16807 V
144 153 16807 O
72 114 16807 Y
82 88 16807 V
62 287 16807 R
124 311 16807 I
50 56 16807 O
38 127 16807 B
112 167 16807 B
58 286 16807 G
101 295 16807 V
71 267 16807 B
184 321 16807 V
101 324 16807 O
213 222 16807 B
236 262 16807 R
18 226 16807 B
80 84 16807 I
294 308 16807 Y
66 242 16807 I
7 51 16807 B
64 271 16807 R
293 323 16807 R
49 208 16807 R
33 273 16807 O
169 232 16807 V
153 206 16807 Y
172 271 16807 Y
53 93 16807 O
122 215 16807 R
242 249 16807 I
218 232 16807 Y
30 306 16807 V
100 238 16807 O
76 257 16807 O
197 303 16807 G
32 271 16807 R
284 314 16807 O
140 308 16807 O
90 210 16807 O
126 290 16807 R
113 301 16807 R
139 175 16807 O
265 274 16807 V
97 255 16807 V
230 236 16807 Y
44 254 16807 B
208 239 16807 R
123 257 16807 V
182 296 16807 B
29 322 16807 V
30 323 16807 G
15 67 16807 Y
65 77 16807 O
199 200 16807 R
116 212 16807 I
22 134 16807 O
188 267 16807 Y
1 271 16807 I
96 231 16807 V
66 219 16807 Y
50 288 16807 G
51 159 16807 Y
31 309 16807 R
5 59 16807 B
147 199 16807 B
127 267 16807 B
10 271 16807 I
25 300 16807 V
98 163 16807 B
194 244 16807 Y
67 252 16807 Y
40 99 16807 R
69 80 16807 O
229 244 16807 G
111 289 16807 B
262 275 16807 O
36 139 16807 O
22 31 16807 V
164 279 16807 R
74 115 16807 I
31 32 16807 O
39 219 16807 R
12 63 16807 V
9 152 16807 G
31 290 16807 G
221 306 16807 B
121 200 16807 I
50 72 16807 B
59 151 16807 R
230 259 16807 V
230 274 16807 B
170 268 16807 B
146 317 16807 R
146 220 16807 G
43 86 16807 Y
29 241 16807 I
35 237 16807 V
23 142 16807 Y
96 315 16807 B
76 132 16807 O
62 137 16807 V
149 163 16807 I
120 156 16807 V
77 252 16807 V
309 316 16807 V
179 193 16807 I
118 264 16807 G
201 218 16807 B
91 188 16807 I
228 232 16807 O
35 292 16807 O
40 277 16807 O
39 226 16807 O
284 319 16807 I
60 69 16807 B
78 158 16807 R
19 233 16807 O
51 54 16807 I
55 68 16807 V
26 122 16807 G
208 257 16807 O
10 41 16807 O
204 325 16807 G
6 325 16807 Y
14 17 16807 V
81 158 16807 V
145 293 16807 Y
253 274 16807 I
144 215 16807 O
122 220 16807 V
150 242 16807 O
45 115 16807 B
210 212 16807 I
69 288 16807 O
84 111 16807 I
77 267 16807 B
107 113 16807 I
10 37 16807 B
100 144 16807 O
180 285 16807 V
22 241 16807 O
89 160 16807 V
18 305 16807 R
28 54 16807 O
34 272 16807 Y
59 190 16807 R
1 229 16807 V
8 265 16807 R
75 296 16807 I
101 288 16807 B
73 77 16807 G
38 88 16807 G
207 254 16807 I
66 94 16807 G
12 277 16807 Y
207 282 16807 V
56 284 16807 V
50 247 16807 I
87 273 16807 G
35 210 16807 G
44 80 16807 G
74 158 16807 B
25 280 16807 R
49 180 16807 B
183 255 16807 V
173 213 16807 G
147 214 16807 B
12 81 16807 G
21 299 16807 V
72 277 16807 B
110 121 16807 G
228 254 16807 Y
29 173 16807 R
76 91 16807 B
205 277 16807 O
164 284 16807 Y
9 186 16807 R
32 305 16807 B
109 210 16807 Y
66 284 16807 G
128 265 16807 I
271 314 16807 G
126 193 16807 G
115 305 16807 I
206 216 16807 G
194 229 16807 R
22 310 16807 I
27 238 16807 G
218 221 16807 V
49 197 16807 I
74 288 16807 I
76 321 16807 G
19 236 16807 B
127 190 16807 V
5 292 16807 O
49 137 16807 V
83 184 16807 Y
196 271 16807 Y
22 73 16807 V
30 229 16807 R
12 299 16807 V
27 100 16807 O
169 178 16807 Y
40 100 16807 B
124 200 16807 R
98 249 16807 R
54 240 16807 G
158 267 16807 I
183 235 16807 O
6 300 16807 I
95 288 16807 Y
73 171 16807 V
175 257 16807 V
88 143 16807 V
60 304 16807 R
18 91 16807 O
141 151 16807 G
251 269 16807 B
82 148 16807 R
81 195 16807 B
52 226 16807 G
95 222 16807 I
33 293 16807 I
43 75 16807 B
64 124 16807 I
64 77 16807 Y
45 119 16807 I
29 76 16807 G
133 265 16807 Y
181 227 16807 B
118 297 16807 O
59 198 16807 I
90 292 16807 G
76 226 16807 R
40 49 16807 I
260 262 16807 O
90 201 16807 O
179 284 16807 G
19 165 16807 Y
193 226 16807 I
75 134 16807 R
77 185 16807 B
89 242 16807 R
64 282 16807 R
148 282 16807 B
75 225 16807 G
174 278 16807 G
99 149 16807 G
7 142 16807 G
213 257 16807 G
132 309 16807 I
24 306 16807 O
3 249 16807 R
174 285 16807 G
103 126 16807 I
181 258 16807 I
37 153 16807 G
173 259 16807 I
181 195 16807 O
237 287 16807 O
134 158 16807 Y
203 230 16807 G
176 199 16807 Y
19 124 16807 V
8 226 16807 R
1 159 16807 I
231 263 16807 R
118 290 16807 I
217 302 16807 V
77 211 16807 Y
92 289 16807 V
46 56 16807 I
138 241 16807 B
246 293 16807 B
11 95 16807 R
194 281 16807 I
97 282 16807 O
191 311 16807 G
119 227 16807 G
112 273 16807 O
283 295 16807 Y
57 58 16807 G
60 253 16807 I
69 159 16807 O
239 312 16807 Y
115 248 16807 I
108 190 16807 V
109 141 16807 Y
25 202 16807 R
102 133 16807 G
291 298 16807 B
62 135 16807 O
49 274 16807 O
184 311 16807 O
152 192 16807 G
102 302 16807 Y
133 284 16807 G
50 313 16807 I
144 178 16807 G
182 236 16807 V
125 310 16807 Y
229 282 16807 Y
33 219 16807 I
208 318 16807 B
24 196 16807 B
50 89 16807 Y
263 315 16807 V
62 235 16807 G
155 283 16807 Y
119 207 16807 R
119 182 16807 I
28 128 16807 I
226 255 16807 G
205 270 16807 I
136 316 16807 G
191 224 16807 G
36 105 16807 B
58 134 16807 V
6 37 16807 R
4 218 16807 Y
59 164 16807 I
67 82 16807 I
111 192 16807 O
149 166 16807 I
70 263 16807 I
128 249 16807 V
163 279 16807 B
83 88 16807 O
63 141 16807 I
16 265 16807 I
102 222 16807 V
82 224 16807 B
158 176 16807 I
60 293 16807 G
261 302 16807 B
49 135 16807 B
52 280 16807 V
14 31 16807 Y
161 199 16807 Y
14 42 16807 R
16 54 16807 O
62 223 16807 V
55 92 16807 B
212 272 16807 B
13 103 16807 V
17 190 16807 I
123 301 16807 B
65 220 16807 G
89 294 16807 R
34 86 16807 Y
27 84 16807 I
10 68 16807 B
124 249 16807 Y
27 94 16807 V
207 307 16807 I
45 153 16807 B
223 268 16807 B
75 159 16807 G
65 226 16807 G
213 246 16807 B
9 285 16807 R
187 252 16807 G
3 41 16807 I
228 299 16807 R
97 321 16807 B
198 241 16807 O
274 318 16807 V
18 216 16807 G
35 46 16807 Y
49 181 16807 I
156 313 16807 B
139 239 16807 O
70 172 16807 I
167 184 16807 B
97 323 16807 R
304 319 16807 R
89 138 16807 V
97 198 16807 B
15 211 16807 R
272 303 16807 I
70 83 16807 R
296 303 16807 I
266 272 16807 O
31 187 16807 V
36 114 16807 R
21 99 16807 B
7 37 16807 R
40 94 16807 O
4 213 16807 V
36 177 16807 I
215 237 16807 V
104 134 16807 R
131 199 16807 O
96 188 16807 R
255 269 16807 G
29 229 16807 G
225 253 16807 B
74 215 16807 B
51 221 16807 O
8 105 16807 V
5 322 16807 O
161 304 16807 O
52 264 16807 B
39 273 16807 O
267 272 16807 V
285 290 16807 Y
126 277 16807 Y
69 84 16807 Y
156 164 16807 I
156 170 16807 B
79 131 16807 G
220 255 16807 O
24 256 16807 Y
92 230 16807 I
242 302 16807 O
167 283 16807 Y
77 100 16807 G
7 171 16807 Y
129 204 16807 Y
159 296 16807 I
117 147 16807 I
87 184 16807 R
227 257 16807 B
36 220 16807 G
38 210 16807 G
163 214 16807 G
68 279 16807 O
201 301 16807 O
178 263 16807 R
3 76 16807 I
130 255 16807 B
24 109 16807 I
108 225 16807 I
91 130 16807 O
108 183 16807 R
61 203 16807 R
25 70 16807 Y
86 239 16807 O
7 83 16807 B
91 263 16807 I
80 314 16807 I
189 288 16807 G
120 281 16807 V
51 140 16807 Y
69 152 16807 G
198 272 16807 O
69 223 16807 G
28 91 16807 O
157 234 16807 Y
58 246 16807 V
72 189 16807 G
150 321 16807 Y
59 207 16807 B
99 220 16807 Y
22 297 16807 G
92 149 16807 R
251 257 16807 B
3 104 16807 O
195 257 16807 O
74 176 16807 O
47 149 16807 B
42 211 16807 O
117 260 16807 Y
152 301 16807 G
132 191 16807 Y
193 249 16807 O
208 304 16807 G
223 242 16807 B
252 260 16807 V
254 316 16807 V
139 162 16807 R
19 217 16807 O
40 219 16807 Y
13 176 16807 O
184 262 16807 R
55 214 16807 I
102 118 16807 V
263 278 16807 Y
210 286 16807 V
47 242 16807 I
78 282 16807 Y
89 116 16807 G
93 272 16807 B
6 134 16807 R
100 270 16807 Y
274 323 16807 O
240 250 16807 V
21 113 16807 R
32 54 16807 R
18 196 16807 O
18 101 16807 Y
32 33 16807 R
108 216 16807 I
170 251 16807 R
49 112 16807 I
138 153 16807 Y
200 229 16807 R
221 228 16807 O
90 153 16807 I
141 234 16807 O
150 217 16807 V
4 11 16807 I
90 237 16807 Y
205 315 16807 B
3 148 16807 G
11 234 16807 R
54 284 16807 G
75 197 16807 I
254 300 16807 I
17 168 16807 V
79 132 16807 G
274 316 16807 B
66 199 16807 R
85 191 16807 I
186 252 16807 V
78 315 16807 B
60 266 16807 B
125 267 16807 Y
185 243 16807 B
45 64 16807 I
7 224 16807 O
243 303 16807 O
123 179 16807 B
99 299 16807 B
123 238 16807 R
184 231 16807 R
66 173 16807 R
17 315 16807 G
71 95 16807 R
177 212 16807 I
1 143 16807 I
141 173 16807 G
129 304 16807 V
210 313 16807 B
218 313 16807 G
91 96 16807 B
142 226 16807 R
160 262 16807 G
96 191 16807 I
139 188 16807 I
69 127 16807 V
39 101 16807 R
104 280 16807 I
5 130 16807 R
66 318 16807 G
64 265 16807 R
136 219 16807 R
159 252 16807 V
88 211 16807 O
12 161 16807 Y
90 275 16807 G
100 285 16807 B
4 140 16807 R
131 277 16807 I
263 302 16807 G
106 151 16807 O
33 41 16807 Y
141 144 16807 O
57 130 16807 O
117 285 16807 I
220 247 16807 B
148 269 16807 G
189 206 16807 O
249 301 16807 B
74 162 16807 O
298 320 16807 R
219 286 16807 V
206 303 16807 Y
120 307 16807 I
173 245 16807 I
14 305 16807 O
159 266 16807 R
80 304 16807 O
241 249 16807 O
164 265 16807 R
148 200 16807 V
83 262 16807 B
80 82 16807 G
67 145 16807 I
95 117 16807 O
186 273 16807 I
204 213 16807 B
35 99 16807 O
90 132 16807 O
139 258 16807 R
323 326 16807 G
88 101 16807 R
246 258 16807 G
77 130 16807 B
221 313 16807 I
179 225 16807 O
64 76 16807 Y
99 156 16807 R
141 165 16807 V
51 276 16807 B
34 178 16807 G
126 164 16807 G
106 156 16807 V
80 310 16807 I
131 212 16807 O
85 180 16807 G
26 235 16807 B
100 323 16807 O
3 289 16807 V
52 161 16807 O
9 118 16807 B
160 291 16807 Y
95 243 16807 V
194 283 16807 Y
199 247 16807 V
70 319 16807 O
232 314 16807 V
251 282 16807 Y
72 324 16807 R
33 157 16807 I
22 117 16807 O
96 266 16807 V
4 98 16807 Y
173 206 16807 I
320 323 16807 O
130 254 16807 V
32 150 16807 O
105 148 16807 R
76 325 16807 I
130 231 16807 R
217 232 16807 G
75 315 16807 R
25 237 16807 I
311 313 16807 R
136 249 16807 Y
25 257 16807 V
149 165 16807 R
2 61 16807 O
51 245 16807 B
104 284 16807 R
4 212 16807 G
169 244 16807 G
72 229 16807 Y
194 201 16807 I
157 161 16807 G
285 291 16807 G
26 61 16807 O
90 259 16807 Y
289 305 16807 Y
198 231 16807 Y
163 178 16807 R
23 151 16807 O
71 242 16807 O
189 194 16807 R
101 243 16807 O
95 255 16807 I
182 192 16807 G
9 274 16807 R
238 261 16807 V
118 260 16807 V
245 325 16807 Y
16 31 16807 V
108 287 16807 O
201 222 16807 I
172 262 16807 G
6 220 16807 O
133 217 16807 O
29 223 16807 V
30 128 16807 B
155 279 16807 O
253 301 16807 I
78 239 16807 V
17 242 16807 O
30 298 16807 G
123 161 16807 G
21 282 16807 R
10 12 16807 G
63 206 16807 O
140 214 16807 I
94 130 16807 R
66 118 16807 Y
43 51 16807 B
175 217 16807 G
94 208 16807 G
103 198 16807 G
113 151 16807 O
114 292 16807 G
74 266 16807 B
42 43 16807 G
110 128 16807 Y
36 286 16807 I
234 276 16807 O
301 311 16807 G
57 302 16807 R
145 314 16807 Y
208 311 16807 V
45 102 16807 B
21 189 16807 I
18 37 16807 B
111 171 16807 G
32 237 16807 O
219 279 16807 I
110 153 16807 V
142 180 16807 G
158 209 16807 R
175 248 16807 I
50 111 16807 V
267 304 16807 B
20 317 16807 B
94 324 16807 B
214 236 16807 V
154 172 16807 I
263 279 16807 Y
36 154 16807 V
153 311 16807 B
174 300 16807 G
33 67 16807 Y
28 36 16807 I
198 200 16807 V
78 147 16807 I
6 24 16807 V
52 96 16807 I
11 129 16807 G
242 268 16807 V
237 283 16807 I
4 85 16807 O
154 305 16807 B
166 298 16807 O
23 294 16807 R
205 214 16807 V
59 117 16807 G
64 148 16807 B
136 151 16807 V
12 236 16807 G
118 285 16807 O
9 305 16807 G
103 221 16807 Y
11 243 16807 B
1 275 16807 R
40 111 16807 Y
96 151 16807 O
180 229 16807 R
2 126 16807 B
269 284 16807 G
196 223 16807 R
92 161 16807 O
11 195 16807 B
98 139 16807 Y
157 202 16807 O
87 141 16807 Y
95 270 16807 R
220 316 16807 Y
71 302 16807 Y
239 311 16807 O
13 79 16807 V
18 96 16807 V
63 100 16807 V
130 196 16807 I
9 84 16807 I
67 178 16807 B
13 161 16807 G
154 312 16807 B
130 177 16807 O
109 196 16807 I
244 254 16807 G
106 210 16807 I
67 299 16807 V
38 207 16807 G
269 289 16807 R
20 320 16807 V
48 87 16807 B
84 310 16807 V
21 166 16807 O
158 291 16807 O
124 271 16807 B
136 160 16807 Y
177 308 16807 Y
119 302 16807 G
85 197 16807 O
185 277 16807 B
221 243 16807 R
3 313 16807 B
152 197 16807 V
12 301 16807 I
21 43 16807 G
89 123 16807 B
46 243 16807 O
69 78 16807 O
230 313 16807 B
218 278 16807 Y
130 141 16807 G
32 110 16807 I
253 326 16807 Y
64 166 16807 I
116 305 16807 G
157 168 16807 G
47 278 16807 Y
308 322 16807 Y
97 211 16807 Y
66 281 16807 G
152 233 16807 V
5 68 16807 R
50 252 16807 Y
40 103 16807 I
40 300 16807 R
29 108 16807 Y
220 279 16807 V
65 170 16807 V
210 318 16807 R
33 142 16807 V
73 242 16807 R
285 322 16807 I
186 187 16807 V
20 158 16807 R
83 137 16807 I
169 190 16807 O
162 275 16807 B
63 103 16807 Y
1 325 16807 Y
152 212 16807 V
115 257 16807 V
44 93 16807 R
306 320 16807 V
33 110 16807 B
107 146 16807 B
231 305 16807 B
90 116 16807 Y
102 115 16807 O
262 301 16807 V
61 259 16807 G
79 122 16807 I
218 291 16807 R
104 147 16807 I
22 80 16807 Y
69 108 16807 B
186 250 16807 O
88 308 16807 G
150 294 16807 O
174 263 16807 R
94 199 16807 Y
102 136 16807 G
128 315 16807 V
5 90 16807 R
48 224 16807 I
72 254 16807 G
124 172 16807 Y
54 85 16807 G
154 317 16807 G
216 233 16807 O
197 211 16807 I
101 211 16807 G
103 247 16807 I
109 120 16807 O
80 117 16807 V
92 216 16807 Y
151 314 16807 G
4 96 16807 O
106 144 16807 V
119 234 16807 O
46 200 16807 Y
110 144 16807 B
155 197 16807 Y
69 246 16807 O
233 261 16807 I
46 298 16807 V
213 295 16807 R
75 221 16807 G
111 159 16807 R
81 206 16807 Y
84 215 16807 G
185 227 16807 I
106 193 16807 Y
60 70 16807 V
85 145 16807 I
9 48 16807 V
52 114 16807 O
141 215 16807 Y
3 55 16807 I
178 202 16807 R
78 258 16807 I
102 146 16807 V
134 193 16807 V
125 151 16807 Y
68 219 16807 G
126 212 16807 B
283 311 16807 V
151 324 16807 V
183 254 16807 R
195 286 16807 Y
117 165 16807 Y
96 120 16807 O
46 307 16807 G
13 305 16807 R
9 258 16807 V
84 103 16807 B
49 251 16807 B
320 325 16807 Y
135 303 16807 V
221 290 16807 Y
152 225 16807 O
60 86 16807 Y
161 286 16807 V
163 272 16807 B
56 164 16807 G
119 290 16807 I
21 294 16807 I
257 309 16807 R
45 125 16807 R
70 96 16807 I
195 314 16807 B
115 294 16807 Y
73 268 16807 B
7 256 16807 O
23 25 16807 Y
144 281 16807 I
23 76 16807 O
189 201 16807 I
95 238 16807 G
206 275 16807 Y
174 325 16807 G
3 71 16807 I
16 30 16807 R
139 213 16807 Y
73 153 16807 I
11 83 16807 Y
180 238 16807 Y
186 210 16807 B
10 229 16807 O
57 64 16807 I
308 310 16807 I
113 173 16807 V
93 184 16807 B
120 231 16807 O
104 105 16807 V
11 137 16807 Y
133 255 16807 I
294 313 16807 R
154 229 16807 B
160 187 16807 G
1 266 16807 R
45 241 16807 V
20 326 16807 R
43 186 16807 G
109 189 16807 Y
288 317 16807 R
299 300 16807 G
54 198 16807 O
59 76 16807 R
146 205 16807 I
217 245 16807 B
60 248 16807 G
30 95 16807 B
29 195 16807 G
109 300 16807 I
3 128 16807 B
106 183 16807 Y
221 288 16807 Y
49 104 16807 Y
80 206 16807 R
93 260 16807 R
201 225 16807 G
44 195 16807 Y
124 206 16807 Y
21 251 16807 R
109 289 16807 G
81 216 16807 Y
106 141 16807 R
176 245 16807 O
141 160 16807 Y
76 159 16807 V
191 300 16807 I
53 219 16807 R
27 28 16807 Y
79 309 16807 B
209 294 16807 B
137 250 16807 V
40 131 16807 V
245 287 16807 V
176 200 16807 R
73 274 16807 Y
36 136 16807 O
35 220 16807 I
135 289 16807 B
45 71 16807 R
163 255 16807 Y
111 324 16807 R
159 224 16807 V
46 171 16807 Y
84 212 16807 Y
157 297 16807 B
261 267 16807 Y
182 250 16807 Y
133 249 16807 R
137 174 16807 B
60 121 16807 Y
46 294 16807 G
99 313 16807 Y
122 323 16807 V
66 285 16807 I
112 181 16807 G
23 278 16807 O
32 222 16807 O
5 232 16807 G
151 244 16807 V
44 116 16807 Y
75 257 16807 O
245 322 16807 I
51 216 16807 V
172 224 16807 I
147 288 16807 Y
101 173 16807 B
39 320 16807 R
14 322 16807 Y
67 144 16807 B
121 291 16807 G
196 321 16807 G
144 282 16807 V
32 75 16807 I
69 166 16807 Y
32 185 16807 G
41 118 16807 V
84 87 16807 O
90 108 16807 R
173 241 16807 I
65 67 16807 Y
96 176 16807 V
189 228 16807 Y
32 171 16807 V
142 202 16807 G
56 319 16807 G
38 68 16807 R
51 109 16807 B
87 291 16807 Y
3 31 16807 O
61 161 16807 O
103 178 16807 O
277 278 16807 O
197 236 16807 B
207 311 16807 V
137 155 16807 I
150 267 16807 O
41 256 16807 Y
101 125 16807 I
98 198 16807 O
162 314 16807 Y
66 76 16807 G
212 319 16807 B
78 236 16807 R
97 201 16807 I
13 217 16807 O
37 269 16807 R
241 320 16807 O
264 309 16807 V
23 77 16807 Y
206 208 16807 G
183 216 16807 V
71 187 16807 G
125 276 16807 O
11 301 16807 G
80 279 16807 Y
71 105 16807 B
28 75 16807 O
25 214 16807 R
122 168 16807 Y
243 268 16807 Y
27 145 16807 I
153 289 16807 V
82 121 16807 R
67 206 16807 I
31 274 16807 O
17 164 16807 O
27 203 16807 I
9 294 16807 Y
147 149 16807 G
158 239 16807 R
87 171 16807 O
65 227 16807 I
85 136 16807 G
138 237 16807 G
131 257 16807 Y
128 140 16807 O
101 151 16807 I
194 203 16807 G
208 266 16807 O
165 167 16807 O
121 251 16807 O
169 286 16807 O
9 81 16807 V
164 315 16807 Y
206 291 16807 V
66 282 16807 R
153 201 16807 Y
15 280 16807 V
119 193 16807 R
65 225 16807 Y
52 152 16807 I
91 128 16807 R
69 91 16807 O
195 295 16807 G
58 304 16807 B
72 147 16807 G
182 183 16807 Y
183 197 16807 B
79 167 16807 R
113 183 16807 G
182 240 16807 R
161 249 16807 B
79 84 16807 G
74 148 16807 V
111 302 16807 G
5 185 16807 I
25 82 16807 G
180 236 16807 R
150 318 16807 Y
135 179 16807 O
89 316 16807 I
166 206 16807 I
155 188 16807 I
128 174 16807 O
127 139 16807 Y
80 198 16807 O
189 257 16807 B
20 215 16807 O
100 260 16807 I
95 164 16807 Y
43 253 16807 Y
141 218 16807 Y
153 239 16807 R
203 210 16807 Y
237 262 16807 O
209 262 16807 G
2 79 16807 O
179 223 16807 R
59 165 16807 O
157 270 16807 R
67 254 16807 G
15 299 16807 B
180 253 16807 R
245 268 16807 B
151 251 16807 G
38 293 16807 O
146 266 16807 R
133 292 16807 G
3 122 16807 I
87 296 16807 G
162 244 16807 B
170 190 16807 Y
77 300 16807 O
58 318 16807 R
121 272 16807 O
112 270 16807 O
38 99 16807 Y
87 326 16807 V
55 192 16807 G
52 83 16807 I
34 125 16807 Y
49 286 16807 R
42 78 16807 G
258 311 16807 Y
49 282 16807 V
116 323 16807 G
115 275 16807 V
217 318 16807 V
40 182 16807 O
147 196 16807 R
57 278 16807 I
268 277 16807 B
223 303 16807 R
136 240 16807 G
77 193 16807 G
26 92 16807 O
207 297 16807 R
36 77 16807 I
4 144 16807 B
229 296 16807 G
24 63 16807 I
139 298 16807 G
36 283 16807 R
133 233 16807 O
163 302 16807 R
186 277 16807 V
12 116 16807 Y
295 322 16807 Y
200 263 16807 R
164 285 16807 Y
212 263 16807 Y
145 214 16807 O
79 193 16807 Y
179 274 16807 B
26 255 16807 Y
26 201 16807 I
67 118 16807 V
280 309 16807 V
310 320 16807 B
74 120 16807 O
239 246 16807 Y
163 233 16807 G
159 265 16807 R
256 319 16807 I
144 211 16807 B
41 85 16807 G
164 252 16807 Y
227 321 16807 V
21 313 16807 Y
107 323 16807 O
147 291 16807 I
13 47 16807 Y
138 325 16807 I
130 274 16807 Y
116 176 16807 O
15 179 16807 B
13 56 16807 V
52 319 16807 O
25 89 16807 G
283 319 16807 V
76 271 16807 V
69 143 16807 O
255 314 16807 O
41 117 16807 B
81 186 16807 B
180 306 16807 Y
50 154 16807 V
228 277 16807 O
45 70 16807 G
116 144 16807 V
62 226 16807 Y
67 288 16807 R
146 313 16807 Y
196 261 16807 Y
168 268 16807 B
71 106 16807 V
202 308 16807 O
125 238 16807 O
200 291 16807 I
221 258 16807 Y
32 301 16807 G
89 253 16807 G
161 261 16807 B
2 239 16807 R
97 102 16807 I
91 258 16807 O
101 164 16807 V
25 31 16807 G
88 180 16807 V
103 149 16807 I
134 283 16807 R
35 298 16807 I
249 285 16807 V
216 298 16807 R
91 274 16807 R
113 138 16807 Y
176 250 16807 R
5 115 16807 G
234 282 16807 Y
90 301 16807 I
152 289 16807 G
144 277 16807 B
33 138 16807 O
146 195 16807 O
64 259 16807 O
254 295 16807 O
86 243 16807 V
164 212 16807 I
61 301 16807 R
213 286 16807 O
37 60 16807 R
148 261 16807 O
29 170 16807 Y
48 167 16807 O
144 316 16807 B
155 322 16807 V
131 191 16807 G
64 257 16807 R
237 320 16807 R
73 209 16807 R
284 321 16807 R
69 225 16807 B
50 317 16807 R
87 260 16807 O
246 325 16807 Y
210 263 16807 G
207 294 16807 G
173 310 16807 O
30 312 16807 Y
30 155 16807 B
15 59 16807 R
29 303 16807 I
228 240 16807 G
151 224 16807 Y
202 239 16807 I
21 300 16807 O
243 272 16807 R
5 104 16807 V
169 313 16807 R
33 253 16807 R
302 313 16807 V
108 131 16807 G
141 308 16807 Y
24 325 16807 G
204 263 16807 O
89 122 16807 G
18 323 16807 B
131 133 16807 I
150 314 16807 I
198 247 16807 O
66 135 16807 I
162 301 16807 Y
146 162 16807 B
3 212 16807 G
56 197 16807 G
191 295 16807 B
18 223 16807 V
22 33 16807 G
171 268 16807 I
31 243 16807 V
194 264 16807 I
1 228 16807 I
261 263 16807 V
231 272 16807 Y
143 237 16807 B
140 265 16807 O
58 146 16807 V
156 321 16807 O
49 215 16807 O
110 234 16807 G
30 47 16807 O
46 313 16807 V
23 167 16807 Y
39 207 16807 I
87 131 16807 V
199 219 16807 B
14 222 16807 B
84 196 16807 R
178 196 16807 O
35 316 16807 R
67 296 16807 Y
193 317 16807 G
214 289 16807 O
39 63 16807 B
59 148 16807 B
157 264 16807 G
264 313 16807 V
28 265 16807 R
29 186 16807 Y
25 195 16807 G
203 280 16807 V
22 133 16807 R
62 230 16807 Y
6 192 16807 V
185 249 16807 V
53 244 16807 B
143 295 16807 R
3 211 16807 O
193 325 16807 Y
93 257 16807 G
1 137 16807 I
38 107 16807 B
67 218 16807 B
56 98 16807 Y
139 237 16807 O
105 269 16807 I
71 281 16807 I
11 266 16807 B
67 204 16807 Y
34 84 16807 V
68 211 16807 R
38 117 16807 I
60 274 16807 B
48 77 16807 Y
257 322 16807 Y
130 137 16807 V
23 182 16807 O
183 218 16807 Y
42 127 16807 Y
63 262 16807 G
133 236 16807 R
254 320 16807 G
191 322 16807 I
12 298 16807 Y
288 314 16807 Y
101 213 16807 Y
23 269 16807 V
69 315 16807 B
73 189 16807 V
13 98 16807 B
222 305 16807 V
77 293 16807 G
64 70 16807 G
142 167 16807 V
183 246 16807 B
113 293 16807 V
94 323 16807 R
229 280 16807 R
297 321 16807 V
41 314 16807 Y
79 212 16807 G
70 232 16807 O
104 133 16807 V
4 271 16807 Y
122 298 16807 R
104 282 16807 B
55 224 16807 Y
151 157 16807 I
202 236 16807 O
228 289 16807 G
97 124 16807 R
310 324 16807 B
69 131 16807 O
