340 2401
163 194 16802 B
231 256 16742 R
36 187 16802 Y
210 292 16797 G
150 278 16797 R
208 255 16793 R
154 269 16760 O
8 234 16804 O
5 18 16772 O
76 117 16775 O
18 211 16752 G
279 295 16741 I
113 208 16779 Y
199 299 16788 O
87 226 16729 Y
11 43 16769 R
270 275 16735 B
138 267 16729 O
24 285 16742 V
238 252 16797 I
22 131 16735 G
27 132 16764 Y
162 211 16799 Y
138 184 16777 Y
70 323 16756 O
230 340 16779 G
23 249 16796 B
157 227 16750 R
105 296 16793 I
223 279 16725 O
16 293 16777 R
85 277 16727 Y
147 178 16746 G
282 326 16755 B
80 247 16750 I
7 122 16779 O
209 226 16762 R
17 206 16755 I
109 143 16797 V
19 304 16752 R
161 250 16782 G
134 159 16726 O
183 201 16747 I
215 249 16749 O
56 330 16773 V
101 288 16743 G
6 337 16734 R
66 98 16757 O
62 190 16794 G
3 209 16741 R
185 280 16799 Y
89 328 16753 B
7 209 16802 B
53 271 16805 R
144 327 16762 B
226 288 16748 R
53 254 16756 V
145 340 16736 V
30 250 16782 V
125 153 16760 I
247 280 16765 O
20 22 16756 O
66 251 16764 Y
50 257 16806 I
40 309 16736 G
45 253 16758 O
148 204 16732 R
16 246 16789 G
92 147 16755 I
201 232 16734 B
277 311 16744 Y
29 340 16757 G
190 285 16736 I
159 322 16730 Y
47 198 16769 O
47 151 16763 Y
24 209 16801 Y
187 194 16757 O
42 219 16734 I
146 273 16796 V
198 226 16781 B
48 88 16741 B
7 276 16730 V
80 249 16756 O
41 237 16753 G
165 204 16796 Y
251 274 16742 B
29 42 16734 B
18 128 16751 R
14 305 16723 B
88 112 16744 R
53 92 16753 O
193 241 16806 Y
113 190 16800 R
89 292 16802 I
261 307 16790 B
16 245 16748 R
14 249 16757 R
116 212 16744 B
143 259 16771 I
10 40 16749 I
285 286 16760 Y
22 115 16750 G
40 201 16784 B
60 218 16791 I
127 243 16762 I
46 289 16796 G
123 244 16777 O
27 217 16782 R
29 84 16767 B
211 239 16784 B
6 275 16787 Y
239 293 16723 Y
116 256 16740 R
6 102 16799 R
72 265 16754 V
282 299 16800 G
229 289 16753 V
166 263 16771 O
75 153 16761 O
84 224 16743 Y
1 67 16756 I
158 311 16758 O
3 168 16772 G
89 104 16722 I
334 336 16780 R
23 103 16797 V
118 298 16802 G
51 330 16738 Y
110 258 16760 O
117 286 16804 I
107 156 16746 Y
26 135 16778 R
65 124 16790 O
38 232 16755 G
249 274 16722 Y
115 188 16783 Y
130 148 16769 B
137 164 16729 O
75 302 16769 B
242 264 16726 R
113 338 16750 I
88 287 16799 B
140 166 16761 G
23 266 16733 G
21 24 16762 R
162 247 16783 I
321 322 16742 V
77 259 16769 G
4 113 16736 I
25 114 16758 G
44 283 16757 R
312 323 16773 Y
126 338 16795 O
16 116 16796 O
64 89 16742 I
276 331 16788 G
109 312 16750 R
43 125 16804 Y
208 295 16778 B
81 119 16768 O
150 188 16725 Y
104 167 16774 R
166 331 16728 B
123 151 16779 R
105 156 16725 O
162 262 16761 I
219 308 16786 G
95 119 16778 I
129 256 16723 B
75 205 16762 R
289 320 16801 O
88 221 16747 G
208 225 16772 G
123 301 16777 I
290 337 16798 V
87 272 16794 G
156 184 16727 B
171 266 16779 R
151 200 16731 B
41 187 16757 Y
76 203 16785 I
196 221 16800 B
40 232 16784 B
32 190 16724 R
80 185 16802 V
242 288 16754 V
23 47 16795 I
81 282 16729 R
133 308 16727 V
41 145 16781 B
102 176 16804 I
178 189 16786 B
134 173 16757 B
21 29 16761 B
198 267 16768 Y
171 254 16772 V
134 150 16729 Y
234 299 16768 V
17 297 16783 O
179 335 16749 Y
38 269 16744 O
54 326 16775 R
179 253 16797 R
118 241 16751 I
46 339 16788 G
269 316 16732 R
100 318 16805 B
247 298 16797 B
66 171 16790 B
58 146 16734 B
114 126 16797 I
182 231 16738 G
193 282 16764 V
43 290 16805 G
89 105 16755 O
125 295 16746 B
34 246 16742 R
189 313 16740 B
68 142 16761 O
184 186 16799 V
178 248 16801 B
19 25 16742 Y
157 292 16769 G
116 139 16735 I
146 177 16748 G
12 209 16770 V
107 323 16748 R
122 250 16793 Y
178 181 16733 R
249 333 16729 R
34 196 16768 G
76 157 16774 R
59 134 16759 I
138 264 16771 R
32 268 16798 O
27 321 16743 B
23 293 16763 R
47 210 16735 R
114 201 16802 G
35 339 16730 O
115 293 16800 R
106 306 16778 V
270 292 16722 O
303 339 16771 R
14 215 16776 B
143 244 16747 I
96 227 16779 R
217 302 16764 I
145 223 16787 O
18 85 16790 R
101 125 16793 R
6 311 16722 V
153 299 16734 V
158 325 16775 V
86 149 16738 G
184 292 16745 R
134 323 16727 R
320 339 16733 O
115 240 16806 R
312 330 16762 O
67 159 16737 R
18 92 16745 O
125 226 16723 O
80 284 16742 B
123 290 16733 G
167 326 16771 I
189 280 16728 O
125 284 16800 O
36 294 16767 G
32 274 16780 G
97 232 16759 B
117 276 16764 R
104 165 16803 G
243 251 16795 O
10 93 16799 V
34 40 16805 Y
15 337 16738 R
52 126 16779 Y
139 203 16756 B
32 134 16786 V
1 62 16788 G
34 87 16787 G
128 276 16790 G
173 315 16797 V
100 229 16799 R
94 262 16788 O
89 301 16801 I
260 281 16789 R
129 165 16745 O
39 94 16750 Y
66 234 16780 G
134 174 16803 G
69 270 16739 Y
48 244 16793 V
82 136 16749 Y
130 314 16736 V
86 215 16806 G
254 286 16751 G
201 218 16776 B
74 109 16760 V
49 177 16758 R
137 291 16775 I
208 261 16733 R
94 180 16757 G
165 259 16734 Y
177 251 16753 O
57 248 16783 I
79 243 16792 I
279 292 16760 G
76 194 16786 G
203 335 16773 R
302 335 16786 O
123 326 16745 O
19 303 16795 G
89 151 16758 V
40 94 16783 V
166 232 16771 I
23 117 16749 G
17 202 16800 Y
179 269 16804 V
79 237 16776 R
40 196 16802 R
42 281 16764 I
12 106 16758 Y
2 299 16792 R
154 250 16779 R
149 182 16786 V
172 223 16800 R
125 316 16736 Y
36 175 16753 G
52 262 16765 Y
192 337 16804 O
235 340 16728 Y
34 327 16722 O
158 305 16791 G
58 137 16761 G
167 288 16761 O
144 264 16725 Y
20 209 16778 R
313 333 16754 I
224 339 16778 R
55 320 16736 O
112 332 16725 V
146 205 16762 R
19 159 16784 I
118 139 16753 G
49 215 16764 Y
57 300 16784 G
202 295 16750 R
283 329 16745 R
100 228 16730 V
147 298 16768 G
32 130 16726 I
209 290 16736 O
123 291 16802 O
2 6 16806 V
55 220 16791 Y
54 328 16775 I
18 34 16798 R
72 289 16798 Y
110 281 16730 R
90 331 16748 O
115 223 16807 V
10 218 16801 R
167 173 16774 G
186 312 16787 G
12 131 16786 R
23 199 16729 V
258 288 16790 Y
103 178 16746 V
143 338 16770 G
84 261 16722 B
12 269 16753 O
177 312 16795 B
2 172 16796 O
15 93 16738 G
3 129 16778 O
33 333 16804 G
58 75 16748 R
42 246 16752 G
200 234 16784 B
176 338 16788 G
114 192 16747 G
20 54 16725 R
236 315 16746 B
67 291 16736 V
156 275 16805 O
7 116 16731 Y
31 145 16753 I
28 232 16780 O
63 198 16724 V
17 36 16786 R
56 137 16807 G
83 325 16779 R
5 53 16736 V
71 191 16747 G
107 152 16737 G
33 155 16752 Y
116 187 16724 Y
179 328 16758 B
11 304 16784 B
9 290 16742 Y
86 216 16768 B
87 265 16759 O
55 201 16799 R
189 276 16786 B
105 305 16722 V
96 253 16762 Y
125 323 16804 G
147 155 16722 G
66 178 16732 O
105 226 16788 G
205 319 16764 I
41 219 16736 O
46 235 16806 R
228 252 16773 O
63 205 16748 R
140 198 16722 V
45 191 16725 Y
221 231 16751 Y
15 185 16741 Y
205 273 16778 R
17 274 16787 V
89 313 16768 B
92 331 16779 O
55 279 16787 I
76 302 16795 B
212 313 16762 O
10 100 16790 Y
228 340 16744 O
131 164 16793 I
100 163 16744 I
15 68 16750 G
78 136 16778 Y
6 241 16793 O
85 94 16737 O
141 228 16737 I
46 211 16794 Y
137 249 16752 V
174 235 16779 Y
80 282 16743 O
266 329 16761 Y
62 65 16723 O
166 214 16743 V
76 177 16729 B
72 106 16770 O
59 148 16732 O
93 280 16723 R
5 225 16760 G
110 203 16773 I
177 189 16752 G
58 109 16759 O
248 329 16768 R
21 141 16788 G
129 208 16777 G
106 290 16788 I
93 270 16786 V
203 320 16746 G
186 271 16801 V
30 50 16792 R
17 112 16735 O
15 237 16748 B
8 187 16753 R
130 156 16795 O
169 273 16792 Y
95 289 16745 R
172 174 16725 V
76 291 16794 R
98 115 16740 R
216 336 16735 B
117 151 16734 I
98 337 16755 I
87 335 16797 V
196 251 16738 Y
45 295 16804 G
12 182 16737 I
116 295 16755 Y
131 222 16797 V
136 291 16741 O
65 71 16794 B
137 192 16778 G
123 281 16762 B
7 290 16745 G
169 315 16790 V
70 108 16749 O
162 200 16752 V
20 286 16790 G
241 311 16760 G
181 223 16723 Y
98 203 16786 R
87 142 16724 Y
74 165 16740 R
192 324 16798 Y
241 339 16768 G
34 84 16763 R
303 337 16778 R
113 175 16754 G
211 222 16723 G
190 214 16800 I
185 289 16793 G
109 195 16728 V
28 110 16752 B
107 301 16784 G
64 136 16806 B
25 296 16798 I
10 137 16734 B
31 67 16790 O
126 323 16740 I
122 202 16790 B
16 120 16733 G
258 302 16751 B
174 187 16725 R
16 92 16796 B
33 48 16773 O
27 150 16795 I
12 102 16788 R
24 133 16774 V
32 299 16752 B
114 137 16785 V
51 310 16745 G
7 75 16766 B
8 252 16793 Y
245 310 16738 R
24 248 16729 O
23 302 16790 G
64 305 16776 B
119 258 16740 I
93 169 16762 G
139 285 16798 G
11 188 16734 Y
72 120 16771 I
128 218 16746 V
73 188 16731 V
13 55 16785 Y
87 280 16724 O
20 71 16731 I
187 204 16786 R
17 152 16735 B
15 33 16803 G
17 229 16731 I
19 115 16803 I
93 193 16775 G
255 264 16725 R
36 287 16728 G
153 193 16778 G
220 277 16730 Y
46 98 16722 I
1 86 16746 G
275 310 16748 G
176 198 16760 O
163 218 16783 I
228 263 16750 B
257 279 16802 Y
297 317 16750 I
183 188 16735 O
18 215 16765 B
51 217 16723 G
68 287 16793 G
205 266 16730 G
97 260 16807 V
60 219 16774 G
120 248 16806 V
53 70 16793 G
279 317 16743 I
77 166 16802 R
224 251 16798 B
74 178 16744 I
29 319 16729 O
207 304 16760 O
149 322 16741 V
50 272 16787 V
139 181 16737 I
99 330 16735 O
15 96 16731 B
50 94 16742 G
120 134 16737 R
161 290 16771 Y
17 27 16760 R
110 206 16795 Y
8 170 16764 G
286 303 16771 O
237 254 16762 I
190 320 16744 I
55 167 16805 V
108 253 16796 R
61 329 16784 G
42 140 16742 B
112 287 16765 Y
71 243 16756 Y
94 331 16735 Y
116 168 16722 O
202 230 16765 B
164 199 16726 G
113 300 16778 V
224 279 16792 Y
107 131 16800 I
56 247 16800 R
67 151 16722 I
60 234 16726 G
11 12 16730 Y
79 220 16753 I
298 320 16738 R
186 260 16790 I
142 297 16798 O
18 290 16748 G
133 218 16755 G
41 240 16786 B
264 324 16795 B
108 251 16775 B
100 216 16744 I
306 310 16723 Y
111 273 16764 I
53 148 16807 O
195 328 16796 G
1 286 16730 R
209 217 16744 B
64 267 16738 I
45 321 16745 G
241 246 16742 Y
35 127 16752 O
78 127 16801 B
176 270 16797 O
98 133 16776 O
27 130 16807 B
23 164 16743 V
127 316 16803 O
114 229 16746 B
255 284 16745 Y
27 212 16739 Y
2 245 16756 G
41 332 16785 V
108 140 16769 R
39 278 16731 I
63 239 16785 I
158 192 16791 R
33 223 16752 Y
28 130 16776 O
156 231 16753 I
37 267 16767 O
10 147 16798 O
147 239 16795 Y
23 247 16778 O
231 318 16776 B
21 103 16739 B
111 179 16753 I
169 328 16787 G
41 270 16734 O
128 158 16770 V
56 201 16750 Y
49 78 16753 O
233 243 16742 V
252 297 16786 B
105 316 16790 B
318 336 16792 V
97 340 16776 Y
89 172 16724 Y
54 96 16731 V
87 168 16799 Y
182 261 16754 I
294 328 16750 V
238 282 16803 R
104 309 16740 B
160 226 16755 O
75 285 16775 B
109 338 16731 B
159 284 16805 R
20 145 16767 R
255 296 16794 O
59 295 16760 I
7 323 16791 Y
30 110 16786 R
10 117 16775 I
36 121 16758 R
314 337 16738 Y
33 228 16724 B
147 291 16752 G
99 240 16746 Y
98 168 16797 G
73 93 16769 V
107 317 16802 G
140 218 16777 G
113 262 16793 O
115 272 16748 O
161 266 16741 Y
89 109 16723 R
266 325 16748 V
65 230 16792 O
100 262 16748 Y
87 336 16726 I
103 272 16769 G
252 265 16799 Y
29 279 16804 Y
148 241 16805 O
9 232 16770 Y
76 274 16767 Y
1 108 16736 I
62 120 16722 V
51 88 16735 G
11 333 16778 O
181 307 16773 Y
261 326 16767 O
247 257 16791 Y
103 279 16802 R
42 114 16775 B
4 79 16756 R
136 258 16757 V
46 270 16757 Y
61 217 16755 R
117 228 16738 V
259 289 16737 B
196 327 16769 Y
104 280 16764 R
51 321 16744 V
30 82 16736 O
143 195 16792 Y
13 142 16735 G
44 297 16780 G
96 320 16745 R
37 233 16778 O
41 132 16774 O
26 146 16791 Y
189 338 16728 R
94 274 16735 Y
59 301 16784 V
5 243 16763 O
13 125 16807 R
209 300 16784 B
77 250 16742 V
33 291 16734 V
193 198 16787 G
5 280 16776 R
63 315 16749 Y
107 198 16791 O
167 203 16778 R
250 300 16765 B
286 327 16802 O
130 135 16747 G
84 213 16744 Y
187 315 16800 O
243 273 16774 V
278 318 16722 B
7 258 16764 Y
30 188 16764 Y
183 272 16782 B
225 242 16722 V
182 293 16742 I
125 235 16791 I
19 166 16771 V
78 250 16761 V
218 266 16782 O
12 51 16788 B
245 283 16760 V
124 340 16751 B
45 205 16798 I
54 299 16804 Y
46 65 16744 O
113 217 16801 O
244 297 16788 O
23 258 16780 I
44 96 16731 I
219 255 16747 G
22 274 16723 G
276 317 16790 O
157 301 16766 B
223 236 16746 G
137 242 16738 B
55 122 16765 B
66 145 16732 I
189 244 16806 G
22 159 16733 G
186 315 16770 B
111 265 16751 R
44 145 16762 O
119 146 16736 Y
44 155 16773 V
25 191 16781 O
79 251 16804 B
127 211 16800 I
160 170 16789 B
106 202 16734 R
226 263 16757 V
76 138 16774 Y
7 208 16777 O
183 268 16780 V
107 200 16722 G
215 243 16797 O
138 258 16783 I
50 81 16760 O
195 247 16727 Y
30 324 16739 I
70 266 16741 I
33 50 16750 R
19 35 16795 B
100 135 16722 B
138 159 16731 R
137 139 16733 G
30 160 16771 R
6 258 16805 B
196 305 16785 O
227 250 16743 I
85 95 16729 I
106 173 16788 I
135 273 16729 I
158 211 16736 V
142 291 16736 I
129 275 16735 O
109 129 16759 G
38 170 16784 B
103 166 16789 G
11 68 16728 I
211 235 16769 V
6 220 16744 G
16 197 16772 G
34 241 16791 Y
173 230 16803 V
36 67 16805 O
152 206 16790 R
25 241 16791 B
204 294 16759 I
297 324 16797 R
68 313 16753 R
47 223 16740 G
122 154 16723 R
53 238 16754 R
39 164 16725 V
48 322 16724 O
97 269 16751 R
33 77 16727 B
67 266 16723 R
164 308 16756 R
293 296 16778 O
19 160 16778 O
182 239 16772 I
16 73 16746 V
195 211 16780 O
276 314 16739 Y
179 249 16760 I
310 323 16737 I
9 22 16792 R
46 147 16793 G
122 312 16722 Y
54 234 16732 B
12 230 16778 B
14 200 16758 Y
6 308 16725 I
145 300 16761 O
38 95 16790 O
67 85 16736 O
161 258 16724 I
284 310 16759 I
22 332 16782 R
25 35 16723 I
137 245 16791 G
76 251 16798 B
149 241 16799 Y
78 327 16741 Y
75 266 16740 B
252 314 16758 O
33 98 16805 R
43 259 16792 R
12 151 16772 O
78 270 16752 O
46 159 16782 V
115 325 16804 G
77 179 16807 O
64 210 16738 V
25 71 16760 G
32 99 16797 O
35 245 16758 G
154 295 16805 Y
18 64 16723 R
120 289 16722 G
85 284 16743 G
156 306 16775 I
283 327 16758 V
301 316 16801 G
136 323 16806 B
7 228 16775 G
73 216 16737 R
149 327 16805 G
162 195 16751 O
220 339 16774 O
62 108 16796 Y
13 297 16789 B
81 83 16772 R
31 306 16764 O
238 333 16790 O
18 137 16798 G
143 326 16748 R
125 210 16799 R
172 232 16777 O
52 240 16800 R
11 137 16754 G
244 314 16753 I
168 290 16743 B
48 50 16743 O
94 287 16734 Y
158 159 16760 Y
20 325 16753 V
37 199 16756 V
111 205 16784 V
76 269 16748 R
75 120 16724 I
26 101 16788 Y
68 298 16788 O
144 293 16734 I
141 186 16763 B
23 61 16743 V
57 336 16777 O
52 200 16806 O
52 110 16773 Y
130 326 16756 O
175 334 16737 B
126 154 16730 V
43 214 16804 V
4 54 16732 R
108 241 16759 V
31 331 16774 Y
95 256 16739 G
61 257 16729 I
230 291 16766 G
36 140 16761 O
161 227 16761 B
17 119 16744 B
244 260 16740 Y
126 287 16730 V
177 255 16726 G
53 274 16766 R
151 184 16773 O
125 141 16762 G
12 90 16743 V
103 287 16744 Y
256 320 16765 B
15 136 16758 V
213 221 16759 B
66 284 16777 V
116 283 16722 G
139 216 16723 Y
5 145 16796 V
55 87 16762 R
112 330 16740 I
15 323 16768 B
120 173 16756 G
117 335 16791 B
153 236 16778 Y
161 339 16744 Y
186 244 16805 Y
60 70 16722 R
18 226 16798 O
113 159 16800 G
92 97 16780 O
298 333 16778 V
81 247 16766 V
165 178 16752 I
247 251 16732 V
114 161 16743 V
88 265 16777 B
6 333 16749 O
8 141 16797 O
251 279 16790 I
163 180 16795 R
12 47 16761 R
44 92 16740 O
225 227 16796 Y
221 251 16773 R
233 258 16742 G
41 79 16773 B
187 276 16760 I
110 119 16734 I
58 199 16802 G
162 193 16804 R
17 266 16786 V
233 329 16739 R
93 124 16745 B
128 302 16769 Y
22 171 16724 R
256 268 16807 O
96 160 16726 Y
61 279 16775 O
141 204 16803 G
214 281 16771 V
122 140 16787 R
106 268 16781 Y
120 145 16725 Y
159 207 16802 O
117 204 16803 G
177 205 16805 G
85 124 16797 B
9 221 16797 V
132 148 16730 B
140 193 16738 V
6 155 16757 B
143 339 16800 Y
77 217 16762 R
27 288 16779 R
5 190 16783 I
16 279 16752 I
234 308 16741 Y
138 232 16803 R
141 243 16766 G
137 241 16754 O
40 93 16743 I
214 314 16789 I
177 289 16794 I
10 114 16776 Y
75 145 16760 V
83 116 16784 I
128 205 16775 V
192 339 16785 Y
84 96 16784 R
132 196 16788 R
107 185 16780 B
257 303 16787 G
25 278 16736 O
193 223 16775 G
20 229 16750 B
111 197 16780 I
212 312 16754 Y
31 99 16743 G
107 314 16736 I
213 293 16796 Y
304 323 16751 I
31 208 16801 G
53 141 16751 O
239 242 16785 Y
144 210 16725 G
118 188 16801 I
2 38 16739 R
18 183 16771 B
170 201 16767 Y
65 275 16741 R
85 208 16767 Y
33 78 16758 V
106 297 16750 O
280 337 16737 I
19 57 16773 O
51 164 16722 O
123 131 16807 B
94 210 16737 V
287 325 16756 I
69 212 16782 R
79 256 16722 O
125 233 16761 G
28 234 16807 Y
131 173 16760 B
191 210 16785 Y
167 205 16748 B
160 334 16765 G
178 262 16786 G
124 311 16767 B
159 229 16754 B
141 330 16741 B
15 30 16737 R
32 290 16788 B
3 304 16806 I
99 255 16801 G
58 62 16727 O
13 228 16792 V
254 262 16770 I
2 270 16795 V
132 253 16745 O
49 157 16786 V
218 336 16807 B
38 252 16749 Y
90 121 16799 R
162 236 16803 I
48 115 16736 G
13 312 16749 O
65 329 16765 I
145 338 16742 B
60 180 16792 R
129 215 16742 O
162 239 16783 R
102 319 16802 I
26 315 16791 I
101 294 16737 Y
159 198 16733 I
31 175 16770 B
2 171 16767 V
124 299 16799 G
219 312 16794 G
239 255 16806 R
232 268 16806 G
265 327 16755 B
191 324 16793 I
6 208 16801 V
186 280 16799 O
163 298 16753 V
117 201 16754 G
32 36 16728 G
65 240 16791 O
285 330 16733 Y
58 158 16792 V
40 138 16741 Y
124 292 16766 O
69 145 16737 G
8 22 16772 G
18 27 16733 R
234 330 16807 O
203 210 16723 G
36 231 16758 I
24 211 16723 Y
30 254 16737 R
52 84 16790 R
1 111 16766 O
108 223 16770 V
107 208 16724 V
199 335 16805 G
121 142 16733 B
116 248 16779 Y
8 36 16770 O
93 223 16758 V
29 235 16723 B
103 169 16767 G
3 4 16763 V
321 327 16804 G
98 193 16750 G
189 203 16753 G
245 314 16733 I
108 194 16751 G
73 239 16794 R
9 253 16796 Y
6 242 16765 V
3 35 16793 Y
36 332 16729 I
26 113 16786 G
20 172 16741 B
174 323 16788 G
194 246 16807 R
10 169 16750 I
129 167 16731 V
65 70 16794 B
143 253 16738 Y
203 212 16726 V
281 285 16734 V
117 132 16780 Y
89 194 16773 I
85 227 16773 V
63 199 16804 V
56 169 16804 Y
296 330 16798 R
14 49 16732 R
186 219 16779 I
251 339 16796 O
67 125 16761 B
162 223 16770 G
40 183 16760 I
205 275 16754 G
242 321 16758 I
76 229 16794 R
222 320 16763 I
178 240 16741 R
157 323 16732 O
78 203 16778 I
183 322 16730 Y
194 329 16752 G
120 284 16738 B
240 271 16737 B
40 80 16744 V
88 306 16750 Y
71 126 16758 I
121 274 16760 I
98 247 16805 I
328 332 16772 B
199 285 16783 Y
137 305 16747 R
131 135 16756 B
130 289 16759 Y
238 275 16753 Y
7 249 16799 G
80 325 16730 Y
71 156 16769 R
62 116 16758 I
129 306 16805 R
196 213 16752 I
144 194 16758 V
52 194 16778 V
188 297 16740 Y
47 245 16768 O
232 283 16766 O
46 300 16728 V
173 272 16758 B
51 198 16807 B
176 316 16745 R
30 88 16790 R
28 159 16778 R
240 277 16788 Y
58 221 16735 B
105 167 16753 B
163 212 16748 O
213 256 16725 Y
25 59 16733 V
71 336 16728 G
53 253 16748 R
57 182 16727 B
300 322 16771 I
309 331 16791 R
155 284 16749 G
279 286 16733 O
137 320 16749 V
22 235 16781 I
62 218 16735 O
41 182 16751 V
11 326 16725 G
156 232 16748 R
42 111 16770 V
80 222 16737 Y
57 295 16805 I
212 230 16775 I
59 127 16771 B
72 83 16783 B
83 213 16801 R
55 337 16737 I
42 47 16768 O
95 113 16773 O
128 152 16731 R
36 72 16782 B
90 265 16781 V
53 257 16789 G
25 50 16765 Y
104 325 16805 I
5 340 16781 R
49 321 16744 I
89 210 16788 G
138 308 16734 Y
158 259 16735 B
78 301 16739 Y
26 229 16785 V
121 258 16774 O
78 156 16731 Y
243 310 16767 O
107 191 16774 V
149 171 16745 I
87 169 16723 R
289 326 16739 I
32 191 16749 I
25 165 16781 G
116 312 16760 O
6 295 16740 R
165 243 16751 V
29 321 16795 Y
209 240 16722 B
101 338 16799 Y
36 60 16787 R
79 222 16801 Y
7 27 16737 Y
178 210 16744 R
8 42 16766 G
47 272 16764 R
231 340 16741 R
12 29 16756 V
44 242 16781 Y
28 186 16727 O
74 167 16778 I
29 92 16777 V
229 284 16744 R
155 313 16724 R
66 74 16763 B
184 252 16786 V
13 158 16807 B
31 158 16807 Y
48 86 16807 O
39 141 16779 V
180 214 16777 B
59 137 16799 G
9 293 16781 R
102 190 16728 V
58 195 16765 V
132 314 16773 V
175 273 16758 O
118 315 16758 V
288 328 16801 O
229 336 16726 R
19 183 16730 G
147 192 16777 I
9 298 16742 I
3 227 16796 I
239 334 16743 O
260 310 16763 I
147 223 16766 O
191 227 16758 O
66 156 16731 V
280 317 16762 V
196 284 16732 B
106 171 16744 G
13 61 16742 O
202 276 16806 R
171 242 16743 Y
93 125 16754 O
169 310 16768 R
47 265 16772 O
117 169 16770 G
94 179 16733 B
21 90 16749 I
169 188 16784 Y
311 330 16757 I
11 143 16723 G
286 289 16763 Y
212 257 16729 R
200 235 16751 O
69 201 16772 B
18 271 16746 I
222 323 16761 V
89 150 16778 R
15 196 16759 O
93 210 16757 Y
51 335 16780 B
76 224 16777 Y
7 175 16731 B
246 310 16735 B
32 315 16762 B
127 234 16782 R
214 238 16802 V
116 334 16744 I
111 340 16783 R
114 169 16767 V
33 195 16732 I
91 197 16723 O
224 242 16727 O
14 328 16771 V
4 196 16773 R
95 274 16777 R
134 312 16780 G
301 334 16794 B
12 224 16800 R
34 103 16786 Y
13 315 16782 B
95 252 16768 I
62 170 16771 V
122 207 16807 I
24 35 16723 Y
183 210 16798 G
9 314 16775 I
106 335 16779 G
37 247 16774 V
200 339 16789 B
223 309 16747 V
250 321 16753 V
271 273 16740 I
32 277 16795 G
41 162 16741 V
21 300 16779 R
126 305 16735 I
73 143 16791 G
276 326 16793 V
24 272 16756 G
55 305 16782 R
117 139 16786 G
212 237 16781 V
40 259 16766 I
41 94 16787 B
51 69 16739 I
16 288 16807 G
90 270 16775 R
231 280 16771 Y
15 251 16744 I
76 272 16723 R
66 240 16766 I
51 308 16726 B
25 340 16754 G
29 226 16795 R
110 320 16777 O
41 175 16802 V
196 249 16734 O
44 196 16722 I
80 319 16783 G
187 256 16786 O
92 172 16729 O
31 184 16798 I
34 83 16759 R
21 326 16738 V
18 31 16736 I
307 338 16740 G
235 329 16773 R
104 269 16727 G
126 272 16729 V
87 277 16731 O
48 130 16789 I
189 330 16730 O
72 108 16784 Y
74 316 16723 I
49 62 16749 O
66 294 16765 Y
19 246 16792 R
44 164 16767 O
177 254 16760 G
283 319 16781 Y
272 333 16747 I
234 305 16785 R
146 251 16792 B
62 326 16789 B
62 80 16790 G
71 240 16760 V
100 331 16802 V
61 128 16746 O
52 91 16728 Y
105 273 16803 B
19 117 16756 G
132 284 16745 I
29 205 16779 G
200 330 16774 I
251 263 16737 B
164 202 16752 R
205 207 16756 R
40 332 16777 B
135 138 16781 R
20 73 16776 I
83 291 16794 R
107 312 16773 V
18 279 16800 O
137 247 16729 B
36 62 16723 V
7 137 16723 Y
59 238 16731 R
54 131 16791 B
175 194 16750 R
32 188 16784 Y
11 266 16741 B
2 46 16738 Y
237 330 16777 I
85 285 16806 V
161 282 16781 O
179 302 16777 O
199 251 16745 R
39 56 16768 Y
152 177 16728 R
38 81 16748 Y
111 152 16803 B
219 306 16792 B
12 289 16735 Y
110 313 16731 R
113 211 16725 V
72 273 16767 O
85 100 16806 I
175 188 16764 V
64 116 16740 B
30 307 16794 Y
280 335 16757 Y
109 128 16767 I
282 321 16793 Y
64 244 16768 G
34 105 16794 B
31 169 16807 I
80 303 16787 R
16 55 16790 B
84 157 16791 V
99 314 16790 R
197 254 16777 B
151 207 16782 V
282 335 16792 V
108 306 16767 V
294 332 16746 V
23 315 16750 V
149 332 16739 O
16 26 16746 Y
302 337 16775 B
111 164 16807 I
138 187 16750 G
258 259 16786 R
23 137 16727 R
159 272 16761 B
47 72 16807 I
200 230 16754 Y
88 194 16728 B
21 271 16798 B
10 240 16725 Y
143 305 16723 B
187 273 16747 R
114 333 16781 R
83 317 16741 B
173 289 16731 V
207 210 16778 R
34 197 16750 I
11 216 16763 Y
39 133 16806 O
257 313 16751 R
232 322 16774 V
73 163 16742 G
106 298 16746 I
203 221 16726 R
82 199 16727 I
15 61 16761 R
107 183 16748 B
89 300 16785 R
295 298 16753 I
58 173 16752 I
58 205 16772 O
268 314 16733 O
106 324 16764 O
322 328 16792 I
155 308 16757 R
13 52 16758 I
29 217 16788 V
133 150 16796 G
2 27 16797 G
16 17 16800 V
212 276 16792 V
38 276 16733 I
62 104 16722 B
56 73 16747 I
148 205 16791 G
73 151 16804 V
165 219 16736 G
59 72 16775 G
208 293 16761 Y
103 234 16803 Y
117 260 16805 Y
20 203 16782 V
81 91 16774 V
281 291 16759 I
148 326 16797 O
212 282 16773 G
229 269 16782 I
196 280 16781 G
233 241 16786 Y
91 270 16760 I
10 33 16754 Y
49 64 16799 G
191 216 16734 B
114 326 16779 R
136 230 16786 B
113 137 16758 V
24 325 16744 G
121 248 16743 V
195 289 16738 Y
93 301 16756 R
188 283 16775 R
24 113 16798 O
111 332 16807 B
245 300 16807 I
199 209 16778 V
95 248 16748 B
278 300 16753 O
5 130 16790 G
124 259 16762 I
28 325 16722 Y
75 185 16726 R
139 143 16797 B
151 286 16761 G
237 246 16736 Y
82 229 16792 V
28 114 16759 Y
113 212 16730 I
242 271 16723 G
3 307 16724 Y
83 236 16733 I
91 177 16758 V
54 265 16803 B
244 273 16746 V
97 211 16751 Y
30 140 16783 I
99 115 16751 Y
134 243 16745 B
65 215 16804 B
98 194 16765 R
90 125 16751 B
163 283 16786 R
285 337 16742 O
84 125 16769 V
85 266 16740 R
71 282 16768 O
40 134 16760 O
22 195 16728 V
24 178 16761 B
6 150 16773 I
153 250 16797 Y
92 323 16772 Y
80 301 16767 R
39 268 16741 R
18 206 16738 Y
316 325 16774 O
7 194 16768 Y
61 152 16760 O
194 337 16798 V
69 251 16760 I
80 101 16803 V
68 139 16779 I
185 199 16797 G
130 331 16735 R
63 177 16762 I
37 266 16801 O
135 294 16740 O
268 320 16743 O
119 316 16732 G
107 160 16767 G
110 272 16750 O
280 327 16770 I
148 278 16806 I
9 182 16768 I
26 74 16775 B
159 160 16795 B
133 250 16768 B
3 275 16750 O
174 185 16753 I
119 135 16735 B
177 256 16807 Y
228 259 16765 V
24 104 16730 I
254 291 16799 Y
286 328 16760 B
20 184 16735 I
30 36 16722 Y
283 310 16733 O
31 328 16746 V
26 225 16777 G
69 219 16753 V
150 286 16747 R
318 330 16780 G
167 196 16797 G
178 251 16783 Y
51 54 16766 R
72 175 16731 G
310 337 16764 R
116 311 16788 R
200 254 16779 V
156 271 16797 V
218 334 16781 V
74 240 16800 G
62 181 16800 V
87 201 16740 I
43 314 16736 O
7 50 16747 G
90 154 16737 B
314 321 16732 V
203 278 16764 R
223 315 16742 B
58 267 16794 R
217 232 16780 O
3 146 16770 I
39 285 16726 O
41 52 16773 Y
75 249 16726 V
13 245 16773 Y
203 275 16743 G
223 226 16785 Y
17 262 16746 O
163 339 16758 R
107 197 16755 O
57 306 16785 B
18 63 16733 I
240 306 16767 Y
20 233 16775 Y
165 292 16750 V
39 330 16762 B
230 312 16762 B
37 77 16762 Y
212 314 16747 I
95 302 16762 V
167 184 16736 R
32 137 16807 O
81 199 16766 V
28 193 16747 B
175 246 16741 Y
42 87 16738 O
60 296 16764 Y
136 193 16758 O
93 254 16755 B
29 326 16759 R
39 327 16763 V
291 292 16750 V
90 183 16723 O
61 159 16749 I
94 226 16806 O
29 94 16727 B
9 37 16758 Y
38 116 16784 V
175 317 16754 R
6 267 16769 G
29 49 16738 R
167 312 16756 Y
61 107 16753 R
95 282 16769 I
79 149 16786 I
13 255 16751 Y
34 182 16780 V
260 287 16726 G
29 218 16767 Y
78 91 16733 V
99 169 16787 Y
53 54 16783 V
91 338 16760 B
1 129 16729 G
4 112 16762 G
198 280 16730 B
133 203 16793 R
81 324 16759 G
199 255 16798 O
70 267 16736 Y
64 203 16758 Y
65 112 16771 R
7 93 16755 R
229 285 16740 B
47 325 16756 B
87 163 16792 G
48 197 16793 I
69 333 16776 G
131 299 16751 G
247 276 16742 V
51 199 16732 G
118 170 16768 R
162 295 16742 R
172 214 16722 R
241 249 16780 R
82 137 16725 I
165 330 16786 B
264 321 16749 Y
40 323 16804 I
10 225 16807 V
30 179 16723 V
170 258 16757 Y
78 210 16770 V
25 54 16805 O
65 177 16802 R
91 104 16772 G
164 321 16728 G
94 222 16736 G
201 219 16735 B
280 291 16725 I
44 262 16726 R
41 238 16777 I
104 187 16755 B
9 262 16786 I
133 153 16758 G
5 124 16735 V
232 335 16765 R
67 111 16791 G
40 193 16773 O
225 325 16766 B
1 225 16785 V
220 271 16725 Y
222 235 16799 Y
30 282 16790 R
48 308 16727 O
87 297 16749 B
38 63 16748 B
236 276 16801 R
34 143 16763 R
57 70 16804 V
266 295 16796 B
203 230 16730 R
215 303 16749 I
124 209 16740 I
292 314 16771 B
162 269 16727 G
211 271 16804 O
99 246 16787 Y
76 212 16797 Y
57 298 16788 B
236 283 16786 B
98 307 16792 O
58 180 16773 V
255 267 16807 I
129 220 16765 G
3 10 16775 V
10 98 16768 Y
280 282 16725 R
284 325 16731 B
18 314 16732 Y
171 278 16800 O
45 174 16787 O
58 138 16742 Y
67 329 16783 I
5 122 16798 O
98 224 16785 R
139 265 16758 G
10 101 16760 I
99 290 16799 O
179 339 16771 G
55 195 16770 B
57 144 16778 I
3 121 16779 V
284 299 16755 V
12 107 16733 G
252 289 16773 G
9 13 16763 G
209 250 16787 V
265 312 16794 Y
170 322 16785 I
27 334 16784 R
88 272 16760 R
35 334 16730 R
58 233 16764 I
152 220 16739 Y
223 298 16724 R
209 339 16788 R
144 260 16793 B
13 63 16744 I
66 322 16762 I
44 53 16781 Y
172 251 16783 B
55 185 16784 I
74 280 16775 I
92 263 16793 G
52 310 16753 B
66 287 16750 V
62 315 16785 Y
213 252 16737 Y
152 304 16780 V
169 307 16742 B
89 237 16760 B
66 226 16796 R
155 257 16743 B
146 338 16807 G
15 300 16728 Y
107 194 16753 V
205 222 16804 G
88 117 16750 Y
180 200 16777 I
119 160 16749 R
43 287 16774 I
237 315 16771 G
271 283 16730 Y
3 78 16783 V
53 61 16754 Y
79 334 16770 B
30 198 16741 B
48 118 16807 O
288 317 16804 I
127 226 16805 B
82 221 16787 Y
30 226 16787 V
14 248 16778 I
49 194 16776 B
154 339 16803 I
8 266 16803 G
235 318 16752 R
152 182 16803 B
13 85 16732 G
142 280 16765 G
107 275 16728 B
90 123 16726 B
161 267 16787 V
4 211 16785 V
28 184 16798 B
26 148 16755 R
177 191 16801 V
234 260 16767 Y
75 217 16741 G
59 234 16732 Y
3 122 16789 Y
33 324 16804 I
187 248 16739 O
192 207 16732 O
23 310 16769 I
112 144 16796 G
137 174 16785 V
20 231 16770 R
6 13 16781 O
111 311 16738 O
96 224 16734 I
134 182 16771 R
9 152 16725 V
234 323 16729 Y
140 156 16771 Y
9 266 16756 G
76 132 16753 I
280 330 16798 O
134 235 16794 G
135 193 16736 B
139 312 16773 O
116 156 16766 Y
153 288 16734 G
11 159 16733 V
41 318 16730 I
63 117 16803 V
44 102 16750 O
206 269 16740 Y
287 328 16802 G
29 175 16759 G
129 239 16724 I
85 263 16783 I
221 271 16731 R
104 199 16723 G
4 249 16785 G
99 221 16728 R
192 267 16773 G
205 243 16738 V
224 267 16727 R
226 312 16776 R
50 51 16760 R
20 126 16795 R
1 36 16731 R
150 306 16783 B
151 238 16766 G
96 148 16802 G
66 132 16773 I
81 130 16749 V
4 210 16745 I
164 195 16766 I
26 334 16787 Y
192 334 16722 I
158 285 16729 O
72 192 16784 R
219 225 16786 R
68 156 16775 I
97 254 16765 Y
282 328 16797 B
151 275 16775 Y
177 279 16748 Y
245 312 16777 V
69 322 16791 B
31 75 16791 I
94 207 16750 Y
60 286 16773 G
251 311 16758 G
68 86 16734 Y
206 291 16790 R
132 204 16747 Y
6 11 16767 B
253 316 16794 I
61 242 16791 O
157 206 16791 I
99 142 16764 Y
72 148 16734 Y
1 279 16773 V
217 339 16736 B
250 273 16795 O
177 287 16768 Y
246 335 16726 O
56 71 16793 R
74 243 16748 R
105 175 16764 B
16 172 16729 G
327 330 16722 B
8 147 16768 G
279 282 16793 V
61 272 16785 B
169 322 16729 R
253 294 16756 G
213 298 16739 G
104 155 16779 B
20 321 16757 O
185 292 16786 V
206 259 16782 I
153 211 16734 R
44 66 16760 I
13 257 16776 Y
28 135 16754 O
296 316 16754 G
11 171 16768 V
298 326 16749 G
41 135 16733 G
141 274 16763 I
113 115 16728 Y
91 271 16729 R
44 249 16794 G
70 252 16763 B
69 275 16792 G
88 188 16766 G
60 136 16756 Y
64 243 16776 B
102 131 16795 G
16 78 16806 I
21 251 16806 Y
246 316 16801 R
294 336 16806 I
17 126 16783 B
64 259 16771 V
194 304 16778 B
185 300 16733 G
96 271 16800 I
21 272 16799 B
11 240 16730 G
103 116 16736 I
281 306 16796 I
8 130 16804 R
1 252 16727 I
115 120 16736 Y
81 279 16804 G
153 219 16737 I
8 81 16724 G
132 329 16804 V
14 134 16731 Y
40 307 16779 G
170 335 16751 O
11 129 16807 V
328 337 16794 G
131 265 16764 I
4 230 16798 Y
47 164 16793 O
246 257 16791 I
66 96 16732 I
173 299 16742 B
207 340 16765 I
47 222 16803 Y
104 219 16745 R
32 123 16806 V
130 335 16724 Y
278 299 16769 V
160 278 16793 O
26 169 16794 R
16 273 16729 G
46 90 16731 B
29 86 16736 V
189 221 16739 Y
148 238 16745 Y
73 224 16766 I
59 292 16778 Y
63 320 16736 Y
29 249 16767 O
27 276 16765 O
136 238 16770 B
177 235 16761 R
2 253 16785 G
67 178 16765 B
28 308 16734 V
36 201 16782 Y
193 229 16764 B
152 337 16798 V
104 339 16786 G
9 247 16781 G
273 318 16795 B
121 308 16747 G
96 170 16731 G
4 111 16743 R
142 316 16750 I
198 303 16776 R
228 254 16725 G
190 240 16787 R
13 140 16803 V
104 148 16747 Y
23 270 16755 Y
87 231 16746 B
66 252 16803 Y
61 167 16746 O
193 257 16742 R
253 290 16778 B
112 261 16756 V
189 204 16806 B
120 238 16758 V
14 258 16761 I
3 211 16758 O
2 178 16726 G
138 230 16768 R
268 270 16758 Y
297 310 16770 I
120 300 16765 I
184 261 16800 O
155 269 16734 G
8 174 16771 G
50 144 16781 V
82 117 16730 O
83 166 16796 V
50 86 16752 Y
125 327 16803 B
3 73 16727 B
103 132 16786 B
270 305 16760 B
145 321 16724 R
122 321 16787 B
35 57 16797 G
139 335 16745 G
1 202 16787 I
50 163 16789 B
200 296 16786 G
127 231 16768 I
18 293 16766 I
32 307 16762 Y
50 322 16737 V
69 167 16793 B
71 304 16732 R
176 200 16776 G
208 337 16786 O
317 318 16782 Y
144 240 16762 B
274 326 16759 Y
78 219 16743 I
235 243 16772 O
96 129 16757 I
36 83 16748 B
17 317 16723 I
99 194 16796 I
37 317 16755 R
156 313 16801 I
98 191 16791 R
168 229 16745 Y
68 273 16745 V
74 140 16731 B
12 62 16787 G
54 327 16768 B
172 187 16730 G
1 191 16784 V
36 96 16730 I
108 243 16733 R
60 209 16791 B
42 109 16793 I
59 328 16794 R
92 170 16766 G
48 184 16781 Y
40 119 16758 B
186 208 16774 G
159 194 16722 R
5 39 16724 I
46 188 16769 O
53 296 16735 Y
168 250 16745 R
111 279 16760 I
158 214 16764 R
54 290 16766 Y
194 203 16737 R
163 203 16755 B
13 46 16723 B
1 165 16760 G
9 126 16800 B
263 275 16769 R
249 278 16733 Y
162 163 16728 I
33 160 16759 I
165 205 16781 I
135 250 16755 G
93 147 16778 G
14 263 16757 G
279 299 16801 R
44 52 16772 O
115 299 16797 O
41 166 16723 V
205 286 16767 B
51 101 16729 Y
45 201 16761 V
236 292 16804 Y
232 317 16741 Y
38 285 16758 I
270 327 16741 R
127 265 16751 Y
149 209 16766 O
305 331 16771 O
23 156 16758 I
97 102 16769 Y
10 219 16750 I
65 180 16772 V
43 76 16738 G
55 243 16747 G
260 313 16769 I
187 267 16793 B
98 221 16767 B
77 270 16723 B
163 217 16806 O
162 291 16725 O
39 264 16727 I
119 223 16742 G
71 104 16744 I
231 263 16753 V
98 180 16750 R
9 115 16727 I
61 201 16792 G
36 259 16805 V
14 232 16723 B
105 166 16755 R
272 307 16751 B
106 328 16805 B
16 308 16800 B
139 168 16751 V
129 249 16795 I
68 324 16733 G
35 206 16777 O
63 136 16778 O
96 221 16788 V
67 166 16747 I
74 162 16789 I
4 181 16739 G
36 230 16765 Y
106 325 16747 V
79 218 16796 G
56 254 16781 O
104 120 16756 V
5 240 16729 R
84 312 16790 R
192 255 16780 G
22 198 16776 Y
99 141 16792 O
9 97 16724 V
83 97 16736 G
59 135 16783 Y
194 280 16747 I
199 331 16756 R
221 226 16790 G
131 314 16795 R
109 313 16764 G
31 83 16752 V
276 338 16729 G
264 299 16801 R
143 261 16734 Y
214 286 16765 Y
83 254 16753 I
84 294 16722 O
132 168 16804 O
70 207 16753 Y
25 110 16796 R
160 173 16783 V
171 340 16762 G
105 194 16723 R
187 297 16746 G
132 330 16755 R
69 158 16729 Y
94 142 16742 B
184 220 16761 Y
81 293 16743 B
247 338 16787 V
223 235 16805 O
241 286 16783 V
66 190 16746 V
15 48 16744 B
17 44 16728 V
264 300 16772 O
105 178 16806 G
60 113 16793 R
237 257 16786 V
92 111 16766 G
111 252 16798 O
84 242 16790 I
126 136 16730 I
97 316 16807 O
57 259 16736 I
220 265 16770 O
128 329 16722 I
206 221 16726 V
13 31 16738 V
52 67 16797 V
243 274 16759 Y
214 217 16743 V
241 300 16779 B
186 336 16780 O
170 204 16766 Y
45 268 16778 B
179 232 16764 O
135 219 16772 G
98 156 16728 V
11 110 16777 O
188 320 16724 B
181 237 16791 R
85 218 16792 O
112 136 16782 G
7 104 16803 Y
62 111 16793 R
336 337 16769 I
25 335 16805 I
76 307 16745 B
74 313 16803 B
116 331 16764 I
133 248 16768 Y
280 281 16742 B
69 281 16751 V
259 318 16807 I
133 230 16805 R
7 230 16768 I
99 111 16738 Y
2 314 16776 G
105 268 16741 R
75 96 16759 O
73 243 16754 Y
241 323 16805 I
44 216 16778 O
84 99 16741 I
113 222 16793 B
290 295 16796 B
16 22 16731 Y
22 290 16727 R
147 324 16773 G
13 293 16755 B
32 327 16727 V
81 96 16795 G
13 41 16786 R
138 223 16747 I
117 205 16796 O
188 254 16735 B
171 279 16760 R
29 276 16807 B
24 309 16723 O
221 332 16753 G
189 286 16748 Y
60 333 16737 B
113 314 16759 G
117 318 16747 G
201 256 16797 V
121 210 16722 R
215 229 16798 I
85 161 16745 R
22 133 16759 B
256 303 16726 G
27 92 16729 R
7 305 16738 G
129 320 16789 V
19 85 16758 G
227 233 16797 R
25 203 16764 I
146 301 16786 V
213 260 16764 V
83 169 16740 V
17 329 16807 G
82 132 16793 I
80 115 16726 I
142 254 16779 I
105 173 16755 Y
113 182 16787 R
72 174 16737 Y
36 222 16800 G
16 61 16780 Y
90 339 16757 V
120 242 16787 O
1 237 16760 R
185 254 16757 O
43 252 16744 V
210 298 16751 B
174 295 16778 R
162 208 16760 B
211 322 16803 B
71 85 16802 R
203 247 16758 V
172 336 16772 R
243 247 16753 O
59 187 16772 B
97 210 16794 B
34 163 16751 G
105 210 16764 G
147 335 16800 O
148 174 16744 V
263 314 16780 R
157 180 16804 I
70 295 16759 G
181 214 16776 B
25 182 16802 Y
89 238 16774 O
122 192 16759 V
1 303 16751 G
187 312 16726 O
134 160 16766 B
58 248 16776 R
78 300 16807 R
97 337 16732 R
191 260 16724 V
183 217 16734 G
250 280 16737 I
179 223 16782 B
72 266 16731 B
56 189 16769 O
26 284 16769 V
116 304 16790 B
300 307 16798 O
131 209 16783 V
150 198 16745 G
56 81 16770 V
49 338 16772 R
190 300 16752 O
32 117 16756 B
137 138 16759 B
44 295 16773 O
101 220 16782 G
5 198 16747 G
25 275 16729 R
152 335 16727 V
48 110 16803 Y
145 207 16731 V
115 227 16758 B
40 252 16751 V
240 246 16734 Y
103 214 16782 Y
202 337 16773 B
59 271 16753 I
65 262 16795 Y
34 164 16785 R
110 237 16744 G
55 85 16733 I
73 78 16736 B
119 254 16801 B
63 78 16771 B
227 235 16776 R
40 330 16750 B
157 278 16790 O
114 206 16789 O
162 214 16776 R
15 245 16774 O
92 274 16790 I
2 311 16807 B
39 251 16786 V
134 210 16772 R
30 143 16806 G
49 294 16739 R
49 101 16789 R
77 130 16743 O
151 320 16758 I
75 142 16753 Y
93 149 16771 G
192 308 16747 G
125 182 16778 B
102 145 16796 I
63 284 16776 Y
205 337 16758 O
123 148 16789 O
193 331 16807 I
27 70 16787 V
282 295 16805 I
15 287 16762 B
225 282 16723 B
187 269 16748 V
225 266 16770 O
153 194 16730 I
209 281 16763 O
1 209 16734 Y
2 17 16746 B
43 302 16734 G
