340 2369
72 192 16807 G
36 339 16807 V
310 321 16807 G
59 270 16807 B
42 260 16807 O
125 329 16807 R
19 165 16807 I
36 185 16807 O
82 281 16807 G
203 260 16807 R
106 337 16807 Y
192 260 16807 G
52 245 16807 O
144 240 16807 B
49 101 16807 V
76 304 16807 B
26 54 16807 Y
196 228 16807 G
181 271 16807 O
41 221 16807 G
32 237 16807 V
60 174 16807 V
264 322 16807 I
40 240 16807 Y
1 140 16807 B
71 205 16807 I
271 309 16807 G
13 318 16807 R
245 318 16807 O
121 292 16807 V
136 157 16807 O
102 245 16807 V
65 270 16807 B
118 256 16807 G
109 273 16807 I
45 118 16807 O
53 235 16807 Y
134 220 16807 V
176 296 16807 G
141 157 16807 O
82 284 16807 B
199 243 16807 V
107 183 16807 B
24 46 16807 I
67 166 16807 B
118 292 16807 I
55 185 16807 G
221 226 16807 Y
10 147 16807 I
17 326 16807 Y
69 203 16807 V
67 109 16807 I
152 226 16807 R
8 117 16807 O
7 138 16807 Y
24 210 16807 Y
6 207 16807 V
54 140 16807 B
218 298 16807 G
52 175 16807 R
246 261 16807 R
70 287 16807 R
18 93 16807 G
203 285 16807 B
158 301 16807 R
92 232 16807 B
141 235 16807 V
35 70 16807 Y
64 144 16807 O
111 236 16807 I
35 206 16807 Y
223 239 16807 R
323 335 16807 Y
110 308 16807 I
14 162 16807 G
314 317 16807 Y
30 101 16807 R
133 247 16807 B
29 180 16807 I
46 275 16807 B
76 268 16807 B
212 266 16807 O
86 209 16807 V
80 280 16807 V
141 301 16807 B
11 168 16807 B
130 178 16807 O
288 290 16807 V
168 245 16807 G
120 259 16807 V
107 263 16807 R
138 172 16807 R
97 242 16807 I
130 311 16807 I
103 239 16807 O
210 262 16807 R
15 95 16807 Y
105 209 16807 O
75 271 16807 G
62 173 16807 I
84 250 16807 B
119 294 16807 O
22 192 16807 R
26 312 16807 I
56 312 16807 V
87 217 16807 V
115 319 16807 R
45 231 16807 R
156 321 16807 O
145 154 16807 R
153 254 16807 V
23 123 16807 R
269 315 16807 B
162 252 16807 G
57 160 16807 I
151 312 16807 O
234 339 16807 I
37 134 16807 B
113 321 16807 V
172 178 16807 G
48 187 16807 V
16 319 16807 I
16 66 16807 O
335 339 16807 B
89 237 16807 I
140 287 16807 G
97 317 16807 R
78 81 16807 G
22 76 16807 B
98 225 16807 V
9 169 16807 R
31 298 16807 V
297 337 16807 O
142 280 16807 I
299 322 16807 Y
112 183 16807 I
242 317 16807 G
20 111 16807 Y
134 298 16807 G
87 178 16807 R
20 302 16807 G
39 62 16807 V
102 269 16807 R
228 265 16807 B
111 302 16807 O
138 201 16807 I
15 317 16807 V
16 51 16807 O
203 291 16807 Y
1 30 16807 V
62 261 16807 I
122 271 16807 O
19 35 16807 G
72 103 16807 G
158 175 16807 G
221 246 16807 G
96 221 16807 V
250 252 16807 G
231 294 16807 Y
148 164 16807 G
226 296 16807 R
198 253 16807 O
194 314 16807 O
154 204 16807 V
260 272 16807 O
120 193 16807 I
67 212 16807 R
255 303 16807 O
192 318 16807 O
74 150 16807 O
122 323 16807 G
31 184 16807 G
81 157 16807 Y
85 133 16807 O
54 167 16807 Y
279 282 16807 O
104 182 16807 G
50 206 16807 O
235 309 16807 O
97 295 16807 G
174 335 16807 G
117 278 16807 O
174 267 16807 V
89 283 16807 B
228 256 16807 V
218 296 16807 O
124 332 16807 V
158 324 16807 V
285 328 16807 Y
150 249 16807 R
16 234 16807 V
240 294 16807 Y
176 212 16807 G
151 304 16807 V
101 229 16807 O
183 193 16807 B
312 317 16807 Y
14 155 16807 V
202 225 16807 V
161 214 16807 G
119 150 16807 R
136 200 16807 V
26 297 16807 G
218 264 16807 R
84 186 16807 R
3 35 16807 I
29 178 16807 O
61 254 16807 I
123 195 16807 G
8 40 16807 I
2 131 16807 R
84 255 16807 G
2 213 16807 G
6 154 16807 V
77 328 16807 B
101 315 16807 R
187 255 16807 V
242 330 16807 G
151 192 16807 B
155 252 16807 I
28 292 16807 O
265 304 16807 O
207 297 16807 I
28 333 16807 Y
115 272 16807 V
57 308 16807 R
205 227 16807 I
256 328 16807 G
209 221 16807 G
96 134 16807 G
60 61 16807 B
71 158 16807 B
51 136 16807 Y
28 192 16807 Y
165 215 16807 V
45 177 16807 Y
30 319 16807 I
78 280 16807 V
97 218 16807 B
14 201 16807 V
54 236 16807 Y
2 334 16807 Y
101 313 16807 G
26 143 16807 B
99 213 16807 V
74 280 16807 I
80 144 16807 V
218 330 16807 Y
61 109 16807 I
86 202 16807 V
2 331 16807 I
63 242 16807 B
55 267 16807 O
6 92 16807 O
205 254 16807 G
137 321 16807 I
34 297 16807 I
41 156 16807 V
102 309 16807 O
96 263 16807 Y
112 223 16807 B
59 210 16807 O
32 115 16807 V
17 84 16807 B
131 299 16807 R
52 96 16807 I
90 190 16807 O
107 122 16807 I
194 233 16807 G
36 270 16807 Y
204 270 16807 B
230 279 16807 I
75 150 16807 V
114 296 16807 O
329 332 16807 B
13 140 16807 B
39 314 16807 B
10 122 16807 G
13 251 16807 G
31 94 16807 R
38 264 16807 B
18 292 16807 V
85 189 16807 O
136 271 16807 B
37 159 16807 V
197 310 16807 B
33 49 16807 O
76 340 16807 O
49 94 16807 G
32 44 16807 R
15 294 16807 B
134 155 16807 V
145 252 16807 Y
36 292 16807 V
189 237 16807 Y
15 223 16807 R
138 246 16807 B
83 229 16807 B
221 315 16807 I
74 127 16807 O
290 335 16807 V
5 257 16807 I
101 303 16807 G
54 129 16807 R
80 100 16807 O
60 338 16807 O
76 230 16807 G
79 322 16807 G
253 264 16807 O
166 186 16807 G
122 305 16807 I
66 120 16807 B
304 335 16807 Y
58 69 16807 V
35 85 16807 V
109 134 16807 B
127 143 16807 G
69 330 16807 V
124 131 16807 O
235 280 16807 V
170 255 16807 O
57 193 16807 B
74 331 16807 Y
30 280 16807 I
221 307 16807 V
191 269 16807 G
52 302 16807 G
178 284 16807 R
51 280 16807 I
87 129 16807 R
55 230 16807 R
89 320 16807 I
169 170 16807 R
27 103 16807 O
110 297 16807 V
6 143 16807 R
29 244 16807 V
198 242 16807 I
215 296 16807 R
25 193 16807 O
258 308 16807 Y
131 243 16807 I
53 242 16807 G
298 336 16807 B
23 187 16807 R
217 312 16807 Y
227 268 16807 O
211 317 16807 I
147 157 16807 Y
286 314 16807 Y
274 326 16807 I
53 335 16807 Y
71 78 16807 V
96 303 16807 Y
140 213 16807 V
135 305 16807 G
298 313 16807 G
140 237 16807 Y
236 310 16807 Y
57 59 16807 Y
10 87 16807 Y
17 177 16807 I
238 283 16807 G
55 82 16807 G
76 293 16807 G
39 118 16807 B
83 215 16807 O
1 332 16807 V
110 142 16807 R
278 320 16807 B
61 289 16807 Y
161 298 16807 Y
99 192 16807 V
15 263 16807 G
149 219 16807 R
230 295 16807 Y
239 321 16807 V
297 318 16807 Y
53 136 16807 I
159 280 16807 G
68 197 16807 O
259 304 16807 R
42 172 16807 Y
61 227 16807 G
170 233 16807 B
79 327 16807 V
47 179 16807 I
100 222 16807 Y
268 306 16807 B
79 338 16807 R
70 118 16807 B
89 188 16807 Y
112 282 16807 Y
103 170 16807 O
76 142 16807 Y
5 109 16807 O
178 314 16807 B
8 209 16807 V
103 197 16807 V
208 271 16807 G
28 269 16807 R
188 200 16807 G
176 179 16807 R
108 172 16807 G
119 334 16807 G
133 264 16807 V
118 210 16807 R
144 193 16807 I
213 247 16807 B
87 123 16807 B
185 337 16807 V
117 299 16807 B
26 223 16807 G
285 317 16807 I
16 321 16807 B
43 141 16807 V
291 323 16807 Y
199 213 16807 O
50 65 16807 R
92 110 16807 B
24 300 16807 V
50 279 16807 O
157 173 16807 Y
71 208 16807 Y
52 100 16807 V
103 277 16807 I
274 337 16807 B
188 247 16807 R
190 264 16807 I
101 219 16807 B
159 247 16807 V
142 145 16807 G
160 268 16807 B
32 268 16807 V
3 8 16807 R
230 253 16807 G
180 223 16807 O
178 294 16807 R
100 111 16807 O
73 217 16807 B
144 269 16807 O
141 185 16807 R
88 117 16807 B
201 279 16807 B
247 249 16807 R
239 298 16807 G
221 312 16807 R
63 194 16807 O
200 235 16807 I
87 208 16807 I
55 233 16807 V
100 168 16807 V
21 297 16807 B
163 307 16807 O
70 179 16807 B
110 138 16807 V
293 315 16807 G
244 292 16807 O
24 184 16807 R
214 249 16807 O
40 85 16807 B
75 152 16807 Y
105 123 16807 B
114 150 16807 G
2 3 16807 R
144 315 16807 V
82 213 16807 I
163 327 16807 G
31 202 16807 Y
43 115 16807 B
225 233 16807 Y
215 246 16807 B
109 175 16807 R
266 305 16807 V
131 242 16807 B
96 292 16807 I
289 329 16807 I
85 259 16807 V
169 270 16807 B
76 264 16807 O
17 306 16807 O
65 300 16807 G
127 327 16807 Y
121 193 16807 B
11 201 16807 I
160 179 16807 I
52 288 16807 O
178 323 16807 G
272 285 16807 G
205 334 16807 B
83 212 16807 V
184 292 16807 O
114 338 16807 G
183 284 16807 Y
81 307 16807 V
66 118 16807 R
109 112 16807 B
245 319 16807 R
266 302 16807 I
275 287 16807 I
280 282 16807 V
110 113 16807 V
25 340 16807 R
1 286 16807 G
156 211 16807 G
164 339 16807 G
123 250 16807 G
12 35 16807 I
94 279 16807 V
50 165 16807 O
20 80 16807 V
223 322 16807 Y
217 271 16807 I
286 309 16807 Y
114 208 16807 B
93 250 16807 B
80 139 16807 G
45 123 16807 G
93 302 16807 O
202 273 16807 V
16 104 16807 O
80 134 16807 I
231 296 16807 V
144 326 16807 V
39 316 16807 G
258 273 16807 R
27 127 16807 I
217 225 16807 Y
79 280 16807 O
192 253 16807 G
100 130 16807 O
35 45 16807 Y
193 266 16807 R
131 133 16807 G
131 187 16807 G
108 165 16807 G
124 205 16807 V
44 212 16807 G
18 256 16807 V
300 311 16807 Y
191 327 16807 I
88 309 16807 G
202 246 16807 V
26 327 16807 O
207 335 16807 G
191 284 16807 Y
37 44 16807 Y
65 85 16807 Y
82 85 16807 Y
79 112 16807 Y
143 253 16807 V
77 179 16807 B
262 285 16807 O
12 130 16807 V
4 305 16807 V
66 231 16807 G
41 70 16807 I
31 317 16807 B
27 259 16807 G
29 210 16807 R
229 315 16807 B
13 327 16807 O
17 118 16807 G
63 270 16807 Y
258 314 16807 R
15 244 16807 V
32 223 16807 I
66 104 16807 O
91 320 16807 V
61 234 16807 O
192 227 16807 R
111 176 16807 O
67 171 16807 Y
82 102 16807 G
237 340 16807 Y
271 336 16807 G
184 202 16807 G
33 327 16807 R
39 124 16807 R
28 170 16807 R
100 273 16807 I
100 207 16807 G
228 229 16807 O
111 284 16807 B
31 190 16807 Y
62 266 16807 V
109 156 16807 Y
65 205 16807 I
21 332 16807 I
128 158 16807 I
90 242 16807 G
61 64 16807 B
143 282 16807 Y
80 318 16807 V
109 329 16807 Y
61 127 16807 G
102 168 16807 O
15 236 16807 Y
9 292 16807 G
28 134 16807 Y
56 234 16807 B
120 181 16807 R
12 224 16807 R
162 325 16807 V
152 278 16807 G
81 236 16807 V
17 19 16807 R
93 296 16807 I
20 215 16807 R
308 312 16807 O
2 111 16807 I
30 208 16807 Y
277 331 16807 I
237 312 16807 B
45 262 16807 R
27 241 16807 B
226 335 16807 Y
306 326 16807 V
24 143 16807 R
269 300 16807 R
78 123 16807 G
123 265 16807 G
62 217 16807 R
188 248 16807 B
193 261 16807 B
92 296 16807 Y
72 146 16807 V
188 308 16807 B
274 276 16807 G
4 184 16807 B
31 165 16807 R
31 322 16807 B
135 145 16807 B
210 325 16807 Y
163 191 16807 B
125 213 16807 Y
132 322 16807 V
30 64 16807 I
165 174 16807 Y
211 218 16807 B
86 107 16807 I
24 250 16807 B
234 250 16807 Y
132 242 16807 Y
6 189 16807 O
3 282 16807 V
51 225 16807 G
234 256 16807 Y
219 313 16807 B
161 264 16807 G
87 318 16807 B
69 143 16807 O
105 333 16807 G
40 116 16807 R
99 119 16807 V
54 249 16807 B
240 299 16807 G
60 109 16807 O
131 162 16807 Y
99 132 16807 B
16 117 16807 I
7 169 16807 Y
154 276 16807 V
9 226 16807 V
146 256 16807 I
179 257 16807 Y
82 306 16807 V
53 121 16807 R
85 165 16807 I
61 134 16807 Y
252 261 16807 V
12 242 16807 R
109 151 16807 I
83 221 16807 B
63 249 16807 G
68 299 16807 G
267 316 16807 Y
281 296 16807 Y
33 154 16807 I
25 96 16807 R
56 149 16807 G
163 243 16807 V
53 122 16807 V
191 306 16807 V
179 270 16807 R
96 234 16807 Y
288 303 16807 R
70 163 16807 I
9 204 16807 B
103 332 16807 I
19 178 16807 B
11 177 16807 R
217 238 16807 G
81 322 16807 O
74 198 16807 G
85 223 16807 G
88 232 16807 B
22 25 16807 G
135 182 16807 I
41 158 16807 R
32 84 16807 V
27 224 16807 V
116 235 16807 G
31 308 16807 I
290 316 16807 R
10 280 16807 G
104 295 16807 B
34 76 16807 R
56 254 16807 R
73 145 16807 V
125 129 16807 O
38 288 16807 Y
143 339 16807 V
59 107 16807 G
137 139 16807 Y
236 301 16807 R
111 131 16807 V
69 173 16807 I
5 158 16807 O
14 217 16807 G
117 279 16807 R
8 139 16807 I
2 182 16807 R
312 335 16807 R
51 141 16807 O
117 231 16807 R
52 200 16807 G
73 319 16807 I
191 283 16807 B
4 65 16807 G
217 246 16807 I
148 282 16807 G
205 325 16807 I
260 278 16807 B
158 211 16807 I
133 268 16807 I
184 270 16807 B
25 127 16807 R
280 339 16807 V
107 266 16807 B
246 309 16807 V
11 156 16807 I
195 305 16807 O
174 215 16807 G
123 246 16807 R
4 131 16807 Y
67 315 16807 G
24 68 16807 V
224 266 16807 V
133 258 16807 B
118 229 16807 V
33 314 16807 B
103 119 16807 I
42 98 16807 Y
18 336 16807 Y
32 68 16807 B
162 270 16807 Y
72 101 16807 G
36 221 16807 G
152 335 16807 Y
166 219 16807 R
184 235 16807 B
217 334 16807 I
53 269 16807 B
147 149 16807 I
46 335 16807 B
106 237 16807 O
74 340 16807 B
21 44 16807 O
92 267 16807 B
159 257 16807 R
53 228 16807 B
37 236 16807 I
269 326 16807 I
44 334 16807 B
83 85 16807 B
298 311 16807 O
56 151 16807 O
215 235 16807 V
129 185 16807 O
250 312 16807 Y
48 63 16807 B
80 114 16807 I
82 168 16807 Y
288 330 16807 V
255 281 16807 B
171 292 16807 V
11 279 16807 I
7 304 16807 R
159 308 16807 V
64 86 16807 I
29 237 16807 Y
7 255 16807 Y
90 169 16807 G
127 236 16807 O
100 268 16807 G
6 241 16807 V
89 104 16807 R
107 151 16807 R
55 257 16807 B
101 182 16807 I
231 286 16807 V
40 50 16807 Y
86 332 16807 B
81 309 16807 R
107 202 16807 G
9 170 16807 R
31 73 16807 G
39 47 16807 V
170 217 16807 Y
18 190 16807 O
68 287 16807 G
137 151 16807 Y
164 326 16807 R
9 15 16807 R
146 314 16807 I
98 130 16807 V
31 75 16807 V
111 138 16807 I
93 326 16807 V
19 102 16807 R
300 324 16807 G
153 312 16807 R
62 332 16807 R
120 206 16807 B
41 339 16807 V
182 249 16807 I
87 149 16807 B
221 267 16807 O
156 319 16807 B
151 308 16807 Y
73 175 16807 I
237 247 16807 G
234 297 16807 Y
60 185 16807 R
269 292 16807 Y
2 162 16807 O
304 325 16807 B
34 224 16807 I
83 310 16807 Y
32 54 16807 V
93 280 16807 I
5 95 16807 B
161 308 16807 G
66 206 16807 V
72 145 16807 I
50 140 16807 V
13 39 16807 I
239 315 16807 O
9 224 16807 B
128 267 16807 Y
41 59 16807 V
195 242 16807 I
220 262 16807 I
284 285 16807 B
186 193 16807 Y
208 244 16807 R
120 268 16807 B
172 284 16807 R
24 69 16807 R
268 325 16807 I
195 300 16807 R
5 209 16807 R
213 279 16807 B
7 322 16807 V
11 293 16807 V
203 276 16807 G
62 180 16807 O
18 318 16807 B
201 326 16807 I
53 76 16807 G
53 88 16807 G
76 130 16807 Y
241 316 16807 V
237 275 16807 I
101 140 16807 O
31 244 16807 I
191 227 16807 B
24 174 16807 Y
86 99 16807 R
121 212 16807 R
70 149 16807 I
68 73 16807 Y
76 267 16807 O
175 203 16807 I
87 225 16807 V
127 167 16807 O
59 221 16807 I
232 311 16807 B
68 139 16807 G
180 202 16807 G
19 97 16807 V
123 138 16807 O
159 276 16807 O
293 332 16807 B
48 316 16807 R
120 252 16807 B
63 182 16807 B
279 329 16807 V
252 302 16807 B
20 149 16807 B
42 181 16807 V
151 172 16807 V
38 148 16807 B
8 199 16807 R
170 287 16807 I
230 277 16807 O
6 115 16807 V
86 257 16807 B
26 58 16807 Y
104 270 16807 R
133 160 16807 G
14 152 16807 V
121 195 16807 G
313 331 16807 G
21 279 16807 R
11 308 16807 Y
170 185 16807 G
79 304 16807 G
147 172 16807 O
9 49 16807 I
12 278 16807 B
42 286 16807 Y
202 241 16807 B
128 320 16807 R
227 272 16807 Y
17 279 16807 R
299 329 16807 B
105 293 16807 B
227 295 16807 R
46 173 16807 G
49 73 16807 B
231 242 16807 G
85 207 16807 I
302 332 16807 R
37 92 16807 Y
6 105 16807 I
166 242 16807 I
43 143 16807 B
167 286 16807 O
205 300 16807 V
217 329 16807 I
125 259 16807 O
132 143 16807 V
56 194 16807 G
46 336 16807 I
7 110 16807 B
216 333 16807 O
40 145 16807 Y
109 306 16807 R
94 276 16807 B
1 28 16807 R
77 314 16807 O
151 333 16807 V
180 251 16807 Y
111 170 16807 Y
41 72 16807 V
93 95 16807 O
38 237 16807 O
155 247 16807 V
2 308 16807 R
3 165 16807 Y
155 161 16807 V
83 313 16807 I
261 309 16807 Y
81 133 16807 Y
25 246 16807 I
74 122 16807 G
157 182 16807 B
54 300 16807 O
141 336 16807 G
15 156 16807 V
178 266 16807 Y
168 183 16807 Y
154 223 16807 R
213 319 16807 I
106 159 16807 I
23 125 16807 R
285 300 16807 V
73 271 16807 O
43 246 16807 Y
119 122 16807 O
135 215 16807 B
162 181 16807 I
274 286 16807 V
242 247 16807 B
138 149 16807 O
306 335 16807 B
168 290 16807 V
11 314 16807 O
83 226 16807 I
179 233 16807 V
186 282 16807 G
71 128 16807 I
121 336 16807 V
153 154 16807 V
49 122 16807 V
104 303 16807 R
162 279 16807 O
292 303 16807 R
48 279 16807 B
218 234 16807 R
205 253 16807 I
53 326 16807 V
228 236 16807 G
36 200 16807 B
44 142 16807 I
152 222 16807 I
76 338 16807 B
109 214 16807 R
133 135 16807 B
104 130 16807 I
128 269 16807 B
153 206 16807 B
40 275 16807 I
291 298 16807 B
92 201 16807 G
9 295 16807 V
201 319 16807 R
33 237 16807 O
92 321 16807 B
45 132 16807 R
299 314 16807 Y
56 205 16807 I
186 215 16807 V
183 276 16807 G
72 226 16807 R
62 255 16807 O
265 295 16807 I
58 205 16807 G
68 171 16807 Y
219 319 16807 V
167 291 16807 V
81 221 16807 V
97 176 16807 Y
120 141 16807 I
25 259 16807 R
47 84 16807 O
206 297 16807 I
295 335 16807 O
33 200 16807 O
291 339 16807 G
15 195 16807 G
121 194 16807 V
314 329 16807 G
69 171 16807 G
126 254 16807 I
112 279 16807 I
93 130 16807 V
38 311 16807 O
238 300 16807 Y
81 226 16807 B
205 226 16807 O
13 118 16807 Y
73 289 16807 B
80 246 16807 Y
168 225 16807 V
261 270 16807 O
145 152 16807 B
126 163 16807 O
276 312 16807 O
20 107 16807 O
64 276 16807 G
167 182 16807 Y
179 220 16807 B
32 70 16807 Y
64 103 16807 G
24 315 16807 Y
5 204 16807 Y
44 305 16807 V
30 302 16807 R
109 275 16807 V
44 147 16807 G
169 182 16807 V
95 132 16807 Y
141 328 16807 Y
198 200 16807 G
15 24 16807 V
126 138 16807 Y
76 233 16807 B
13 319 16807 Y
128 293 16807 V
159 340 16807 O
236 258 16807 G
43 112 16807 G
212 336 16807 G
211 246 16807 Y
179 301 16807 O
38 59 16807 B
40 226 16807 O
94 267 16807 G
172 208 16807 V
3 129 16807 R
41 48 16807 R
7 66 16807 O
246 288 16807 Y
44 196 16807 V
142 202 16807 B
53 237 16807 R
197 253 16807 Y
326 334 16807 I
278 340 16807 V
8 140 16807 B
164 177 16807 Y
29 140 16807 O
189 211 16807 B
49 166 16807 V
165 172 16807 Y
63 329 16807 I
207 229 16807 Y
169 317 16807 Y
3 157 16807 B
138 202 16807 G
278 330 16807 G
112 336 16807 G
154 263 16807 O
173 188 16807 G
45 76 16807 B
139 331 16807 V
126 253 16807 B
56 301 16807 G
295 325 16807 Y
40 73 16807 B
16 63 16807 Y
24 301 16807 B
159 319 16807 I
35 213 16807 V
86 301 16807 O
109 207 16807 O
22 211 16807 I
58 208 16807 O
18 146 16807 Y
237 338 16807 Y
95 296 16807 Y
21 140 16807 Y
143 208 16807 Y
242 332 16807 B
41 262 16807 I
32 109 16807 V
14 15 16807 Y
148 337 16807 I
85 226 16807 R
52 59 16807 R
274 292 16807 V
241 336 16807 I
154 236 16807 G
84 303 16807 B
86 198 16807 G
130 183 16807 B
137 264 16807 B
74 193 16807 V
83 337 16807 I
249 304 16807 G
10 333 16807 B
41 194 16807 G
315 324 16807 R
282 333 16807 G
29 224 16807 B
58 281 16807 B
212 313 16807 G
83 86 16807 G
49 161 16807 G
13 127 16807 O
140 309 16807 B
26 307 16807 O
228 325 16807 V
20 143 16807 G
128 253 16807 G
295 322 16807 Y
81 94 16807 V
163 214 16807 V
32 197 16807 V
24 263 16807 G
68 199 16807 I
100 157 16807 G
149 244 16807 V
105 266 16807 Y
137 317 16807 G
268 307 16807 G
13 161 16807 O
153 227 16807 I
246 301 16807 B
72 267 16807 G
96 225 16807 O
153 166 16807 B
53 320 16807 O
54 287 16807 I
87 336 16807 B
227 249 16807 R
142 184 16807 G
191 204 16807 O
250 322 16807 O
53 202 16807 B
311 321 16807 R
113 306 16807 O
148 318 16807 Y
40 260 16807 R
60 262 16807 O
19 226 16807 G
268 285 16807 I
220 311 16807 B
146 149 16807 O
160 333 16807 Y
9 288 16807 G
109 212 16807 I
83 274 16807 R
122 247 16807 O
182 296 16807 I
90 113 16807 O
25 323 16807 O
108 243 16807 G
50 265 16807 V
35 57 16807 O
54 123 16807 Y
29 274 16807 Y
219 284 16807 B
98 285 16807 O
178 326 16807 I
248 265 16807 V
158 327 16807 R
112 261 16807 O
155 243 16807 I
7 329 16807 I
37 157 16807 V
8 316 16807 G
166 235 16807 R
95 273 16807 R
93 206 16807 R
144 297 16807 Y
108 293 16807 Y
22 324 16807 V
61 120 16807 O
10 72 16807 O
94 212 16807 R
68 231 16807 I
17 220 16807 B
86 97 16807 O
25 48 16807 R
161 338 16807 V
126 268 16807 B
168 316 16807 I
61 170 16807 B
23 313 16807 G
266 274 16807 Y
148 297 16807 Y
189 332 16807 I
17 64 16807 V
235 248 16807 Y
183 220 16807 G
129 301 16807 Y
157 158 16807 V
94 152 16807 I
13 45 16807 G
72 100 16807 I
32 218 16807 Y
150 241 16807 V
93 249 16807 V
48 72 16807 Y
2 336 16807 G
11 63 16807 B
140 251 16807 G
256 322 16807 B
48 308 16807 G
137 202 16807 O
124 240 16807 Y
137 305 16807 Y
130 285 16807 R
75 242 16807 V
7 154 16807 B
156 289 16807 B
162 238 16807 O
294 332 16807 R
16 94 16807 V
97 263 16807 I
54 308 16807 B
244 252 16807 O
62 102 16807 R
257 300 16807 I
117 244 16807 R
11 39 16807 O
17 114 16807 V
79 331 16807 I
85 227 16807 B
93 287 16807 G
207 276 16807 B
283 314 16807 G
121 229 16807 G
70 300 16807 R
262 339 16807 B
6 9 16807 B
119 199 16807 V
151 214 16807 O
1 147 16807 V
36 146 16807 V
101 111 16807 B
89 319 16807 I
291 304 16807 I
143 190 16807 O
206 210 16807 G
20 189 16807 O
59 247 16807 I
277 303 16807 R
77 246 16807 R
21 328 16807 R
316 321 16807 Y
108 139 16807 Y
47 181 16807 R
173 179 16807 Y
260 282 16807 G
87 246 16807 R
77 172 16807 B
92 332 16807 V
44 106 16807 R
103 336 16807 G
178 269 16807 B
165 195 16807 V
3 4 16807 I
114 153 16807 O
132 259 16807 O
105 319 16807 B
165 241 16807 G
48 273 16807 O
33 81 16807 B
69 202 16807 G
196 282 16807 Y
4 137 16807 V
115 123 16807 O
137 335 16807 V
185 294 16807 B
184 298 16807 O
39 287 16807 O
325 336 16807 I
254 340 16807 V
89 243 16807 V
101 297 16807 V
40 189 16807 V
187 196 16807 B
73 287 16807 G
25 168 16807 B
55 273 16807 V
77 102 16807 V
19 236 16807 I
97 306 16807 O
171 294 16807 B
90 285 16807 O
75 104 16807 I
29 281 16807 Y
107 147 16807 I
144 230 16807 I
208 269 16807 Y
90 336 16807 I
35 282 16807 R
279 296 16807 Y
41 232 16807 I
72 308 16807 O
67 161 16807 O
131 283 16807 V
36 262 16807 V
133 301 16807 O
9 289 16807 I
13 56 16807 I
124 323 16807 V
55 208 16807 B
71 260 16807 R
222 337 16807 Y
119 241 16807 G
93 285 16807 V
206 236 16807 O
40 200 16807 O
151 165 16807 O
4 5 16807 V
70 171 16807 I
249 311 16807 Y
214 242 16807 R
121 324 16807 G
189 193 16807 I
220 265 16807 B
177 198 16807 R
142 265 16807 V
109 331 16807 Y
96 297 16807 I
248 277 16807 Y
156 286 16807 V
75 306 16807 Y
98 169 16807 B
69 97 16807 O
173 278 16807 R
21 263 16807 B
118 206 16807 R
291 332 16807 R
13 205 16807 O
87 119 16807 Y
18 311 16807 I
71 114 16807 R
138 329 16807 Y
11 295 16807 R
2 89 16807 B
149 162 16807 I
204 224 16807 G
12 230 16807 B
107 283 16807 V
88 196 16807 Y
114 271 16807 B
31 81 16807 O
98 109 16807 I
333 339 16807 V
232 286 16807 V
26 189 16807 I
236 330 16807 I
192 292 16807 V
228 271 16807 R
82 257 16807 O
82 241 16807 Y
164 291 16807 Y
19 32 16807 Y
262 317 16807 R
107 130 16807 B
90 189 16807 G
64 217 16807 G
115 156 16807 B
159 251 16807 G
87 230 16807 Y
168 202 16807 B
145 217 16807 Y
6 199 16807 R
126 270 16807 R
191 324 16807 I
67 147 16807 V
6 160 16807 G
6 59 16807 B
39 98 16807 I
213 242 16807 I
162 310 16807 B
219 247 16807 B
267 293 16807 I
16 233 16807 O
68 151 16807 I
28 336 16807 I
37 40 16807 Y
87 335 16807 I
125 311 16807 I
106 197 16807 G
276 308 16807 B
201 226 16807 R
155 223 16807 O
59 301 16807 O
255 315 16807 R
6 87 16807 B
60 122 16807 V
114 283 16807 Y
39 147 16807 O
44 186 16807 Y
76 112 16807 G
15 239 16807 V
89 340 16807 R
190 311 16807 R
178 249 16807 V
94 288 16807 I
13 214 16807 I
29 42 16807 I
120 158 16807 Y
87 95 16807 Y
13 60 16807 R
105 160 16807 O
207 288 16807 B
191 198 16807 G
233 339 16807 I
85 216 16807 G
239 324 16807 G
176 268 16807 R
58 335 16807 V
181 217 16807 G
157 191 16807 Y
163 196 16807 I
31 117 16807 O
224 330 16807 I
68 228 16807 V
146 298 16807 Y
166 197 16807 V
171 286 16807 O
71 309 16807 V
67 181 16807 V
15 32 16807 Y
77 240 16807 O
87 197 16807 G
275 292 16807 Y
73 172 16807 B
146 265 16807 Y
160 328 16807 B
103 199 16807 I
58 118 16807 I
261 268 16807 I
46 229 16807 B
71 79 16807 O
57 286 16807 O
38 166 16807 O
241 294 16807 R
221 229 16807 G
91 163 16807 I
18 30 16807 B
22 219 16807 B
18 109 16807 G
105 199 16807 R
234 323 16807 O
164 272 16807 O
39 41 16807 Y
74 186 16807 O
161 168 16807 O
99 205 16807 O
140 218 16807 B
113 164 16807 Y
23 177 16807 I
98 210 16807 O
143 247 16807 G
49 219 16807 I
83 217 16807 Y
44 277 16807 Y
138 256 16807 V
212 238 16807 G
270 306 16807 O
141 229 16807 V
60 67 16807 Y
14 22 16807 Y
27 228 16807 Y
104 271 16807 G
191 251 16807 Y
32 161 16807 Y
33 177 16807 R
16 187 16807 O
290 327 16807 R
42 266 16807 G
39 231 16807 V
74 316 16807 V
66 310 16807 Y
82 166 16807 B
93 187 16807 O
153 264 16807 O
23 300 16807 R
74 147 16807 R
123 228 16807 R
35 43 16807 O
176 225 16807 Y
294 302 16807 R
62 243 16807 Y
128 262 16807 O
11 68 16807 V
180 206 16807 B
137 193 16807 V
192 223 16807 V
166 199 16807 R
169 245 16807 I
52 117 16807 Y
87 133 16807 O
89 255 16807 V
144 178 16807 O
6 94 16807 G
16 231 16807 R
22 217 16807 V
70 307 16807 V
46 308 16807 O
94 230 16807 R
113 128 16807 Y
41 270 16807 V
65 136 16807 I
152 297 16807 B
31 223 16807 Y
63 195 16807 B
116 247 16807 O
115 124 16807 G
36 174 16807 V
49 202 16807 V
79 155 16807 R
11 163 16807 I
96 326 16807 V
52 241 16807 G
108 288 16807 O
127 162 16807 R
246 287 16807 V
50 207 16807 I
106 190 16807 R
119 142 16807 I
136 333 16807 O
157 247 16807 Y
106 143 16807 Y
42 275 16807 I
128 215 16807 Y
318 336 16807 B
219 281 16807 G
144 147 16807 O
251 279 16807 G
241 309 16807 B
243 300 16807 V
30 173 16807 V
126 256 16807 B
232 316 16807 G
14 261 16807 V
26 178 16807 Y
115 137 16807 I
84 267 16807 O
220 286 16807 G
266 336 16807 B
18 198 16807 I
165 231 16807 R
193 224 16807 B
37 327 16807 O
112 285 16807 O
100 195 16807 Y
116 266 16807 G
305 324 16807 Y
36 109 16807 G
18 272 16807 R
78 185 16807 G
149 260 16807 I
148 157 16807 I
21 163 16807 R
25 46 16807 G
10 23 16807 I
4 87 16807 I
140 236 16807 O
73 74 16807 R
34 213 16807 Y
200 213 16807 B
4 8 16807 G
166 260 16807 I
306 331 16807 B
3 77 16807 V
164 298 16807 R
23 154 16807 B
217 316 16807 I
225 331 16807 Y
87 146 16807 R
137 197 16807 G
17 273 16807 Y
284 325 16807 Y
180 227 16807 Y
83 103 16807 Y
97 195 16807 V
290 320 16807 V
8 213 16807 G
158 339 16807 Y
81 182 16807 Y
171 182 16807 V
8 294 16807 Y
138 255 16807 B
56 69 16807 O
228 288 16807 V
247 278 16807 B
65 215 16807 O
133 181 16807 Y
18 144 16807 V
215 291 16807 I
22 157 16807 B
104 201 16807 G
83 239 16807 O
181 338 16807 B
70 77 16807 G
114 125 16807 Y
66 150 16807 V
113 261 16807 G
270 278 16807 B
101 328 16807 V
8 186 16807 V
75 168 16807 I
234 245 16807 I
147 205 16807 B
22 55 16807 Y
165 179 16807 V
224 254 16807 Y
51 220 16807 B
109 161 16807 G
158 219 16807 V
154 270 16807 R
150 331 16807 O
294 296 16807 O
11 55 16807 R
211 306 16807 B
10 298 16807 R
107 180 16807 B
121 148 16807 G
85 176 16807 I
49 98 16807 Y
78 211 16807 V
48 113 16807 V
179 224 16807 B
158 315 16807 G
208 279 16807 V
110 231 16807 B
168 294 16807 I
86 279 16807 R
192 325 16807 I
80 197 16807 V
26 300 16807 O
299 318 16807 O
62 93 16807 V
153 195 16807 V
51 162 16807 Y
157 279 16807 V
331 336 16807 O
11 87 16807 G
172 332 16807 G
133 143 16807 O
18 174 16807 G
8 75 16807 I
23 263 16807 Y
215 255 16807 I
5 106 16807 G
194 266 16807 G
177 248 16807 O
64 287 16807 Y
134 139 16807 R
7 85 16807 Y
14 320 16807 V
76 284 16807 I
185 320 16807 G
4 260 16807 O
167 267 16807 O
63 197 16807 O
259 301 16807 Y
45 70 16807 Y
185 269 16807 V
147 194 16807 O
68 268 16807 R
70 75 16807 V
36 306 16807 I
105 151 16807 O
25 166 16807 I
124 311 16807 O
161 210 16807 Y
117 318 16807 G
270 315 16807 R
280 295 16807 I
51 234 16807 R
115 176 16807 B
51 211 16807 B
118 234 16807 I
132 307 16807 I
209 288 16807 R
15 221 16807 G
167 334 16807 V
198 224 16807 G
32 212 16807 O
146 246 16807 O
102 318 16807 Y
74 160 16807 I
195 247 16807 O
32 126 16807 V
31 52 16807 V
3 329 16807 R
264 294 16807 V
256 316 16807 G
281 312 16807 I
247 333 16807 Y
79 238 16807 Y
213 220 16807 Y
253 279 16807 O
13 55 16807 B
14 105 16807 R
191 254 16807 O
175 202 16807 Y
141 175 16807 G
71 194 16807 O
20 272 16807 Y
5 269 16807 Y
20 69 16807 O
155 174 16807 O
50 274 16807 O
65 224 16807 R
104 239 16807 I
87 161 16807 I
96 154 16807 B
57 338 16807 I
109 326 16807 O
65 324 16807 R
112 211 16807 R
198 256 16807 B
118 201 16807 I
34 195 16807 R
33 121 16807 I
175 193 16807 Y
101 253 16807 G
208 221 16807 G
125 244 16807 Y
68 175 16807 O
128 192 16807 G
60 62 16807 V
48 155 16807 R
154 294 16807 V
46 234 16807 Y
144 243 16807 G
203 215 16807 G
181 259 16807 B
194 329 16807 G
58 262 16807 O
203 255 16807 B
9 265 16807 Y
225 256 16807 V
270 279 16807 O
118 225 16807 V
129 151 16807 R
127 199 16807 R
187 220 16807 R
197 222 16807 G
230 340 16807 Y
160 242 16807 B
119 285 16807 R
49 214 16807 G
137 306 16807 O
112 339 16807 O
178 261 16807 O
147 204 16807 O
74 112 16807 B
63 206 16807 V
39 105 16807 O
81 108 16807 G
12 153 16807 Y
271 339 16807 R
140 235 16807 R
58 150 16807 I
1 101 16807 I
195 298 16807 G
197 258 16807 G
15 247 16807 I
171 290 16807 O
58 92 16807 Y
60 155 16807 O
130 202 16807 V
322 327 16807 O
162 328 16807 I
7 28 16807 Y
188 191 16807 I
229 297 16807 Y
322 340 16807 R
30 271 16807 R
84 161 16807 O
25 291 16807 B
184 258 16807 I
21 293 16807 Y
41 300 16807 G
98 296 16807 G
6 123 16807 G
80 149 16807 B
232 264 16807 V
160 240 16807 G
141 199 16807 O
26 127 16807 I
18 316 16807 I
5 163 16807 B
292 307 16807 I
261 277 16807 B
156 179 16807 G
5 145 16807 R
38 331 16807 G
138 215 16807 G
223 295 16807 Y
274 340 16807 Y
110 170 16807 B
127 244 16807 R
168 310 16807 R
69 235 16807 B
236 264 16807 O
168 260 16807 B
124 309 16807 V
3 263 16807 G
141 209 16807 V
248 274 16807 B
4 311 16807 R
117 311 16807 Y
215 227 16807 Y
254 274 16807 G
123 290 16807 V
18 139 16807 R
124 242 16807 Y
63 304 16807 B
85 105 16807 R
130 332 16807 G
128 132 16807 Y
23 139 16807 R
23 295 16807 G
48 244 16807 Y
75 307 16807 G
83 218 16807 B
205 215 16807 R
180 242 16807 V
46 205 16807 Y
62 170 16807 Y
106 207 16807 G
63 102 16807 R
144 148 16807 Y
51 259 16807 Y
174 244 16807 B
214 336 16807 V
17 65 16807 G
85 319 16807 Y
114 280 16807 B
60 305 16807 G
254 327 16807 Y
75 178 16807 R
178 238 16807 B
46 128 16807 B
209 283 16807 V
266 338 16807 R
5 149 16807 I
119 233 16807 Y
235 329 16807 G
163 303 16807 G
264 335 16807 G
68 192 16807 B
136 320 16807 B
140 199 16807 R
32 110 16807 Y
69 264 16807 I
116 176 16807 B
83 176 16807 R
16 150 16807 V
172 215 16807 V
163 269 16807 R
193 275 16807 G
126 250 16807 I
29 276 16807 R
38 285 16807 V
75 251 16807 Y
123 284 16807 Y
155 212 16807 O
39 172 16807 O
13 323 16807 V
246 295 16807 O
55 78 16807 O
162 272 16807 O
140 305 16807 B
123 317 16807 R
19 59 16807 G
61 257 16807 G
89 309 16807 O
148 260 16807 G
97 243 16807 R
212 270 16807 R
160 283 16807 B
296 299 16807 V
97 294 16807 R
100 277 16807 O
44 188 16807 V
103 136 16807 O
133 322 16807 Y
76 198 16807 O
38 220 16807 Y
49 317 16807 Y
12 304 16807 Y
111 187 16807 Y
190 249 16807 G
94 311 16807 V
121 202 16807 G
179 309 16807 B
284 336 16807 G
47 105 16807 G
219 318 16807 I
178 236 16807 G
56 325 16807 G
11 204 16807 Y
44 278 16807 V
307 318 16807 V
137 196 16807 I
81 225 16807 G
45 238 16807 R
222 228 16807 I
2 112 16807 G
128 176 16807 R
170 212 16807 O
173 283 16807 Y
125 138 16807 B
24 151 16807 G
178 193 16807 G
150 202 16807 I
205 236 16807 B
205 340 16807 G
184 254 16807 B
72 329 16807 Y
223 266 16807 G
247 313 16807 G
10 335 16807 B
185 267 16807 I
34 211 16807 V
33 88 16807 G
145 294 16807 R
17 327 16807 O
223 298 16807 Y
29 265 16807 V
186 331 16807 B
129 242 16807 O
23 108 16807 Y
268 304 16807 R
61 301 16807 B
17 293 16807 V
136 160 16807 I
10 116 16807 O
36 54 16807 Y
238 318 16807 V
193 202 16807 O
138 279 16807 R
25 319 16807 Y
229 279 16807 B
67 272 16807 O
29 39 16807 Y
20 333 16807 I
34 146 16807 G
94 198 16807 R
21 228 16807 R
35 273 16807 V
186 243 16807 V
62 246 16807 I
2 195 16807 I
191 277 16807 I
2 248 16807 B
54 149 16807 V
206 313 16807 R
101 222 16807 O
190 322 16807 B
57 296 16807 O
111 327 16807 B
127 240 16807 I
126 229 16807 V
30 79 16807 B
113 291 16807 I
146 266 16807 I
134 322 16807 I
53 273 16807 Y
77 153 16807 G
218 249 16807 G
17 170 16807 B
54 333 16807 Y
208 335 16807 I
206 247 16807 Y
48 219 16807 Y
42 170 16807 G
30 78 16807 G
120 186 16807 V
19 312 16807 G
153 222 16807 Y
99 175 16807 R
48 75 16807 R
84 301 16807 V
228 287 16807 G
196 200 16807 V
66 96 16807 V
319 340 16807 G
67 146 16807 B
4 104 16807 B
214 271 16807 R
70 150 16807 I
189 265 16807 I
282 313 16807 B
29 102 16807 Y
287 327 16807 G
224 336 16807 O
140 154 16807 O
81 242 16807 R
107 162 16807 Y
11 272 16807 B
154 313 16807 R
200 301 16807 G
188 229 16807 B
136 225 16807 B
142 263 16807 R
125 252 16807 B
19 331 16807 O
181 273 16807 B
82 254 16807 I
112 254 16807 R
216 239 16807 Y
247 334 16807 V
64 115 16807 R
6 22 16807 V
77 134 16807 O
60 100 16807 R
6 247 16807 V
49 325 16807 I
92 216 16807 G
175 231 16807 G
173 197 16807 B
104 293 16807 I
38 123 16807 V
261 289 16807 R
40 316 16807 I
254 311 16807 O
168 233 16807 R
98 245 16807 Y
109 144 16807 I
128 321 16807 Y
198 213 16807 Y
67 113 16807 G
102 222 16807 I
50 69 16807 Y
38 76 16807 R
206 332 16807 B
51 246 16807 O
78 172 16807 Y
6 327 16807 V
63 278 16807 G
58 291 16807 V
17 197 16807 B
229 314 16807 I
190 208 16807 Y
189 312 16807 R
128 173 16807 B
37 223 16807 I
44 63 16807 O
3 302 16807 R
157 281 16807 I
153 230 16807 O
203 242 16807 R
122 237 16807 B
144 163 16807 V
63 243 16807 G
43 291 16807 G
31 124 16807 R
29 279 16807 G
2 234 16807 O
79 217 16807 O
140 222 16807 O
6 57 16807 O
97 241 16807 R
4 86 16807 G
32 132 16807 O
277 340 16807 Y
210 305 16807 I
51 184 16807 R
86 255 16807 V
122 229 16807 V
117 235 16807 V
259 264 16807 R
147 314 16807 G
21 218 16807 O
77 184 16807 Y
136 149 16807 O
41 56 16807 R
91 338 16807 B
239 304 16807 V
215 262 16807 G
308 326 16807 Y
25 55 16807 G
5 315 16807 B
91 236 16807 O
221 298 16807 O
162 166 16807 I
21 183 16807 G
139 278 16807 B
65 295 16807 Y
9 279 16807 B
233 293 16807 I
75 196 16807 O
90 292 16807 V
121 181 16807 G
132 339 16807 R
31 276 16807 I
23 59 16807 R
213 307 16807 V
184 214 16807 G
14 339 16807 Y
41 285 16807 R
317 331 16807 Y
39 164 16807 G
39 153 16807 V
70 243 16807 G
61 340 16807 Y
24 40 16807 G
61 218 16807 V
177 249 16807 G
59 308 16807 O
25 254 16807 G
134 144 16807 Y
112 207 16807 B
136 165 16807 B
59 206 16807 G
55 212 16807 B
162 197 16807 Y
36 116 16807 V
143 184 16807 G
84 216 16807 G
256 272 16807 O
128 290 16807 O
274 338 16807 G
166 303 16807 Y
29 78 16807 Y
202 280 16807 I
181 294 16807 B
148 321 16807 G
8 296 16807 V
43 268 16807 O
78 181 16807 O
179 204 16807 O
60 264 16807 V
158 276 16807 B
154 179 16807 I
8 15 16807 V
94 202 16807 G
301 302 16807 O
36 190 16807 I
57 275 16807 B
49 247 16807 R
7 70 16807 V
173 190 16807 V
151 207 16807 I
123 225 16807 B
86 328 16807 G
105 207 16807 R
140 198 16807 B
79 324 16807 B
68 307 16807 G
6 277 16807 I
181 238 16807 R
54 242 16807 R
86 239 16807 V
211 272 16807 V
43 216 16807 Y
22 109 16807 I
74 255 16807 R
209 324 16807 B
196 272 16807 B
196 215 16807 V
201 246 16807 V
108 145 16807 Y
64 237 16807 B
1 19 16807 I
77 312 16807 R
52 290 16807 V
77 263 16807 G
85 229 16807 O
63 315 16807 Y
48 281 16807 I
88 317 16807 O
164 209 16807 B
37 167 16807 R
12 103 16807 Y
207 299 16807 O
117 259 16807 O
135 211 16807 I
4 258 16807 B
103 143 16807 V
6 65 16807 G
53 253 16807 G
127 133 16807 V
38 40 16807 I
12 187 16807 Y
3 301 16807 R
145 204 16807 G
319 323 16807 G
5 9 16807 I
9 307 16807 Y
209 295 16807 R
144 162 16807 B
59 184 16807 R
237 309 16807 B
297 303 16807 Y
229 280 16807 G
17 314 16807 Y
78 273 16807 R
44 217 16807 G
177 267 16807 B
240 304 16807 R
89 279 16807 Y
22 122 16807 B
38 131 16807 V
152 289 16807 B
165 340 16807 R
198 210 16807 V
104 311 16807 Y
31 84 16807 B
31 114 16807 V
49 154 16807 R
142 322 16807 Y
11 147 16807 R
12 300 16807 B
162 311 16807 I
32 265 16807 B
170 269 16807 O
48 89 16807 V
106 303 16807 Y
55 288 16807 O
121 135 16807 G
124 293 16807 Y
58 220 16807 O
149 234 16807 Y
143 266 16807 B
126 202 16807 I
97 237 16807 B
7 47 16807 O
131 324 16807 I
134 214 16807 I
195 253 16807 O
100 309 16807 V
117 325 16807 R
121 165 16807 Y
47 257 16807 B
256 295 16807 G
172 262 16807 B
15 292 16807 Y
54 102 16807 R
81 228 16807 B
44 149 16807 Y
65 234 16807 G
50 225 16807 Y
9 230 16807 B
197 280 16807 O
239 253 16807 Y
146 171 16807 Y
95 224 16807 G
24 261 16807 G
187 304 16807 V
71 102 16807 G
107 142 16807 I
137 213 16807 B
104 181 16807 B
216 329 16807 B
143 301 16807 O
82 192 16807 R
63 326 16807 R
288 332 16807 V
166 196 16807 V
226 297 16807 V
55 97 16807 O
51 328 16807 B
124 249 16807 V
284 329 16807 G
110 292 16807 Y
57 109 16807 V
9 339 16807 R
66 114 16807 Y
233 269 16807 R
142 214 16807 G
235 289 16807 O
111 260 16807 Y
199 204 16807 B
94 304 16807 O
189 322 16807 R
79 149 16807 B
70 253 16807 V
13 54 16807 R
152 271 16807 Y
42 144 16807 V
183 324 16807 I
33 259 16807 I
132 194 16807 V
14 222 16807 R
33 316 16807 G
58 231 16807 B
243 307 16807 B
68 212 16807 R
288 291 16807 V
45 244 16807 V
71 133 16807 O
30 143 16807 O
87 278 16807 B
244 276 16807 B
9 168 16807 R
250 325 16807 G
35 252 16807 R
139 209 16807 G
168 175 16807 O
46 67 16807 Y
104 327 16807 R
276 302 16807 G
8 270 16807 I
15 302 16807 Y
66 111 16807 O
15 165 16807 G
45 114 16807 V
230 251 16807 R
106 318 16807 B
126 279 16807 R
303 326 16807 V
