333 2346
77 83 16770 B
18 147 16678 R
3 110 16800 B
48 258 16405 O
32 324 16479 G
161 251 16693 O
212 275 16585 V
115 199 16765 B
47 56 16729 G
174 249 16469 I
62 69 16694 I
283 296 16707 R
81 240 16523 I
160 219 16584 Y
74 144 16516 G
17 169 16755 R
34 317 16682 O
64 270 16517 R
43 118 16706 B
132 220 16510 Y
98 143 16554 G
215 331 16551 V
168 214 16487 O
38 256 16628 Y
16 237 16537 G
33 108 16789 O
87 308 16804 O
98 306 16439 V
40 112 16527 O
19 327 16659 G
282 322 16703 V
28 179 16533 Y
109 288 16772 G
58 178 16721 B
56 269 16525 R
35 149 16596 O
60 67 16479 Y
86 135 16798 Y
20 280 16562 G
37 179 16447 G
175 333 16792 G
12 196 16745 O
62 256 16647 O
80 108 16591 I
144 277 16523 G
128 315 16615 Y
83 326 16533 B
76 285 16491 R
105 233 16609 G
44 308 16472 I
91 322 16567 O
170 207 16788 B
83 314 16410 I
82 115 16733 I
52 286 16771 G
223 252 16429 B
225 243 16707 G
55 92 16552 O
52 109 16714 G
65 83 16455 R
7 198 16652 R
44 109 16691 G
85 274 16623 O
17 82 16615 B
11 273 16423 I
74 114 16505 O
168 219 16535 Y
242 294 16601 G
298 320 16434 B
99 103 16654 I
58 103 16671 Y
123 236 16774 I
145 238 16661 G
38 61 16739 O
222 290 16612 O
187 240 16414 Y
65 170 16441 R
33 215 16705 Y
95 234 16761 O
118 147 16711 R
312 320 16529 O
104 216 16430 I
135 215 16733 O
6 187 16595 O
11 63 16680 B
57 150 16586 Y
202 324 16740 Y
237 315 16466 V
3 172 16765 R
128 322 16498 B
66 71 16749 O
161 172 16681 R
143 262 16538 O
115 304 16469 G
106 321 16731 G
116 240 16682 B
130 223 16534 I
162 313 16547 I
108 280 16448 G
240 273 16429 I
67 77 16559 Y
109 222 16474 V
102 230 16796 R
19 234 16476 O
105 228 16756 V
109 295 16496 B
83 226 16426 R
78 225 16493 V
221 262 16618 V
220 272 16783 I
11 124 16658 B
108 326 16436 V
236 278 16442 I
54 183 16490 R
18 253 16600 O
45 260 16506 O
104 124 16430 O
102 282 16678 Y
109 232 16435 B
159 266 16511 O
33 213 16541 R
214 274 16751 G
171 188 16617 B
298 300 16448 G
117 211 16407 O
46 310 16749 B
177 321 16411 V
146 256 16637 I
70 199 16729 V
246 296 16461 V
88 220 16781 R
89 155 16625 G
43 205 16679 I
196 225 16663 O
38 235 16615 B
59 146 16609 G
152 332 16475 V
211 309 16678 G
192 238 16496 Y
47 333 16657 R
220 279 16462 I
140 160 16724 R
52 252 16592 I
24 87 16708 I
245 258 16405 R
138 324 16625 V
79 95 16526 I
131 222 16445 Y
119 163 16472 R
186 199 16539 V
81 155 16489 I
30 70 16784 I
133 147 16708 G
20 321 16684 B
80 229 16423 I
137 242 16548 R
73 143 16420 Y
116 235 16801 I
120 136 16429 B
213 293 16561 I
27 64 16686 V
202 282 16681 I
278 304 16635 Y
53 120 16515 O
141 294 16517 G
85 277 16431 V
231 293 16675 V
47 282 16427 R
137 298 16755 O
27 42 16604 Y
14 114 16468 B
27 108 16587 Y
269 304 16582 V
83 227 16729 G
83 119 16472 Y
195 230 16598 R
77 138 16656 Y
120 241 16456 Y
124 231 16551 Y
193 258 16803 R
127 171 16685 G
121 239 16494 O
147 280 16746 O
45 265 16403 O
217 242 16559 G
272 291 16678 O
116 260 16685 V
126 316 16499 R
36 68 16726 R
151 261 16461 R
137 236 16508 G
308 329 16629 I
102 301 16723 Y
48 88 16585 Y
62 65 16751 Y
87 107 16409 I
101 213 16567 V
7 197 16668 B
245 275 16443 G
28 327 16571 V
270 310 16494 O
113 125 16754 R
163 180 16586 O
21 156 16638 O
62 95 16707 I
47 170 16447 G
127 227 16456 O
30 64 16683 R
81 142 16664 B
228 266 16607 Y
58 326 16543 B
84 222 16579 I
40 256 16603 B
56 263 16715 Y
156 307 16752 Y
10 305 16407 I
94 106 16776 V
127 245 16572 G
288 308 16792 V
94 114 16524 G
56 235 16739 G
51 112 16740 O
177 293 16540 G
63 149 16681 G
70 221 16598 R
77 132 16586 G
27 320 16543 Y
145 213 16735 O
92 147 16547 O
108 124 16424 Y
10 243 16472 O
17 181 16768 V
2 129 16461 B
43 310 16611 R
100 232 16499 V
145 155 16744 V
169 301 16474 B
10 306 16610 G
115 260 16642 Y
40 80 16554 G
55 156 16798 G
44 89 16627 V
94 201 16774 G
80 312 16759 O
7 115 16458 O
199 230 16502 V
180 228 16702 Y
309 319 16725 B
25 36 16794 R
238 309 16484 V
71 135 16600 R
29 251 16668 R
103 306 16598 B
57 94 16563 O
77 225 16519 O
87 245 16722 V
118 297 16751 R
69 188 16666 I
262 330 16515 Y
49 146 16780 G
16 240 16445 O
306 307 16747 G
160 301 16763 Y
59 265 16623 V
13 210 16677 R
78 114 16694 B
86 168 16802 O
93 165 16807 R
70 302 16532 B
12 228 16491 V
156 180 16744 R
123 229 16545 B
60 255 16718 R
216 304 16794 B
28 154 16507 G
83 133 16549 O
136 159 16504 R
190 314 16404 G
32 287 16450 G
104 235 16489 G
48 299 16565 Y
15 52 16661 V
189 330 16586 Y
83 193 16774 I
28 226 16492 V
209 241 16708 Y
33 319 16567 O
179 264 16702 G
169 199 16791 G
10 191 16613 R
121 174 16664 R
278 289 16687 O
97 185 16489 G
24 144 16619 R
192 249 16455 O
31 78 16411 R
157 239 16760 G
25 318 16664 R
125 163 16802 G
175 260 16571 Y
26 29 16549 R
13 229 16762 R
32 233 16410 Y
220 253 16549 B
54 194 16419 Y
4 169 16596 O
56 115 16679 Y
97 313 16697 B
145 170 16623 B
58 224 16690 O
97 136 16589 O
97 201 16432 G
190 208 16690 V
164 304 16775 I
142 328 16610 R
123 190 16610 R
13 323 16482 R
46 169 16508 I
32 234 16686 O
61 314 16483 O
38 160 16410 B
45 51 16620 Y
89 259 16440 I
59 269 16526 V
127 140 16450 I
167 182 16411 Y
86 278 16715 Y
5 210 16650 R
36 273 16728 R
7 326 16671 Y
129 278 16643 B
229 233 16437 O
72 121 16429 O
259 265 16445 B
128 205 16602 B
106 265 16609 V
119 168 16525 V
137 326 16468 V
30 106 16594 O
23 278 16597 I
162 231 16544 B
16 87 16579 R
56 121 16773 V
20 113 16661 Y
27 177 16664 O
230 331 16453 I
47 99 16714 R
114 318 16663 I
79 292 16471 B
189 324 16403 Y
185 202 16651 G
121 322 16467 O
118 139 16495 I
49 179 16428 Y
98 314 16795 R
11 87 16655 V
228 257 16671 I
47 64 16793 I
3 294 16712 V
128 210 16646 B
275 284 16739 R
267 324 16662 I
130 224 16653 O
40 309 16447 G
48 248 16682 B
1 303 16621 V
219 237 16430 G
218 293 16488 G
23 316 16733 V
253 288 16629 V
5 113 16455 B
1 69 16522 Y
62 63 16758 I
44 239 16782 Y
12 303 16423 Y
146 304 16707 O
316 323 16459 G
284 298 16479 R
105 195 16595 B
61 83 16634 Y
54 87 16485 O
134 281 16488 O
86 330 16649 G
55 122 16402 O
278 328 16754 Y
3 136 16762 I
160 223 16593 R
204 295 16747 G
94 149 16509 O
96 200 16783 B
38 246 16558 G
188 313 16412 R
9 204 16752 O
77 92 16671 R
122 125 16522 R
65 257 16537 Y
132 250 16481 O
223 274 16741 B
65 271 16749 B
84 143 16585 B
259 307 16775 O
81 140 16786 Y
36 270 16526 R
19 56 16691 V
130 314 16678 B
15 181 16531 R
182 294 16471 B
164 311 16717 G
67 166 16475 B
38 128 16688 R
128 199 16610 V
246 312 16784 Y
174 273 16675 V
185 259 16635 O
76 227 16560 G
159 202 16532 G
22 122 16630 B
183 229 16569 I
68 156 16432 B
154 235 16658 V
242 278 16694 V
183 276 16606 O
6 64 16672 I
24 315 16444 O
140 207 16793 O
99 145 16783 O
4 212 16471 I
97 191 16551 O
66 140 16749 O
292 322 16499 V
241 260 16483 Y
178 257 16616 Y
137 192 16419 I
3 84 16634 O
50 59 16403 G
199 307 16703 I
59 61 16584 I
138 197 16639 I
31 302 16662 I
127 165 16482 B
202 312 16766 G
51 241 16511 G
5 13 16514 V
208 277 16563 G
207 256 16621 R
166 230 16619 G
15 269 16618 Y
210 292 16780 Y
23 80 16443 V
70 308 16723 R
119 309 16524 O
53 119 16457 G
56 160 16682 O
32 289 16530 B
31 169 16402 R
2 10 16682 G
130 221 16663 B
76 265 16410 O
126 177 16481 B
20 227 16707 B
188 266 16574 B
238 277 16555 B
3 150 16656 Y
242 301 16447 B
210 268 16779 O
216 275 16776 V
97 265 16413 G
172 304 16468 I
7 311 16531 I
45 219 16522 R
74 117 16695 Y
185 220 16462 R
58 235 16521 R
251 314 16410 B
93 324 16715 V
71 266 16751 B
96 110 16719 O
118 149 16751 B
45 133 16694 Y
200 208 16514 Y
209 307 16531 O
75 171 16787 R
172 248 16509 O
122 284 16485 V
67 180 16758 O
18 325 16701 B
72 248 16792 O
84 290 16730 V
207 262 16562 I
5 206 16582 Y
31 303 16629 B
3 135 16762 O
66 81 16668 B
47 106 16692 V
71 125 16459 Y
63 188 16706 B
84 168 16650 B
19 26 16605 V
248 257 16644 R
51 146 16782 G
17 36 16629 I
202 263 16766 I
71 112 16535 B
86 164 16409 I
187 318 16602 R
31 96 16758 I
101 200 16436 G
138 278 16725 V
13 62 16408 G
145 184 16793 I
102 127 16659 O
37 241 16608 B
75 324 16766 G
114 206 16744 B
4 178 16573 B
161 192 16555 R
105 201 16704 O
107 320 16745 I
62 142 16468 B
44 283 16611 Y
58 221 16648 Y
88 136 16474 B
55 260 16417 R
148 243 16561 Y
50 174 16638 B
51 327 16509 V
174 314 16408 I
140 242 16430 R
12 59 16586 B
36 265 16706 B
221 304 16622 I
46 307 16609 B
197 303 16807 O
124 203 16659 Y
233 260 16597 I
16 279 16770 O
141 166 16575 B
101 289 16455 R
144 204 16422 G
152 270 16673 V
288 323 16502 G
127 149 16676 O
301 310 16708 V
145 317 16543 V
25 41 16686 Y
15 184 16522 V
22 287 16519 Y
87 306 16789 V
168 287 16581 V
120 301 16595 R
86 232 16657 R
48 329 16642 Y
292 294 16442 Y
97 310 16724 I
283 323 16428 R
78 303 16501 V
114 215 16654 R
37 49 16463 B
3 316 16401 Y
8 282 16614 Y
109 306 16423 V
132 189 16427 G
173 220 16501 B
105 243 16750 V
168 308 16762 I
109 308 16424 G
83 244 16478 O
12 204 16716 R
36 206 16532 I
30 112 16797 R
268 312 16550 B
36 200 16606 V
205 325 16490 B
195 249 16748 Y
113 121 16690 R
61 110 16676 G
172 179 16781 V
94 297 16574 B
32 294 16567 G
95 228 16573 G
136 246 16784 B
40 73 16617 G
68 71 16581 Y
147 188 16623 O
74 272 16702 G
179 197 16708 G
127 314 16589 G
111 157 16471 R
257 294 16717 O
1 136 16408 I
139 252 16408 G
47 74 16701 Y
157 307 16670 B
1 183 16458 Y
76 243 16774 B
199 281 16698 B
47 177 16744 I
57 189 16506 B
37 240 16409 R
5 312 16561 V
49 329 16477 Y
98 152 16664 B
111 304 16728 R
45 121 16624 B
181 201 16430 R
7 298 16406 V
112 129 16568 R
211 260 16434 O
78 302 16404 B
2 322 16638 V
26 213 16726 V
108 145 16639 R
37 273 16497 O
56 107 16673 Y
69 297 16537 G
172 217 16613 I
235 328 16413 O
122 276 16535 B
36 269 16456 I
253 261 16530 O
183 200 16669 B
188 251 16492 B
96 262 16589 I
146 225 16650 Y
244 319 16672 I
194 217 16538 O
195 227 16744 I
51 150 16701 G
298 313 16717 V
35 192 16530 G
91 210 16704 O
16 29 16404 R
108 323 16457 R
30 268 16447 I
119 126 16523 G
154 228 16442 V
60 69 16623 Y
7 110 16435 R
227 291 16435 Y
169 320 16579 B
35 64 16632 Y
28 241 16803 G
122 211 16516 I
23 285 16773 O
44 316 16791 G
38 327 16688 G
182 276 16402 V
88 206 16704 B
65 290 16667 Y
94 112 16589 O
53 253 16412 B
19 143 16461 V
129 270 16543 B
83 173 16510 V
277 291 16807 O
301 333 16713 Y
182 233 16646 G
39 179 16535 R
109 268 16697 R
90 277 16730 O
2 48 16467 I
57 146 16417 V
78 182 16642 R
164 232 16407 I
98 131 16472 B
110 198 16407 I
109 227 16513 R
62 172 16619 V
26 83 16527 G
18 199 16803 I
89 304 16610 O
22 178 16577 I
247 303 16557 O
60 281 16628 B
98 315 16571 I
252 320 16470 I
20 254 16667 I
26 236 16714 Y
62 320 16484 I
111 296 16603 I
42 221 16414 I
265 306 16547 B
7 281 16753 I
33 87 16614 O
54 182 16627 V
165 266 16428 B
10 281 16793 B
140 326 16426 Y
73 199 16792 Y
79 191 16635 R
92 217 16563 V
116 161 16687 I
34 57 16675 V
40 300 16738 B
32 104 16470 R
180 219 16750 R
96 196 16408 G
48 182 16459 V
272 279 16618 B
39 296 16748 B
42 177 16650 G
154 162 16593 V
114 136 16679 B
241 309 16408 R
146 170 16487 O
58 282 16503 B
121 167 16456 B
116 244 16405 B
282 305 16580 B
165 261 16737 G
10 149 16743 O
76 326 16800 R
164 236 16540 V
12 58 16481 Y
121 251 16671 V
20 325 16467 V
149 228 16447 O
16 72 16631 R
144 186 16526 Y
222 253 16636 R
79 279 16754 V
122 300 16627 Y
101 136 16657 I
170 282 16511 R
272 278 16453 G
47 138 16494 G
21 221 16724 R
43 134 16605 B
201 312 16660 R
44 243 16482 O
306 320 16715 I
158 172 16721 G
121 169 16530 I
1 33 16748 I
74 236 16477 O
24 51 16528 R
193 312 16640 R
108 330 16422 Y
167 195 16626 O
204 292 16701 Y
213 237 16794 R
52 203 16729 R
270 278 16549 G
89 104 16611 I
105 187 16654 I
171 322 16492 I
110 182 16579 G
154 276 16756 O
21 106 16587 I
120 316 16653 G
57 325 16708 B
265 304 16531 Y
117 212 16685 R
95 313 16788 V
19 263 16577 B
109 197 16586 Y
95 255 16522 B
5 305 16629 O
123 297 16440 Y
145 211 16780 G
123 288 16462 O
100 216 16520 V
164 198 16585 Y
291 321 16479 G
45 177 16582 G
139 309 16502 B
36 241 16788 I
43 146 16716 Y
206 304 16630 V
41 302 16450 V
223 298 16703 R
54 256 16752 R
164 320 16593 Y
9 66 16494 G
150 315 16411 Y
55 276 16598 R
151 240 16747 G
123 145 16414 Y
143 214 16624 V
91 111 16795 Y
27 170 16743 O
101 292 16486 I
222 299 16712 O
28 82 16670 O
29 288 16632 I
126 307 16691 V
241 317 16434 V
67 150 16637 I
96 171 16438 B
45 170 16459 R
125 316 16413 I
11 247 16449 R
19 67 16651 Y
282 290 16615 I
1 223 16575 Y
167 228 16787 V
48 58 16406 Y
29 306 16627 G
126 294 16718 G
178 260 16792 R
177 261 16652 I
58 237 16510 B
125 218 16572 R
126 211 16738 R
158 247 16668 V
38 221 16798 V
181 285 16435 I
59 114 16463 V
168 310 16436 R
47 275 16803 I
154 279 16646 Y
161 283 16610 V
48 64 16733 G
65 87 16516 O
192 233 16788 B
89 115 16511 O
14 248 16420 I
128 294 16682 Y
62 71 16494 G
271 318 16528 V
47 211 16638 O
156 328 16579 B
94 152 16727 V
112 154 16493 O
6 233 16697 Y
48 285 16497 G
267 301 16775 G
102 138 16740 B
86 219 16713 I
145 187 16780 Y
57 305 16652 B
20 52 16732 Y
12 105 16601 G
189 195 16748 O
78 304 16640 G
88 222 16523 V
46 127 16557 I
33 46 16488 I
7 187 16668 V
212 221 16637 Y
219 251 16634 B
139 152 16685 V
215 304 16441 Y
61 265 16426 G
101 261 16780 B
254 290 16553 Y
122 198 16532 G
181 197 16578 O
39 274 16574 V
9 50 16621 Y
55 173 16682 O
233 326 16713 B
96 295 16512 B
43 158 16483 B
142 204 16643 B
300 326 16765 O
182 238 16445 V
170 295 16807 Y
96 308 16517 O
128 284 16705 G
50 262 16767 O
19 40 16521 Y
120 179 16602 V
179 271 16433 V
192 239 16569 V
35 63 16535 O
98 121 16556 O
65 240 16424 V
204 233 16418 Y
162 187 16735 G
201 254 16773 V
116 146 16767 B
217 305 16439 V
84 149 16770 V
240 288 16480 Y
68 286 16642 O
62 87 16583 R
47 49 16589 I
24 239 16796 R
28 265 16646 V
210 321 16525 I
159 293 16641 R
9 89 16428 G
35 224 16503 B
135 205 16503 O
3 292 16628 O
3 26 16701 Y
206 224 16454 B
279 290 16719 O
23 320 16695 R
179 267 16506 Y
12 25 16458 B
30 159 16430 B
44 297 16687 G
101 118 16437 V
54 185 16767 I
224 239 16560 I
146 295 16566 G
56 156 16727 I
40 98 16592 I
66 233 16675 G
8 42 16534 Y
220 322 16541 I
260 277 16419 B
27 328 16724 R
167 248 16735 I
23 286 16576 R
146 207 16401 Y
70 279 16721 B
155 177 16556 G
39 282 16743 Y
17 257 16629 R
35 270 16538 V
35 65 16737 O
6 293 16606 R
225 318 16468 G
18 232 16774 B
250 332 16599 B
196 248 16756 B
15 111 16547 G
235 309 16481 I
58 272 16782 O
128 170 16471 V
22 304 16466 G
32 161 16764 O
122 268 16678 I
41 267 16634 G
26 330 16416 B
160 243 16510 V
44 137 16671 R
10 208 16501 Y
36 229 16417 G
6 52 16781 Y
129 332 16687 Y
295 319 16640 V
96 238 16803 I
6 228 16732 R
211 307 16418 B
157 178 16652 O
89 301 16786 G
147 308 16414 G
184 296 16671 G
180 231 16471 B
146 251 16515 G
119 211 16784 O
186 242 16794 R
37 61 16653 V
193 296 16601 V
223 243 16647 B
162 202 16743 R
12 289 16581 B
79 166 16460 I
138 326 16623 B
33 168 16427 O
81 245 16622 O
35 312 16629 I
69 315 16725 V
29 114 16412 V
173 324 16653 B
23 202 16555 R
135 173 16596 V
163 275 16522 O
165 208 16750 I
164 261 16511 R
278 309 16644 I
185 255 16447 Y
279 321 16732 G
322 323 16781 V
68 114 16411 O
224 225 16453 O
137 147 16552 V
106 269 16471 R
155 225 16448 R
242 287 16626 G
243 293 16643 V
229 252 16421 I
20 126 16532 O
97 273 16500 I
197 281 16581 Y
21 88 16679 I
40 182 16796 I
19 311 16427 Y
98 199 16541 G
140 144 16613 B
184 186 16761 V
110 115 16733 R
30 270 16735 B
19 117 16712 V
17 23 16513 O
171 265 16652 Y
73 125 16553 I
193 302 16553 B
272 319 16460 R
103 128 16467 I
32 174 16468 O
91 136 16605 G
104 212 16785 O
14 231 16766 V
13 51 16742 G
145 204 16667 B
227 282 16446 G
23 101 16549 Y
26 41 16775 V
203 312 16469 I
70 318 16632 V
88 221 16531 Y
211 250 16601 G
110 178 16805 I
32 166 16559 B
2 228 16642 Y
109 249 16418 I
78 274 16681 I
92 220 16555 V
39 124 16433 R
90 151 16482 Y
191 239 16563 B
116 278 16533 Y
245 312 16518 I
39 190 16591 R
81 193 16704 G
67 125 16475 V
27 141 16444 Y
27 129 16556 V
235 296 16504 I
252 258 16709 B
1 318 16540 O
99 206 16632 G
191 302 16775 O
137 178 16703 O
88 156 16711 O
207 270 16718 G
192 197 16762 I
36 50 16705 Y
274 317 16630 B
46 216 16797 I
16 79 16429 I
213 227 16476 B
288 300 16792 B
107 196 16404 G
131 140 16662 O
98 266 16600 I
113 333 16758 G
233 287 16609 O
190 278 16596 Y
24 299 16715 Y
37 251 16703 V
103 321 16767 R
32 107 16454 G
24 188 16535 B
187 310 16610 R
175 208 16449 G
70 304 16609 I
26 245 16658 V
114 263 16770 R
3 152 16688 O
88 109 16425 Y
169 191 16528 R
146 206 16592 Y
55 277 16558 O
39 149 16452 V
210 275 16712 R
2 130 16501 O
93 193 16410 Y
165 214 16414 V
290 305 16431 B
243 286 16584 V
38 227 16448 V
123 257 16721 I
105 198 16601 O
70 88 16419 B
213 311 16635 R
9 19 16753 V
269 299 16537 G
8 63 16598 G
90 186 16565 R
9 290 16538 Y
229 270 16534 R
213 329 16514 B
71 252 16665 V
69 183 16567 Y
23 84 16591 I
72 314 16652 G
51 194 16563 G
111 190 16724 G
46 150 16648 R
92 127 16772 I
13 14 16705 O
15 317 16707 O
18 39 16689 O
285 325 16591 B
145 319 16528 I
76 184 16770 V
12 50 16634 V
119 122 16461 B
87 329 16803 Y
29 196 16657 V
16 104 16773 Y
39 311 16632 B
4 159 16416 Y
149 312 16406 Y
16 59 16782 O
150 251 16543 B
49 202 16467 B
104 110 16416 G
15 25 16516 R
227 250 16718 I
94 208 16769 O
46 159 16651 V
280 304 16526 B
56 165 16624 G
24 73 16598 V
156 299 16521 G
31 267 16502 V
190 239 16476 O
250 326 16698 O
128 190 16558 B
51 195 16678 V
197 307 16659 B
156 204 16469 B
41 194 16497 V
121 289 16610 I
15 97 16652 O
116 312 16600 G
228 285 16463 G
58 256 16588 O
296 308 16528 V
59 199 16668 I
228 309 16719 O
136 228 16469 O
127 156 16672 O
258 294 16641 B
237 312 16584 R
198 233 16477 G
45 209 16762 I
114 164 16532 G
113 321 16690 B
74 206 16431 I
157 217 16411 O
7 266 16484 I
66 317 16723 R
37 88 16687 O
206 254 16625 Y
68 252 16682 O
24 217 16616 V
237 300 16534 G
190 253 16610 Y
207 243 16568 R
115 269 16585 I
171 197 16754 O
234 286 16528 G
214 319 16504 G
49 139 16465 B
127 190 16656 R
64 218 16656 G
6 49 16636 I
149 329 16694 R
137 163 16564 I
121 316 16590 B
180 241 16669 I
233 234 16684 B
252 301 16565 O
56 261 16663 R
123 155 16493 V
9 308 16571 Y
55 174 16654 Y
90 213 16603 O
220 239 16467 I
160 172 16780 Y
202 209 16707 G
5 180 16680 G
233 296 16781 I
25 147 16758 B
46 209 16435 O
7 329 16701 R
99 313 16404 G
60 163 16430 R
9 190 16563 I
197 239 16801 O
13 165 16544 R
53 186 16560 G
150 309 16738 B
83 253 16460 R
57 230 16552 O
23 120 16790 B
191 259 16562 I
216 305 16719 G
263 270 16434 Y
37 154 16570 Y
81 242 16714 I
18 27 16573 B
107 194 16694 R
22 333 16502 I
55 223 16465 B
259 306 16591 B
48 141 16552 R
115 144 16409 O
148 191 16677 R
225 333 16669 R
293 332 16720 I
218 263 16456 B
142 258 16739 V
26 52 16471 R
123 178 16559 V
227 284 16492 G
6 295 16692 B
63 330 16659 G
102 251 16642 O
24 148 16555 O
103 208 16582 B
11 105 16711 I
7 49 16677 G
53 256 16428 V
31 115 16420 G
13 317 16478 V
326 330 16516 B
213 305 16490 G
8 129 16781 G
74 101 16794 V
266 330 16505 Y
274 298 16677 B
33 109 16541 Y
32 94 16625 Y
2 325 16482 O
152 304 16627 I
4 315 16647 G
75 232 16738 I
101 240 16807 B
75 243 16734 V
220 229 16681 I
227 299 16781 O
133 150 16537 I
275 287 16622 Y
126 191 16528 O
171 234 16787 G
157 310 16659 Y
59 181 16791 G
48 223 16736 Y
4 273 16494 O
164 271 16595 R
163 282 16410 I
269 317 16570 G
14 290 16455 B
91 117 16541 Y
5 308 16434 B
45 120 16442 Y
60 171 16481 Y
156 281 16615 B
63 323 16629 O
20 130 16431 V
169 331 16747 B
131 324 16668 R
60 221 16786 B
322 329 16745 I
24 94 16772 I
67 116 16530 I
39 231 16792 B
90 256 16656 G
56 102 16781 B
75 155 16684 Y
276 279 16477 R
152 229 16572 I
212 292 16803 R
19 53 16638 V
199 293 16657 G
40 194 16677 I
113 159 16532 V
90 211 16651 G
155 294 16604 G
14 102 16787 I
157 163 16550 R
73 211 16661 Y
75 227 16665 Y
175 245 16681 V
261 294 16474 Y
157 164 16469 O
91 241 16415 O
66 199 16518 O
41 195 16448 G
137 180 16650 B
4 40 16410 Y
168 227 16789 R
12 24 16731 R
7 181 16788 G
163 222 16491 B
248 266 16517 O
10 83 16648 Y
224 323 16521 B
213 323 16482 B
38 106 16514 G
13 58 16668 V
18 247 16719 G
215 221 16615 G
54 84 16573 I
213 288 16736 B
28 162 16558 R
119 258 16603 O
146 318 16415 B
148 208 16416 V
19 110 16560 B
76 294 16517 V
156 310 16807 Y
107 154 16580 G
182 234 16803 Y
42 256 16445 Y
223 283 16718 R
292 327 16656 B
100 280 16765 G
26 117 16756 B
210 308 16784 I
99 239 16515 I
213 326 16629 R
86 136 16570 R
235 282 16606 R
22 209 16409 Y
269 287 16534 V
95 235 16567 V
116 208 16481 R
7 41 16624 R
146 195 16420 R
21 67 16485 O
79 124 16621 R
101 265 16742 R
123 324 16403 B
182 271 16737 Y
147 193 16589 G
65 288 16659 Y
33 276 16761 R
251 307 16418 Y
51 154 16524 O
248 261 16485 V
140 279 16572 V
101 225 16523 B
125 290 16553 I
27 54 16630 B
153 159 16402 Y
185 297 16719 B
11 189 16582 Y
123 280 16703 R
102 105 16773 O
36 86 16497 V
110 238 16446 Y
176 227 16628 I
41 159 16768 I
60 194 16806 G
133 158 16512 I
71 182 16532 G
49 91 16705 Y
83 216 16654 V
107 216 16672 V
37 329 16776 I
171 267 16750 V
9 60 16676 V
43 307 16503 I
138 317 16776 I
68 125 16684 B
44 178 16679 V
153 268 16507 Y
92 192 16793 I
25 265 16664 B
11 229 16681 Y
94 262 16789 B
122 315 16530 V
242 272 16655 G
67 327 16503 R
3 153 16685 Y
304 332 16667 B
16 229 16749 I
26 154 16626 I
108 300 16565 R
97 225 16502 I
5 152 16671 V
127 214 16731 G
18 278 16529 Y
54 299 16537 I
249 329 16534 R
114 116 16594 Y
220 289 16636 G
92 244 16722 V
16 258 16655 R
217 252 16458 Y
156 202 16574 G
50 231 16673 Y
63 187 16773 O
125 307 16697 Y
13 170 16498 R
90 312 16521 B
18 205 16527 I
111 122 16761 B
11 185 16405 V
218 286 16683 V
137 238 16762 G
9 219 16492 I
233 247 16787 I
175 233 16500 G
93 248 16506 O
21 206 16581 B
100 113 16508 Y
150 328 16449 Y
159 261 16477 V
149 319 16600 G
309 311 16442 V
189 327 16558 I
46 197 16731 R
110 121 16497 B
239 240 16451 G
98 197 16642 R
60 167 16424 I
30 309 16493 I
27 267 16612 G
66 215 16437 I
6 291 16759 G
80 119 16575 G
201 327 16684 I
104 299 16539 G
156 236 16707 G
35 132 16435 I
190 289 16775 I
89 234 16693 V
4 68 16654 B
85 148 16698 R
78 316 16658 Y
67 270 16524 V
109 264 16804 R
84 170 16571 O
198 256 16726 B
125 214 16629 V
25 242 16401 R
98 191 16448 V
79 205 16450 Y
58 195 16686 B
142 194 16512 Y
43 324 16522 I
124 264 16613 O
123 333 16801 R
110 265 16730 G
209 308 16434 V
6 43 16602 V
13 258 16546 O
22 325 16630 O
150 269 16767 V
188 243 16719 B
28 102 16715 O
155 273 16750 B
160 303 16532 V
45 191 16713 I
1 23 16650 G
159 313 16493 R
1 297 16464 B
80 207 16581 R
154 252 16512 Y
14 57 16656 R
52 241 16420 B
295 301 16506 G
199 325 16558 B
146 319 16661 Y
121 130 16508 Y
80 140 16662 R
62 318 16797 V
43 135 16406 Y
128 301 16450 V
122 134 16434 I
158 313 16796 V
72 170 16640 V
204 219 16757 V
188 195 16741 Y
121 155 16777 Y
224 324 16444 B
143 144 16615 O
70 240 16461 V
140 198 16755 O
29 225 16605 R
68 188 16704 R
72 319 16717 I
47 217 16695 Y
69 126 16608 G
76 160 16785 I
73 144 16428 O
109 325 16544 Y
97 153 16644 B
47 171 16438 R
282 300 16511 I
82 315 16545 I
21 296 16519 R
155 274 16539 Y
37 278 16549 G
118 140 16753 V
299 332 16427 Y
162 306 16430 G
92 223 16688 R
44 289 16411 I
77 79 16732 B
10 168 16769 Y
34 253 16649 I
100 223 16540 I
254 293 16652 B
147 181 16606 Y
143 193 16713 O
51 149 16537 Y
8 176 16466 B
61 209 16410 I
4 282 16499 I
110 321 16628 I
11 32 16596 G
253 256 16647 V
178 265 16642 B
51 131 16728 O
45 275 16640 G
291 319 16533 R
316 318 16657 G
140 213 16679 O
142 273 16601 O
251 280 16782 R
314 330 16602 V
4 325 16712 V
13 195 16408 Y
238 310 16525 G
179 285 16761 B
86 188 16481 I
5 73 16698 O
306 316 16652 I
170 242 16617 O
14 85 16545 O
66 110 16699 R
87 210 16719 B
69 80 16413 R
143 176 16797 R
179 275 16554 V
19 81 16658 G
92 263 16675 Y
91 179 16795 V
138 245 16496 G
56 254 16744 B
13 123 16476 B
51 203 16556 Y
10 100 16752 B
86 153 16562 G
192 289 16698 I
141 142 16477 O
23 122 16572 V
80 187 16461 O
212 261 16547 V
66 326 16682 B
115 327 16466 Y
26 281 16440 Y
196 326 16703 I
230 316 16497 I
226 310 16546 B
54 81 16501 B
152 273 16660 I
31 32 16656 O
133 229 16444 V
156 226 16720 Y
25 199 16651 V
4 151 16701 O
41 84 16546 O
92 290 16607 V
181 333 16535 B
110 133 16536 G
123 218 16527 R
129 258 16750 R
28 331 16780 I
125 283 16595 V
171 178 16797 R
5 270 16738 G
12 318 16453 G
48 266 16431 G
112 266 16539 B
39 222 16627 O
140 196 16691 O
128 169 16772 B
68 193 16725 G
52 305 16674 I
237 259 16702 Y
313 331 16670 I
91 180 16726 B
129 183 16565 G
235 278 16529 O
136 215 16617 O
162 325 16594 I
165 297 16660 Y
151 265 16773 R
222 225 16651 R
21 47 16801 Y
50 314 16585 Y
66 133 16554 G
77 208 16411 O
82 254 16490 G
128 139 16419 Y
137 241 16570 I
10 63 16646 G
214 330 16471 G
203 204 16793 V
120 274 16776 R
136 300 16483 R
37 58 16404 O
255 265 16519 V
62 96 16632 V
15 227 16482 G
76 322 16763 B
100 241 16796 V
61 212 16730 Y
91 333 16658 R
127 291 16748 R
267 330 16555 G
72 106 16462 G
45 184 16748 B
53 70 16760 R
131 314 16493 R
134 213 16430 I
70 173 16463 V
278 308 16484 V
81 221 16716 V
113 270 16491 R
36 126 16463 Y
4 162 16780 Y
188 205 16588 O
1 270 16728 G
210 282 16634 O
206 225 16565 O
200 202 16720 B
127 239 16642 I
67 134 16729 I
127 196 16609 I
185 240 16735 O
86 295 16405 B
232 243 16756 I
29 55 16550 B
28 288 16437 V
26 28 16477 G
144 173 16524 G
216 273 16790 I
4 228 16720 R
66 218 16498 Y
126 221 16724 R
117 159 16678 I
117 187 16649 R
11 77 16432 V
257 286 16750 O
49 229 16564 I
67 141 16782 I
78 106 16451 O
17 110 16419 I
68 101 16510 R
244 326 16405 V
56 59 16777 G
90 321 16625 B
91 116 16705 I
49 282 16427 O
12 205 16574 O
197 318 16707 I
62 120 16642 I
218 230 16758 I
64 160 16797 Y
90 103 16755 B
206 260 16680 Y
36 230 16622 O
154 159 16725 I
58 145 16416 I
42 141 16595 R
241 244 16472 G
87 200 16630 R
20 180 16522 B
61 331 16632 O
8 303 16515 V
22 161 16803 R
52 278 16806 O
75 329 16474 Y
46 67 16483 B
255 330 16673 G
41 161 16718 R
260 304 16741 V
171 325 16637 G
87 90 16720 R
262 268 16558 I
183 316 16769 V
15 165 16444 G
44 57 16486 Y
25 33 16795 B
9 280 16539 Y
53 285 16452 O
112 242 16513 O
10 54 16781 Y
211 314 16580 Y
12 233 16584 Y
124 282 16763 I
195 327 16776 V
28 34 16541 Y
63 273 16604 O
75 89 16805 B
109 134 16765 O
41 126 16505 V
24 110 16519 R
84 126 16655 Y
151 309 16585 O
17 77 16805 Y
143 311 16718 B
182 325 16520 R
63 199 16420 Y
142 146 16538 G
248 308 16505 G
17 300 16552 V
3 307 16476 G
125 146 16648 R
73 253 16782 R
183 281 16644 R
163 323 16523 Y
224 244 16664 R
49 309 16617 I
1 14 16505 I
24 224 16478 O
133 215 16763 V
57 130 16443 G
65 235 16489 B
174 328 16807 I
132 326 16649 B
96 309 16502 O
283 307 16668 B
45 296 16472 G
42 181 16433 Y
244 256 16627 V
4 76 16775 O
32 173 16433 Y
13 285 16513 G
215 253 16681 O
204 240 16681 O
9 90 16474 R
86 311 16798 G
187 209 16691 R
160 296 16710 B
42 113 16663 V
307 318 16693 O
32 197 16443 B
106 331 16492 B
250 323 16617 R
46 204 16679 V
63 289 16706 G
98 242 16454 G
136 219 16514 G
27 251 16665 I
85 182 16521 V
185 190 16759 O
109 129 16672 G
75 253 16478 I
126 254 16677 I
26 58 16580 G
85 214 16528 O
156 194 16527 I
54 109 16499 Y
4 215 16442 I
125 132 16687 R
269 293 16641 I
12 134 16652 B
140 237 16576 R
20 134 16548 I
164 223 16634 R
12 244 16513 I
251 297 16553 O
19 271 16523 O
37 178 16562 R
149 162 16600 I
295 306 16786 Y
51 214 16460 B
65 318 16789 O
183 246 16613 V
275 276 16731 R
67 271 16756 G
114 132 16668 Y
62 125 16647 I
23 128 16708 B
166 300 16696 O
85 153 16701 Y
93 136 16472 V
253 283 16577 V
100 117 16482 G
23 93 16599 B
132 260 16736 O
201 246 16588 B
71 206 16442 Y
266 280 16490 O
141 261 16673 G
184 248 16551 R
41 168 16622 I
178 211 16617 O
204 303 16782 B
138 208 16479 B
54 279 16762 Y
34 207 16636 O
119 220 16772 G
66 156 16696 R
81 288 16807 G
35 96 16541 G
49 265 16434 G
103 233 16627 Y
52 223 16698 R
181 258 16576 V
52 281 16648 O
48 131 16470 G
31 266 16504 I
11 202 16516 R
40 205 16423 R
131 297 16757 I
211 330 16673 Y
33 262 16713 G
58 268 16686 G
229 256 16545 B
210 236 16464 G
72 207 16695 I
15 63 16801 I
208 268 16728 O
5 60 16600 I
83 259 16536 B
127 220 16490 G
109 331 16453 Y
27 119 16542 O
237 302 16466 R
256 315 16538 B
152 212 16462 I
28 123 16628 I
88 188 16661 R
28 205 16797 G
197 251 16528 V
86 332 16499 V
147 307 16460 V
20 111 16584 R
245 311 16588 V
38 237 16477 V
158 192 16587 I
152 330 16710 Y
77 176 16506 R
166 331 16532 Y
42 316 16712 O
57 58 16724 G
205 326 16577 R
1 281 16479 I
109 257 16416 G
292 326 16622 I
137 170 16427 G
273 276 16575 I
190 293 16498 B
33 302 16611 V
201 238 16542 G
92 234 16718 I
24 173 16552 R
194 267 16476 O
228 261 16592 I
140 318 16652 V
153 305 16624 B
183 208 16715 R
45 297 16774 B
40 270 16784 V
33 62 16658 V
44 218 16518 R
251 268 16768 I
14 80 16453 V
203 307 16722 I
186 221 16749 I
56 190 16468 R
14 289 16613 I
110 256 16803 I
48 219 16624 Y
131 265 16639 I
215 315 16423 R
52 279 16531 V
134 275 16477 R
206 300 16624 O
108 172 16440 G
178 218 16800 R
184 218 16671 V
59 161 16734 O
133 315 16553 V
51 171 16695 Y
6 175 16461 G
80 247 16463 B
217 229 16745 R
90 314 16575 O
65 281 16625 V
22 63 16654 B
166 184 16727 V
2 263 16506 V
221 320 16422 Y
58 245 16427 B
97 164 16750 Y
26 106 16468 V
241 333 16664 I
202 328 16695 O
92 227 16434 O
49 83 16803 B
175 320 16762 R
245 323 16599 G
175 239 16472 G
195 267 16741 Y
204 231 16658 V
4 148 16543 I
26 316 16437 G
255 317 16428 Y
84 164 16505 V
74 254 16453 B
86 221 16744 B
14 92 16470 Y
38 165 16799 R
100 165 16753 V
72 307 16795 O
93 116 16708 I
29 160 16612 R
203 240 16484 G
98 202 16446 V
44 233 16488 B
2 287 16570 V
213 219 16676 G
131 282 16622 B
11 187 16697 I
194 214 16602 O
86 277 16476 G
186 283 16403 R
85 253 16560 Y
117 318 16721 V
30 330 16556 O
173 269 16511 Y
11 194 16509 Y
291 294 16632 R
231 263 16517 V
141 238 16622 R
8 232 16446 V
52 176 16629 R
32 74 16772 V
179 331 16761 R
234 331 16496 R
137 221 16793 Y
102 146 16446 B
90 318 16578 G
5 232 16448 O
252 270 16414 V
88 264 16783 R
23 281 16457 B
117 304 16546 O
134 150 16543 Y
80 246 16437 B
32 148 16588 V
146 296 16495 I
3 15 16554 G
195 232 16437 Y
267 295 16726 R
128 129 16652 G
71 130 16474 O
92 212 16401 G
132 217 16510 G
33 129 16664 Y
46 114 16772 R
81 88 16559 Y
98 160 16450 I
92 190 16757 V
57 156 16571 O
136 171 16524 B
118 150 16688 O
52 271 16696 B
5 123 16741 O
37 182 16739 R
94 100 16523 B
77 137 16501 Y
15 259 16671 Y
186 310 16416 O
74 208 16722 R
24 249 16549 R
30 198 16554 O
181 248 16737 Y
248 318 16439 V
3 148 16522 I
74 192 16647 Y
6 152 16730 O
93 120 16622 B
75 131 16616 V
126 209 16677 V
246 315 16692 O
110 288 16782 B
320 331 16481 G
13 313 16798 O
67 264 16799 Y
7 292 16528 G
43 52 16560 R
93 154 16785 G
200 315 16735 G
49 89 16556 V
79 96 16439 V
1 280 16486 R
89 255 16741 B
98 103 16660 Y
62 280 16540 I
129 158 16462 I
124 192 16758 Y
55 109 16686 B
37 108 16554 Y
9 140 16555 G
145 231 16602 G
197 240 16457 B
92 265 16786 Y
124 173 16532 I
80 94 16423 Y
6 331 16797 G
16 231 16583 V
25 207 16782 V
2 156 16557 O
266 277 16439 R
255 309 16453 I
154 274 16582 O
143 265 16509 B
161 298 16486 V
39 225 16573 G
168 298 16472 G
12 329 16427 B
85 181 16546 O
69 240 16581 O
48 121 16776 I
244 331 16770 G
313 321 16446 R
16 34 16674 R
82 187 16642 I
71 322 16491 V
32 49 16663 O
194 272 16787 B
59 170 16577 Y
163 306 16444 G
141 229 16513 O
20 85 16801 I
89 302 16720 G
43 237 16650 R
244 254 16647 G
17 75 16653 I
47 200 16519 R
13 98 16782 I
15 222 16451 B
32 61 16740 I
3 184 16478 R
54 180 16589 B
204 242 16522 Y
85 135 16782 O
24 303 16460 G
81 220 16704 Y
117 206 16526 Y
77 269 16427 I
72 158 16527 B
5 257 16530 Y
1 212 16554 R
131 141 16531 G
187 232 16783 O
33 318 16667 B
50 269 16722 O
5 319 16594 B
65 261 16708 R
257 279 16505 I
174 307 16721 G
69 91 16625 B
179 228 16557 G
87 248 16406 V
36 294 16685 Y
27 222 16405 R
26 87 16561 B
47 149 16489 R
268 303 16726 R
126 273 16788 V
220 293 16561 O
100 168 16523 G
123 272 16465 O
135 308 16696 O
59 123 16571 V
141 200 16748 O
204 327 16514 V
14 256 16512 I
255 260 16633 R
277 302 16414 I
71 316 16421 G
143 256 16773 B
71 77 16497 V
93 149 16728 O
192 256 16646 O
14 287 16543 B
12 246 16737 B
12 314 16776 B
26 272 16407 Y
247 294 16569 G
174 292 16491 B
222 318 16751 Y
49 184 16757 O
259 269 16554 O
38 75 16477 Y
10 316 16491 V
59 297 16803 G
91 184 16573 O
292 321 16610 O
23 255 16486 V
133 190 16433 R
148 245 16798 G
109 163 16704 V
5 173 16651 I
141 329 16693 G
246 304 16529 G
227 273 16583 I
30 195 16498 Y
145 273 16740 B
290 296 16633 I
66 178 16516 I
90 193 16479 I
130 292 16447 Y
96 152 16580 R
85 242 16639 I
74 83 16503 Y
259 316 16429 I
66 194 16421 B
138 201 16547 I
282 317 16744 I
84 221 16772 O
37 214 16665 G
60 248 16594 Y
85 317 16646 I
107 229 16762 B
158 181 16773 B
57 109 16675 V
132 219 16634 O
104 105 16724 G
139 230 16461 R
31 268 16427 G
7 18 16664 R
142 244 16509 G
96 312 16677 Y
16 81 16616 G
160 328 16646 Y
205 264 16420 R
33 218 16750 V
135 213 16618 Y
207 277 16728 B
34 181 16479 V
46 167 16550 G
115 231 16522 I
4 225 16699 R
139 185 16499 G
107 301 16801 G
47 287 16564 I
128 203 16630 G
285 303 16551 Y
190 195 16424 V
218 301 16493 G
46 300 16621 Y
4 115 16782 V
276 308 16632 G
17 114 16638 G
48 319 16591 G
27 184 16450 B
1 150 16441 Y
127 277 16609 Y
129 208 16734 I
145 232 16584 Y
226 293 16787 Y
41 127 16744 G
144 191 16433 I
111 193 16573 G
17 98 16468 I
117 126 16459 Y
97 190 16758 V
42 120 16458 O
310 328 16755 G
152 316 16545 B
182 258 16410 I
45 71 16803 V
180 213 16565 Y
169 233 16487 I
168 290 16587 Y
87 212 16806 R
249 285 16438 I
124 214 16498 O
163 279 16498 O
38 285 16607 Y
77 150 16532 V
246 329 16529 R
22 168 16668 I
129 140 16788 V
37 41 16409 V
2 309 16557 Y
75 179 16406 R
98 167 16637 I
249 293 16443 I
73 313 16790 O
268 294 16701 R
39 271 16693 B
9 193 16546 O
260 325 16795 O
209 283 16540 O
64 76 16778 G
2 150 16637 V
16 96 16449 I
172 206 16532 G
8 27 16752 Y
219 300 16458 G
75 100 16495 O
98 112 16676 Y
57 268 16507 R
155 216 16689 B
187 201 16785 O
5 239 16652 R
214 276 16726 B
16 60 16664 I
204 259 16599 O
10 153 16665 I
38 277 16733 G
122 144 16568 I
61 225 16597 G
198 310 16712 Y
157 301 16751 I
263 320 16455 V
80 277 16761 V
235 264 16758 G
127 195 16582 V
219 247 16445 B
65 202 16761 R
211 235 16658 V
85 258 16528 I
114 178 16469 V
75 162 16404 R
54 315 16554 V
5 20 16441 Y
45 291 16435 Y
97 206 16728 B
119 299 16699 I
211 229 16563 G
80 189 16488 I
26 156 16745 G
199 228 16491 B
70 163 16596 O
270 297 16762 Y
151 300 16415 O
132 254 16683 Y
20 100 16522 G
165 187 16674 V
179 184 16718 G
4 17 16537 G
86 89 16495 G
152 301 16604 R
143 165 16484 I
312 324 16615 O
205 331 16771 V
115 189 16627 V
39 176 16546 V
4 35 16761 R
77 315 16667 B
32 272 16466 O
5 110 16776 G
19 323 16519 Y
168 260 16479 R
153 195 16757 R
171 268 16556 G
59 133 16771 V
38 324 16624 I
28 143 16442 Y
173 188 16425 Y
37 268 16750 V
24 133 16720 O
160 267 16696 V
209 301 16670 Y
36 101 16708 I
111 167 16515 G
48 235 16450 Y
193 292 16632 G
168 301 16561 Y
269 322 16551 B
254 304 16588 I
95 290 16577 G
31 258 16436 B
2 206 16443 B
186 216 16742 O
274 305 16682 B
51 281 16791 G
6 88 16805 O
53 240 16738 O
319 332 16469 O
197 297 16465 I
66 186 16703 I
91 233 16485 R
258 301 16670 O
8 56 16562 V
166 292 16709 R
73 224 16713 Y
94 127 16603 G
95 289 16609 Y
2 111 16805 B
45 48 16692 G
87 136 16476 Y
195 304 16638 Y
80 266 16768 B
48 152 16662 I
77 126 16638 I
243 253 16685 Y
157 216 16578 O
100 118 16428 I
42 150 16410 B
53 143 16690 I
95 275 16572 I
43 76 16472 G
236 245 16476 I
169 306 16415 O
183 304 16756 O
136 203 16586 B
53 66 16689 G
95 258 16442 Y
81 236 16551 V
180 266 16752 V
188 213 16616 I
136 178 16405 O
152 215 16617 R
135 323 16414 V
142 227 16538 O
18 119 16555 O
106 201 16411 G
267 312 16633 Y
30 300 16624 R
24 267 16607 O
326 333 16609 R
4 190 16522 O
189 255 16578 G
168 172 16661 G
58 87 16459 O
25 183 16477 B
105 175 16484 R
197 243 16699 I
289 316 16488 V
131 261 16522 B
116 154 16807 V
32 263 16499 I
8 83 16767 V
274 289 16575 Y
85 94 16514 R
139 163 16424 I
1 234 16605 G
11 134 16512 O
18 316 16734 O
145 249 16772 O
56 296 16431 O
138 210 16631 V
29 174 16515 G
44 118 16662 Y
133 180 16587 V
33 205 16668 Y
108 193 16417 I
103 239 16781 I
177 200 16612 R
72 328 16490 V
3 104 16796 R
121 279 16643 V
282 304 16764 G
