343 342
76 256 16711 G
195 269 16660 Y
268 323 16652 B
120 197 16743 Y
83 154 16704 B
220 275 16804 I
21 249 16664 Y
254 326 16677 O
83 136 16610 G
162 278 16747 O
109 186 16765 Y
146 343 16596 G
185 306 16621 V
54 307 16798 R
203 336 16756 Y
38 212 16691 O
96 218 16670 G
46 131 16793 B
17 325 16732 V
1 73 16708 O
70 159 16768 R
139 142 16687 G
186 188 16714 Y
61 203 16600 O
57 65 16591 R
97 255 16656 I
163 316 16610 R
102 200 16593 V
138 270 16700 O
96 273 16789 I
50 74 16694 Y
155 177 16611 O
55 165 16675 B
115 287 16692 G
237 273 16802 O
153 325 16604 Y
194 331 16724 I
44 258 16737 V
223 224 16670 R
123 180 16708 G
213 329 16695 O
243 268 16646 Y
121 125 16648 I
168 312 16781 V
193 201 16664 R
17 260 16616 Y
8 320 16801 B
169 263 16635 G
7 37 16731 G
90 252 16783 V
157 246 16597 Y
139 311 16758 Y
19 338 16689 V
146 310 16670 B
114 302 16728 Y
156 308 16703 I
272 279 16805 R
52 251 16661 O
191 275 16649 R
208 294 16739 V
104 109 16768 B
86 164 16793 B
85 235 16603 O
49 105 16596 O
131 215 16621 R
70 266 16668 V
173 302 16734 V
296 308 16725 I
151 331 16730 V
8 82 16730 R
68 69 16647 B
181 267 16783 G
45 184 16594 B
42 232 16709 G
44 157 16694 O
143 314 16795 V
55 261 16664 O
82 221 16726 V
145 342 16665 R
22 206 16792 B
296 327 16798 G
100 140 16717 I
58 144 16792 O
194 290 16711 O
27 81 16760 R
176 196 16797 Y
217 237 16795 V
121 335 16658 O
133 248 16665 Y
33 122 16698 Y
87 167 16682 I
20 21 16764 I
106 289 16646 B
137 312 16601 Y
232 238 16694 I
211 234 16665 G
198 200 16702 B
182 236 16708 V
284 328 16685 V
30 311 16719 G
174 295 16738 I
187 284 16711 B
103 132 16685 V
166 315 16594 G
276 300 16583 I
175 271 16628 G
13 78 16750 B
91 238 16656 B
148 341 16719 Y
278 282 16712 I
99 342 16800 O
14 215 16778 G
102 174 16584 I
245 314 16748 V
90 289 16609 O
210 339 16605 I
262 318 16617 V
34 321 16584 V
6 241 16641 G
28 38 16673 R
240 337 16627 G
52 209 16795 R
130 277 16625 G
41 130 16790 V
108 234 16682 V
27 115 16802 I
107 114 16599 Y
124 206 16606 R
11 81 16773 V
89 176 16692 V
107 340 16725 G
10 183 16649 I
229 245 16625 I
11 274 16757 I
244 299 16634 R
18 39 16697 V
40 117 16634 I
166 197 16736 B
71 172 16652 V
129 199 16746 G
62 72 16605 G
32 89 16639 V
24 128 16756 O
67 242 16643 O
106 288 16624 B
18 33 16758 O
15 150 16773 G
49 156 16643 R
184 226 16645 R
202 310 16744 O
51 93 16733 O
127 253 16661 O
94 262 16596 O
64 340 16629 I
16 98 16582 V
123 241 16712 O
84 116 16584 V
239 337 16734 R
140 167 16799 R
127 333 16640 O
112 113 16794 O
34 151 16601 B
145 171 16716 B
213 274 16603 B
9 322 16798 Y
45 240 16714 B
270 322 16610 O
195 246 16633 O
295 332 16724 R
149 265 16783 O
80 108 16736 R
265 343 16724 I
280 286 16696 B
229 266 16637 G
39 40 16671 B
110 304 16625 R
119 233 16718 B
221 305 16713 G
179 185 16747 B
225 297 16805 B
219 261 16751 B
58 173 16672 G
251 283 16739 V
170 199 16657 Y
29 50 16591 R
36 69 16603 O
54 201 16714 G
61 205 16679 R
91 143 16585 R
80 190 16607 Y
16 117 16613 G
60 86 16774 O
242 248 16737 V
62 272 16730 B
78 225 16790 R
147 319 16705 O
158 208 16781 V
301 306 16732 Y
73 160 16743 O
161 218 16741 V
259 279 16740 R
230 281 16672 Y
158 297 16631 G
2 309 16683 G
48 257 16610 B
142 294 16636 B
28 249 16656 R
264 287 16599 B
202 288 16727 R
25 291 16680 B
150 293 16787 O
100 228 16676 I
111 250 16608 B
153 299 16804 Y
36 211 16708 R
65 285 16673 V
192 204 16592 G
3 244 16673 I
31 324 16772 Y
141 285 16653 Y
79 198 16659 R
88 95 16797 O
9 231 16621 G
24 313 16776 I
4 162 16703 G
7 97 16755 O
172 217 16633 B
216 326 16596 V
26 59 16803 G
93 235 16755 R
51 255 16615 Y
178 291 16593 I
4 259 16714 V
77 338 16584 O
207 301 16612 I
168 190 16709 O
63 280 16606 G
126 187 16596 I
68 329 16595 V
85 163 16637 G
196 334 16794 Y
136 137 16596 B
161 236 16606 V
74 336 16766 Y
42 124 16642 R
26 263 16584 I
317 335 16803 Y
57 132 16677 Y
43 233 16639 Y
23 76 16596 I
112 141 16772 G
214 243 16668 R
14 64 16601 O
165 271 16606 G
111 126 16619 G
191 212 16754 V
31 256 16683 I
292 324 16625 B
12 281 16775 I
2 88 16659 V
134 267 16698 O
30 319 16805 I
125 138 16761 R
5 226 16741 Y
29 171 16627 R
48 128 16708 B
113 321 16719 Y
95 220 16680 I
92 303 16688 R
46 148 16783 B
239 300 16761 Y
53 75 16675 Y
189 339 16783 B
216 250 16791 R
94 223 16707 B
210 283 16665 I
170 313 16667 I
298 307 16645 R
47 341 16724 G
129 209 16794 G
15 110 16741 I
10 56 16754 V
224 227 16750 Y
204 264 16707 G
182 327 16612 O
277 286 16680 Y
72 318 16632 I
154 298 16737 V
66 119 16729 B
87 152 16699 B
120 247 16690 V
41 323 16770 O
3 315 16684 G
67 135 16708 O
101 103 16737 V
116 328 16658 Y
53 159 16597 O
56 188 16721 I
183 260 16705 R
178 330 16668 R
144 254 16720 G
135 205 16599 O
164 230 16668 B
20 177 16590 Y
13 84 16790 O
60 258 16631 Y
32 118 16650 G
43 155 16697 Y
71 317 16730 I
35 222 16614 G
59 104 16755 O
189 247 16702 R
22 207 16672 G
304 330 16725 O
152 320 16783 I
149 169 16658 I
118 133 16670 G
47 305 16618 O
231 253 16666 B
222 227 16780 B
6 12 16661 V
1 98 16745 G
92 257 16777 V
5 193 16729 O
19 219 16776 B
282 290 16635 Y
99 105 16719 V
37 160 16727 R
101 175 16678 R
79 316 16654 O
66 293 16716 B
63 179 16683 V
252 269 16639 G
181 214 16687 Y
192 303 16626 O
134 228 16661 O
122 292 16767 I
23 180 16699 B
75 333 16707 O
276 334 16684 G
25 147 16679 R
77 332 16807 V
