343 2401
106 217 16707 G
129 257 16689 G
43 50 16697 Y
176 195 16654 G
4 23 16634 V
10 244 16801 O
184 199 16758 G
148 292 16623 R
159 256 16786 I
48 95 16705 Y
117 296 16806 G
134 249 16652 I
93 275 16609 Y
121 131 16753 R
88 321 16721 O
188 241 16716 I
98 328 16697 I
259 335 16759 I
234 302 16796 V
52 332 16614 Y
49 302 16750 O
135 225 16789 I
93 287 16606 I
150 162 16618 Y
12 328 16762 O
40 208 16684 Y
131 186 16726 B
38 216 16636 R
37 298 16792 G
6 241 16670 O
99 226 16766 G
47 78 16767 R
82 123 16693 O
85 300 16713 G
287 299 16782 V
272 274 16610 G
77 147 16751 V
218 308 16630 O
39 245 16787 R
140 163 16727 R
145 343 16701 I
61 66 16759 O
89 185 16741 O
127 147 16691 O
82 95 16628 V
258 303 16709 B
69 138 16750 I
9 98 16776 V
33 236 16621 B
107 281 16762 R
8 234 16640 V
85 186 16607 V
252 337 16580 Y
73 322 16612 G
59 317 16603 G
253 319 16706 B
75 241 16599 Y
30 167 16624 B
150 167 16720 R
164 210 16763 Y
294 325 16741 R
54 189 16717 I
50 254 16707 V
79 276 16787 O
205 242 16623 I
191 310 16614 G
72 206 16586 O
119 221 16608 R
204 275 16678 G
208 244 16647 R
6 125 16756 G
257 290 16583 Y
140 324 16739 V
15 298 16685 O
129 192 16699 G
259 286 16684 R
230 315 16774 O
185 263 16746 R
79 121 16766 I
155 212 16677 O
55 223 16768 I
99 268 16738 I
61 88 16800 V
225 329 16630 Y
76 157 16646 I
174 298 16672 O
58 340 16695 I
148 298 16619 G
96 314 16707 G
11 21 16626 V
27 242 16797 B
96 160 16784 B
101 220 16797 V
282 313 16772 O
198 274 16599 G
12 61 16620 B
97 160 16612 V
92 306 16725 B
180 309 16613 O
69 115 16732 B
13 75 16793 Y
50 215 16650 O
221 241 16691 I
77 189 16629 B
176 205 16709 G
81 127 16797 I
57 191 16592 G
123 320 16709 V
198 334 16732 G
33 133 16632 O
56 202 16589 O
180 194 16591 Y
82 330 16619 G
81 287 16715 V
113 241 16807 O
153 304 16638 V
66 293 16590 R
304 320 16590 G
142 173 16746 G
88 176 16602 V
102 296 16610 R
120 281 16616 O
255 260 16778 I
107 223 16622 R
50 60 16788 G
279 288 16621 O
89 215 16650 R
196 200 16739 O
94 255 16652 R
118 244 16677 Y
1 293 16712 Y
243 321 16744 O
45 315 16596 B
90 97 16602 R
1 266 16674 G
116 265 16708 O
39 65 16766 I
33 206 16671 R
325 328 16704 O
46 105 16784 R
130 166 16681 O
168 275 16603 B
127 308 16772 V
279 329 16610 G
164 224 16793 Y
3 266 16670 O
36 154 16609 G
53 215 16627 I
103 211 16606 R
63 137 16741 Y
83 172 16633 G
24 97 16705 O
136 163 16661 R
286 331 16676 O
172 265 16706 B
73 93 16722 B
297 303 16727 V
20 340 16639 I
10 328 16768 G
115 120 16767 I
27 205 16696 V
74 200 16670 Y
38 197 16718 G
115 318 16682 R
117 287 16685 I
38 230 16680 Y
188 249 16661 Y
91 235 16737 I
86 138 16730 R
91 236 16617 V
172 280 16716 R
36 335 16760 I
180 256 16709 G
180 336 16580 B
136 278 16618 G
132 263 16723 G
108 126 16734 I
35 77 16798 I
104 216 16786 B
44 193 16769 O
56 160 16757 I
109 198 16781 I
24 54 16694 B
104 170 16762 O
155 218 16659 O
134 179 16709 Y
35 176 16793 B
34 227 16750 R
181 196 16617 I
171 322 16582 G
201 295 16610 R
232 310 16805 Y
142 175 16687 V
179 207 16653 B
174 339 16759 I
31 156 16609 R
95 282 16694 R
112 250 16647 B
237 239 16586 O
30 104 16778 I
104 303 16778 G
128 190 16649 B
19 123 16599 V
224 301 16593 G
59 204 16781 R
87 310 16702 Y
130 208 16663 R
142 194 16793 V
33 304 16798 Y
221 259 16607 Y
196 252 16771 O
69 137 16629 O
31 190 16767 B
18 206 16790 V
223 311 16799 O
237 263 16717 Y
3 217 16604 R
106 263 16776 V
152 186 16716 V
141 173 16772 B
39 96 16718 I
280 296 16707 O
282 339 16607 G
92 332 16779 R
10 60 16801 I
227 317 16673 Y
150 262 16779 I
143 301 16589 I
16 309 16753 G
154 250 16630 R
213 318 16767 R
12 110 16589 B
162 221 16585 O
92 322 16794 B
164 280 16613 V
2 335 16580 R
154 246 16767 Y
111 126 16793 Y
91 265 16660 V
203 296 16736 I
273 329 16694 Y
45 142 16745 R
38 195 16631 G
83 199 16649 V
85 94 16677 G
33 64 16756 V
14 300 16708 V
198 306 16728 R
6 341 16800 G
27 185 16776 V
80 209 16590 R
41 194 16683 V
260 261 16614 R
171 274 16733 Y
102 191 16635 I
18 87 16671 V
70 111 16746 V
53 116 16602 R
181 234 16750 O
108 204 16626 Y
187 303 16613 B
129 159 16692 O
62 226 16735 B
192 242 16653 R
140 232 16711 O
132 266 16744 Y
154 251 16658 G
175 201 16751 R
208 240 16669 R
242 276 16662 Y
103 185 16740 R
87 194 16664 B
27 91 16745 O
21 127 16681 I
188 299 16690 G
197 317 16803 B
12 257 16785 R
154 325 16592 B
116 236 16583 B
55 227 16729 R
143 184 16620 O
216 298 16600 O
62 327 16751 V
105 143 16632 R
68 327 16626 R
120 133 16796 I
150 335 16630 Y
224 271 16704 R
10 261 16706 G
72 239 16596 O
162 163 16677 V
177 226 16581 R
70 113 16655 V
78 260 16594 I
147 149 16746 R
134 142 16739 B
29 230 16680 B
162 312 16640 V
56 316 16767 G
101 238 16608 R
100 316 16755 B
65 307 16615 Y
133 219 16691 O
119 145 16802 G
101 193 16623 G
115 213 16654 V
206 333 16740 O
27 151 16615 Y
39 191 16653 I
88 230 16601 I
185 220 16746 Y
141 155 16703 R
120 288 16715 Y
91 137 16643 O
94 100 16635 G
72 159 16617 Y
153 314 16708 V
40 176 16704 B
34 198 16785 B
62 198 16754 V
276 321 16774 I
31 289 16723 Y
67 138 16635 V
78 184 16593 R
277 290 16753 Y
32 146 16778 I
245 300 16764 V
92 289 16689 I
44 233 16669 V
75 166 16629 O
251 322 16643 G
19 133 16615 Y
153 326 16759 O
31 227 16630 R
93 189 16585 O
91 140 16589 V
108 297 16728 V
184 272 16668 G
44 59 16658 G
71 274 16715 Y
184 264 16645 G
135 294 16799 B
95 140 16656 G
8 91 16638 O
147 197 16665 O
164 318 16646 B
1 65 16686 I
206 210 16584 B
31 63 16590 B
63 81 16798 B
116 187 16639 V
118 208 16718 O
94 132 16625 G
1 45 16588 G
180 304 16705 Y
92 163 16614 B
63 305 16701 O
3 64 16782 G
92 215 16678 R
42 260 16657 B
102 167 16732 R
16 61 16647 O
30 339 16590 G
186 202 16782 R
322 334 16803 V
47 81 16587 Y
12 161 16707 V
270 295 16649 I
5 143 16749 B
113 312 16675 B
54 268 16667 V
95 180 16589 I
169 234 16783 I
51 339 16599 V
14 81 16582 G
188 322 16582 O
194 264 16791 B
87 153 16667 Y
36 73 16661 V
266 291 16796 R
173 252 16648 V
94 327 16673 O
199 252 16796 O
94 164 16718 I
86 100 16803 I
183 266 16626 I
95 247 16789 I
197 308 16793 G
60 72 16662 G
59 197 16737 B
158 221 16755 I
265 331 16650 Y
172 341 16703 O
115 319 16778 Y
1 118 16736 R
11 174 16763 Y
108 184 16670 R
17 85 16696 R
191 212 16591 G
293 336 16786 V
85 135 16612 B
30 38 16740 R
95 133 16683 R
45 72 16684 V
1 188 16641 I
57 330 16744 O
27 176 16590 V
151 185 16632 B
128 200 16799 V
36 81 16777 Y
213 231 16739 V
177 317 16666 R
91 296 16776 G
49 335 16701 B
138 186 16716 O
39 334 16624 O
209 333 16617 I
67 242 16757 O
170 181 16773 Y
181 186 16800 Y
3 147 16749 V
53 295 16592 B
75 339 16767 G
65 249 16764 V
166 343 16790 V
216 237 16595 V
202 292 16626 R
229 232 16641 V
121 283 16748 R
56 188 16651 R
218 293 16719 V
45 151 16641 O
100 188 16724 O
3 190 16582 O
135 178 16763 B
55 203 16729 R
144 268 16614 I
26 223 16746 B
46 131 16650 V
175 270 16739 O
10 27 16731 Y
31 54 16736 R
238 313 16636 I
219 324 16784 V
115 127 16696 O
97 98 16690 R
144 289 16624 B
36 258 16752 V
70 238 16609 O
69 96 16658 I
13 45 16720 I
23 287 16701 I
11 157 16700 O
93 209 16721 Y
197 327 16711 V
89 172 16800 B
10 120 16635 G
103 291 16784 Y
272 300 16759 I
203 226 16620 Y
22 57 16781 V
181 246 16763 I
225 250 16599 V
118 327 16721 G
217 289 16786 V
219 275 16725 R
77 83 16697 B
42 306 16598 V
88 211 16582 O
150 218 16633 Y
85 205 16609 R
105 215 16659 G
64 293 16682 V
261 324 16584 G
2 164 16729 V
16 285 16584 B
101 133 16607 Y
19 65 16761 R
97 199 16735 B
56 180 16788 I
137 316 16689 B
92 119 16727 I
17 213 16718 G
80 82 16719 B
218 316 16685 Y
34 73 16659 I
150 325 16673 I
215 250 16605 I
50 99 16756 B
108 196 16663 V
172 337 16663 Y
148 316 16601 B
82 173 16590 V
221 231 16796 B
116 310 16761 R
169 253 16710 G
257 316 16780 O
144 331 16761 Y
3 116 16719 Y
115 152 16669 Y
57 135 16714 I
119 134 16801 Y
56 247 16759 I
172 276 16801 B
199 306 16753 G
274 277 16666 G
48 187 16685 R
233 273 16721 O
116 331 16597 B
73 296 16776 V
208 306 16785 V
310 327 16630 B
158 211 16773 B
78 267 16762 I
17 117 16768 G
155 175 16611 V
269 298 16635 O
98 126 16770 V
211 253 16771 I
61 229 16787 R
10 271 16592 V
109 289 16600 V
211 266 16630 Y
257 302 16706 V
46 159 16694 I
193 197 16698 R
181 229 16659 I
61 251 16620 G
16 191 16768 G
134 309 16675 Y
133 239 16776 V
67 312 16709 V
161 241 16784 I
315 337 16767 G
216 265 16753 Y
112 249 16679 I
128 214 16666 Y
8 69 16597 Y
258 268 16776 V
167 304 16760 O
60 305 16583 V
170 283 16689 O
5 304 16595 R
45 265 16673 B
65 206 16619 G
217 253 16675 B
257 296 16789 R
137 245 16687 B
301 314 16675 O
85 324 16646 I
92 207 16697 I
16 172 16638 R
23 254 16675 G
154 218 16777 V
260 291 16597 V
192 336 16789 G
103 112 16669 O
84 274 16614 Y
267 287 16768 O
110 170 16668 Y
123 213 16764 G
35 244 16638 R
40 73 16637 Y
39 343 16598 G
87 207 16774 B
190 326 16710 B
110 172 16590 I
92 198 16779 R
27 190 16603 I
282 308 16641 I
307 313 16722 G
43 298 16587 G
22 35 16688 B
30 288 16604 G
81 242 16595 I
10 266 16665 G
237 317 16669 R
61 198 16780 R
22 102 16773 V
197 208 16769 V
153 280 16663 O
83 95 16744 I
260 271 16593 R
296 326 16691 Y
77 299 16790 Y
226 339 16712 V
40 287 16803 I
186 340 16630 B
108 109 16791 B
255 276 16699 I
315 343 16704 G
127 231 16705 I
250 274 16668 G
108 238 16702 O
80 316 16676 Y
31 153 16797 V
28 59 16792 B
26 233 16630 V
260 331 16618 Y
15 284 16697 B
1 329 16595 V
236 268 16650 Y
4 149 16699 I
97 305 16752 Y
30 46 16724 R
307 336 16695 R
237 320 16767 I
192 214 16775 V
187 272 16726 B
123 289 16779 V
133 341 16624 I
152 246 16781 B
61 192 16601 I
142 287 16803 Y
206 262 16765 R
41 89 16609 V
233 291 16608 G
83 118 16592 V
150 328 16696 I
37 302 16651 B
156 292 16785 V
186 313 16693 G
13 27 16692 Y
56 213 16799 V
81 321 16678 O
166 167 16619 O
84 240 16767 B
176 341 16789 V
285 286 16716 B
44 157 16788 B
208 276 16749 I
201 255 16691 O
182 210 16771 B
86 169 16637 R
194 282 16784 R
123 163 16722 R
49 209 16647 O
177 245 16676 I
55 160 16738 B
48 235 16602 B
157 341 16702 G
87 252 16607 R
235 309 16675 B
300 323 16789 V
64 325 16748 O
179 234 16599 B
81 173 16664 O
158 175 16720 Y
199 200 16801 O
112 176 16745 G
81 241 16780 I
189 311 16758 I
7 240 16630 G
67 252 16797 O
119 167 16739 G
251 278 16603 V
244 328 16700 I
26 212 16714 O
190 281 16762 O
19 86 16762 O
208 314 16716 R
65 176 16763 O
136 330 16608 V
52 227 16747 R
100 330 16617 I
88 99 16689 V
116 197 16668 O
173 229 16602 Y
246 338 16582 I
99 241 16682 O
128 287 16681 I
73 316 16714 Y
236 271 16665 R
165 217 16748 I
19 229 16716 G
160 321 16791 V
235 254 16689 B
125 185 16728 R
135 146 16738 R
96 315 16740 O
31 117 16617 B
88 187 16772 R
202 234 16700 G
215 272 16750 G
41 236 16758 G
100 293 16801 G
13 47 16601 B
318 333 16795 B
115 278 16613 I
131 177 16714 R
308 320 16735 Y
141 323 16740 B
6 207 16711 G
160 189 16627 B
85 249 16690 V
28 189 16624 O
151 179 16651 R
195 323 16654 R
58 252 16587 Y
152 240 16750 Y
26 105 16632 I
138 140 16738 Y
24 161 16802 V
196 293 16643 V
4 62 16748 Y
59 329 16615 G
157 211 16625 B
96 140 16722 V
58 71 16666 Y
244 330 16599 G
5 60 16731 Y
240 311 16610 O
249 304 16701 O
298 310 16588 I
259 308 16647 Y
154 210 16727 O
57 137 16702 G
130 339 16663 B
220 296 16766 R
3 30 16713 I
169 277 16682 O
165 332 16599 I
80 286 16628 O
163 167 16592 B
65 234 16585 O
248 276 16640 R
58 284 16767 I
135 264 16638 B
61 90 16777 Y
63 294 16641 Y
114 150 16726 G
148 226 16644 R
28 37 16721 Y
91 194 16778 O
15 251 16659 V
33 302 16646 B
177 340 16706 G
3 231 16674 G
291 342 16658 O
57 124 16742 R
44 60 16601 R
163 200 16787 V
205 309 16728 Y
72 245 16733 R
110 250 16647 I
168 318 16677 G
22 139 16641 R
50 287 16718 R
18 199 16716 V
50 169 16594 O
159 171 16602 O
309 324 16692 G
202 212 16609 G
37 132 16797 R
203 212 16620 V
173 174 16660 Y
58 113 16795 V
10 21 16743 O
173 281 16691 O
68 294 16657 B
148 273 16641 B
85 116 16592 Y
194 235 16763 I
61 217 16651 O
65 71 16601 I
38 192 16760 R
140 197 16591 R
287 315 16781 B
224 328 16587 R
94 224 16723 Y
51 189 16637 B
109 240 16735 V
12 50 16709 V
123 217 16760 O
91 203 16644 I
134 154 16581 G
129 246 16665 V
171 208 16711 B
155 295 16642 G
154 324 16749 G
196 244 16666 O
106 184 16739 Y
258 308 16706 B
154 256 16585 Y
274 318 16776 R
171 288 16753 B
14 105 16643 G
51 174 16782 R
64 267 16747 G
188 266 16586 I
103 214 16651 G
17 97 16682 I
81 305 16685 I
138 224 16629 O
258 289 16584 B
16 167 16640 O
9 225 16789 I
158 240 16791 V
223 308 16719 V
77 271 16778 Y
149 309 16652 G
94 280 16773 O
28 95 16788 G
191 254 16630 R
18 316 16679 G
216 222 16630 V
252 314 16711 Y
105 260 16754 R
140 180 16727 G
79 139 16611 G
217 309 16783 B
128 297 16722 I
124 281 16768 Y
230 317 16709 I
270 308 16701 Y
102 144 16698 Y
55 336 16766 I
189 329 16686 O
112 166 16773 Y
182 241 16802 I
120 303 16795 R
113 147 16631 I
47 203 16734 O
228 255 16616 O
84 177 16624 Y
43 73 16703 Y
82 166 16725 O
79 305 16649 Y
113 146 16731 G
26 188 16727 I
253 327 16785 Y
148 321 16709 Y
103 307 16764 Y
132 284 16661 O
155 326 16638 V
308 327 16698 R
166 269 16781 Y
63 324 16646 G
91 142 16586 V
23 258 16677 O
124 284 16767 G
45 103 16603 B
225 308 16707 R
71 234 16661 O
140 320 16752 I
193 327 16632 I
145 190 16607 R
132 220 16789 R
264 281 16684 R
267 308 16692 G
158 308 16739 V
167 245 16602 B
194 227 16679 I
44 134 16746 O
234 267 16768 O
5 87 16707 V
70 132 16774 I
55 172 16739 R
49 178 16756 Y
47 75 16620 B
88 317 16805 B
307 320 16609 Y
141 264 16743 B
136 292 16732 R
72 192 16671 G
8 65 16754 O
189 190 16647 V
192 260 16759 G
128 335 16741 I
85 239 16607 Y
150 251 16763 O
117 184 16748 O
4 110 16723 O
60 179 16713 R
30 190 16642 V
227 305 16680 Y
156 222 16792 I
37 66 16724 O
138 195 16657 Y
14 342 16621 O
24 277 16784 I
91 170 16739 O
74 215 16680 I
133 208 16748 V
165 204 16761 B
205 209 16621 Y
47 95 16749 I
87 96 16624 G
108 337 16787 B
75 191 16699 R
47 57 16715 G
35 80 16592 O
240 319 16803 G
34 104 16620 R
72 153 16588 O
131 316 16625 O
62 338 16769 G
215 288 16792 G
105 182 16764 R
42 250 16637 Y
182 208 16774 V
181 318 16765 B
272 297 16768 V
11 247 16654 B
97 269 16694 Y
76 305 16713 Y
242 271 16612 Y
16 169 16677 B
125 308 16763 Y
83 283 16681 I
104 202 16698 V
47 157 16599 O
24 131 16720 G
66 237 16728 V
293 303 16660 Y
57 222 16731 V
62 157 16767 B
104 178 16694 B
4 103 16586 R
51 118 16742 R
256 277 16680 Y
294 297 16781 B
111 221 16713 R
99 231 16698 V
241 279 16691 Y
66 254 16604 Y
130 269 16793 B
152 295 16687 Y
59 247 16730 Y
211 233 16743 G
16 66 16704 R
78 118 16641 R
48 188 16669 R
50 73 16688 B
32 257 16585 O
102 336 16660 R
96 278 16788 I
167 224 16773 R
105 175 16658 I
111 226 16587 G
40 174 16757 B
71 182 16656 G
226 257 16690 O
44 258 16745 I
114 162 16759 I
71 302 16662 V
166 222 16639 G
47 103 16615 I
126 184 16676 V
36 327 16636 R
223 264 16649 B
122 332 16789 I
27 197 16716 G
218 240 16721 O
34 64 16778 Y
175 216 16792 I
314 328 16795 B
30 244 16793 G
22 69 16756 O
64 272 16754 R
307 308 16747 G
160 161 16727 V
149 287 16667 R
46 310 16802 G
140 315 16700 B
37 58 16625 R
27 124 16700 B
35 266 16591 G
277 299 16698 O
143 294 16735 I
208 233 16590 B
14 185 16706 Y
237 274 16674 R
151 311 16784 O
104 177 16701 I
194 245 16645 I
94 246 16630 O
98 251 16693 G
70 72 16742 I
203 235 16781 G
45 161 16692 R
271 288 16791 O
107 264 16780 I
307 330 16597 G
130 343 16679 G
8 93 16681 R
80 132 16583 R
266 276 16788 B
15 102 16666 V
207 322 16600 V
209 317 16667 V
252 261 16591 O
67 73 16619 Y
148 189 16761 I
288 316 16781 Y
191 218 16696 V
83 179 16734 G
34 289 16723 G
116 137 16779 B
151 230 16688 Y
43 79 16663 G
172 198 16702 Y
12 137 16671 I
248 323 16707 B
222 302 16663 I
159 199 16801 V
78 238 16692 V
82 306 16674 G
173 257 16715 O
6 275 16741 I
10 243 16720 B
124 330 16740 R
86 230 16736 B
97 120 16676 B
28 257 16719 I
32 325 16606 B
40 230 16585 O
281 294 16671 I
33 55 16638 G
58 73 16613 B
18 290 16781 B
52 232 16668 V
60 323 16709 Y
30 266 16781 B
188 247 16682 B
169 256 16696 B
57 76 16663 R
9 134 16800 G
196 229 16695 I
198 320 16638 V
154 188 16641 B
69 302 16782 V
314 333 16703 Y
205 212 16670 B
179 322 16754 O
121 339 16788 R
289 325 16759 O
22 317 16587 B
87 102 16665 I
109 271 16677 O
122 298 16688 R
21 79 16659 Y
38 49 16589 B
20 189 16640 I
248 307 16614 R
169 284 16789 V
67 123 16696 G
125 241 16785 B
311 315 16611 I
56 174 16778 I
86 277 16733 I
76 213 16668 O
118 257 16630 V
23 145 16757 I
184 266 16763 V
18 283 16664 R
26 288 16629 G
46 294 16748 O
20 111 16739 R
176 262 16628 V
227 278 16627 Y
51 68 16642 G
152 342 16698 Y
102 125 16678 I
259 276 16618 B
103 259 16792 G
30 173 16633 I
231 304 16683 I
26 168 16766 R
261 270 16679 O
11 310 16698 B
70 263 16653 V
2 330 16740 O
229 326 16621 V
25 105 16682 B
272 304 16653 V
11 304 16752 R
6 286 16768 R
228 240 16601 I
32 279 16701 O
157 305 16672 Y
62 118 16626 I
112 342 16740 I
15 153 16787 I
118 155 16775 R
204 292 16747 B
172 288 16788 I
24 289 16616 G
215 264 16706 R
212 323 16778 Y
155 316 16656 O
83 335 16630 R
19 49 16727 G
98 234 16708 G
68 299 16730 I
157 340 16670 I
298 306 16689 R
121 315 16615 O
66 209 16654 I
171 231 16699 V
83 287 16781 V
221 302 16768 Y
79 205 16651 G
11 343 16649 G
72 102 16731 O
218 258 16642 V
39 63 16705 I
41 232 16764 Y
181 334 16766 Y
71 261 16665 G
36 50 16625 G
92 282 16630 G
92 121 16700 B
59 265 16651 I
145 173 16661 O
87 116 16636 G
270 277 16719 R
157 279 16779 B
30 291 16799 V
217 293 16793 Y
255 288 16675 B
255 313 16713 V
51 61 16803 B
28 116 16766 O
58 116 16802 I
10 229 16671 R
16 315 16746 B
68 253 16704 O
18 163 16706 R
14 42 16735 I
83 130 16604 Y
138 162 16773 I
91 204 16786 V
23 259 16718 B
307 342 16682 V
14 298 16580 I
66 204 16758 B
22 302 16683 B
246 284 16780 G
117 304 16752 G
41 110 16750 G
114 212 16762 O
200 270 16685 Y
66 260 16609 V
147 317 16743 R
28 299 16682 O
220 281 16766 R
141 338 16678 Y
70 151 16754 V
177 309 16615 V
222 298 16615 V
246 306 16616 V
53 142 16676 B
32 157 16661 B
18 265 16721 Y
33 192 16682 I
103 238 16748 O
41 291 16655 B
277 320 16697 Y
111 174 16755 I
125 280 16663 V
61 237 16652 B
233 250 16772 Y
123 323 16772 I
89 156 16759 R
245 312 16774 O
185 186 16613 I
132 139 16807 B
19 299 16792 V
46 329 16713 I
134 221 16770 V
63 82 16805 B
28 248 16782 V
171 329 16725 Y
94 262 16699 I
75 307 16628 V
45 229 16586 G
139 164 16702 I
18 244 16686 R
259 320 16690 B
30 245 16705 Y
86 156 16669 Y
122 335 16701 Y
226 252 16724 V
48 167 16651 Y
138 267 16798 O
5 8 16759 I
160 193 16600 I
60 229 16761 G
177 182 16624 I
52 147 16695 O
12 15 16656 I
14 96 16604 I
8 19 16771 R
292 303 16632 Y
46 246 16676 Y
243 326 16807 B
233 243 16634 Y
124 228 16763 R
39 106 16656 O
72 227 16681 G
21 334 16601 Y
114 209 16688 I
57 237 16767 O
138 241 16701 B
100 146 16585 B
147 235 16597 B
253 284 16593 Y
48 91 16588 V
81 324 16763 B
3 187 16765 Y
76 312 16602 R
16 71 16695 O
15 79 16761 V
165 257 16799 G
126 333 16669 G
109 147 16690 Y
208 264 16656 V
293 330 16736 O
108 252 16751 O
42 330 16782 Y
80 246 16767 V
244 285 16717 B
5 196 16581 G
11 167 16595 Y
152 211 16610 I
91 274 16734 B
66 89 16785 Y
25 281 16603 B
73 108 16768 Y
51 213 16708 V
151 249 16634 O
94 129 16677 V
58 222 16602 Y
38 148 16729 Y
10 274 16594 R
22 42 16699 Y
301 326 16758 V
38 166 16610 I
145 326 16719 G
51 320 16709 I
4 316 16697 R
28 170 16700 I
39 53 16708 Y
78 206 16628 Y
81 339 16721 I
12 56 16792 G
1 335 16752 V
16 48 16620 V
189 290 16628 B
156 163 16721 G
86 88 16719 B
285 329 16646 G
166 213 16591 B
20 64 16793 R
64 290 16584 I
189 206 16778 B
120 122 16607 V
78 124 16765 B
137 196 16783 O
101 215 16754 G
147 265 16744 B
80 233 16697 R
241 309 16761 B
41 128 16713 V
72 251 16605 V
122 326 16744 O
78 304 16791 O
37 214 16697 B
134 298 16729 I
153 209 16618 R
253 342 16627 I
124 325 16774 O
136 326 16641 I
53 147 16665 Y
144 333 16603 R
54 72 16732 Y
67 323 16711 G
129 284 16772 O
144 193 16676 G
52 301 16593 O
110 182 16661 R
10 284 16692 O
237 259 16804 R
16 240 16749 B
27 68 16732 R
276 290 16629 I
147 266 16760 V
95 251 16620 B
49 57 16682 G
7 109 16630 I
254 309 16783 I
230 302 16587 I
128 216 16664 Y
48 308 16768 O
145 206 16773 I
98 179 16608 G
119 324 16580 B
30 198 16720 I
105 218 16725 G
149 315 16781 G
21 177 16740 Y
218 271 16758 V
219 284 16792 G
62 168 16581 B
244 302 16630 G
55 296 16694 G
31 261 16644 R
112 280 16720 G
2 18 16590 Y
237 308 16691 R
204 288 16593 R
249 296 16645 I
56 82 16639 V
108 303 16627 Y
2 37 16619 B
69 342 16663 Y
63 195 16606 V
58 228 16681 G
126 215 16601 I
98 149 16753 G
33 110 16745 O
156 267 16674 V
155 265 16724 Y
141 212 16669 V
223 248 16722 I
269 288 16627 B
328 343 16763 B
187 244 16738 B
109 210 16757 O
239 326 16726 Y
17 158 16729 Y
170 214 16633 B
95 231 16794 V
153 290 16777 G
147 304 16762 R
173 182 16776 G
219 248 16692 Y
211 302 16683 R
162 233 16657 Y
67 179 16694 O
89 151 16735 B
193 206 16766 G
188 224 16675 I
157 180 16629 Y
110 223 16611 I
188 197 16777 I
222 251 16739 O
23 315 16609 G
272 330 16718 B
17 234 16743 I
107 134 16636 Y
191 324 16754 R
8 200 16634 I
92 193 16770 Y
125 270 16662 Y
172 339 16669 O
137 267 16789 I
204 245 16738 I
147 327 16758 Y
80 158 16727 O
147 205 16627 Y
32 203 16612 B
27 141 16761 G
77 293 16629 B
71 308 16672 V
17 41 16715 G
32 60 16669 B
72 248 16690 O
68 212 16651 V
72 215 16602 B
122 237 16596 B
60 196 16741 G
56 85 16660 Y
27 232 16672 Y
106 162 16751 B
113 114 16676 Y
9 295 16767 B
18 269 16798 R
180 262 16744 O
47 104 16594 Y
56 131 16587 G
96 267 16633 G
79 245 16804 G
173 283 16798 B
231 253 16720 B
224 329 16733 Y
272 282 16790 Y
66 71 16621 O
2 49 16737 Y
58 285 16787 I
28 160 16662 O
64 297 16772 I
25 117 16631 V
104 278 16701 I
109 299 16651 R
217 224 16611 B
233 289 16631 G
319 329 16716 B
62 342 16685 V
245 308 16632 R
28 204 16728 R
9 116 16673 R
86 326 16708 B
214 230 16762 B
4 320 16755 Y
153 216 16721 V
91 196 16795 G
175 268 16774 G
148 327 16609 V
125 156 16695 V
9 84 16582 B
82 110 16586 R
9 269 16705 G
33 282 16682 R
192 215 16777 I
79 211 16593 R
120 275 16699 V
220 277 16688 O
279 303 16699 B
22 326 16716 I
229 332 16650 I
97 328 16712 R
124 300 16751 I
43 96 16696 I
162 287 16639 I
41 185 16689 B
124 242 16750 B
86 233 16653 Y
28 110 16788 B
5 162 16689 G
94 140 16799 I
121 186 16720 B
248 289 16602 G
214 281 16615 B
46 47 16742 G
57 190 16762 G
88 205 16635 V
113 235 16749 B
56 221 16681 B
207 286 16708 Y
130 256 16641 B
49 141 16663 B
72 241 16606 O
59 79 16613 V
104 205 16768 R
30 329 16806 B
255 322 16711 R
183 251 16667 G
199 217 16620 Y
18 51 16777 G
184 191 16609 B
55 63 16746 O
157 291 16749 G
126 258 16768 G
7 136 16730 R
149 181 16675 V
164 293 16609 G
65 75 16736 O
159 219 16758 V
84 202 16626 I
251 261 16714 G
194 319 16717 B
89 321 16802 V
28 307 16708 O
42 191 16629 Y
29 111 16780 G
148 315 16644 V
251 274 16790 G
177 306 16692 I
77 114 16601 Y
75 324 16705 Y
236 241 16781 V
90 303 16661 R
126 279 16726 O
208 254 16735 V
54 296 16644 R
119 201 16733 R
220 262 16713 B
2 250 16695 I
96 263 16668 V
93 283 16762 Y
203 282 16626 I
48 110 16760 G
34 280 16743 V
158 243 16693 Y
74 225 16787 R
232 316 16774 B
261 328 16581 I
24 164 16676 R
70 172 16739 B
316 343 16620 V
107 308 16738 O
116 308 16645 B
79 288 16672 O
124 166 16610 R
115 221 16807 V
310 313 16698 G
197 315 16760 V
29 116 16680 V
200 337 16761 I
291 299 16723 O
62 214 16584 G
189 217 16725 V
207 308 16588 G
139 338 16803 G
241 307 16792 I
2 5 16613 I
8 335 16738 V
9 34 16659 Y
190 258 16760 B
301 343 16628 R
210 287 16693 R
31 147 16613 O
66 302 16638 R
140 311 16604 V
165 200 16720 B
205 219 16746 V
130 328 16642 G
21 241 16643 R
182 266 16675 B
79 194 16629 Y
176 241 16733 V
7 207 16795 I
262 325 16802 Y
107 251 16622 G
222 312 16722 B
85 303 16744 V
70 116 16770 I
179 325 16779 B
24 250 16684 V
118 185 16709 Y
293 312 16704 V
161 287 16767 V
125 127 16762 O
179 266 16803 G
36 136 16748 B
202 211 16714 O
103 104 16666 G
4 51 16697 G
278 336 16755 I
53 132 16786 G
221 222 16786 O
65 126 16702 O
53 337 16605 Y
39 202 16677 I
13 102 16618 I
88 204 16586 B
226 256 16648 V
82 267 16653 V
52 88 16640 I
65 200 16657 I
69 263 16644 G
5 263 16738 V
7 10 16806 V
126 315 16779 V
222 343 16620 O
135 343 16724 R
90 315 16588 O
115 246 16582 G
48 83 16756 O
113 115 16782 G
188 312 16607 O
240 326 16784 V
103 201 16705 O
8 68 16712 G
210 335 16807 B
119 322 16798 G
294 335 16738 V
163 229 16698 O
77 191 16690 I
332 340 16709 I
256 331 16591 R
49 225 16794 I
221 300 16743 I
244 297 16721 O
96 108 16761 O
13 320 16639 B
182 239 16668 V
122 340 16589 G
20 285 16787 I
25 219 16768 V
51 138 16685 V
210 318 16617 Y
2 108 16684 V
65 94 16793 O
66 304 16734 Y
16 241 16632 B
311 340 16643 B
109 208 16671 O
11 59 16593 I
84 289 16654 R
202 218 16664 O
2 71 16634 R
81 160 16705 G
242 343 16603 B
130 190 16614 V
183 337 16702 I
88 131 16592 O
8 279 16690 V
208 245 16716 O
195 289 16716 V
176 290 16582 R
48 163 16779 R
105 340 16723 B
69 108 16608 I
23 163 16760 V
65 131 16582 O
48 140 16775 R
115 141 16613 Y
136 175 16730 I
202 228 16613 R
148 248 16742 V
271 331 16765 V
62 265 16697 Y
20 178 16690 R
297 298 16635 R
29 33 16689 G
183 306 16702 Y
143 300 16643 B
21 327 16800 R
29 70 16603 I
212 314 16705 V
52 185 16608 I
64 323 16689 R
23 82 16772 R
22 120 16755 R
101 151 16616 R
220 342 16758 G
94 303 16606 O
91 182 16740 V
195 218 16752 G
8 132 16797 I
2 44 16774 V
112 258 16754 R
167 309 16806 B
41 223 16734 V
169 328 16803 B
119 158 16759 G
206 339 16728 Y
126 304 16593 G
48 293 16626 G
133 150 16671 I
169 209 16639 V
94 158 16679 G
203 325 16600 I
38 144 16772 O
13 51 16696 I
8 123 16642 G
137 253 16779 Y
17 199 16737 B
27 89 16791 Y
6 151 16644 V
151 232 16588 Y
141 285 16700 V
64 249 16586 R
89 136 16784 I
151 209 16623 O
1 296 16652 R
62 272 16710 O
119 230 16741 R
217 266 16675 G
210 242 16631 O
168 221 16627 B
173 294 16665 O
62 150 16802 G
105 333 16800 V
21 118 16603 B
105 106 16784 I
180 225 16795 V
311 338 16662 O
22 219 16631 O
50 150 16678 Y
155 202 16659 I
96 249 16800 B
157 284 16718 B
185 323 16740 Y
245 292 16751 O
62 257 16775 R
232 313 16591 V
281 329 16775 G
121 243 16745 V
107 311 16607 O
25 113 16724 O
117 245 16676 R
50 244 16751 R
227 248 16767 R
25 255 16630 O
43 244 16583 G
62 216 16590 G
188 316 16648 O
27 263 16594 V
4 205 16696 G
11 117 16613 Y
18 30 16789 I
127 241 16675 B
88 122 16805 I
67 84 16723 G
26 289 16606 O
39 251 16717 R
183 279 16761 I
85 330 16788 B
77 136 16757 O
240 248 16599 Y
41 278 16598 R
65 221 16805 Y
63 157 16731 V
200 267 16650 B
103 299 16724 O
2 58 16632 Y
139 232 16693 I
76 103 16800 Y
259 295 16677 Y
108 281 16737 Y
29 118 16749 I
54 76 16674 I
197 227 16779 I
196 256 16787 V
170 328 16672 B
24 230 16767 R
56 259 16749 B
113 170 16684 G
30 234 16723 B
63 316 16790 I
23 168 16598 G
202 285 16608 B
99 298 16687 I
97 162 16592 I
32 122 16611 G
95 149 16766 V
129 152 16611 V
146 322 16656 Y
25 197 16738 B
5 150 16715 Y
93 202 16658 Y
20 98 16753 R
261 315 16630 O
184 313 16749 I
40 178 16610 I
7 236 16767 I
21 337 16760 G
198 245 16630 O
234 292 16750 O
69 103 16646 V
56 170 16777 G
211 289 16758 I
33 59 16781 Y
131 274 16621 O
103 313 16661 I
210 305 16644 G
206 313 16585 B
179 301 16721 B
132 148 16582 R
84 222 16786 B
129 278 16793 O
159 215 16640 G
20 225 16651 R
176 197 16789 B
140 171 16796 Y
15 286 16738 V
304 343 16789 Y
127 265 16606 R
144 201 16755 I
109 285 16640 O
89 94 16614 V
225 279 16607 I
99 290 16759 G
44 226 16639 O
101 261 16733 G
218 292 16634 Y
179 262 16688 G
336 342 16669 R
61 306 16807 V
137 329 16761 O
178 224 16627 I
153 159 16777 R
217 245 16712 O
83 279 16661 G
90 94 16665 V
8 308 16734 R
45 195 16743 I
209 248 16763 I
131 304 16758 I
56 292 16756 O
94 309 16606 B
19 95 16626 Y
165 248 16603 O
69 144 16715 G
81 177 16711 B
57 146 16610 V
301 334 16656 B
154 169 16646 O
74 191 16582 V
124 234 16743 G
2 89 16711 O
228 288 16657 G
48 204 16749 B
24 248 16784 R
251 339 16583 O
33 335 16652 G
195 235 16767 R
133 158 16772 O
83 153 16594 O
192 255 16781 O
29 135 16801 G
7 81 16793 I
134 289 16587 V
206 293 16594 B
31 148 16727 B
26 55 16804 G
23 26 16588 I
225 267 16708 I
183 221 16672 I
113 319 16775 G
9 308 16625 R
155 197 16597 V
163 248 16714 I
26 258 16779 V
128 342 16796 V
140 239 16784 B
25 257 16627 B
47 140 16617 O
9 280 16807 I
62 98 16691 Y
22 207 16715 R
5 279 16661 Y
212 289 16670 R
46 324 16656 R
84 183 16775 V
55 88 16759 Y
163 307 16658 I
84 159 16585 O
105 304 16636 I
200 204 16760 B
215 232 16730 V
93 338 16734 R
54 317 16634 B
104 154 16775 B
151 251 16594 O
110 122 16771 R
96 276 16709 V
99 340 16645 O
233 270 16611 R
127 134 16588 V
138 166 16580 B
45 106 16612 G
21 342 16724 B
67 68 16775 Y
157 202 16781 R
74 220 16793 I
48 134 16676 O
115 133 16797 B
84 109 16738 B
72 162 16586 B
258 321 16686 V
6 108 16730 B
221 284 16715 R
128 281 16676 I
22 73 16584 Y
59 91 16792 V
98 166 16705 Y
103 111 16638 I
152 301 16676 R
84 140 16736 O
210 258 16720 I
257 318 16717 G
99 331 16586 G
13 94 16764 Y
182 341 16634 Y
174 215 16618 V
158 235 16688 O
191 328 16738 O
164 277 16595 G
236 339 16607 V
14 64 16665 V
148 172 16704 B
184 284 16739 I
106 183 16598 Y
1 58 16586 I
109 146 16682 O
77 272 16775 V
164 200 16728 R
83 211 16684 I
276 291 16800 V
38 308 16688 I
153 269 16783 G
21 166 16600 B
262 315 16633 O
246 336 16718 G
248 310 16785 Y
239 322 16781 V
117 157 16589 O
60 213 16798 G
127 157 16719 R
27 102 16798 G
66 85 16727 V
60 285 16744 G
47 328 16583 O
136 144 16645 R
141 222 16716 R
181 307 16714 I
228 297 16662 R
82 141 16730 B
183 261 16674 B
118 334 16787 B
118 238 16646 V
217 223 16589 V
210 328 16738 V
249 285 16717 V
157 318 16701 I
146 237 16708 O
234 324 16767 V
326 333 16688 O
176 260 16653 B
107 266 16671 V
1 127 16600 O
191 207 16593 G
32 72 16666 I
302 328 16645 B
62 181 16738 B
187 238 16632 B
5 10 16775 B
62 278 16714 R
45 219 16671 V
126 137 16662 R
88 260 16609 B
72 158 16595 I
36 249 16796 V
65 105 16667 O
1 113 16694 B
127 332 16716 G
61 113 16765 V
167 177 16777 G
81 196 16712 O
163 277 16602 I
92 138 16768 G
81 91 16639 I
153 168 16655 O
170 190 16606 R
213 303 16745 V
149 231 16759 R
86 338 16794 B
126 221 16668 Y
83 207 16604 V
47 163 16761 B
87 133 16767 G
11 254 16597 V
19 74 16762 G
199 282 16794 G
59 293 16754 G
168 332 16657 R
53 182 16772 G
13 50 16705 B
101 269 16626 R
193 330 16681 V
72 133 16627 V
119 271 16705 R
101 316 16581 I
226 247 16723 I
167 211 16743 Y
16 288 16593 O
98 182 16687 O
75 312 16637 R
208 284 16739 R
49 83 16683 I
264 342 16690 V
282 332 16662 O
48 103 16794 I
200 317 16770 I
6 16 16633 G
72 172 16697 V
49 279 16713 B
113 255 16592 O
296 299 16628 B
106 304 16624 B
14 200 16723 R
160 311 16765 R
12 285 16582 B
168 222 16682 G
52 202 16608 R
53 315 16649 Y
201 229 16768 G
228 300 16677 B
69 322 16639 B
36 123 16778 G
3 194 16663 Y
94 254 16581 G
148 210 16752 V
209 332 16640 R
31 145 16653 O
111 342 16687 G
54 65 16758 R
221 298 16715 V
84 264 16752 Y
50 115 16634 G
6 226 16782 B
150 254 16736 Y
67 107 16666 V
180 247 16762 I
92 251 16754 V
142 258 16733 I
142 279 16648 B
135 234 16644 R
14 120 16615 R
169 192 16724 I
51 268 16604 O
226 340 16695 V
17 294 16592 G
115 237 16704 I
19 70 16754 I
104 318 16798 V
33 143 16664 B
79 214 16672 Y
246 283 16782 B
53 303 16760 B
60 79 16592 B
81 224 16782 I
26 131 16765 G
246 289 16659 R
283 321 16718 V
183 216 16754 V
46 333 16619 Y
32 161 16737 I
165 341 16739 R
171 293 16636 B
52 279 16800 O
71 153 16670 B
72 150 16782 O
51 85 16777 R
89 219 16651 B
80 101 16596 Y
40 196 16743 R
232 325 16598 B
105 224 16684 I
278 280 16786 V
7 85 16662 V
63 237 16800 Y
169 295 16648 G
199 331 16753 I
202 339 16733 R
163 176 16806 Y
259 284 16656 G
215 343 16586 R
104 331 16805 V
14 310 16603 B
182 258 16686 R
149 268 16742 R
67 190 16745 G
97 261 16769 G
21 214 16588 O
240 331 16748 I
71 257 16650 I
195 302 16803 Y
92 273 16630 V
220 223 16783 R
18 34 16805 Y
218 319 16624 R
91 190 16764 B
5 111 16594 G
145 212 16800 V
333 341 16589 Y
28 279 16726 R
231 238 16694 I
284 285 16734 V
212 292 16783 V
27 283 16598 G
2 63 16771 V
262 278 16586 R
191 248 16727 R
186 298 16782 G
156 229 16791 O
94 225 16708 G
11 211 16584 B
7 173 16783 I
131 167 16701 G
174 245 16672 G
95 123 16660 Y
236 253 16607 I
12 121 16704 B
89 209 16600 Y
249 257 16660 O
60 104 16760 B
41 162 16737 O
1 49 16634 G
99 106 16731 B
249 339 16591 R
11 195 16765 V
35 248 16717 R
146 163 16771 B
234 317 16781 O
85 254 16704 G
287 308 16787 Y
188 306 16780 G
46 219 16606 R
211 248 16647 B
202 308 16677 I
207 251 16615 Y
38 213 16725 R
143 330 16755 I
336 340 16719 V
293 338 16609 G
282 316 16789 B
307 310 16628 Y
266 293 16580 B
8 66 16665 R
115 248 16595 G
250 300 16723 B
4 202 16735 R
9 49 16745 Y
25 251 16793 O
11 306 16640 Y
162 339 16805 B
294 309 16805 R
100 318 16677 R
62 333 16777 I
166 261 16624 O
42 109 16587 I
295 300 16640 Y
24 153 16609 V
195 216 16801 O
67 239 16794 B
36 230 16628 V
30 312 16630 Y
112 177 16707 O
31 300 16607 B
136 296 16755 B
221 287 16591 B
7 145 16666 O
63 335 16735 B
117 121 16785 O
101 303 16715 O
196 296 16774 V
116 293 16790 Y
182 202 16749 G
291 296 16600 I
199 285 16629 B
48 301 16633 R
109 314 16597 V
22 160 16721 G
121 197 16640 I
132 311 16689 R
189 254 16705 R
72 342 16780 V
280 340 16614 R
109 246 16774 O
292 309 16740 I
302 343 16741 B
69 142 16787 R
72 189 16730 B
320 334 16747 Y
243 254 16693 V
227 262 16715 B
66 122 16747 G
36 176 16588 O
1 36 16763 R
46 275 16765 V
156 279 16760 Y
44 236 16717 O
107 260 16683 V
58 253 16724 Y
64 302 16713 O
165 258 16622 Y
244 246 16786 Y
271 295 16621 I
151 307 16670 B
100 237 16751 I
79 267 16607 O
213 287 16595 R
55 85 16701 Y
129 298 16663 G
169 216 16621 I
142 316 16742 O
137 185 16744 I
96 214 16606 O
148 265 16643 V
37 123 16781 R
64 287 16671 Y
67 304 16656 G
35 169 16751 V
94 110 16728 R
67 342 16788 R
222 227 16683 B
218 249 16768 Y
256 267 16706 R
22 282 16744 I
43 195 16682 R
33 295 16632 I
63 299 16788 Y
19 138 16781 R
140 241 16740 O
154 322 16674 G
67 247 16692 V
117 266 16583 V
171 340 16693 R
298 309 16748 B
133 307 16607 G
44 261 16790 R
90 116 16645 O
229 316 16638 B
126 131 16711 G
198 277 16711 R
142 289 16747 O
190 233 16725 B
69 295 16745 I
142 215 16731 B
34 262 16720 V
186 330 16634 V
151 250 16609 I
21 124 16730 B
46 264 16689 B
123 264 16781 O
171 176 16638 O
19 302 16629 I
77 213 16769 B
185 288 16722 O
274 332 16755 V
43 276 16725 O
41 297 16720 Y
140 164 16655 R
60 260 16624 I
166 173 16718 B
235 260 16777 R
161 284 16692 G
32 108 16617 B
86 113 16692 I
183 189 16745 O
51 228 16693 I
78 280 16645 I
29 306 16637 O
73 204 16685 Y
176 284 16780 O
66 152 16740 I
256 329 16753 B
237 311 16772 O
39 108 16633 O
52 188 16726 V
29 126 16801 V
249 315 16711 B
196 276 16715 O
137 303 16670 O
87 215 16609 O
15 47 16660 Y
121 220 16702 G
7 153 16800 V
307 321 16710 Y
78 223 16591 O
32 276 16743 R
8 225 16688 G
41 249 16652 Y
283 323 16604 Y
295 323 16622 G
74 150 16781 I
17 184 16613 I
82 125 16743 R
41 261 16669 I
67 268 16582 B
302 331 16584 I
142 229 16594 B
273 326 16710 Y
30 299 16652 R
26 42 16799 V
220 266 16703 O
6 55 16649 R
279 340 16642 V
183 275 16594 V
4 293 16587 I
221 245 16607 B
128 170 16760 G
36 105 16766 G
236 251 16680 G
206 290 16704 R
212 218 16789 V
34 153 16759 O
115 257 16775 I
107 163 16582 Y
70 210 16725 O
193 297 16778 R
177 285 16583 V
52 66 16632 I
105 127 16623 G
30 88 16735 B
83 288 16629 Y
198 205 16628 Y
92 330 16623 G
3 255 16604 V
100 255 16670 Y
250 291 16605 Y
200 338 16734 V
89 126 16676 R
75 120 16788 V
122 303 16762 G
14 287 16733 O
42 120 16753 O
82 250 16725 V
180 338 16741 B
146 182 16694 I
162 317 16667 R
19 323 16726 R
117 276 16681 V
83 337 16611 O
10 149 16670 G
187 268 16790 V
274 335 16704 O
132 238 16721 O
57 185 16628 O
167 300 16708 Y
34 329 16762 V
82 197 16586 G
124 277 16653 Y
77 251 16680 Y
9 112 16620 G
67 208 16583 V
71 201 16617 I
54 299 16671 G
95 299 16658 Y
206 316 16771 V
192 257 16782 O
52 72 16758 O
92 262 16717 R
51 137 16594 B
218 225 16615 I
2 62 16788 B
71 167 16673 V
189 332 16639 B
146 263 16658 V
231 272 16665 V
36 67 16745 V
162 329 16767 I
81 94 16670 R
64 312 16699 G
108 137 16682 Y
3 135 16691 B
92 318 16698 O
22 263 16801 R
9 27 16596 B
2 153 16786 Y
22 163 16765 O
91 308 16679 I
211 319 16789 G
52 113 16701 Y
121 128 16659 G
174 291 16727 Y
198 259 16759 O
29 31 16704 V
228 335 16770 Y
56 282 16759 V
140 339 16702 R
218 221 16716 V
277 311 16631 R
112 276 16700 R
152 231 16764 I
85 115 16788 O
261 308 16777 B
24 264 16801 Y
189 316 16716 B
252 279 16719 Y
14 267 16610 B
212 308 16630 O
9 87 16748 G
161 234 16701 O
3 68 16613 B
247 253 16593 R
40 85 16726 G
189 261 16721 O
150 337 16765 V
166 273 16681 V
175 199 16622 V
13 285 16720 R
36 199 16720 G
172 183 16674 I
7 219 16715 O
29 155 16701 G
16 183 16769 I
79 98 16778 R
311 339 16758 B
37 207 16791 B
47 119 16775 R
154 319 16648 I
61 123 16698 R
49 285 16662 R
41 173 16723 O
94 211 16647 I
56 253 16706 G
99 125 16743 O
243 278 16778 G
133 228 16699 V
185 318 16641 R
164 276 16783 O
303 325 16745 V
289 336 16592 B
5 110 16658 B
36 273 16676 G
76 129 16779 Y
41 66 16701 G
88 287 16798 G
64 277 16648 G
203 244 16643 R
130 243 16771 G
140 177 16764 O
56 127 16711 B
225 277 16663 G
