343 342
63 170 16673 I
89 247 16655 G
22 313 16681 O
158 179 16645 R
38 320 16623 V
52 201 16626 I
145 243 16684 G
5 222 16741 G
115 318 16559 B
161 249 16774 G
201 331 16708 G
67 230 16656 B
119 135 16692 R
10 63 16667 G
228 272 16612 V
184 213 16647 B
311 317 16581 Y
28 75 16807 Y
84 108 16684 V
17 317 16805 I
6 323 16743 R
83 133 16560 V
27 204 16683 O
13 151 16772 Y
142 168 16778 R
177 273 16632 V
127 207 16706 O
36 303 16734 V
70 167 16627 I
60 156 16804 G
83 268 16755 V
65 101 16691 Y
221 305 16676 V
12 155 16740 V
72 339 16711 O
3 136 16799 V
21 298 16798 I
254 305 16753 R
245 309 16759 G
227 245 16730 R
72 108 16630 I
177 323 16673 I
27 135 16617 Y
22 241 16737 R
263 299 16642 B
293 329 16559 O
84 337 16653 I
80 285 16801 B
114 343 16743 R
185 273 16605 Y
159 224 16603 G
191 309 16548 B
12 321 16752 R
223 316 16677 R
37 330 16763 V
261 336 16645 I
40 72 16661 V
121 320 16572 O
25 226 16567 V
1 135 16755 R
67 112 16581 O
210 239 16626 V
132 224 16580 V
18 35 16586 Y
149 313 16678 B
62 175 16643 O
11 146 16605 O
149 234 16579 Y
160 235 16767 R
43 64 16631 Y
20 310 16771 R
119 160 16635 G
60 180 16803 V
144 174 16561 I
118 206 16749 I
13 129 16631 R
199 247 16754 Y
135 141 16647 R
60 283 16722 Y
36 232 16675 I
231 246 16675 R
135 322 16792 R
71 291 16747 Y
4 48 16592 V
88 105 16772 I
65 166 16710 O
166 195 16763 Y
97 292 16683 B
123 242 16659 Y
276 289 16772 O
257 338 16705 O
166 314 16694 B
34 59 16680 V
278 334 16578 O
51 216 16619 I
106 271 16750 I
88 113 16589 O
21 102 16685 V
8 55 16707 O
91 139 16666 O
103 231 16727 O
147 184 16764 Y
263 286 16760 R
202 248 16756 G
130 296 16782 O
109 167 16735 R
9 199 16567 B
61 76 16618 O
169 200 16622 I
83 135 16573 V
48 227 16597 I
252 320 16674 R
152 292 16709 B
282 330 16549 I
187 256 16747 V
105 160 16582 I
63 200 16626 V
95 182 16589 B
56 103 16666 O
12 241 16554 V
86 244 16566 V
203 225 16568 G
30 107 16696 R
247 307 16732 O
45 179 16784 V
50 69 16585 Y
181 205 16756 R
178 193 16782 G
137 201 16791 V
128 171 16706 O
59 178 16718 G
1 128 16560 G
263 340 16646 G
149 329 16662 V
25 298 16569 B
201 330 16685 R
143 218 16615 V
96 324 16757 O
98 260 16568 R
109 237 16680 V
205 218 16682 B
121 313 16705 Y
167 277 16718 G
178 251 16798 R
107 285 16679 G
176 211 16715 O
166 174 16594 B
302 320 16762 O
59 87 16607 I
13 70 16706 I
305 335 16548 B
58 123 16793 O
223 317 16551 O
73 325 16746 B
59 252 16547 R
229 258 16803 Y
246 280 16732 I
225 277 16644 I
98 234 16570 I
185 214 16691 B
64 196 16632 R
4 19 16799 G
39 275 16627 R
29 40 16553 V
204 232 16558 G
24 174 16646 R
108 190 16800 R
186 235 16571 R
39 261 16584 G
10 99 16801 B
21 220 16744 V
240 333 16600 I
89 142 16670 R
86 90 16578 I
7 302 16689 I
54 71 16658 B
3 53 16626 O
143 217 16592 V
211 338 16763 R
78 227 16679 B
85 200 16701 Y
149 265 16705 G
187 302 16747 O
108 326 16713 G
5 247 16669 G
275 289 16762 Y
62 220 16561 B
81 269 16762 Y
285 297 16620 B
39 45 16783 R
5 93 16799 R
180 250 16603 B
56 328 16583 B
3 189 16626 G
64 290 16690 V
146 177 16668 B
68 258 16558 G
47 176 16589 V
190 194 16703 Y
82 115 16659 B
14 331 16621 I
248 302 16580 Y
154 200 16653 B
114 274 16555 R
266 275 16622 R
109 120 16712 Y
158 183 16678 Y
48 300 16730 V
87 333 16733 Y
234 270 16576 Y
110 212 16627 B
32 243 16694 V
63 197 16710 R
42 248 16542 B
67 242 16576 R
231 247 16712 V
234 267 16630 V
177 233 16554 B
115 222 16730 I
22 332 16775 R
307 342 16597 I
5 264 16790 R
207 245 16691 I
35 307 16570 B
37 320 16569 O
53 302 16711 B
287 296 16711 G
53 341 16772 V
315 338 16709 Y
291 327 16695 R
150 326 16762 O
103 296 16625 O
131 228 16726 I
108 142 16722 Y
62 238 16626 B
164 179 16755 R
162 271 16770 I
102 253 16778 I
111 166 16774 B
67 89 16678 Y
215 337 16586 G
19 148 16662 Y
192 218 16671 V
167 320 16792 V
47 305 16648 V
23 321 16553 I
41 108 16640 V
140 308 16684 O
124 252 16735 G
101 126 16697 I
142 272 16716 O
77 338 16800 V
40 278 16802 V
211 327 16756 V
39 244 16611 B
122 142 16759 V
17 252 16726 V
69 135 16760 V
2 120 16683 O
78 281 16577 O
157 177 16591 I
57 216 16590 G
224 284 16691 O
74 312 16621 V
110 337 16776 B
37 229 16576 I
207 273 16688 V
126 324 16651 I
142 312 16543 V
268 302 16754 G
20 116 16589 Y
48 320 16581 I
196 249 16781 Y
37 95 16559 R
38 306 16633 V
7 219 16670 V
313 327 16618 I
92 174 16789 R
123 262 16591 V
26 204 16555 V
246 285 16758 B
103 172 16597 R
100 236 16715 I
57 279 16546 I
198 229 16726 G
134 252 16802 Y
116 177 16804 R
142 308 16728 I
1 325 16563 V
37 156 16747 O
176 236 16576 Y
103 249 16656 O
39 252 16768 G
46 127 16727 R
138 297 16706 B
44 262 16556 Y
142 173 16632 I
13 91 16691 O
228 263 16567 Y
63 184 16658 Y
97 234 16579 R
129 295 16660 R
263 288 16546 B
70 319 16666 R
32 245 16731 B
8 201 16709 B
167 188 16692 O
48 271 16643 I
122 210 16567 G
67 83 16770 B
129 208 16577 G
166 252 16662 I
15 157 16745 R
112 118 16564 I
233 301 16716 Y
21 255 16680 V
33 53 16750 V
125 156 16740 Y
64 94 16804 G
47 224 16542 R
252 274 16607 I
81 197 16650 Y
13 28 16681 O
5 79 16697 G
70 209 16571 O
165 275 16669 Y
294 297 16692 Y
61 178 16599 I
112 163 16640 I
104 243 16551 V
34 153 16791 B
108 184 16710 Y
192 268 16752 V
259 317 16790 B
117 236 16680 Y
49 320 16596 R
124 304 16807 I
66 229 16586 V
31 233 16588 G
51 115 16654 O
21 48 16574 O
16 150 16689 G
