343 342
23 113 16778 O
129 194 16806 G
6 295 16795 G
25 93 16773 Y
5 7 16792 B
91 155 16785 O
7 18 16784 G
79 310 16792 I
7 214 16786 Y
7 112 16795 V
7 119 16783 Y
7 304 16781 G
7 95 16778 I
7 73 16791 O
7 52 16781 I
152 174 16785 G
98 195 16806 O
7 321 16795 Y
173 312 16786 R
7 332 16781 I
155 163 16802 R
139 308 16789 V
184 277 16795 B
84 173 16784 I
7 300 16771 Y
7 59 16787 G
311 314 16769 O
7 141 16795 I
56 252 16796 B
3 192 16793 V
7 161 16784 V
7 28 16802 Y
7 157 16805 G
151 314 16807 B
7 86 16793 I
7 12 16802 O
113 151 16775 R
67 292 16793 R
69 99 16800 O
188 220 16773 R
7 315 16785 Y
7 182 16773 G
7 82 16774 R
7 26 16783 G
234 290 16774 Y
7 227 16768 I
210 262 16768 B
7 305 16773 O
209 292 16773 B
51 121 16794 I
7 212 16806 R
75 85 16793 G
319 339 16784 R
55 192 16789 B
312 313 16797 Y
69 313 16776 I
57 99 16781 O
7 284 16794 O
143 320 16798 Y
191 215 16803 G
310 339 16768 O
40 116 16787 V
7 16 16788 R
7 60 16769 V
7 253 16807 I
117 236 16802 Y
7 135 16802 Y
49 91 16772 O
7 226 16780 R
184 280 16777 V
195 343 16803 I
85 263 16784 R
194 250 16791 O
7 123 16768 G
7 190 16792 B
268 299 16807 Y
7 330 16778 G
7 200 16795 Y
7 291 16782 V
170 325 16799 O
17 276 16803 G
7 278 16769 R
7 94 16797 G
172 257 16770 R
7 228 16781 G
7 33 16806 G
7 296 16786 Y
7 76 16773 V
7 217 16775 B
188 204 16785 O
163 177 16805 Y
7 213 16769 V
7 342 16779 G
7 165 16791 V
7 244 16796 B
97 320 16798 V
55 158 16784 B
7 218 16782 B
7 126 16791 R
7 8 16787 Y
1 272 16801 O
7 198 16779 G
7 38 16778 B
10 279 16783 G
170 235 16780 B
204 286 16797 V
7 180 16774 G
254 309 16779 B
67 199 16772 O
7 238 16799 I
145 183 16799 B
54 107 16798 V
7 317 16784 V
7 168 16794 Y
49 254 16807 R
17 277 16776 O
7 340 16793 I
241 245 16784 B
285 290 16778 R
7 90 16807 R
62 225 16792 I
7 306 16802 Y
7 101 16792 Y
1 245 16805 O
7 341 16805 G
51 79 16796 B
7 242 16775 B
92 208 16807 G
7 187 16801 Y
7 282 16772 Y
178 229 16799 Y
104 329 16768 G
124 237 16805 I
7 331 16774 I
152 256 16779 B
70 248 16780 G
147 222 16801 V
7 175 16786 R
62 71 16790 I
106 129 16805 R
7 162 16774 G
68 263 16789 Y
7 193 16796 G
68 159 16794 B
134 261 16804 I
7 78 16772 R
70 229 16789 B
7 118 16795 O
7 189 16805 Y
7 150 16788 O
7 149 16797 I
87 276 16806 G
7 288 16776 V
7 148 16781 O
7 231 16791 Y
32 98 16797 B
7 283 16799 Y
7 318 16770 G
7 48 16805 G
30 329 16782 B
35 294 16777 I
47 58 16786 O
7 89 16778 I
75 140 16801 R
7 111 16777 I
103 316 16770 R
143 144 16800 I
7 247 16790 Y
7 20 16773 B
7 127 16793 G
7 335 16786 V
54 77 16796 Y
7 46 16784 I
7 167 16771 B
10 145 16804 Y
7 287 16771 G
7 66 16776 O
171 206 16783 B
41 63 16781 B
7 186 16803 O
39 166 16800 G
7 108 16801 I
37 285 16788 V
7 322 16787 Y
105 271 16791 O
7 264 16792 I
25 141 16784 G
171 199 16787 B
220 343 16792 B
7 273 16785 I
7 179 16775 B
19 164 16802 R
7 14 16800 V
136 210 16786 R
7 181 16784 I
146 303 16777 R
7 88 16772 O
215 250 16800 Y
156 319 16769 B
224 328 16781 V
103 256 16792 I
41 117 16786 Y
104 208 16777 R
7 259 16777 B
40 47 16776 O
7 125 16787 B
7 205 16791 R
7 275 16778 R
7 307 16803 B
246 324 16772 R
7 24 16801 O
7 219 16801 V
7 334 16779 O
139 265 16799 I
7 9 16782 O
7 169 16789 R
132 172 16774 R
30 134 16773 I
7 240 16773 V
93 100 16806 R
7 11 16784 I
164 178 16793 G
166 197 16771 G
185 289 16803 O
7 266 16775 B
7 323 16803 Y
22 105 16802 I
7 269 16789 Y
7 53 16773 R
7 243 16775 B
153 299 16772 B
7 297 16778 G
19 174 16794 V
31 270 16779 Y
7 83 16804 I
23 211 16779 V
7 131 16768 V
7 120 16796 O
7 249 16805 G
27 270 16774 O
87 261 16781 I
7 336 16793 G
84 232 16793 G
7 239 16788 Y
257 295 16780 I
107 236 16807 B
7 44 16771 B
7 203 16772 Y
211 252 16788 V
196 293 16771 O
35 232 16781 Y
21 325 16790 Y
7 114 16783 R
7 110 16803 R
7 327 16771 I
92 158 16777 Y
2 201 16805 G
97 106 16798 G
7 233 16806 G
268 333 16783 R
136 177 16807 B
7 338 16799 G
7 29 16771 I
7 81 16771 B
7 133 16788 I
7 74 16790 V
96 207 16769 R
224 286 16793 B
7 13 16799 Y
77 196 16791 O
7 216 16791 O
7 326 16799 I
7 50 16798 I
56 248 16776 G
6 201 16795 G
7 160 16772 B
31 147 16781 B
4 7 16807 B
22 251 16771 G
7 128 16784 O
7 337 16793 G
42 124 16795 R
308 328 16776 G
7 43 16772 G
109 246 16798 I
234 241 16798 R
7 61 16799 V
235 298 16781 G
7 15 16802 O
7 142 16793 O
7 176 16774 I
71 153 16781 Y
7 202 16775 G
7 223 16776 V
37 237 16773 I
265 316 16786 V
122 183 16797 O
207 209 16786 B
7 267 16786 B
7 258 16790 O
7 221 16805 R
132 271 16770 I
140 251 16787 B
7 130 16789 O
7 36 16807 R
100 311 16777 V
7 281 16777 G
32 156 16786 R
7 138 16773 G
7 137 16793 V
197 333 16807 O
116 185 16794 V
42 159 16790 R
57 289 16779 O
109 298 16783 B
63 324 16799 I
7 301 16788 Y
7 65 16778 I
7 302 16805 V
191 206 16806 V
262 279 16782 B
7 260 16798 I
7 230 16786 R
96 146 16777 R
7 102 16775 R
7 64 16803 B
3 294 16770 I
121 280 16799 R
27 39 16773 R
58 225 16775 G
21 122 16798 R
7 154 16783 V
7 45 16771 B
7 255 16775 I
2 293 16803 O
7 34 16800 G
7 115 16799 Y
7 72 16786 O
144 272 16770 G
222 303 16804 V
7 80 16788 B
7 274 16780 G
