343 342
254 262 16032 R
227 254 16632 I
81 254 16714 O
195 254 16151 G
223 254 15907 I
97 254 16584 Y
52 254 16092 Y
254 340 16276 Y
254 280 16782 B
113 254 16001 V
86 254 16781 R
247 254 16415 Y
156 254 16509 V
215 254 16737 R
153 254 16421 G
254 281 16335 R
30 254 16067 G
233 254 16699 G
254 322 16799 V
124 254 15729 G
132 254 15970 I
102 254 16114 G
25 254 16264 I
96 254 16195 O
154 254 16436 I
208 254 16770 Y
251 254 15748 Y
56 254 15994 G
100 254 16518 V
212 254 16792 I
170 254 16426 Y
80 254 16221 G
165 254 16152 R
89 254 16468 R
191 254 15939 R
152 254 16231 I
254 284 15998 B
2 254 16046 I
213 254 15855 V
254 276 16745 B
241 254 16002 O
254 329 16111 O
214 254 16191 R
162 254 16645 R
57 254 16447 B
192 254 16115 G
121 254 16348 Y
254 267 16756 Y
254 341 16167 B
139 254 16334 I
254 316 16639 I
254 279 16097 V
253 254 16607 R
64 254 16611 O
254 300 15767 R
58 254 16172 G
254 295 16766 V
68 254 16174 V
225 254 16742 Y
226 254 16457 R
16 254 16497 G
5 254 16284 I
77 254 15844 G
254 324 16606 B
218 254 16442 R
254 292 16622 O
159 254 15995 Y
189 254 16744 R
88 254 15852 G
254 268 16250 V
254 326 15753 O
254 342 16086 O
22 254 16433 B
199 254 16618 B
120 254 16673 I
82 254 16109 V
249 254 16516 O
254 270 15930 Y
69 254 16394 O
9 254 16386 B
105 254 16407 G
48 254 15838 O
53 254 16446 G
147 254 16003 B
238 254 15951 B
254 297 16666 Y
219 254 16012 B
175 254 15759 R
47 254 16739 G
254 265 16168 Y
229 254 16215 G
254 255 15737 I
131 254 16384 O
157 254 16278 I
37 254 15958 O
40 254 16041 V
254 299 15880 B
204 254 16421 R
144 254 16498 B
158 254 16411 B
254 317 16558 R
24 254 16139 O
41 254 16586 Y
254 304 15966 R
232 254 15963 R
197 254 16050 Y
107 254 15794 R
110 254 15701 R
254 325 16749 V
4 254 16535 G
93 254 16335 R
207 254 16058 V
200 254 16339 I
254 289 16619 V
13 254 16541 B
254 338 16054 B
254 323 16210 Y
254 331 15798 B
114 254 15722 B
176 254 16106 Y
75 254 16675 V
115 254 16623 G
118 254 16792 Y
254 288 16074 V
112 254 15762 I
127 254 16229 I
11 254 15966 B
26 254 16317 I
17 254 16065 O
242 254 15929 I
76 254 16712 G
142 254 15806 Y
254 310 16003 I
254 335 16801 B
254 306 15699 O
254 308 15742 B
95 254 16705 R
186 254 16679 O
206 254 15826 I
46 254 16159 I
254 287 15992 G
205 254 16200 Y
254 314 16236 O
63 254 16794 I
182 254 16729 R
128 254 16342 Y
235 254 16379 Y
222 254 16090 V
136 254 16136 I
59 254 16727 R
90 254 16558 I
248 254 16319 B
109 254 15870 R
210 254 16451 O
21 254 15752 I
240 254 16349 B
122 254 16391 V
6 254 15945 R
98 254 16542 R
85 254 16218 I
104 254 15909 V
49 254 16427 V
228 254 16765 R
62 254 15827 R
70 254 15819 Y
254 311 16477 V
236 254 16099 O
254 294 15831 V
94 254 15810 R
254 290 16746 I
243 254 15873 B
254 315 16266 I
23 254 15911 O
254 313 15855 R
187 254 15775 Y
7 254 16580 V
193 254 16363 I
184 254 15902 Y
51 254 16376 Y
254 301 15920 V
15 254 16786 B
254 302 16381 B
10 254 16761 G
221 254 16750 I
18 254 16085 R
216 254 15876 Y
14 254 16582 Y
137 254 16401 I
31 254 16544 B
209 254 16003 G
174 254 16790 I
245 254 16161 O
254 264 16148 I
203 254 16377 O
254 285 16530 B
254 283 16697 R
234 254 16646 G
38 254 16606 G
143 254 16442 V
91 254 16458 G
123 254 16478 R
20 254 15962 B
172 254 15776 I
108 254 15959 B
230 254 16249 V
66 254 16523 V
55 254 16042 R
254 336 16087 Y
84 254 16488 O
246 254 15940 V
125 254 16404 Y
35 254 16791 O
101 254 15727 G
171 254 15752 R
231 254 16620 I
254 275 16757 R
19 254 16327 G
146 254 16691 V
149 254 15957 V
179 254 16038 O
168 254 16796 O
224 254 16305 B
134 254 15748 G
254 259 16688 G
150 254 15727 Y
254 337 16613 B
254 269 15846 O
254 305 16273 I
117 254 15893 B
72 254 15780 O
12 254 15928 B
254 282 16246 I
163 254 16470 V
254 319 16599 O
169 254 16461 O
244 254 15941 B
1 254 16463 G
173 254 16285 O
138 254 16236 R
202 254 16724 V
43 254 15792 G
254 277 15846 G
254 318 15760 R
135 254 16015 G
254 266 16543 G
254 327 16409 I
254 332 16486 G
78 254 16438 Y
129 254 16436 G
177 254 15695 Y
164 254 16594 Y
198 254 16060 Y
106 254 16667 V
87 254 16021 V
73 254 16170 Y
254 278 16201 I
254 320 15797 B
178 254 16750 G
32 254 16793 Y
27 254 16441 Y
61 254 16662 I
79 254 15727 G
155 254 16254 B
188 254 16539 V
254 328 15880 V
254 258 16354 O
254 272 16234 O
254 293 15764 O
161 254 16743 V
133 254 16259 Y
74 254 15750 R
254 307 16217 Y
99 254 15940 V
71 254 16230 Y
254 343 15979 O
148 254 16120 Y
141 254 16131 I
181 254 15695 B
254 286 16039 O
33 254 15888 V
67 254 16476 B
254 271 15928 Y
36 254 16223 Y
254 309 16563 G
34 254 15837 I
211 254 16143 V
3 254 16423 I
151 254 16395 G
140 254 16198 B
92 254 15733 R
254 303 16012 O
50 254 16211 O
194 254 16043 B
190 254 16640 G
183 254 16459 V
167 254 15738 V
196 254 16182 O
83 254 16025 O
44 254 16119 R
239 254 15876 G
254 333 16579 O
39 254 16031 Y
254 339 15863 Y
116 254 16488 I
217 254 16707 Y
254 334 16227 V
254 330 15941 O
126 254 16018 R
252 254 15897 G
60 254 16778 B
29 254 16272 G
254 298 16035 R
254 256 16448 O
103 254 16686 Y
220 254 16635 I
65 254 16300 B
28 254 16002 R
254 321 16733 Y
8 254 15708 V
237 254 16055 I
254 263 15874 B
160 254 16760 B
250 254 16062 R
254 261 16030 Y
119 254 16084 O
180 254 15990 Y
201 254 16287 I
54 254 16626 G
254 257 16032 Y
254 274 16446 G
254 296 16274 G
45 254 16661 B
42 254 16354 B
166 254 15792 V
111 254 16095 G
254 291 16096 R
254 273 16333 R
145 254 16509 V
254 312 16254 B
130 254 16030 Y
254 260 16771 O
185 254 15819 O
