343 342
1 2 15743 I
1 3 16603 R
1 4 16288 Y
1 5 15919 G
1 6 15967 V
1 7 16727 V
1 8 16074 R
1 9 16547 I
1 10 15703 I
1 11 16090 O
1 12 16396 Y
1 13 16249 R
1 14 16129 V
1 15 16412 V
1 16 16067 I
1 17 16348 V
1 18 16154 R
1 19 16760 Y
1 20 15694 O
1 21 16375 G
1 22 16294 G
1 23 15821 B
1 24 16337 I
1 25 16765 V
1 26 16681 R
1 27 15742 V
1 28 16597 I
1 29 16034 B
1 30 15855 Y
1 31 16019 V
1 32 15782 Y
1 33 16095 O
1 34 16677 O
1 35 16630 V
1 36 16340 G
1 37 16722 B
1 38 16605 O
1 39 16407 I
1 40 15762 B
1 41 15963 I
1 42 16238 V
1 43 16521 G
1 44 16634 V
1 45 15905 I
1 46 16594 Y
1 47 16578 O
1 48 16136 G
1 49 15819 Y
1 50 15975 I
1 51 16351 R
1 52 15802 G
1 53 16552 G
1 54 16751 V
1 55 16733 G
1 56 16663 Y
1 57 16487 R
1 58 16303 V
1 59 16769 O
1 60 16740 Y
1 61 16223 Y
1 62 15955 Y
1 63 16594 R
1 64 16144 V
1 65 16489 B
1 66 16105 R
1 67 15993 V
1 68 16618 V
1 69 16545 G
1 70 15745 R
1 71 15720 O
1 72 16421 I
1 73 16136 V
1 74 16372 V
1 75 16656 B
1 76 15803 G
1 77 16645 R
1 78 16314 B
1 79 16457 B
1 80 15751 O
1 81 15839 V
1 82 16082 B
1 83 16270 V
1 84 16777 G
1 85 16645 O
1 86 15806 G
1 87 16286 R
1 88 16006 Y
1 89 15910 G
1 90 16612 R
1 91 16733 Y
1 92 16326 V
1 93 16249 R
1 94 16494 B
1 95 16144 I
1 96 16756 G
1 97 15927 V
1 98 16011 R
1 99 16645 V
1 100 16482 O
1 101 15964 Y
1 102 16108 V
1 103 16361 O
1 104 16066 Y
1 105 16009 O
1 106 16456 V
1 107 16495 Y
1 108 15822 R
1 109 16261 I
1 110 16312 G
1 111 16432 R
1 112 16192 R
1 113 16695 R
1 114 15995 Y
1 115 16709 R
1 116 16571 G
1 117 15854 I
1 118 16531 B
1 119 15759 Y
1 120 15872 Y
1 121 16345 Y
1 122 16103 V
1 123 16304 G
1 124 16698 G
1 125 16111 G
1 126 16031 Y
1 127 16367 O
1 128 16467 G
1 129 16105 B
1 130 15851 G
1 131 16760 G
1 132 16156 R
1 133 15779 B
1 134 16765 I
1 135 16634 I
1 136 15977 R
1 137 15839 I
1 138 16297 G
1 139 16647 I
1 140 16467 I
1 141 16097 I
1 142 16236 R
1 143 16695 Y
1 144 16084 Y
1 145 16660 B
1 146 16099 I
1 147 16581 R
1 148 16238 Y
1 149 16227 B
1 150 15791 V
1 151 16016 V
1 152 16037 V
1 153 16513 G
1 154 16728 R
1 155 16508 B
1 156 16640 Y
1 157 16642 V
1 158 15815 I
1 159 16079 R
1 160 16204 B
1 161 15871 O
1 162 15882 O
1 163 16052 G
1 164 16281 O
1 165 16534 V
1 166 16339 V
1 167 16507 Y
1 168 15739 V
1 169 16008 I
1 170 16378 V
1 171 15703 B
1 172 16010 G
1 173 15706 R
1 174 16439 R
1 175 16607 Y
1 176 16034 V
1 177 16756 O
1 178 16552 Y
1 179 16141 O
1 180 16772 V
1 181 16261 V
1 182 16241 B
1 183 15810 O
1 184 16467 G
1 185 16508 B
1 186 16503 V
1 187 16640 O
1 188 16792 O
1 189 16593 O
1 190 15940 R
1 191 16238 Y
1 192 15967 O
1 193 16698 Y
1 194 16103 V
1 195 15768 Y
1 196 16280 R
1 197 16022 I
1 198 16561 V
1 199 15821 I
1 200 16310 G
1 201 15814 R
1 202 16760 G
1 203 15711 I
1 204 16627 I
1 205 16750 Y
1 206 15959 B
1 207 15718 Y
1 208 16234 O
1 209 16633 V
1 210 16012 R
1 211 15741 R
1 212 16252 Y
1 213 16243 O
1 214 16730 V
1 215 16228 I
1 216 15724 G
1 217 16012 R
1 218 16581 Y
1 219 16060 G
1 220 16259 V
1 221 16699 O
1 222 16440 O
1 223 15726 Y
1 224 15692 I
1 225 16249 G
1 226 16482 V
1 227 16517 G
1 228 16505 R
1 229 15970 O
1 230 16756 V
1 231 15919 O
1 232 16380 I
1 233 15896 Y
1 234 16389 B
1 235 16160 R
1 236 15759 V
1 237 15776 V
1 238 16718 Y
1 239 16078 B
1 240 16653 I
1 241 15906 B
1 242 16143 O
1 243 16598 G
1 244 16150 Y
1 245 15821 O
1 246 16520 V
1 247 15798 R
1 248 15983 B
1 249 15761 B
1 250 15873 B
1 251 15729 Y
1 252 16320 R
1 253 15875 I
1 254 16322 Y
1 255 16750 B
1 256 16596 I
1 257 16636 O
1 258 15739 I
1 259 16793 G
1 260 16412 V
1 261 16506 B
1 262 16350 R
1 263 16577 V
1 264 16077 Y
1 265 15710 B
1 266 16640 V
1 267 16600 V
1 268 15997 O
1 269 16365 G
1 270 16188 Y
1 271 15830 G
1 272 16298 Y
1 273 16111 R
1 274 16751 Y
1 275 16503 B
1 276 16179 V
1 277 16499 I
1 278 16029 Y
1 279 16536 B
1 280 15964 G
1 281 16777 V
1 282 15819 O
1 283 16766 I
1 284 16047 G
1 285 15974 I
1 286 16675 O
1 287 16143 B
1 288 15894 O
1 289 16324 R
1 290 15923 B
1 291 15798 I
1 292 16226 R
1 293 15935 B
1 294 16078 V
1 295 16163 O
1 296 16615 I
1 297 15865 I
1 298 15945 I
1 299 16201 R
1 300 15709 R
1 301 15702 V
1 302 16607 V
1 303 16511 B
1 304 16225 B
1 305 16065 B
1 306 16526 I
1 307 16064 I
1 308 16530 G
1 309 16262 B
1 310 15704 R
1 311 16715 R
1 312 15956 R
1 313 15894 I
1 314 16739 O
1 315 16579 R
1 316 15920 Y
1 317 15750 Y
1 318 16633 R
1 319 16175 G
1 320 15954 I
1 321 16687 O
1 322 16361 O
1 323 16539 O
1 324 16010 V
1 325 16528 R
1 326 15844 B
1 327 16118 O
1 328 16268 B
1 329 16744 V
1 330 15936 G
1 331 16786 O
1 332 16240 Y
1 333 16700 V
1 334 16217 O
1 335 16136 O
1 336 16690 Y
1 337 15959 R
1 338 16779 V
1 339 16113 Y
1 340 15955 V
1 341 16293 R
1 342 16633 I
1 343 16045 V
