337 2397
101 243 1 R
69 183 1 R
4 157 1 R
76 96 1 R
14 192 1 R
132 251 1 R
114 163 1 R
157 216 1 R
237 302 1 R
194 325 1 R
166 173 1 R
203 315 1 R
174 211 1 R
125 291 1 R
107 328 1 R
71 279 1 R
17 305 1 R
40 90 1 R
86 302 1 R
145 212 1 R
115 241 1 R
117 257 1 R
65 176 1 R
123 319 1 R
108 141 1 R
250 283 1 R
119 291 1 R
111 292 1 R
41 272 1 R
37 301 1 R
126 209 1 R
127 156 1 R
23 269 1 R
84 319 1 R
73 189 1 R
105 139 1 R
96 196 1 R
32 134 1 R
42 276 1 R
25 301 1 R
112 148 1 R
9 36 1 R
2 192 1 R
227 325 1 R
113 328 1 R
192 203 1 R
33 202 1 R
212 311 1 R
232 320 1 R
6 16 1 R
189 247 1 R
39 168 1 R
5 76 1 R
57 125 1 R
84 150 1 R
326 329 1 R
18 248 1 R
200 224 1 R
48 99 1 R
211 262 1 R
256 308 1 R
23 249 1 R
60 75 1 R
177 284 1 R
220 223 1 R
263 296 1 R
125 147 1 R
85 275 1 R
288 293 1 R
47 111 1 R
78 128 1 R
24 253 1 R
45 161 1 R
42 214 1 R
22 306 1 R
7 31 1 R
48 186 1 R
300 312 1 R
175 263 1 R
178 210 1 R
68 207 1 R
49 145 1 R
20 124 1 R
264 275 1 R
145 210 1 R
110 226 1 R
165 180 1 R
131 241 1 R
75 253 1 R
144 327 1 R
30 161 1 R
135 320 1 R
99 190 1 R
114 216 1 R
210 215 1 R
7 72 1 R
46 272 1 R
176 245 1 R
3 77 1 R
50 73 1 R
190 254 1 R
212 215 1 R
282 326 1 R
96 315 1 R
143 256 1 R
74 89 1 R
168 244 1 R
150 327 1 R
69 124 1 R
115 201 1 R
130 154 1 R
44 325 1 R
130 272 1 R
219 251 1 R
199 246 1 R
17 154 1 R
33 186 1 R
84 304 1 R
6 278 1 R
105 250 1 R
301 316 1 R
4 65 1 R
41 154 1 R
9 214 1 R
119 258 1 R
70 137 1 R
23 118 1 R
53 102 1 R
136 316 1 R
67 165 1 R
145 328 1 R
225 228 1 R
43 292 1 R
213 289 1 R
220 303 1 R
291 323 1 R
61 169 1 R
107 289 1 R
131 154 1 R
39 229 1 R
25 151 1 R
59 201 1 R
40 260 1 R
119 180 1 R
196 273 1 R
84 166 1 R
193 326 1 R
124 139 1 R
169 300 1 R
84 153 1 R
229 322 1 R
118 265 1 R
75 118 1 R
56 244 1 R
45 136 1 R
98 329 1 R
44 309 1 R
170 180 1 R
188 242 1 R
30 281 1 R
35 147 1 R
45 297 1 R
88 117 1 R
28 110 1 R
257 303 1 R
82 189 1 R
17 107 1 R
256 262 1 R
43 81 1 R
51 151 1 R
56 265 1 R
179 308 1 R
185 309 1 R
227 310 1 R
197 214 1 R
23 25 1 R
147 323 1 R
96 135 1 R
41 144 1 R
94 133 1 R
57 139 1 R
168 256 1 R
81 124 1 R
157 189 1 R
122 292 1 R
3 186 1 R
46 250 1 R
116 175 1 R
208 318 1 R
79 229 1 R
50 185 1 R
79 238 1 R
39 242 1 R
91 194 1 R
193 285 1 R
237 261 1 R
222 295 1 R
140 227 1 R
27 186 1 R
36 47 1 R
87 319 1 R
41 122 1 R
23 69 1 R
68 266 1 R
49 225 1 R
53 323 1 R
46 264 1 R
36 257 1 R
173 219 1 R
231 274 1 R
12 276 1 R
126 215 1 R
45 253 1 R
287 324 1 R
130 190 1 R
7 275 1 R
73 302 1 R
45 147 1 R
32 62 1 R
11 119 1 R
23 32 1 R
165 212 1 R
115 268 1 R
57 259 1 R
62 231 1 R
249 272 1 R
91 274 1 R
147 218 1 R
152 233 1 R
9 265 1 R
56 249 1 R
19 134 1 R
24 42 1 R
32 78 1 R
203 241 1 R
92 236 1 R
40 93 1 R
152 215 1 R
283 310 1 R
58 293 1 R
13 212 1 R
48 284 1 R
18 133 1 R
267 291 1 R
109 209 1 R
39 48 1 R
200 291 1 R
132 247 1 R
254 316 1 R
98 290 1 R
61 102 1 R
85 305 1 R
120 208 1 R
195 309 1 R
5 87 1 R
57 65 1 R
134 240 1 R
58 226 1 R
290 294 1 R
48 141 1 R
46 84 1 R
141 280 1 R
213 312 1 R
87 126 1 R
3 61 1 R
14 181 1 R
107 252 1 R
25 175 1 R
219 270 1 R
134 287 1 R
31 33 1 R
155 256 1 R
27 201 1 R
106 226 1 R
21 305 1 R
36 107 1 R
5 98 1 R
137 251 1 R
93 202 1 R
153 311 1 R
79 83 1 R
35 183 1 R
229 236 1 R
158 239 1 R
4 28 1 R
259 330 1 R
71 171 1 R
285 297 1 R
28 157 1 R
209 222 1 R
54 270 1 R
129 131 1 R
213 322 1 R
102 151 1 R
88 294 1 R
18 193 1 R
60 278 1 R
99 308 1 R
282 312 1 R
132 298 1 R
23 260 1 R
201 331 1 R
136 301 1 R
175 225 1 R
135 171 1 R
117 315 1 R
19 186 1 R
80 201 1 R
108 186 1 R
134 187 1 R
67 178 1 R
59 213 1 R
46 242 1 R
11 153 1 R
42 258 1 R
119 215 1 R
254 326 1 R
289 331 1 R
232 240 1 R
21 48 1 R
89 187 1 R
156 271 1 R
74 249 1 R
256 284 1 R
64 243 1 R
72 137 1 R
119 129 1 R
109 225 1 R
27 247 1 R
233 256 1 R
122 326 1 R
69 156 1 R
33 220 1 R
163 168 1 R
67 164 1 R
75 115 1 R
309 314 1 R
209 265 1 R
237 328 1 R
67 100 1 R
237 258 1 R
69 77 1 R
126 213 1 R
213 248 1 R
82 158 1 R
34 166 1 R
172 257 1 R
3 150 1 R
70 212 1 R
170 243 1 R
87 88 1 R
233 254 1 R
263 289 1 R
97 228 1 R
88 298 1 R
77 157 1 R
52 209 1 R
171 304 1 R
259 304 1 R
42 283 1 R
76 281 1 R
55 193 1 R
37 197 1 R
184 262 1 R
268 273 1 R
49 257 1 R
86 159 1 R
191 296 1 R
34 294 1 R
96 224 1 R
62 321 1 R
94 247 1 R
169 330 1 R
199 231 1 R
2 230 1 R
18 268 1 R
276 283 1 R
61 298 1 R
64 257 1 R
145 250 1 R
197 215 1 R
104 292 1 R
120 280 1 R
212 262 1 R
62 108 1 R
116 243 1 R
12 302 1 R
37 173 1 R
124 254 1 R
125 206 1 R
103 238 1 R
138 234 1 R
127 188 1 R
78 252 1 R
55 76 1 R
137 331 1 R
71 327 1 R
85 273 1 R
36 152 1 R
127 244 1 R
228 292 1 R
124 191 1 R
157 287 1 R
121 152 1 R
82 144 1 R
243 275 1 R
116 232 1 R
52 162 1 R
246 318 1 R
150 298 1 R
234 297 1 R
103 105 1 R
21 266 1 R
311 329 1 R
237 329 1 R
113 214 1 R
66 217 1 R
49 150 1 R
46 121 1 R
175 329 1 R
105 115 1 R
33 135 1 R
129 261 1 R
116 185 1 R
208 286 1 R
230 252 1 R
17 138 1 R
15 315 1 R
93 230 1 R
79 87 1 R
106 262 1 R
259 311 1 R
152 320 1 R
47 308 1 R
59 119 1 R
99 329 1 R
9 172 1 R
79 246 1 R
197 212 1 R
124 286 1 R
72 245 1 R
56 275 1 R
94 192 1 R
64 303 1 R
75 240 1 R
219 257 1 R
62 83 1 R
95 100 1 R
255 327 1 R
200 201 1 R
31 32 1 R
108 322 1 R
7 116 1 R
80 82 1 R
23 102 1 R
155 228 1 R
206 218 1 R
9 156 1 R
105 330 1 R
30 320 1 R
51 282 1 R
62 120 1 R
96 111 1 R
6 81 1 R
45 247 1 R
206 321 1 R
123 128 1 R
147 193 1 R
140 235 1 R
59 222 1 R
226 233 1 R
77 95 1 R
113 198 1 R
150 209 1 R
113 224 1 R
67 256 1 R
98 205 1 R
185 186 1 R
3 300 1 R
79 176 1 R
138 297 1 R
47 290 1 R
134 273 1 R
172 269 1 R
262 277 1 R
48 274 1 R
12 98 1 R
54 280 1 R
230 290 1 R
25 314 1 R
10 25 1 R
93 131 1 R
75 81 1 R
14 125 1 R
102 303 1 R
185 201 1 R
108 301 1 R
5 245 1 R
76 325 1 R
142 237 1 R
164 166 1 R
104 235 1 R
286 318 1 R
8 92 1 R
27 155 1 R
135 217 1 R
121 207 1 R
61 261 1 R
12 220 1 R
140 255 1 R
101 171 1 R
8 253 1 R
82 118 1 R
128 183 1 R
214 299 1 R
23 213 1 R
56 312 1 R
80 190 1 R
38 264 1 R
323 326 1 R
140 262 1 R
161 192 1 R
259 307 1 R
249 252 1 R
91 222 1 R
191 199 1 R
37 296 1 R
100 191 1 R
128 213 1 R
145 289 1 R
263 277 1 R
59 208 1 R
128 235 1 R
46 218 1 R
245 265 1 R
136 313 1 R
164 244 1 R
42 164 1 R
266 329 1 R
94 200 1 R
87 92 1 R
22 143 1 R
285 309 1 R
238 241 1 R
284 303 1 R
139 193 1 R
140 158 1 R
75 257 1 R
63 266 1 R
180 295 1 R
19 109 1 R
70 193 1 R
129 226 1 R
178 287 1 R
259 317 1 R
21 53 1 R
12 301 1 R
222 319 1 R
2 146 1 R
16 189 1 R
65 153 1 R
39 214 1 R
37 149 1 R
113 199 1 R
319 330 1 R
160 208 1 R
122 241 1 R
127 233 1 R
94 215 1 R
120 165 1 R
106 173 1 R
133 158 1 R
6 22 1 R
116 125 1 R
10 217 1 R
99 262 1 R
96 310 1 R
297 325 1 R
144 302 1 R
151 327 1 R
81 173 1 R
169 305 1 R
88 235 1 R
27 308 1 R
55 128 1 R
95 126 1 R
54 211 1 R
93 273 1 R
101 178 1 R
285 295 1 R
8 211 1 R
67 137 1 R
93 195 1 R
86 244 1 R
123 233 1 R
61 262 1 R
202 283 1 R
275 329 1 R
199 201 1 R
204 255 1 R
88 310 1 R
36 224 1 R
116 261 1 R
258 322 1 R
69 85 1 R
17 234 1 R
101 238 1 R
215 241 1 R
156 262 1 R
52 248 1 R
4 290 1 R
129 180 1 R
68 92 1 R
225 256 1 R
18 206 1 R
13 23 1 R
5 103 1 R
232 246 1 R
225 233 1 R
88 248 1 R
57 234 1 R
141 289 1 R
246 290 1 R
71 240 1 R
73 284 1 R
71 256 1 R
37 185 1 R
133 280 1 R
129 328 1 R
20 282 1 R
140 147 1 R
132 146 1 R
81 153 1 R
275 327 1 R
61 84 1 R
115 272 1 R
160 244 1 R
215 235 1 R
291 321 1 R
269 281 1 R
40 157 1 R
15 197 1 R
14 179 1 R
110 331 1 R
43 179 1 R
258 289 1 R
125 278 1 R
71 212 1 R
30 68 1 R
35 74 1 R
212 296 1 R
92 293 1 R
254 258 1 R
80 104 1 R
267 325 1 R
196 199 1 R
33 156 1 R
162 311 1 R
68 122 1 R
205 321 1 R
77 312 1 R
300 324 1 R
274 323 1 R
68 227 1 R
118 203 1 R
129 288 1 R
11 218 1 R
156 186 1 R
179 289 1 R
13 249 1 R
89 269 1 R
182 190 1 R
21 261 1 R
89 311 1 R
260 307 1 R
206 318 1 R
139 246 1 R
71 251 1 R
167 243 1 R
194 220 1 R
205 292 1 R
104 277 1 R
34 137 1 R
279 328 1 R
122 260 1 R
140 141 1 R
214 261 1 R
245 301 1 R
133 305 1 R
205 266 1 R
21 134 1 R
64 261 1 R
49 113 1 R
172 306 1 R
92 115 1 R
251 260 1 R
44 308 1 R
147 295 1 R
194 206 1 R
27 164 1 R
126 227 1 R
72 300 1 R
105 257 1 R
78 258 1 R
58 82 1 R
119 184 1 R
103 113 1 R
181 318 1 R
88 307 1 R
39 98 1 R
3 21 1 R
114 119 1 R
25 204 1 R
14 233 1 R
32 312 1 R
292 331 1 R
104 323 1 R
99 328 1 R
120 143 1 R
40 305 1 R
19 67 1 R
33 57 1 R
35 297 1 R
29 167 1 R
139 316 1 R
128 162 1 R
116 215 1 R
68 301 1 R
134 213 1 R
88 98 1 R
100 131 1 R
19 158 1 R
151 265 1 R
272 273 1 R
218 251 1 R
230 304 1 R
131 220 1 R
216 218 1 R
28 236 1 R
138 195 1 R
173 281 1 R
12 211 1 R
227 301 1 R
161 313 1 R
250 296 1 R
3 211 1 R
10 233 1 R
235 307 1 R
236 252 1 R
245 309 1 R
42 190 1 R
13 282 1 R
10 17 1 R
213 319 1 R
116 190 1 R
144 148 1 R
31 49 1 R
114 267 1 R
53 202 1 R
108 297 1 R
38 81 1 R
145 169 1 R
138 263 1 R
160 326 1 R
102 184 1 R
103 141 1 R
101 182 1 R
248 263 1 R
35 60 1 R
125 242 1 R
21 200 1 R
104 232 1 R
55 299 1 R
316 317 1 R
254 288 1 R
9 176 1 R
13 94 1 R
20 243 1 R
97 232 1 R
22 32 1 R
77 158 1 R
24 133 1 R
7 211 1 R
99 119 1 R
201 310 1 R
264 296 1 R
33 274 1 R
276 316 1 R
62 239 1 R
52 285 1 R
30 251 1 R
45 322 1 R
153 165 1 R
2 221 1 R
235 272 1 R
243 280 1 R
31 166 1 R
34 99 1 R
8 166 1 R
58 97 1 R
20 228 1 R
171 190 1 R
156 235 1 R
36 177 1 R
193 315 1 R
100 305 1 R
221 289 1 R
72 295 1 R
20 161 1 R
106 269 1 R
222 253 1 R
8 17 1 R
92 322 1 R
26 41 1 R
89 249 1 R
10 246 1 R
224 311 1 R
159 215 1 R
89 265 1 R
74 287 1 R
280 283 1 R
2 182 1 R
46 140 1 R
169 315 1 R
55 281 1 R
222 327 1 R
253 300 1 R
7 321 1 R
137 161 1 R
137 221 1 R
113 307 1 R
20 70 1 R
159 160 1 R
224 310 1 R
63 158 1 R
143 259 1 R
249 328 1 R
111 223 1 R
242 302 1 R
33 283 1 R
241 321 1 R
64 169 1 R
62 245 1 R
8 119 1 R
156 187 1 R
99 167 1 R
18 74 1 R
23 325 1 R
179 246 1 R
106 292 1 R
131 134 1 R
36 293 1 R
230 234 1 R
94 259 1 R
92 216 1 R
22 144 1 R
228 316 1 R
275 331 1 R
45 118 1 R
179 218 1 R
192 329 1 R
13 272 1 R
234 239 1 R
314 329 1 R
150 157 1 R
261 300 1 R
146 211 1 R
4 162 1 R
19 311 1 R
259 302 1 R
31 211 1 R
55 306 1 R
107 146 1 R
164 225 1 R
60 174 1 R
239 275 1 R
59 234 1 R
39 198 1 R
236 306 1 R
135 189 1 R
54 306 1 R
186 306 1 R
199 249 1 R
243 312 1 R
81 85 1 R
113 268 1 R
280 306 1 R
117 248 1 R
9 102 1 R
237 309 1 R
90 291 1 R
48 221 1 R
60 206 1 R
36 128 1 R
132 324 1 R
17 286 1 R
35 71 1 R
5 169 1 R
43 46 1 R
113 182 1 R
206 329 1 R
17 227 1 R
61 304 1 R
73 113 1 R
24 236 1 R
7 137 1 R
72 191 1 R
13 262 1 R
214 287 1 R
48 233 1 R
203 294 1 R
45 301 1 R
41 158 1 R
8 294 1 R
137 316 1 R
97 252 1 R
154 300 1 R
221 323 1 R
207 317 1 R
172 224 1 R
115 129 1 R
92 178 1 R
41 42 1 R
165 200 1 R
47 252 1 R
118 187 1 R
13 317 1 R
262 308 1 R
57 275 1 R
298 313 1 R
61 120 1 R
237 296 1 R
66 109 1 R
201 256 1 R
177 218 1 R
22 301 1 R
91 126 1 R
82 253 1 R
140 220 1 R
255 269 1 R
210 260 1 R
316 319 1 R
60 312 1 R
34 329 1 R
260 309 1 R
69 310 1 R
179 239 1 R
52 122 1 R
104 329 1 R
227 309 1 R
279 295 1 R
229 253 1 R
55 260 1 R
47 289 1 R
132 294 1 R
167 286 1 R
82 317 1 R
149 174 1 R
60 188 1 R
93 223 1 R
92 228 1 R
97 229 1 R
10 218 1 R
286 321 1 R
44 173 1 R
45 216 1 R
127 292 1 R
42 208 1 R
4 313 1 R
86 321 1 R
39 319 1 R
216 265 1 R
4 78 1 R
98 147 1 R
55 72 1 R
43 167 1 R
105 211 1 R
131 309 1 R
282 321 1 R
32 120 1 R
34 162 1 R
129 263 1 R
161 178 1 R
59 199 1 R
118 120 1 R
60 211 1 R
127 161 1 R
65 266 1 R
21 236 1 R
19 281 1 R
27 102 1 R
275 312 1 R
55 192 1 R
50 257 1 R
263 299 1 R
45 295 1 R
79 211 1 R
107 237 1 R
296 317 1 R
6 73 1 R
80 255 1 R
38 279 1 R
233 281 1 R
17 143 1 R
235 297 1 R
3 110 1 R
39 294 1 R
134 253 1 R
2 194 1 R
182 308 1 R
16 129 1 R
173 261 1 R
96 250 1 R
83 130 1 R
13 225 1 R
140 239 1 R
96 228 1 R
120 277 1 R
16 45 1 R
45 300 1 R
48 115 1 R
95 98 1 R
19 244 1 R
67 254 1 R
243 278 1 R
64 193 1 R
81 294 1 R
25 124 1 R
9 319 1 R
37 141 1 R
22 305 1 R
149 209 1 R
141 156 1 R
72 293 1 R
210 311 1 R
135 267 1 R
164 226 1 R
109 156 1 R
25 299 1 R
18 35 1 R
186 305 1 R
120 146 1 R
39 185 1 R
278 302 1 R
13 215 1 R
148 176 1 R
135 225 1 R
45 156 1 R
123 223 1 R
140 246 1 R
73 126 1 R
91 241 1 R
161 320 1 R
33 248 1 R
300 326 1 R
54 249 1 R
11 134 1 R
116 251 1 R
116 219 1 R
98 254 1 R
22 113 1 R
224 236 1 R
64 201 1 R
2 124 1 R
103 106 1 R
170 314 1 R
145 293 1 R
236 274 1 R
26 141 1 R
244 301 1 R
166 326 1 R
126 306 1 R
36 123 1 R
108 302 1 R
10 176 1 R
313 321 1 R
260 289 1 R
233 275 1 R
64 293 1 R
170 251 1 R
11 267 1 R
132 201 1 R
263 310 1 R
31 239 1 R
226 276 1 R
94 179 1 R
71 264 1 R
67 275 1 R
41 273 1 R
98 258 1 R
159 171 1 R
72 170 1 R
214 285 1 R
121 130 1 R
54 301 1 R
125 287 1 R
85 171 1 R
20 86 1 R
2 297 1 R
49 258 1 R
188 191 1 R
14 232 1 R
82 215 1 R
31 176 1 R
18 77 1 R
49 143 1 R
62 105 1 R
13 152 1 R
92 221 1 R
45 94 1 R
124 154 1 R
46 249 1 R
293 315 1 R
92 190 1 R
50 243 1 R
19 57 1 R
212 220 1 R
139 320 1 R
2 58 1 R
37 192 1 R
182 293 1 R
42 100 1 R
98 185 1 R
88 173 1 R
152 162 1 R
27 277 1 R
177 283 1 R
139 176 1 R
273 274 1 R
92 329 1 R
91 281 1 R
156 248 1 R
94 224 1 R
119 252 1 R
289 329 1 R
173 285 1 R
104 139 1 R
164 208 1 R
101 285 1 R
92 134 1 R
276 330 1 R
100 142 1 R
174 231 1 R
72 203 1 R
139 260 1 R
102 250 1 R
10 145 1 R
214 269 1 R
91 138 1 R
168 274 1 R
195 236 1 R
66 280 1 R
2 179 1 R
214 277 1 R
152 212 1 R
243 301 1 R
183 282 1 R
104 118 1 R
106 130 1 R
98 102 1 R
40 222 1 R
213 241 1 R
64 282 1 R
194 320 1 R
32 155 1 R
179 208 1 R
215 291 1 R
75 227 1 R
33 51 1 R
118 328 1 R
59 88 1 R
120 304 1 R
243 304 1 R
43 228 1 R
10 51 1 R
152 224 1 R
85 101 1 R
86 155 1 R
72 290 1 R
127 148 1 R
73 208 1 R
25 267 1 R
47 84 1 R
124 330 1 R
79 98 1 R
74 157 1 R
180 183 1 R
70 330 1 R
227 257 1 R
51 119 1 R
301 325 1 R
207 270 1 R
100 155 1 R
228 260 1 R
28 327 1 R
53 321 1 R
189 214 1 R
88 246 1 R
19 297 1 R
238 300 1 R
103 110 1 R
190 290 1 R
255 313 1 R
91 261 1 R
56 293 1 R
26 307 1 R
16 277 1 R
92 278 1 R
299 323 1 R
263 308 1 R
96 119 1 R
78 148 1 R
84 246 1 R
260 264 1 R
72 317 1 R
115 260 1 R
157 224 1 R
102 318 1 R
15 56 1 R
11 96 1 R
39 295 1 R
82 300 1 R
19 64 1 R
153 187 1 R
8 144 1 R
133 287 1 R
264 280 1 R
64 173 1 R
48 72 1 R
97 134 1 R
234 309 1 R
272 302 1 R
90 320 1 R
179 192 1 R
283 315 1 R
125 258 1 R
195 208 1 R
285 310 1 R
118 271 1 R
151 302 1 R
95 199 1 R
41 188 1 R
186 297 1 R
79 197 1 R
56 303 1 R
186 196 1 R
148 172 1 R
289 310 1 R
110 117 1 R
114 236 1 R
52 217 1 R
116 138 1 R
35 278 1 R
58 144 1 R
7 107 1 R
158 255 1 R
143 251 1 R
107 120 1 R
61 213 1 R
88 320 1 R
229 325 1 R
164 263 1 R
15 223 1 R
115 142 1 R
69 219 1 R
130 146 1 R
5 37 1 R
103 268 1 R
252 277 1 R
84 272 1 R
20 162 1 R
168 282 1 R
27 257 1 R
267 304 1 R
29 259 1 R
141 186 1 R
32 177 1 R
39 230 1 R
23 137 1 R
191 275 1 R
35 123 1 R
30 180 1 R
16 221 1 R
247 282 1 R
162 231 1 R
193 331 1 R
118 169 1 R
186 269 1 R
8 90 1 R
17 105 1 R
232 258 1 R
28 117 1 R
121 252 1 R
25 48 1 R
43 112 1 R
111 227 1 R
105 205 1 R
6 99 1 R
218 226 1 R
41 309 1 R
82 240 1 R
105 274 1 R
285 298 1 R
168 214 1 R
107 145 1 R
2 188 1 R
43 305 1 R
106 110 1 R
180 285 1 R
14 25 1 R
191 263 1 R
116 318 1 R
246 247 1 R
10 29 1 R
13 178 1 R
7 252 1 R
72 91 1 R
86 95 1 R
310 311 1 R
181 182 1 R
110 210 1 R
80 130 1 R
126 291 1 R
57 113 1 R
162 233 1 R
170 316 1 R
37 303 1 R
43 79 1 R
38 257 1 R
74 271 1 R
106 247 1 R
3 264 1 R
9 98 1 R
139 304 1 R
100 213 1 R
72 184 1 R
18 278 1 R
38 253 1 R
29 84 1 R
51 264 1 R
40 279 1 R
3 22 1 R
123 167 1 R
115 186 1 R
45 313 1 R
80 300 1 R
12 52 1 R
16 238 1 R
110 234 1 R
202 308 1 R
130 274 1 R
46 156 1 R
95 152 1 R
122 130 1 R
4 19 1 R
7 254 1 R
148 277 1 R
294 327 1 R
93 99 1 R
96 142 1 R
204 241 1 R
23 160 1 R
64 219 1 R
283 295 1 R
87 207 1 R
197 331 1 R
52 315 1 R
188 230 1 R
124 137 1 R
17 308 1 R
11 242 1 R
8 26 1 R
84 273 1 R
229 277 1 R
78 131 1 R
46 71 1 R
69 100 1 R
73 103 1 R
229 315 1 R
245 317 1 R
65 311 1 R
185 224 1 R
8 304 1 R
24 51 1 R
117 289 1 R
269 291 1 R
17 295 1 R
120 210 1 R
36 235 1 R
140 258 1 R
131 176 1 R
282 304 1 R
7 202 1 R
21 132 1 R
164 305 1 R
91 320 1 R
130 184 1 R
245 319 1 R
31 200 1 R
39 160 1 R
38 244 1 R
19 190 1 R
310 328 1 R
141 201 1 R
49 96 1 R
25 66 1 R
156 258 1 R
59 216 1 R
119 309 1 R
154 246 1 R
107 290 1 R
304 309 1 R
247 277 1 R
105 236 1 R
49 105 1 R
23 307 1 R
27 248 1 R
128 163 1 R
55 118 1 R
156 287 1 R
106 207 1 R
70 126 1 R
194 237 1 R
89 223 1 R
87 177 1 R
39 147 1 R
2 316 1 R
48 281 1 R
192 310 1 R
127 208 1 R
33 85 1 R
47 180 1 R
231 287 1 R
4 200 1 R
5 57 1 R
99 227 1 R
45 315 1 R
217 260 1 R
194 229 1 R
122 291 1 R
148 233 1 R
203 312 1 R
225 328 1 R
43 56 1 R
14 107 1 R
104 327 1 R
96 152 1 R
43 309 1 R
123 213 1 R
52 270 1 R
111 147 1 R
177 237 1 R
244 330 1 R
234 263 1 R
15 59 1 R
17 219 1 R
62 149 1 R
46 312 1 R
59 185 1 R
145 239 1 R
46 55 1 R
146 223 1 R
21 243 1 R
92 167 1 R
47 324 1 R
32 119 1 R
157 166 1 R
145 270 1 R
150 247 1 R
49 161 1 R
27 154 1 R
62 151 1 R
173 182 1 R
46 197 1 R
2 171 1 R
55 278 1 R
36 61 1 R
223 306 1 R
156 256 1 R
102 174 1 R
194 267 1 R
191 293 1 R
106 244 1 R
61 176 1 R
272 292 1 R
49 234 1 R
90 305 1 R
241 268 1 R
87 241 1 R
177 204 1 R
127 228 1 R
58 301 1 R
142 292 1 R
184 275 1 R
250 277 1 R
118 282 1 R
96 234 1 R
96 262 1 R
51 174 1 R
122 262 1 R
28 213 1 R
213 328 1 R
47 212 1 R
220 228 1 R
106 237 1 R
78 224 1 R
26 221 1 R
105 147 1 R
63 206 1 R
117 326 1 R
55 167 1 R
61 294 1 R
87 253 1 R
30 63 1 R
45 207 1 R
299 301 1 R
73 218 1 R
146 147 1 R
83 193 1 R
107 318 1 R
24 148 1 R
53 231 1 R
226 244 1 R
216 269 1 R
198 293 1 R
234 324 1 R
104 135 1 R
41 102 1 R
56 131 1 R
305 309 1 R
271 317 1 R
60 163 1 R
98 328 1 R
102 244 1 R
139 330 1 R
267 311 1 R
215 320 1 R
152 250 1 R
99 275 1 R
58 156 1 R
221 290 1 R
49 281 1 R
39 51 1 R
119 120 1 R
175 248 1 R
240 312 1 R
129 324 1 R
65 229 1 R
162 267 1 R
28 203 1 R
6 197 1 R
130 241 1 R
172 318 1 R
45 302 1 R
90 242 1 R
16 38 1 R
216 262 1 R
239 294 1 R
27 168 1 R
20 186 1 R
43 101 1 R
264 277 1 R
69 288 1 R
199 244 1 R
28 172 1 R
84 199 1 R
213 324 1 R
81 316 1 R
73 231 1 R
69 287 1 R
161 283 1 R
53 57 1 R
71 144 1 R
95 251 1 R
65 180 1 R
6 53 1 R
149 160 1 R
166 271 1 R
87 278 1 R
129 312 1 R
20 116 1 R
80 87 1 R
2 95 1 R
54 212 1 R
55 190 1 R
43 175 1 R
115 208 1 R
98 191 1 R
39 55 1 R
78 260 1 R
43 63 1 R
21 306 1 R
70 191 1 R
171 303 1 R
91 100 1 R
170 187 1 R
185 280 1 R
88 175 1 R
98 232 1 R
115 144 1 R
175 318 1 R
46 199 1 R
74 230 1 R
16 285 1 R
202 323 1 R
231 281 1 R
131 234 1 R
15 134 1 R
208 303 1 R
71 195 1 R
146 152 1 R
93 172 1 R
26 220 1 R
165 215 1 R
185 284 1 R
129 244 1 R
53 250 1 R
9 154 1 R
153 225 1 R
115 170 1 R
65 303 1 R
95 285 1 R
146 230 1 R
69 226 1 R
76 199 1 R
151 264 1 R
122 243 1 R
304 308 1 R
31 330 1 R
10 124 1 R
5 246 1 R
75 207 1 R
105 137 1 R
25 272 1 R
37 246 1 R
179 202 1 R
57 117 1 R
105 123 1 R
174 315 1 R
23 293 1 R
103 241 1 R
71 80 1 R
205 223 1 R
269 318 1 R
34 327 1 R
156 269 1 R
70 248 1 R
72 172 1 R
135 228 1 R
83 119 1 R
287 313 1 R
271 312 1 R
35 92 1 R
102 273 1 R
7 51 1 R
48 97 1 R
77 111 1 R
71 198 1 R
43 102 1 R
61 198 1 R
57 303 1 R
11 260 1 R
187 234 1 R
56 280 1 R
68 99 1 R
130 258 1 R
47 146 1 R
119 207 1 R
140 273 1 R
145 165 1 R
105 217 1 R
149 172 1 R
20 300 1 R
47 320 1 R
94 171 1 R
150 242 1 R
33 154 1 R
71 177 1 R
131 202 1 R
174 319 1 R
281 314 1 R
100 207 1 R
59 304 1 R
317 322 1 R
122 218 1 R
80 204 1 R
50 229 1 R
52 207 1 R
56 85 1 R
103 134 1 R
115 172 1 R
57 241 1 R
57 185 1 R
15 55 1 R
26 247 1 R
196 205 1 R
107 236 1 R
201 305 1 R
153 310 1 R
40 247 1 R
2 130 1 R
19 153 1 R
93 143 1 R
19 113 1 R
155 235 1 R
81 234 1 R
47 239 1 R
52 174 1 R
71 324 1 R
129 247 1 R
41 222 1 R
28 95 1 R
72 73 1 R
127 268 1 R
147 286 1 R
50 277 1 R
111 224 1 R
52 172 1 R
58 178 1 R
64 65 1 R
120 279 1 R
15 183 1 R
12 219 1 R
139 262 1 R
197 270 1 R
43 159 1 R
149 224 1 R
65 79 1 R
45 51 1 R
142 236 1 R
44 301 1 R
132 228 1 R
135 243 1 R
94 264 1 R
178 294 1 R
18 68 1 R
41 263 1 R
108 253 1 R
314 328 1 R
237 311 1 R
195 308 1 R
33 217 1 R
12 277 1 R
148 273 1 R
283 323 1 R
109 323 1 R
50 188 1 R
153 206 1 R
20 159 1 R
208 281 1 R
115 284 1 R
213 260 1 R
17 283 1 R
30 230 1 R
164 182 1 R
73 129 1 R
90 280 1 R
234 321 1 R
73 162 1 R
53 183 1 R
102 186 1 R
215 303 1 R
244 322 1 R
25 105 1 R
25 286 1 R
3 164 1 R
10 85 1 R
259 260 1 R
198 282 1 R
66 197 1 R
117 181 1 R
292 330 1 R
80 314 1 R
216 293 1 R
102 233 1 R
50 205 1 R
137 176 1 R
28 233 1 R
240 261 1 R
2 145 1 R
99 133 1 R
18 137 1 R
128 263 1 R
46 216 1 R
18 86 1 R
104 205 1 R
96 264 1 R
97 262 1 R
101 212 1 R
6 61 1 R
63 260 1 R
180 274 1 R
299 324 1 R
128 217 1 R
232 306 1 R
258 296 1 R
114 127 1 R
188 202 1 R
74 187 1 R
59 266 1 R
29 248 1 R
129 163 1 R
23 90 1 R
35 242 1 R
16 203 1 R
130 262 1 R
5 62 1 R
85 93 1 R
31 120 1 R
289 290 1 R
284 313 1 R
163 223 1 R
97 123 1 R
47 304 1 R
139 263 1 R
53 197 1 R
177 181 1 R
56 102 1 R
153 253 1 R
48 194 1 R
125 183 1 R
14 289 1 R
56 137 1 R
126 153 1 R
238 268 1 R
77 151 1 R
57 216 1 R
116 186 1 R
56 243 1 R
174 283 1 R
146 260 1 R
203 252 1 R
64 276 1 R
99 128 1 R
138 144 1 R
48 144 1 R
40 291 1 R
231 311 1 R
189 325 1 R
24 240 1 R
50 177 1 R
77 260 1 R
65 302 1 R
66 130 1 R
54 167 1 R
78 266 1 R
184 192 1 R
180 211 1 R
230 288 1 R
181 247 1 R
209 286 1 R
258 267 1 R
187 227 1 R
11 50 1 R
149 187 1 R
145 152 1 R
22 163 1 R
9 20 1 R
89 330 1 R
3 207 1 R
235 248 1 R
87 170 1 R
143 161 1 R
199 309 1 R
205 208 1 R
204 209 1 R
49 115 1 R
115 243 1 R
174 329 1 R
248 279 1 R
42 146 1 R
5 84 1 R
10 93 1 R
257 321 1 R
52 211 1 R
123 175 1 R
6 100 1 R
110 289 1 R
244 318 1 R
230 279 1 R
204 277 1 R
123 197 1 R
9 13 1 R
58 213 1 R
158 202 1 R
15 291 1 R
72 144 1 R
140 166 1 R
199 260 1 R
118 158 1 R
157 204 1 R
67 223 1 R
71 100 1 R
14 234 1 R
16 240 1 R
288 301 1 R
77 282 1 R
196 280 1 R
34 310 1 R
52 240 1 R
177 224 1 R
17 205 1 R
135 137 1 R
28 260 1 R
28 186 1 R
30 56 1 R
254 268 1 R
139 255 1 R
223 271 1 R
95 263 1 R
53 217 1 R
28 263 1 R
76 248 1 R
47 275 1 R
46 267 1 R
58 319 1 R
60 145 1 R
196 288 1 R
41 295 1 R
179 216 1 R
101 249 1 R
99 330 1 R
9 151 1 R
41 163 1 R
41 267 1 R
94 157 1 R
93 211 1 R
56 140 1 R
156 266 1 R
23 195 1 R
124 209 1 R
32 160 1 R
48 114 1 R
250 268 1 R
38 123 1 R
199 206 1 R
13 273 1 R
91 174 1 R
95 157 1 R
24 294 1 R
27 60 1 R
61 206 1 R
7 322 1 R
135 149 1 R
56 305 1 R
212 304 1 R
115 175 1 R
10 185 1 R
135 296 1 R
24 184 1 R
23 250 1 R
293 328 1 R
110 179 1 R
25 237 1 R
57 167 1 R
17 188 1 R
37 189 1 R
43 281 1 R
33 267 1 R
233 278 1 R
5 127 1 R
91 180 1 R
15 306 1 R
193 208 1 R
30 94 1 R
76 179 1 R
49 180 1 R
98 132 1 R
6 123 1 R
208 315 1 R
148 159 1 R
83 121 1 R
181 240 1 R
232 243 1 R
43 70 1 R
104 180 1 R
40 281 1 R
112 267 1 R
207 263 1 R
117 211 1 R
34 198 1 R
249 310 1 R
205 229 1 R
17 294 1 R
18 78 1 R
237 275 1 R
297 320 1 R
204 240 1 R
70 215 1 R
205 274 1 R
104 275 1 R
17 38 1 R
2 165 1 R
225 246 1 R
201 224 1 R
198 266 1 R
74 102 1 R
237 325 1 R
72 179 1 R
267 305 1 R
147 230 1 R
135 331 1 R
157 191 1 R
36 179 1 R
102 277 1 R
30 253 1 R
91 164 1 R
44 328 1 R
184 321 1 R
76 331 1 R
36 45 1 R
131 213 1 R
96 215 1 R
42 67 1 R
38 151 1 R
27 293 1 R
9 250 1 R
121 293 1 R
133 137 1 R
187 289 1 R
27 273 1 R
109 328 1 R
17 263 1 R
121 211 1 R
45 164 1 R
59 165 1 R
97 153 1 R
51 202 1 R
143 276 1 R
159 279 1 R
142 252 1 R
92 164 1 R
177 266 1 R
177 249 1 R
260 321 1 R
175 203 1 R
43 249 1 R
3 239 1 R
112 269 1 R
28 168 1 R
137 151 1 R
70 329 1 R
189 308 1 R
47 110 1 R
2 136 1 R
106 279 1 R
8 290 1 R
88 90 1 R
16 279 1 R
40 263 1 R
96 192 1 R
104 176 1 R
42 267 1 R
28 45 1 R
195 280 1 R
147 238 1 R
58 191 1 R
70 84 1 R
100 270 1 R
47 277 1 R
224 268 1 R
81 321 1 R
109 181 1 R
180 228 1 R
5 93 1 R
52 167 1 R
65 142 1 R
108 325 1 R
116 213 1 R
149 225 1 R
23 116 1 R
15 18 1 R
184 295 1 R
45 131 1 R
12 174 1 R
36 94 1 R
203 234 1 R
27 165 1 R
24 99 1 R
263 270 1 R
4 149 1 R
220 255 1 R
44 141 1 R
37 101 1 R
9 101 1 R
117 250 1 R
55 125 1 R
197 243 1 R
215 296 1 R
7 324 1 R
175 254 1 R
160 164 1 R
54 219 1 R
30 170 1 R
57 191 1 R
251 310 1 R
75 209 1 R
286 323 1 R
246 297 1 R
58 199 1 R
89 168 1 R
265 283 1 R
42 85 1 R
95 103 1 R
258 312 1 R
114 330 1 R
41 251 1 R
146 177 1 R
30 42 1 R
92 294 1 R
107 261 1 R
226 227 1 R
84 314 1 R
98 146 1 R
50 312 1 R
299 306 1 R
258 298 1 R
137 254 1 R
123 228 1 R
46 316 1 R
69 148 1 R
66 167 1 R
137 325 1 R
112 236 1 R
191 213 1 R
56 96 1 R
171 204 1 R
28 256 1 R
234 238 1 R
110 319 1 R
8 185 1 R
123 195 1 R
212 264 1 R
81 256 1 R
253 315 1 R
57 292 1 R
193 200 1 R
204 299 1 R
248 309 1 R
50 85 1 R
34 98 1 R
51 103 1 R
324 329 1 R
142 330 1 R
145 207 1 R
63 182 1 R
84 260 1 R
7 92 1 R
11 234 1 R
59 172 1 R
28 134 1 R
103 151 1 R
126 264 1 R
131 214 1 R
37 180 1 R
72 134 1 R
109 173 1 R
194 301 1 R
223 309 1 R
220 271 1 R
68 325 1 R
33 172 1 R
138 230 1 R
46 93 1 R
42 310 1 R
143 147 1 R
120 309 1 R
204 216 1 R
107 186 1 R
64 224 1 R
71 110 1 R
91 129 1 R
220 299 1 R
86 88 1 R
251 270 1 R
150 329 1 R
308 331 1 R
9 186 1 R
139 146 1 R
101 293 1 R
229 240 1 R
31 59 1 R
21 269 1 R
137 329 1 R
246 309 1 R
27 48 1 R
38 52 1 R
34 244 1 R
32 35 1 R
207 271 1 R
191 286 1 R
169 235 1 R
204 247 1 R
26 132 1 R
10 299 1 R
29 92 1 R
118 264 1 R
189 238 1 R
44 138 1 R
24 287 1 R
25 27 1 R
75 149 1 R
205 224 1 R
228 271 1 R
54 309 1 R
23 43 1 R
152 307 1 R
187 195 1 R
222 224 1 R
158 290 1 R
180 281 1 R
9 110 1 R
113 179 1 R
36 323 1 R
90 146 1 R
149 303 1 R
121 246 1 R
36 299 1 R
79 310 1 R
155 238 1 R
66 133 1 R
153 305 1 R
107 286 1 R
35 85 1 R
212 312 1 R
187 240 1 R
10 114 1 R
187 321 1 R
3 145 1 R
222 244 1 R
52 93 1 R
59 144 1 R
6 289 1 R
164 212 1 R
15 170 1 R
120 233 1 R
159 211 1 R
70 238 1 R
272 320 1 R
214 289 1 R
18 49 1 R
57 289 1 R
58 231 1 R
22 319 1 R
165 252 1 R
130 170 1 R
40 65 1 R
87 268 1 R
18 324 1 R
65 328 1 R
236 278 1 R
83 323 1 R
32 294 1 R
134 177 1 R
47 322 1 R
6 313 1 R
269 323 1 R
115 123 1 R
54 176 1 R
158 222 1 R
22 64 1 R
65 235 1 R
151 217 1 R
130 224 1 R
35 218 1 R
5 177 1 R
61 109 1 R
77 136 1 R
116 166 1 R
206 324 1 R
168 255 1 R
212 316 1 R
33 195 1 R
170 230 1 R
160 176 1 R
22 244 1 R
190 237 1 R
34 107 1 R
64 233 1 R
3 209 1 R
209 284 1 R
103 288 1 R
12 316 1 R
13 101 1 R
214 241 1 R
73 289 1 R
310 313 1 R
11 138 1 R
118 251 1 R
2 320 1 R
188 218 1 R
135 283 1 R
89 300 1 R
77 92 1 R
28 67 1 R
134 135 1 R
101 202 1 R
51 191 1 R
118 266 1 R
295 306 1 R
80 118 1 R
115 200 1 R
183 228 1 R
19 276 1 R
92 240 1 R
137 175 1 R
188 209 1 R
298 299 1 R
134 217 1 R
316 325 1 R
227 233 1 R
9 247 1 R
4 29 1 R
4 58 1 R
112 305 1 R
285 325 1 R
165 206 1 R
89 226 1 R
97 122 1 R
24 323 1 R
174 207 1 R
177 330 1 R
103 190 1 R
38 66 1 R
3 321 1 R
50 65 1 R
222 323 1 R
172 284 1 R
25 31 1 R
67 186 1 R
196 246 1 R
82 233 1 R
67 288 1 R
243 297 1 R
238 317 1 R
98 208 1 R
77 328 1 R
213 221 1 R
274 299 1 R
2 89 1 R
111 266 1 R
46 181 1 R
32 154 1 R
80 246 1 R
95 195 1 R
188 327 1 R
63 157 1 R
143 282 1 R
26 34 1 R
142 271 1 R
140 240 1 R
232 310 1 R
165 169 1 R
127 263 1 R
24 161 1 R
102 274 1 R
74 85 1 R
128 246 1 R
134 163 1 R
41 58 1 R
144 246 1 R
174 175 1 R
256 329 1 R
36 321 1 R
80 244 1 R
165 320 1 R
76 146 1 R
179 310 1 R
124 150 1 R
6 250 1 R
3 160 1 R
58 133 1 R
18 299 1 R
186 302 1 R
97 130 1 R
32 197 1 R
23 115 1 R
66 134 1 R
64 259 1 R
71 221 1 R
4 45 1 R
177 256 1 R
30 220 1 R
30 316 1 R
44 47 1 R
128 165 1 R
2 82 1 R
89 139 1 R
167 275 1 R
288 299 1 R
1 2 16807 R
331 332 8403 O
331 333 8403 Y
331 334 8403 G
331 335 8403 B
331 336 8403 I
331 337 8403 V
