337 2397
220 247 1 R
39 208 1 R
185 302 1 R
8 184 1 R
28 151 1 R
180 241 1 R
113 154 1 R
216 277 1 R
33 72 1 R
181 259 1 R
9 221 1 R
104 327 1 R
196 262 1 R
57 248 1 R
182 325 1 R
218 267 1 R
84 282 1 R
280 329 1 R
223 306 1 R
35 139 1 R
4 317 1 R
140 176 1 R
13 86 1 R
30 102 1 R
47 272 1 R
148 166 1 R
31 288 1 R
59 190 1 R
76 99 1 R
127 171 1 R
45 112 1 R
90 291 1 R
3 66 1 R
115 122 1 R
258 267 1 R
161 319 1 R
107 142 1 R
68 247 1 R
40 109 1 R
247 327 1 R
121 326 1 R
267 276 1 R
143 299 1 R
45 110 1 R
234 249 1 R
49 172 1 R
51 262 1 R
114 172 1 R
160 192 1 R
55 246 1 R
35 215 1 R
117 310 1 R
29 234 1 R
62 298 1 R
113 280 1 R
120 311 1 R
82 172 1 R
19 279 1 R
155 198 1 R
126 296 1 R
104 132 1 R
199 253 1 R
57 317 1 R
14 93 1 R
233 241 1 R
154 312 1 R
73 298 1 R
49 120 1 R
208 265 1 R
59 102 1 R
14 175 1 R
38 304 1 R
108 285 1 R
156 222 1 R
127 295 1 R
128 175 1 R
64 92 1 R
45 266 1 R
112 200 1 R
10 296 1 R
21 189 1 R
232 322 1 R
11 100 1 R
114 161 1 R
54 129 1 R
128 131 1 R
181 198 1 R
209 268 1 R
228 283 1 R
39 46 1 R
166 188 1 R
28 69 1 R
159 310 1 R
29 212 1 R
81 216 1 R
268 296 1 R
17 151 1 R
90 328 1 R
6 269 1 R
217 302 1 R
25 262 1 R
87 123 1 R
102 147 1 R
71 206 1 R
182 226 1 R
106 248 1 R
189 307 1 R
72 131 1 R
156 214 1 R
39 216 1 R
14 168 1 R
218 288 1 R
40 308 1 R
203 219 1 R
34 208 1 R
196 245 1 R
256 296 1 R
251 288 1 R
126 301 1 R
30 120 1 R
29 82 1 R
19 176 1 R
38 90 1 R
160 200 1 R
244 321 1 R
149 279 1 R
124 194 1 R
10 315 1 R
100 172 1 R
272 290 1 R
141 288 1 R
69 238 1 R
206 302 1 R
114 310 1 R
185 198 1 R
161 167 1 R
76 268 1 R
43 269 1 R
88 195 1 R
8 98 1 R
56 205 1 R
203 248 1 R
224 295 1 R
167 239 1 R
34 234 1 R
153 172 1 R
140 148 1 R
66 80 1 R
69 177 1 R
133 197 1 R
52 199 1 R
84 283 1 R
36 56 1 R
191 206 1 R
120 280 1 R
65 91 1 R
113 205 1 R
318 331 1 R
135 202 1 R
29 316 1 R
234 237 1 R
130 202 1 R
187 241 1 R
80 185 1 R
20 184 1 R
70 101 1 R
39 151 1 R
132 322 1 R
56 118 1 R
36 293 1 R
17 100 1 R
177 323 1 R
227 253 1 R
147 287 1 R
115 305 1 R
94 230 1 R
101 144 1 R
27 297 1 R
168 198 1 R
8 260 1 R
126 310 1 R
35 66 1 R
162 272 1 R
5 159 1 R
20 294 1 R
180 253 1 R
218 289 1 R
18 226 1 R
160 275 1 R
218 316 1 R
180 249 1 R
38 44 1 R
95 155 1 R
47 163 1 R
170 187 1 R
64 317 1 R
138 313 1 R
95 152 1 R
111 234 1 R
93 327 1 R
95 249 1 R
113 146 1 R
45 209 1 R
49 304 1 R
201 331 1 R
201 277 1 R
2 239 1 R
76 104 1 R
143 276 1 R
88 235 1 R
39 328 1 R
18 113 1 R
69 278 1 R
247 267 1 R
102 258 1 R
55 61 1 R
73 120 1 R
60 251 1 R
98 268 1 R
47 314 1 R
83 254 1 R
187 305 1 R
100 264 1 R
321 326 1 R
48 229 1 R
16 303 1 R
136 191 1 R
194 201 1 R
203 243 1 R
6 183 1 R
112 131 1 R
88 125 1 R
163 279 1 R
66 272 1 R
41 108 1 R
56 243 1 R
148 237 1 R
144 162 1 R
12 106 1 R
205 230 1 R
33 46 1 R
139 263 1 R
79 303 1 R
53 258 1 R
156 251 1 R
171 190 1 R
227 281 1 R
4 239 1 R
143 305 1 R
74 295 1 R
17 131 1 R
125 295 1 R
27 290 1 R
47 110 1 R
85 92 1 R
167 236 1 R
201 272 1 R
25 220 1 R
168 271 1 R
160 320 1 R
173 184 1 R
55 316 1 R
239 329 1 R
242 267 1 R
55 209 1 R
152 178 1 R
288 301 1 R
12 280 1 R
88 208 1 R
203 322 1 R
109 247 1 R
66 111 1 R
5 319 1 R
97 239 1 R
111 161 1 R
210 315 1 R
93 199 1 R
159 294 1 R
94 138 1 R
13 219 1 R
92 269 1 R
38 209 1 R
22 116 1 R
133 296 1 R
56 80 1 R
3 72 1 R
220 222 1 R
14 71 1 R
120 124 1 R
49 184 1 R
104 325 1 R
40 141 1 R
47 91 1 R
218 226 1 R
14 267 1 R
116 298 1 R
171 178 1 R
231 292 1 R
113 153 1 R
35 90 1 R
154 224 1 R
65 115 1 R
118 224 1 R
104 300 1 R
154 219 1 R
213 303 1 R
72 101 1 R
168 201 1 R
182 215 1 R
157 285 1 R
77 110 1 R
78 216 1 R
44 297 1 R
289 301 1 R
87 121 1 R
38 73 1 R
183 317 1 R
144 286 1 R
235 274 1 R
50 207 1 R
88 268 1 R
45 302 1 R
168 202 1 R
279 329 1 R
29 91 1 R
158 289 1 R
50 161 1 R
96 135 1 R
231 311 1 R
193 327 1 R
154 235 1 R
258 297 1 R
214 283 1 R
172 220 1 R
124 232 1 R
7 216 1 R
19 129 1 R
139 161 1 R
3 278 1 R
68 142 1 R
288 319 1 R
70 252 1 R
2 40 1 R
263 305 1 R
180 240 1 R
311 327 1 R
41 197 1 R
153 315 1 R
102 188 1 R
201 248 1 R
95 217 1 R
53 236 1 R
180 319 1 R
108 271 1 R
115 195 1 R
151 277 1 R
59 179 1 R
283 318 1 R
145 153 1 R
203 278 1 R
60 201 1 R
33 94 1 R
56 275 1 R
116 327 1 R
114 119 1 R
113 220 1 R
96 260 1 R
22 258 1 R
164 235 1 R
19 33 1 R
118 238 1 R
165 271 1 R
217 248 1 R
142 224 1 R
141 317 1 R
181 320 1 R
84 240 1 R
176 321 1 R
214 267 1 R
7 103 1 R
25 72 1 R
192 326 1 R
198 241 1 R
79 270 1 R
51 240 1 R
41 322 1 R
146 175 1 R
121 171 1 R
56 262 1 R
77 310 1 R
17 317 1 R
85 195 1 R
160 170 1 R
18 216 1 R
187 279 1 R
200 208 1 R
225 315 1 R
31 232 1 R
10 64 1 R
146 267 1 R
104 209 1 R
5 59 1 R
247 318 1 R
222 287 1 R
43 90 1 R
31 68 1 R
28 139 1 R
65 269 1 R
80 166 1 R
105 120 1 R
48 161 1 R
4 257 1 R
184 216 1 R
235 328 1 R
263 284 1 R
130 185 1 R
36 107 1 R
91 159 1 R
49 229 1 R
139 237 1 R
74 163 1 R
147 181 1 R
6 237 1 R
30 34 1 R
82 211 1 R
165 212 1 R
259 264 1 R
66 295 1 R
153 163 1 R
237 254 1 R
32 150 1 R
70 160 1 R
105 299 1 R
172 295 1 R
83 142 1 R
15 123 1 R
158 313 1 R
105 174 1 R
71 227 1 R
149 308 1 R
248 320 1 R
151 172 1 R
75 83 1 R
282 318 1 R
137 317 1 R
207 284 1 R
146 163 1 R
22 154 1 R
81 133 1 R
37 175 1 R
158 216 1 R
57 295 1 R
61 263 1 R
70 262 1 R
241 293 1 R
121 222 1 R
92 253 1 R
297 300 1 R
216 326 1 R
7 274 1 R
235 329 1 R
161 243 1 R
105 243 1 R
32 40 1 R
96 324 1 R
125 160 1 R
62 219 1 R
52 56 1 R
42 189 1 R
190 202 1 R
158 196 1 R
51 184 1 R
31 45 1 R
280 294 1 R
30 263 1 R
121 251 1 R
18 201 1 R
188 278 1 R
243 297 1 R
149 221 1 R
250 258 1 R
245 255 1 R
9 95 1 R
39 237 1 R
44 269 1 R
299 304 1 R
74 291 1 R
173 208 1 R
88 172 1 R
269 328 1 R
87 184 1 R
96 284 1 R
95 213 1 R
138 236 1 R
116 290 1 R
146 250 1 R
275 307 1 R
10 237 1 R
4 295 1 R
48 182 1 R
20 311 1 R
70 188 1 R
150 310 1 R
270 276 1 R
6 203 1 R
106 240 1 R
62 79 1 R
44 216 1 R
202 289 1 R
61 270 1 R
157 268 1 R
20 328 1 R
104 286 1 R
33 49 1 R
23 33 1 R
82 196 1 R
65 257 1 R
40 101 1 R
142 261 1 R
289 311 1 R
8 102 1 R
196 297 1 R
239 281 1 R
18 28 1 R
67 237 1 R
59 191 1 R
60 329 1 R
43 78 1 R
192 302 1 R
163 216 1 R
80 164 1 R
62 256 1 R
27 224 1 R
167 262 1 R
54 214 1 R
145 249 1 R
247 274 1 R
87 331 1 R
112 129 1 R
61 330 1 R
195 228 1 R
168 289 1 R
20 320 1 R
36 329 1 R
140 167 1 R
70 114 1 R
124 302 1 R
20 165 1 R
34 99 1 R
22 31 1 R
257 285 1 R
209 301 1 R
247 319 1 R
215 260 1 R
63 86 1 R
62 310 1 R
156 181 1 R
293 306 1 R
103 296 1 R
132 158 1 R
105 313 1 R
101 169 1 R
114 273 1 R
138 311 1 R
54 116 1 R
128 196 1 R
7 229 1 R
69 202 1 R
18 258 1 R
296 302 1 R
73 295 1 R
13 227 1 R
32 237 1 R
113 178 1 R
66 283 1 R
221 277 1 R
9 156 1 R
134 190 1 R
132 193 1 R
22 253 1 R
101 189 1 R
108 306 1 R
141 249 1 R
30 290 1 R
47 52 1 R
54 182 1 R
164 224 1 R
91 191 1 R
63 191 1 R
73 152 1 R
121 174 1 R
17 309 1 R
64 132 1 R
27 291 1 R
7 249 1 R
8 16 1 R
185 241 1 R
12 46 1 R
65 165 1 R
20 106 1 R
80 291 1 R
28 84 1 R
61 140 1 R
98 184 1 R
225 267 1 R
26 90 1 R
52 286 1 R
29 51 1 R
142 166 1 R
124 165 1 R
14 34 1 R
56 120 1 R
99 322 1 R
115 287 1 R
46 289 1 R
21 260 1 R
22 211 1 R
25 267 1 R
259 325 1 R
262 315 1 R
25 50 1 R
115 168 1 R
286 289 1 R
66 125 1 R
59 221 1 R
99 119 1 R
10 90 1 R
27 173 1 R
212 213 1 R
150 253 1 R
91 108 1 R
75 178 1 R
53 97 1 R
55 69 1 R
191 224 1 R
97 312 1 R
76 107 1 R
55 317 1 R
188 298 1 R
202 290 1 R
11 105 1 R
138 209 1 R
159 169 1 R
287 307 1 R
268 290 1 R
139 168 1 R
144 329 1 R
274 300 1 R
118 300 1 R
52 129 1 R
126 280 1 R
135 309 1 R
77 282 1 R
106 260 1 R
101 178 1 R
281 296 1 R
89 310 1 R
25 125 1 R
241 304 1 R
42 167 1 R
123 155 1 R
7 323 1 R
111 128 1 R
234 271 1 R
316 326 1 R
240 249 1 R
214 278 1 R
269 327 1 R
86 210 1 R
114 275 1 R
146 259 1 R
22 265 1 R
84 254 1 R
231 282 1 R
57 94 1 R
207 269 1 R
196 267 1 R
49 75 1 R
70 122 1 R
114 127 1 R
45 151 1 R
61 321 1 R
146 285 1 R
295 322 1 R
142 176 1 R
33 258 1 R
267 305 1 R
123 294 1 R
133 321 1 R
104 330 1 R
13 27 1 R
26 129 1 R
168 236 1 R
231 289 1 R
38 95 1 R
88 297 1 R
71 172 1 R
183 205 1 R
176 211 1 R
175 186 1 R
228 246 1 R
86 244 1 R
50 75 1 R
65 76 1 R
73 226 1 R
96 295 1 R
91 252 1 R
147 228 1 R
40 175 1 R
192 278 1 R
96 282 1 R
18 275 1 R
76 217 1 R
157 160 1 R
162 209 1 R
64 289 1 R
17 259 1 R
21 321 1 R
6 25 1 R
112 143 1 R
302 323 1 R
263 265 1 R
59 119 1 R
2 177 1 R
99 304 1 R
102 180 1 R
30 321 1 R
181 274 1 R
251 254 1 R
73 177 1 R
24 26 1 R
8 22 1 R
121 182 1 R
72 143 1 R
270 300 1 R
215 255 1 R
143 188 1 R
101 217 1 R
23 266 1 R
13 19 1 R
60 218 1 R
44 322 1 R
181 272 1 R
215 288 1 R
320 327 1 R
41 132 1 R
124 291 1 R
91 115 1 R
106 123 1 R
91 180 1 R
51 265 1 R
107 321 1 R
103 303 1 R
41 126 1 R
177 275 1 R
15 316 1 R
48 293 1 R
228 270 1 R
173 286 1 R
272 314 1 R
63 231 1 R
23 236 1 R
133 172 1 R
56 165 1 R
158 189 1 R
53 158 1 R
130 214 1 R
93 132 1 R
195 276 1 R
296 307 1 R
63 77 1 R
31 51 1 R
111 145 1 R
102 161 1 R
55 214 1 R
34 328 1 R
105 271 1 R
210 266 1 R
125 312 1 R
47 169 1 R
216 328 1 R
108 164 1 R
28 157 1 R
236 281 1 R
117 325 1 R
73 201 1 R
46 171 1 R
156 275 1 R
52 209 1 R
68 145 1 R
26 194 1 R
223 265 1 R
245 250 1 R
144 319 1 R
51 74 1 R
232 252 1 R
142 147 1 R
131 138 1 R
4 179 1 R
34 249 1 R
142 263 1 R
28 145 1 R
119 288 1 R
58 257 1 R
300 320 1 R
40 203 1 R
16 22 1 R
18 156 1 R
78 274 1 R
111 172 1 R
43 122 1 R
232 256 1 R
127 253 1 R
146 204 1 R
89 107 1 R
180 236 1 R
172 213 1 R
157 162 1 R
38 127 1 R
16 226 1 R
92 237 1 R
83 275 1 R
229 318 1 R
203 252 1 R
217 281 1 R
126 233 1 R
143 297 1 R
152 313 1 R
185 308 1 R
58 94 1 R
19 136 1 R
89 270 1 R
105 206 1 R
48 159 1 R
28 260 1 R
268 282 1 R
233 265 1 R
86 318 1 R
132 227 1 R
53 145 1 R
177 304 1 R
18 292 1 R
176 294 1 R
118 179 1 R
103 177 1 R
130 227 1 R
50 220 1 R
141 303 1 R
223 260 1 R
18 40 1 R
167 183 1 R
89 227 1 R
320 323 1 R
80 121 1 R
260 331 1 R
150 216 1 R
141 319 1 R
62 228 1 R
214 324 1 R
185 219 1 R
25 147 1 R
3 103 1 R
44 78 1 R
188 311 1 R
143 158 1 R
75 225 1 R
208 250 1 R
102 230 1 R
20 122 1 R
249 295 1 R
94 286 1 R
28 186 1 R
118 156 1 R
128 192 1 R
287 297 1 R
225 237 1 R
19 21 1 R
39 243 1 R
30 137 1 R
4 31 1 R
59 266 1 R
233 257 1 R
197 280 1 R
50 101 1 R
133 141 1 R
38 177 1 R
68 154 1 R
124 174 1 R
11 323 1 R
198 295 1 R
181 227 1 R
47 269 1 R
142 156 1 R
158 254 1 R
77 193 1 R
288 320 1 R
32 326 1 R
182 236 1 R
205 229 1 R
114 284 1 R
27 294 1 R
188 282 1 R
59 279 1 R
53 227 1 R
55 282 1 R
167 185 1 R
252 256 1 R
75 176 1 R
190 226 1 R
234 246 1 R
105 288 1 R
37 113 1 R
124 200 1 R
5 304 1 R
94 119 1 R
47 329 1 R
100 151 1 R
106 167 1 R
67 195 1 R
93 158 1 R
37 72 1 R
72 95 1 R
270 324 1 R
160 321 1 R
39 166 1 R
59 325 1 R
66 241 1 R
89 328 1 R
49 199 1 R
11 263 1 R
155 295 1 R
26 265 1 R
42 175 1 R
268 309 1 R
9 270 1 R
182 244 1 R
63 309 1 R
188 326 1 R
74 129 1 R
45 178 1 R
152 257 1 R
46 165 1 R
27 267 1 R
89 184 1 R
147 313 1 R
196 306 1 R
97 98 1 R
109 122 1 R
106 213 1 R
7 291 1 R
37 131 1 R
221 237 1 R
110 250 1 R
275 318 1 R
25 263 1 R
8 218 1 R
46 216 1 R
142 215 1 R
198 318 1 R
184 303 1 R
139 207 1 R
249 311 1 R
255 305 1 R
89 131 1 R
110 204 1 R
43 81 1 R
102 120 1 R
121 132 1 R
123 299 1 R
244 319 1 R
74 331 1 R
153 271 1 R
36 316 1 R
246 292 1 R
104 156 1 R
78 155 1 R
123 304 1 R
54 122 1 R
48 105 1 R
25 173 1 R
9 30 1 R
38 268 1 R
255 311 1 R
173 199 1 R
25 274 1 R
45 227 1 R
5 197 1 R
94 266 1 R
182 299 1 R
106 153 1 R
2 184 1 R
77 137 1 R
154 271 1 R
60 310 1 R
168 222 1 R
128 135 1 R
34 214 1 R
165 317 1 R
54 117 1 R
169 200 1 R
170 207 1 R
112 304 1 R
60 156 1 R
138 192 1 R
138 327 1 R
72 262 1 R
19 122 1 R
29 305 1 R
221 293 1 R
2 308 1 R
73 96 1 R
172 249 1 R
243 287 1 R
190 256 1 R
110 205 1 R
139 159 1 R
97 196 1 R
206 317 1 R
208 278 1 R
191 313 1 R
74 276 1 R
177 312 1 R
85 216 1 R
30 53 1 R
81 103 1 R
176 193 1 R
156 299 1 R
179 195 1 R
42 281 1 R
121 247 1 R
47 316 1 R
34 172 1 R
47 192 1 R
90 243 1 R
231 241 1 R
33 320 1 R
213 237 1 R
38 63 1 R
63 173 1 R
30 313 1 R
53 77 1 R
47 124 1 R
172 260 1 R
51 155 1 R
25 203 1 R
196 296 1 R
92 215 1 R
230 320 1 R
84 163 1 R
120 241 1 R
74 239 1 R
156 317 1 R
66 167 1 R
37 245 1 R
60 308 1 R
219 314 1 R
75 288 1 R
219 223 1 R
248 249 1 R
124 126 1 R
181 275 1 R
2 58 1 R
70 230 1 R
215 234 1 R
124 144 1 R
76 299 1 R
201 257 1 R
221 234 1 R
162 169 1 R
239 275 1 R
250 260 1 R
66 327 1 R
256 266 1 R
114 162 1 R
35 315 1 R
211 312 1 R
198 261 1 R
74 121 1 R
30 91 1 R
113 244 1 R
32 221 1 R
52 178 1 R
74 277 1 R
274 328 1 R
26 239 1 R
38 60 1 R
75 258 1 R
37 298 1 R
94 277 1 R
100 152 1 R
9 169 1 R
104 324 1 R
259 261 1 R
100 144 1 R
46 203 1 R
107 257 1 R
69 186 1 R
227 231 1 R
61 69 1 R
147 268 1 R
70 256 1 R
126 151 1 R
221 297 1 R
134 207 1 R
105 144 1 R
79 279 1 R
47 80 1 R
69 124 1 R
38 92 1 R
183 203 1 R
256 318 1 R
121 252 1 R
24 87 1 R
71 314 1 R
145 232 1 R
30 273 1 R
82 254 1 R
219 317 1 R
13 156 1 R
56 57 1 R
56 185 1 R
217 239 1 R
50 86 1 R
95 151 1 R
47 286 1 R
204 320 1 R
260 318 1 R
88 331 1 R
38 57 1 R
115 239 1 R
73 92 1 R
69 331 1 R
186 306 1 R
10 23 1 R
52 111 1 R
175 295 1 R
103 229 1 R
122 265 1 R
170 191 1 R
21 22 1 R
47 278 1 R
173 243 1 R
126 131 1 R
175 207 1 R
180 272 1 R
24 158 1 R
176 324 1 R
182 291 1 R
80 127 1 R
83 108 1 R
136 162 1 R
85 235 1 R
15 17 1 R
194 226 1 R
55 253 1 R
237 297 1 R
148 193 1 R
122 258 1 R
150 262 1 R
83 330 1 R
16 187 1 R
254 309 1 R
17 34 1 R
163 278 1 R
204 287 1 R
145 230 1 R
246 278 1 R
195 238 1 R
15 126 1 R
86 175 1 R
150 190 1 R
87 167 1 R
241 273 1 R
24 222 1 R
165 330 1 R
160 270 1 R
39 265 1 R
159 182 1 R
134 261 1 R
273 308 1 R
133 162 1 R
35 191 1 R
77 107 1 R
260 307 1 R
64 198 1 R
142 291 1 R
205 218 1 R
264 276 1 R
103 273 1 R
158 331 1 R
249 270 1 R
234 240 1 R
145 216 1 R
10 152 1 R
232 241 1 R
118 243 1 R
97 326 1 R
20 66 1 R
47 237 1 R
66 226 1 R
41 321 1 R
273 325 1 R
48 313 1 R
298 305 1 R
148 231 1 R
73 136 1 R
28 147 1 R
39 43 1 R
215 218 1 R
34 264 1 R
3 7 1 R
102 263 1 R
130 271 1 R
163 211 1 R
99 287 1 R
9 327 1 R
61 110 1 R
224 314 1 R
52 230 1 R
70 197 1 R
241 250 1 R
78 91 1 R
103 250 1 R
48 165 1 R
120 318 1 R
282 314 1 R
164 195 1 R
59 255 1 R
36 257 1 R
109 148 1 R
69 100 1 R
44 135 1 R
37 103 1 R
16 155 1 R
210 326 1 R
183 232 1 R
93 129 1 R
15 104 1 R
152 157 1 R
124 294 1 R
41 288 1 R
14 272 1 R
87 182 1 R
32 251 1 R
141 218 1 R
136 182 1 R
79 88 1 R
129 287 1 R
55 241 1 R
18 273 1 R
26 272 1 R
280 282 1 R
134 154 1 R
95 184 1 R
172 287 1 R
163 207 1 R
88 154 1 R
229 279 1 R
12 271 1 R
10 62 1 R
52 264 1 R
173 311 1 R
27 203 1 R
146 291 1 R
48 180 1 R
19 67 1 R
102 250 1 R
180 259 1 R
128 199 1 R
53 178 1 R
144 251 1 R
5 194 1 R
73 207 1 R
50 325 1 R
97 283 1 R
116 250 1 R
231 267 1 R
3 148 1 R
261 305 1 R
26 268 1 R
4 119 1 R
63 186 1 R
35 242 1 R
26 243 1 R
123 254 1 R
8 240 1 R
34 100 1 R
131 190 1 R
182 275 1 R
44 243 1 R
29 99 1 R
33 204 1 R
4 94 1 R
20 235 1 R
18 211 1 R
151 275 1 R
147 237 1 R
84 255 1 R
114 116 1 R
254 265 1 R
65 157 1 R
66 185 1 R
142 311 1 R
24 298 1 R
18 172 1 R
105 252 1 R
216 274 1 R
240 297 1 R
78 79 1 R
12 268 1 R
222 285 1 R
48 131 1 R
43 324 1 R
44 85 1 R
134 229 1 R
171 227 1 R
96 188 1 R
95 127 1 R
38 286 1 R
197 207 1 R
10 258 1 R
2 103 1 R
10 252 1 R
141 305 1 R
28 287 1 R
5 91 1 R
169 201 1 R
134 265 1 R
5 320 1 R
269 286 1 R
30 205 1 R
119 280 1 R
78 329 1 R
131 287 1 R
110 325 1 R
68 303 1 R
25 299 1 R
100 291 1 R
61 191 1 R
260 273 1 R
243 260 1 R
119 120 1 R
185 309 1 R
147 176 1 R
115 212 1 R
67 252 1 R
178 298 1 R
87 91 1 R
29 59 1 R
135 195 1 R
284 287 1 R
114 255 1 R
64 242 1 R
129 307 1 R
73 144 1 R
263 326 1 R
241 276 1 R
192 243 1 R
273 294 1 R
113 319 1 R
11 63 1 R
178 312 1 R
48 183 1 R
40 172 1 R
154 266 1 R
142 225 1 R
92 207 1 R
106 330 1 R
211 276 1 R
52 284 1 R
63 284 1 R
179 308 1 R
57 64 1 R
134 135 1 R
10 145 1 R
185 317 1 R
197 217 1 R
195 270 1 R
114 250 1 R
288 306 1 R
130 329 1 R
133 254 1 R
14 104 1 R
227 298 1 R
28 152 1 R
133 212 1 R
26 222 1 R
55 176 1 R
30 312 1 R
26 84 1 R
288 330 1 R
86 171 1 R
238 277 1 R
103 187 1 R
101 272 1 R
24 181 1 R
272 292 1 R
71 185 1 R
155 236 1 R
109 112 1 R
96 126 1 R
156 324 1 R
287 299 1 R
195 199 1 R
77 312 1 R
90 153 1 R
241 287 1 R
49 295 1 R
20 269 1 R
147 306 1 R
147 259 1 R
19 311 1 R
40 198 1 R
235 313 1 R
103 254 1 R
28 277 1 R
277 316 1 R
30 241 1 R
101 268 1 R
43 96 1 R
47 123 1 R
193 285 1 R
91 289 1 R
69 130 1 R
199 292 1 R
304 328 1 R
87 95 1 R
42 316 1 R
141 215 1 R
169 305 1 R
166 193 1 R
311 314 1 R
68 171 1 R
113 209 1 R
34 56 1 R
15 309 1 R
40 317 1 R
191 305 1 R
110 172 1 R
303 329 1 R
12 223 1 R
199 250 1 R
89 280 1 R
127 143 1 R
46 120 1 R
50 94 1 R
40 304 1 R
306 322 1 R
12 277 1 R
83 291 1 R
38 291 1 R
3 322 1 R
58 132 1 R
193 200 1 R
20 159 1 R
22 205 1 R
108 320 1 R
167 316 1 R
296 312 1 R
105 164 1 R
245 306 1 R
78 293 1 R
6 309 1 R
138 308 1 R
209 220 1 R
183 259 1 R
84 316 1 R
58 72 1 R
115 184 1 R
207 242 1 R
29 187 1 R
161 299 1 R
196 304 1 R
159 187 1 R
95 172 1 R
120 170 1 R
254 307 1 R
168 189 1 R
102 175 1 R
92 214 1 R
259 312 1 R
164 303 1 R
75 219 1 R
105 180 1 R
177 240 1 R
189 288 1 R
144 183 1 R
57 139 1 R
143 233 1 R
151 229 1 R
161 238 1 R
109 282 1 R
47 318 1 R
47 187 1 R
239 278 1 R
143 235 1 R
202 293 1 R
55 329 1 R
3 297 1 R
226 232 1 R
127 161 1 R
145 310 1 R
80 233 1 R
94 150 1 R
13 71 1 R
123 316 1 R
36 278 1 R
21 56 1 R
179 239 1 R
157 226 1 R
132 243 1 R
181 313 1 R
144 146 1 R
163 212 1 R
61 248 1 R
110 173 1 R
32 302 1 R
11 34 1 R
10 156 1 R
165 223 1 R
251 287 1 R
49 291 1 R
14 297 1 R
101 163 1 R
35 48 1 R
75 156 1 R
81 251 1 R
95 231 1 R
174 219 1 R
180 187 1 R
42 259 1 R
61 126 1 R
21 31 1 R
63 287 1 R
104 266 1 R
69 329 1 R
65 213 1 R
238 303 1 R
268 324 1 R
175 231 1 R
10 271 1 R
322 325 1 R
33 142 1 R
151 322 1 R
238 300 1 R
57 130 1 R
230 266 1 R
121 303 1 R
6 140 1 R
175 245 1 R
16 161 1 R
109 304 1 R
206 311 1 R
150 225 1 R
71 216 1 R
66 198 1 R
163 191 1 R
39 140 1 R
257 262 1 R
90 247 1 R
73 74 1 R
13 53 1 R
35 101 1 R
81 252 1 R
300 313 1 R
199 303 1 R
73 274 1 R
31 133 1 R
287 294 1 R
213 276 1 R
197 245 1 R
238 285 1 R
81 205 1 R
21 296 1 R
239 277 1 R
43 205 1 R
136 227 1 R
113 175 1 R
112 296 1 R
238 250 1 R
258 301 1 R
189 267 1 R
30 46 1 R
160 217 1 R
158 232 1 R
113 239 1 R
112 168 1 R
89 166 1 R
154 304 1 R
86 154 1 R
145 303 1 R
151 187 1 R
130 176 1 R
139 227 1 R
17 240 1 R
158 293 1 R
50 184 1 R
187 231 1 R
36 151 1 R
27 250 1 R
242 255 1 R
176 191 1 R
38 94 1 R
172 300 1 R
177 189 1 R
315 321 1 R
125 280 1 R
222 319 1 R
206 264 1 R
26 138 1 R
96 128 1 R
31 193 1 R
88 279 1 R
55 297 1 R
118 199 1 R
191 276 1 R
32 156 1 R
104 201 1 R
92 137 1 R
108 289 1 R
80 327 1 R
78 268 1 R
31 290 1 R
72 221 1 R
137 203 1 R
181 301 1 R
24 296 1 R
303 327 1 R
79 188 1 R
156 245 1 R
40 158 1 R
119 282 1 R
16 98 1 R
33 150 1 R
201 300 1 R
121 244 1 R
284 306 1 R
189 217 1 R
21 40 1 R
52 245 1 R
101 184 1 R
201 266 1 R
149 168 1 R
62 203 1 R
149 285 1 R
17 273 1 R
125 243 1 R
111 320 1 R
58 168 1 R
47 95 1 R
55 123 1 R
104 105 1 R
36 172 1 R
124 213 1 R
175 227 1 R
46 240 1 R
7 48 1 R
202 232 1 R
230 329 1 R
157 164 1 R
3 33 1 R
141 226 1 R
137 189 1 R
97 118 1 R
36 234 1 R
39 242 1 R
21 141 1 R
123 231 1 R
203 238 1 R
150 238 1 R
63 319 1 R
57 124 1 R
19 203 1 R
56 281 1 R
102 231 1 R
123 168 1 R
84 136 1 R
47 328 1 R
32 224 1 R
263 315 1 R
14 123 1 R
240 259 1 R
85 185 1 R
228 322 1 R
71 253 1 R
252 304 1 R
35 175 1 R
74 174 1 R
9 224 1 R
270 271 1 R
90 240 1 R
22 128 1 R
97 263 1 R
70 249 1 R
90 206 1 R
184 211 1 R
221 302 1 R
63 262 1 R
191 299 1 R
45 192 1 R
116 264 1 R
9 155 1 R
103 135 1 R
120 222 1 R
92 301 1 R
23 208 1 R
265 276 1 R
150 278 1 R
188 302 1 R
26 43 1 R
62 120 1 R
212 298 1 R
15 169 1 R
67 178 1 R
255 292 1 R
278 328 1 R
5 128 1 R
41 139 1 R
78 197 1 R
68 167 1 R
99 184 1 R
55 265 1 R
116 309 1 R
50 70 1 R
28 51 1 R
193 266 1 R
67 300 1 R
96 111 1 R
113 118 1 R
131 140 1 R
241 271 1 R
34 224 1 R
37 156 1 R
268 301 1 R
14 79 1 R
141 147 1 R
151 208 1 R
21 265 1 R
107 309 1 R
230 274 1 R
300 325 1 R
11 48 1 R
163 288 1 R
76 254 1 R
74 250 1 R
11 60 1 R
236 237 1 R
195 272 1 R
27 59 1 R
117 265 1 R
31 130 1 R
39 92 1 R
134 216 1 R
180 184 1 R
176 277 1 R
26 143 1 R
73 293 1 R
62 87 1 R
221 236 1 R
186 190 1 R
163 193 1 R
209 320 1 R
41 62 1 R
204 312 1 R
19 277 1 R
138 233 1 R
219 331 1 R
44 87 1 R
47 238 1 R
256 275 1 R
257 268 1 R
88 269 1 R
119 294 1 R
46 197 1 R
22 195 1 R
270 331 1 R
211 278 1 R
264 309 1 R
62 71 1 R
246 295 1 R
277 308 1 R
312 331 1 R
83 87 1 R
16 46 1 R
16 327 1 R
201 296 1 R
102 190 1 R
67 127 1 R
19 70 1 R
67 273 1 R
13 194 1 R
87 213 1 R
143 226 1 R
206 296 1 R
96 287 1 R
3 251 1 R
107 331 1 R
261 327 1 R
219 232 1 R
76 242 1 R
89 187 1 R
309 327 1 R
95 269 1 R
116 129 1 R
150 287 1 R
136 236 1 R
10 169 1 R
228 271 1 R
21 303 1 R
177 266 1 R
71 244 1 R
83 261 1 R
36 189 1 R
105 187 1 R
241 249 1 R
159 236 1 R
26 213 1 R
193 329 1 R
120 209 1 R
5 36 1 R
11 125 1 R
11 283 1 R
120 273 1 R
144 265 1 R
98 256 1 R
175 306 1 R
28 200 1 R
34 244 1 R
75 89 1 R
84 246 1 R
86 229 1 R
25 210 1 R
11 281 1 R
231 316 1 R
3 253 1 R
159 306 1 R
130 294 1 R
114 302 1 R
161 296 1 R
205 272 1 R
195 227 1 R
191 238 1 R
55 216 1 R
33 312 1 R
216 221 1 R
93 135 1 R
65 204 1 R
99 194 1 R
25 303 1 R
192 214 1 R
34 331 1 R
125 198 1 R
159 304 1 R
288 313 1 R
195 323 1 R
11 21 1 R
155 219 1 R
85 184 1 R
9 294 1 R
56 294 1 R
81 207 1 R
91 122 1 R
9 75 1 R
234 306 1 R
56 91 1 R
254 303 1 R
185 247 1 R
190 245 1 R
79 260 1 R
171 257 1 R
101 205 1 R
6 326 1 R
12 322 1 R
113 245 1 R
21 162 1 R
12 50 1 R
98 178 1 R
124 198 1 R
147 222 1 R
6 46 1 R
52 68 1 R
235 267 1 R
14 235 1 R
275 298 1 R
50 199 1 R
93 124 1 R
18 300 1 R
199 236 1 R
203 218 1 R
140 150 1 R
70 318 1 R
140 168 1 R
233 294 1 R
70 274 1 R
34 75 1 R
38 137 1 R
136 183 1 R
26 275 1 R
151 280 1 R
12 15 1 R
206 245 1 R
2 52 1 R
2 215 1 R
226 309 1 R
70 110 1 R
54 252 1 R
87 214 1 R
67 126 1 R
107 221 1 R
190 221 1 R
191 236 1 R
5 227 1 R
201 268 1 R
76 250 1 R
55 311 1 R
35 115 1 R
238 241 1 R
107 192 1 R
268 329 1 R
149 278 1 R
261 316 1 R
216 218 1 R
226 248 1 R
63 273 1 R
7 17 1 R
149 305 1 R
102 252 1 R
56 245 1 R
68 237 1 R
204 234 1 R
120 300 1 R
73 320 1 R
192 265 1 R
17 55 1 R
23 148 1 R
95 198 1 R
59 284 1 R
35 247 1 R
143 202 1 R
10 330 1 R
33 167 1 R
259 266 1 R
21 188 1 R
45 233 1 R
165 214 1 R
36 192 1 R
88 104 1 R
53 155 1 R
174 306 1 R
207 264 1 R
102 295 1 R
199 305 1 R
179 322 1 R
80 139 1 R
115 155 1 R
142 223 1 R
110 321 1 R
150 314 1 R
19 281 1 R
66 323 1 R
23 79 1 R
43 183 1 R
135 296 1 R
24 79 1 R
53 130 1 R
46 77 1 R
62 164 1 R
32 265 1 R
8 113 1 R
244 277 1 R
71 166 1 R
5 146 1 R
78 88 1 R
235 291 1 R
166 330 1 R
161 181 1 R
266 316 1 R
210 272 1 R
45 330 1 R
139 258 1 R
120 193 1 R
70 204 1 R
143 300 1 R
28 58 1 R
169 251 1 R
158 188 1 R
75 173 1 R
14 68 1 R
205 307 1 R
78 191 1 R
227 310 1 R
189 213 1 R
234 324 1 R
38 169 1 R
94 108 1 R
24 245 1 R
72 155 1 R
64 176 1 R
138 224 1 R
21 266 1 R
61 329 1 R
4 166 1 R
50 247 1 R
103 110 1 R
50 53 1 R
61 220 1 R
44 201 1 R
144 168 1 R
90 306 1 R
160 231 1 R
75 96 1 R
50 252 1 R
201 229 1 R
6 36 1 R
13 178 1 R
195 307 1 R
30 172 1 R
81 120 1 R
39 188 1 R
84 143 1 R
88 217 1 R
40 114 1 R
258 328 1 R
9 226 1 R
233 255 1 R
48 246 1 R
28 285 1 R
14 189 1 R
108 178 1 R
69 244 1 R
118 122 1 R
119 123 1 R
171 299 1 R
163 281 1 R
249 259 1 R
34 187 1 R
194 224 1 R
17 21 1 R
131 310 1 R
189 301 1 R
319 323 1 R
49 310 1 R
171 276 1 R
19 247 1 R
289 292 1 R
58 147 1 R
256 316 1 R
86 131 1 R
109 154 1 R
173 299 1 R
45 104 1 R
230 250 1 R
62 264 1 R
7 171 1 R
251 265 1 R
216 324 1 R
200 261 1 R
135 300 1 R
277 294 1 R
103 175 1 R
87 280 1 R
18 69 1 R
57 322 1 R
120 235 1 R
117 156 1 R
4 120 1 R
4 33 1 R
14 117 1 R
225 239 1 R
146 287 1 R
26 267 1 R
174 255 1 R
88 200 1 R
131 257 1 R
100 251 1 R
145 204 1 R
189 325 1 R
236 292 1 R
137 321 1 R
199 290 1 R
225 268 1 R
58 227 1 R
164 211 1 R
137 145 1 R
69 260 1 R
124 299 1 R
23 171 1 R
101 316 1 R
40 253 1 R
248 258 1 R
259 315 1 R
2 149 1 R
19 45 1 R
47 158 1 R
40 132 1 R
105 191 1 R
117 185 1 R
110 320 1 R
11 41 1 R
21 331 1 R
17 196 1 R
153 223 1 R
12 76 1 R
4 209 1 R
41 96 1 R
71 276 1 R
138 276 1 R
174 184 1 R
8 269 1 R
9 183 1 R
136 185 1 R
72 97 1 R
28 39 1 R
23 46 1 R
84 132 1 R
145 223 1 R
42 130 1 R
64 154 1 R
95 200 1 R
145 320 1 R
146 156 1 R
218 231 1 R
59 93 1 R
73 329 1 R
14 31 1 R
75 123 1 R
78 325 1 R
69 270 1 R
130 307 1 R
6 105 1 R
90 111 1 R
282 294 1 R
9 217 1 R
212 226 1 R
155 225 1 R
48 256 1 R
120 244 1 R
32 51 1 R
154 308 1 R
196 228 1 R
250 311 1 R
37 105 1 R
127 135 1 R
31 213 1 R
9 200 1 R
295 297 1 R
55 179 1 R
34 177 1 R
219 241 1 R
104 243 1 R
55 302 1 R
17 157 1 R
10 323 1 R
228 280 1 R
194 282 1 R
84 149 1 R
247 306 1 R
50 90 1 R
39 113 1 R
243 306 1 R
134 232 1 R
20 224 1 R
202 309 1 R
103 315 1 R
238 273 1 R
21 107 1 R
67 109 1 R
20 169 1 R
217 237 1 R
41 203 1 R
199 248 1 R
26 154 1 R
36 49 1 R
119 135 1 R
261 268 1 R
120 247 1 R
126 238 1 R
10 197 1 R
177 218 1 R
111 138 1 R
213 316 1 R
70 296 1 R
81 270 1 R
57 169 1 R
85 101 1 R
225 278 1 R
157 252 1 R
71 183 1 R
41 145 1 R
60 179 1 R
144 195 1 R
66 87 1 R
126 284 1 R
65 225 1 R
211 306 1 R
283 294 1 R
9 216 1 R
238 270 1 R
97 167 1 R
5 316 1 R
172 283 1 R
82 150 1 R
52 164 1 R
13 33 1 R
166 219 1 R
30 112 1 R
40 144 1 R
43 163 1 R
232 275 1 R
55 200 1 R
212 227 1 R
262 297 1 R
196 283 1 R
204 302 1 R
246 330 1 R
26 234 1 R
83 99 1 R
222 326 1 R
59 216 1 R
79 96 1 R
71 282 1 R
21 28 1 R
235 293 1 R
212 223 1 R
229 262 1 R
150 177 1 R
62 326 1 R
115 159 1 R
114 215 1 R
19 52 1 R
185 318 1 R
75 162 1 R
77 204 1 R
13 117 1 R
215 223 1 R
251 277 1 R
21 81 1 R
75 183 1 R
14 295 1 R
15 57 1 R
79 129 1 R
136 304 1 R
14 83 1 R
25 232 1 R
139 192 1 R
108 109 1 R
130 195 1 R
118 138 1 R
168 209 1 R
43 329 1 R
3 14 1 R
31 269 1 R
155 304 1 R
181 292 1 R
24 72 1 R
40 56 1 R
292 304 1 R
198 296 1 R
3 9 1 R
146 302 1 R
126 242 1 R
58 165 1 R
85 99 1 R
56 202 1 R
168 302 1 R
137 249 1 R
56 237 1 R
226 242 1 R
192 238 1 R
275 282 1 R
95 132 1 R
195 242 1 R
271 287 1 R
161 197 1 R
111 259 1 R
261 289 1 R
149 177 1 R
120 178 1 R
22 75 1 R
104 279 1 R
101 297 1 R
23 211 1 R
154 215 1 R
184 219 1 R
109 314 1 R
174 215 1 R
191 264 1 R
200 302 1 R
80 111 1 R
75 145 1 R
187 321 1 R
46 277 1 R
327 331 1 R
33 105 1 R
165 303 1 R
84 128 1 R
55 177 1 R
149 256 1 R
67 92 1 R
138 163 1 R
113 321 1 R
268 302 1 R
235 262 1 R
232 243 1 R
64 196 1 R
201 282 1 R
32 89 1 R
10 185 1 R
237 259 1 R
246 297 1 R
37 40 1 R
2 32 1 R
222 235 1 R
45 74 1 R
80 97 1 R
100 236 1 R
255 257 1 R
102 205 1 R
104 301 1 R
171 316 1 R
224 291 1 R
64 300 1 R
89 159 1 R
34 174 1 R
68 207 1 R
103 149 1 R
165 194 1 R
208 242 1 R
244 292 1 R
56 315 1 R
20 247 1 R
65 252 1 R
53 98 1 R
50 138 1 R
236 275 1 R
236 274 1 R
133 238 1 R
84 236 1 R
115 271 1 R
67 72 1 R
223 268 1 R
66 236 1 R
142 199 1 R
174 210 1 R
164 172 1 R
51 93 1 R
33 128 1 R
238 323 1 R
125 328 1 R
40 217 1 R
97 148 1 R
19 284 1 R
184 262 1 R
18 189 1 R
142 325 1 R
101 185 1 R
15 253 1 R
300 318 1 R
45 198 1 R
32 129 1 R
182 322 1 R
67 258 1 R
217 231 1 R
13 311 1 R
207 229 1 R
154 328 1 R
96 303 1 R
57 98 1 R
91 118 1 R
122 170 1 R
257 322 1 R
133 192 1 R
59 116 1 R
37 291 1 R
103 115 1 R
200 300 1 R
19 289 1 R
100 116 1 R
72 91 1 R
88 272 1 R
90 250 1 R
242 323 1 R
84 97 1 R
81 280 1 R
99 147 1 R
159 172 1 R
44 129 1 R
32 84 1 R
137 183 1 R
95 129 1 R
1 2 16807 R
331 332 8403 O
331 333 8403 Y
331 334 8403 G
331 335 8403 B
331 336 8403 I
331 337 8403 V
