337 2397
215 322 1 R
47 89 1 R
54 138 1 R
24 111 1 R
175 181 1 R
71 233 1 R
120 232 1 R
134 231 1 R
41 51 1 R
25 301 1 R
192 263 1 R
239 249 1 R
77 247 1 R
82 201 1 R
89 181 1 R
54 218 1 R
192 315 1 R
192 286 1 R
19 164 1 R
76 142 1 R
222 295 1 R
95 221 1 R
71 319 1 R
81 222 1 R
108 150 1 R
170 187 1 R
218 221 1 R
114 141 1 R
50 248 1 R
244 293 1 R
179 293 1 R
214 290 1 R
174 317 1 R
117 327 1 R
4 253 1 R
69 190 1 R
75 308 1 R
65 183 1 R
281 313 1 R
48 220 1 R
107 221 1 R
64 145 1 R
117 120 1 R
119 125 1 R
235 302 1 R
49 219 1 R
154 283 1 R
156 273 1 R
106 292 1 R
67 212 1 R
26 266 1 R
227 229 1 R
109 257 1 R
155 280 1 R
208 278 1 R
93 231 1 R
281 322 1 R
7 241 1 R
192 219 1 R
17 165 1 R
269 303 1 R
84 204 1 R
129 282 1 R
32 115 1 R
110 262 1 R
126 284 1 R
54 154 1 R
110 310 1 R
182 260 1 R
55 301 1 R
218 292 1 R
59 155 1 R
197 262 1 R
244 296 1 R
5 239 1 R
51 153 1 R
105 290 1 R
48 297 1 R
4 211 1 R
43 293 1 R
74 195 1 R
249 328 1 R
136 268 1 R
322 325 1 R
77 147 1 R
116 185 1 R
284 312 1 R
172 234 1 R
148 259 1 R
26 171 1 R
130 252 1 R
71 284 1 R
73 260 1 R
231 302 1 R
118 210 1 R
41 205 1 R
310 329 1 R
26 166 1 R
78 112 1 R
59 150 1 R
47 247 1 R
139 167 1 R
63 161 1 R
190 271 1 R
167 216 1 R
201 319 1 R
8 83 1 R
135 214 1 R
142 217 1 R
96 292 1 R
175 244 1 R
57 252 1 R
67 102 1 R
213 260 1 R
190 239 1 R
97 135 1 R
58 302 1 R
100 325 1 R
159 275 1 R
203 298 1 R
71 172 1 R
119 135 1 R
60 163 1 R
108 172 1 R
53 189 1 R
255 323 1 R
70 207 1 R
228 274 1 R
114 252 1 R
41 103 1 R
47 252 1 R
159 309 1 R
2 297 1 R
84 120 1 R
125 279 1 R
227 257 1 R
144 165 1 R
50 288 1 R
279 306 1 R
33 247 1 R
2 291 1 R
25 103 1 R
85 227 1 R
48 50 1 R
38 325 1 R
25 63 1 R
188 234 1 R
129 134 1 R
121 155 1 R
202 326 1 R
180 233 1 R
2 269 1 R
111 296 1 R
152 326 1 R
43 313 1 R
152 293 1 R
26 278 1 R
190 303 1 R
12 65 1 R
58 104 1 R
115 210 1 R
188 278 1 R
242 244 1 R
143 197 1 R
54 163 1 R
43 307 1 R
23 302 1 R
156 218 1 R
84 143 1 R
86 319 1 R
243 297 1 R
219 256 1 R
109 246 1 R
164 188 1 R
134 208 1 R
223 274 1 R
48 218 1 R
318 329 1 R
194 218 1 R
205 281 1 R
113 217 1 R
168 245 1 R
64 170 1 R
11 129 1 R
92 296 1 R
194 314 1 R
47 51 1 R
5 6 1 R
273 306 1 R
31 294 1 R
55 77 1 R
42 228 1 R
50 97 1 R
24 150 1 R
30 135 1 R
203 286 1 R
60 205 1 R
136 199 1 R
279 327 1 R
109 327 1 R
242 321 1 R
245 270 1 R
29 61 1 R
218 225 1 R
20 182 1 R
156 264 1 R
143 283 1 R
177 212 1 R
19 308 1 R
22 269 1 R
74 304 1 R
74 243 1 R
21 28 1 R
28 75 1 R
79 272 1 R
166 185 1 R
19 327 1 R
108 215 1 R
25 84 1 R
119 137 1 R
45 221 1 R
26 243 1 R
29 210 1 R
7 198 1 R
277 307 1 R
222 292 1 R
234 320 1 R
129 298 1 R
3 215 1 R
73 96 1 R
5 162 1 R
81 308 1 R
206 247 1 R
135 312 1 R
115 155 1 R
176 200 1 R
16 301 1 R
25 234 1 R
149 300 1 R
20 241 1 R
108 249 1 R
115 170 1 R
242 295 1 R
72 93 1 R
121 212 1 R
9 24 1 R
218 319 1 R
36 192 1 R
51 224 1 R
87 153 1 R
48 157 1 R
33 184 1 R
15 165 1 R
92 196 1 R
252 280 1 R
12 30 1 R
285 309 1 R
20 43 1 R
240 258 1 R
209 307 1 R
26 150 1 R
140 330 1 R
104 257 1 R
150 177 1 R
276 304 1 R
53 79 1 R
105 188 1 R
106 302 1 R
78 89 1 R
249 291 1 R
28 201 1 R
237 292 1 R
31 228 1 R
103 255 1 R
28 127 1 R
6 280 1 R
127 266 1 R
78 232 1 R
253 295 1 R
181 301 1 R
79 106 1 R
267 315 1 R
159 179 1 R
182 263 1 R
5 287 1 R
142 170 1 R
126 148 1 R
16 256 1 R
72 193 1 R
283 322 1 R
151 193 1 R
30 118 1 R
59 298 1 R
192 196 1 R
125 241 1 R
189 259 1 R
58 216 1 R
160 216 1 R
55 65 1 R
143 253 1 R
43 55 1 R
10 50 1 R
184 186 1 R
42 286 1 R
89 129 1 R
52 111 1 R
3 208 1 R
61 80 1 R
123 249 1 R
14 202 1 R
154 228 1 R
193 234 1 R
170 259 1 R
71 155 1 R
92 322 1 R
59 107 1 R
41 322 1 R
14 24 1 R
91 111 1 R
121 324 1 R
218 288 1 R
123 296 1 R
110 165 1 R
91 296 1 R
193 302 1 R
83 87 1 R
183 221 1 R
125 179 1 R
129 217 1 R
136 301 1 R
68 264 1 R
125 315 1 R
86 315 1 R
234 323 1 R
29 224 1 R
267 299 1 R
219 268 1 R
39 217 1 R
33 267 1 R
5 209 1 R
82 108 1 R
202 329 1 R
68 207 1 R
16 306 1 R
113 302 1 R
48 193 1 R
185 305 1 R
13 25 1 R
76 131 1 R
259 321 1 R
87 152 1 R
22 265 1 R
74 133 1 R
158 268 1 R
141 212 1 R
5 216 1 R
14 303 1 R
81 176 1 R
7 74 1 R
58 268 1 R
69 175 1 R
10 149 1 R
216 249 1 R
112 173 1 R
7 203 1 R
62 190 1 R
164 280 1 R
241 325 1 R
126 129 1 R
28 291 1 R
155 176 1 R
36 329 1 R
99 189 1 R
66 280 1 R
275 319 1 R
291 310 1 R
46 194 1 R
7 80 1 R
56 326 1 R
106 295 1 R
84 310 1 R
83 211 1 R
95 282 1 R
151 187 1 R
52 235 1 R
25 87 1 R
66 297 1 R
120 188 1 R
12 118 1 R
14 44 1 R
46 185 1 R
29 114 1 R
23 308 1 R
17 33 1 R
38 66 1 R
40 108 1 R
180 195 1 R
7 16 1 R
2 156 1 R
18 22 1 R
21 323 1 R
119 231 1 R
175 283 1 R
42 193 1 R
78 139 1 R
272 275 1 R
3 213 1 R
235 295 1 R
145 195 1 R
13 184 1 R
232 239 1 R
57 287 1 R
131 285 1 R
254 319 1 R
94 325 1 R
49 136 1 R
197 235 1 R
35 275 1 R
55 284 1 R
20 286 1 R
152 282 1 R
143 286 1 R
174 185 1 R
135 158 1 R
236 287 1 R
82 265 1 R
103 165 1 R
165 195 1 R
117 194 1 R
230 261 1 R
40 117 1 R
270 313 1 R
266 298 1 R
53 260 1 R
207 221 1 R
266 319 1 R
94 217 1 R
2 216 1 R
68 95 1 R
20 140 1 R
35 234 1 R
257 288 1 R
105 281 1 R
140 204 1 R
90 244 1 R
135 196 1 R
42 328 1 R
127 281 1 R
47 294 1 R
165 203 1 R
45 126 1 R
139 157 1 R
253 315 1 R
25 31 1 R
60 155 1 R
173 200 1 R
297 327 1 R
286 310 1 R
182 203 1 R
123 203 1 R
54 244 1 R
8 207 1 R
35 42 1 R
140 243 1 R
109 284 1 R
231 281 1 R
21 288 1 R
133 298 1 R
105 202 1 R
48 281 1 R
215 293 1 R
283 289 1 R
59 70 1 R
135 174 1 R
87 219 1 R
157 178 1 R
23 69 1 R
71 306 1 R
161 162 1 R
143 200 1 R
19 29 1 R
84 92 1 R
235 281 1 R
72 238 1 R
135 254 1 R
22 258 1 R
27 296 1 R
107 137 1 R
191 226 1 R
191 328 1 R
115 257 1 R
108 139 1 R
77 331 1 R
279 324 1 R
65 322 1 R
44 56 1 R
268 307 1 R
69 254 1 R
81 253 1 R
12 168 1 R
168 251 1 R
92 200 1 R
47 108 1 R
164 195 1 R
230 289 1 R
17 235 1 R
231 248 1 R
130 135 1 R
294 320 1 R
9 194 1 R
12 163 1 R
38 143 1 R
189 227 1 R
264 298 1 R
33 190 1 R
158 317 1 R
183 308 1 R
48 158 1 R
141 307 1 R
60 200 1 R
229 272 1 R
41 257 1 R
36 203 1 R
171 310 1 R
138 310 1 R
58 311 1 R
60 169 1 R
166 194 1 R
97 189 1 R
205 217 1 R
68 221 1 R
85 179 1 R
65 120 1 R
192 321 1 R
139 170 1 R
312 326 1 R
47 49 1 R
122 184 1 R
74 98 1 R
79 331 1 R
85 160 1 R
195 299 1 R
229 259 1 R
133 318 1 R
130 180 1 R
29 32 1 R
148 267 1 R
221 247 1 R
291 299 1 R
93 147 1 R
116 243 1 R
203 233 1 R
15 141 1 R
44 77 1 R
40 314 1 R
26 255 1 R
84 282 1 R
36 64 1 R
3 88 1 R
235 272 1 R
99 245 1 R
183 316 1 R
263 269 1 R
235 283 1 R
40 146 1 R
10 175 1 R
120 157 1 R
79 132 1 R
81 191 1 R
18 204 1 R
84 97 1 R
63 98 1 R
24 329 1 R
303 327 1 R
147 176 1 R
7 23 1 R
12 147 1 R
3 25 1 R
147 331 1 R
3 278 1 R
75 152 1 R
181 324 1 R
174 265 1 R
229 231 1 R
242 281 1 R
14 309 1 R
202 207 1 R
63 311 1 R
105 194 1 R
22 124 1 R
118 273 1 R
266 272 1 R
310 326 1 R
45 114 1 R
106 275 1 R
265 270 1 R
189 245 1 R
170 298 1 R
12 204 1 R
98 247 1 R
138 240 1 R
75 122 1 R
36 193 1 R
143 326 1 R
197 314 1 R
134 154 1 R
307 319 1 R
94 324 1 R
109 300 1 R
232 258 1 R
118 328 1 R
188 191 1 R
38 322 1 R
228 293 1 R
107 269 1 R
73 331 1 R
72 155 1 R
117 305 1 R
39 240 1 R
108 170 1 R
99 125 1 R
100 327 1 R
65 305 1 R
89 253 1 R
25 29 1 R
203 295 1 R
32 51 1 R
69 276 1 R
45 274 1 R
275 284 1 R
17 308 1 R
242 322 1 R
57 246 1 R
33 81 1 R
156 252 1 R
221 252 1 R
226 267 1 R
126 251 1 R
119 221 1 R
201 317 1 R
46 300 1 R
175 273 1 R
211 279 1 R
59 295 1 R
80 121 1 R
5 316 1 R
7 105 1 R
240 299 1 R
98 312 1 R
275 328 1 R
194 265 1 R
99 170 1 R
223 231 1 R
49 174 1 R
10 239 1 R
57 180 1 R
261 286 1 R
222 304 1 R
29 76 1 R
24 159 1 R
51 77 1 R
120 197 1 R
8 120 1 R
43 136 1 R
213 326 1 R
311 318 1 R
309 312 1 R
163 171 1 R
235 275 1 R
200 330 1 R
2 137 1 R
217 251 1 R
162 242 1 R
188 225 1 R
139 184 1 R
96 325 1 R
124 185 1 R
98 262 1 R
205 258 1 R
196 329 1 R
187 237 1 R
224 238 1 R
181 279 1 R
75 118 1 R
92 248 1 R
205 239 1 R
69 296 1 R
61 281 1 R
91 101 1 R
156 329 1 R
30 160 1 R
101 208 1 R
14 161 1 R
145 266 1 R
82 217 1 R
90 262 1 R
47 147 1 R
38 92 1 R
55 232 1 R
232 264 1 R
65 92 1 R
69 247 1 R
26 225 1 R
112 235 1 R
230 254 1 R
40 75 1 R
63 154 1 R
16 69 1 R
123 140 1 R
161 270 1 R
301 317 1 R
89 250 1 R
23 242 1 R
87 171 1 R
4 234 1 R
81 96 1 R
287 312 1 R
12 149 1 R
237 242 1 R
92 177 1 R
273 284 1 R
267 317 1 R
28 52 1 R
122 273 1 R
44 238 1 R
191 256 1 R
13 230 1 R
72 299 1 R
305 315 1 R
25 292 1 R
119 183 1 R
197 251 1 R
83 92 1 R
117 181 1 R
2 16 1 R
33 201 1 R
124 246 1 R
76 280 1 R
115 242 1 R
121 184 1 R
124 310 1 R
94 150 1 R
90 139 1 R
15 270 1 R
168 185 1 R
40 283 1 R
127 282 1 R
65 221 1 R
62 207 1 R
125 224 1 R
33 297 1 R
31 43 1 R
50 258 1 R
166 277 1 R
16 25 1 R
56 62 1 R
48 101 1 R
70 312 1 R
146 160 1 R
6 52 1 R
44 59 1 R
39 213 1 R
97 230 1 R
8 201 1 R
213 224 1 R
90 171 1 R
236 327 1 R
84 103 1 R
40 256 1 R
84 144 1 R
9 32 1 R
14 216 1 R
258 328 1 R
62 194 1 R
130 188 1 R
105 148 1 R
93 125 1 R
178 264 1 R
264 309 1 R
69 178 1 R
83 135 1 R
214 259 1 R
146 280 1 R
144 158 1 R
173 273 1 R
10 240 1 R
82 327 1 R
132 151 1 R
140 258 1 R
116 180 1 R
286 324 1 R
156 229 1 R
59 93 1 R
62 95 1 R
94 208 1 R
201 231 1 R
170 274 1 R
52 269 1 R
46 277 1 R
63 292 1 R
12 180 1 R
30 67 1 R
106 323 1 R
15 100 1 R
115 159 1 R
87 253 1 R
250 301 1 R
139 176 1 R
79 190 1 R
47 203 1 R
230 244 1 R
54 293 1 R
147 178 1 R
137 257 1 R
176 233 1 R
59 205 1 R
8 237 1 R
295 305 1 R
63 166 1 R
63 137 1 R
130 321 1 R
80 293 1 R
28 178 1 R
178 266 1 R
18 274 1 R
211 323 1 R
12 52 1 R
75 109 1 R
134 188 1 R
109 286 1 R
12 253 1 R
146 287 1 R
17 264 1 R
18 88 1 R
171 226 1 R
54 130 1 R
124 137 1 R
99 196 1 R
189 281 1 R
4 283 1 R
223 321 1 R
69 179 1 R
127 246 1 R
262 269 1 R
105 316 1 R
139 207 1 R
165 329 1 R
139 260 1 R
29 243 1 R
224 257 1 R
45 227 1 R
88 324 1 R
55 234 1 R
97 201 1 R
21 155 1 R
15 306 1 R
41 71 1 R
216 277 1 R
118 125 1 R
54 187 1 R
96 303 1 R
145 329 1 R
29 299 1 R
35 214 1 R
237 290 1 R
121 169 1 R
87 213 1 R
88 151 1 R
26 296 1 R
160 276 1 R
190 229 1 R
96 245 1 R
82 107 1 R
92 325 1 R
86 274 1 R
225 317 1 R
50 96 1 R
69 221 1 R
38 149 1 R
128 189 1 R
180 299 1 R
168 317 1 R
51 114 1 R
231 242 1 R
20 86 1 R
86 206 1 R
114 255 1 R
106 257 1 R
18 45 1 R
4 322 1 R
2 170 1 R
137 225 1 R
304 326 1 R
23 268 1 R
31 285 1 R
33 243 1 R
3 92 1 R
196 247 1 R
83 306 1 R
184 240 1 R
41 247 1 R
91 171 1 R
40 302 1 R
108 127 1 R
181 240 1 R
34 276 1 R
64 316 1 R
130 207 1 R
175 311 1 R
76 102 1 R
7 136 1 R
134 140 1 R
28 207 1 R
85 290 1 R
32 127 1 R
78 297 1 R
5 283 1 R
109 137 1 R
84 172 1 R
83 113 1 R
207 264 1 R
88 313 1 R
30 74 1 R
230 310 1 R
52 109 1 R
132 326 1 R
157 296 1 R
57 176 1 R
143 211 1 R
190 317 1 R
51 254 1 R
190 225 1 R
95 327 1 R
46 214 1 R
11 15 1 R
104 317 1 R
143 195 1 R
297 316 1 R
131 329 1 R
213 258 1 R
49 280 1 R
29 166 1 R
188 288 1 R
126 165 1 R
151 217 1 R
4 126 1 R
46 178 1 R
3 216 1 R
21 317 1 R
33 86 1 R
47 272 1 R
200 324 1 R
180 200 1 R
162 228 1 R
85 221 1 R
164 313 1 R
19 128 1 R
88 118 1 R
49 128 1 R
110 315 1 R
202 205 1 R
19 46 1 R
67 197 1 R
144 153 1 R
84 170 1 R
53 105 1 R
182 277 1 R
221 238 1 R
38 255 1 R
83 296 1 R
168 283 1 R
273 308 1 R
239 244 1 R
266 284 1 R
109 155 1 R
179 180 1 R
205 242 1 R
78 118 1 R
63 310 1 R
209 276 1 R
120 272 1 R
18 329 1 R
210 319 1 R
183 319 1 R
141 292 1 R
214 275 1 R
80 264 1 R
33 70 1 R
111 288 1 R
73 252 1 R
84 114 1 R
123 190 1 R
114 212 1 R
41 196 1 R
133 218 1 R
224 288 1 R
52 163 1 R
179 318 1 R
48 118 1 R
18 208 1 R
16 126 1 R
9 218 1 R
94 256 1 R
247 320 1 R
2 82 1 R
138 183 1 R
298 310 1 R
257 275 1 R
162 225 1 R
101 239 1 R
30 206 1 R
179 249 1 R
155 288 1 R
57 234 1 R
43 120 1 R
163 302 1 R
112 238 1 R
111 201 1 R
56 235 1 R
58 198 1 R
72 200 1 R
8 41 1 R
241 277 1 R
50 185 1 R
178 305 1 R
186 307 1 R
3 202 1 R
189 325 1 R
97 308 1 R
171 225 1 R
11 19 1 R
9 310 1 R
205 273 1 R
32 87 1 R
62 306 1 R
243 281 1 R
221 245 1 R
294 301 1 R
13 316 1 R
250 279 1 R
166 330 1 R
10 194 1 R
157 254 1 R
103 279 1 R
214 309 1 R
202 303 1 R
185 285 1 R
85 331 1 R
121 234 1 R
67 83 1 R
70 210 1 R
148 249 1 R
63 83 1 R
95 161 1 R
155 229 1 R
216 279 1 R
4 182 1 R
27 177 1 R
59 181 1 R
110 159 1 R
61 84 1 R
196 230 1 R
39 208 1 R
38 216 1 R
61 233 1 R
105 210 1 R
91 148 1 R
10 150 1 R
59 235 1 R
19 236 1 R
107 226 1 R
4 76 1 R
228 267 1 R
6 91 1 R
182 190 1 R
9 162 1 R
91 265 1 R
45 290 1 R
159 283 1 R
200 253 1 R
150 165 1 R
101 315 1 R
177 260 1 R
242 268 1 R
161 306 1 R
245 289 1 R
312 329 1 R
136 256 1 R
234 248 1 R
42 187 1 R
128 244 1 R
144 305 1 R
69 235 1 R
28 66 1 R
86 295 1 R
180 197 1 R
163 317 1 R
190 301 1 R
223 257 1 R
67 314 1 R
96 126 1 R
177 239 1 R
163 203 1 R
203 308 1 R
226 255 1 R
120 221 1 R
13 288 1 R
255 324 1 R
36 78 1 R
217 227 1 R
17 240 1 R
87 273 1 R
22 148 1 R
13 327 1 R
177 274 1 R
199 250 1 R
74 324 1 R
168 195 1 R
24 283 1 R
129 155 1 R
79 182 1 R
142 280 1 R
252 320 1 R
154 227 1 R
146 249 1 R
215 225 1 R
289 308 1 R
184 189 1 R
27 256 1 R
109 181 1 R
85 250 1 R
225 315 1 R
16 129 1 R
71 247 1 R
189 240 1 R
4 88 1 R
268 293 1 R
125 214 1 R
2 23 1 R
40 181 1 R
86 283 1 R
76 128 1 R
119 326 1 R
243 277 1 R
9 200 1 R
154 197 1 R
15 300 1 R
196 316 1 R
254 269 1 R
64 110 1 R
51 57 1 R
241 249 1 R
133 190 1 R
20 63 1 R
223 261 1 R
24 173 1 R
190 276 1 R
89 174 1 R
146 286 1 R
112 292 1 R
40 64 1 R
37 79 1 R
6 162 1 R
129 233 1 R
72 303 1 R
227 331 1 R
33 220 1 R
24 179 1 R
127 164 1 R
22 161 1 R
308 311 1 R
65 99 1 R
155 212 1 R
220 247 1 R
4 132 1 R
189 324 1 R
60 217 1 R
190 237 1 R
96 261 1 R
143 185 1 R
150 264 1 R
56 281 1 R
34 40 1 R
196 275 1 R
207 283 1 R
171 213 1 R
55 189 1 R
122 263 1 R
219 271 1 R
108 244 1 R
75 120 1 R
79 177 1 R
42 271 1 R
35 317 1 R
83 205 1 R
44 96 1 R
141 230 1 R
19 178 1 R
73 151 1 R
50 154 1 R
102 198 1 R
238 313 1 R
40 101 1 R
2 126 1 R
206 235 1 R
199 283 1 R
243 260 1 R
33 320 1 R
72 132 1 R
16 328 1 R
41 164 1 R
101 155 1 R
20 115 1 R
274 316 1 R
19 163 1 R
259 328 1 R
190 262 1 R
245 298 1 R
88 188 1 R
18 100 1 R
111 247 1 R
143 194 1 R
129 299 1 R
105 314 1 R
99 266 1 R
79 122 1 R
146 326 1 R
57 162 1 R
59 276 1 R
180 290 1 R
171 283 1 R
10 62 1 R
17 50 1 R
149 220 1 R
173 310 1 R
12 200 1 R
209 285 1 R
27 206 1 R
73 243 1 R
176 206 1 R
85 178 1 R
275 292 1 R
41 70 1 R
231 327 1 R
54 112 1 R
21 35 1 R
176 201 1 R
85 300 1 R
83 216 1 R
49 137 1 R
125 153 1 R
50 174 1 R
77 262 1 R
125 262 1 R
112 237 1 R
97 166 1 R
213 215 1 R
74 263 1 R
239 303 1 R
175 327 1 R
38 163 1 R
31 62 1 R
127 307 1 R
222 315 1 R
169 308 1 R
107 114 1 R
57 220 1 R
267 319 1 R
3 101 1 R
118 250 1 R
196 297 1 R
2 276 1 R
20 315 1 R
298 317 1 R
55 100 1 R
216 282 1 R
181 330 1 R
129 295 1 R
29 190 1 R
90 260 1 R
208 283 1 R
79 256 1 R
67 92 1 R
84 186 1 R
88 258 1 R
90 268 1 R
43 329 1 R
150 286 1 R
121 248 1 R
201 253 1 R
110 319 1 R
14 175 1 R
117 223 1 R
51 111 1 R
143 268 1 R
158 229 1 R
205 248 1 R
34 101 1 R
140 205 1 R
111 306 1 R
9 213 1 R
40 278 1 R
207 229 1 R
21 322 1 R
117 224 1 R
35 144 1 R
251 325 1 R
78 202 1 R
152 219 1 R
79 316 1 R
155 242 1 R
193 323 1 R
11 58 1 R
147 201 1 R
204 314 1 R
135 230 1 R
98 305 1 R
68 74 1 R
183 194 1 R
170 212 1 R
96 106 1 R
12 148 1 R
49 228 1 R
76 287 1 R
111 327 1 R
100 157 1 R
157 225 1 R
238 278 1 R
173 318 1 R
27 289 1 R
85 240 1 R
125 203 1 R
16 225 1 R
45 68 1 R
210 312 1 R
136 320 1 R
281 286 1 R
273 296 1 R
272 303 1 R
21 169 1 R
77 235 1 R
246 324 1 R
109 220 1 R
20 308 1 R
57 151 1 R
37 142 1 R
78 109 1 R
229 309 1 R
100 158 1 R
54 91 1 R
90 210 1 R
45 275 1 R
34 164 1 R
183 257 1 R
143 265 1 R
17 331 1 R
83 310 1 R
132 224 1 R
72 92 1 R
19 37 1 R
64 144 1 R
282 321 1 R
119 167 1 R
107 329 1 R
71 153 1 R
5 322 1 R
93 178 1 R
130 293 1 R
238 287 1 R
9 85 1 R
69 105 1 R
51 196 1 R
207 323 1 R
162 325 1 R
66 76 1 R
38 270 1 R
130 274 1 R
47 238 1 R
271 318 1 R
12 201 1 R
79 142 1 R
25 280 1 R
36 251 1 R
294 304 1 R
156 216 1 R
74 259 1 R
76 81 1 R
228 287 1 R
249 269 1 R
180 217 1 R
62 175 1 R
96 297 1 R
36 146 1 R
183 274 1 R
236 278 1 R
179 265 1 R
91 307 1 R
142 220 1 R
36 56 1 R
224 315 1 R
2 295 1 R
317 326 1 R
86 176 1 R
93 270 1 R
73 187 1 R
93 301 1 R
134 151 1 R
185 317 1 R
58 140 1 R
51 100 1 R
251 330 1 R
165 304 1 R
54 61 1 R
136 254 1 R
209 310 1 R
248 314 1 R
197 271 1 R
258 285 1 R
15 56 1 R
18 39 1 R
222 322 1 R
228 304 1 R
210 267 1 R
82 319 1 R
144 206 1 R
149 224 1 R
19 168 1 R
63 134 1 R
195 254 1 R
289 312 1 R
92 119 1 R
143 192 1 R
29 48 1 R
181 203 1 R
98 261 1 R
12 235 1 R
40 264 1 R
97 249 1 R
190 327 1 R
56 259 1 R
86 259 1 R
225 314 1 R
69 202 1 R
121 260 1 R
124 202 1 R
37 70 1 R
124 219 1 R
70 319 1 R
22 214 1 R
56 316 1 R
46 179 1 R
156 268 1 R
27 199 1 R
80 311 1 R
158 290 1 R
63 188 1 R
178 242 1 R
247 322 1 R
115 161 1 R
104 286 1 R
64 131 1 R
186 248 1 R
16 55 1 R
153 330 1 R
41 129 1 R
33 240 1 R
177 207 1 R
164 198 1 R
270 304 1 R
181 303 1 R
135 304 1 R
50 144 1 R
244 269 1 R
167 260 1 R
288 296 1 R
182 262 1 R
189 248 1 R
59 325 1 R
127 161 1 R
230 328 1 R
72 171 1 R
69 243 1 R
248 293 1 R
75 144 1 R
88 273 1 R
60 222 1 R
216 257 1 R
34 121 1 R
115 141 1 R
202 243 1 R
32 186 1 R
121 252 1 R
23 331 1 R
104 301 1 R
109 303 1 R
121 154 1 R
181 195 1 R
202 330 1 R
5 263 1 R
10 283 1 R
247 251 1 R
208 218 1 R
99 214 1 R
39 156 1 R
52 176 1 R
36 116 1 R
203 234 1 R
144 324 1 R
44 245 1 R
185 278 1 R
158 225 1 R
96 155 1 R
25 72 1 R
227 245 1 R
228 295 1 R
157 311 1 R
108 283 1 R
101 178 1 R
182 247 1 R
208 264 1 R
14 135 1 R
217 249 1 R
39 204 1 R
241 302 1 R
74 118 1 R
53 76 1 R
184 228 1 R
136 232 1 R
89 143 1 R
106 170 1 R
137 261 1 R
5 128 1 R
163 214 1 R
177 323 1 R
96 219 1 R
224 263 1 R
21 279 1 R
110 208 1 R
24 104 1 R
164 215 1 R
259 269 1 R
33 294 1 R
50 292 1 R
173 237 1 R
160 190 1 R
145 158 1 R
192 198 1 R
212 296 1 R
27 194 1 R
17 230 1 R
168 228 1 R
14 242 1 R
77 305 1 R
46 148 1 R
40 231 1 R
8 235 1 R
19 192 1 R
82 288 1 R
131 310 1 R
24 310 1 R
54 96 1 R
286 316 1 R
98 297 1 R
206 266 1 R
111 158 1 R
204 266 1 R
72 266 1 R
55 175 1 R
191 324 1 R
58 173 1 R
218 266 1 R
23 177 1 R
150 255 1 R
262 286 1 R
255 273 1 R
62 148 1 R
144 237 1 R
120 121 1 R
127 150 1 R
97 100 1 R
268 315 1 R
39 248 1 R
56 246 1 R
32 208 1 R
121 233 1 R
175 216 1 R
80 126 1 R
35 287 1 R
312 325 1 R
2 108 1 R
9 76 1 R
212 309 1 R
189 211 1 R
75 93 1 R
99 224 1 R
133 275 1 R
57 237 1 R
81 155 1 R
150 259 1 R
221 267 1 R
51 156 1 R
7 118 1 R
100 118 1 R
65 232 1 R
90 267 1 R
150 216 1 R
79 160 1 R
99 208 1 R
91 254 1 R
202 203 1 R
213 248 1 R
86 258 1 R
106 266 1 R
54 203 1 R
116 248 1 R
53 125 1 R
60 208 1 R
97 310 1 R
62 249 1 R
201 252 1 R
169 293 1 R
128 249 1 R
47 231 1 R
18 151 1 R
16 273 1 R
82 225 1 R
150 181 1 R
25 329 1 R
191 285 1 R
77 308 1 R
108 128 1 R
71 297 1 R
150 306 1 R
69 129 1 R
274 290 1 R
56 276 1 R
38 80 1 R
12 150 1 R
195 243 1 R
17 286 1 R
39 65 1 R
37 268 1 R
240 285 1 R
81 121 1 R
142 284 1 R
11 141 1 R
196 216 1 R
58 186 1 R
11 323 1 R
136 278 1 R
22 240 1 R
118 173 1 R
230 274 1 R
19 218 1 R
45 67 1 R
109 153 1 R
7 222 1 R
108 191 1 R
104 213 1 R
254 276 1 R
144 271 1 R
61 148 1 R
81 288 1 R
72 294 1 R
183 311 1 R
167 302 1 R
121 183 1 R
199 225 1 R
195 242 1 R
157 183 1 R
185 325 1 R
116 202 1 R
64 101 1 R
99 229 1 R
65 199 1 R
106 279 1 R
102 301 1 R
83 166 1 R
218 322 1 R
85 253 1 R
73 194 1 R
65 236 1 R
127 294 1 R
272 315 1 R
244 312 1 R
30 191 1 R
25 304 1 R
81 170 1 R
201 214 1 R
9 257 1 R
57 312 1 R
54 140 1 R
58 299 1 R
131 181 1 R
232 290 1 R
93 118 1 R
57 244 1 R
51 247 1 R
71 98 1 R
103 171 1 R
51 103 1 R
4 167 1 R
5 271 1 R
107 109 1 R
38 229 1 R
92 276 1 R
78 321 1 R
286 290 1 R
46 157 1 R
72 89 1 R
207 331 1 R
203 291 1 R
37 195 1 R
207 318 1 R
138 252 1 R
135 302 1 R
88 263 1 R
208 236 1 R
15 246 1 R
143 281 1 R
141 276 1 R
187 210 1 R
84 258 1 R
124 299 1 R
63 216 1 R
38 328 1 R
229 235 1 R
46 88 1 R
27 279 1 R
232 285 1 R
108 182 1 R
295 312 1 R
34 251 1 R
2 174 1 R
12 313 1 R
290 297 1 R
255 268 1 R
109 311 1 R
27 56 1 R
146 203 1 R
49 146 1 R
115 244 1 R
130 239 1 R
78 279 1 R
270 271 1 R
65 294 1 R
105 293 1 R
115 258 1 R
14 185 1 R
222 233 1 R
11 40 1 R
162 201 1 R
23 322 1 R
94 297 1 R
177 311 1 R
84 231 1 R
70 318 1 R
89 258 1 R
126 180 1 R
165 317 1 R
253 328 1 R
40 207 1 R
235 246 1 R
72 91 1 R
120 166 1 R
49 315 1 R
26 141 1 R
74 165 1 R
149 225 1 R
146 271 1 R
175 219 1 R
215 329 1 R
60 177 1 R
40 68 1 R
112 219 1 R
71 178 1 R
10 96 1 R
28 122 1 R
72 274 1 R
221 291 1 R
206 217 1 R
81 266 1 R
152 252 1 R
132 269 1 R
30 258 1 R
118 193 1 R
79 81 1 R
162 163 1 R
2 318 1 R
208 304 1 R
10 325 1 R
87 132 1 R
157 315 1 R
44 252 1 R
202 208 1 R
27 89 1 R
117 275 1 R
85 153 1 R
3 203 1 R
61 192 1 R
3 296 1 R
117 137 1 R
168 215 1 R
220 321 1 R
186 212 1 R
55 307 1 R
54 181 1 R
26 279 1 R
118 276 1 R
167 183 1 R
91 112 1 R
177 327 1 R
197 272 1 R
63 164 1 R
109 169 1 R
73 263 1 R
250 265 1 R
195 211 1 R
119 199 1 R
116 187 1 R
41 194 1 R
92 212 1 R
49 311 1 R
142 151 1 R
13 224 1 R
125 172 1 R
18 237 1 R
185 283 1 R
129 273 1 R
21 173 1 R
102 302 1 R
16 318 1 R
143 267 1 R
22 174 1 R
10 151 1 R
28 301 1 R
236 272 1 R
207 316 1 R
25 224 1 R
149 234 1 R
62 314 1 R
67 257 1 R
24 134 1 R
36 136 1 R
31 254 1 R
13 301 1 R
22 181 1 R
69 81 1 R
111 162 1 R
201 221 1 R
74 277 1 R
103 127 1 R
167 330 1 R
30 204 1 R
210 293 1 R
36 83 1 R
163 262 1 R
9 73 1 R
59 213 1 R
93 228 1 R
300 331 1 R
216 245 1 R
225 232 1 R
264 311 1 R
103 238 1 R
28 315 1 R
181 322 1 R
32 49 1 R
112 246 1 R
3 24 1 R
93 152 1 R
11 223 1 R
85 98 1 R
129 214 1 R
210 251 1 R
206 248 1 R
69 294 1 R
56 237 1 R
247 285 1 R
21 176 1 R
111 156 1 R
35 303 1 R
136 190 1 R
63 141 1 R
166 252 1 R
52 192 1 R
27 98 1 R
154 289 1 R
27 294 1 R
18 290 1 R
204 216 1 R
96 153 1 R
51 89 1 R
127 157 1 R
246 293 1 R
61 305 1 R
107 330 1 R
87 234 1 R
52 324 1 R
35 188 1 R
188 233 1 R
11 188 1 R
13 133 1 R
27 92 1 R
193 305 1 R
20 313 1 R
75 178 1 R
8 64 1 R
27 274 1 R
141 208 1 R
164 191 1 R
93 150 1 R
100 103 1 R
164 306 1 R
195 217 1 R
97 289 1 R
154 167 1 R
275 286 1 R
256 259 1 R
46 107 1 R
192 193 1 R
275 327 1 R
46 189 1 R
85 114 1 R
260 320 1 R
157 239 1 R
128 160 1 R
101 325 1 R
207 327 1 R
187 188 1 R
141 188 1 R
37 200 1 R
33 45 1 R
67 118 1 R
295 301 1 R
110 311 1 R
193 296 1 R
175 321 1 R
116 302 1 R
23 52 1 R
71 219 1 R
239 281 1 R
86 278 1 R
48 88 1 R
29 222 1 R
311 331 1 R
143 275 1 R
152 196 1 R
43 44 1 R
71 316 1 R
239 248 1 R
68 328 1 R
184 259 1 R
32 255 1 R
24 147 1 R
107 193 1 R
82 98 1 R
32 199 1 R
240 331 1 R
27 271 1 R
141 281 1 R
34 140 1 R
165 166 1 R
133 202 1 R
190 200 1 R
51 68 1 R
197 280 1 R
86 213 1 R
81 124 1 R
90 123 1 R
165 309 1 R
174 271 1 R
163 210 1 R
242 319 1 R
8 212 1 R
143 228 1 R
93 246 1 R
2 200 1 R
35 227 1 R
37 241 1 R
74 125 1 R
290 320 1 R
31 50 1 R
109 226 1 R
102 110 1 R
74 202 1 R
269 304 1 R
206 243 1 R
61 311 1 R
204 207 1 R
255 291 1 R
79 146 1 R
145 313 1 R
84 218 1 R
62 270 1 R
154 325 1 R
267 268 1 R
42 323 1 R
207 315 1 R
54 70 1 R
147 198 1 R
42 287 1 R
47 156 1 R
174 254 1 R
217 218 1 R
37 245 1 R
163 186 1 R
180 254 1 R
150 242 1 R
91 92 1 R
264 310 1 R
154 190 1 R
32 178 1 R
73 117 1 R
104 270 1 R
94 110 1 R
191 279 1 R
153 258 1 R
134 308 1 R
146 277 1 R
151 167 1 R
148 235 1 R
68 291 1 R
253 309 1 R
200 240 1 R
95 107 1 R
158 232 1 R
137 304 1 R
81 269 1 R
214 227 1 R
62 258 1 R
201 271 1 R
224 254 1 R
93 127 1 R
8 13 1 R
130 146 1 R
123 299 1 R
38 164 1 R
42 164 1 R
123 307 1 R
70 231 1 R
101 328 1 R
48 265 1 R
49 330 1 R
56 102 1 R
90 138 1 R
235 244 1 R
131 139 1 R
230 308 1 R
86 155 1 R
189 291 1 R
133 144 1 R
58 101 1 R
277 292 1 R
13 156 1 R
12 45 1 R
46 164 1 R
13 128 1 R
89 110 1 R
243 288 1 R
2 284 1 R
110 181 1 R
147 149 1 R
37 271 1 R
86 296 1 R
18 312 1 R
55 98 1 R
43 130 1 R
208 230 1 R
144 161 1 R
94 177 1 R
84 134 1 R
57 110 1 R
121 317 1 R
19 38 1 R
316 331 1 R
111 152 1 R
98 288 1 R
153 186 1 R
290 305 1 R
65 109 1 R
6 80 1 R
91 247 1 R
169 199 1 R
91 95 1 R
64 278 1 R
101 265 1 R
37 149 1 R
59 203 1 R
67 291 1 R
24 38 1 R
154 207 1 R
246 305 1 R
183 240 1 R
47 312 1 R
41 216 1 R
142 194 1 R
194 232 1 R
62 269 1 R
237 272 1 R
212 258 1 R
57 122 1 R
100 294 1 R
60 92 1 R
138 291 1 R
114 293 1 R
55 199 1 R
246 301 1 R
115 260 1 R
143 322 1 R
204 244 1 R
204 245 1 R
61 205 1 R
305 317 1 R
193 228 1 R
55 163 1 R
96 168 1 R
143 277 1 R
123 156 1 R
21 50 1 R
11 12 1 R
114 284 1 R
127 142 1 R
78 136 1 R
49 81 1 R
178 277 1 R
116 150 1 R
76 329 1 R
49 223 1 R
265 323 1 R
101 252 1 R
235 289 1 R
38 317 1 R
109 167 1 R
81 230 1 R
77 174 1 R
48 124 1 R
171 281 1 R
53 181 1 R
51 159 1 R
107 230 1 R
37 284 1 R
108 231 1 R
213 251 1 R
82 309 1 R
261 322 1 R
118 242 1 R
69 248 1 R
112 193 1 R
79 238 1 R
41 320 1 R
206 292 1 R
191 224 1 R
123 322 1 R
121 199 1 R
52 240 1 R
204 218 1 R
120 145 1 R
91 243 1 R
64 217 1 R
199 258 1 R
108 195 1 R
86 221 1 R
245 294 1 R
78 159 1 R
4 15 1 R
13 43 1 R
13 142 1 R
103 322 1 R
42 292 1 R
211 313 1 R
259 331 1 R
85 282 1 R
172 248 1 R
55 248 1 R
52 71 1 R
68 289 1 R
51 234 1 R
108 324 1 R
21 51 1 R
319 331 1 R
28 190 1 R
193 300 1 R
172 174 1 R
85 224 1 R
56 309 1 R
258 310 1 R
89 307 1 R
143 238 1 R
126 187 1 R
280 307 1 R
195 306 1 R
77 137 1 R
69 106 1 R
107 167 1 R
6 98 1 R
31 300 1 R
67 202 1 R
30 330 1 R
2 138 1 R
160 266 1 R
147 231 1 R
72 165 1 R
98 329 1 R
105 198 1 R
238 258 1 R
77 287 1 R
175 211 1 R
87 101 1 R
49 287 1 R
37 198 1 R
74 169 1 R
259 285 1 R
234 277 1 R
173 269 1 R
36 248 1 R
63 162 1 R
40 107 1 R
30 194 1 R
146 221 1 R
38 166 1 R
57 81 1 R
49 243 1 R
123 139 1 R
8 145 1 R
65 285 1 R
26 169 1 R
32 246 1 R
21 133 1 R
95 205 1 R
77 241 1 R
16 246 1 R
71 97 1 R
21 315 1 R
210 283 1 R
83 327 1 R
137 251 1 R
189 250 1 R
211 226 1 R
34 61 1 R
17 245 1 R
93 283 1 R
170 266 1 R
84 119 1 R
152 180 1 R
154 187 1 R
23 264 1 R
194 297 1 R
116 331 1 R
124 210 1 R
108 199 1 R
119 304 1 R
91 274 1 R
91 152 1 R
34 134 1 R
43 249 1 R
286 306 1 R
42 49 1 R
76 263 1 R
139 321 1 R
63 208 1 R
46 193 1 R
58 172 1 R
92 130 1 R
235 255 1 R
53 115 1 R
70 202 1 R
176 194 1 R
155 208 1 R
185 219 1 R
164 259 1 R
205 299 1 R
103 320 1 R
209 265 1 R
212 311 1 R
47 227 1 R
65 91 1 R
193 329 1 R
297 313 1 R
12 227 1 R
93 280 1 R
53 139 1 R
67 245 1 R
124 254 1 R
152 156 1 R
11 125 1 R
176 274 1 R
163 224 1 R
42 182 1 R
13 60 1 R
126 146 1 R
177 187 1 R
36 289 1 R
26 316 1 R
186 216 1 R
173 240 1 R
101 257 1 R
56 109 1 R
50 193 1 R
3 86 1 R
86 139 1 R
210 255 1 R
72 140 1 R
18 327 1 R
11 151 1 R
204 315 1 R
50 141 1 R
55 219 1 R
122 219 1 R
215 291 1 R
161 202 1 R
137 209 1 R
26 65 1 R
104 134 1 R
91 297 1 R
113 128 1 R
7 219 1 R
202 290 1 R
11 179 1 R
76 307 1 R
162 319 1 R
56 226 1 R
7 76 1 R
83 116 1 R
257 315 1 R
104 183 1 R
39 202 1 R
36 152 1 R
89 98 1 R
12 196 1 R
5 122 1 R
28 51 1 R
28 179 1 R
138 180 1 R
64 182 1 R
15 213 1 R
132 172 1 R
99 246 1 R
5 308 1 R
166 270 1 R
52 327 1 R
160 177 1 R
69 327 1 R
135 143 1 R
70 314 1 R
103 298 1 R
11 224 1 R
12 101 1 R
263 281 1 R
24 254 1 R
31 34 1 R
40 97 1 R
136 175 1 R
52 323 1 R
42 299 1 R
13 209 1 R
53 314 1 R
106 149 1 R
56 162 1 R
21 235 1 R
48 237 1 R
3 188 1 R
97 131 1 R
9 272 1 R
62 225 1 R
41 86 1 R
88 126 1 R
75 171 1 R
12 256 1 R
140 239 1 R
24 121 1 R
76 231 1 R
56 234 1 R
63 279 1 R
187 250 1 R
106 196 1 R
136 290 1 R
186 261 1 R
43 126 1 R
73 199 1 R
98 153 1 R
285 330 1 R
15 266 1 R
233 314 1 R
60 90 1 R
66 71 1 R
185 314 1 R
283 305 1 R
163 315 1 R
214 232 1 R
1 2 16807 R
331 332 8403 O
331 333 8403 Y
331 334 8403 G
331 335 8403 B
331 336 8403 I
331 337 8403 V
