343 456
158 293 1034 O
255 262 4415 V
155 341 6123 G
42 330 13948 G
30 169 15144 B
305 338 4466 R
110 289 8264 B
246 307 12155 R
77 210 3810 B
59 146 2683 B
235 323 9147 Y
168 272 4483 R
225 238 8956 Y
21 303 7677 B
98 296 1043 B
256 257 9398 Y
247 274 13099 B
129 156 14469 G
94 164 11837 G
124 233 12867 G
53 275 2370 Y
186 342 5126 Y
51 277 4520 G
10 230 8129 R
253 261 11978 R
191 251 10274 Y
85 190 3814 O
135 159 9804 O
188 309 14810 Y
218 335 13913 G
149 191 7653 B
98 262 407 O
41 311 6395 R
124 205 14272 I
234 254 16393 G
248 334 15433 R
184 286 4961 O
32 163 5964 R
31 296 12642 V
151 210 9642 R
114 317 12482 Y
229 252 16188 R
220 291 7144 R
34 139 13340 O
111 288 58 G
103 226 2955 O
184 229 6781 R
269 339 5073 R
144 290 3756 I
36 37 14071 I
36 201 11474 V
283 286 5016 G
239 277 644 B
199 311 5276 O
13 110 2695 R
97 295 7325 O
170 341 12278 B
261 291 4874 G
115 256 5213 G
20 56 6977 I
40 253 8854 O
64 72 2402 I
99 227 10776 I
1 122 14198 B
61 331 7880 B
17 82 14766 O
203 278 15025 G
267 294 14176 G
65 179 11640 B
263 341 11182 O
21 189 6864 V
45 319 12830 B
2 79 7080 O
49 299 2369 V
132 322 14100 Y
125 242 1778 B
250 310 13156 R
159 258 6338 O
113 298 3317 Y
215 325 8459 B
13 87 8616 I
219 328 2362 G
209 319 4038 R
212 336 12121 O
116 340 1409 G
72 108 9455 I
136 283 6997 G
34 338 16057 I
42 150 5404 O
206 335 1012 I
231 324 8914 G
95 208 420 B
71 196 15057 R
19 146 12465 R
18 181 2974 I
89 147 4223 R
198 302 7685 O
90 232 6470 G
273 316 12693 I
52 145 4565 O
137 214 9584 B
202 288 13260 V
115 326 13314 V
221 332 15339 B
31 282 5394 O
100 218 11048 R
100 314 14372 Y
118 182 9051 O
80 282 12383 Y
44 146 12722 O
234 257 16560 V
30 164 6969 Y
203 304 8980 I
99 217 7103 Y
10 33 9599 Y
93 314 16322 R
129 284 11894 R
232 307 1092 I
123 199 4086 G
176 286 7620 I
14 222 10798 I
6 209 5247 Y
28 30 1438 Y
137 259 10898 O
29 113 7348 B
51 56 12644 G
83 146 16179 Y
9 332 473 Y
39 93 42 V
124 197 14239 V
210 297 8609 G
217 237 7506 V
186 236 12485 V
20 277 7970 I
56 292 14576 Y
24 211 11327 I
83 309 455 O
27 43 12071 I
26 195 9943 V
105 315 13670 V
252 286 15665 O
1 265 11937 R
203 206 1523 O
131 246 7876 O
306 340 15212 I
92 335 2993 B
262 308 272 I
200 295 8388 V
279 290 5238 O
44 284 7025 Y
102 332 1971 O
47 166 1486 O
149 230 7483 R
9 27 15644 Y
178 332 7120 G
234 266 11680 I
53 219 16199 B
16 288 10715 B
168 177 1825 G
107 334 6961 G
180 290 3119 R
45 75 7918 I
249 315 12433 Y
148 331 2085 Y
241 272 1332 R
189 273 3922 V
74 267 14615 O
112 309 14434 O
27 178 15265 Y
179 274 15846 V
15 37 15517 R
170 228 5483 R
30 183 10074 V
177 259 13211 O
163 294 15481 O
54 71 10690 B
223 238 60 G
94 260 14862 R
70 262 8033 G
96 208 11276 V
190 271 3394 V
117 190 11969 Y
167 254 14401 R
91 166 9585 B
157 166 6653 O
182 220 8490 I
65 279 8592 O
68 195 3307 G
155 299 1804 B
92 100 14674 B
153 264 5897 O
17 105 4896 G
66 159 1835 I
87 342 13346 V
86 267 13189 R
143 213 914 Y
79 251 15748 I
46 205 11674 Y
120 227 12896 G
123 305 4743 R
11 163 6346 O
34 67 7643 V
275 308 5827 B
54 132 12823 R
17 213 3277 O
132 240 10255 O
15 200 2683 O
43 159 15446 O
82 315 3266 G
55 101 16163 R
154 191 11017 R
63 238 5954 Y
100 133 9902 B
113 280 14823 V
2 198 10962 G
78 336 1835 B
188 326 10440 G
136 193 10037 B
199 244 9525 Y
89 174 10413 I
156 268 12970 I
158 215 10713 R
46 233 12496 G
66 272 13954 Y
219 330 15791 Y
24 39 179 R
150 210 11873 Y
152 198 9602 Y
127 325 15797 B
49 114 13244 V
48 228 6689 B
101 333 11026 Y
175 323 6057 Y
61 181 517 Y
227 260 9099 V
256 266 119 O
18 73 6323 I
93 133 13617 V
167 320 11491 Y
64 182 11588 V
28 327 5965 B
243 280 14166 V
48 166 199 I
71 141 9592 I
19 284 6842 B
139 305 15363 O
126 161 6843 B
102 204 13207 O
243 245 3030 I
173 214 8656 V
197 324 1827 G
175 295 790 V
15 97 2014 G
223 339 12415 Y
81 165 5762 O
7 341 3827 R
255 275 4129 R
42 151 14304 B
291 321 13756 O
204 216 15164 R
114 207 16540 R
38 186 2491 I
171 219 4902 B
287 333 207 I
87 172 6345 Y
52 110 9663 O
5 246 8598 I
12 72 4981 O
177 313 7367 I
5 46 16749 I
143 265 13809 R
73 104 8318 Y
125 243 886 V
207 208 4751 B
67 190 10865 V
130 284 6764 G
26 62 6883 V
46 131 2423 Y
134 269 11863 B
119 124 15704 I
76 285 14665 O
3 242 13270 R
65 84 8680 R
299 317 2806 R
198 329 8823 G
1 144 14838 O
15 201 5140 R
62 68 1597 G
134 337 9141 V
135 272 11749 I
185 333 4080 R
183 327 10209 I
224 339 13518 V
24 212 2491 O
181 192 2025 O
148 163 14291 O
77 145 8105 I
239 274 10087 B
134 231 11554 O
91 103 912 R
57 181 9791 G
243 298 13175 B
167 271 13453 Y
236 323 8964 Y
104 333 4353 Y
130 156 1853 G
204 221 9450 R
228 263 390 G
26 76 16056 V
95 114 12724 V
71 160 11324 G
45 96 10242 B
33 108 10342 R
244 305 7399 V
226 282 588 I
165 304 11374 R
145 297 4041 V
173 187 14629 V
41 194 9784 Y
122 290 1714 O
324 337 4473 G
4 222 9569 G
140 230 5799 G
38 323 6344 R
68 160 11483 O
128 208 2179 I
138 282 11831 V
94 169 451 G
35 194 7965 B
16 336 6638 I
7 299 11790 I
281 285 4827 I
58 79 11213 R
72 118 654 R
88 256 9547 O
32 267 13651 R
158 276 10160 B
84 274 13329 V
63 339 12442 R
250 301 10966 G
45 128 13851 I
75 209 1785 Y
36 343 16230 O
25 173 3257 R
301 325 14678 Y
142 199 3069 I
127 250 11485 I
202 238 10628 R
137 187 10883 Y
36 147 11491 V
17 22 9716 R
86 229 7932 Y
73 192 1278 G
6 136 13205 Y
119 324 10018 O
217 270 16513 V
204 292 7215 V
55 248 16462 G
174 340 5415 Y
59 309 12792 G
112 326 10265 R
94 120 6275 R
81 217 11825 I
89 306 1239 B
42 328 10220 R
80 296 259 O
22 143 15100 O
143 312 1610 Y
57 331 14420 O
109 165 3385 G
253 303 9456 O
35 121 16382 G
232 329 5946 V
47 228 16179 Y
56 216 10017 Y
50 69 9278 G
89 343 2450 Y
50 240 105 O
8 291 16691 R
171 275 14386 I
106 285 11287 B
26 106 488 Y
310 327 13200 O
154 230 1004 I
4 35 10026 Y
109 203 14032 G
41 142 924 B
34 117 5052 I
8 182 3184 B
126 273 4096 I
41 318 6098 G
85 167 6824 R
177 241 1728 R
134 224 5504 R
234 320 9895 B
11 331 212 Y
69 173 6437 R
110 172 10469 V
27 258 12545 V
65 180 7891 R
161 162 9149 I
24 78 13607 B
21 60 5558 R
21 40 9644 R
1 312 16638 I
79 302 10789 R
165 270 13051 Y
242 264 12083 O
235 295 11261 Y
60 273 6342 Y
278 335 7516 G
161 316 13331 O
136 176 4598 Y
93 211 1961 I
88 326 7485 I
300 327 2585 I
227 237 8312 O
113 249 10858 R
74 229 12586 R
111 336 12173 G
23 87 7694 B
58 191 2107 Y
14 161 10959 Y
12 33 3089 I
55 287 1881 V
242 245 15034 B
29 315 13429 I
25 50 1130 R
137 313 1422 R
103 157 2146 G
193 209 4705 R
90 246 6966 I
35 318 2076 R
23 186 9576 Y
3 153 14465 B
68 196 5790 I
152 232 13468 V
145 289 7445 G
285 293 14093 G
73 185 8902 G
33 140 11221 B
158 281 5228 O
70 296 8023 I
116 156 2074 V
132 141 16137 Y
268 340 12889 B
247 277 11133 O
103 138 15791 O
162 222 14216 O
253 321 12201 I
250 300 1123 O
55 107 6070 R
121 222 16552 R
50 322 8769 O
225 288 4527 G
276 325 1325 G
