343 456
1 2 6807 V
1 3 512 G
2 4 2006 G
3 4 15274 R
4 5 4321 R
4 6 2108 R
5 7 10090 I
6 7 3309 G
7 8 5758 B
7 9 14883 Y
8 10 12951 O
9 10 15111 O
10 11 15573 Y
10 12 6524 G
11 13 16098 R
12 13 13981 R
13 14 666 I
13 15 14646 O
14 16 5886 V
15 16 9370 B
16 17 11378 V
16 18 12768 R
17 19 12201 R
18 19 9818 O
19 20 5280 B
19 21 12929 I
20 22 12918 I
21 22 1207 R
22 23 7302 V
22 24 6998 O
23 25 9043 R
24 25 573 V
25 26 13697 O
25 27 13239 I
26 28 10311 B
27 28 11851 I
28 29 7065 R
28 30 15613 I
29 31 9602 O
30 31 11335 O
31 32 12284 B
31 33 9374 B
32 34 1329 O
33 34 13086 Y
34 35 6234 G
34 36 4211 O
35 37 9351 G
36 37 3963 B
37 38 3094 I
37 39 16476 B
38 40 5086 G
39 40 8649 O
40 41 9453 V
40 42 9098 O
41 43 5359 V
42 43 7523 O
43 44 13703 O
43 45 12359 G
44 46 3430 Y
45 46 9930 R
46 47 16167 Y
46 48 5919 I
47 49 1342 R
48 49 13958 G
49 50 9268 I
49 51 3048 R
50 52 1177 R
51 52 1066 R
52 53 16687 Y
52 54 6095 G
53 55 156 R
54 55 14063 B
55 56 5479 Y
55 57 4683 I
56 58 2382 G
57 58 11581 G
58 59 9787 Y
58 60 766 V
59 61 16707 O
60 61 3390 Y
61 62 6802 V
61 63 15202 O
62 64 164 O
63 64 2615 I
64 65 2833 O
64 66 4296 O
65 67 4884 G
66 67 3546 V
67 68 8260 G
67 69 190 O
68 70 8055 G
69 70 15269 G
70 71 3335 R
70 72 4312 O
71 73 16334 I
72 73 10715 Y
73 74 95 G
73 75 4486 B
74 76 15200 O
75 76 14834 R
76 77 16545 I
76 78 11539 Y
77 79 15524 Y
78 79 14451 R
79 80 3988 V
79 81 2334 Y
80 82 12199 I
81 82 11079 Y
82 83 4631 I
82 84 15097 G
83 85 14329 I
84 85 6765 I
85 86 14220 G
85 87 361 V
86 88 5725 R
87 88 3061 Y
88 89 6096 R
88 90 16385 O
89 91 898 R
90 91 13419 V
91 92 14210 Y
91 93 2776 I
92 94 7419 Y
93 94 3116 B
94 95 486 O
94 96 15064 G
95 97 11792 Y
96 97 6103 B
97 98 3416 V
97 99 368 Y
98 100 3733 G
99 100 912 B
100 101 4238 Y
100 102 10630 R
101 103 3589 R
102 103 9620 B
103 104 7341 R
103 105 1214 Y
104 106 5115 Y
105 106 10391 V
106 107 13803 V
106 108 2420 V
107 109 12990 R
108 109 197 O
109 110 14653 R
109 111 450 B
110 112 1166 G
111 112 4932 B
112 113 5479 I
112 114 4226 B
113 115 5812 G
114 115 4488 B
115 116 7167 B
115 117 12945 I
116 118 15875 I
117 118 11682 I
118 119 12899 V
118 120 8321 I
119 121 16697 V
120 121 1522 R
121 122 6833 O
121 123 12334 I
122 124 448 I
123 124 8857 I
124 125 1287 R
124 126 16399 V
125 127 10735 B
126 127 15561 I
127 128 859 Y
127 129 1683 R
128 130 16353 Y
129 130 15486 Y
130 131 16242 R
130 132 8931 I
131 133 11031 V
132 133 14356 R
133 134 6313 I
133 135 16046 G
134 136 2798 I
135 136 4718 I
136 137 15358 R
136 138 12082 O
137 139 6451 I
138 139 5932 O
139 140 11459 B
139 141 4990 R
140 142 5617 R
141 142 5610 B
142 143 5395 V
142 144 10842 G
143 145 11790 V
144 145 8212 B
145 146 10134 I
145 147 14078 R
146 148 10032 I
147 148 6137 V
148 149 4816 I
148 150 9032 O
149 151 14357 G
150 151 16319 Y
151 152 10371 V
151 153 3587 V
152 154 1224 B
153 154 6791 V
154 155 4992 O
154 156 10868 Y
155 157 15553 G
156 157 6631 V
157 158 10875 B
157 159 15394 V
158 160 4288 Y
159 160 7081 O
160 161 237 B
160 162 7872 R
161 163 1615 G
162 163 8131 O
163 164 10207 R
163 165 2380 R
164 166 15295 B
165 166 13992 O
166 167 2535 G
166 168 12075 I
167 169 3286 O
168 169 4955 I
169 170 7951 B
169 171 10851 V
170 172 6425 G
171 172 2184 R
172 173 14516 V
172 174 11088 R
173 175 1024 Y
174 175 7419 G
175 176 3422 G
175 177 9976 R
176 178 5427 R
177 178 15329 I
178 179 12062 O
178 180 15102 R
179 181 1773 I
180 181 16212 I
181 182 14591 B
181 183 1376 V
182 184 6806 G
183 184 12952 O
184 185 11089 V
184 186 5800 V
185 187 6360 R
186 187 10009 I
187 188 5415 V
187 189 1972 I
188 190 13921 Y
189 190 5758 G
190 191 9125 Y
190 192 15600 G
191 193 10511 V
192 193 10910 O
193 194 2189 V
193 195 4948 R
194 196 11861 O
195 196 15693 R
196 197 4839 R
196 198 1495 I
197 199 11516 R
198 199 14979 I
199 200 13359 O
199 201 13008 B
200 202 10766 I
201 202 4843 V
202 203 9957 V
202 204 3463 Y
203 205 14334 Y
204 205 1581 G
205 206 10921 Y
205 207 13895 I
206 208 13216 O
207 208 15885 O
208 209 6583 O
208 210 11695 O
209 211 2032 O
210 211 14261 Y
211 212 9363 I
211 213 597 R
212 214 4011 B
213 214 12863 G
214 215 7006 I
214 216 6675 G
215 217 2168 Y
216 217 8125 V
217 218 15348 V
217 219 12376 B
218 220 11497 O
219 220 8844 R
220 221 6056 V
220 222 6598 B
221 223 4544 R
222 223 6166 Y
223 224 12459 Y
223 225 7393 G
224 226 1155 V
225 226 14386 V
226 227 14297 G
226 228 5106 V
227 229 6825 O
228 229 6213 I
229 230 9675 R
229 231 8335 Y
230 232 13901 B
231 232 10583 B
232 233 16636 Y
232 234 11853 V
233 235 7355 Y
234 235 9304 V
235 236 10039 Y
235 237 3101 V
236 238 4926 O
237 238 9719 G
238 239 8449 I
238 240 16649 O
239 241 4685 O
240 241 509 R
241 242 5106 B
241 243 9912 B
242 244 2668 B
243 244 11749 Y
244 245 1366 R
244 246 5148 B
245 247 16744 O
246 247 3987 I
247 248 12174 V
247 249 8625 O
248 250 6653 I
249 250 1163 R
250 251 15461 I
250 252 1675 O
251 253 8623 G
252 253 3797 I
253 254 16300 V
253 255 13130 B
254 256 12226 R
255 256 170 R
256 257 2166 R
256 258 2800 G
257 259 9817 B
258 259 2890 V
259 260 10897 B
259 261 473 B
260 262 13041 B
261 262 1357 I
262 263 3879 V
262 264 11460 R
263 265 3385 V
264 265 1567 R
265 266 11195 V
265 267 8212 V
266 268 14896 G
267 268 5023 G
268 269 11842 I
268 270 15643 G
269 271 2696 R
270 271 137 Y
271 272 10741 V
271 273 6928 B
272 274 14407 I
273 274 8495 I
274 275 6047 B
274 276 7634 Y
275 277 4593 G
276 277 3743 G
277 278 10955 I
277 279 16291 I
278 280 10658 O
279 280 13854 V
280 281 1542 B
280 282 1979 V
281 283 7028 O
282 283 4698 V
283 284 14722 G
283 285 15712 Y
284 286 14381 G
285 286 3070 V
286 287 5203 Y
286 288 14110 R
287 289 16496 G
288 289 7542 Y
289 290 9453 B
289 291 5899 O
290 292 8303 R
291 292 4341 G
292 293 13465 R
292 294 1061 V
293 295 4154 O
294 295 6189 I
295 296 13056 V
295 297 8174 R
296 298 11401 G
297 298 8881 V
298 299 14559 Y
298 300 6544 R
299 301 7866 G
300 301 1849 B
301 302 12978 O
301 303 2718 O
302 304 1885 B
303 304 15142 I
304 305 5088 O
304 306 6486 Y
305 307 174 B
306 307 996 Y
307 308 2904 O
307 309 4285 R
308 310 9887 G
309 310 6438 V
310 311 3816 O
310 312 6853 G
311 313 1640 B
312 313 12413 R
313 314 521 I
313 315 6497 I
314 316 10358 G
315 316 6185 Y
316 317 8195 V
316 318 10501 G
317 319 6372 V
318 319 2103 V
319 320 10492 G
319 321 5921 B
320 322 6148 V
321 322 13604 I
322 323 3305 R
322 324 12614 O
323 325 9715 G
324 325 2839 V
325 326 585 V
325 327 996 Y
326 328 1403 O
327 328 6310 G
328 329 5384 G
328 330 1107 V
329 331 6874 B
330 331 14748 I
331 332 11910 V
331 333 8856 O
332 334 2799 V
333 334 11023 R
334 335 2716 O
334 336 5806 Y
335 337 2544 I
336 337 8977 Y
337 338 16475 R
337 339 9251 O
338 340 3353 R
339 340 8201 I
340 341 9266 I
340 342 7135 Y
341 343 14643 I
342 343 1616 B
