323 2345
142 257 467 Y
114 242 317 V
142 310 87 B
187 242 273 Y
120 242 243 I
142 219 19 O
180 228 1 Y
32 243 349 V
78 116 197 G
53 243 217 Y
129 142 617 V
242 286 463 V
171 176 5 G
142 265 637 R
31 116 81 Y
142 314 229 I
74 243 87 R
171 316 295 V
31 176 83 R
30 130 485 O
171 233 365 B
243 315 557 B
130 272 153 Y
164 235 1 V
57 130 361 O
176 228 167 G
25 62 1 V
173 176 147 G
44 130 71 R
129 130 615 B
176 230 433 R
134 243 273 R
164 243 239 O
149 242 109 V
56 142 395 Y
146 171 481 Y
142 194 331 Y
242 319 83 G
224 242 601 R
243 286 461 O
92 243 313 G
62 142 515 I
104 171 621 R
243 264 121 R
184 243 335 I
243 261 613 B
182 252 1 O
93 243 281 V
176 202 137 I
109 242 433 V
243 259 497 B
169 242 453 G
171 184 339 Y
133 176 3 R
49 142 379 I
202 242 141 O
52 201 1 G
220 242 211 I
195 243 605 V
171 251 523 I
55 179 1 Y
130 317 603 O
112 142 169 I
130 247 519 Y
62 242 509 B
171 293 185 G
113 171 427 I
243 246 403 V
81 242 181 V
103 242 331 G
137 142 495 Y
48 142 319 I
157 176 567 I
176 313 323 I
116 298 221 V
18 126 1 V
214 242 579 O
38 243 523 I
128 142 23 B
41 242 131 I
243 251 519 V
117 243 563 Y
80 242 569 O
15 176 413 G
243 282 33 G
171 272 151 O
15 171 419 I
216 242 125 R
72 242 121 O
171 310 83 R
142 233 369 B
189 295 1 Y
142 291 509 V
34 242 427 B
176 222 201 I
122 130 151 G
242 245 105 V
153 242 549 I
16 171 137 V
107 176 139 V
90 142 83 V
102 243 213 G
6 130 547 V
1 176 151 V
142 248 581 R
197 243 575 O
139 243 199 I
116 173 145 Y
130 305 251 G
243 313 325 I
130 300 545 Y
162 171 559 Y
171 194 327 O
171 239 487 V
64 231 1 O
242 263 305 G
171 317 601 O
53 142 225 G
142 279 251 G
69 142 359 O
12 146 1 O
176 274 275 B
86 243 7 I
88 176 133 I
171 295 119 Y
130 173 155 O
10 116 73 B
130 232 375 B
105 275 1 I
47 242 395 G
156 242 159 O
161 171 461 O
158 214 1 R
142 170 361 R
171 289 301 G
140 153 1 Y
1 145 1 R
98 243 443 V
93 142 289 O
171 181 387 G
149 171 111 Y
176 311 431 I
243 277 187 Y
62 171 511 R
142 301 235 R
120 176 239 I
3 8 1 V
176 205 109 G
80 151 1 B
142 226 525 V
11 125 1 B
242 276 15 I
33 156 1 I
37 112 1 O
118 237 1 B
87 142 519 R
210 321 1 B
105 215 1 Y
171 252 41 I
142 256 397 Y
176 210 393 B
145 243 151 Y
85 142 25 O
63 242 139 V
130 321 403 O
23 242 47 O
193 242 95 I
53 183 1 O
171 323 265 V
130 162 561 V
130 180 177 Y
130 141 275 V
243 287 553 Y
243 279 243 R
142 278 543 B
142 315 565 R
142 268 231 G
142 269 309 G
218 242 339 R
176 269 299 V
243 275 473 I
166 176 513 B
176 232 367 Y
61 130 531 Y
14 130 111 V
130 158 585 B
116 245 99 G
171 307 509 R
85 130 23 G
242 321 399 G
5 142 535 B
116 217 55 R
4 243 285 I
116 288 215 Y
145 242 153 I
66 130 263 Y
116 145 147 Y
176 189 115 I
224 243 599 R
58 243 455 V
176 322 593 O
95 243 299 V
37 116 155 Y
7 147 1 I
166 247 1 O
108 130 105 I
118 232 1 Y
142 199 545 G
171 192 503 Y
90 176 73 Y
54 116 203 V
106 142 597 O
130 250 621 Y
67 138 1 I
130 160 201 V
105 242 473 R
115 142 371 B
142 177 27 R
96 176 377 Y
41 190 1 R
155 171 323 R
52 171 337 G
232 242 371 B
119 130 49 G
152 242 609 I
104 176 615 O
10 142 85 B
243 252 37 G
130 318 199 I
24 169 1 Y
176 296 579 G
194 243 323 R
142 186 173 B
142 225 595 B
176 182 33 G
96 290 1 R
113 242 425 I
130 228 175 Y
130 319 87 O
176 200 531 G
113 130 429 G
242 309 593 O
5 176 525 G
130 137 493 R
176 248 571 V
171 200 537 G
171 245 107 O
39 243 101 R
176 323 259 I
171 291 505 G
116 150 169 I
64 193 1 G
116 282 29 G
122 242 147 O
175 207 1 Y
171 177 23 V
185 242 409 B
252 260 1 I
162 287 1 I
27 243 305 O
82 243 411 G
242 288 221 B
104 142 625 V
133 242 7 V
128 276 1 V
182 243 35 I
42 203 1 B
61 171 529 O
38 130 529 G
10 310 1 R
37 130 165 O
176 247 511 I
171 250 619 O
130 241 491 O
171 248 577 V
3 171 129 B
171 270 485 V
137 176 485 V
242 313 327 R
77 157 1 O
243 308 143 B
176 191 419 G
243 263 303 O
23 243 45 R
50 130 269 V
73 243 249 R
224 302 1 I
130 217 65 V
131 243 495 R
171 208 635 R
44 243 65 Y
142 183 223 V
27 176 303 R
142 322 603 R
24 176 451 B
148 242 285 O
130 179 27 R
165 171 51 B
142 235 245 B
130 271 197 G
167 176 25 R
58 161 1 O
39 108 1 R
130 233 367 I
130 171 1 O
23 176 43 B
82 242 413 V
101 171 239 V
208 242 633 V
157 171 573 G
132 322 1 Y
52 242 335 Y
7 116 227 V
127 136 1 V
171 237 369 V
142 240 17 V
173 272 1 B
93 178 1 B
196 243 559 G
171 211 201 Y
243 318 193 I
51 142 75 B
34 243 425 I
224 317 1 O
116 180 167 R
200 242 535 Y
59 130 259 V
149 273 1 B
25 130 515 G
147 171 237 B
176 264 119 B
50 242 265 B
239 241 1 R
14 171 109 R
142 234 183 G
31 130 91 B
161 176 455 G
80 142 575 Y
130 133 11 I
93 176 279 Y
116 242 5 O
241 243 485 O
242 272 149 R
179 243 21 R
121 142 63 G
51 171 71 Y
20 171 421 V
176 267 529 G
48 92 1 B
30 176 477 V
43 171 589 O
118 142 375 I
241 242 487 B
142 243 7 I
234 242 177 G
24 142 461 G
29 171 193 O
21 171 449 Y
35 171 349 Y
125 243 309 B
230 311 1 V
130 164 245 B
180 243 171 I
142 317 605 O
221 243 293 R
176 207 355 G
9 242 73 O
242 275 475 B
130 236 633 V
23 142 53 B
174 243 163 B
130 278 541 R
130 220 215 O
176 277 185 V
71 130 327 G
130 152 613 B
71 194 1 B
68 142 591 Y
204 243 317 Y
171 223 547 R
9 243 71 O
101 243 235 R
107 242 143 R
171 298 229 Y
242 262 43 O
86 240 1 I
171 312 525 G
57 171 359 G
50 171 267 O
176 193 91 Y
171 255 347 B
171 299 395 B
42 142 191 R
171 273 113 B
130 207 363 Y
215 266 1 I
104 130 623 V
171 172 29 R
142 313 333 Y
116 172 21 Y
212 242 85 B
60 176 383 O
162 243 555 G
57 207 1 B
238 242 491 B
130 147 239 I
43 142 593 V
47 210 1 I
242 306 563 O
142 287 561 B
142 293 189 R
242 285 213 B
63 130 143 I
129 242 611 G
163 243 529 Y
73 176 247 G
12 176 473 V
210 242 397 R
8 130 133 O
130 172 31 V
70 243 295 R
144 304 1 B
96 243 379 R
92 171 317 V
243 291 501 O
100 176 399 O
46 243 491 B
171 218 341 O
130 186 171 O
99 243 441 O
48 243 311 O
116 264 117 B
171 266 471 G
36 242 379 R
176 319 79 G
242 287 555 V
97 143 1 R
130 194 329 O
3 242 127 I
142 309 599 I
116 318 189 I
126 130 381 I
130 143 67 R
21 130 451 G
176 242 3 B
86 130 13 V
130 157 575 Y
63 171 141 Y
130 165 53 B
130 216 129 G
11 176 305 I
176 305 243 B
198 242 33 B
243 317 597 G
112 171 165 Y
144 176 87 R
104 243 617 R
137 171 491 V
181 242 385 R
77 243 571 G
243 307 505 B
66 142 265 I
10 171 81 B
171 238 493 R
103 176 327 I
84 130 425 V
130 226 523 R
131 171 499 R
130 239 489 G
176 234 173 V
134 171 277 Y
94 135 1 V
171 278 539 R
242 293 183 B
60 243 385 R
116 295 111 B
176 284 501 R
176 312 519 O
116 149 103 O
142 168 267 V
2 242 449 I
176 314 219 R
136 242 467 O
131 259 1 R
20 142 425 B
103 130 335 I
85 116 13 V
39 242 103 I
176 183 213 R
95 142 307 R
171 300 543 I
168 171 263 V
14 149 1 I
220 243 209 R
142 295 123 Y
116 164 235 I
235 242 239 I
116 285 207 I
176 178 277 O
171 287 557 O
171 224 603 O
142 152 615 O
176 225 585 V
130 218 343 Y
116 262 37 I
39 245 1 V
46 176 489 G
71 243 321 B
283 313 1 V
130 181 389 V
129 176 607 B
123 142 295 G
242 257 461 R
149 243 107 O
176 215 467 G
176 236 625 Y
128 130 21 G
66 243 257 O
142 192 507 R
111 116 49 Y
217 243 59 V
87 242 513 G
142 201 339 I
142 178 287 I
88 130 141 I
137 243 487 O
105 243 471 R
23 116 41 R
28 131 1 R
134 176 271 Y
142 239 491 V
7 142 239 B
130 166 521 O
116 143 57 O
171 202 143 Y
221 242 295 B
12 142 483 I
242 270 483 V
222 303 1 O
226 243 517 G
233 243 361 V
130 156 163 R
116 303 201 G
242 244 401 R
49 171 375 I
116 193 89 V
75 130 261 B
4 242 287 R
242 303 207 I
171 187 275 G
142 184 343 I
44 51 1 R
142 154 633 B
28 243 493 V
130 189 123 V
94 242 621 V
19 130 551 G
242 318 195 B
243 290 381 V
176 276 11 B
101 176 233 Y
89 242 277 I
20 176 415 I
36 126 1 B
6 176 539 B
200 243 533 B
15 242 417 O
243 265 629 B
125 176 307 O
82 130 417 V
142 146 485 O
142 165 55 V
125 142 317 O
47 243 393 G
142 292 347 V
202 243 139 B
136 142 473 V
142 261 621 I
171 195 609 R
59 171 257 O
238 243 489 B
130 184 341 V
116 319 77 I
152 176 605 I
133 243 5 R
19 153 1 Y
55 243 23 I
111 138 1 G
41 142 137 I
15 142 423 O
93 130 287 I
130 292 345 G
32 142 357 B
130 269 307 G
130 183 221 G
243 250 615 B
57 243 355 R
167 243 27 B
142 280 259 V
56 243 387 R
34 176 423 B
176 239 481 B
130 274 283 O
171 285 215 O
171 190 135 B
118 171 371 O
40 51 1 G
130 146 483 G
33 176 153 G
35 176 343 O
87 243 511 I
223 243 543 R
116 130 9 R
19 171 549 R
176 262 39 G
242 323 263 G
16 88 1 B
171 271 195 Y
130 297 455 G
199 242 539 G
37 156 1 Y
185 243 407 G
11 27 1 O
69 130 357 I
142 200 541 Y
176 272 145 V
13 130 235 O
74 142 95 B
15 20 1 O
144 243 89 R
117 242 565 B
175 243 359 Y
171 203 189 V
130 291 507 R
243 306 561 Y
161 243 457 G
176 281 609 R
116 189 113 Y
130 230 441 Y
68 130 589 Y
243 245 103 V
28 176 491 R
236 243 627 I
256 299 1 I
122 243 145 V
199 300 1 V
130 253 183 O
69 170 1 B
209 242 431 G
33 130 161 R
15 243 415 R
171 279 247 B
176 318 191 Y
130 176 7 Y
120 164 1 O
2 130 453 O
42 171 187 B
40 176 67 R
26 142 273 O
84 242 421 O
176 252 35 G
66 176 255 O
106 176 587 G
142 153 555 I
159 176 265 O
176 233 359 B
242 281 613 G
298 301 1 B
176 279 241 R
88 142 143 V
171 188 417 O
1 33 1 R
188 243 413 G
138 171 55 G
107 308 1 V
40 242 71 V
242 249 31 G
287 320 1 Y
1 130 159 I
258 302 1 Y
111 130 59 Y
176 180 169 O
207 242 359 G
108 243 99 B
130 150 179 I
151 171 569 B
130 299 397 I
171 261 617 R
46 238 1 I
172 176 23 Y
111 243 53 O
284 291 1 V
242 284 505 O
176 294 165 O
176 199 535 Y
142 320 559 O
60 130 391 B
96 142 387 V
38 176 521 Y
44 171 69 O
162 176 553 V
175 176 357 V
129 171 613 Y
42 116 179 R
122 272 1 O
39 171 105 Y
94 142 627 V
33 142 163 R
203 277 1 Y
171 232 373 I
142 244 407 Y
126 176 373 V
243 269 301 Y
107 171 145 I
171 274 281 G
122 176 143 G
28 142 501 V
89 274 1 O
130 219 17 Y
159 243 267 V
182 282 1 R
71 155 1 G
35 243 345 V
29 142 197 I
130 131 501 Y
142 175 367 O
20 84 1 B
79 243 289 R
6 171 545 O
52 243 333 G
142 262 49 I
12 130 481 G
54 171 211 Y
142 271 199 I
19 142 553 G
211 242 199 I
130 223 549 R
116 138 47 I
54 142 215 V
133 171 9 B
41 243 129 Y
257 286 1 B
156 176 155 I
123 242 289 G
176 306 559 O
239 243 483 O
77 171 575 G
7 243 231 G
83 171 351 V
134 242 275 Y
29 116 185 B
171 260 43 O
171 221 297 B
79 316 1 O
130 257 465 O
130 168 265 O
310 319 1 V
56 130 393 R
64 176 93 I
72 171 123 V
243 297 449 G
142 181 391 Y
130 281 617 R
43 225 1 I
58 171 459 Y
171 264 125 I
142 145 159 I
243 283 327 R
243 312 521 G
142 297 457 B
23 165 1 B
57 142 363 V
317 322 1 I
6 242 543 G
242 278 537 B
86 133 1 V
142 285 219 O
119 242 45 G
198 282 1 B
3 176 123 B
142 166 523 O
228 294 1 B
12 171 479 R
65 130 119 B
213 243 427 Y
242 264 123 B
76 171 443 B
171 222 207 B
158 171 583 O
103 171 333 R
39 176 99 Y
176 307 503 R
49 242 373 G
95 171 303 R
176 289 295 R
117 306 1 G
171 196 563 O
96 130 385 I
119 243 43 G
21 142 453 G
130 195 611 B
176 309 589 V
231 242 99 O
125 130 315 G
218 292 1 G
161 257 1 G
130 213 433 V
75 142 263 B
54 242 209 B
176 219 9 O
150 171 177 G
142 172 33 Y
10 243 77 I
29 277 1 R
4 142 293 G
116 277 183 Y
130 267 537 R
243 300 539 V
73 171 253 R
79 171 293 V
130 262 47 G
142 272 155 V
84 176 417 B
110 242 75 I
54 176 205 G
142 273 117 Y
83 130 353 Y
116 147 229 O
109 171 435 Y
242 258 605 V
115 237 1 O
142 316 299 G
108 116 95 I
130 159 273 G
114 171 319 O
66 168 1 R
243 289 297 G
116 243 3 B
97 142 71 R
13 243 229 B
75 243 255 G
198 243 31 B
11 130 313 R
36 142 385 Y
124 242 407 I
68 171 587 I
205 243 111 R
99 176 439 R
112 116 157 V
119 142 51 Y
132 242 595 G
130 249 35 I
142 150 181 O
130 260 45 V
9 176 69 V
242 253 179 O
242 294 169 R
127 130 469 R
130 277 193 Y
11 142 315 B
39 116 97 I
25 242 511 G
131 142 503 B
146 242 479 G
73 242 251 G
222 242 205 R
176 212 81 V
48 176 309 R
148 243 283 G
201 242 333 I
152 195 1 Y
138 176 49 Y
130 211 203 V
242 247 515 V
142 188 421 O
75 242 257 G
108 176 97 R
94 243 619 Y
240 243 9 R
11 243 307 R
176 263 301 V
19 242 547 R
87 130 517 V
32 69 1 V
171 235 241 R
26 242 267 G
126 242 377 O
130 266 473 V
37 176 157 I
153 243 547 B
102 116 209 R
18 171 377 V
13 116 225 R
153 176 545 R
242 312 523 R
171 240 13 G
170 242 355 I
27 130 311 V
243 292 339 V
5 242 529 B
216 243 123 V
38 142 531 V
142 236 635 G
126 243 375 I
243 273 109 G
176 293 179 O
67 243 49 Y
81 176 177 V
78 130 207 R
17 176 407 B
62 307 1 B
30 142 487 O
25 142 517 V
176 238 487 B
171 256 393 R
92 142 321 G
130 307 511 R
243 278 535 R
147 242 235 R
142 252 45 V
94 176 617 R
130 245 109 I
79 176 287 V
203 242 187 O
130 273 115 R
176 211 195 O
130 214 583 O
127 243 463 G
47 171 397 O
225 242 589 B
52 130 339 I
28 171 497 O
215 242 471 O
75 171 259 B
243 305 245 V
64 243 95 Y
130 140 555 R
176 226 515 I
119 262 1 Y
25 176 507 B
176 265 627 V
2 176 445 V
9 171 75 B
242 266 469 B
29 271 1 R
35 255 1 Y
142 241 493 I
80 157 1 I
111 176 51 B
121 171 59 G
77 176 569 I
111 242 55 G
116 211 193 B
38 61 1 O
3 130 131 G
139 242 201 V
171 201 335 B
65 176 111 V
176 227 435 G
113 243 423 Y
116 314 217 V
142 305 253 Y
109 130 437 B
174 176 161 I
74 144 1 G
193 304 1 I
243 268 223 R
171 288 223 I
41 130 135 I
103 201 1 R
142 151 573 I
130 293 187 R
130 208 637 I
85 243 17 R
68 243 583 V
143 171 65 B
130 187 277 I
98 99 1 G
171 294 171 I
243 258 603 I
199 243 537 V
130 225 593 R
22 130 63 R
130 161 463 G
74 171 91 V
136 243 465 G
243 294 167 B
129 281 1 B
243 260 39 Y
130 155 325 O
176 177 17 G
51 242 69 G
119 176 41 Y
116 252 33 B
142 189 125 I
31 171 89 R
59 176 251 B
243 299 391 B
130 170 359 Y
176 321 395 O
65 295 1 Y
171 191 425 B
35 142 353 B
38 242 525 G
116 260 35 R
91 292 1 G
130 191 427 O
142 223 551 O
73 130 255 V
142 148 291 Y
90 242 77 I
171 209 433 G
243 301 227 O
40 130 75 R
171 284 507 I
69 171 355 V
20 242 419 B
61 243 525 Y
130 145 157 B
111 121 1 O
97 176 61 R
218 243 337 R
128 176 13 I
26 130 271 O
43 242 587 O
169 176 449 O
229 243 633 Y
171 268 227 B
45 305 1 G
27 263 1 I
130 185 413 R
171 275 477 V
268 314 1 I
9 130 77 V
176 251 517 G
279 305 1 G
160 242 197 R
142 254 631 V
221 316 1 V
174 186 1 O
130 290 387 B
187 243 271 G
60 242 387 O
210 243 395 V
150 234 1 R
18 243 373 Y
132 309 1 O
207 243 357 R
100 244 1 Y
135 176 619 O
130 139 205 I
171 281 615 I
171 262 45 Y
229 242 635 V
91 130 347 Y
63 116 133 V
142 167 35 B
214 243 577 G
240 242 11 O
181 290 1 R
116 308 139 Y
176 266 465 B
2 243 447 V
192 242 501 V
219 242 13 Y
171 247 517 Y
169 297 1 R
81 293 1 O
77 248 1 Y
176 259 495 O
242 316 293 G
21 98 1 I
116 121 51 B
108 142 107 V
140 243 549 Y
215 243 469 R
178 274 1 O
135 242 623 B
97 130 69 B
86 142 15 B
57 242 357 B
157 243 569 Y
137 241 1 I
171 214 581 I
117 151 1 B
142 204 325 I
184 218 1 I
170 176 351 B
251 312 1 G
59 243 253 Y
72 176 117 V
142 308 151 I
1 116 149 B
125 171 313 R
8 242 129 I
176 194 321 R
171 269 305 B
243 293 181 Y
243 285 211 I
97 242 65 B
88 242 137 G
14 242 107 V
263 269 1 Y
149 176 105 B
121 130 61 R
85 177 1 R
242 320 553 V
186 294 1 B
14 243 105 I
8 243 127 B
158 243 579 R
147 176 231 O
142 157 577 Y
142 221 301 B
97 171 67 G
142 197 583 G
135 142 629 V
42 130 189 R
243 320 551 V
132 176 591 V
31 212 1 V
86 176 5 V
154 171 629 I
114 243 315 V
22 176 55 I
115 130 369 B
82 142 419 I
142 195 613 V
176 224 597 V
14 116 101 G
142 162 563 G
171 242 1 Y
53 130 223 Y
130 136 471 G
152 171 611 V
176 208 629 V
116 228 165 Y
141 159 1 O
97 243 63 G
91 142 349 G
142 217 67 Y
145 176 149 R
142 250 623 Y
176 273 107 O
142 242 5 I
82 188 1 I
160 318 1 V
236 265 1 B
116 176 1 Y
120 130 247 Y
127 142 471 G
171 182 39 V
37 171 163 B
86 116 3 B
142 300 547 V
116 203 181 G
138 243 51 O
103 243 329 R
29 243 189 V
239 270 1 G
4 176 283 I
116 293 177 V
171 212 87 I
59 280 1 B
32 171 353 Y
242 251 521 G
142 274 285 B
65 171 117 V
142 220 217 O
54 130 213 Y
80 176 565 V
142 224 607 R
31 142 93 I
32 130 355 V
47 299 1 I
176 290 379 G
130 259 503 G
197 214 1 I
190 243 131 Y
142 210 403 G
243 303 205 O
117 171 567 B
208 265 1 I
243 272 147 V
116 276 9 I
55 242 25 B
142 303 213 I
176 249 27 Y
109 311 1 G
142 143 69 B
163 267 1 R
172 243 25 I
33 242 157 I
142 229 641 I
171 321 401 O
142 267 539 O
67 165 1 G
97 116 59 R
192 259 1 Y
66 171 261 R
24 171 457 O
127 286 1 I
73 142 257 G
130 280 257 I
173 242 151 G
142 246 411 B
56 60 1 R
235 243 237 G
48 171 315 R
94 171 623 I
163 171 533 I
124 142 413 I
103 142 337 B
186 243 165 O
201 243 331 O
130 283 333 O
51 116 63 V
142 259 505 B
194 242 325 V
171 231 101 V
171 297 453 O
51 176 65 I
130 188 419 G
130 315 563 O
70 142 303 G
176 260 37 O
176 235 235 I
95 289 1 B
170 243 353 O
107 130 147 G
130 149 113 O
145 173 1 B
112 243 161 R
139 142 207 V
13 142 237 G
10 176 75 O
76 176 437 Y
43 243 585 B
94 104 1 V
176 308 141 R
142 249 37 B
200 278 1 G
171 217 63 Y
110 243 73 B
130 313 331 O
33 243 155 I
171 227 441 I
243 248 573 R
130 258 609 I
144 171 93 I
72 142 127 R
160 171 199 B
78 243 201 V
64 171 99 R
76 227 1 O
42 243 183 I
243 244 399 B
85 242 19 B
5 61 1 V
130 244 405 V
62 176 505 V
130 201 337 G
121 176 53 V
16 190 1 G
105 130 477 R
59 142 261 Y
243 280 251 O
243 256 389 V
99 142 449 R
111 142 61 O
40 243 69 G
88 243 135 V
176 221 291 V
155 176 317 R
63 243 137 B
114 204 1 O
243 281 611 Y
116 198 27 G
92 114 1 B
78 242 203 R
38 171 527 V
142 266 475 O
142 260 47 G
130 238 495 R
81 142 187 O
130 248 579 V
9 110 1 R
242 256 391 G
23 171 49 V
199 278 1 Y
154 242 627 B
150 180 1 G
130 192 505 V
142 212 91 O
64 142 103 R
171 303 209 R
177 243 19 R
65 142 121 V
36 96 1 B
171 265 633 I
85 128 1 I
122 308 1 G
142 209 437 V
142 156 165 I
72 116 115 O
56 256 1 R
242 305 247 O
89 142 283 B
164 171 243 B
102 142 221 G
72 130 125 G
106 130 595 V
67 242 51 O
176 270 479 V
130 243 5 V
176 268 221 R
176 298 223 I
112 242 163 R
137 242 489 O
176 250 613 Y
142 306 569 Y
8 116 123 I
16 142 141 V
29 242 191 V
130 203 191 R
176 213 425 Y
171 306 565 V
22 217 1 V
116 304 87 V
242 304 93 R
260 262 1 Y
121 243 55 R
132 142 601 Y
142 321 405 V
59 75 1 G
130 270 487 I
130 279 249 O
242 307 507 R
150 242 175 I
142 155 327 B
130 288 225 R
116 268 219 V
64 130 101 V
10 242 79 G
37 242 161 R
76 99 1 R
130 265 635 I
115 233 1 B
76 242 441 B
14 245 1 O
171 179 25 B
243 316 291 B
243 309 591 G
176 297 447 I
45 176 245 I
55 171 27 G
130 204 323 Y
171 173 153 I
243 310 79 I
52 176 331 I
16 130 139 Y
83 142 355 V
243 302 601 B
65 242 115 O
90 171 79 G
171 322 599 R
32 176 347 I
115 171 367 I
228 242 171 O
166 226 1 G
112 130 167 O
86 242 9 G
77 130 577 O
142 296 589 Y
171 215 473 G
64 116 91 G
34 171 429 I
130 178 285 R
63 142 145 I
46 171 495 Y
128 243 15 B
101 147 1 I
116 122 141 V
105 142 479 O
70 171 299 Y
154 236 1 Y
13 171 233 B
116 133 1 I
140 176 547 Y
142 264 129 R
197 248 1 G
139 176 197 I
130 256 395 B
142 180 179 R
30 146 1 V
197 242 577 O
171 175 363 O
5 171 531 Y
186 242 167 V
171 277 191 V
2 297 1 O
130 177 25 I
171 258 607 Y
55 176 21 Y
176 246 401 I
1 171 157 R
208 243 631 R
48 130 317 O
130 276 19 I
34 113 1 Y
118 242 369 I
28 130 499 O
87 171 515 Y
56 242 389 Y
142 318 201 R
98 242 445 V
89 171 279 B
53 171 221 I
116 310 75 R
168 323 1 Y
1 243 153 G
122 142 153 I
184 242 337 I
101 235 1 Y
35 83 1 Y
243 288 219 G
63 88 1 O
167 242 29 R
142 176 9 O
70 130 301 I
34 213 1 O
223 242 545 R
195 242 607 G
117 142 571 R
79 123 1 I
45 142 255 G
87 247 1 B
171 183 219 O
152 243 607 I
142 213 435 Y
91 242 343 B
219 276 1 G
130 252 43 Y
17 142 417 Y
127 242 465 B
60 142 393 R
2 171 451 O
130 210 401 I
39 130 107 I
131 242 497 V
143 242 63 B
142 196 567 V
176 223 541 G
239 242 485 Y
63 202 1 G
171 205 115 O
211 243 197 O
142 319 89 O
268 298 1 B
154 176 623 I
82 176 409 I
130 298 231 G
176 218 335 R
52 142 341 V
183 242 217 G
44 97 1 G
44 176 63 Y
242 267 533 V
131 176 493 I
242 269 303 R
130 196 565 I
242 243 1 B
106 171 593 O
81 253 1 G
142 211 205 V
116 216 119 Y
98 171 447 Y
176 188 411 I
171 189 121 R
168 243 259 G
25 87 1 I
243 296 581 B
144 242 91 B
110 130 79 G
176 282 31 G
32 242 351 V
176 286 459 Y
159 242 269 O
92 242 315 G
95 269 1 V
130 134 279 O
242 295 117 V
116 160 191 Y
142 144 97 O
130 193 99 Y
130 309 597 V
142 160 203 G
154 243 625 V
12 275 1 V
7 171 235 I
53 242 219 V
142 275 481 I
71 176 319 B
19 223 1 I
242 259 499 B
176 203 183 O
126 171 379 G
142 258 611 B
176 179 19 I
9 142 79 B
123 130 293 G
116 301 223 V
176 244 397 O
130 174 169 V
176 187 269 V
110 142 81 G
104 242 619 I
23 130 51 O
130 285 217 Y
28 46 1 R
71 142 329 Y
167 249 1 B
142 171 3 Y
176 256 387 V
170 171 357 V
169 243 451 V
242 283 329 V
106 243 589 Y
42 242 185 R
163 242 531 Y
242 298 227 I
177 179 1 O
171 213 431 Y
176 271 189 R
250 261 1 R
49 130 377 Y
142 237 373 B
25 243 509 R
42 176 181 B
34 130 431 O
142 190 139 Y
80 243 567 O
139 171 203 I
10 130 83 B
75 176 253 I
176 302 599 G
143 217 1 G
162 315 1 R
191 242 423 G
68 176 581 V
93 242 283 V
107 202 1 B
116 190 127 Y
174 242 165 Y
242 302 603 Y
81 243 179 B
116 273 105 O
242 261 615 I
22 171 61 I
92 130 319 Y
142 307 513 B
4 123 1 O
142 289 305 G
9 116 67 Y
176 204 315 V
161 242 459 Y
171 241 489 R
242 314 223 I
31 243 85 Y
141 171 273 V
91 176 339 Y
124 246 1 V
176 315 555 V
130 167 33 G
176 287 551 G
36 243 377 G
26 171 269 V
99 242 443 B
130 221 299 O
55 142 31 G
120 171 245 I
4 171 289 Y
142 187 279 V
155 204 1 G
53 176 215 R
95 176 297 B
112 176 159 B
142 193 101 V
176 229 631 R
43 130 591 O
130 301 233 R
70 289 1 Y
142 247 521 V
116 212 79 B
95 130 305 V
26 176 263 Y
106 242 591 B
84 171 423 I
45 243 247 V
175 242 361 R
8 142 135 O
190 242 133 R
138 242 53 Y
171 301 231 R
88 171 139 O
39 142 109 V
176 216 121 V
24 130 459 Y
189 242 119 B
130 175 365 G
284 307 1 I
1 142 161 Y
204 242 319 Y
76 243 439 R
31 74 1 O
176 301 225 V
22 142 65 R
171 210 399 R
177 242 21 O
140 171 553 B
171 308 147 R
130 242 3 O
171 320 555 R
33 171 159 Y
171 253 181 V
142 323 269 Y
130 251 525 I
105 171 475 O
176 300 537 G
150 243 173 R
78 222 1 Y
130 308 149 V
243 284 503 R
108 231 1 Y
134 187 1 O
142 202 147 R
108 242 101 O
61 242 527 Y
130 306 567 O
153 171 551 Y
146 176 475 I
158 296 1 I
171 282 37 R
176 317 595 O
17 130 415 G
6 142 549 Y
226 242 519 B
23 119 1 I
242 289 299 R
128 171 19 O
18 142 381 O
101 130 241 V
17 171 413 R
3 116 121 I
171 230 439 G
176 217 57 Y
151 176 563 I
91 255 1 O
169 171 455 Y
33 116 151 O
130 286 467 B
67 176 47 B
25 171 513 I
142 270 489 R
20 130 423 O
118 130 373 V
176 275 471 I
114 176 313 B
71 242 323 V
5 243 527 G
121 242 57 O
37 142 167 R
102 171 217 O
22 243 57 G
8 176 125 O
4 148 1 O
4 130 291 R
29 130 195 Y
178 243 279 Y
60 171 389 V
47 130 399 G
130 287 559 B
116 202 135 B
35 130 351 G
117 130 569 B
113 176 421 R
136 266 1 R
171 185 411 O
3 142 133 B
243 298 225 O
81 116 175 V
225 243 587 G
176 190 129 R
72 189 1 O
205 273 1 V
173 243 149 R
65 205 1 I
110 116 69 Y
27 242 307 G
116 186 161 B
72 243 119 Y
243 321 397 O
242 291 503 O
24 58 1 I
8 41 1 Y
166 171 519 G
101 242 237 B
8 171 131 B
142 206 16807 G
142 158 587 V
196 306 1 R
157 242 571 R
79 242 291 I
130 148 289 B
116 174 159 Y
48 125 1 R
89 176 273 B
123 243 287 O
58 176 453 V
176 201 329 V
90 243 75 R
24 243 453 Y
142 284 511 B
65 116 109 B
171 319 85 Y
115 176 361 B
141 176 267 B
81 171 183 V
116 128 11 G
234 243 175 B
130 316 297 B
183 243 215 V
60 181 1 B
73 280 1 V
68 296 1 Y
243 257 459 Y
80 171 571 O
142 299 399 V
242 317 599 V
127 171 467 B
101 142 243 I
142 191 429 I
155 243 319 R
21 243 445 O
160 211 1 O
2 142 455 I
243 262 41 O
212 319 1 R
142 311 441 R
122 171 149 B
242 311 435 I
41 171 133 O
171 228 173 V
16 116 129 I
141 243 269 O
17 82 1 O
110 176 71 I
171 276 17 Y
124 176 403 G
44 242 67 G
171 246 407 Y
171 257 463 O
116 167 23 R
21 176 443 O
116 156 153 R
242 280 253 Y
64 242 97 I
176 198 29 V
54 220 1 O
216 264 1 Y
118 176 365 O
171 234 179 G
1 242 155 R
176 278 533 B
119 171 47 G
68 242 585 G
288 314 1 V
26 159 1 O
49 232 1 Y
90 110 1 G
171 249 33 G
178 242 281 V
130 222 209 G
129 243 609 R
116 219 7 I
57 176 353 V
160 176 193 V
242 296 583 G
18 49 1 V
176 185 405 I
94 130 625 V
66 242 259 G
142 253 185 B
242 301 229 R
171 318 197 G
176 245 101 B
84 142 427 R
99 171 445 I
243 322 595 Y
141 142 277 I
102 176 211 O
176 257 457 V
124 130 411 O
120 279 1 Y
171 244 403 O
132 171 597 R
28 242 495 Y
15 130 421 Y
115 243 363 R
116 183 211 O
130 294 173 G
176 258 601 G
12 242 477 V
130 163 535 Y
130 235 243 Y
100 171 405 B
243 266 467 B
130 144 95 V
130 197 581 V
118 243 367 B
85 176 15 B
58 242 457 G
130 255 349 V
176 316 289 G
167 172 1 G
142 298 233 Y
45 242 249 V
85 171 21 B
176 195 603 G
142 215 477 I
176 186 163 G
13 176 227 I
96 171 383 B
142 286 469 R
127 176 461 B
140 320 1 R
219 243 11 B
109 209 1 Y
10 90 1 G
171 178 283 G
102 183 1 V
116 139 195 O
116 144 85 I
102 285 1 R
142 251 527 B
160 243 195 V
176 184 333 G
69 243 351 Y
123 176 285 O
142 255 351 B
130 263 309 I
176 253 175 V
108 171 103 V
100 242 403 O
105 176 469 G
78 139 1 V
130 311 439 I
171 220 213 B
30 171 483 Y
114 142 323 G
109 243 431 R
45 73 1 I
179 242 23 O
83 176 345 B
130 199 543 R
189 243 117 Y
130 151 571 V
142 159 275 G
82 171 415 R
158 176 577 G
176 209 427 R
165 243 47 I
130 310 85 G
176 255 341 I
86 171 11 V
14 176 103 V
78 171 205 V
79 130 295 O
56 176 385 V
113 142 431 R
130 135 627 V
147 243 233 V
171 263 307 R
30 270 1 B
142 238 497 V
154 254 1 R
40 142 77 O
243 295 115 Y
69 176 349 Y
130 295 121 V
12 243 475 R
130 215 475 R
70 242 297 O
219 240 1 O
150 176 171 V
171 280 255 V
142 205 119 Y
233 242 363 B
142 161 465 G
89 134 1 O
237 242 367 G
171 207 361 R
70 176 293 Y
171 292 343 O
242 271 193 B
130 209 435 R
205 242 113 O
74 242 89 I
101 116 231 B
42 293 1 R
142 222 211 R
142 203 193 Y
7 176 229 R
41 116 125 Y
41 176 127 Y
13 301 1 G
57 170 1 V
106 225 1 I
171 304 95 R
84 191 1 G
242 277 189 Y
217 242 61 Y
74 176 85 V
130 169 457 Y
117 176 561 V
11 171 311 B
142 163 537 R
50 243 263 O
142 207 365 V
120 142 249 O
130 322 601 V
234 253 1 G
130 132 599 B
72 264 1 Y
77 242 573 I
103 283 1 G
9 40 1 I
168 242 261 O
16 242 135 G
139 211 1 R
142 198 39 R
107 142 149 G
227 243 437 G
22 242 59 Y
176 214 575 R
130 320 557 G
130 284 509 Y
230 243 435 V
242 299 393 R
130 154 631 G
107 116 137 B
142 182 43 V
135 171 625 Y
20 243 417 I
142 304 99 R
6 243 541 V
74 130 93 I
171 198 35 I
52 184 1 V
130 200 539 I
45 130 253 Y
143 176 59 B
36 171 381 V
176 292 337 B
142 185 415 O
176 192 497 G
78 176 199 R
196 315 1 Y
176 197 573 B
116 179 17 Y
116 235 233 V
49 176 369 R
243 271 191 Y
16 243 133 O
124 185 1 I
176 280 249 G
142 302 609 O
226 251 1 G
44 116 61 V
67 130 55 Y
130 240 15 V
116 171 7 G
40 116 65 B
27 171 309 O
130 224 605 B
43 176 583 G
222 243 203 R
76 130 445 B
50 142 271 R
77 142 579 O
243 255 343 O
130 289 303 I
142 149 115 B
171 305 249 G
141 187 1 R
109 142 439 V
136 171 469 I
158 242 581 B
142 231 105 V
176 288 217 I
166 242 517 G
5 163 1 O
35 242 347 V
51 243 67 B
212 243 83 R
50 323 1 I
155 242 321 Y
171 229 637 V
176 303 203 I
142 179 29 Y
232 243 369 B
242 322 597 G
11 242 309 Y
55 172 1 I
176 181 381 O
100 246 1 Y
182 242 37 V
21 242 447 R
176 320 549 V
142 214 585 Y
242 260 41 Y
30 242 481 B
98 130 449 R
124 243 405 O
70 221 1 Y
242 279 245 I
98 176 441 O
91 171 345 B
134 142 281 O
128 242 17 I
171 193 97 I
116 205 107 B
53 116 213 Y
196 242 561 V
116 294 163 V
106 309 1 V
243 254 623 B
192 291 1 B
130 182 41 I
230 242 437 V
171 314 225 O
100 130 407 I
96 242 381 R
135 254 1 I
171 204 321 R
166 243 515 Y
142 169 459 V
176 220 207 G
243 274 277 R
176 295 113 O
171 309 595 I
3 216 1 G
242 265 631 V
36 130 383 G
159 171 271 O
111 171 57 O
140 142 557 I
142 147 241 O
242 310 81 Y
54 303 1 Y
171 174 167 Y
116 222 199 V
95 242 301 B
243 249 29 G
76 142 447 I
130 282 39 Y
51 130 73 Y
171 302 605 Y
55 130 29 B
100 243 401 G
171 219 15 R
176 285 209 G
78 142 209 V
17 243 409 I
50 176 261 R
165 176 45 I
242 248 575 B
244 321 1 Y
46 242 493 Y
19 243 545 O
83 243 347 V
112 174 1 O
142 227 445 R
200 267 1 G
22 116 53 I
16 176 131 G
59 242 255 I
124 171 409 G
137 238 1 G
142 208 639 V
164 176 237 B
176 310 77 I
171 226 521 Y
175 233 1 R
98 142 451 G
271 318 1 O
168 176 257 I
66 75 1 R
228 243 169 V
17 185 1 V
142 282 41 V
242 255 345 B
142 228 177 Y
102 130 219 V
107 243 141 V
142 290 389 Y
171 243 3 R
243 247 513 O
132 243 593 B
81 130 185 R
99 130 447 G
145 171 155 R
100 142 409 R
67 171 53 I
142 276 21 V
61 176 523 B
163 176 527 O
130 254 629 G
164 242 241 V
109 176 429 O
62 130 513 I
67 142 57 B
242 292 341 G
195 258 1 B
143 243 61 I
74 116 83 I
242 254 625 I
171 290 385 R
130 302 607 B
242 297 451 R
88 116 131 G
84 243 419 V
243 319 81 I
236 242 629 G
14 142 113 R
130 314 227 R
171 313 329 V
142 164 247 G
130 190 137 B
116 271 187 B
43 68 1 R
242 315 559 I
176 231 95 V
130 234 181 Y
242 273 111 I
151 242 567 I
171 254 627 I
261 281 1 I
176 240 7 G
6 223 1 Y
67 116 45 V
115 242 365 B
176 237 363 Y
243 323 261 I
24 242 455 G
151 243 565 I
148 171 287 G
203 243 185 Y
34 142 433 O
120 243 241 I
130 205 117 B
130 229 639 Y
130 312 527 R
61 142 533 G
93 148 1 V
181 243 383 Y
2 21 1 Y
192 243 499 G
209 243 429 B
176 241 483 G
130 198 37 O
242 282 35 G
133 142 13 B
27 142 313 B
142 263 311 O
231 243 97 Y
40 171 73 B
38 312 1 I
114 130 321 V
5 130 533 Y
44 142 73 Y
130 153 553 B
7 130 237 G
141 242 271 G
243 314 221 B
83 242 349 G
90 130 81 O
91 243 341 G
237 243 365 I
80 130 573 Y
242 274 279 Y
116 253 173 B
55 116 19 O
45 171 251 I
142 173 157 V
56 171 391 V
116 220 205 I
31 242 87 O
171 186 169 I
116 142 11 R
142 312 529 I
243 267 531 I
171 267 535 I
7 13 1 O
79 142 297 Y
17 242 411 V
198 249 1 G
171 216 127 O
142 288 227 R
130 237 371 G
243 304 91 I
32 83 1 I
47 176 391 V
176 243 1 I
130 138 57 V
26 243 265 I
63 176 135 V
193 243 93 R
171 236 631 Y
37 243 159 B
142 218 345 R
130 202 145 B
130 264 127 Y
89 130 281 I
188 242 415 O
209 213 1 B
243 276 13 B
102 242 215 G
13 242 231 Y
136 176 463 R
243 270 481 I
171 286 465 V
19 176 543 G
26 50 1 I
116 272 143 O
191 243 421 B
130 323 267 Y
130 246 409 Y
49 243 371 I
116 165 43 O
87 176 509 Y
162 242 557 Y
176 254 621 I
242 250 617 I
116 177 15 O
171 315 561 Y
242 268 225 R
58 142 463 O
29 176 187 O
18 130 379 Y
172 242 27 Y
92 176 311 R
171 199 541 B
116 234 171 O
123 171 291 G
142 283 335 B
176 304 89 R
130 268 229 O
242 252 39 I
176 291 499 Y
116 249 25 O
142 230 443 Y
142 277 195 O
171 283 331 V
148 176 281 V
130 303 211 I
156 243 157 I
176 283 325 G
171 259 501 O
171 311 437 O
54 243 207 R
129 152 1 Y
165 242 49 G
18 242 375 G
93 171 285 V
65 243 113 B
146 243 477 R
213 242 429 Y
126 142 383 V
171 197 579 O
243 311 433 R
71 171 325 I
15 188 1 G
46 130 497 G
130 304 97 G
142 174 171 G
242 308 145 I
135 243 621 V
90 116 71 R
130 275 479 R
130 227 443 Y
130 142 1 R
171 180 175 B
142 245 111 R
242 300 541 R
243 253 177 O
58 130 461 I
116 240 5 V
130 212 89 R
130 296 587 G
116 182 31 O
156 171 161 B
194 313 1 R
53 288 1 B
89 243 275 Y
48 242 313 O
242 290 383 G
130 231 103 O
171 225 591 V
242 246 405 I
18 176 371 Y
30 243 479 I
116 119 39 Y
130 261 619 I
104 250 1 O
3 243 125 B
116 120 237 B
142 232 377 R
138 142 59 I
140 242 551 R
208 229 1 O
176 261 611 R
142 281 619 V
116 231 93 O
46 142 499 B
167 171 31 I
227 230 1 R
113 191 1 V
142 294 175 B
125 242 311 B
176 299 389 V
6 300 1 G
69 242 353 O
36 176 375 V
7 242 233 I
227 242 439 R
180 242 173 O
176 196 557 O
110 171 77 I
220 285 1 I
22 121 1 O
47 142 401 Y
62 243 507 I
171 296 585 O
142 216 131 V
