343 2401
188 343 177 R
27 286 297 Y
106 109 1 I
65 88 167 R
245 270 635 Y
88 163 93 V
286 310 425 Y
245 327 145 O
88 187 417 R
22 78 509 B
79 314 585 Y
250 314 125 O
265 314 467 B
7 286 31 B
9 245 623 Y
245 253 429 G
17 276 1 R
143 245 219 B
174 286 69 R
137 286 389 Y
93 314 319 B
7 285 1 R
98 273 1 G
136 188 577 B
22 105 525 R
22 293 447 V
22 253 425 B
22 313 557 Y
92 286 457 O
158 188 291 B
7 22 29 I
26 188 19 V
174 332 63 B
30 314 257 G
21 314 55 R
199 245 507 I
188 224 529 R
22 203 219 I
188 339 587 V
184 286 539 G
53 301 1 G
181 203 1 Y
36 338 1 R
22 294 129 R
143 188 223 G
188 292 653 O
22 28 617 Y
238 245 309 Y
88 234 599 G
188 295 283 R
12 88 231 I
314 316 399 V
22 317 121 O
215 245 665 I
225 286 137 O
88 102 533 R
38 314 61 G
16 22 31 O
214 314 307 V
173 286 81 I
258 314 407 Y
124 139 1 Y
95 286 377 R
2 245 315 Y
22 36 483 I
245 299 559 V
230 317 1 I
113 188 339 G
188 205 665 Y
245 246 339 Y
245 248 669 R
22 177 421 Y
22 41 151 I
5 286 459 V
286 317 123 G
22 171 327 V
245 289 75 G
29 88 233 R
34 275 1 B
20 88 229 V
272 314 665 O
143 314 213 G
314 332 1 Y
273 314 559 G
31 198 1 V
21 88 63 R
97 314 49 Y
80 88 103 Y
88 236 553 O
22 101 241 Y
88 121 109 B
188 241 359 Y
92 188 463 Y
22 67 373 Y
22 87 35 G
179 188 207 Y
151 286 391 G
22 160 33 Y
214 245 313 Y
22 121 103 Y
36 325 1 B
8 88 275 R
117 339 1 Y
94 127 1 B
264 314 669 V
22 318 393 Y
88 256 469 R
237 332 35 I
22 258 409 Y
46 286 369 V
40 245 453 R
245 288 329 I
286 299 557 Y
147 188 575 R
245 256 467 I
68 188 239 I
188 309 131 O
257 319 1 Y
202 245 455 G
111 245 143 G
244 249 1 Y
38 337 1 O
22 89 89 I
22 73 131 Y
129 245 523 G
10 22 239 G
169 188 27 G
188 318 401 R
188 270 639 V
22 72 633 V
22 264 671 R
125 188 637 I
188 281 175 Y
22 244 429 V
15 245 343 O
127 286 543 V
259 332 17 G
49 245 159 G
245 341 443 O
68 212 1 B
88 307 653 V
229 245 399 B
61 121 1 I
40 314 447 R
57 104 1 Y
216 314 657 R
245 262 49 G
198 314 157 B
22 249 431 I
22 267 563 Y
50 245 483 V
135 314 425 Y
54 188 475 Y
3 245 209 V
14 22 415 B
89 163 1 I
22 88 5 O
188 206 121 I
314 323 163 Y
172 245 271 V
22 100 293 V
88 190 201 I
192 314 595 R
57 88 521 R
239 314 317 Y
221 332 21 Y
289 332 67 O
133 286 493 I
162 286 641 G
88 304 79 G
104 314 515 R
274 286 189 Y
148 314 491 O
170 223 1 G
286 304 75 Y
43 245 53 B
88 302 621 V
245 309 127 I
234 245 597 B
149 323 1 O
188 313 565 I
58 188 485 G
44 286 55 O
185 245 69 V
207 286 139 Y
4 188 351 V
286 325 483 O
22 278 643 R
22 108 41 O
189 286 257 R
128 332 3 R
88 290 43 I
22 76 649 O
59 88 285 V
174 188 75 G
22 23 371 Y
178 188 599 I
88 224 527 Y
102 314 525 V
19 210 1 Y
22 115 83 R
13 314 435 B
260 314 667 I
240 286 657 B
22 118 243 O
118 286 245 I
188 256 471 V
126 314 205 B
117 314 575 G
62 228 1 R
194 245 281 R
155 286 597 Y
188 282 185 R
192 245 601 I
286 339 581 G
88 270 637 R
286 342 357 Y
133 188 499 G
58 245 481 O
201 278 1 G
88 272 673 O
88 171 333 I
188 195 355 B
109 314 287 I
88 112 589 R
88 213 61 V
85 286 287 G
266 332 9 V
237 314 37 B
245 277 317 R
18 45 1 O
24 88 253 B
55 245 553 B
36 188 491 I
25 314 73 V
215 286 663 O
82 245 89 G
119 188 581 V
188 233 117 I
114 286 497 R
188 227 115 G
11 314 313 O
56 314 405 O
31 314 155 Y
171 286 329 B
188 230 127 G
117 245 581 I
88 273 567 V
22 255 603 Y
57 286 517 G
144 274 1 B
88 332 9 B
251 286 447 I
286 341 441 O
314 320 381 O
27 100 1 G
216 286 661 G
88 338 491 O
278 286 645 R
286 312 607 B
108 188 49 O
188 329 265 V
236 301 1 Y
188 243 539 V
88 118 249 I
166 245 201 I
269 286 45 R
282 331 1 R
245 302 619 I
83 245 311 I
8 276 1 B
213 286 57 B
186 245 557 I
6 280 1 B
14 188 423 B
55 271 1 O
22 52 529 O
204 332 55 I
188 299 563 I
21 213 1 O
33 303 1 G
190 286 197 I
154 245 439 V
245 260 673 G
16 332 27 V
90 330 1 V
88 109 295 G
22 261 511 O
228 314 607 O
245 304 77 B
188 252 421 I
29 188 235 G
233 286 111 I
39 80 1 R
241 314 349 R
221 285 1 I
188 317 129 Y
286 300 499 I
260 272 1 B
152 286 351 I
146 314 375 B
212 245 237 B
123 266 1 Y
269 314 41 R
88 145 117 Y
88 279 479 G
22 194 277 I
134 151 1 B
88 136 575 B
230 314 117 Y
262 314 43 B
5 188 465 V
2 277 1 R
226 286 203 O
188 218 325 B
22 53 543 Y
236 314 545 Y
23 67 1 Y
116 245 213 B
59 245 283 B
54 88 473 G
154 308 1 Y
253 314 423 O
21 245 61 Y
60 314 285 B
245 266 17 Y
61 88 111 I
89 188 97 O
88 219 99 Y
39 314 93 R
175 327 1 O
245 303 629 G
124 314 259 O
47 188 99 G
188 310 431 Y
22 107 653 G
195 314 345 R
243 286 533 G
21 332 53 G
73 217 1 O
190 314 193 G
20 22 223 B
309 314 121 G
10 286 241 V
31 188 165 Y
88 133 497 B
159 286 237 G
165 243 1 R
88 328 363 O
118 314 241 O
290 332 33 B
69 264 1 O
108 314 39 V
188 247 597 V
257 314 99 I
94 286 541 O
22 94 539 G
22 281 167 G
188 246 343 B
22 329 257 V
60 85 1 I
33 88 629 O
88 305 577 Y
218 314 315 Y
35 315 1 V
142 314 67 I
73 314 129 I
245 251 449 V
71 188 179 G
89 314 87 B
22 181 221 R
314 328 355 I
53 88 549 R
314 319 97 V
181 245 225 I
95 188 383 R
155 188 603 O
139 188 271 O
220 286 117 O
22 83 307 I
138 245 385 I
1 188 219 G
158 286 285 O
88 166 203 Y
24 120 1 O
88 200 271 I
217 225 1 O
22 259 21 I
94 314 537 B
88 183 303 B
130 188 221 R
88 296 365 B
203 314 217 R
11 277 1 I
88 120 255 V
22 250 127 O
134 188 399 G
55 286 551 B
47 314 89 V
22 29 227 G
77 128 1 R
230 245 123 Y
40 202 1 R
70 286 489 V
193 286 119 V
251 293 1 V
22 263 125 B
245 306 249 V
88 263 131 V
22 166 197 R
172 188 275 V
166 188 205 Y
182 188 377 I
188 338 493 V
22 99 303 R
88 339 585 G
143 333 1 V
245 294 133 G
22 235 627 I
41 188 159 I
88 316 407 V
151 314 387 V
41 286 153 R
250 263 1 V
111 286 141 V
82 88 91 Y
293 314 445 I
22 40 449 I
47 88 97 Y
22 221 25 R
10 245 243 B
22 274 187 R
314 327 139 V
162 245 643 R
70 88 493 B
51 286 537 Y
32 88 195 G
95 314 373 Y
88 308 439 B
88 242 199 O
90 245 603 V
22 95 375 O
65 286 163 Y
1 286 213 V
245 275 505 R
88 217 139 B
22 60 287 G
188 342 363 B
22 291 635 O
17 314 271 Y
209 245 511 G
113 245 335 O
241 245 355 B
88 321 529 B
245 335 611 Y
271 286 553 I
20 314 221 I
105 188 533 G
197 267 1 G
37 245 365 B
188 331 183 I
31 49 1 Y
224 286 523 R
157 286 49 G
43 332 45 Y
22 339 579 R
77 88 15 R
56 286 409 I
23 182 1 B
81 286 239 I
146 245 381 Y
188 306 253 B
222 245 327 G
88 201 647 I
141 245 207 Y
59 286 281 R
103 188 199 O
96 286 653 I
28 188 625 B
62 314 609 O
34 286 501 O
284 314 583 B
162 201 1 O
22 68 231 R
54 314 465 G
22 251 445 R
286 330 603 G
68 286 233 O
63 331 1 I
24 314 245 G
285 332 23 R
88 225 141 Y
22 262 45 V
88 107 659 V
145 188 119 R
88 154 441 V
314 337 59 V
157 188 55 R
52 188 537 G
107 286 655 Y
22 242 193 I
188 213 63 G
75 88 371 R
245 308 437 G
188 308 441 I
199 314 501 B
88 178 597 G
223 286 183 Y
88 89 95 B
12 314 223 I
22 145 111 I
83 188 315 V
9 188 627 O
188 226 209 O
188 201 649 R
22 65 161 I
296 314 357 V
207 314 135 I
286 319 101 I
147 314 565 Y
22 325 481 V
303 314 623 G
11 88 321 B
146 150 1 O
215 314 659 R
115 297 1 I
13 88 443 V
132 245 457 B
7 332 25 R
155 234 1 I
80 188 105 G
78 209 1 R
88 282 183 Y
163 188 95 Y
22 110 333 I
243 245 535 V
127 188 549 G
92 314 453 R
59 314 277 Y
176 188 589 G
88 206 119 G
157 332 43 B
152 314 347 Y
256 286 465 G
99 314 301 Y
133 314 489 R
245 249 435 G
76 88 655 V
168 245 333 G
172 200 1 B
4 232 1 G
166 179 1 I
201 286 643 I
147 245 571 Y
239 286 321 I
99 188 311 I
81 88 243 Y
59 194 1 G
88 93 327 G
240 245 659 V
112 284 1 Y
22 33 623 O
187 286 413 Y
188 296 367 R
70 338 1 Y
132 202 1 I
85 314 283 G
22 283 663 V
195 245 351 G
286 321 525 B
88 115 89 B
314 336 147 G
22 103 191 O
67 286 375 O
22 231 253 V
188 323 173 B
22 152 349 G
82 286 87 I
88 283 669 G
88 138 387 V
106 286 293 O
47 219 1 V
88 265 475 V
194 314 275 I
76 307 1 V
14 131 1 V
22 91 575 I
16 88 37 B
188 271 559 G
180 256 1 G
314 343 167 I
88 167 359 O
23 286 373 Y
88 284 591 Y
22 77 9 Y
59 188 287 R
171 314 325 O
36 88 489 I
88 205 663 G
245 337 65 V
131 245 421 Y
112 176 1 O
286 329 259 R
26 332 7 V
270 286 633 R
292 307 1 Y
99 245 307 V
88 108 47 Y
188 223 189 Y
61 227 1 I
22 218 317 B
22 213 55 V
64 279 1 R
221 287 1 Y
67 88 379 G
22 208 337 I
88 323 171 G
13 245 441 Y
41 245 155 I
22 142 69 G
22 82 85 V
88 195 353 R
188 266 21 O
156 188 645 V
268 314 227 O
137 334 1 I
287 332 19 I
227 245 111 I
188 204 67 Y
22 315 441 R
22 122 403 G
76 245 653 R
22 106 291 Y
51 314 533 Y
166 286 199 I
22 148 493 Y
191 314 279 R
44 314 51 Y
88 143 221 V
198 245 163 O
28 302 1 I
249 314 429 R
182 314 367 B
179 314 197 B
188 264 679 V
99 238 1 R
163 314 85 O
188 290 45 I
87 314 33 Y
182 245 373 R
255 314 601 O
217 286 135 O
332 337 57 I
23 314 369 V
91 119 1 Y
312 335 1 O
90 188 607 Y
185 286 67 G
88 277 319 B
22 234 593 I
169 259 1 O
188 279 481 B
34 245 503 B
152 188 357 R
22 289 71 B
286 316 403 O
224 245 525 R
84 286 365 I
65 314 159 Y
66 245 625 Y
88 106 297 V
113 168 1 B
32 286 191 Y
247 314 587 V
22 279 473 Y
42 88 425 B
16 314 29 B
12 20 1 R
88 306 251 I
88 111 145 Y
188 334 393 B
235 314 625 V
5 92 1 I
63 88 179 G
88 250 133 V
88 105 531 R
235 245 631 R
88 255 609 V
149 286 165 G
217 314 131 O
149 314 161 I
188 245 3 R
22 284 585 B
88 223 187 G
88 232 347 R
73 245 135 R
54 286 469 O
245 320 387 R
188 192 605 B
128 188 15 O
105 286 527 G
254 314 403 Y
119 305 1 G
93 188 329 R
22 302 615 O
22 116 209 Y
43 188 57 I
264 286 673 O
71 88 177 V
15 314 337 I
200 245 269 I
109 286 291 Y
61 188 113 O
22 295 275 V
232 245 345 Y
314 317 119 R
88 294 135 R
88 329 263 B
309 317 1 V
88 288 331 I
1 245 215 V
245 291 639 I
80 314 95 V
245 331 179 O
185 332 61 G
22 185 65 G
188 193 125 G
153 245 21 Y
22 62 611 I
71 245 175 G
244 245 433 I
22 117 577 V
46 314 365 G
56 188 415 Y
106 188 299 O
144 188 193 V
210 245 151 G
89 245 93 Y
188 327 149 G
33 286 625 B
315 341 1 O
88 312 611 O
188 207 145 O
91 188 583 G
188 254 413 Y
71 314 169 G
16 286 33 I
26 266 1 B
245 259 25 B
314 318 391 O
22 79 587 Y
120 245 253 R
22 168 329 O
245 297 85 R
188 291 643 O
88 104 523 I
172 314 265 B
314 339 577 G
111 188 147 B
88 210 153 O
88 124 267 I
4 286 345 B
286 322 515 R
88 292 651 I
3 286 207 Y
88 214 315 R
107 314 651 V
29 245 231 Y
286 301 547 R
109 188 297 G
270 314 629 O
3 141 1 O
73 88 137 B
188 336 157 B
96 188 659 B
29 314 225 R
157 245 51 G
85 88 291 Y
161 286 467 O
22 316 401 O
191 245 285 Y
247 286 591 V
246 314 333 G
154 188 443 I
99 280 1 R
6 245 303 V
137 245 391 I
88 326 465 Y
289 304 1 V
116 314 207 Y
237 245 43 V
88 269 49 I
135 245 431 Y
22 243 531 R
3 314 203 G
312 314 603 O
13 154 1 G
16 188 39 Y
188 258 417 G
208 314 335 V
3 126 1 I
185 188 73 I
187 258 1 R
29 286 229 R
22 324 613 B
249 308 1 O
286 333 219 V
37 188 369 I
188 280 309 V
88 322 519 G
178 314 589 R
104 286 519 O
62 245 615 G
286 302 617 I
229 286 397 I
245 305 575 V
31 286 159 Y
188 275 509 G
66 188 629 R
245 333 221 V
159 212 1 R
85 188 293 I
88 140 511 R
188 302 623 R
100 314 291 G
184 245 541 O
27 245 299 Y
79 245 591 G
88 193 123 O
171 288 1 B
188 330 609 V
88 298 83 O
88 192 603 B
64 188 479 G
88 228 615 Y
96 245 655 B
22 63 173 G
22 98 559 B
172 286 269 V
88 180 467 Y
296 328 1 V
42 177 1 V
22 233 109 O
78 286 511 B
88 249 437 V
52 286 531 B
22 71 171 G
22 50 479 Y
42 314 417 G
88 94 545 R
219 286 95 O
203 333 1 R
30 245 263 B
124 286 263 V
157 262 1 O
37 314 359 O
22 127 541 I
119 245 577 O
89 286 91 G
62 188 619 B
286 308 435 I
84 188 371 V
13 341 1 R
32 245 193 O
25 298 1 B
188 242 201 G
22 200 265 I
22 282 177 R
22 312 605 B
79 286 589 V
79 284 1 G
72 270 1 I
146 188 385 V
74 88 481 V
241 286 353 I
152 241 1 Y
49 88 161 I
146 286 379 Y
126 188 215 G
86 88 159 R
80 286 99 B
125 286 631 R
88 169 25 R
110 188 341 Y
286 294 131 B
22 320 383 B
11 286 317 I
88 221 31 G
245 282 181 B
159 188 243 V
153 332 13 V
61 286 107 G
328 342 1 V
188 251 453 O
88 188 1 Y
231 314 251 O
286 334 387 B
188 261 519 V
22 184 537 V
98 314 557 G
23 245 375 Y
22 27 295 B
36 245 487 R
88 341 445 O
88 161 471 O
153 314 15 G
88 238 311 O
22 311 489 R
236 286 549 I
22 96 651 O
22 323 165 G
199 286 505 I
88 333 223 R
88 191 287 V
263 286 127 G
46 182 1 O
286 289 73 B
88 170 189 B
127 314 539 R
6 22 299 Y
88 262 51 I
173 298 1 R
120 196 1 V
248 272 1 B
245 342 359 V
176 339 1 B
188 322 521 O
159 314 233 G
22 330 601 B
188 196 259 R
22 182 369 R
248 286 667 R
55 188 557 V
314 330 599 V
22 151 389 R
22 335 607 Y
22 66 621 G
22 220 115 R
205 240 1 Y
75 245 369 G
187 314 409 B
88 197 571 G
19 188 153 V
22 149 163 B
88 141 209 O
261 286 513 O
188 249 439 V
22 299 555 Y
39 88 101 O
88 99 309 G
83 314 305 V
188 315 449 O
56 258 1 B
246 286 337 O
88 330 607 B
125 245 633 I
102 105 1 I
245 296 363 O
22 84 363 R
88 198 165 I
12 286 227 Y
173 297 1 G
88 258 415 B
134 245 395 G
22 240 655 V
12 245 229 R
76 314 647 R
267 273 1 V
56 245 411 B
88 281 173 I
245 336 153 V
22 69 673 B
53 245 547 G
286 295 277 G
82 314 83 V
22 46 367 R
184 314 535 Y
154 286 437 V
149 188 171 I
314 324 611 Y
22 47 91 R
22 309 123 R
245 261 515 R
268 286 231 G
138 188 389 V
184 188 545 B
8 188 277 R
22 55 549 V
22 137 387 Y
253 286 427 Y
22 198 159 V
88 172 273 Y
245 340 349 Y
282 314 175 O
2 188 319 R
161 188 473 I
22 24 247 R
88 293 453 I
188 255 611 V
182 286 371 I
114 245 499 V
44 88 59 B
34 88 505 R
143 286 217 V
188 209 515 B
22 326 459 V
188 267 571 G
189 231 1 G
227 233 1 Y
145 206 1 V
286 297 83 B
64 286 473 O
127 245 545 O
15 286 341 Y
188 301 553 R
100 245 297 I
55 88 555 O
52 243 1 B
262 269 1 G
73 294 1 R
88 222 329 V
22 180 461 V
22 70 487 B
88 303 631 G
188 239 327 I
88 156 643 R
222 286 325 V
88 295 281 B
300 314 495 O
220 314 113 O
129 286 521 R
250 294 1 Y
88 309 129 G
18 88 403 Y
289 314 69 B
208 286 339 B
169 332 15 Y
188 202 459 B
19 88 151 V
110 286 335 G
10 188 247 B
188 321 531 B
245 332 7 R
131 188 425 I
123 286 17 I
145 314 109 G
176 314 579 Y
113 286 333 R
6 314 297 G
22 75 365 Y
88 226 207 R
22 245 3 V
157 314 45 V
22 178 591 V
245 263 129 V
26 245 15 V
229 318 1 O
130 286 215 O
206 286 115 I
88 246 341 I
286 293 449 R
22 136 569 I
88 168 335 O
88 97 57 G
204 314 57 G
22 187 411 Y
88 92 461 R
58 286 479 O
50 88 485 G
314 342 353 I
286 305 573 O
133 311 1 O
44 332 49 R
50 325 1 Y
295 314 273 O
22 34 499 G
88 230 125 I
178 234 1 Y
245 338 489 O
47 245 95 G
196 231 1 V
137 151 1 V
219 314 91 R
56 254 1 B
135 286 429 Y
88 209 513 B
22 126 207 Y
221 245 29 B
21 188 65 G
244 286 431 B
273 286 563 B
67 95 1 B
162 314 637 R
88 231 259 R
4 245 347 R
88 173 85 B
133 245 495 V
147 286 569 I
1 130 1 I
245 326 463 O
245 334 389 B
88 297 87 G
18 229 1 V
148 188 501 R
107 240 1 B
8 286 271 G
188 297 89 B
237 286 41 I
279 286 475 Y
22 97 51 V
250 286 129 G
245 317 125 R
188 237 47 G
226 314 199 I
160 332 29 G
88 95 381 Y
97 188 59 B
37 88 367 O
88 148 499 I
20 188 231 V
1 314 209 R
167 314 351 Y
24 286 249 B
150 286 381 V
88 177 427 G
43 97 1 G
245 323 169 I
94 188 547 G
46 245 371 Y
22 201 641 B
5 245 461 V
22 304 73 I
88 287 29 Y
167 245 357 V
88 252 419 O
61 314 103 R
13 286 439 I
66 286 623 R
245 307 651 B
22 45 399 O
126 245 211 G
213 314 53 G
2 214 1 B
161 314 463 G
44 188 61 I
22 165 533 R
88 243 537 O
50 314 477 R
125 314 627 Y
8 22 269 O
141 286 205 V
65 149 1 B
188 341 447 G
22 141 203 V
310 314 421 V
245 324 617 V
88 261 517 B
286 336 151 G
122 188 411 B
160 188 41 G
257 286 103 I
188 216 667 B
72 88 639 R
19 175 1 G
7 245 33 B
222 314 321 G
17 295 1 G
188 287 31 G
1 116 1 G
101 314 239 I
3 88 211 Y
81 188 245 R
142 289 1 G
22 205 657 Y
88 101 247 Y
188 215 669 Y
245 321 527 I
3 188 213 Y
67 245 377 O
76 96 1 R
97 245 55 V
41 336 1 G
116 126 1 Y
314 334 383 R
204 337 1 B
188 326 467 Y
220 245 119 R
211 245 9 B
186 286 555 Y
88 212 239 R
255 312 1 R
105 245 529 O
156 245 641 R
188 199 511 G
42 245 423 R
188 335 615 Y
286 338 487 V
235 286 629 V
88 151 395 V
22 310 423 G
4 340 1 Y
79 88 593 V
22 342 355 R
210 314 145 V
224 314 519 R
239 245 323 I
22 215 661 G
180 188 469 Y
35 88 449 Y
7 16 1 G
32 274 1 I
36 286 485 I
9 22 619 R
195 286 349 Y
286 298 79 O
13 22 437 G
88 253 431 Y
112 314 581 I
155 245 599 I
87 160 1 V
33 188 631 O
188 244 437 Y
222 288 1 R
231 286 255 V
69 188 681 V
88 208 343 V
228 335 1 I
188 311 497 B
142 174 1 R
57 188 523 V
28 245 621 G
86 286 155 I
199 275 1 I
136 245 573 B
102 286 529 Y
245 292 649 R
118 245 247 V
22 314 1 V
288 314 323 Y
22 31 157 R
165 286 535 O
88 128 13 R
304 332 69 V
267 314 561 V
178 245 595 V
79 188 595 B
88 179 205 G
93 245 325 I
242 286 195 I
112 286 585 O
88 260 675 Y
63 188 181 G
22 271 551 V
88 134 397 G
87 188 43 G
60 188 295 I
88 245 1 V
35 251 1 G
245 286 1 V
22 247 589 O
218 239 1 Y
22 276 271 V
221 314 23 V
188 269 51 B
227 314 105 Y
22 124 261 O
22 102 527 R
66 88 627 I
22 308 433 V
163 286 89 O
48 223 1 G
48 245 183 V
22 337 61 V
22 252 413 V
88 335 613 Y
22 270 631 B
39 188 103 Y
188 286 5 G
180 314 459 R
311 314 487 R
88 247 595 I
30 188 267 I
306 314 243 I
22 280 301 R
22 159 235 I
286 291 637 G
245 330 605 R
83 238 1 R
45 245 403 Y
22 54 467 R
22 175 143 O
88 248 671 B
168 286 331 B
102 245 531 B
22 111 139 I
88 159 241 R
88 150 385 V
88 257 107 R
22 186 553 G
88 215 667 Y
286 314 3 O
22 130 213 V
15 188 347 V
22 93 321 I
34 314 497 R
88 318 399 Y
307 314 645 V
188 319 107 R
22 217 133 R
147 197 1 I
266 314 11 O
43 286 51 G
15 208 1 B
22 188 7 O
22 157 47 R
22 49 155 G
188 278 651 R
153 169 1 O
286 315 443 O
245 268 233 O
245 312 609 I
88 268 235 O
245 313 561 B
286 331 177 R
136 305 1 B
320 334 1 G
188 211 13 G
22 146 377 B
314 315 439 G
245 300 501 R
188 229 403 B
275 314 499 V
115 314 81 B
22 37 361 I
25 286 77 I
80 319 1 I
88 211 11 B
1 22 211 V
47 286 93 R
313 314 555 Y
88 116 215 B
224 321 1 R
87 88 41 B
212 314 231 V
88 137 393 G
141 226 1 Y
114 314 493 G
34 188 507 B
144 170 1 G
211 314 3 G
188 232 349 B
53 188 551 Y
302 314 613 R
144 286 187 R
314 321 521 V
75 314 363 G
22 277 313 B
22 125 629 V
134 286 393 G
255 330 1 V
5 326 1 G
105 321 1 R
242 245 197 O
44 97 1 O
88 301 551 Y
188 324 621 V
2 22 311 I
118 188 251 V
51 165 1 B
88 264 677 O
4 22 343 B
179 286 201 I
41 314 149 G
103 245 195 I
110 113 1 O
22 319 99 O
28 314 615 O
226 245 205 G
33 66 1 V
88 334 391 I
166 314 195 V
276 314 269 O
119 286 575 Y
22 226 201 G
18 314 395 G
84 314 361 I
108 245 45 G
141 314 201 R
22 156 637 V
22 172 267 O
133 148 1 O
17 286 275 G
101 188 249 B
121 286 105 I
88 254 411 I
65 188 169 B
69 286 675 B
38 88 69 G
88 117 583 V
23 88 377 V
188 191 289 I
44 245 57 G
286 318 395 O
188 238 313 I
112 245 587 Y
39 245 99 V
48 314 177 Y
104 245 521 B
286 320 385 Y
188 304 81 R
88 160 39 I
9 314 617 Y
32 314 187 B
249 286 433 O
22 305 571 Y
8 172 1 B
101 245 245 Y
51 245 539 Y
122 316 1 Y
22 256 463 G
88 185 71 O
225 314 133 V
175 188 151 V
35 188 451 R
22 32 189 V
201 314 639 B
42 286 421 O
144 314 183 I
210 286 149 I
22 138 381 V
188 294 137 V
22 272 667 V
191 286 283 B
22 61 105 I
188 190 203 O
196 245 255 R
245 290 41 I
218 286 319 Y
83 88 313 O
24 245 251 I
22 204 59 G
123 188 23 I
98 286 561 Y
152 245 353 I
88 274 193 O
245 257 105 B
297 314 79 G
74 188 483 O
286 323 167 V
2 314 309 B
291 314 633 O
140 188 513 O
304 314 71 V
29 268 1 Y
17 245 277 R
178 286 593 V
22 169 19 B
22 239 319 R
5 22 457 B
67 314 371 B
285 314 25 G
245 316 405 O
36 314 481 R
96 314 649 R
47 89 1 I
177 245 425 B
156 291 1 R
186 314 551 B
7 314 27 Y
39 219 1 Y
22 286 1 O
135 253 1 B
22 44 53 O
59 191 1 V
15 232 1 O
72 245 637 B
22 179 199 R
95 245 379 Y
76 188 657 B
129 314 517 I
87 332 31 Y
233 314 107 Y
188 260 677 I
46 188 375 G
95 146 1 G
88 319 105 I
25 304 1 R
188 273 569 G
275 286 503 R
88 220 121 V
88 119 579 V
8 245 273 B
188 250 135 R
159 245 239 I
215 216 1 B
121 245 107 V
91 117 1 G
158 245 287 V
200 286 267 V
22 58 477 Y
188 234 601 B
286 313 559 R
278 314 641 I
188 197 573 V
141 188 211 R
88 157 53 Y
62 88 617 I
183 188 305 G
235 303 1 G
22 90 599 B
162 188 647 B
188 283 671 V
189 329 1 O
88 241 357 V
49 86 1 G
177 310 1 O
103 242 1 B
88 291 641 O
271 314 549 O
211 332 1 I
148 245 497 R
22 147 567 I
116 188 217 V
129 188 527 R
22 229 395 R
22 155 595 V
22 227 107 V
186 271 1 R
245 258 413 B
77 245 13 R
65 198 1 R
19 286 147 O
88 103 197 R
94 184 1 Y
314 338 483 V
88 194 283 O
88 240 661 B
170 314 181 O
215 283 1 V
243 314 529 R
28 88 623 G
35 286 445 B
64 88 477 B
78 314 507 Y
314 322 511 G
193 230 1 B
170 188 191 G
22 292 645 Y
33 314 621 R
22 197 565 B
110 314 331 B
130 245 217 R
30 124 1 Y
193 314 115 O
79 247 1 G
292 314 643 O
231 245 257 O
120 286 251 G
236 245 551 V
24 306 1 B
69 245 677 I
88 139 269 G
281 323 1 B
283 286 665 B
88 181 227 B
205 314 655 O
245 284 589 B
13 188 445 O
41 86 1 I
108 286 43 Y
140 245 509 O
22 48 179 V
27 314 293 R
44 213 1 O
22 246 335 G
45 286 401 R
22 81 237 G
150 188 387 I
108 269 1 R
22 173 79 B
188 253 433 G
88 267 569 O
40 286 451 O
245 339 583 G
160 314 31 I
286 306 247 I
74 245 479 B
84 245 367 O
188 235 635 I
38 185 1 I
207 225 1 B
123 153 1 Y
88 235 633 R
22 170 183 O
276 286 273 G
188 203 227 G
101 118 1 O
9 286 621 Y
217 245 137 V
68 88 237 V
188 320 391 B
22 340 345 B
88 184 543 R
210 336 1 I
9 88 625 Y
2 286 313 G
58 314 475 I
6 286 301 I
7 88 35 I
128 286 9 G
105 314 523 I
88 299 561 R
22 273 561 Y
139 286 265 B
74 314 473 G
17 22 273 B
81 314 235 I
45 188 407 B
22 193 117 I
88 130 219 I
107 245 657 I
5 314 455 Y
22 214 309 B
211 286 7 G
75 84 1 B
88 158 289 Y
213 332 51 Y
22 59 279 G
158 314 281 B
137 188 395 I
72 286 635 G
22 132 453 R
251 314 443 G
299 314 553 Y
206 314 111 V
22 129 519 V
204 286 61 G
103 314 189 O
187 245 415 R
22 228 609 O
22 236 547 Y
19 245 149 B
106 314 289 V
142 332 65 R
188 307 655 B
245 314 5 B
100 106 1 V
286 327 143 R
88 98 565 V
180 286 463 Y
197 314 563 R
88 237 45 V
22 80 97 V
22 237 39 R
4 88 349 Y
88 276 277 I
88 325 487 G
269 332 39 V
22 338 485 Y
46 75 1 G
33 245 627 Y
88 311 495 O
188 248 673 O
227 286 109 B
203 245 223 I
138 286 383 O
45 88 405 Y
22 222 323 R
286 296 361 V
22 64 471 I
302 324 1 G
88 314 7 V
196 286 253 V
232 286 343 Y
283 314 661 V
93 222 1 R
282 286 179 O
188 314 9 Y
88 327 147 G
22 123 15 Y
88 196 257 R
223 314 179 I
22 241 351 V
245 267 567 V
22 287 23 Y
14 88 421 Y
54 265 1 R
26 286 13 O
183 245 301 I
25 88 81 I
22 109 289 V
120 314 247 Y
69 88 679 O
245 319 103 R
115 245 87 Y
209 314 505 B
160 286 35 I
52 314 527 O
22 331 175 I
294 314 127 R
39 286 97 O
281 314 165 R
49 314 153 R
175 314 141 B
136 314 567 Y
68 245 235 I
148 286 495 Y
48 286 181 G
22 57 515 G
122 314 401 B
22 85 285 B
188 214 317 B
22 210 147 R
56 88 413 G
69 314 671 B
130 314 211 B
57 314 513 G
22 112 583 O
88 162 645 Y
22 128 7 I
128 314 5 G
22 207 137 V
18 245 401 B
22 343 169 V
266 286 15 B
156 314 635 R
197 286 567 V
314 331 173 B
221 286 27 I
91 286 577 V
22 133 491 Y
128 211 1 G
188 332 11 G
75 286 367 V
82 115 1 O
188 231 261 O
88 216 665 O
27 183 1 V
82 188 93 R
77 286 11 R
139 200 1 O
49 188 163 O
188 305 579 O
214 286 311 B
22 322 513 O
17 88 279 G
176 286 583 O
90 192 1 O
160 245 37 O
98 313 1 V
188 212 241 G
88 135 433 R
138 150 1 V
42 188 427 O
234 286 595 R
189 245 259 I
73 188 139 I
188 276 279 I
193 220 1 Y
37 286 363 V
122 254 1 V
17 188 281 B
158 191 1 G
88 91 581 R
71 343 1 V
14 314 413 R
245 274 191 R
263 309 1 G
52 245 533 I
187 188 419 I
22 332 3 G
22 195 347 V
22 209 507 O
192 286 599 R
48 282 1 B
22 257 101 B
22 131 417 G
245 252 417 O
22 176 581 O
104 188 525 V
81 159 1 G
22 219 93 B
97 332 47 R
98 245 563 I
98 188 567 I
100 188 301 V
88 129 525 R
171 188 335 I
22 114 495 O
188 219 101 B
169 245 23 R
104 129 1 B
43 157 1 G
272 286 669 V
209 286 509 B
245 280 305 G
43 314 47 B
90 314 597 B
88 113 337 O
110 245 337 O
14 286 417 Y
179 226 1 O
248 314 663 V
277 286 315 V
193 245 121 G
22 144 185 G
22 288 325 V
140 314 503 G
88 202 457 V
12 22 225 B
314 341 437 Y
22 163 87 G
205 216 1 O
195 340 1 R
117 188 585 O
22 25 75 B
88 96 657 V
54 245 471 B
48 188 187 B
88 300 503 O
22 334 385 R
136 147 1 R
155 314 593 G
86 314 151 B
114 188 503 I
245 281 171 I
68 268 1 R
15 88 345 R
74 286 477 O
106 245 295 V
88 90 605 O
299 313 1 Y
190 242 1 I
88 144 191 Y
181 188 229 V
40 188 457 O
230 286 121 Y
6 183 1 R
22 297 81 G
4 314 341 O
21 22 57 O
10 101 1 R
259 287 1 I
290 314 35 G
132 314 451 O
138 320 1 B
22 38 63 V
165 314 531 R
188 208 345 R
22 290 37 Y
138 314 379 I
244 314 427 V
212 286 235 B
219 245 97 B
22 265 469 Y
88 114 501 G
97 286 53 V
91 245 579 Y
245 247 593 O
22 199 503 V
77 188 17 B
255 286 605 R
68 314 229 I
280 286 303 I
88 131 423 I
5 88 463 R
140 199 1 B
176 245 585 I
301 314 543 O
22 333 217 O
124 245 265 B
286 287 25 O
281 286 169 R
188 268 237 R
277 314 311 V
187 252 1 V
161 245 469 V
165 188 541 O
203 286 221 I
22 135 427 G
260 286 671 V
237 290 1 O
188 222 331 O
245 287 27 G
85 158 1 R
60 109 1 I
126 286 209 B
177 314 419 V
188 328 365 Y
223 245 185 V
87 286 37 B
188 220 123 G
113 314 329 O
42 131 1 O
21 204 1 O
22 223 181 Y
188 284 593 V
22 43 49 O
63 71 1 Y
22 74 475 R
188 285 35 Y
140 286 507 I
63 314 171 I
115 188 91 B
22 167 353 R
22 140 505 I
298 314 75 V
115 286 85 I
22 232 341 R
180 326 1 Y
245 278 647 I
88 259 27 R
22 56 407 V
179 245 203 I
38 332 59 R
52 88 535 I
245 273 565 V
121 314 101 G
26 314 9 I
286 340 347 Y
22 225 135 G
165 245 537 O
22 230 119 Y
188 262 53 B
153 286 19 O
314 333 215 Y
245 328 361 I
88 278 649 I
286 343 171 B
286 311 491 I
49 286 157 B
22 254 405 B
188 221 33 G
156 162 1 B
88 244 435 I
88 286 3 I
102 188 535 O
22 212 233 B
20 181 1 O
139 245 267 G
274 314 185 B
245 322 517 O
51 188 543 G
181 314 219 R
121 188 111 R
123 314 13 O
61 245 109 Y
123 332 11 V
24 188 255 V
46 88 373 V
11 188 323 I
7 188 37 B
254 286 407 G
88 324 619 Y
22 336 149 R
50 286 481 V
22 341 439 G
188 194 285 Y
177 286 423 G
285 286 29 I
135 244 1 B
101 286 243 O
168 314 327 I
6 88 305 Y
31 88 163 R
167 188 361 I
18 188 405 O
188 298 85 B
11 245 319 Y
281 343 1 B
41 88 157 R
22 104 517 V
70 188 495 B
22 174 67 B
144 245 189 I
206 245 117 B
155 192 1 G
167 286 355 V
12 29 1 O
245 311 493 B
22 321 523 G
8 314 267 G
62 324 1 R
22 39 95 V
88 155 601 V
245 310 427 B
190 245 199 R
228 286 611 R
22 162 639 I
286 309 125 I
228 245 613 V
128 245 11 Y
57 322 1 R
205 245 661 R
25 188 83 Y
22 191 281 O
218 245 321 V
186 299 1 O
232 314 339 I
22 303 625 R
245 272 671 B
88 175 149 G
188 333 225 B
248 283 1 Y
245 318 397 I
48 88 185 G
134 314 389 R
93 239 1 B
188 300 505 G
174 314 65 Y
87 245 39 O
245 250 131 G
88 280 307 Y
168 171 1 R
88 125 635 O
121 257 1 B
196 314 249 I
10 81 1 I
22 153 17 R
134 318 1 R
103 286 193 G
166 190 1 O
22 189 255 I
259 286 23 I
125 235 1 I
188 210 155 Y
12 188 233 G
22 206 113 O
286 292 647 B
22 268 229 Y
145 245 115 G
261 314 509 I
252 286 415 B
213 245 59 B
286 290 39 B
78 261 1 V
238 286 307 B
52 102 1 G
71 286 173 O
88 153 23 V
88 146 383 G
60 88 293 V
286 288 327 G
21 286 59 R
15 22 339 I
60 245 291 I
88 317 127 O
188 259 29 G
114 148 1 B
188 189 263 V
88 152 355 G
11 218 1 O
26 77 1 G
130 143 1 V
22 183 297 O
202 314 449 I
22 154 435 V
64 265 1 Y
205 286 659 O
188 198 167 B
88 182 375 B
188 277 321 Y
88 251 451 O
125 270 1 O
10 314 237 R
233 245 113 I
22 120 249 O
80 245 101 Y
208 246 1 V
92 245 459 Y
81 245 241 O
22 92 455 I
37 84 1 B
64 314 469 Y
40 293 1 O
188 236 555 R
258 286 411 B
286 307 649 G
3 22 205 G
188 316 409 Y
22 192 597 I
55 314 547 G
152 195 1 Y
22 211 5 G
245 325 485 I
171 245 331 V
35 314 441 B
75 188 373 I
88 165 539 O
22 119 573 G
22 306 245 Y
204 245 63 G
88 285 33 I
245 293 451 R
86 188 161 Y
27 88 301 G
50 188 487 I
88 199 509 G
234 314 591 I
20 286 225 B
22 150 379 G
88 342 361 O
151 188 397 R
173 188 87 I
262 332 41 V
43 88 55 B
90 286 601 G
286 337 63 R
252 314 411 G
88 289 77 I
100 286 295 G
286 328 359 I
188 263 133 O
116 286 211 G
188 293 455 R
88 218 323 G
245 283 667 B
168 188 337 R
10 88 245 I
16 245 35 V
314 335 605 B
77 314 7 R
88 189 261 B
183 286 299 Y
28 286 619 I
108 332 37 B
88 174 73 B
22 30 259 O
63 286 175 V
112 188 591 I
70 311 1 I
145 233 1 O
175 286 145 I
181 286 223 V
22 143 215 O
169 286 21 I
72 188 641 G
88 271 557 V
174 245 71 O
37 296 1 G
201 245 645 O
286 335 609 G
188 340 353 O
77 332 5 Y
114 300 1 Y
53 314 541 B
132 188 461 B
6 188 307 V
140 209 1 O
22 285 27 Y
84 88 369 Y
22 26 11 R
267 286 565 B
88 100 299 V
85 245 289 I
261 322 1 O
19 314 143 B
88 340 351 V
151 245 393 R
111 207 1 R
22 216 659 Y
83 286 309 B
22 301 545 B
88 275 507 V
88 186 559 Y
173 314 77 V
88 266 19 G
88 203 225 I
245 315 445 O
67 188 381 Y
286 303 627 Y
88 126 213 B
88 315 447 G
88 132 459 Y
9 66 1 R
120 188 257 V
9 28 1 R
173 245 83 Y
53 127 1 G
245 269 47 V
188 272 675 G
22 307 647 I
34 300 1 I
122 286 405 R
259 314 19 R
108 237 1 R
188 303 633 R
198 286 161 B
129 224 1 G
123 245 19 G
72 314 631 Y
131 314 415 Y
156 286 639 B
188 257 109 R
63 245 177 B
245 264 675 V
188 225 143 B
22 300 497 I
245 285 31 G
245 279 477 O
22 134 391 I
25 245 79 R
2 88 317 R
169 314 17 Y
45 316 1 G
262 286 47 R
177 188 429 G
88 233 115 Y
245 255 607 O
229 314 393 V
78 245 513 B
19 22 145 R
11 22 315 G
188 337 69 R
51 184 1 Y
154 314 433 I
30 88 265 I
170 245 187 V
22 158 283 G
284 286 587 I
245 329 261 V
38 245 67 O
118 306 1 V
142 286 71 G
245 271 555 G
167 241 1 V
88 331 181 V
91 314 573 O
78 188 517 B
78 88 515 Y
188 325 489 R
27 188 303 B
111 314 137 G
136 286 571 R
111 327 1 G
178 247 1 Y
55 236 1 B
280 314 299 I
245 298 81 G
31 245 161 R
286 324 615 I
206 220 1 B
188 200 273 I
245 295 279 Y
22 35 443 G
88 229 401 Y
150 314 377 G
88 336 155 I
20 245 227 B
216 245 663 O
99 286 305 V
74 279 1 B
242 314 191 O
194 286 279 I
66 314 619 G
88 337 67 Y
256 314 461 I
35 245 447 Y
53 286 545 Y
188 312 613 I
22 202 451 Y
122 245 407 R
32 188 197 G
22 161 465 I
30 286 261 O
40 88 455 G
22 224 521 G
305 314 569 G
26 88 17 V
163 245 91 O
314 340 343 Y
82 163 1 B
88 142 75 B
265 286 471 I
197 245 569 I
207 245 141 O
65 245 165 V
18 286 399 R
174 185 1 I
279 314 471 B
314 325 479 R
76 286 651 O
142 188 77 G
92 132 1 R
22 266 13 G
51 88 541 O
22 51 535 O
194 295 1 V
253 310 1 B
38 286 65 Y
22 260 669 I
263 314 123 O
107 188 661 I
93 286 323 B
314 326 457 O
260 264 1 G
22 196 251 G
202 286 453 I
83 214 1 R
87 290 1 B
88 123 21 G
32 103 1 Y
70 245 491 I
145 286 113 V
22 190 195 V
22 248 665 V
189 314 253 I
124 188 269 I
245 301 549 R
164 188 16807 I
94 245 543 B
88 313 563 I
88 239 325 G
110 246 1 R
117 286 579 V
72 291 1 G
88 204 65 O
22 86 153 I
64 245 475 I
88 127 547 Y
22 328 357 G
23 188 379 B
88 320 389 Y
188 289 79 V
62 286 613 R
22 327 141 Y
45 314 397 G
88 227 113 I
188 217 141 Y
245 276 275 V
96 107 1 I
245 265 473 G
188 288 333 I
30 329 1 B
188 274 195 G
88 122 409 O
14 245 419 G
286 332 5 V
73 286 133 V
60 286 289 G
137 314 385 B
109 245 293 V
278 292 1 V
88 310 429 I
183 314 295 R
88 176 587 G
86 245 157 I
14 252 1 R
70 314 485 O
88 147 573 I
167 342 1 B
22 42 419 Y
245 343 173 I
240 314 653 B
150 245 383 I
186 188 561 O
135 188 435 G
225 245 139 Y
22 269 43 R
119 314 571 O
188 265 477 B
22 296 359 R
131 286 419 V
88 343 175 O
88 110 339 G
139 314 261 B
142 245 73 B
175 245 147 O
16 160 1 O
286 326 461 O
208 245 341 Y
1 88 217 O
58 88 483 I
22 275 501 R
188 228 617 I
88 149 169 O
161 256 1 G
314 329 255 Y
18 22 397 I
170 286 185 G
22 139 263 Y
54 161 1 Y
88 207 143 I
132 286 455 I
200 314 263 G
245 254 409 Y
22 298 77 Y
308 314 431 R
38 188 71 I
180 245 465 R
57 245 519 G
22 113 331 G
58 74 1 B
153 188 25 R
149 245 167 O
50 58 1 V
188 240 663 B
238 314 303 V
287 314 21 B
22 238 305 V
185 314 63 R
