323 2345
1 2 1 B
1 317 631 R
1 318 633 I
1 319 635 I
1 320 637 O
1 321 639 Y
1 322 641 V
2 3 1 R
2 317 629 I
2 318 631 B
2 319 633 V
2 320 635 V
2 321 637 Y
2 322 639 R
3 4 1 V
3 317 627 Y
3 318 629 B
3 319 631 I
3 320 633 B
3 321 635 V
3 322 637 Y
4 5 1 B
4 317 625 O
4 318 627 Y
4 319 629 R
4 320 631 V
4 321 633 Y
4 322 635 G
5 6 1 Y
5 317 623 I
5 318 625 I
5 319 627 Y
5 320 629 O
5 321 631 B
5 322 633 R
6 7 1 B
6 317 621 V
6 318 623 R
6 319 625 Y
6 320 627 O
6 321 629 R
6 322 631 I
7 8 1 O
7 317 619 R
7 318 621 B
7 319 623 V
7 320 625 Y
7 321 627 Y
7 322 629 V
8 9 1 G
8 317 617 R
8 318 619 I
8 319 621 O
8 320 623 V
8 321 625 B
8 322 627 I
9 10 1 Y
9 317 615 Y
9 318 617 I
9 319 619 Y
9 320 621 V
9 321 623 I
9 322 625 R
10 11 1 B
10 317 613 B
10 318 615 V
10 319 617 I
10 320 619 G
10 321 621 B
10 322 623 V
11 12 1 G
11 317 611 V
11 318 613 R
11 319 615 V
11 320 617 V
11 321 619 V
11 322 621 O
12 13 1 O
12 317 609 Y
12 318 611 B
12 319 613 Y
12 320 615 O
12 321 617 B
12 322 619 I
13 14 1 B
13 317 607 O
13 318 609 Y
13 319 611 G
13 320 613 R
13 321 615 R
13 322 617 B
14 15 1 V
14 317 605 V
14 318 607 B
14 319 609 R
14 320 611 O
14 321 613 I
14 322 615 V
15 16 1 G
15 317 603 B
15 318 605 I
15 319 607 O
15 320 609 V
15 321 611 O
15 322 613 Y
16 17 1 O
16 317 601 V
16 318 603 R
16 319 605 G
16 320 607 I
16 321 609 G
16 322 611 R
17 18 1 Y
17 317 599 R
17 318 601 O
17 319 603 B
17 320 605 Y
17 321 607 B
17 322 609 I
18 19 1 R
18 317 597 O
18 318 599 Y
18 319 601 V
18 320 603 G
18 321 605 R
18 322 607 O
19 20 1 I
19 317 595 Y
19 318 597 Y
19 319 599 I
19 320 601 I
19 321 603 B
19 322 605 G
20 21 1 I
20 317 593 B
20 318 595 I
20 319 597 V
20 320 599 R
20 321 601 G
20 322 603 B
21 22 1 V
21 317 591 V
21 318 593 O
21 319 595 O
21 320 597 G
21 321 599 O
21 322 601 R
22 23 1 B
22 317 589 R
22 318 591 G
22 319 593 B
22 320 595 B
22 321 597 O
22 322 599 G
23 24 1 G
23 317 587 R
23 318 589 V
23 319 591 I
23 320 593 R
23 321 595 R
23 322 597 R
24 25 1 G
24 317 585 I
24 318 587 O
24 319 589 R
24 320 591 O
24 321 593 R
24 322 595 G
25 26 1 O
25 317 583 R
25 318 585 Y
25 319 587 Y
25 320 589 B
25 321 591 B
25 322 593 Y
26 27 1 O
26 317 581 I
26 318 583 B
26 319 585 Y
26 320 587 I
26 321 589 B
26 322 591 O
27 28 1 O
27 317 579 B
27 318 581 I
27 319 583 Y
27 320 585 Y
27 321 587 B
27 322 589 R
28 29 1 R
28 317 577 R
28 318 579 V
28 319 581 Y
28 320 583 I
28 321 585 G
28 322 587 V
29 30 1 R
29 317 575 G
29 318 577 G
29 319 579 B
29 320 581 O
29 321 583 Y
29 322 585 R
30 31 1 I
30 317 573 I
30 318 575 R
30 319 577 V
30 320 579 Y
30 321 581 Y
30 322 583 V
31 32 1 R
31 317 571 Y
31 318 573 O
31 319 575 B
31 320 577 G
31 321 579 B
31 322 581 O
32 33 1 I
32 317 569 Y
32 318 571 V
32 319 573 V
32 320 575 Y
32 321 577 G
32 322 579 B
33 34 1 I
33 317 567 I
33 318 569 I
33 319 571 V
33 320 573 R
33 321 575 B
33 322 577 G
34 35 1 O
34 317 565 O
34 318 567 I
34 319 569 R
34 320 571 Y
34 321 573 I
34 322 575 V
35 36 1 V
35 317 563 R
35 318 565 O
35 319 567 R
35 320 569 B
35 321 571 G
35 322 573 G
36 37 1 R
36 317 561 O
36 318 563 V
36 319 565 Y
36 320 567 Y
36 321 569 G
36 322 571 I
37 38 1 G
37 317 559 G
37 318 561 B
37 319 563 G
37 320 565 O
37 321 567 R
37 322 569 R
38 39 1 B
38 317 557 I
38 318 559 Y
38 319 561 I
38 320 563 G
38 321 565 I
38 322 567 Y
39 40 1 G
39 317 555 R
39 318 557 V
39 319 559 O
39 320 561 I
39 321 563 B
39 322 565 B
40 41 1 R
40 317 553 G
40 318 555 O
40 319 557 I
40 320 559 R
40 321 561 I
40 322 563 B
41 42 1 O
41 317 551 V
41 318 553 Y
41 319 555 Y
41 320 557 R
41 321 559 B
41 322 561 V
42 43 1 V
42 317 549 R
42 318 551 V
42 319 553 Y
42 320 555 O
42 321 557 Y
42 322 559 G
43 44 1 Y
43 317 547 G
43 318 549 G
43 319 551 Y
43 320 553 V
43 321 555 Y
43 322 557 V
44 45 1 V
44 317 545 G
44 318 547 R
44 319 549 Y
44 320 551 V
44 321 553 V
44 322 555 B
45 46 1 I
45 317 543 V
45 318 545 I
45 319 547 V
45 320 549 V
45 321 551 I
45 322 553 Y
46 47 1 G
46 317 541 R
46 318 543 B
46 319 545 B
46 320 547 V
46 321 549 V
46 322 551 Y
47 48 1 Y
47 317 539 V
47 318 541 R
47 319 543 O
47 320 545 Y
47 321 547 G
47 322 549 Y
48 49 1 V
48 317 537 R
48 318 539 B
48 319 541 G
48 320 543 I
48 321 545 Y
48 322 547 B
49 50 1 I
49 317 535 V
49 318 537 I
49 319 539 Y
49 320 541 O
49 321 543 G
49 322 545 V
50 51 1 B
50 317 533 I
50 318 535 Y
50 319 537 Y
50 320 539 O
50 321 541 V
50 322 543 R
51 52 1 O
51 317 531 V
51 318 533 V
51 319 535 R
51 320 537 G
51 321 539 R
51 322 541 G
52 53 1 V
52 317 529 O
52 318 531 R
52 319 533 G
52 320 535 G
52 321 537 I
52 322 539 Y
53 54 1 I
53 317 527 V
53 318 529 G
53 319 531 V
53 320 533 R
53 321 535 G
53 322 537 O
54 55 1 R
54 317 525 G
54 318 527 I
54 319 529 R
54 320 531 V
54 321 533 B
54 322 535 I
55 56 1 V
55 317 523 B
55 318 525 I
55 319 527 I
55 320 529 B
55 321 531 B
55 322 533 I
56 57 1 Y
56 317 521 I
56 318 523 Y
56 319 525 Y
56 320 527 V
56 321 529 B
56 322 531 O
57 58 1 V
57 317 519 R
57 318 521 Y
57 319 523 Y
57 320 525 G
57 321 527 R
57 322 529 B
58 59 1 R
58 317 517 I
58 318 519 O
58 319 521 V
58 320 523 I
58 321 525 R
58 322 527 G
59 60 1 G
59 317 515 R
59 318 517 I
59 319 519 O
59 320 521 O
59 321 523 I
59 322 525 V
60 61 1 R
60 317 513 Y
60 318 515 Y
60 319 517 V
60 320 519 I
60 321 521 R
60 322 523 B
61 62 1 O
61 317 511 Y
61 318 513 Y
61 319 515 O
61 320 517 I
61 321 519 B
61 322 521 B
62 63 1 V
62 317 509 G
62 318 511 I
62 319 513 Y
62 320 515 R
62 321 517 B
62 322 519 I
63 64 1 O
63 317 507 B
63 318 509 I
63 319 511 Y
63 320 513 Y
63 321 515 R
63 322 517 G
64 65 1 V
64 317 505 O
64 318 507 I
64 319 509 G
64 320 511 V
64 321 513 O
64 322 515 R
65 66 1 Y
65 317 503 B
65 318 505 Y
65 319 507 B
65 320 509 V
65 321 511 G
65 322 513 G
66 67 1 B
66 317 501 V
66 318 503 V
66 319 505 Y
66 320 507 I
66 321 509 V
66 322 511 G
67 68 1 I
67 317 499 G
67 318 501 R
67 319 503 Y
67 320 505 V
67 321 507 G
67 322 509 Y
68 69 1 O
68 317 497 Y
68 318 499 V
68 319 501 B
68 320 503 G
68 321 505 O
68 322 507 Y
69 70 1 I
69 317 495 Y
69 318 497 B
69 319 499 I
69 320 501 O
69 321 503 B
69 322 505 B
70 71 1 V
70 317 493 O
70 318 495 R
70 319 497 V
70 320 499 R
70 321 501 B
70 322 503 I
71 72 1 Y
71 317 491 V
71 318 493 G
71 319 495 B
71 320 497 Y
71 321 499 B
71 322 501 V
72 73 1 I
72 317 489 Y
72 318 491 V
72 319 493 R
72 320 495 I
72 321 497 O
72 322 499 I
73 74 1 B
73 317 487 Y
73 318 489 R
73 319 491 B
73 320 493 Y
73 321 495 G
73 322 497 O
74 75 1 B
74 317 485 V
74 318 487 I
74 319 489 R
74 320 491 R
74 321 493 I
74 322 495 Y
75 76 1 B
75 317 483 I
75 318 485 Y
75 319 487 O
75 320 489 B
75 321 491 I
75 322 493 B
76 77 1 B
76 317 481 V
76 318 483 I
76 319 485 I
76 320 487 Y
76 321 489 V
76 322 491 O
77 78 1 V
77 317 479 I
77 318 481 R
77 319 483 R
77 320 485 G
77 321 487 I
77 322 489 R
78 79 1 B
78 317 477 O
78 318 479 Y
78 319 481 V
78 320 483 I
78 321 485 B
78 322 487 O
79 80 1 O
79 317 475 B
79 318 477 O
79 319 479 O
79 320 481 V
79 321 483 O
79 322 485 I
80 81 1 V
80 317 473 I
80 318 475 O
80 319 477 I
80 320 479 B
80 321 481 B
80 322 483 G
81 82 1 O
81 317 471 I
81 318 473 B
81 319 475 G
81 320 477 I
81 321 479 B
81 322 481 B
82 83 1 V
82 317 469 I
82 318 471 R
82 319 473 Y
82 320 475 O
82 321 477 Y
82 322 479 B
83 84 1 Y
83 317 467 B
83 318 469 B
83 319 471 B
83 320 473 B
83 321 475 G
83 322 477 B
84 85 1 O
84 317 465 G
84 318 467 Y
84 319 469 Y
84 320 471 V
84 321 473 G
84 322 475 Y
85 86 1 I
85 317 463 R
85 318 465 B
85 319 467 I
85 320 469 G
85 321 471 O
85 322 473 O
86 87 1 O
86 317 461 G
86 318 463 B
86 319 465 Y
86 320 467 I
86 321 469 G
86 322 471 I
87 88 1 B
87 317 459 R
87 318 461 I
87 319 463 I
87 320 465 B
87 321 467 B
87 322 469 V
88 89 1 Y
88 317 457 I
88 318 459 I
88 319 461 I
88 320 463 Y
88 321 465 G
88 322 467 O
89 90 1 Y
89 317 455 Y
89 318 457 B
89 319 459 B
89 320 461 O
89 321 463 G
89 322 465 Y
90 91 1 G
90 317 453 O
90 318 455 I
90 319 457 R
90 320 459 B
90 321 461 I
90 322 463 O
91 92 1 B
91 317 451 R
91 318 453 V
91 319 455 I
91 320 457 R
91 321 459 O
91 322 461 I
92 93 1 V
92 317 449 Y
92 318 451 V
92 319 453 V
92 320 455 I
92 321 457 R
92 322 459 O
93 94 1 I
93 317 447 Y
93 318 449 V
93 319 451 V
93 320 453 O
93 321 455 I
93 322 457 V
94 95 1 I
94 317 445 I
94 318 447 Y
94 319 449 R
94 320 451 O
94 321 453 I
94 322 455 Y
95 96 1 B
95 317 443 G
95 318 445 R
95 319 447 G
95 320 449 R
95 321 451 V
95 322 453 I
96 97 1 R
96 317 441 Y
96 318 443 V
96 319 445 O
96 320 447 B
96 321 449 O
96 322 451 V
97 98 1 O
97 317 439 R
97 318 441 Y
97 319 443 Y
97 320 445 G
97 321 447 O
97 322 449 V
98 99 1 B
98 317 437 R
98 318 439 Y
98 319 441 G
98 320 443 B
98 321 445 V
98 322 447 G
99 100 1 B
99 317 435 I
99 318 437 R
99 319 439 Y
99 320 441 V
99 321 443 O
99 322 445 Y
100 101 1 B
100 317 433 O
100 318 435 R
100 319 437 I
100 320 439 R
100 321 441 O
100 322 443 G
101 102 1 Y
101 317 431 Y
101 318 433 R
101 319 435 O
101 320 437 G
101 321 439 R
101 322 441 Y
102 103 1 R
102 317 429 I
102 318 431 R
102 319 433 Y
102 320 435 O
102 321 437 I
102 322 439 B
103 104 1 Y
103 317 427 B
103 318 429 Y
103 319 431 B
103 320 433 Y
103 321 435 G
103 322 437 R
104 105 1 I
104 317 425 Y
104 318 427 O
104 319 429 I
104 320 431 O
104 321 433 B
104 322 435 G
105 106 1 O
105 317 423 O
105 318 425 I
105 319 427 V
105 320 429 R
105 321 431 B
105 322 433 R
106 107 1 V
106 317 421 B
106 318 423 R
106 319 425 G
106 320 427 I
106 321 429 B
106 322 431 V
107 108 1 O
107 317 419 B
107 318 421 Y
107 319 423 I
107 320 425 G
107 321 427 Y
107 322 429 B
108 109 1 I
108 317 417 B
108 318 419 B
108 319 421 R
108 320 423 Y
108 321 425 V
108 322 427 B
109 110 1 G
109 317 415 O
109 318 417 I
109 319 419 B
109 320 421 V
109 321 423 G
109 322 425 I
110 111 1 V
110 317 413 R
110 318 415 B
110 319 417 G
110 320 419 Y
110 321 421 G
110 322 423 B
111 112 1 R
111 317 411 B
111 318 413 Y
111 319 415 G
111 320 417 B
111 321 419 G
111 322 421 O
112 113 1 G
112 317 409 O
112 318 411 Y
112 319 413 B
112 320 415 R
112 321 417 V
112 322 419 O
113 114 1 R
113 317 407 I
113 318 409 O
113 319 411 I
113 320 413 G
113 321 415 B
113 322 417 B
114 115 1 Y
114 317 405 B
114 318 407 Y
114 319 409 R
114 320 411 B
114 321 413 B
114 322 415 R
115 116 1 O
115 317 403 G
115 318 405 I
115 319 407 G
115 320 409 I
115 321 411 I
115 322 413 G
116 117 1 I
116 317 401 V
116 318 403 G
116 319 405 O
116 320 407 Y
116 321 409 V
116 322 411 I
117 118 1 Y
117 317 399 V
117 318 401 R
117 319 403 B
117 320 405 O
117 321 407 V
117 322 409 Y
118 119 1 I
118 317 397 R
118 318 399 Y
118 319 401 I
118 320 403 V
118 321 405 O
118 322 407 G
119 120 1 O
119 317 395 B
119 318 397 B
119 319 399 V
119 320 401 Y
119 321 403 Y
119 322 405 G
120 121 1 R
120 317 393 I
120 318 395 I
120 319 397 G
120 320 399 R
120 321 401 I
120 322 403 V
121 122 1 V
121 317 391 B
121 318 393 I
121 319 395 V
121 320 397 O
121 321 399 Y
121 322 401 R
122 123 1 G
122 317 389 Y
122 318 391 R
122 319 393 G
122 320 395 O
122 321 397 G
122 322 399 B
123 124 1 V
123 317 387 I
123 318 389 R
123 319 391 O
123 320 393 I
123 321 395 I
123 322 397 V
124 125 1 B
124 317 385 I
124 318 387 V
124 319 389 Y
124 320 391 O
124 321 393 Y
124 322 395 V
125 126 1 V
125 317 383 Y
125 318 385 B
125 319 387 R
125 320 389 G
125 321 391 O
125 322 393 G
126 127 1 O
126 317 381 V
126 318 383 O
126 319 385 I
126 320 387 Y
126 321 389 V
126 322 391 O
127 128 1 B
127 317 379 I
127 318 381 R
127 319 383 I
127 320 385 G
127 321 387 O
127 322 389 Y
128 129 1 B
128 317 377 Y
128 318 379 R
128 319 381 V
128 320 383 V
128 321 385 V
128 322 387 B
129 130 1 O
129 317 375 R
129 318 377 Y
129 319 379 R
129 320 381 B
129 321 383 O
129 322 385 G
130 131 1 Y
130 317 373 R
130 318 375 B
130 319 377 G
130 320 379 B
130 321 381 I
130 322 383 G
131 132 1 O
131 317 371 G
131 318 373 I
131 319 375 B
131 320 377 G
131 321 379 V
131 322 381 B
132 133 1 V
132 317 369 I
132 318 371 I
132 319 373 B
132 320 375 B
132 321 377 Y
132 322 379 B
133 134 1 Y
133 317 367 V
133 318 369 I
133 319 371 V
133 320 373 G
133 321 375 R
133 322 377 B
134 135 1 I
134 317 365 G
134 318 367 R
134 319 369 V
134 320 371 O
134 321 373 B
134 322 375 V
135 136 1 B
135 317 363 B
135 318 365 G
135 319 367 R
135 320 369 B
135 321 371 G
135 322 373 Y
136 137 1 B
136 317 361 R
136 318 363 O
136 319 365 B
136 320 367 O
136 321 369 R
136 322 371 I
137 138 1 R
137 317 359 Y
137 318 361 Y
137 319 363 B
137 320 365 G
137 321 367 V
137 322 369 G
138 139 1 G
138 317 357 R
138 318 359 R
138 319 361 G
138 320 363 O
138 321 365 V
138 322 367 V
139 140 1 R
139 317 355 B
139 318 357 R
139 319 359 Y
139 320 361 O
139 321 363 B
139 322 365 R
140 141 1 V
140 317 353 O
140 318 355 O
140 319 357 I
140 320 359 G
140 321 361 O
140 322 363 V
141 142 1 I
141 317 351 Y
141 318 353 I
141 319 355 V
141 320 357 R
141 321 359 O
141 322 361 Y
142 143 1 Y
142 317 349 B
142 318 351 B
142 319 353 G
142 320 355 I
142 321 357 G
142 322 359 I
143 144 1 G
143 317 347 B
143 318 349 G
143 319 351 B
143 320 353 O
143 321 355 R
143 322 357 Y
144 145 1 R
144 317 345 V
144 318 347 G
144 319 349 V
144 320 351 G
144 321 353 R
144 322 355 B
145 146 1 R
145 317 343 B
145 318 345 I
145 319 347 O
145 320 349 Y
145 321 351 G
145 322 353 B
146 147 1 I
146 317 341 B
146 318 343 G
146 319 345 B
146 320 347 O
146 321 349 R
146 322 351 I
147 148 1 G
147 317 339 B
147 318 341 Y
147 319 343 Y
147 320 345 R
147 321 347 G
147 322 349 Y
148 149 1 B
148 317 337 Y
148 318 339 Y
148 319 341 I
148 320 343 I
148 321 345 O
148 322 347 O
149 150 1 Y
149 317 335 R
149 318 337 Y
149 319 339 R
149 320 341 G
149 321 343 O
149 322 345 G
150 151 1 Y
150 317 333 R
150 318 335 R
150 319 337 G
150 320 339 O
150 321 341 V
150 322 343 R
151 152 1 B
151 317 331 B
151 318 333 V
151 319 335 B
151 320 337 R
151 321 339 G
151 322 341 V
152 153 1 R
152 317 329 V
152 318 331 V
152 319 333 R
152 320 335 O
152 321 337 O
152 322 339 G
153 154 1 R
153 317 327 O
153 318 329 O
153 319 331 G
153 320 333 O
153 321 335 B
153 322 337 G
154 155 1 I
154 317 325 O
154 318 327 I
154 319 329 Y
154 320 331 Y
154 321 333 O
154 322 335 G
155 156 1 B
155 317 323 I
155 318 325 R
155 319 327 O
155 320 329 I
155 321 331 G
155 322 333 O
156 157 1 V
156 317 321 V
156 318 323 I
156 319 325 O
156 320 327 V
156 321 329 G
156 322 331 Y
157 158 1 G
157 317 319 B
157 318 321 V
157 319 323 R
157 320 325 V
157 321 327 R
157 322 329 V
158 159 1 B
158 317 317 O
158 318 319 V
158 319 321 B
158 320 323 B
158 321 325 R
158 322 327 O
159 160 1 O
159 317 315 R
159 318 317 Y
159 319 319 G
159 320 321 G
159 321 323 I
159 322 325 G
160 161 1 Y
160 317 313 V
160 318 315 R
160 319 317 G
160 320 319 I
160 321 321 O
160 322 323 Y
161 162 1 G
161 317 311 G
161 318 313 B
161 319 315 I
161 320 317 R
161 321 319 R
161 322 321 G
162 163 1 O
162 317 309 B
162 318 311 V
162 319 313 O
162 320 315 I
162 321 317 O
162 322 319 G
163 164 1 O
163 317 307 O
163 318 309 G
163 319 311 G
163 320 313 G
163 321 315 I
163 322 317 Y
164 165 1 V
164 317 305 B
164 318 307 V
164 319 309 G
164 320 311 V
164 321 313 I
164 322 315 I
165 166 1 Y
165 317 303 I
165 318 305 Y
165 319 307 V
165 320 309 G
165 321 311 B
165 322 313 Y
166 167 1 B
166 317 301 I
166 318 303 V
166 319 305 V
166 320 307 R
166 321 309 R
166 322 311 R
167 168 1 B
167 317 299 G
167 318 301 B
167 319 303 G
167 320 305 O
167 321 307 G
167 322 309 I
168 169 1 B
168 317 297 O
168 318 299 I
168 319 301 G
168 320 303 O
168 321 305 I
168 322 307 O
169 170 1 B
169 317 295 Y
169 318 297 O
169 319 299 O
169 320 301 I
169 321 303 O
169 322 305 O
170 171 1 I
170 317 293 R
170 318 295 I
170 319 297 B
170 320 299 O
170 321 301 R
170 322 303 G
171 172 1 Y
171 317 291 G
171 318 293 B
171 319 295 V
171 320 297 I
171 321 299 B
171 322 301 Y
172 173 1 R
172 317 289 I
172 318 291 R
172 319 293 B
172 320 295 V
172 321 297 I
172 322 299 R
173 174 1 R
173 317 287 O
173 318 289 Y
173 319 291 V
173 320 293 O
173 321 295 I
173 322 297 G
174 175 1 B
174 317 285 Y
174 318 287 B
174 319 289 B
174 320 291 Y
174 321 293 B
174 322 295 R
175 176 1 O
175 317 283 Y
175 318 285 G
175 319 287 O
175 320 289 V
175 321 291 V
175 322 293 B
176 177 1 B
176 317 281 R
176 318 283 B
176 319 285 I
176 320 287 I
176 321 289 O
176 322 291 I
177 178 1 B
177 317 279 Y
177 318 281 B
177 319 283 R
177 320 285 O
177 321 287 G
177 322 289 V
178 179 1 Y
178 317 277 V
178 318 279 R
178 319 281 I
178 320 283 R
178 321 285 Y
178 322 287 G
179 180 1 G
179 317 275 G
179 318 277 G
179 319 279 V
179 320 281 R
179 321 283 O
179 322 285 I
180 181 1 I
180 317 273 O
180 318 275 I
180 319 277 R
180 320 279 Y
180 321 281 Y
180 322 283 I
181 182 1 V
181 317 271 I
181 318 273 B
181 319 275 V
181 320 277 Y
181 321 279 Y
181 322 281 V
182 183 1 O
182 317 269 G
182 318 271 V
182 319 273 Y
182 320 275 V
182 321 277 V
182 322 279 B
183 184 1 G
183 317 267 B
183 318 269 B
183 319 271 O
183 320 273 G
183 321 275 Y
183 322 277 B
184 185 1 R
184 317 265 V
184 318 267 R
184 319 269 V
184 320 271 O
184 321 273 V
184 322 275 I
185 186 1 Y
185 317 263 V
185 318 265 R
185 319 267 Y
185 320 269 V
185 321 271 G
185 322 273 B
186 187 1 B
186 317 261 R
186 318 263 R
186 319 265 Y
186 320 267 B
186 321 269 Y
186 322 271 G
187 188 1 Y
187 317 259 V
187 318 261 Y
187 319 263 O
187 320 265 R
187 321 267 I
187 322 269 O
188 189 1 G
188 317 257 G
188 318 259 Y
188 319 261 G
188 320 263 B
188 321 265 V
188 322 267 G
189 190 1 Y
189 317 255 O
189 318 257 Y
189 319 259 B
189 320 261 G
189 321 263 V
189 322 265 Y
190 191 1 G
190 317 253 R
190 318 255 Y
190 319 257 O
190 320 259 O
190 321 261 R
190 322 263 R
191 192 1 Y
191 317 251 B
191 318 253 B
191 319 255 Y
191 320 257 V
191 321 259 B
191 322 261 Y
192 193 1 I
192 317 249 O
192 318 251 Y
192 319 253 V
192 320 255 G
192 321 257 Y
192 322 259 V
193 194 1 V
193 317 247 G
193 318 249 R
193 319 251 Y
193 320 253 I
193 321 255 R
193 322 257 V
194 195 1 R
194 317 245 O
194 318 247 B
194 319 249 B
194 320 251 Y
194 321 253 V
194 322 255 O
195 196 1 G
195 317 243 V
195 318 245 G
195 319 247 R
195 320 249 B
195 321 251 R
195 322 253 R
196 197 1 O
196 317 241 V
196 318 243 Y
196 319 245 Y
196 320 247 Y
196 321 249 G
196 322 251 R
197 198 1 O
197 316 237 G
197 317 239 I
197 318 241 R
197 319 243 R
197 320 245 I
197 321 247 B
197 322 249 O
198 199 1 V
198 316 235 I
198 317 237 V
198 318 239 B
198 319 241 G
198 320 243 Y
198 321 245 R
198 322 247 I
199 200 1 O
199 316 233 G
199 317 235 I
199 318 237 V
199 319 239 I
199 320 241 Y
199 321 243 O
199 322 245 I
200 201 1 Y
200 316 231 B
200 317 233 G
200 318 235 I
200 319 237 V
200 320 239 V
200 321 241 G
200 322 243 Y
201 202 1 I
201 316 229 I
201 317 231 I
201 318 233 V
201 319 235 V
201 320 237 O
201 321 239 I
201 322 241 B
202 203 1 I
202 316 227 V
202 317 229 Y
202 318 231 O
202 319 233 G
202 320 235 G
202 321 237 O
202 322 239 I
203 204 1 R
203 316 225 O
203 317 227 R
203 318 229 B
203 319 231 Y
203 320 233 V
203 321 235 B
203 322 237 I
204 205 1 G
204 316 223 V
204 317 225 I
204 318 227 V
204 319 229 V
204 320 231 V
204 321 233 G
204 322 235 V
205 206 1 V
205 316 221 R
205 317 223 O
205 318 225 I
205 319 227 Y
205 320 229 G
205 321 231 I
205 322 233 Y
206 207 1 Y
206 316 219 O
206 317 221 V
206 318 223 O
206 319 225 G
206 320 227 O
206 321 229 G
206 322 231 G
207 208 1 O
207 316 217 O
207 317 219 B
207 318 221 I
207 319 223 I
207 320 225 Y
207 321 227 O
207 322 229 B
208 209 1 B
208 316 215 I
208 317 217 G
208 318 219 O
208 319 221 O
208 320 223 R
208 321 225 R
208 322 227 G
209 210 1 Y
209 316 213 R
209 317 215 V
209 318 217 O
209 319 219 G
209 320 221 Y
209 321 223 I
209 322 225 Y
210 211 1 R
210 316 211 R
210 317 213 I
210 318 215 V
210 319 217 G
210 320 219 B
210 321 221 V
210 322 223 B
211 212 1 I
211 316 209 I
211 317 211 O
211 318 213 B
211 319 215 R
211 320 217 B
211 321 219 Y
211 322 221 I
212 213 1 Y
212 316 207 B
212 317 209 Y
212 318 211 O
212 319 213 V
212 320 215 O
212 321 217 O
212 322 219 I
213 214 1 O
213 316 205 V
213 317 207 V
213 318 209 Y
213 319 211 V
213 320 213 Y
213 321 215 R
213 322 217 B
214 215 1 R
214 316 203 G
214 317 205 G
214 318 207 R
214 319 209 V
214 320 211 I
214 321 213 B
214 322 215 Y
215 216 1 Y
215 316 201 V
215 317 203 B
215 318 205 G
215 319 207 R
215 320 209 G
215 321 211 G
215 322 213 B
216 217 1 R
216 316 199 I
216 317 201 Y
216 318 203 I
216 319 205 Y
216 320 207 Y
216 321 209 I
216 322 211 R
217 218 1 V
217 316 197 O
217 317 199 V
217 318 201 Y
217 319 203 I
217 320 205 O
217 321 207 I
217 322 209 Y
218 219 1 G
218 316 195 Y
218 317 197 Y
218 318 199 V
218 319 201 O
218 320 203 Y
218 321 205 I
218 322 207 V
219 220 1 R
219 316 193 B
219 317 195 R
219 318 197 Y
219 319 199 R
219 320 201 R
219 321 203 G
219 322 205 B
220 221 1 G
220 316 191 I
220 317 193 O
220 318 195 B
220 319 197 G
220 320 199 I
220 321 201 Y
220 322 203 G
221 222 1 R
221 316 189 B
221 317 191 B
221 318 193 G
221 319 195 R
221 320 197 I
221 321 199 Y
221 322 201 O
222 223 1 G
222 316 187 G
222 317 189 O
222 318 191 G
222 319 193 R
222 320 195 V
222 321 197 G
222 322 199 O
223 224 1 R
223 316 185 I
223 317 187 G
223 318 189 I
223 319 191 G
223 320 193 G
223 321 195 O
223 322 197 Y
224 225 1 V
224 316 183 B
224 317 185 I
224 318 187 I
224 319 189 O
224 320 191 G
224 321 193 B
224 322 195 V
225 226 1 V
225 316 181 V
225 317 183 I
225 318 185 B
225 319 187 O
225 320 189 G
225 321 191 R
225 322 193 O
226 227 1 I
226 316 179 O
226 317 181 O
226 318 183 V
226 319 185 B
226 320 187 V
226 321 189 V
226 322 191 R
227 228 1 O
227 316 177 B
227 317 179 G
227 318 181 O
227 319 183 R
227 320 185 V
227 321 187 R
227 322 189 I
228 229 1 V
228 316 175 R
228 317 177 R
228 318 179 Y
228 319 181 V
228 320 183 R
228 321 185 R
228 322 187 B
229 230 1 O
229 316 173 R
229 317 175 B
229 318 177 B
229 319 179 G
229 320 181 R
229 321 183 O
229 322 185 R
230 231 1 I
230 316 171 O
230 317 173 B
230 318 175 V
230 319 177 V
230 320 179 V
230 321 181 G
230 322 183 Y
231 232 1 Y
231 316 169 V
231 317 171 V
231 318 173 V
231 319 175 V
231 320 177 B
231 321 179 B
231 322 181 G
232 233 1 Y
232 316 167 I
232 317 169 B
232 318 171 I
232 319 173 O
232 320 175 R
232 321 177 Y
232 322 179 V
233 234 1 B
233 316 165 G
233 317 167 B
233 318 169 B
233 319 171 B
233 320 173 R
233 321 175 R
233 322 177 G
234 235 1 B
234 316 163 G
234 317 165 Y
234 318 167 I
234 319 169 Y
234 320 171 O
234 321 173 O
234 322 175 R
235 236 1 R
235 316 161 G
235 317 163 Y
235 318 165 V
235 319 167 G
235 320 169 B
235 321 171 V
235 322 173 O
236 237 1 I
236 316 159 B
236 317 161 I
236 318 163 G
236 319 165 G
236 320 167 O
236 321 169 Y
236 322 171 Y
237 238 1 B
237 316 157 V
237 317 159 B
237 318 161 I
237 319 163 O
237 320 165 R
237 321 167 G
237 322 169 O
238 239 1 B
238 316 155 V
238 317 157 B
238 318 159 B
238 319 161 R
238 320 163 O
238 321 165 V
238 322 167 G
239 240 1 B
239 316 153 B
239 317 155 Y
239 318 157 Y
239 319 159 R
239 320 161 O
239 321 163 R
239 322 165 R
240 241 1 Y
240 316 151 O
240 317 153 I
240 318 155 G
240 319 157 G
240 320 159 O
240 321 161 Y
240 322 163 B
241 242 1 B
241 316 149 R
241 317 151 B
241 318 153 Y
241 319 155 I
241 320 157 V
241 321 159 R
241 322 161 Y
242 243 1 Y
242 316 147 B
242 317 149 O
242 318 151 G
242 319 153 B
242 320 155 B
242 321 157 I
242 322 159 V
243 244 1 I
243 316 145 O
243 317 147 B
243 318 149 R
243 319 151 B
243 320 153 I
243 321 155 G
243 322 157 Y
244 245 1 G
244 316 143 V
244 317 145 R
244 318 147 O
244 319 149 V
244 320 151 R
244 321 153 B
244 322 155 R
245 246 1 V
245 316 141 O
245 317 143 O
245 318 145 B
245 319 147 O
245 320 149 O
245 321 151 O
245 322 153 O
246 247 1 B
246 316 139 G
246 317 141 R
246 318 143 G
246 319 145 V
246 320 147 R
246 321 149 O
246 322 151 I
247 248 1 I
247 316 137 I
247 317 139 I
247 318 141 R
247 319 143 G
247 320 145 B
247 321 147 V
247 322 149 Y
248 249 1 Y
248 316 135 B
248 317 137 G
248 318 139 I
248 319 141 B
248 320 143 B
248 321 145 G
248 322 147 Y
249 250 1 R
249 316 133 R
249 317 135 V
249 318 137 R
249 319 139 G
249 320 141 B
249 321 143 I
249 322 145 B
250 251 1 R
250 316 131 I
250 317 133 V
250 318 135 R
250 319 137 R
250 320 139 G
250 321 141 V
250 322 143 Y
251 252 1 V
251 316 129 R
251 317 131 B
251 318 133 R
251 319 135 B
251 320 137 R
251 321 139 O
251 322 141 O
252 253 1 V
252 316 127 I
252 317 129 R
252 318 131 O
252 319 133 R
252 320 135 B
252 321 137 I
252 322 139 V
253 254 1 I
253 316 125 R
253 317 127 R
253 318 129 I
253 319 131 V
253 320 133 I
253 321 135 R
253 322 137 Y
254 255 1 I
254 316 123 I
254 317 125 I
254 318 127 O
254 319 129 O
254 320 131 O
254 321 133 O
254 322 135 V
255 256 1 Y
255 316 121 I
255 317 123 V
255 318 125 G
255 319 127 B
255 320 129 V
255 321 131 V
255 322 133 B
256 257 1 G
256 316 119 R
256 317 121 O
256 318 123 G
256 319 125 Y
256 320 127 G
256 321 129 O
256 322 131 R
257 258 1 Y
257 316 117 V
257 317 119 G
257 318 121 I
257 319 123 I
257 320 125 I
257 321 127 O
257 322 129 R
258 259 1 R
258 316 115 R
258 317 117 Y
258 318 119 V
258 319 121 B
258 320 123 O
258 321 125 O
258 322 127 Y
259 260 1 B
259 316 113 I
259 317 115 V
259 318 117 O
259 319 119 G
259 320 121 V
259 321 123 R
259 322 125 G
260 261 1 R
260 316 111 I
260 317 113 V
260 318 115 B
260 319 117 R
260 320 119 I
260 321 121 G
260 322 123 I
261 262 1 R
261 316 109 B
261 317 111 V
261 318 113 V
261 319 115 V
261 320 117 G
261 321 119 B
261 322 121 V
262 263 1 B
262 316 107 Y
262 317 109 I
262 318 111 I
262 319 113 B
262 320 115 B
262 321 117 B
262 322 119 O
263 264 1 B
263 316 105 O
263 317 107 V
263 318 109 O
263 319 111 V
263 320 113 O
263 321 115 G
263 322 117 V
264 265 1 B
264 316 103 V
264 317 105 I
264 318 107 R
264 319 109 O
264 320 111 B
264 321 113 V
264 322 115 I
265 266 1 I
265 316 101 R
265 317 103 Y
265 318 105 I
265 319 107 G
265 320 109 I
265 321 111 O
265 322 113 I
266 267 1 G
266 316 99 B
266 317 101 G
266 318 103 G
266 319 105 B
266 320 107 R
266 321 109 B
266 322 111 V
267 268 1 R
267 316 97 B
267 317 99 B
267 318 101 O
267 319 103 O
267 320 105 B
267 321 107 O
267 322 109 G
268 269 1 G
268 316 95 G
268 317 97 O
268 318 99 I
268 319 101 R
268 320 103 R
268 321 105 R
268 322 107 G
269 270 1 G
269 316 93 B
269 317 95 Y
269 318 97 G
269 319 99 G
269 320 101 Y
269 321 103 G
269 322 105 O
270 271 1 I
270 316 91 Y
270 317 93 V
270 318 95 O
270 319 97 B
270 320 99 O
270 321 101 R
270 322 103 B
271 272 1 Y
271 316 89 V
271 317 91 R
271 318 93 Y
271 319 95 G
271 320 97 R
271 321 99 Y
271 322 101 Y
272 273 1 Y
272 316 87 V
272 317 89 R
272 318 91 I
272 319 93 I
272 320 95 V
272 321 97 V
272 322 99 O
273 274 1 B
273 316 85 G
273 317 87 R
273 318 89 R
273 319 91 B
273 320 93 Y
273 321 95 Y
273 322 97 O
274 275 1 O
274 316 83 B
274 317 85 R
274 318 87 O
274 319 89 O
274 320 91 G
274 321 93 O
274 322 95 G
275 276 1 I
275 316 81 O
275 317 83 B
275 318 85 G
275 319 87 B
275 320 89 R
275 321 91 V
275 322 93 O
276 277 1 R
276 316 79 G
276 317 81 G
276 318 83 V
276 319 85 V
276 320 87 G
276 321 89 Y
276 322 91 I
277 278 1 Y
277 316 77 Y
277 317 79 O
277 318 81 G
277 319 83 B
277 320 85 I
277 321 87 B
277 322 89 I
278 279 1 R
278 316 75 I
278 317 77 Y
278 318 79 O
278 319 81 V
278 320 83 O
278 321 85 O
278 322 87 Y
279 280 1 O
279 316 73 B
279 317 75 V
279 318 77 Y
279 319 79 O
279 320 81 V
279 321 83 V
279 322 85 Y
280 281 1 R
280 316 71 O
280 317 73 Y
280 318 75 V
280 319 77 R
280 320 79 Y
280 321 81 I
280 322 83 Y
281 282 1 V
281 316 69 Y
281 317 71 I
281 318 73 G
281 319 75 G
281 320 77 V
281 321 79 O
281 322 81 Y
282 283 1 V
282 316 67 R
282 317 69 G
282 318 71 V
282 319 73 I
282 320 75 Y
282 321 77 O
282 322 79 B
283 284 1 R
283 316 65 O
283 317 67 G
283 318 69 I
283 319 71 G
283 320 73 Y
283 321 75 I
283 322 77 G
284 285 1 I
284 316 63 R
284 317 65 I
284 318 67 V
284 319 69 B
284 320 71 Y
284 321 73 B
284 322 75 I
285 286 1 G
285 316 61 O
285 317 63 O
285 318 65 G
285 319 67 G
285 320 69 V
285 321 71 Y
285 322 73 B
286 287 1 O
286 316 59 B
286 317 61 O
286 318 63 O
286 319 65 O
286 320 67 V
286 321 69 R
286 322 71 I
287 288 1 V
287 316 57 G
287 317 59 Y
287 318 61 R
287 319 63 I
287 320 65 Y
287 321 67 I
287 322 69 I
288 289 1 R
288 316 55 G
288 317 57 B
288 318 59 B
288 319 61 V
288 320 63 I
288 321 65 G
288 322 67 B
289 290 1 V
289 316 53 O
289 317 55 G
289 318 57 B
289 319 59 B
289 320 61 O
289 321 63 B
289 322 65 R
290 291 1 B
290 316 51 Y
290 317 53 B
290 318 55 B
290 319 57 B
290 320 59 O
290 321 61 R
290 322 63 Y
291 292 1 R
291 316 49 G
291 317 51 R
291 318 53 R
291 319 55 G
291 320 57 O
291 321 59 I
291 322 61 G
292 293 1 G
292 316 47 B
292 317 49 V
292 318 51 O
292 319 53 G
292 320 55 G
292 321 57 G
292 322 59 V
293 294 1 B
293 316 45 B
293 317 47 O
293 318 49 G
293 319 51 Y
293 320 53 I
293 321 55 R
293 322 57 G
294 295 1 Y
294 316 43 R
294 317 45 V
294 318 47 R
294 319 49 V
294 320 51 G
294 321 53 V
294 322 55 B
295 296 1 I
295 316 41 G
295 317 43 Y
295 318 45 Y
295 319 47 O
295 320 49 Y
295 321 51 V
295 322 53 O
296 297 1 G
296 316 39 I
296 317 41 G
296 318 43 O
296 319 45 R
296 320 47 G
296 321 49 B
296 322 51 R
297 298 1 B
297 316 37 G
297 317 39 B
297 318 41 R
297 319 43 Y
297 320 45 I
297 321 47 I
297 322 49 R
298 299 1 R
298 316 35 V
298 317 37 Y
298 318 39 G
298 319 41 I
298 320 43 O
298 321 45 V
298 322 47 V
299 300 1 O
299 316 33 R
299 317 35 R
299 318 37 Y
299 319 39 B
299 320 41 I
299 321 43 G
299 322 45 B
300 301 1 G
300 316 31 G
300 317 33 R
300 318 35 V
300 319 37 R
300 320 39 G
300 321 41 I
300 322 43 Y
301 302 1 Y
301 316 29 V
301 317 31 V
301 318 33 O
301 319 35 G
301 320 37 R
301 321 39 Y
301 322 41 R
302 303 1 R
302 316 27 V
302 317 29 R
302 318 31 V
302 319 33 V
302 320 35 R
302 321 37 G
302 322 39 O
303 304 1 V
303 316 25 I
303 317 27 B
303 318 29 R
303 319 31 V
303 320 33 R
303 321 35 R
303 322 37 R
304 305 1 G
304 316 23 I
304 317 25 V
304 318 27 V
304 319 29 B
304 320 31 V
304 321 33 V
304 322 35 G
305 306 1 I
305 316 21 G
305 317 23 O
305 318 25 Y
305 319 27 V
305 320 29 R
305 321 31 B
305 322 33 B
306 307 1 O
306 316 19 V
306 317 21 B
306 318 23 R
306 319 25 G
306 320 27 R
306 321 29 R
306 322 31 R
307 308 1 V
307 316 17 R
307 317 19 I
307 318 21 V
307 319 23 O
307 320 25 R
307 321 27 O
307 322 29 O
308 309 1 G
308 316 15 O
308 317 17 B
308 318 19 I
308 319 21 O
308 320 23 O
308 321 25 B
308 322 27 V
309 310 1 Y
309 316 13 R
309 317 15 I
309 318 17 Y
309 319 19 B
309 320 21 V
309 321 23 V
309 322 25 B
310 311 1 B
310 316 11 R
310 317 13 Y
310 318 15 I
310 319 17 I
310 320 19 B
310 321 21 G
310 322 23 I
311 312 1 G
311 316 9 B
311 317 11 O
311 318 13 G
311 319 15 V
311 320 17 B
311 321 19 V
311 322 21 G
312 313 1 Y
312 316 7 V
312 317 9 Y
312 318 11 B
312 319 13 I
312 320 15 G
312 321 17 I
312 322 19 R
313 314 1 I
313 316 5 I
313 317 7 R
313 318 9 I
313 319 11 R
313 320 13 I
313 321 15 R
313 322 17 V
314 315 1 B
314 316 3 I
314 317 5 G
314 318 7 I
314 319 9 I
314 320 11 V
314 321 13 R
314 322 15 R
315 316 1 G
315 317 3 V
315 318 5 G
315 319 7 B
315 320 9 B
315 321 11 Y
315 322 13 O
316 317 1 G
316 318 3 G
316 319 5 Y
316 320 7 B
316 321 9 I
316 322 11 R
317 318 1 B
317 319 3 B
317 320 5 Y
317 321 7 O
317 322 9 Y
318 319 1 B
318 320 3 B
318 321 5 G
318 322 7 R
319 320 1 G
319 321 3 O
319 322 5 O
320 321 1 V
320 322 3 Y
321 322 1 I
322 323 16807 G
