343 2401
1 2 1 I
1 337 671 R
1 338 673 O
1 339 675 V
1 340 677 V
1 341 679 B
1 342 681 R
2 3 1 G
2 337 669 G
2 338 671 R
2 339 673 G
2 340 675 O
2 341 677 G
2 342 679 O
3 4 1 R
3 337 667 Y
3 338 669 V
3 339 671 V
3 340 673 G
3 341 675 I
3 342 677 O
4 5 1 B
4 337 665 B
4 338 667 R
4 339 669 R
4 340 671 O
4 341 673 G
4 342 675 G
5 6 1 I
5 337 663 Y
5 338 665 R
5 339 667 Y
5 340 669 I
5 341 671 G
5 342 673 B
6 7 1 V
6 337 661 Y
6 338 663 R
6 339 665 G
6 340 667 O
6 341 669 O
6 342 671 G
7 8 1 B
7 337 659 R
7 338 661 I
7 339 663 Y
7 340 665 V
7 341 667 Y
7 342 669 R
8 9 1 G
8 337 657 G
8 338 659 O
8 339 661 O
8 340 663 Y
8 341 665 B
8 342 667 V
9 10 1 Y
9 337 655 B
9 338 657 I
9 339 659 Y
9 340 661 R
9 341 663 G
9 342 665 R
10 11 1 Y
10 337 653 I
10 338 655 V
10 339 657 I
10 340 659 G
10 341 661 O
10 342 663 R
11 12 1 B
11 337 651 V
11 338 653 B
11 339 655 I
11 340 657 B
11 341 659 G
11 342 661 O
12 13 1 V
12 337 649 R
12 338 651 V
12 339 653 B
12 340 655 I
12 341 657 R
12 342 659 V
13 14 1 G
13 337 647 Y
13 338 649 O
13 339 651 I
13 340 653 Y
13 341 655 Y
13 342 657 O
14 15 1 G
14 337 645 V
14 338 647 I
14 339 649 I
14 340 651 O
14 341 653 G
14 342 655 R
15 16 1 V
15 337 643 B
15 338 645 I
15 339 647 R
15 340 649 V
15 341 651 R
15 342 653 Y
16 17 1 V
16 337 641 V
16 338 643 G
16 339 645 B
16 340 647 Y
16 341 649 I
16 342 651 B
17 18 1 Y
17 337 639 G
17 338 641 V
17 339 643 R
17 340 645 I
17 341 647 G
17 342 649 Y
18 19 1 I
18 337 637 I
18 338 639 Y
18 339 641 O
18 340 643 I
18 341 645 O
18 342 647 B
19 20 1 B
19 337 635 I
19 338 637 V
19 339 639 I
19 340 641 B
19 341 643 G
19 342 645 V
20 21 1 I
20 337 633 B
20 338 635 Y
20 339 637 G
20 340 639 G
20 341 641 I
20 342 643 I
21 22 1 R
21 337 631 V
21 338 633 G
21 339 635 I
21 340 637 O
21 341 639 I
21 342 641 Y
22 23 1 R
22 337 629 Y
22 338 631 G
22 339 633 G
22 340 635 R
22 341 637 R
22 342 639 G
23 24 1 Y
23 337 627 Y
23 338 629 R
23 339 631 O
23 340 633 R
23 341 635 R
23 342 637 R
24 25 1 R
24 337 625 Y
24 338 627 Y
24 339 629 I
24 340 631 I
24 341 633 O
24 342 635 Y
25 26 1 B
25 337 623 G
25 338 625 O
25 339 627 B
25 340 629 R
25 341 631 I
25 342 633 R
26 27 1 I
26 337 621 Y
26 338 623 I
26 339 625 O
26 340 627 O
26 341 629 O
26 342 631 I
27 28 1 V
27 337 619 Y
27 338 621 Y
27 339 623 Y
27 340 625 B
27 341 627 O
27 342 629 V
28 29 1 V
28 337 617 O
28 338 619 G
28 339 621 B
28 340 623 I
28 341 625 R
28 342 627 V
29 30 1 Y
29 337 615 B
29 338 617 O
29 339 619 O
29 340 621 Y
29 341 623 O
29 342 625 O
30 31 1 I
30 337 613 O
30 338 615 R
30 339 617 G
30 340 619 Y
30 341 621 R
30 342 623 V
31 32 1 R
31 337 611 G
31 338 613 O
31 339 615 B
31 340 617 Y
31 341 619 Y
31 342 621 O
32 33 1 V
32 337 609 G
32 338 611 R
32 339 613 B
32 340 615 R
32 341 617 V
32 342 619 B
33 34 1 I
33 337 607 O
33 338 609 B
33 339 611 G
33 340 613 O
33 341 615 B
33 342 617 R
34 35 1 V
34 337 605 I
34 338 607 O
34 339 609 V
34 340 611 B
34 341 613 V
34 342 615 I
35 36 1 Y
35 337 603 B
35 338 605 I
35 339 607 B
35 340 609 G
35 341 611 Y
35 342 613 V
36 37 1 I
36 337 601 V
36 338 603 B
36 339 605 I
36 340 607 Y
36 341 609 R
36 342 611 Y
37 38 1 Y
37 337 599 Y
37 338 601 Y
37 339 603 I
37 340 605 G
37 341 607 Y
37 342 609 B
38 39 1 B
38 337 597 R
38 338 599 V
38 339 601 R
38 340 603 Y
38 341 605 I
38 342 607 O
39 40 1 G
39 337 595 O
39 338 597 R
39 339 599 R
39 340 601 R
39 341 603 R
39 342 605 R
40 41 1 V
40 337 593 Y
40 338 595 I
40 339 597 R
40 340 599 I
40 341 601 O
40 342 603 V
41 42 1 G
41 337 591 G
41 338 593 G
41 339 595 B
41 340 597 V
41 341 599 Y
41 342 601 R
42 43 1 R
42 337 589 O
42 338 591 B
42 339 593 B
42 340 595 G
42 341 597 G
42 342 599 G
43 44 1 Y
43 337 587 G
43 338 589 Y
43 339 591 R
43 340 593 R
43 341 595 O
43 342 597 V
44 45 1 V
44 337 585 I
44 338 587 G
44 339 589 Y
44 340 591 G
44 341 593 I
44 342 595 I
45 46 1 I
45 337 583 I
45 338 585 G
45 339 587 G
45 340 589 V
45 341 591 B
45 342 593 V
46 47 1 R
46 337 581 B
46 338 583 O
46 339 585 V
46 340 587 R
46 341 589 V
46 342 591 V
47 48 1 B
47 337 579 O
47 338 581 G
47 339 583 V
47 340 585 O
47 341 587 I
47 342 589 O
48 49 1 O
48 337 577 V
48 338 579 R
48 339 581 B
48 340 583 B
48 341 585 V
48 342 587 R
49 50 1 G
49 337 575 I
49 338 577 B
49 339 579 R
49 340 581 B
49 341 583 Y
49 342 585 I
50 51 1 I
50 337 573 Y
50 338 575 B
50 339 577 R
50 340 579 G
50 341 581 Y
50 342 583 V
51 52 1 O
51 337 571 I
51 338 573 Y
51 339 575 R
51 340 577 Y
51 341 579 O
51 342 581 Y
52 53 1 O
52 337 569 I
52 338 571 Y
52 339 573 B
52 340 575 V
52 341 577 Y
52 342 579 O
53 54 1 R
53 337 567 Y
53 338 569 R
53 339 571 G
53 340 573 B
53 341 575 Y
53 342 577 V
54 55 1 I
54 337 565 O
54 338 567 Y
54 339 569 V
54 340 571 Y
54 341 573 V
54 342 575 O
55 56 1 V
55 337 563 V
55 338 565 R
55 339 567 V
55 340 569 Y
55 341 571 V
55 342 573 V
56 57 1 B
56 337 561 I
56 338 563 O
56 339 565 V
56 340 567 Y
56 341 569 V
56 342 571 R
57 58 1 B
57 337 559 O
57 338 561 B
57 339 563 O
57 340 565 O
57 341 567 O
57 342 569 Y
58 59 1 V
58 337 557 G
58 338 559 R
58 339 561 I
58 340 563 R
58 341 565 V
58 342 567 R
59 60 1 B
59 337 555 O
59 338 557 R
59 339 559 G
59 340 561 R
59 341 563 V
59 342 565 V
60 61 1 O
60 337 553 B
60 338 555 O
60 339 557 R
60 340 559 V
60 341 561 V
60 342 563 V
61 62 1 Y
61 337 551 R
61 338 553 B
61 339 555 R
61 340 557 R
61 341 559 G
61 342 561 O
62 63 1 B
62 337 549 B
62 338 551 V
62 339 553 R
62 340 555 B
62 341 557 Y
62 342 559 Y
63 64 1 G
63 337 547 I
63 338 549 I
63 339 551 G
63 340 553 I
63 341 555 G
63 342 557 B
64 65 1 Y
64 337 545 B
64 338 547 R
64 339 549 R
64 340 551 G
64 341 553 G
64 342 555 V
65 66 1 Y
65 337 543 V
65 338 545 B
65 339 547 Y
65 340 549 G
65 341 551 V
65 342 553 B
66 67 1 Y
66 337 541 B
66 338 543 G
66 339 545 I
66 340 547 Y
66 341 549 V
66 342 551 B
67 68 1 R
67 337 539 G
67 338 541 O
67 339 543 B
67 340 545 R
67 341 547 G
67 342 549 V
68 69 1 R
68 337 537 R
68 338 539 G
68 339 541 O
68 340 543 I
68 341 545 R
68 342 547 O
69 70 1 I
69 337 535 B
69 338 537 I
69 339 539 B
69 340 541 G
69 341 543 G
69 342 545 G
70 71 1 G
70 337 533 O
70 338 535 O
70 339 537 V
70 340 539 Y
70 341 541 R
70 342 543 B
71 72 1 B
71 337 531 R
71 338 533 V
71 339 535 B
71 340 537 G
71 341 539 R
71 342 541 Y
72 73 1 I
72 337 529 O
72 338 531 B
72 339 533 Y
72 340 535 O
72 341 537 G
72 342 539 B
73 74 1 V
73 337 527 V
73 338 529 G
73 339 531 G
73 340 533 O
73 341 535 Y
73 342 537 O
74 75 1 Y
74 337 525 R
74 338 527 V
74 339 529 R
74 340 531 G
74 341 533 G
74 342 535 G
75 76 1 I
75 337 523 V
75 338 525 Y
75 339 527 V
75 340 529 G
75 341 531 Y
75 342 533 G
76 77 1 Y
76 337 521 R
76 338 523 R
76 339 525 I
76 340 527 G
76 341 529 O
76 342 531 B
77 78 1 O
77 337 519 O
77 338 521 R
77 339 523 V
77 340 525 Y
77 341 527 B
77 342 529 I
78 79 1 O
78 337 517 B
78 338 519 Y
78 339 521 I
78 340 523 B
78 341 525 B
78 342 527 V
79 80 1 Y
79 337 515 I
79 338 517 R
79 339 519 Y
79 340 521 O
79 341 523 R
79 342 525 V
80 81 1 Y
80 337 513 I
80 338 515 Y
80 339 517 O
80 340 519 I
80 341 521 O
80 342 523 O
81 82 1 O
81 337 511 Y
81 338 513 G
81 339 515 I
81 340 517 V
81 341 519 O
81 342 521 V
82 83 1 G
82 337 509 G
82 338 511 R
82 339 513 G
82 340 515 V
82 341 517 R
82 342 519 G
83 84 1 Y
83 337 507 G
83 338 509 I
83 339 511 R
83 340 513 R
83 341 515 Y
83 342 517 V
84 85 1 G
84 337 505 B
84 338 507 I
84 339 509 R
84 340 511 I
84 341 513 Y
84 342 515 R
85 86 1 R
85 337 503 G
85 338 505 G
85 339 507 V
85 340 509 G
85 341 511 R
85 342 513 V
86 87 1 G
86 337 501 V
86 338 503 R
86 339 505 B
86 340 507 V
86 341 509 R
86 342 511 I
87 88 1 Y
87 337 499 G
87 338 501 O
87 339 503 V
87 340 505 B
87 341 507 V
87 342 509 G
88 89 1 I
88 337 497 I
88 338 499 B
88 339 501 O
88 340 503 O
88 341 505 O
88 342 507 B
89 90 1 I
89 337 495 Y
89 338 497 R
89 339 499 O
89 340 501 B
89 341 503 V
89 342 505 V
90 91 1 G
90 337 493 R
90 338 495 G
90 339 497 Y
90 340 499 V
90 341 501 Y
90 342 503 I
91 92 1 B
91 337 491 R
91 338 493 G
91 339 495 V
91 340 497 B
91 341 499 O
91 342 501 V
92 93 1 G
92 337 489 O
92 338 491 V
92 339 493 I
92 340 495 G
92 341 497 G
92 342 499 O
93 94 1 B
93 337 487 R
93 338 489 R
93 339 491 O
93 340 493 G
93 341 495 B
93 342 497 G
94 95 1 V
94 337 485 R
94 338 487 I
94 339 489 G
94 340 491 R
94 341 493 Y
94 342 495 Y
95 96 1 V
95 337 483 I
95 338 485 R
95 339 487 V
95 340 489 I
95 341 491 B
95 342 493 G
96 97 1 Y
96 337 481 B
96 338 483 R
96 339 485 Y
96 340 487 B
96 341 489 O
96 342 491 Y
97 98 1 Y
97 337 479 R
97 338 481 I
97 339 483 B
97 340 485 Y
97 341 487 Y
97 342 489 V
98 99 1 R
98 337 477 O
98 338 479 V
98 339 481 R
98 340 483 B
98 341 485 G
98 342 487 G
99 100 1 B
99 337 475 B
99 338 477 Y
99 339 479 G
99 340 481 I
99 341 483 V
99 342 485 I
100 101 1 B
100 337 473 Y
100 338 475 V
100 339 477 G
100 340 479 I
100 341 481 O
100 342 483 V
101 102 1 V
101 337 471 G
101 338 473 G
101 339 475 G
101 340 477 I
101 341 479 B
101 342 481 R
102 103 1 I
102 337 469 B
102 338 471 G
102 339 473 G
102 340 475 R
102 341 477 B
102 342 479 R
103 104 1 B
103 337 467 G
103 338 469 B
103 339 471 O
103 340 473 Y
103 341 475 V
103 342 477 R
104 105 1 B
104 337 465 V
104 338 467 B
104 339 469 V
104 340 471 I
104 341 473 Y
104 342 475 O
105 106 1 I
105 337 463 G
105 338 465 B
105 339 467 G
105 340 469 G
105 341 471 G
105 342 473 Y
106 107 1 B
106 337 461 G
106 338 463 O
106 339 465 Y
106 340 467 G
106 341 469 B
106 342 471 Y
107 108 1 R
107 337 459 R
107 338 461 G
107 339 463 V
107 340 465 Y
107 341 467 B
107 342 469 R
108 109 1 O
108 337 457 O
108 338 459 Y
108 339 461 G
108 340 463 R
108 341 465 B
108 342 467 O
109 110 1 G
109 337 455 R
109 338 457 O
109 339 459 B
109 340 461 I
109 341 463 I
109 342 465 G
110 111 1 Y
110 337 453 R
110 338 455 O
110 339 457 G
110 340 459 V
110 341 461 R
110 342 463 V
111 112 1 Y
111 337 451 G
111 338 453 V
111 339 455 R
111 340 457 V
111 341 459 V
111 342 461 I
112 113 1 O
112 337 449 Y
112 338 451 R
112 339 453 V
112 340 455 O
112 341 457 G
112 342 459 Y
113 114 1 B
113 337 447 I
113 338 449 B
113 339 451 O
113 340 453 B
113 341 455 O
113 342 457 B
114 115 1 B
114 337 445 R
114 338 447 G
114 339 449 V
114 340 451 O
114 341 453 Y
114 342 455 Y
115 116 1 B
115 337 443 O
115 338 445 B
115 339 447 I
115 340 449 V
115 341 451 O
115 342 453 O
116 117 1 O
116 337 441 I
116 338 443 O
116 339 445 G
116 340 447 Y
116 341 449 B
116 342 451 G
117 118 1 O
117 337 439 I
117 338 441 O
117 339 443 R
117 340 445 V
117 341 447 B
117 342 449 V
118 119 1 B
118 337 437 Y
118 338 439 V
118 339 441 Y
118 340 443 R
118 341 445 V
118 342 447 V
119 120 1 B
119 337 435 V
119 338 437 Y
119 339 439 I
119 340 441 R
119 341 443 I
119 342 445 O
120 121 1 G
120 337 433 G
120 338 435 G
120 339 437 B
120 340 439 Y
120 341 441 V
120 342 443 R
121 122 1 I
121 337 431 G
121 338 433 G
121 339 435 B
121 340 437 I
121 341 439 I
121 342 441 O
122 123 1 O
122 337 429 G
122 338 431 Y
122 339 433 B
122 340 435 B
122 341 437 G
122 342 439 B
123 124 1 O
123 337 427 O
123 338 429 G
123 339 431 O
123 340 433 O
123 341 435 B
123 342 437 V
124 125 1 O
124 337 425 Y
124 338 427 O
124 339 429 O
124 340 431 V
124 341 433 B
124 342 435 R
125 126 1 Y
125 337 423 B
125 338 425 G
125 339 427 V
125 340 429 Y
125 341 431 I
125 342 433 V
126 127 1 V
126 337 421 I
126 338 423 V
126 339 425 I
126 340 427 Y
126 341 429 R
126 342 431 V
127 128 1 R
127 337 419 O
127 338 421 R
127 339 423 Y
127 340 425 V
127 341 427 I
127 342 429 G
128 129 1 I
128 337 417 B
128 338 419 B
128 339 421 B
128 340 423 B
128 341 425 R
128 342 427 I
129 130 1 O
129 337 415 Y
129 338 417 G
129 339 419 R
129 340 421 Y
129 341 423 I
129 342 425 G
130 131 1 O
130 337 413 V
130 338 415 V
130 339 417 Y
130 340 419 O
130 341 421 O
130 342 423 V
131 132 1 B
131 337 411 Y
131 338 413 O
131 339 415 G
131 340 417 R
131 341 419 I
131 342 421 Y
132 133 1 V
132 337 409 V
132 338 411 B
132 339 413 Y
132 340 415 Y
132 341 417 O
132 342 419 I
133 134 1 G
133 337 407 B
133 338 409 G
133 339 411 I
133 340 413 R
133 341 415 V
133 342 417 G
134 135 1 G
134 337 405 O
134 338 407 B
134 339 409 G
134 340 411 Y
134 341 413 G
134 342 415 B
135 136 1 I
135 337 403 I
135 338 405 I
135 339 407 V
135 340 409 R
135 341 411 I
135 342 413 R
136 137 1 B
136 337 401 R
136 338 403 O
136 339 405 B
136 340 407 O
136 341 409 B
136 342 411 B
137 138 1 Y
137 337 399 G
137 338 401 O
137 339 403 I
137 340 405 V
137 341 407 R
137 342 409 G
138 139 1 R
138 337 397 Y
138 338 399 V
138 339 401 Y
138 340 403 G
138 341 405 V
138 342 407 V
139 140 1 I
139 337 395 Y
139 338 397 Y
139 339 399 I
139 340 401 B
139 341 403 O
139 342 405 G
140 141 1 G
140 337 393 Y
140 338 395 B
140 339 397 R
140 340 399 G
140 341 401 R
140 342 403 B
141 142 1 I
141 337 391 I
141 338 393 R
141 339 395 G
141 340 397 I
141 341 399 G
141 342 401 G
142 143 1 I
142 337 389 R
142 338 391 Y
142 339 393 O
142 340 395 G
142 341 397 B
142 342 399 R
143 144 1 Y
143 337 387 B
143 338 389 G
143 339 391 Y
143 340 393 R
143 341 395 R
143 342 397 Y
144 145 1 B
144 337 385 V
144 338 387 O
144 339 389 V
144 340 391 G
144 341 393 Y
144 342 395 R
145 146 1 O
145 337 383 G
145 338 385 R
145 339 387 V
145 340 389 O
145 341 391 V
145 342 393 O
146 147 1 I
146 337 381 O
146 338 383 R
146 339 385 O
146 340 387 Y
146 341 389 R
146 342 391 G
147 148 1 O
147 337 379 I
147 338 381 Y
147 339 383 I
147 340 385 R
147 341 387 R
147 342 389 V
148 149 1 B
148 337 377 B
148 338 379 G
148 339 381 I
148 340 383 Y
148 341 385 V
148 342 387 B
149 150 1 G
149 337 375 G
149 338 377 R
149 339 379 B
149 340 381 V
149 341 383 V
149 342 385 R
150 151 1 V
150 337 373 G
150 338 375 V
150 339 377 Y
150 340 379 G
150 341 381 I
150 342 383 R
151 152 1 I
151 337 371 O
151 338 373 I
151 339 375 Y
151 340 377 I
151 341 379 Y
151 342 381 G
152 153 1 R
152 337 369 O
152 338 371 O
152 339 373 Y
152 340 375 Y
152 341 377 I
152 342 379 G
153 154 1 R
153 337 367 Y
153 338 369 I
153 339 371 R
153 340 373 V
153 341 375 G
153 342 377 Y
154 155 1 R
154 337 365 G
154 338 367 R
154 339 369 I
154 340 371 G
154 341 373 I
154 342 375 R
155 156 1 R
155 337 363 I
155 338 365 R
155 339 367 B
155 340 369 B
155 341 371 Y
155 342 373 R
156 157 1 I
156 337 361 B
156 338 363 I
156 339 365 O
156 340 367 B
156 341 369 Y
156 342 371 O
157 158 1 R
157 337 359 I
157 338 361 V
157 339 363 I
157 340 365 B
157 341 367 V
157 342 369 G
158 159 1 I
158 337 357 I
158 338 359 R
158 339 361 V
158 340 363 B
158 341 365 Y
158 342 367 V
159 160 1 I
159 337 355 B
159 338 357 R
159 339 359 R
159 340 361 R
159 341 363 G
159 342 365 I
160 161 1 I
160 337 353 Y
160 338 355 G
160 339 357 B
160 340 359 I
160 341 361 R
160 342 363 R
161 162 1 O
161 337 351 I
161 338 353 I
161 339 355 V
161 340 357 Y
161 341 359 Y
161 342 361 O
162 163 1 R
162 337 349 G
162 338 351 R
162 339 353 G
162 340 355 I
162 341 357 I
162 342 359 I
163 164 1 G
163 337 347 O
163 338 349 I
163 339 351 B
163 340 353 G
163 341 355 I
163 342 357 R
164 165 1 R
164 337 345 O
164 338 347 I
164 339 349 I
164 340 351 G
164 341 353 V
164 342 355 Y
165 166 1 Y
165 337 343 G
165 338 345 I
165 339 347 V
165 340 349 Y
165 341 351 V
165 342 353 Y
166 167 1 B
166 337 341 B
166 338 343 I
166 339 345 R
166 340 347 R
166 341 349 O
166 342 351 B
167 168 1 G
167 337 339 O
167 338 341 V
167 339 343 I
167 340 345 I
167 341 347 R
167 342 349 O
168 169 1 V
168 337 337 I
168 338 339 I
168 339 341 O
168 340 343 R
168 341 345 I
168 342 347 V
169 170 1 I
169 337 335 Y
169 338 337 R
169 339 339 O
169 340 341 I
169 341 343 R
169 342 345 B
170 171 1 B
170 337 333 G
170 338 335 V
170 339 337 I
170 340 339 B
170 341 341 V
170 342 343 R
171 172 1 V
171 337 331 G
171 338 333 B
171 339 335 B
171 340 337 B
171 341 339 G
171 342 341 R
172 173 1 B
172 337 329 O
172 338 331 V
172 339 333 I
172 340 335 Y
172 341 337 I
172 342 339 Y
173 174 1 V
173 337 327 V
173 338 329 R
173 339 331 G
173 340 333 Y
173 341 335 B
173 342 337 R
174 175 1 Y
174 337 325 O
174 338 327 G
174 339 329 Y
174 340 331 G
174 341 333 V
174 342 335 R
175 176 1 V
175 337 323 R
175 338 325 Y
175 339 327 O
175 340 329 Y
175 341 331 Y
175 342 333 I
176 177 1 O
176 337 321 V
176 338 323 I
176 339 325 I
176 340 327 G
176 341 329 G
176 342 331 I
177 178 1 I
177 337 319 O
177 338 321 I
177 339 323 I
177 340 325 G
177 341 327 G
177 342 329 Y
178 179 1 R
178 337 317 R
178 338 319 B
178 339 321 V
178 340 323 V
178 341 325 V
178 342 327 R
179 180 1 G
179 337 315 Y
179 338 317 G
179 339 319 V
179 340 321 B
179 341 323 O
179 342 325 B
180 181 1 O
180 337 313 O
180 338 315 V
180 339 317 B
180 340 319 B
180 341 321 I
180 342 323 B
181 182 1 B
181 337 311 O
181 338 313 G
181 339 315 Y
181 340 317 B
181 341 319 R
181 342 321 B
182 183 1 Y
182 337 309 V
182 338 311 I
182 339 313 R
182 340 315 Y
182 341 317 B
182 342 319 G
183 184 1 B
183 337 307 V
183 338 309 Y
183 339 311 R
183 340 313 O
183 341 315 B
183 342 317 Y
184 185 1 I
184 337 305 G
184 338 307 I
184 339 309 O
184 340 311 V
184 341 313 V
184 342 315 G
185 186 1 B
185 337 303 I
185 338 305 R
185 339 307 V
185 340 309 G
185 341 311 R
185 342 313 I
186 187 1 B
186 337 301 Y
186 338 303 Y
186 339 305 Y
186 340 307 R
186 341 309 B
186 342 311 I
187 188 1 O
187 337 299 I
187 338 301 V
187 339 303 I
187 340 305 Y
187 341 307 R
187 342 309 Y
188 189 1 O
188 337 297 O
188 338 299 Y
188 339 301 R
188 340 303 Y
188 341 305 R
188 342 307 B
189 190 1 Y
189 337 295 O
189 338 297 B
189 339 299 G
189 340 301 V
189 341 303 Y
189 342 305 G
190 191 1 R
190 337 293 V
190 338 295 O
190 339 297 G
190 340 299 V
190 341 301 V
190 342 303 I
191 192 1 B
191 337 291 I
191 338 293 R
191 339 295 G
191 340 297 Y
191 341 299 I
191 342 301 I
192 193 1 I
192 337 289 O
192 338 291 V
192 339 293 B
192 340 295 G
192 341 297 O
192 342 299 I
193 194 1 B
193 337 287 B
193 338 289 I
193 339 291 Y
193 340 293 B
193 341 295 G
193 342 297 G
194 195 1 G
194 337 285 B
194 338 287 G
194 339 289 G
194 340 291 R
194 341 293 V
194 342 295 R
195 196 1 O
195 337 283 B
195 338 285 I
195 339 287 I
195 340 289 G
195 341 291 G
195 342 293 V
196 197 1 V
196 337 281 G
196 338 283 G
196 339 285 B
196 340 287 Y
196 341 289 V
196 342 291 R
197 198 1 Y
197 337 279 I
197 338 281 R
197 339 283 Y
197 340 285 V
197 341 287 Y
197 342 289 O
198 199 1 R
198 337 277 B
198 338 279 Y
198 339 281 O
198 340 283 B
198 341 285 B
198 342 287 Y
199 200 1 G
199 337 275 R
199 338 277 B
199 339 279 R
199 340 281 Y
199 341 283 B
199 342 285 R
200 201 1 G
200 337 273 B
200 338 275 R
200 339 277 V
200 340 279 B
200 341 281 Y
200 342 283 O
201 202 1 B
201 337 271 I
201 338 273 V
201 339 275 B
201 340 277 G
201 341 279 R
201 342 281 I
202 203 1 R
202 337 269 I
202 338 271 V
202 339 273 G
202 340 275 G
202 341 277 Y
202 342 279 R
203 204 1 R
203 337 267 G
203 338 269 O
203 339 271 Y
203 340 273 Y
203 341 275 G
203 342 277 R
204 205 1 I
204 337 265 V
204 338 267 O
204 339 269 I
204 340 271 O
204 341 273 R
204 342 275 G
205 206 1 O
205 337 263 V
205 338 265 I
205 339 267 Y
205 340 269 Y
205 341 271 R
205 342 273 Y
206 207 1 I
206 337 261 V
206 338 263 I
206 339 265 G
206 340 267 Y
206 341 269 Y
206 342 271 R
207 208 1 Y
207 337 259 I
207 338 261 V
207 339 263 G
207 340 265 V
207 341 267 G
207 342 269 R
208 209 1 B
208 337 257 V
208 338 259 O
208 339 261 G
208 340 263 Y
208 341 265 G
208 342 267 V
209 210 1 R
209 337 255 Y
209 338 257 Y
209 339 259 O
209 340 261 Y
209 341 263 B
209 342 265 Y
210 211 1 Y
210 337 253 Y
210 338 255 G
210 339 257 Y
210 340 259 G
210 341 261 Y
210 342 263 Y
211 212 1 Y
211 337 251 B
211 338 253 R
211 339 255 Y
211 340 257 B
211 341 259 V
211 342 261 Y
212 213 1 R
212 337 249 I
212 338 251 Y
212 339 253 V
212 340 255 R
212 341 257 I
212 342 259 Y
213 214 1 R
213 337 247 I
213 338 249 I
213 339 251 O
213 340 253 Y
213 341 255 G
213 342 257 G
214 215 1 Y
214 337 245 O
214 338 247 I
214 339 249 Y
214 340 251 G
214 341 253 G
214 342 255 G
215 216 1 R
215 337 243 V
215 338 245 V
215 339 247 R
215 340 249 I
215 341 251 Y
215 342 253 V
216 217 1 O
216 337 241 V
216 338 243 G
216 339 245 G
216 340 247 O
216 341 249 B
216 342 251 V
217 218 1 B
217 337 239 I
217 338 241 R
217 339 243 Y
217 340 245 R
217 341 247 G
217 342 249 B
218 219 1 I
218 337 237 Y
218 338 239 V
218 339 241 Y
218 340 243 Y
218 341 245 V
218 342 247 B
219 220 1 I
219 337 235 O
219 338 237 I
219 339 239 Y
219 340 241 V
219 341 243 V
219 342 245 I
220 221 1 R
220 337 233 R
220 338 235 Y
220 339 237 Y
220 340 239 O
220 341 241 I
220 342 243 G
221 222 1 G
221 337 231 R
221 338 233 Y
221 339 235 O
221 340 237 G
221 341 239 Y
221 342 241 B
222 223 1 V
222 337 229 I
222 338 231 B
222 339 233 O
222 340 235 I
222 341 237 G
222 342 239 O
223 224 1 V
223 337 227 Y
223 338 229 V
223 339 231 O
223 340 233 R
223 341 235 O
223 342 237 R
224 225 1 R
224 337 225 I
224 338 227 O
224 339 229 V
224 340 231 G
224 341 233 Y
224 342 235 I
225 226 1 Y
225 337 223 V
225 338 225 Y
225 339 227 R
225 340 229 B
225 341 231 I
225 342 233 B
226 227 1 O
226 337 221 I
226 338 223 V
226 339 225 B
226 340 227 G
226 341 229 R
226 342 231 R
227 228 1 Y
227 337 219 R
227 338 221 I
227 339 223 G
227 340 225 R
227 341 227 Y
227 342 229 G
228 229 1 O
228 337 217 G
228 338 219 O
228 339 221 I
228 340 223 B
228 341 225 I
228 342 227 R
229 230 1 V
229 337 215 G
229 338 217 V
229 339 219 B
229 340 221 R
229 341 223 O
229 342 225 B
230 231 1 B
230 337 213 I
230 338 215 V
230 339 217 O
230 340 219 G
230 341 221 V
230 342 223 I
231 232 1 R
231 337 211 G
231 338 213 O
231 339 215 O
231 340 217 Y
231 341 219 B
231 342 221 G
232 233 1 I
232 337 209 V
232 338 211 Y
232 339 213 G
232 340 215 B
232 341 217 B
232 342 219 I
233 234 1 O
233 337 207 O
233 338 209 G
233 339 211 G
233 340 213 O
233 341 215 R
233 342 217 B
234 235 1 O
234 337 205 V
234 338 207 Y
234 339 209 V
234 340 211 I
234 341 213 I
234 342 215 R
235 236 1 R
235 337 203 I
235 338 205 I
235 339 207 B
235 340 209 B
235 341 211 I
235 342 213 B
236 237 1 B
236 337 201 O
236 338 203 O
236 339 205 I
236 340 207 I
236 341 209 O
236 342 211 G
237 238 1 I
237 337 199 V
237 338 201 G
237 339 203 V
237 340 205 V
237 341 207 G
237 342 209 O
238 239 1 O
238 337 197 B
238 338 199 I
238 339 201 G
238 340 203 I
238 341 205 R
238 342 207 R
239 240 1 I
239 337 195 Y
239 338 197 I
239 339 199 B
239 340 201 I
239 341 203 B
239 342 205 B
240 241 1 Y
240 337 193 R
240 338 195 Y
240 339 197 G
240 340 199 I
240 341 201 B
240 342 203 B
241 242 1 Y
241 337 191 B
241 338 193 V
241 339 195 R
241 340 197 O
241 341 199 B
241 342 201 Y
242 243 1 Y
242 337 189 Y
242 338 191 B
242 339 193 B
242 340 195 G
242 341 197 Y
242 342 199 O
243 244 1 Y
243 337 187 B
243 338 189 Y
243 339 191 I
243 340 193 O
243 341 195 Y
243 342 197 R
244 245 1 O
244 337 185 G
244 338 187 O
244 339 189 G
244 340 191 Y
244 341 193 G
244 342 195 R
245 246 1 G
245 337 183 G
245 338 185 O
245 339 187 G
245 340 189 B
245 341 191 G
245 342 193 V
246 247 1 Y
246 337 181 B
246 338 183 G
246 339 185 R
246 340 187 O
246 341 189 O
246 342 191 B
247 248 1 O
247 337 179 V
247 338 181 V
247 339 183 I
247 340 185 O
247 341 187 G
247 342 189 G
248 249 1 B
248 337 177 V
248 338 179 I
248 339 181 O
248 340 183 Y
248 341 185 Y
248 342 187 V
249 250 1 I
249 337 175 I
249 338 177 V
249 339 179 G
249 340 181 B
249 341 183 R
249 342 185 I
250 251 1 R
250 337 173 V
250 338 175 I
250 339 177 R
250 340 179 O
250 341 181 O
250 342 183 O
251 252 1 I
251 337 171 I
251 338 173 G
251 339 175 O
251 340 177 Y
251 341 179 O
251 342 181 I
252 253 1 O
252 337 169 I
252 338 171 B
252 339 173 B
252 340 175 R
252 341 177 B
252 342 179 R
253 254 1 I
253 337 167 V
253 338 169 O
253 339 171 G
253 340 173 B
253 341 175 V
253 342 177 G
254 255 1 R
254 337 165 Y
254 338 167 R
254 339 169 V
254 340 171 V
254 341 173 V
254 342 175 B
255 256 1 V
255 337 163 V
255 338 165 R
255 339 167 V
255 340 169 Y
255 341 171 I
255 342 173 V
256 257 1 R
256 337 161 G
256 338 163 V
256 339 165 G
256 340 167 I
256 341 169 I
256 342 171 V
257 258 1 V
257 337 159 R
257 338 161 V
257 339 163 V
257 340 165 Y
257 341 167 I
257 342 169 I
258 259 1 Y
258 337 157 R
258 338 159 B
258 339 161 R
258 340 163 V
258 341 165 R
258 342 167 B
259 260 1 Y
259 337 155 G
259 338 157 Y
259 339 159 B
259 340 161 O
259 341 163 V
259 342 165 O
260 261 1 Y
260 337 153 V
260 338 155 R
260 339 157 B
260 340 159 G
260 341 161 B
260 342 163 O
261 262 1 Y
261 337 151 G
261 338 153 O
261 339 155 B
261 340 157 B
261 341 159 Y
261 342 161 I
262 263 1 I
262 337 149 G
262 338 151 G
262 339 153 B
262 340 155 I
262 341 157 Y
262 342 159 R
263 264 1 G
263 337 147 Y
263 338 149 R
263 339 151 R
263 340 153 I
263 341 155 B
263 342 157 I
264 265 1 Y
264 337 145 B
264 338 147 G
264 339 149 I
264 340 151 Y
264 341 153 R
264 342 155 O
265 266 1 I
265 337 143 B
265 338 145 O
265 339 147 O
265 340 149 B
265 341 151 O
265 342 153 R
266 267 1 G
266 337 141 R
266 338 143 G
266 339 145 O
266 340 147 I
266 341 149 G
266 342 151 R
267 268 1 Y
267 337 139 V
267 338 141 V
267 339 143 R
267 340 145 V
267 341 147 V
267 342 149 R
268 269 1 G
268 337 137 Y
268 338 139 I
268 339 141 G
268 340 143 R
268 341 145 G
268 342 147 I
269 270 1 B
269 337 135 G
269 338 137 Y
269 339 139 B
269 340 141 I
269 341 143 I
269 342 145 V
270 271 1 O
270 337 133 O
270 338 135 R
270 339 137 I
270 340 139 V
270 341 141 I
270 342 143 I
271 272 1 Y
271 337 131 V
271 338 133 G
271 339 135 B
271 340 137 O
271 341 139 R
271 342 141 I
272 273 1 V
272 337 129 B
272 338 131 R
272 339 133 I
272 340 135 G
272 341 137 R
272 342 139 Y
273 274 1 Y
273 337 127 I
273 338 129 V
273 339 131 G
273 340 133 R
273 341 135 Y
273 342 137 G
274 275 1 G
274 337 125 B
274 338 127 Y
274 339 129 G
274 340 131 Y
274 341 133 R
274 342 135 G
275 276 1 V
275 337 123 G
275 338 125 B
275 339 127 G
275 340 129 I
275 341 131 I
275 342 133 Y
276 277 1 I
276 337 121 I
276 338 123 Y
276 339 125 G
276 340 127 G
276 341 129 V
276 342 131 Y
277 278 1 O
277 337 119 Y
277 338 121 R
277 339 123 Y
277 340 125 I
277 341 127 G
277 342 129 V
278 279 1 G
278 337 117 B
278 338 119 B
278 339 121 G
278 340 123 O
278 341 125 O
278 342 127 V
279 280 1 B
279 337 115 G
279 338 117 I
279 339 119 G
279 340 121 V
279 341 123 O
279 342 125 V
280 281 1 V
280 337 113 I
280 338 115 V
280 339 117 V
280 340 119 I
280 341 121 B
280 342 123 G
281 282 1 G
281 337 111 I
281 338 113 O
281 339 115 Y
281 340 117 Y
281 341 119 Y
281 342 121 R
282 283 1 O
282 337 109 I
282 338 111 G
282 339 113 V
282 340 115 Y
282 341 117 O
282 342 119 R
283 284 1 V
283 337 107 R
283 338 109 Y
283 339 111 V
283 340 113 Y
283 341 115 Y
283 342 117 I
284 285 1 B
284 337 105 V
284 338 107 R
284 339 109 Y
284 340 111 G
284 341 113 I
284 342 115 G
285 286 1 Y
285 337 103 I
285 338 105 G
285 339 107 V
285 340 109 R
285 341 111 O
285 342 113 V
286 287 1 O
286 337 101 I
286 338 103 I
286 339 105 I
286 340 107 Y
286 341 109 R
286 342 111 G
287 288 1 R
287 337 99 Y
287 338 101 Y
287 339 103 I
287 340 105 Y
287 341 107 R
287 342 109 Y
288 289 1 V
288 337 97 O
288 338 99 I
288 339 101 R
288 340 103 B
288 341 105 B
288 342 107 V
289 290 1 R
289 337 95 O
289 338 97 I
289 339 99 Y
289 340 101 R
289 341 103 O
289 342 105 O
290 291 1 I
290 337 93 V
290 338 95 Y
290 339 97 O
290 340 99 Y
290 341 101 G
290 342 103 B
291 292 1 I
291 337 91 O
291 338 93 B
291 339 95 B
291 340 97 R
291 341 99 B
291 342 101 O
292 293 1 R
292 337 89 I
292 338 91 Y
292 339 93 Y
292 340 95 V
292 341 97 B
292 342 99 Y
293 294 1 V
293 337 87 Y
293 338 89 B
293 339 91 B
293 340 93 R
293 341 95 I
293 342 97 Y
294 295 1 B
294 337 85 V
294 338 87 I
294 339 89 G
294 340 91 V
294 341 93 R
294 342 95 R
295 296 1 V
295 337 83 G
295 338 85 O
295 339 87 I
295 340 89 R
295 341 91 B
295 342 93 G
296 297 1 R
296 337 81 R
296 338 83 O
296 339 85 R
296 340 87 B
296 341 89 O
296 342 91 G
297 298 1 Y
297 337 79 G
297 338 81 R
297 339 83 O
297 340 85 Y
297 341 87 I
297 342 89 O
298 299 1 V
298 337 77 I
298 338 79 I
298 339 81 Y
298 340 83 O
298 341 85 V
298 342 87 Y
299 300 1 R
299 337 75 R
299 338 77 B
299 339 79 V
299 340 81 I
299 341 83 V
299 342 85 I
300 301 1 V
300 337 73 O
300 338 75 G
300 339 77 G
300 340 79 G
300 341 81 Y
300 342 83 I
301 302 1 G
301 336 69 I
301 337 71 V
301 338 73 G
301 339 75 Y
301 340 77 O
301 341 79 V
301 342 81 G
302 303 1 Y
302 336 67 G
302 337 69 B
302 338 71 O
302 339 73 O
302 340 75 O
302 341 77 G
302 342 79 Y
303 304 1 G
303 336 65 I
303 337 67 B
303 338 69 B
303 339 71 O
303 340 73 Y
303 341 75 R
303 342 77 O
304 305 1 R
304 336 63 O
304 337 65 I
304 338 67 B
304 339 69 G
304 340 71 B
304 341 73 O
304 342 75 I
305 306 1 B
305 336 61 R
305 337 63 I
305 338 65 Y
305 339 67 R
305 340 69 V
305 341 71 Y
305 342 73 R
306 307 1 G
306 336 59 O
306 337 61 O
306 338 63 B
306 339 65 B
306 340 67 B
306 341 69 R
306 342 71 G
307 308 1 Y
307 336 57 O
307 337 59 O
307 338 61 Y
307 339 63 V
307 340 65 G
307 341 67 I
307 342 69 R
308 309 1 V
308 336 55 I
308 337 57 Y
308 338 59 V
308 339 61 Y
308 340 63 V
308 341 65 I
308 342 67 Y
309 310 1 R
309 336 53 G
309 337 55 O
309 338 57 G
309 339 59 Y
309 340 61 G
309 341 63 V
309 342 65 I
310 311 1 I
310 336 51 R
310 337 53 R
310 338 55 B
310 339 57 O
310 340 59 V
310 341 61 I
310 342 63 V
311 312 1 G
311 336 49 R
311 337 51 O
311 338 53 G
311 339 55 I
311 340 57 I
311 341 59 V
311 342 61 Y
312 313 1 G
312 336 47 R
312 337 49 V
312 338 51 R
312 339 53 I
312 340 55 R
312 341 57 R
312 342 59 G
313 314 1 O
313 336 45 Y
313 337 47 G
313 338 49 O
313 339 51 B
313 340 53 V
313 341 55 O
313 342 57 B
314 315 1 G
314 336 43 Y
314 337 45 B
314 338 47 G
314 339 49 B
314 340 51 V
314 341 53 Y
314 342 55 V
315 316 1 V
315 336 41 O
315 337 43 B
315 338 45 V
315 339 47 B
315 340 49 G
315 341 51 Y
315 342 53 G
316 317 1 R
316 336 39 O
316 337 41 R
316 338 43 B
316 339 45 V
316 340 47 O
316 341 49 O
316 342 51 I
317 318 1 O
317 336 37 G
317 337 39 B
317 338 41 I
317 339 43 V
317 340 45 R
317 341 47 O
317 342 49 B
318 319 1 G
318 336 35 I
318 337 37 R
318 338 39 B
318 339 41 V
318 340 43 G
318 341 45 I
318 342 47 V
319 320 1 V
319 336 33 I
319 337 35 Y
319 338 37 I
319 339 39 Y
319 340 41 G
319 341 43 R
319 342 45 B
320 321 1 R
320 336 31 R
320 337 33 Y
320 338 35 B
320 339 37 B
320 340 39 I
320 341 41 G
320 342 43 B
321 322 1 V
321 336 29 V
321 337 31 G
321 338 33 V
321 339 35 O
321 340 37 Y
321 341 39 O
321 342 41 B
322 323 1 V
322 336 27 V
322 337 29 G
322 338 31 Y
322 339 33 B
322 340 35 R
322 341 37 O
322 342 39 O
323 324 1 G
323 336 25 O
323 337 27 R
323 338 29 I
323 339 31 O
323 340 33 G
323 341 35 I
323 342 37 R
324 325 1 V
324 336 23 G
324 337 25 O
324 338 27 B
324 339 29 B
324 340 31 R
324 341 33 Y
324 342 35 I
325 326 1 R
325 336 21 V
325 337 23 B
325 338 25 V
325 339 27 B
325 340 29 O
325 341 31 G
325 342 33 B
326 327 1 R
326 336 19 R
326 337 21 R
326 338 23 V
326 339 25 V
326 340 27 R
326 341 29 Y
326 342 31 G
327 328 1 R
327 336 17 Y
327 337 19 G
327 338 21 B
327 339 23 G
327 340 25 V
327 341 27 B
327 342 29 O
328 329 1 O
328 336 15 V
328 337 17 Y
328 338 19 O
328 339 21 G
328 340 23 V
328 341 25 O
328 342 27 B
329 330 1 O
329 336 13 B
329 337 15 I
329 338 17 I
329 339 19 O
329 340 21 R
329 341 23 I
329 342 25 Y
330 331 1 G
330 336 11 B
330 337 13 G
330 338 15 V
330 339 17 R
330 340 19 R
330 341 21 V
330 342 23 B
331 332 1 I
331 336 9 V
331 337 11 B
331 338 13 G
331 339 15 G
331 340 17 V
331 341 19 R
331 342 21 Y
332 333 1 V
332 336 7 I
332 337 9 Y
332 338 11 R
332 339 13 R
332 340 15 R
332 341 17 G
332 342 19 V
333 334 1 B
333 336 5 R
333 337 7 V
333 338 9 Y
333 339 11 Y
333 340 13 V
333 341 15 Y
333 342 17 Y
334 335 1 O
334 336 3 R
334 337 5 I
334 338 7 R
334 339 9 I
334 340 11 V
334 341 13 I
334 342 15 V
335 336 1 B
335 337 3 R
335 338 5 V
335 339 7 B
335 340 9 V
335 341 11 G
335 342 13 G
336 337 1 Y
336 338 3 V
336 339 5 B
336 340 7 O
336 341 9 O
336 342 11 Y
337 338 1 R
337 339 3 I
337 340 5 O
337 341 7 B
337 342 9 G
338 339 1 R
338 340 3 V
338 341 5 V
338 342 7 B
339 340 1 G
339 341 3 I
339 342 5 R
340 341 1 V
340 342 3 B
341 342 1 O
342 343 16807 O
