343 2394
1 91 16807 R
2 224 4 R
3 24 3 R
3 104 6 R
4 66 7 R
5 313 1 R
6 85 1 R
7 57 5 R
7 337 5 R
8 99 5 R
8 130 7 R
8 170 7 R
8 202 3 R
8 237 1 R
8 305 3 R
9 55 3 R
9 199 7 R
9 204 5 R
9 341 6 R
10 193 7 R
10 335 1 R
11 22 2 R
12 136 5 R
12 155 4 R
12 277 5 R
12 292 4 R
13 200 6 R
14 274 4 R
15 159 5 R
16 50 2 R
17 118 6 R
18 77 6 R
18 106 3 R
19 127 3 R
20 115 3 R
21 62 5 R
21 249 5 R
22 118 5 R
22 137 2 R
22 160 2 R
22 275 4 R
22 311 1 R
23 302 4 R
24 45 7 R
25 82 1 R
25 272 6 R
26 84 1 R
26 128 4 R
26 184 1 R
26 295 4 R
27 71 3 R
28 113 7 R
29 50 7 R
29 79 2 R
29 168 3 R
29 185 7 R
29 242 6 R
30 140 3 R
31 152 7 R
31 334 2 R
32 157 7 R
32 244 5 R
33 37 3 R
34 77 1 R
34 86 7 R
34 218 1 R
34 295 4 R
34 320 6 R
35 52 1 R
35 129 4 R
35 317 2 R
36 85 3 R
37 108 7 R
37 182 6 R
37 221 6 R
37 237 5 R
37 251 6 R
37 295 6 R
37 330 3 R
37 333 6 R
38 138 3 R
38 234 6 R
38 288 2 R
39 325 3 R
40 112 1 R
41 239 7 R
42 55 2 R
43 103 1 R
44 116 7 R
45 208 7 R
45 238 1 R
46 53 1 R
46 67 1 R
46 68 5 R
47 57 1 R
48 122 4 R
49 234 4 R
50 83 4 R
50 131 4 R
50 149 7 R
50 207 2 R
51 95 7 R
52 80 4 R
52 178 1 R
52 338 7 R
53 278 1 R
53 282 1 R
53 342 3 R
54 179 1 R
55 132 2 R
55 153 1 R
56 313 4 R
57 118 4 R
58 328 1 R
59 103 5 R
60 89 6 R
60 117 2 R
60 119 6 R
60 279 6 R
61 251 2 R
62 69 1 R
62 173 5 R
62 254 5 R
62 285 3 R
62 318 6 R
63 252 3 R
64 253 2 R
64 288 7 R
65 191 7 R
66 193 7 R
66 216 4 R
69 177 6 R
70 287 2 R
71 228 3 R
72 278 7 R
73 332 1 R
74 82 7 R
74 209 5 R
75 143 1 R
75 199 1 R
75 246 3 R
76 85 6 R
76 109 3 R
76 237 2 R
76 286 2 R
76 293 4 R
76 303 3 R
77 191 5 R
77 205 4 R
77 247 2 R
78 293 3 R
80 231 4 R
81 318 3 R
82 193 2 R
87 165 5 R
88 198 1 R
88 222 5 R
89 193 1 R
89 333 6 R
90 141 3 R
91 186 4 R
91 257 4 R
91 262 2 R
92 294 3 R
93 332 7 R
94 271 6 R
95 254 3 R
95 307 2 R
96 250 3 R
97 189 4 R
98 269 1 R
98 333 1 R
100 133 7 R
101 175 7 R
102 172 1 R
103 130 4 R
104 198 2 R
104 319 4 R
104 324 5 R
105 130 1 R
105 151 6 R
107 149 2 R
108 158 7 R
110 139 5 R
110 173 6 R
111 295 7 R
111 296 3 R
111 310 7 R
112 322 1 R
113 290 6 R
113 321 1 R
114 134 5 R
115 161 4 R
115 198 7 R
115 263 4 R
115 328 7 R
116 127 4 R
118 179 5 R
118 214 6 R
118 333 3 R
120 187 3 R
121 314 5 R
122 167 2 R
122 181 5 R
123 188 2 R
124 322 4 R
125 266 6 R
125 307 7 R
126 316 4 R
127 183 1 R
129 276 5 R
130 241 5 R
132 142 3 R
132 165 4 R
132 174 5 R
132 255 2 R
133 295 1 R
134 265 5 R
134 295 2 R
135 293 3 R
137 225 3 R
138 180 3 R
138 228 3 R
138 237 5 R
138 306 2 R
138 322 2 R
140 295 2 R
141 254 2 R
141 330 1 R
142 264 4 R
144 251 4 R
145 191 1 R
146 285 5 R
147 170 6 R
147 316 1 R
148 156 6 R
148 199 1 R
149 184 4 R
149 188 5 R
149 283 2 R
149 332 2 R
150 154 2 R
154 323 5 R
155 304 3 R
155 323 5 R
155 332 5 R
157 189 2 R
159 237 1 R
159 245 1 R
159 343 5 R
160 197 5 R
161 314 6 R
162 174 4 R
163 239 5 R
164 302 7 R
166 278 6 R
169 286 7 R
171 237 5 R
172 202 4 R
173 213 5 R
174 295 1 R
175 288 3 R
176 226 1 R
176 325 4 R
179 233 6 R
181 223 4 R
183 271 6 R
183 274 3 R
184 274 2 R
187 223 4 R
188 230 4 R
189 206 5 R
189 291 1 R
190 286 5 R
192 296 7 R
193 219 7 R
194 234 3 R
195 290 5 R
196 227 5 R
200 280 7 R
201 202 1 R
202 227 1 R
203 244 6 R
210 324 5 R
211 276 3 R
212 312 2 R
215 306 6 R
216 326 2 R
217 237 2 R
219 313 3 R
220 237 7 R
221 302 7 R
223 263 1 R
223 287 1 R
223 327 7 R
224 273 4 R
226 306 6 R
228 243 3 R
229 332 5 R
232 320 4 R
235 325 6 R
236 316 4 R
237 244 3 R
237 263 4 R
239 245 5 R
239 281 3 R
240 318 3 R
244 294 1 R
244 297 5 R
248 273 7 R
249 289 3 R
249 336 1 R
250 317 1 R
252 263 4 R
252 300 7 R
256 314 1 R
258 343 7 R
259 335 1 R
260 330 5 R
261 310 6 R
262 278 2 R
262 312 2 R
263 278 5 R
267 305 4 R
268 313 1 R
270 310 1 R
273 303 6 R
278 334 4 R
280 317 1 R
282 299 2 R
284 323 6 R
285 329 4 R
288 315 6 R
290 305 5 R
292 301 6 R
295 317 2 R
296 331 7 R
298 316 6 R
308 334 2 R
309 335 5 R
309 339 5 R
335 340 4 R
1 283 16807 O
2 8 7 O
2 104 7 O
2 140 3 O
2 142 4 O
2 207 2 O
2 228 5 O
3 148 6 O
3 172 5 O
3 198 2 O
4 49 7 O
4 112 2 O
4 223 3 O
5 9 3 O
6 180 1 O
7 48 3 O
7 172 4 O
8 120 2 O
9 198 6 O
10 308 6 O
11 171 2 O
11 185 2 O
11 224 4 O
12 114 4 O
13 230 2 O
14 95 1 O
14 269 4 O
14 291 3 O
14 337 7 O
15 80 3 O
15 87 4 O
15 106 4 O
15 114 4 O
16 300 1 O
17 228 7 O
17 238 5 O
17 317 3 O
18 56 6 O
18 63 6 O
18 200 5 O
18 245 5 O
18 250 5 O
18 267 5 O
19 25 4 O
19 47 7 O
19 159 4 O
20 147 2 O
20 186 6 O
20 328 1 O
21 30 4 O
21 75 3 O
22 132 4 O
22 146 1 O
22 290 1 O
23 195 1 O
24 122 5 O
24 152 1 O
24 229 6 O
25 187 3 O
26 42 6 O
26 324 7 O
27 128 3 O
27 138 5 O
27 301 1 O
27 306 6 O
27 333 7 O
28 37 1 O
29 44 7 O
30 91 6 O
31 246 1 O
32 209 6 O
33 79 5 O
34 120 7 O
34 297 7 O
35 101 3 O
35 134 4 O
36 107 7 O
37 113 4 O
38 39 3 O
39 59 4 O
39 65 3 O
39 94 2 O
39 176 6 O
39 212 1 O
39 302 3 O
40 286 7 O
41 116 4 O
42 72 5 O
42 142 2 O
43 341 7 O
44 79 3 O
44 112 3 O
44 208 7 O
44 323 7 O
44 326 7 O
45 194 7 O
45 312 5 O
46 146 1 O
50 280 1 O
51 81 2 O
51 92 2 O
51 292 7 O
52 91 2 O
53 246 2 O
54 159 2 O
55 273 7 O
56 299 5 O
57 193 5 O
57 249 4 O
57 262 7 O
57 263 1 O
57 289 2 O
58 288 6 O
60 114 6 O
61 160 6 O
62 67 4 O
62 144 4 O
62 251 1 O
62 298 7 O
64 76 6 O
64 168 6 O
65 162 7 O
65 177 4 O
66 246 5 O
67 291 2 O
68 193 6 O
69 79 6 O
70 96 1 O
71 319 1 O
73 79 5 O
73 96 1 O
73 166 5 O
73 266 7 O
73 342 3 O
74 123 1 O
75 102 6 O
75 208 4 O
75 320 3 O
77 263 7 O
78 130 1 O
79 216 2 O
79 226 1 O
79 255 7 O
82 124 7 O
83 185 4 O
84 271 5 O
84 274 5 O
85 255 6 O
86 146 5 O
88 115 1 O
89 99 5 O
89 115 1 O
89 130 4 O
89 290 2 O
90 123 5 O
92 185 1 O
92 228 6 O
93 256 1 O
95 165 6 O
97 276 6 O
97 339 5 O
98 195 7 O
100 176 3 O
103 165 2 O
105 230 7 O
106 147 7 O
107 198 1 O
107 228 2 O
107 290 3 O
107 300 4 O
108 195 7 O
109 135 4 O
109 141 7 O
110 271 2 O
111 209 4 O
112 341 5 O
113 155 6 O
114 168 1 O
114 184 7 O
114 260 5 O
115 305 5 O
115 340 1 O
116 255 3 O
117 290 7 O
118 133 2 O
118 168 1 O
118 202 2 O
119 150 1 O
120 343 6 O
121 300 2 O
122 210 3 O
123 161 7 O
123 232 1 O
123 332 3 O
124 126 7 O
124 295 6 O
125 327 6 O
126 140 7 O
127 137 6 O
127 203 6 O
127 247 4 O
128 160 7 O
128 230 5 O
128 296 7 O
129 296 4 O
131 159 1 O
131 233 5 O
132 151 1 O
134 173 6 O
134 306 2 O
136 337 7 O
136 338 5 O
138 195 7 O
138 307 3 O
139 164 4 O
139 290 4 O
139 309 4 O
139 315 1 O
140 161 7 O
140 170 5 O
140 210 2 O
140 291 4 O
140 319 1 O
140 334 7 O
141 168 2 O
141 318 3 O
142 227 7 O
142 245 4 O
142 327 5 O
143 331 4 O
144 149 2 O
144 272 2 O
145 222 7 O
146 178 2 O
147 281 6 O
148 231 5 O
150 310 2 O
153 244 2 O
154 191 3 O
154 274 1 O
155 294 3 O
155 308 1 O
156 192 3 O
156 251 6 O
156 308 3 O
157 254 7 O
158 195 6 O
158 217 6 O
159 193 4 O
159 241 6 O
159 286 1 O
161 220 3 O
161 302 3 O
162 201 1 O
162 239 7 O
163 303 2 O
163 334 2 O
165 275 4 O
167 276 4 O
168 183 2 O
168 268 7 O
168 307 4 O
169 179 1 O
174 251 1 O
175 207 4 O
175 225 7 O
175 252 4 O
178 197 7 O
178 246 3 O
179 198 6 O
179 242 1 O
179 243 2 O
180 251 5 O
180 257 1 O
181 289 4 O
182 224 5 O
182 277 5 O
182 278 4 O
182 336 5 O
184 288 6 O
184 314 2 O
188 323 2 O
189 295 7 O
190 230 7 O
193 207 3 O
193 208 1 O
194 218 7 O
195 335 4 O
196 287 3 O
196 320 7 O
198 204 7 O
198 312 2 O
199 276 6 O
199 293 6 O
201 236 4 O
203 307 5 O
205 260 7 O
206 259 2 O
207 282 1 O
208 209 2 O
208 288 1 O
209 265 1 O
210 235 5 O
210 276 4 O
210 321 7 O
211 232 5 O
213 317 6 O
214 306 4 O
215 221 1 O
215 288 6 O
219 290 2 O
220 325 4 O
222 310 1 O
225 264 6 O
228 280 7 O
234 253 2 O
234 284 5 O
234 285 7 O
234 330 7 O
237 270 4 O
240 321 7 O
242 313 4 O
244 291 6 O
245 261 2 O
248 254 6 O
248 314 3 O
255 273 1 O
255 279 1 O
256 282 3 O
258 331 5 O
259 300 7 O
265 316 3 O
270 273 5 O
271 331 7 O
271 341 7 O
276 304 6 O
282 310 3 O
283 296 2 O
285 312 6 O
297 311 6 O
318 329 6 O
322 341 6 O
1 296 16807 Y
2 279 7 Y
3 205 1 Y
4 170 5 Y
5 119 2 Y
6 213 5 Y
7 140 3 Y
7 259 4 Y
7 293 2 Y
8 19 2 Y
9 54 2 Y
9 213 5 Y
9 286 6 Y
10 286 1 Y
11 127 5 Y
11 221 5 Y
11 255 6 Y
11 291 5 Y
12 75 5 Y
12 332 5 Y
13 126 4 Y
14 43 5 Y
14 294 3 Y
15 119 3 Y
15 240 7 Y
15 295 2 Y
16 225 2 Y
17 19 2 Y
17 88 5 Y
17 139 7 Y
17 152 2 Y
17 230 1 Y
18 89 5 Y
18 149 3 Y
18 154 7 Y
18 181 1 Y
18 230 6 Y
18 231 4 Y
20 228 3 Y
20 287 1 Y
20 327 6 Y
21 293 7 Y
22 100 2 Y
22 291 1 Y
23 107 7 Y
23 271 5 Y
24 103 5 Y
25 47 3 Y
25 212 6 Y
25 217 7 Y
26 76 6 Y
26 78 2 Y
26 284 6 Y
27 293 1 Y
27 312 3 Y
28 135 2 Y
28 299 6 Y
29 74 2 Y
29 113 1 Y
30 108 3 Y
30 225 2 Y
31 61 2 Y
32 116 2 Y
32 337 7 Y
33 200 7 Y
33 244 5 Y
34 66 3 Y
35 340 6 Y
36 142 4 Y
37 212 6 Y
38 233 1 Y
38 326 5 Y
39 269 3 Y
39 322 6 Y
40 189 5 Y
41 153 5 Y
42 66 5 Y
42 302 7 Y
43 235 6 Y
44 199 5 Y
44 225 7 Y
45 113 6 Y
45 186 4 Y
46 113 7 Y
47 172 6 Y
47 297 7 Y
48 51 2 Y
48 90 4 Y
49 163 7 Y
50 285 5 Y
51 73 1 Y
51 107 3 Y
51 128 6 Y
52 171 6 Y
53 59 1 Y
53 96 2 Y
53 105 4 Y
53 207 1 Y
53 261 6 Y
54 258 6 Y
55 308 7 Y
56 63 6 Y
56 77 6 Y
57 310 1 Y
58 63 1 Y
59 159 2 Y
59 243 2 Y
60 69 1 Y
61 222 2 Y
61 283 2 Y
61 298 7 Y
62 290 1 Y
63 218 7 Y
64 173 5 Y
65 167 3 Y
66 256 5 Y
66 291 2 Y
66 308 5 Y
67 199 6 Y
68 83 4 Y
68 122 5 Y
68 156 7 Y
68 166 5 Y
68 182 5 Y
68 306 3 Y
69 152 6 Y
69 333 6 Y
70 150 1 Y
70 224 4 Y
70 269 6 Y
70 280 1 Y
71 151 3 Y
72 153 5 Y
72 176 7 Y
72 287 3 Y
76 343 2 Y
77 80 5 Y
78 113 4 Y
78 211 2 Y
79 178 2 Y
79 204 6 Y
80 87 3 Y
80 220 1 Y
80 234 5 Y
81 225 2 Y
81 241 7 Y
82 150 6 Y
84 107 6 Y
85 313 1 Y
86 123 2 Y
86 155 3 Y
86 183 4 Y
86 318 5 Y
88 142 4 Y
88 216 5 Y
88 244 4 Y
88 304 5 Y
89 112 7 Y
89 310 3 Y
91 249 5 Y
91 282 4 Y
92 213 6 Y
93 281 6 Y
93 315 1 Y
94 210 5 Y
94 303 4 Y
95 209 4 Y
96 118 3 Y
97 229 1 Y
97 330 3 Y
98 232 4 Y
98 281 7 Y
99 193 3 Y
101 139 1 Y
102 125 3 Y
102 152 3 Y
102 201 4 Y
103 126 4 Y
103 242 3 Y
104 293 5 Y
105 299 4 Y
106 170 4 Y
107 148 5 Y
107 171 3 Y
107 230 5 Y
107 293 1 Y
109 153 1 Y
110 320 5 Y
111 238 1 Y
111 246 3 Y
112 190 4 Y
113 143 1 Y
113 167 2 Y
113 187 1 Y
113 188 1 Y
113 213 4 Y
113 261 7 Y
113 287 3 Y
113 332 2 Y
113 339 3 Y
114 181 7 Y
115 267 3 Y
117 338 6 Y
118 260 7 Y
119 141 4 Y
119 173 6 Y
119 214 2 Y
119 323 4 Y
119 337 1 Y
120 206 2 Y
121 263 1 Y
121 311 7 Y
123 247 6 Y
123 269 6 Y
124 317 6 Y
126 173 5 Y
126 287 3 Y
128 194 4 Y
129 197 2 Y
129 324 2 Y
130 192 6 Y
130 305 1 Y
131 230 3 Y
132 209 4 Y
133 202 5 Y
134 337 1 Y
136 164 7 Y
136 233 2 Y
136 236 4 Y
137 336 6 Y
138 181 7 Y
139 145 5 Y
139 202 4 Y
139 270 5 Y
141 277 6 Y
144 215 3 Y
144 286 6 Y
146 288 5 Y
147 287 3 Y
148 233 4 Y
148 238 2 Y
148 330 4 Y
149 158 4 Y
151 161 1 Y
151 266 2 Y
151 340 1 Y
157 213 6 Y
160 256 7 Y
162 238 6 Y
163 285 2 Y
164 179 2 Y
165 187 3 Y
167 204 4 Y
167 288 1 Y
168 266 3 Y
168 313 5 Y
168 321 4 Y
169 186 2 Y
170 294 5 Y
170 317 6 Y
173 226 3 Y
174 261 1 Y
175 216 1 Y
177 340 6 Y
180 332 7 Y
182 292 3 Y
184 262 4 Y
185 305 3 Y
187 203 2 Y
187 230 7 Y
187 245 4 Y
187 316 4 Y
189 213 7 Y
191 316 2 Y
192 198 1 Y
192 287 3 Y
192 291 7 Y
192 314 5 Y
193 287 3 Y
195 226 2 Y
196 312 5 Y
199 290 1 Y
199 301 7 Y
200 239 1 Y
201 268 1 Y
203 219 4 Y
203 222 2 Y
203 262 4 Y
205 294 6 Y
206 312 6 Y
207 265 6 Y
207 334 2 Y
208 222 6 Y
209 212 5 Y
210 251 1 Y
210 306 1 Y
212 269 7 Y
212 314 6 Y
212 342 2 Y
213 325 4 Y
214 248 2 Y
215 237 5 Y
220 314 7 Y
222 306 5 Y
223 258 4 Y
225 315 5 Y
227 322 1 Y
228 252 7 Y
230 329 7 Y
233 272 3 Y
233 320 2 Y
234 276 3 Y
244 263 4 Y
245 331 2 Y
245 340 5 Y
248 264 4 Y
249 334 7 Y
250 299 1 Y
251 279 2 Y
253 331 3 Y
254 317 7 Y
256 341 6 Y
257 303 7 Y
259 328 3 Y
263 336 2 Y
267 323 6 Y
273 286 6 Y
274 309 5 Y
275 330 7 Y
278 284 1 Y
279 335 2 Y
283 307 1 Y
285 293 1 Y
287 319 2 Y
289 317 5 Y
293 315 3 Y
294 314 1 Y
296 314 3 Y
300 314 6 Y
309 314 5 Y
324 342 7 Y
330 338 6 Y
1 340 16807 G
2 148 6 G
2 232 3 G
2 331 2 G
3 44 4 G
3 256 5 G
4 159 4 G
4 332 3 G
5 155 1 G
5 190 5 G
5 294 3 G
6 312 7 G
6 322 1 G
7 77 7 G
8 153 2 G
8 268 5 G
9 297 2 G
10 123 1 G
10 178 5 G
10 302 7 G
11 29 2 G
11 275 4 G
12 215 7 G
12 334 3 G
13 342 4 G
14 336 5 G
15 222 7 G
16 49 1 G
16 116 3 G
16 227 4 G
16 254 2 G
16 296 6 G
17 145 6 G
17 217 2 G
18 153 5 G
19 32 4 G
20 234 3 G
21 41 6 G
21 335 7 G
22 272 7 G
23 72 7 G
23 140 7 G
23 169 4 G
23 223 7 G
23 247 1 G
24 30 3 G
25 95 2 G
25 157 2 G
25 265 2 G
25 317 4 G
26 31 2 G
26 86 6 G
26 223 3 G
27 68 2 G
27 318 2 G
28 285 2 G
28 315 2 G
29 75 6 G
29 110 4 G
29 194 7 G
29 230 2 G
29 240 6 G
30 72 5 G
30 287 1 G
31 46 1 G
31 324 6 G
32 197 6 G
33 80 2 G
33 89 3 G
33 158 3 G
33 191 5 G
33 234 3 G
33 274 5 G
34 83 7 G
34 163 5 G
34 186 3 G
35 158 6 G
36 43 2 G
37 89 1 G
37 318 4 G
38 57 2 G
38 143 5 G
39 128 4 G
40 164 3 G
41 44 6 G
41 87 6 G
41 152 3 G
41 277 2 G
41 328 1 G
42 94 6 G
42 313 4 G
43 67 1 G
43 194 6 G
44 164 5 G
44 206 6 G
45 168 3 G
45 246 1 G
45 319 5 G
46 299 2 G
47 61 1 G
47 133 2 G
48 314 5 G
50 175 3 G
51 137 6 G
51 261 4 G
51 291 3 G
52 119 2 G
52 199 7 G
52 325 7 G
53 172 2 G
54 193 5 G
55 328 3 G
56 181 2 G
56 241 4 G
56 328 6 G
58 72 7 G
59 134 7 G
60 61 7 G
60 64 3 G
60 145 4 G
60 190 3 G
60 199 6 G
60 214 1 G
60 229 3 G
60 291 3 G
61 125 1 G
62 171 6 G
62 224 1 G
62 259 7 G
63 113 2 G
65 118 6 G
65 215 2 G
66 138 7 G
66 229 6 G
66 342 4 G
69 287 3 G
70 208 2 G
71 287 4 G
73 126 7 G
74 159 3 G
74 189 6 G
75 79 3 G
75 329 1 G
76 207 2 G
76 263 3 G
76 304 4 G
76 307 2 G
76 341 6 G
77 190 3 G
78 257 2 G
80 266 1 G
81 329 4 G
82 120 5 G
82 195 4 G
82 220 3 G
82 240 5 G
82 274 5 G
82 283 2 G
82 289 2 G
82 339 2 G
84 208 7 G
85 111 7 G
87 315 7 G
88 170 2 G
89 183 5 G
89 301 1 G
90 119 2 G
91 270 3 G
92 174 6 G
93 206 6 G
94 209 6 G
95 213 3 G
95 218 5 G
95 253 3 G
96 157 5 G
97 129 5 G
97 146 5 G
97 197 7 G
97 312 4 G
98 270 5 G
99 161 4 G
100 238 4 G
101 179 2 G
101 341 6 G
102 199 2 G
103 188 7 G
104 130 5 G
105 291 4 G
106 138 6 G
107 266 3 G
107 303 4 G
108 271 5 G
109 194 2 G
109 341 2 G
111 147 7 G
111 242 2 G
111 276 7 G
112 206 6 G
113 214 7 G
113 236 3 G
113 281 5 G
114 284 1 G
114 326 6 G
114 328 7 G
115 301 1 G
116 214 7 G
116 226 2 G
117 120 5 G
121 157 5 G
122 245 6 G
123 135 4 G
123 159 6 G
123 240 4 G
123 270 5 G
123 338 3 G
124 316 3 G
126 131 1 G
127 321 6 G
128 151 3 G
128 158 4 G
128 192 1 G
128 288 5 G
129 188 5 G
130 274 5 G
130 293 4 G
131 142 1 G
131 320 5 G
132 321 7 G
134 159 4 G
134 161 1 G
136 196 6 G
139 174 4 G
141 179 6 G
142 152 4 G
142 162 4 G
142 173 1 G
142 193 6 G
143 149 3 G
143 196 3 G
143 257 6 G
144 174 6 G
146 159 5 G
146 231 3 G
146 246 5 G
146 248 4 G
150 333 7 G
152 242 7 G
152 274 6 G
152 324 6 G
152 337 6 G
154 249 1 G
155 216 3 G
155 271 7 G
156 271 7 G
157 166 1 G
157 221 7 G
157 280 4 G
160 281 3 G
161 282 1 G
162 340 2 G
163 314 7 G
163 324 2 G
163 336 7 G
164 269 1 G
165 301 6 G
167 221 6 G
170 194 1 G
172 223 6 G
172 300 7 G
172 311 1 G
173 201 6 G
174 274 6 G
175 214 4 G
176 257 2 G
177 307 3 G
180 343 6 G
181 258 6 G
182 267 7 G
184 231 1 G
185 233 3 G
187 281 2 G
187 309 2 G
190 221 3 G
190 274 2 G
193 215 2 G
193 260 4 G
193 310 6 G
194 255 7 G
194 272 2 G
196 200 4 G
198 320 4 G
199 343 4 G
202 327 4 G
203 214 2 G
204 225 3 G
204 305 5 G
205 255 4 G
206 209 4 G
206 235 7 G
206 250 6 G
206 327 5 G
208 234 6 G
208 278 6 G
210 336 5 G
211 271 1 G
212 305 1 G
219 254 2 G
221 243 1 G
221 292 5 G
222 233 2 G
222 337 1 G
223 297 4 G
228 259 4 G
228 281 7 G
236 249 5 G
237 324 1 G
238 271 3 G
239 256 2 G
240 316 5 G
243 268 6 G
244 257 3 G
244 298 7 G
245 274 5 G
246 290 2 G
246 305 6 G
251 309 3 G
252 258 2 G
256 308 6 G
257 262 4 G
257 291 7 G
260 306 7 G
264 339 6 G
267 341 4 G
270 279 3 G
270 330 2 G
273 316 1 G
286 342 2 G
291 321 5 G
295 339 4 G
314 333 5 G
323 331 6 G
331 336 6 G
1 329 16807 B
2 183 6 B
3 225 7 B
4 26 1 B
4 248 5 B
4 282 5 B
5 235 3 B
6 42 7 B
6 302 4 B
7 117 1 B
8 216 3 B
9 150 4 B
9 181 7 B
9 290 1 B
9 308 7 B
10 63 6 B
10 257 1 B
11 336 3 B
12 290 1 B
13 84 3 B
13 256 5 B
13 279 3 B
14 290 6 B
15 38 1 B
15 77 5 B
15 265 4 B
16 223 1 B
16 241 1 B
16 245 3 B
16 267 4 B
16 291 4 B
17 240 3 B
18 130 4 B
18 165 4 B
18 341 2 B
19 29 6 B
20 141 3 B
21 60 1 B
21 285 7 B
22 200 5 B
23 53 1 B
23 64 4 B
23 249 6 B
23 293 3 B
24 64 2 B
24 130 1 B
24 138 1 B
24 153 7 B
24 210 2 B
25 235 5 B
26 111 6 B
26 161 2 B
26 271 6 B
27 134 4 B
27 136 5 B
27 148 3 B
27 288 2 B
27 298 6 B
28 48 6 B
28 75 4 B
28 171 7 B
28 225 1 B
29 138 3 B
29 287 4 B
30 217 3 B
31 179 1 B
31 284 1 B
31 310 5 B
32 70 1 B
32 192 6 B
32 222 2 B
33 36 3 B
33 288 7 B
34 183 4 B
35 218 1 B
37 304 1 B
38 201 7 B
39 158 2 B
40 319 7 B
41 48 1 B
43 114 3 B
43 179 1 B
43 220 7 B
44 197 4 B
44 224 6 B
44 331 2 B
45 97 6 B
45 298 4 B
46 134 5 B
47 301 3 B
49 79 5 B
50 118 7 B
51 104 7 B
51 221 4 B
51 316 4 B
52 78 3 B
52 116 2 B
54 298 4 B
55 283 5 B
56 57 2 B
56 225 1 B
56 234 1 B
56 254 3 B
57 76 2 B
58 287 5 B
59 66 1 B
59 151 7 B
61 335 7 B
62 190 2 B
63 77 5 B
64 95 7 B
64 102 3 B
64 129 1 B
64 278 5 B
64 325 5 B
65 328 6 B
66 321 4 B
67 109 3 B
67 217 7 B
67 328 1 B
68 170 7 B
69 308 1 B
70 142 2 B
71 145 3 B
72 144 6 B
72 269 3 B
72 271 7 B
73 195 7 B
73 330 7 B
74 131 5 B
75 211 2 B
75 216 3 B
75 262 5 B
77 79 3 B
77 129 6 B
77 168 5 B
80 229 4 B
80 300 3 B
81 298 2 B
82 266 4 B
83 290 3 B
84 123 4 B
85 238 7 B
86 142 3 B
87 166 1 B
87 266 2 B
88 108 7 B
88 328 2 B
89 239 6 B
89 289 1 B
90 221 1 B
90 233 5 B
91 245 4 B
92 191 3 B
92 243 3 B
93 179 7 B
93 335 5 B
94 129 4 B
94 275 3 B
95 242 7 B
96 231 1 B
97 135 4 B
97 327 1 B
98 162 2 B
98 261 6 B
99 340 2 B
100 119 4 B
100 172 3 B
101 121 3 B
103 258 1 B
103 291 2 B
105 238 1 B
106 247 7 B
107 121 3 B
109 147 5 B
110 343 6 B
112 113 6 B
113 142 5 B
113 179 7 B
114 125 1 B
114 292 5 B
115 143 2 B
116 179 7 B
116 320 1 B
117 308 7 B
118 161 6 B
119 328 6 B
120 193 3 B
121 175 6 B
121 312 5 B
122 197 1 B
124 299 3 B
125 127 5 B
126 253 3 B
128 215 5 B
129 152 2 B
130 140 3 B
130 247 6 B
130 299 3 B
131 132 3 B
131 185 4 B
131 290 2 B
133 323 5 B
135 137 4 B
138 188 3 B
138 240 3 B
138 300 7 B
138 311 5 B
139 274 1 B
141 164 5 B
141 186 7 B
141 232 5 B
141 235 5 B
141 328 1 B
143 146 6 B
143 225 2 B
143 259 5 B
143 326 5 B
144 297 5 B
145 300 1 B
145 343 5 B
149 156 4 B
149 190 7 B
151 322 2 B
154 199 1 B
154 205 5 B
154 317 6 B
155 182 4 B
155 186 1 B
155 266 4 B
156 200 4 B
157 203 4 B
157 277 7 B
158 176 7 B
158 295 3 B
159 222 6 B
160 320 5 B
161 179 4 B
161 198 3 B
161 200 5 B
161 264 4 B
161 294 3 B
161 298 7 B
163 182 1 B
164 178 6 B
164 285 4 B
164 342 6 B
165 253 2 B
166 196 5 B
167 177 1 B
167 314 6 B
169 263 1 B
170 302 6 B
173 229 1 B
174 200 1 B
174 270 2 B
176 252 6 B
179 205 3 B
179 263 3 B
179 268 2 B
179 301 1 B
179 302 7 B
180 202 1 B
180 271 6 B
183 228 4 B
183 268 1 B
183 281 5 B
184 254 5 B
187 331 6 B
188 239 1 B
189 225 7 B
189 273 4 B
189 332 5 B
191 330 7 B
193 206 7 B
193 286 5 B
193 314 2 B
193 330 3 B
194 299 3 B
194 330 6 B
197 320 5 B
198 203 5 B
200 323 5 B
201 230 6 B
204 341 2 B
205 214 6 B
207 249 1 B
208 342 7 B
209 336 2 B
212 221 3 B
213 225 2 B
215 242 6 B
218 291 3 B
218 336 4 B
219 320 4 B
221 272 6 B
221 283 3 B
221 293 4 B
223 340 3 B
225 226 6 B
225 237 4 B
225 268 7 B
227 249 6 B
231 241 3 B
236 289 5 B
238 330 2 B
239 246 7 B
241 255 4 B
244 290 6 B
250 288 5 B
251 292 4 B
251 307 1 B
251 333 7 B
252 299 3 B
255 268 7 B
260 333 2 B
261 330 2 B
265 329 5 B
268 328 4 B
274 290 4 B
276 324 2 B
276 328 1 B
279 298 3 B
280 323 6 B
283 305 6 B
290 302 5 B
290 303 7 B
290 313 4 B
293 338 1 B
296 308 4 B
299 328 3 B
300 315 3 B
300 318 5 B
301 312 4 B
301 321 7 B
304 319 3 B
304 328 1 B
306 320 2 B
309 316 5 B
317 337 7 B
323 334 2 B
339 343 4 B
1 225 16807 I
2 292 2 I
3 60 2 I
4 12 7 I
4 302 1 I
4 328 1 I
5 102 5 I
6 13 3 I
6 19 5 I
7 123 4 I
7 283 1 I
7 318 4 I
8 290 2 I
9 157 6 I
9 160 7 I
9 197 6 I
9 265 1 I
10 295 2 I
11 122 4 I
13 260 5 I
14 174 1 I
14 211 4 I
14 223 2 I
14 259 5 I
15 89 2 I
15 96 6 I
15 321 2 I
16 150 4 I
16 203 1 I
17 149 6 I
17 316 7 I
18 208 4 I
18 233 7 I
18 237 2 I
18 277 4 I
19 324 3 I
20 40 3 I
20 139 5 I
20 199 2 I
21 149 4 I
22 240 3 I
23 31 1 I
24 149 6 I
25 29 2 I
25 70 4 I
25 250 4 I
26 66 5 I
26 197 3 I
26 252 2 I
27 46 2 I
27 50 4 I
27 159 3 I
28 142 7 I
28 165 2 I
28 216 2 I
30 61 7 I
31 76 5 I
32 273 2 I
33 277 1 I
33 289 6 I
34 146 4 I
34 264 6 I
34 267 2 I
34 271 7 I
34 330 5 I
35 110 2 I
36 87 7 I
36 214 4 I
37 83 6 I
37 85 1 I
37 161 1 I
38 258 5 I
39 148 1 I
39 307 1 I
40 154 5 I
41 68 4 I
41 189 4 I
41 302 2 I
42 71 4 I
43 176 1 I
44 204 7 I
45 285 3 I
46 301 5 I
46 318 4 I
47 105 5 I
47 320 2 I
48 256 3 I
49 221 4 I
49 224 4 I
49 278 6 I
50 188 7 I
51 318 4 I
52 82 4 I
53 228 3 I
54 69 3 I
54 116 1 I
54 142 5 I
54 177 5 I
55 152 6 I
55 225 3 I
56 76 1 I
57 317 6 I
58 296 5 I
58 317 5 I
59 61 4 I
59 185 3 I
59 332 2 I
60 310 3 I
61 105 4 I
61 309 5 I
62 125 1 I
63 139 1 I
64 330 6 I
65 73 1 I
65 308 3 I
65 327 2 I
66 192 4 I
67 232 5 I
68 239 5 I
68 256 1 I
68 315 7 I
69 96 1 I
69 153 3 I
69 203 3 I
69 260 1 I
69 303 4 I
71 256 3 I
71 266 3 I
72 228 3 I
74 153 5 I
74 194 3 I
75 114 4 I
76 94 3 I
77 272 5 I
78 132 7 I
79 291 7 I
80 342 1 I
81 103 4 I
81 126 3 I
81 246 4 I
82 84 2 I
82 182 1 I
82 333 3 I
84 108 2 I
84 124 4 I
84 125 3 I
85 209 2 I
85 332 1 I
86 191 5 I
86 234 4 I
86 252 1 I
87 132 5 I
88 285 1 I
90 200 4 I
90 261 3 I
91 129 2 I
92 108 5 I
93 96 5 I
93 292 7 I
94 137 3 I
94 177 1 I
94 212 1 I
94 258 5 I
95 237 1 I
95 305 3 I
96 125 6 I
96 170 2 I
96 173 4 I
96 267 2 I
96 326 6 I
97 117 5 I
98 219 7 I
99 323 1 I
100 159 1 I
101 229 7 I
102 241 3 I
102 242 2 I
102 294 6 I
102 331 6 I
103 300 7 I
103 336 4 I
104 256 3 I
105 115 3 I
105 141 5 I
105 142 6 I
105 176 6 I
105 196 4 I
105 219 5 I
106 232 2 I
106 318 6 I
107 158 7 I
107 306 3 I
108 127 5 I
108 231 5 I
109 236 7 I
110 142 2 I
111 153 4 I
112 265 5 I
113 241 1 I
114 133 3 I
114 261 5 I
115 178 2 I
117 244 3 I
118 236 6 I
119 171 4 I
119 257 5 I
120 260 2 I
121 142 7 I
121 207 6 I
121 296 3 I
121 313 7 I
122 199 1 I
123 323 1 I
128 276 3 I
128 313 4 I
129 168 1 I
129 224 7 I
130 153 4 I
131 267 4 I
132 267 4 I
134 141 4 I
135 279 4 I
136 230 2 I
138 296 3 I
139 235 4 I
139 310 6 I
140 260 1 I
141 274 4 I
141 340 3 I
142 168 6 I
142 222 3 I
142 252 7 I
142 255 4 I
142 335 2 I
143 167 1 I
144 201 6 I
145 163 7 I
145 329 3 I
147 302 2 I
148 287 1 I
148 303 7 I
148 334 7 I
148 342 2 I
149 300 7 I
151 338 1 I
152 275 7 I
155 292 2 I
156 291 6 I
158 226 4 I
158 267 3 I
162 167 1 I
162 256 3 I
163 243 6 I
163 259 5 I
163 295 2 I
164 301 1 I
165 254 2 I
165 285 1 I
166 256 1 I
166 304 3 I
167 322 4 I
168 193 5 I
168 281 5 I
168 302 6 I
169 181 7 I
169 259 6 I
170 273 6 I
172 332 7 I
175 250 7 I
177 237 7 I
177 259 4 I
177 268 2 I
177 299 4 I
177 318 2 I
179 299 4 I
180 270 3 I
183 251 4 I
183 317 7 I
184 233 2 I
186 187 6 I
187 204 5 I
187 225 6 I
190 198 7 I
190 253 6 I
191 198 7 I
195 246 7 I
196 225 2 I
196 272 3 I
197 250 4 I
199 236 5 I
199 297 3 I
201 300 1 I
202 285 3 I
205 318 4 I
206 262 3 I
206 286 5 I
210 269 6 I
213 273 4 I
215 318 3 I
217 285 3 I
218 311 7 I
220 224 2 I
225 300 4 I
227 250 7 I
227 262 5 I
228 263 6 I
229 300 4 I
230 231 7 I
233 337 5 I
235 260 3 I
236 238 7 I
237 290 1 I
238 312 5 I
240 331 1 I
242 298 7 I
243 341 2 I
244 336 2 I
245 342 5 I
247 285 2 I
247 319 4 I
248 265 6 I
249 307 4 I
252 331 2 I
254 325 5 I
257 296 7 I
261 303 6 I
263 279 1 I
263 302 2 I
267 308 5 I
269 281 7 I
270 342 6 I
270 343 5 I
271 288 4 I
276 284 4 I
280 288 2 I
281 339 6 I
282 309 4 I
291 300 2 I
293 308 2 I
309 338 2 I
311 340 7 I
313 314 5 I
1 33 16807 V
2 28 7 V
2 197 6 V
2 227 7 V
2 283 7 V
2 291 6 V
3 50 4 V
4 11 6 V
4 230 7 V
4 242 7 V
4 274 1 V
4 325 3 V
5 121 6 V
6 94 2 V
7 137 4 V
7 194 1 V
8 109 5 V
8 190 2 V
9 152 3 V
9 312 5 V
10 98 7 V
12 34 7 V
12 59 6 V
12 67 5 V
12 222 6 V
13 274 3 V
14 150 2 V
14 295 2 V
15 190 6 V
16 124 1 V
16 285 5 V
16 320 4 V
17 182 7 V
17 330 5 V
18 290 5 V
19 138 3 V
19 146 1 V
19 197 4 V
20 81 5 V
21 55 6 V
22 222 2 V
23 134 4 V
24 123 6 V
25 72 7 V
26 288 4 V
27 198 5 V
29 63 6 V
29 71 6 V
29 155 7 V
29 173 3 V
29 183 5 V
29 217 3 V
29 220 4 V
30 177 2 V
31 66 6 V
31 88 6 V
32 40 6 V
32 171 2 V
32 230 4 V
33 132 3 V
34 64 6 V
35 47 2 V
35 94 6 V
35 297 5 V
36 222 6 V
37 188 1 V
38 254 4 V
39 87 7 V
39 111 3 V
40 240 6 V
41 93 3 V
41 206 2 V
41 215 1 V
42 82 2 V
43 72 3 V
43 91 5 V
43 247 3 V
43 319 1 V
44 155 1 V
45 56 4 V
46 86 2 V
48 141 7 V
48 261 6 V
49 107 5 V
50 134 2 V
50 169 7 V
50 170 7 V
50 288 4 V
51 140 1 V
52 93 1 V
53 79 4 V
53 226 1 V
53 331 5 V
54 201 2 V
54 244 5 V
55 124 2 V
56 192 7 V
56 335 5 V
57 71 1 V
58 85 7 V
59 296 1 V
60 83 4 V
61 152 5 V
62 164 5 V
62 322 5 V
64 140 2 V
64 251 5 V
65 168 5 V
66 91 6 V
66 99 2 V
66 190 7 V
66 337 6 V
67 197 6 V
67 225 5 V
67 294 1 V
68 304 3 V
69 171 3 V
69 246 1 V
69 343 3 V
70 143 7 V
70 226 3 V
71 168 5 V
71 284 6 V
73 261 3 V
74 175 5 V
75 177 2 V
76 154 6 V
76 219 7 V
77 124 3 V
78 237 5 V
78 283 6 V
79 97 2 V
79 99 2 V
79 192 1 V
79 197 1 V
79 198 6 V
80 339 7 V
81 177 6 V
82 96 5 V
82 322 5 V
83 259 1 V
83 313 6 V
84 249 4 V
85 274 6 V
85 292 7 V
85 310 5 V
86 148 1 V
89 168 5 V
89 200 6 V
89 213 5 V
90 128 5 V
90 223 6 V
90 337 6 V
92 301 1 V
95 168 4 V
97 126 1 V
98 283 5 V
99 253 1 V
100 103 3 V
101 120 3 V
102 138 3 V
102 232 7 V
103 173 1 V
104 219 7 V
105 110 6 V
105 303 1 V
106 328 4 V
107 259 5 V
108 193 5 V
109 119 6 V
110 339 4 V
111 318 6 V
112 196 1 V
112 241 6 V
112 308 6 V
113 180 1 V
114 122 4 V
115 155 4 V
115 235 4 V
116 225 7 V
117 197 7 V
117 305 1 V
118 311 2 V
120 157 4 V
121 130 7 V
121 242 5 V
122 150 4 V
122 256 5 V
123 231 5 V
124 234 6 V
124 293 2 V
125 131 3 V
125 189 6 V
127 156 1 V
127 188 1 V
127 299 3 V
127 328 6 V
129 134 5 V
129 175 4 V
129 255 1 V
132 246 6 V
132 314 2 V
133 218 1 V
133 341 1 V
134 166 3 V
134 221 5 V
135 190 2 V
136 284 4 V
136 330 1 V
138 259 3 V
138 333 3 V
139 228 3 V
139 230 3 V
140 159 3 V
140 329 2 V
141 195 2 V
141 281 2 V
141 322 5 V
142 269 6 V
142 306 4 V
144 192 3 V
145 168 4 V
146 300 2 V
147 221 5 V
148 171 7 V
149 236 3 V
150 210 3 V
151 254 7 V
153 195 7 V
153 332 2 V
154 342 7 V
155 197 1 V
155 242 5 V
155 262 1 V
155 288 6 V
157 187 4 V
157 190 7 V
158 203 2 V
158 205 2 V
160 265 6 V
161 288 2 V
162 294 1 V
163 222 4 V
164 203 4 V
164 325 6 V
165 339 7 V
167 320 4 V
168 290 3 V
170 177 4 V
170 189 6 V
170 238 4 V
170 306 6 V
171 180 2 V
172 253 3 V
173 257 3 V
173 266 2 V
173 318 5 V
174 197 2 V
176 265 6 V
177 218 2 V
178 222 4 V
179 190 1 V
179 273 5 V
181 216 3 V
182 271 7 V
184 222 7 V
185 187 4 V
186 298 1 V
187 317 1 V
189 243 3 V
189 293 7 V
190 208 1 V
191 259 4 V
192 236 4 V
192 270 5 V
193 202 4 V
193 218 2 V
194 281 2 V
197 241 7 V
197 244 5 V
197 254 7 V
197 279 1 V
197 327 3 V
199 203 2 V
199 280 1 V
199 338 6 V
204 272 2 V
204 316 7 V
206 208 6 V
207 313 1 V
208 229 5 V
209 283 4 V
209 323 2 V
210 239 6 V
210 275 4 V
211 248 1 V
211 311 2 V
212 297 4 V
213 289 7 V
214 246 6 V
216 255 5 V
218 340 1 V
219 334 1 V
220 309 5 V
221 268 5 V
224 330 5 V
226 258 4 V
231 323 4 V
233 267 7 V
237 252 3 V
241 267 3 V
241 295 2 V
242 342 6 V
244 265 4 V
245 333 5 V
249 331 6 V
250 326 7 V
254 282 3 V
260 265 5 V
263 269 7 V
264 286 6 V
264 288 1 V
267 278 2 V
272 283 5 V
276 282 7 V
277 286 1 V
279 324 4 V
287 337 7 V
288 301 3 V
288 312 7 V
289 307 1 V
289 326 1 V
297 301 7 V
298 338 5 V
299 325 2 V
302 322 5 V
304 318 5 V
309 336 4 V
311 322 6 V
315 325 4 V
319 321 6 V
322 339 2 V
