343 2394
1 289 16807 R
2 66 3 R
2 249 5 R
3 209 4 R
4 158 4 R
5 87 2 R
6 255 3 R
7 306 7 R
8 81 7 R
8 138 3 R
8 304 6 R
9 176 1 R
9 266 6 R
9 288 5 R
9 334 3 R
10 128 4 R
10 231 2 R
11 66 2 R
12 34 1 R
12 178 3 R
12 274 7 R
13 264 2 R
14 287 5 R
15 199 5 R
16 214 7 R
17 69 2 R
18 68 1 R
19 190 1 R
20 57 7 R
20 109 2 R
20 166 5 R
21 227 1 R
21 245 3 R
22 34 2 R
23 233 1 R
24 187 2 R
24 188 7 R
24 212 1 R
25 95 1 R
25 267 2 R
26 208 6 R
26 224 1 R
27 175 6 R
27 233 5 R
28 74 2 R
29 269 1 R
29 281 6 R
30 37 7 R
30 110 2 R
30 332 7 R
31 94 3 R
31 233 4 R
32 217 6 R
33 111 2 R
33 132 1 R
33 277 1 R
33 293 2 R
35 105 3 R
36 102 5 R
36 257 6 R
37 95 5 R
38 211 7 R
38 310 1 R
39 282 7 R
40 43 6 R
41 139 5 R
42 246 1 R
43 226 1 R
43 263 4 R
43 336 7 R
44 152 3 R
45 221 6 R
45 313 6 R
46 115 6 R
47 243 7 R
48 129 2 R
48 133 1 R
48 186 7 R
48 255 3 R
48 281 2 R
48 340 6 R
49 206 7 R
50 136 5 R
50 249 3 R
51 136 6 R
51 342 6 R
52 55 1 R
52 105 1 R
53 168 4 R
53 180 3 R
54 111 6 R
56 237 2 R
57 118 5 R
58 188 2 R
59 231 4 R
60 200 5 R
61 286 5 R
61 325 3 R
62 65 7 R
63 248 7 R
64 144 1 R
65 171 5 R
65 229 7 R
65 338 1 R
67 289 5 R
68 125 6 R
68 290 6 R
68 320 2 R
69 203 3 R
69 326 6 R
69 338 6 R
70 303 2 R
71 133 4 R
71 220 3 R
72 232 7 R
73 140 2 R
73 214 3 R
74 116 2 R
74 201 7 R
75 77 7 R
75 101 2 R
75 103 4 R
76 95 2 R
76 232 7 R
77 294 7 R
78 124 6 R
79 165 4 R
79 227 6 R
79 319 5 R
80 144 6 R
80 162 5 R
80 193 6 R
82 338 1 R
83 109 1 R
84 102 2 R
84 288 7 R
84 306 5 R
84 341 4 R
85 325 4 R
86 231 7 R
87 127 7 R
87 219 4 R
87 272 1 R
88 105 2 R
89 188 6 R
90 200 3 R
90 218 2 R
91 108 6 R
92 149 7 R
93 115 5 R
93 128 3 R
93 262 6 R
93 331 3 R
95 105 7 R
95 136 5 R
95 139 5 R
95 204 2 R
95 233 2 R
96 278 4 R
97 269 4 R
98 114 6 R
98 149 2 R
99 268 6 R
100 341 5 R
101 338 2 R
102 111 3 R
102 240 3 R
102 285 5 R
102 311 7 R
104 157 3 R
105 188 4 R
105 287 6 R
105 333 6 R
105 338 6 R
106 183 3 R
106 276 5 R
107 208 1 R
107 317 2 R
108 247 1 R
109 146 4 R
109 188 6 R
109 265 7 R
110 271 3 R
110 325 5 R
111 137 1 R
111 138 3 R
112 205 4 R
112 285 5 R
113 173 6 R
113 243 3 R
115 189 7 R
117 197 2 R
117 341 4 R
119 181 3 R
119 238 6 R
120 243 1 R
120 258 4 R
120 338 1 R
120 340 5 R
121 327 2 R
121 333 7 R
122 167 1 R
122 174 1 R
122 228 4 R
123 276 6 R
124 133 7 R
124 270 3 R
125 178 7 R
125 188 1 R
125 260 5 R
126 153 7 R
130 233 4 R
131 260 5 R
132 343 4 R
133 237 5 R
133 244 5 R
134 159 3 R
135 288 2 R
136 150 7 R
136 194 5 R
136 317 3 R
137 148 2 R
138 172 6 R
138 211 3 R
138 283 1 R
139 159 3 R
139 184 1 R
139 236 6 R
140 254 7 R
141 283 7 R
142 315 3 R
143 341 6 R
145 203 2 R
146 222 6 R
146 259 2 R
147 233 7 R
149 338 3 R
151 328 1 R
152 213 6 R
152 256 2 R
152 285 2 R
153 154 4 R
154 160 3 R
155 198 6 R
155 337 4 R
156 267 2 R
157 329 1 R
158 162 5 R
159 162 2 R
160 276 5 R
161 210 1 R
161 335 5 R
162 207 6 R
162 298 3 R
162 303 4 R
163 317 3 R
164 182 7 R
165 268 5 R
165 284 6 R
169 323 4 R
169 328 2 R
170 219 1 R
170 230 3 R
174 214 5 R
174 337 3 R
176 330 4 R
177 311 5 R
179 243 4 R
180 243 2 R
181 300 1 R
182 340 4 R
185 294 6 R
186 239 5 R
187 214 7 R
189 234 2 R
189 278 6 R
189 338 5 R
190 250 4 R
190 340 3 R
191 308 1 R
192 277 4 R
195 340 7 R
196 206 4 R
196 271 5 R
199 216 5 R
199 321 2 R
200 280 7 R
200 285 3 R
201 204 6 R
201 324 6 R
202 261 7 R
204 261 6 R
209 288 7 R
212 301 3 R
213 282 6 R
214 295 4 R
215 328 6 R
216 247 3 R
216 328 6 R
217 218 7 R
219 283 3 R
223 238 6 R
223 248 5 R
225 283 7 R
227 296 1 R
235 313 6 R
237 297 7 R
238 317 7 R
241 335 1 R
242 302 3 R
246 282 3 R
251 258 3 R
252 309 2 R
253 285 1 R
255 307 3 R
255 308 3 R
256 313 6 R
261 279 5 R
264 273 5 R
267 289 3 R
271 309 4 R
273 283 2 R
275 315 2 R
276 340 3 R
277 312 4 R
278 341 2 R
282 322 6 R
285 318 3 R
286 339 5 R
291 307 6 R
292 318 5 R
296 302 2 R
296 333 6 R
299 322 5 R
303 314 5 R
305 329 7 R
315 333 3 R
316 317 2 R
318 329 2 R
328 336 4 R
328 341 1 R
335 338 6 R
1 70 16807 O
2 169 4 O
2 230 4 O
3 268 5 O
4 154 1 O
5 93 3 O
5 218 3 O
6 44 5 O
6 88 6 O
7 285 6 O
8 113 5 O
8 308 2 O
9 86 7 O
10 144 3 O
11 323 3 O
12 250 3 O
13 232 2 O
14 317 6 O
15 98 6 O
15 170 2 O
15 211 6 O
15 218 4 O
16 108 5 O
17 59 4 O
17 162 5 O
17 262 2 O
18 203 2 O
18 293 1 O
19 214 6 O
19 258 3 O
19 281 6 O
20 34 2 O
20 75 4 O
20 181 5 O
20 233 4 O
20 316 1 O
21 236 2 O
22 155 4 O
22 158 2 O
22 194 4 O
23 229 3 O
24 138 6 O
24 241 2 O
25 74 3 O
25 108 6 O
25 119 4 O
25 143 2 O
25 303 4 O
25 311 2 O
26 128 7 O
27 94 6 O
27 106 1 O
28 88 2 O
29 182 4 O
29 306 4 O
29 319 6 O
30 220 2 O
31 242 1 O
32 192 3 O
33 138 5 O
35 179 3 O
36 319 7 O
37 82 3 O
37 112 2 O
38 127 5 O
38 247 3 O
39 43 5 O
39 98 5 O
39 288 2 O
40 118 4 O
40 183 5 O
40 268 5 O
40 323 7 O
41 124 4 O
42 51 6 O
45 292 3 O
46 112 7 O
46 269 5 O
47 87 5 O
47 199 3 O
47 262 1 O
47 296 4 O
48 230 5 O
49 208 1 O
50 234 2 O
51 237 5 O
51 307 6 O
52 247 5 O
53 61 4 O
53 79 4 O
53 80 7 O
53 127 1 O
53 206 6 O
53 268 7 O
53 326 6 O
54 199 7 O
54 209 5 O
55 292 5 O
55 299 3 O
56 215 1 O
57 63 6 O
57 127 5 O
57 148 1 O
58 256 4 O
59 78 7 O
60 79 4 O
60 116 3 O
60 142 5 O
60 170 6 O
61 305 7 O
61 329 3 O
61 336 2 O
62 218 3 O
62 223 6 O
62 267 2 O
63 97 5 O
63 249 5 O
63 279 7 O
64 98 7 O
64 213 7 O
64 342 4 O
65 172 4 O
65 262 4 O
66 91 2 O
66 154 1 O
66 335 6 O
67 234 6 O
68 208 2 O
69 83 5 O
69 154 3 O
69 161 2 O
70 194 2 O
71 286 1 O
71 294 5 O
71 305 4 O
72 333 6 O
73 147 2 O
73 261 7 O
76 263 2 O
77 220 6 O
77 298 5 O
78 171 7 O
79 108 3 O
79 137 3 O
80 84 1 O
80 114 7 O
80 115 1 O
80 134 5 O
80 262 2 O
80 271 2 O
80 275 7 O
81 216 2 O
82 274 4 O
83 117 5 O
84 190 7 O
84 215 3 O
85 125 3 O
85 305 7 O
86 137 1 O
86 164 6 O
86 205 4 O
86 225 7 O
86 298 2 O
87 186 4 O
87 208 1 O
88 154 5 O
89 230 4 O
89 320 6 O
90 307 6 O
92 151 6 O
92 244 6 O
92 330 6 O
93 156 3 O
93 189 6 O
93 310 6 O
94 214 1 O
94 302 7 O
95 96 3 O
96 264 6 O
96 290 6 O
96 326 4 O
98 227 4 O
98 312 3 O
99 150 3 O
99 154 5 O
100 162 5 O
101 151 2 O
102 184 4 O
103 108 4 O
104 188 2 O
105 314 6 O
107 155 5 O
107 304 3 O
108 122 2 O
108 133 7 O
108 200 3 O
109 197 7 O
110 165 2 O
111 127 7 O
112 135 2 O
112 206 6 O
112 257 6 O
119 277 5 O
120 166 5 O
121 139 3 O
122 244 6 O
122 284 4 O
123 298 2 O
123 313 5 O
124 154 5 O
124 160 5 O
124 168 7 O
126 127 4 O
126 282 3 O
127 250 7 O
128 326 2 O
129 130 5 O
129 341 7 O
130 170 6 O
130 192 2 O
130 260 2 O
131 149 7 O
131 331 5 O
132 142 4 O
133 315 2 O
135 173 7 O
135 202 3 O
136 296 5 O
137 165 1 O
137 185 3 O
137 234 1 O
138 272 1 O
138 303 3 O
139 157 2 O
140 141 1 O
141 296 7 O
142 238 3 O
143 339 7 O
144 199 5 O
144 340 6 O
145 212 4 O
146 193 7 O
147 154 1 O
148 301 2 O
149 329 1 O
152 336 6 O
153 230 3 O
154 326 2 O
155 268 3 O
156 287 2 O
156 334 3 O
157 314 7 O
159 317 7 O
161 176 7 O
161 259 1 O
162 332 3 O
163 170 6 O
166 206 1 O
166 295 6 O
167 173 5 O
170 216 7 O
174 323 7 O
175 313 1 O
176 318 6 O
177 249 5 O
178 256 1 O
179 247 6 O
180 274 7 O
181 280 1 O
184 316 2 O
187 305 2 O
188 303 2 O
189 270 6 O
191 250 6 O
193 323 5 O
194 219 1 O
195 230 3 O
195 242 6 O
196 230 7 O
197 302 1 O
198 302 3 O
199 314 3 O
200 273 3 O
201 281 4 O
203 268 7 O
204 326 5 O
207 231 5 O
210 313 4 O
212 236 5 O
212 309 4 O
212 317 1 O
212 326 5 O
214 266 2 O
214 285 2 O
214 316 5 O
215 251 4 O
215 263 5 O
216 248 4 O
217 303 3 O
218 316 7 O
220 254 7 O
221 326 6 O
222 268 3 O
224 228 7 O
226 331 2 O
227 322 3 O
228 307 7 O
228 326 2 O
229 293 7 O
230 316 4 O
231 311 2 O
232 311 2 O
233 278 6 O
233 324 7 O
235 317 2 O
239 323 3 O
240 258 6 O
243 253 1 O
243 302 6 O
245 272 3 O
246 319 3 O
249 276 4 O
250 289 6 O
252 303 2 O
255 282 6 O
256 298 2 O
257 319 5 O
257 338 1 O
259 283 3 O
259 297 2 O
264 308 1 O
265 292 7 O
266 325 6 O
291 292 4 O
292 303 1 O
300 306 4 O
302 327 4 O
307 328 2 O
314 337 3 O
321 341 1 O
323 333 2 O
339 343 4 O
1 27 16807 Y
2 11 3 Y
2 180 1 Y
2 332 5 Y
3 314 5 Y
4 210 3 Y
4 262 3 Y
5 281 4 Y
5 311 6 Y
6 118 5 Y
6 127 5 Y
7 121 7 Y
7 152 6 Y
8 130 1 Y
9 193 2 Y
9 213 6 Y
10 21 4 Y
11 82 3 Y
12 307 3 Y
12 311 1 Y
13 234 3 Y
14 97 5 Y
15 120 1 Y
15 163 7 Y
16 69 5 Y
17 60 7 Y
18 170 6 Y
19 81 3 Y
19 157 4 Y
20 124 2 Y
20 125 5 Y
21 80 3 Y
21 309 1 Y
22 273 7 Y
22 287 2 Y
23 203 7 Y
24 126 2 Y
24 173 1 Y
25 283 1 Y
26 87 5 Y
26 312 1 Y
27 339 1 Y
28 84 7 Y
29 59 4 Y
30 158 1 Y
31 138 5 Y
31 260 1 Y
32 157 7 Y
33 66 5 Y
34 183 3 Y
34 332 6 Y
35 210 6 Y
36 147 3 Y
37 228 6 Y
38 50 3 Y
38 194 1 Y
39 314 6 Y
40 264 2 Y
41 320 1 Y
42 299 1 Y
43 149 5 Y
43 333 7 Y
44 199 1 Y
45 60 7 Y
45 138 2 Y
45 160 5 Y
45 175 7 Y
45 182 3 Y
45 337 5 Y
45 342 2 Y
46 94 2 Y
47 219 3 Y
48 69 6 Y
48 140 1 Y
49 138 6 Y
49 231 4 Y
51 168 4 Y
51 232 3 Y
52 79 5 Y
53 165 3 Y
54 206 1 Y
54 278 5 Y
54 324 3 Y
55 188 4 Y
55 250 7 Y
55 343 6 Y
56 101 1 Y
56 244 7 Y
56 323 5 Y
57 59 7 Y
57 328 7 Y
58 215 5 Y
59 96 7 Y
60 77 6 Y
60 113 4 Y
60 178 5 Y
60 289 7 Y
60 324 2 Y
60 341 5 Y
61 200 3 Y
61 220 7 Y
61 293 6 Y
61 319 4 Y
62 199 4 Y
62 226 3 Y
62 269 5 Y
63 197 2 Y
63 311 7 Y
64 275 3 Y
65 80 5 Y
65 98 3 Y
65 164 3 Y
65 195 5 Y
66 168 2 Y
66 238 5 Y
67 137 4 Y
68 99 2 Y
68 233 3 Y
69 116 3 Y
69 122 6 Y
69 125 5 Y
69 151 1 Y
69 237 5 Y
70 134 6 Y
71 261 7 Y
72 298 5 Y
73 144 3 Y
73 195 7 Y
73 267 7 Y
73 289 5 Y
74 194 1 Y
75 279 6 Y
76 306 6 Y
76 320 2 Y
78 93 2 Y
78 138 6 Y
78 229 1 Y
78 266 3 Y
78 270 4 Y
78 308 3 Y
78 323 7 Y
79 175 7 Y
79 245 3 Y
83 330 4 Y
84 134 7 Y
84 137 2 Y
85 203 4 Y
86 273 1 Y
88 186 6 Y
89 335 5 Y
90 179 2 Y
91 149 2 Y
92 233 4 Y
94 261 1 Y
95 258 2 Y
96 204 7 Y
97 341 7 Y
99 180 7 Y
100 287 2 Y
100 343 5 Y
102 110 7 Y
102 274 6 Y
103 242 4 Y
103 330 7 Y
104 263 4 Y
105 337 7 Y
106 227 6 Y
107 316 6 Y
108 274 5 Y
108 283 1 Y
109 315 4 Y
111 273 6 Y
112 253 3 Y
112 318 7 Y
113 114 2 Y
113 298 5 Y
113 315 3 Y
115 325 7 Y
116 286 1 Y
117 323 2 Y
118 229 3 Y
118 235 1 Y
118 310 2 Y
119 174 7 Y
122 272 7 Y
123 171 4 Y
123 187 1 Y
123 323 3 Y
124 156 1 Y
125 193 2 Y
125 210 3 Y
125 287 1 Y
125 295 2 Y
125 296 2 Y
126 177 6 Y
126 192 3 Y
128 244 5 Y
129 160 1 Y
129 329 7 Y
130 221 3 Y
130 328 4 Y
131 136 1 Y
131 249 7 Y
132 138 3 Y
132 234 6 Y
132 306 1 Y
132 312 3 Y
133 262 1 Y
133 321 2 Y
134 140 3 Y
134 274 7 Y
134 314 7 Y
135 141 7 Y
136 138 7 Y
136 179 2 Y
136 216 5 Y
136 227 3 Y
136 299 1 Y
136 331 2 Y
136 334 1 Y
138 222 6 Y
138 252 3 Y
138 295 7 Y
139 311 5 Y
140 152 1 Y
140 257 3 Y
141 157 1 Y
141 268 1 Y
141 308 2 Y
141 313 6 Y
142 279 1 Y
143 208 7 Y
144 219 6 Y
145 182 7 Y
145 186 5 Y
146 190 3 Y
147 215 2 Y
147 239 7 Y
147 324 7 Y
147 339 3 Y
148 221 6 Y
148 253 7 Y
150 208 5 Y
150 261 5 Y
152 218 1 Y
153 179 1 Y
154 299 5 Y
155 270 7 Y
157 316 1 Y
158 266 6 Y
158 294 2 Y
159 340 1 Y
160 190 3 Y
161 196 3 Y
161 218 1 Y
162 274 6 Y
163 240 7 Y
164 336 4 Y
165 208 7 Y
166 288 3 Y
166 332 2 Y
167 262 5 Y
168 288 7 Y
169 223 4 Y
170 273 3 Y
172 274 4 Y
173 241 1 Y
174 270 3 Y
175 203 6 Y
176 185 4 Y
177 178 1 Y
179 200 5 Y
180 202 3 Y
180 285 1 Y
181 226 3 Y
182 191 3 Y
182 251 2 Y
182 284 7 Y
184 305 1 Y
185 289 2 Y
187 301 4 Y
189 191 2 Y
193 259 2 Y
193 290 5 Y
194 339 2 Y
198 270 1 Y
199 295 7 Y
201 261 1 Y
205 210 3 Y
207 225 6 Y
208 300 6 Y
208 323 6 Y
208 333 2 Y
209 280 7 Y
209 340 6 Y
210 256 4 Y
210 325 7 Y
211 230 1 Y
212 217 2 Y
212 263 3 Y
212 275 7 Y
214 228 6 Y
214 277 2 Y
214 339 6 Y
223 287 6 Y
224 271 3 Y
224 324 6 Y
225 240 7 Y
230 326 3 Y
236 311 7 Y
240 275 2 Y
243 333 2 Y
246 302 1 Y
247 324 5 Y
248 314 3 Y
250 254 2 Y
255 271 5 Y
258 299 7 Y
261 304 4 Y
264 324 6 Y
264 327 3 Y
265 302 4 Y
269 276 3 Y
270 275 2 Y
270 338 7 Y
279 332 2 Y
282 337 6 Y
284 317 1 Y
288 302 7 Y
291 331 7 Y
292 323 3 Y
295 340 2 Y
297 311 4 Y
303 330 7 Y
305 326 2 Y
308 311 5 Y
311 330 4 Y
313 322 2 Y
324 326 1 Y
324 332 6 Y
328 332 4 Y
332 335 2 Y
1 78 16807 G
2 166 5 G
2 294 5 G
3 8 2 G
4 341 2 G
5 214 6 G
6 249 6 G
6 305 4 G
7 280 5 G
8 193 6 G
8 252 3 G
9 100 1 G
9 285 1 G
10 54 6 G
10 227 4 G
11 12 6 G
11 151 7 G
12 185 1 G
12 225 4 G
13 320 7 G
14 98 2 G
14 313 3 G
15 238 3 G
16 147 2 G
17 52 3 G
18 204 6 G
18 319 1 G
18 322 2 G
19 180 1 G
20 38 1 G
21 193 3 G
21 241 1 G
22 227 2 G
23 211 4 G
23 271 3 G
24 107 2 G
24 152 6 G
24 313 6 G
25 142 4 G
26 171 1 G
27 231 7 G
28 341 3 G
29 190 4 G
29 231 6 G
30 304 1 G
30 319 5 G
31 52 6 G
31 302 7 G
31 327 6 G
32 172 6 G
33 55 4 G
33 80 4 G
34 58 2 G
34 67 6 G
35 63 2 G
35 195 1 G
36 79 3 G
36 207 5 G
37 260 1 G
38 120 4 G
38 174 5 G
38 200 5 G
38 228 2 G
38 229 3 G
38 278 7 G
39 110 6 G
40 87 6 G
41 311 4 G
42 318 2 G
43 224 2 G
43 230 5 G
43 339 3 G
44 221 4 G
45 61 2 G
45 140 2 G
45 197 4 G
45 259 1 G
45 264 7 G
45 333 6 G
46 106 5 G
47 80 4 G
48 261 5 G
48 306 5 G
49 161 7 G
49 174 5 G
49 238 4 G
49 337 4 G
50 153 7 G
51 65 6 G
52 80 5 G
52 107 7 G
52 126 7 G
52 237 3 G
52 287 4 G
52 328 3 G
53 210 6 G
56 136 4 G
57 143 4 G
57 247 1 G
58 319 4 G
59 140 6 G
60 319 7 G
61 121 5 G
61 210 1 G
61 275 4 G
61 280 4 G
62 250 7 G
63 184 5 G
63 255 6 G
64 251 3 G
65 227 5 G
66 337 5 G
67 219 5 G
68 96 6 G
69 149 2 G
69 171 1 G
69 284 4 G
69 311 4 G
70 71 3 G
71 136 1 G
71 148 7 G
72 194 5 G
73 85 3 G
73 138 6 G
73 157 1 G
73 318 4 G
74 121 5 G
75 244 4 G
76 284 3 G
77 96 2 G
78 283 6 G
80 164 2 G
81 140 2 G
82 168 2 G
83 134 7 G
83 242 6 G
83 257 7 G
84 129 5 G
84 245 4 G
85 88 3 G
86 100 7 G
87 120 5 G
89 112 3 G
89 236 4 G
90 108 7 G
90 305 3 G
91 280 2 G
92 116 6 G
93 164 7 G
94 224 7 G
95 320 2 G
95 343 7 G
96 141 7 G
96 166 2 G
96 295 3 G
97 337 3 G
99 340 2 G
101 122 7 G
101 165 4 G
101 196 6 G
101 251 7 G
102 234 1 G
103 151 3 G
104 218 6 G
105 218 7 G
105 284 5 G
106 128 6 G
106 246 1 G
106 332 6 G
107 148 5 G
107 171 2 G
107 227 5 G
109 163 3 G
109 226 5 G
109 227 6 G
109 341 1 G
110 208 5 G
111 248 5 G
113 343 5 G
114 166 7 G
115 144 7 G
116 184 2 G
116 296 6 G
117 181 6 G
117 294 1 G
118 156 5 G
118 334 6 G
118 340 5 G
119 333 1 G
123 154 6 G
124 145 4 G
124 250 7 G
125 243 5 G
125 268 3 G
126 130 4 G
127 230 6 G
129 199 7 G
129 285 2 G
129 342 5 G
131 184 1 G
131 233 5 G
132 169 7 G
132 209 2 G
132 265 1 G
132 300 5 G
133 289 1 G
134 207 3 G
134 310 4 G
134 333 4 G
135 184 5 G
135 254 7 G
135 283 5 G
137 164 3 G
137 272 3 G
138 159 3 G
138 236 6 G
139 153 3 G
139 205 7 G
139 253 3 G
140 146 4 G
140 159 1 G
140 177 1 G
140 184 6 G
140 189 2 G
140 285 3 G
141 213 3 G
142 148 3 G
143 168 1 G
144 183 2 G
144 343 6 G
147 170 6 G
147 240 4 G
150 274 5 G
151 171 3 G
154 176 2 G
154 186 2 G
154 341 3 G
155 314 5 G
156 246 4 G
156 303 6 G
156 305 2 G
158 285 5 G
159 217 7 G
159 273 6 G
160 234 5 G
162 251 1 G
164 187 3 G
166 184 3 G
166 188 3 G
167 234 6 G
167 310 2 G
168 227 7 G
169 267 5 G
169 288 7 G
169 298 2 G
170 285 7 G
170 308 3 G
171 319 1 G
172 215 6 G
172 330 6 G
173 277 7 G
173 285 1 G
174 260 7 G
175 189 3 G
177 194 1 G
178 233 2 G
178 291 2 G
179 264 2 G
180 301 5 G
180 319 6 G
180 336 3 G
181 331 5 G
182 202 4 G
182 299 3 G
182 307 4 G
184 193 1 G
184 211 5 G
184 227 2 G
184 246 2 G
185 270 2 G
191 325 5 G
192 337 7 G
196 282 4 G
196 343 6 G
198 258 2 G
201 236 3 G
202 319 2 G
203 283 3 G
206 260 7 G
206 285 7 G
206 317 2 G
208 227 7 G
211 324 7 G
212 298 1 G
212 316 4 G
214 343 6 G
215 237 1 G
215 244 2 G
216 287 6 G
220 288 4 G
221 226 7 G
222 284 5 G
223 302 1 G
224 227 5 G
224 250 3 G
224 297 1 G
227 282 6 G
227 298 7 G
229 315 6 G
231 260 4 G
231 279 3 G
232 273 1 G
232 326 1 G
233 338 5 G
234 286 4 G
234 289 1 G
235 287 3 G
239 315 7 G
241 293 5 G
248 273 3 G
248 329 5 G
250 292 3 G
253 262 2 G
256 259 1 G
258 263 4 G
262 276 4 G
262 287 4 G
263 279 5 G
266 336 3 G
267 274 1 G
268 325 5 G
268 328 2 G
269 319 6 G
281 283 1 G
290 317 5 G
294 312 4 G
306 321 3 G
306 333 1 G
309 310 7 G
314 333 6 G
321 323 4 G
325 335 5 G
1 249 16807 B
2 41 1 B
2 134 2 B
2 276 6 B
2 322 7 B
3 272 5 B
4 252 4 B
4 317 3 B
5 256 5 B
6 152 5 B
7 102 3 B
7 220 7 B
8 180 7 B
9 61 5 B
10 217 1 B
10 288 7 B
11 297 5 B
12 248 7 B
13 325 7 B
14 37 7 B
14 74 1 B
14 79 3 B
14 265 1 B
15 143 7 B
15 219 3 B
16 163 1 B
16 315 5 B
17 343 3 B
18 133 1 B
18 142 3 B
18 149 1 B
18 178 1 B
18 207 3 B
18 295 2 B
19 333 4 B
20 263 3 B
21 260 4 B
21 283 6 B
22 28 3 B
23 113 4 B
24 66 6 B
25 164 5 B
25 315 5 B
26 124 1 B
27 266 4 B
28 71 3 B
28 254 6 B
29 186 4 B
30 251 5 B
31 181 6 B
32 293 7 B
32 297 1 B
33 61 5 B
34 132 1 B
34 156 1 B
35 159 7 B
35 326 6 B
36 176 3 B
36 181 1 B
36 266 3 B
36 292 6 B
37 170 2 B
38 46 7 B
38 80 4 B
38 94 2 B
38 162 2 B
38 282 4 B
39 130 7 B
40 95 1 B
42 62 2 B
42 167 7 B
42 309 7 B
43 289 1 B
44 341 5 B
45 109 1 B
45 216 5 B
45 341 3 B
46 201 7 B
47 126 2 B
47 183 2 B
47 255 5 B
47 332 3 B
48 58 2 B
48 197 7 B
49 144 3 B
49 247 3 B
50 98 1 B
50 150 2 B
51 205 3 B
52 117 2 B
52 291 7 B
53 178 3 B
54 231 2 B
54 341 1 B
55 279 6 B
56 245 3 B
57 69 7 B
57 257 3 B
58 111 1 B
59 229 5 B
59 333 2 B
60 340 7 B
61 130 6 B
61 257 1 B
63 174 7 B
63 227 2 B
63 233 7 B
64 198 7 B
64 311 5 B
65 145 7 B
65 250 6 B
65 290 4 B
65 307 1 B
65 315 7 B
66 244 3 B
67 104 1 B
67 105 4 B
68 319 3 B
70 78 3 B
70 205 7 B
70 319 5 B
71 337 6 B
72 256 3 B
73 290 5 B
75 140 1 B
75 203 7 B
76 138 4 B
76 144 6 B
76 196 4 B
76 295 3 B
77 232 2 B
80 112 2 B
81 292 3 B
82 94 1 B
82 288 6 B
83 85 7 B
83 275 5 B
83 324 6 B
83 341 5 B
84 280 5 B
86 209 7 B
86 284 4 B
87 199 3 B
87 230 3 B
88 126 5 B
88 211 2 B
88 292 3 B
89 120 5 B
90 173 5 B
90 277 5 B
90 296 3 B
91 107 6 B
91 129 6 B
91 182 2 B
91 190 5 B
92 306 7 B
92 314 4 B
93 124 2 B
93 157 5 B
93 182 2 B
94 165 5 B
94 284 7 B
95 147 3 B
95 253 6 B
95 295 5 B
95 326 4 B
96 216 2 B
96 221 5 B
97 103 6 B
97 158 2 B
98 137 6 B
98 302 3 B
99 237 5 B
99 272 1 B
100 252 2 B
101 241 7 B
105 148 1 B
105 150 6 B
105 172 7 B
105 194 6 B
105 210 4 B
105 327 4 B
106 132 2 B
108 319 1 B
110 200 6 B
111 181 3 B
113 132 4 B
113 277 3 B
114 201 1 B
115 146 1 B
115 338 2 B
115 343 4 B
116 143 1 B
116 245 3 B
117 300 6 B
117 305 3 B
118 178 7 B
119 306 4 B
120 150 3 B
121 318 2 B
122 226 3 B
122 227 7 B
123 241 5 B
124 200 5 B
124 227 2 B
125 223 7 B
126 169 1 B
126 208 3 B
126 237 1 B
127 180 7 B
127 205 2 B
128 292 3 B
130 315 5 B
130 318 5 B
131 277 7 B
132 224 3 B
134 304 4 B
134 312 6 B
135 215 4 B
135 256 4 B
136 289 7 B
138 279 1 B
139 296 3 B
140 187 5 B
141 260 1 B
142 232 3 B
142 243 3 B
142 321 5 B
143 163 7 B
144 188 6 B
146 168 4 B
147 259 6 B
148 177 3 B
148 222 5 B
149 308 4 B
150 205 1 B
150 264 6 B
151 274 4 B
152 339 2 B
153 167 3 B
153 263 2 B
153 292 7 B
154 241 4 B
154 305 1 B
155 310 6 B
158 216 2 B
160 341 4 B
161 282 7 B
166 282 3 B
167 246 7 B
170 234 3 B
171 266 1 B
172 175 7 B
176 218 7 B
177 289 6 B
178 227 6 B
178 325 5 B
178 338 1 B
179 192 5 B
179 292 7 B
182 285 1 B
184 204 1 B
185 278 5 B
186 200 2 B
189 283 7 B
191 341 6 B
192 230 2 B
193 334 4 B
195 299 6 B
196 203 3 B
196 261 7 B
197 298 3 B
198 338 7 B
199 323 3 B
201 225 2 B
202 282 5 B
203 239 5 B
203 274 6 B
204 297 3 B
205 223 3 B
205 227 6 B
205 299 6 B
205 320 4 B
206 315 4 B
212 296 4 B
213 267 2 B
214 314 5 B
220 339 4 B
221 228 3 B
224 262 5 B
227 273 2 B
227 278 5 B
227 292 5 B
227 294 1 B
227 313 3 B
229 271 2 B
229 286 6 B
235 238 2 B
236 249 3 B
237 336 2 B
238 293 3 B
240 325 2 B
241 278 3 B
242 267 3 B
242 328 5 B
244 265 1 B
248 286 5 B
249 271 3 B
251 276 5 B
251 329 2 B
252 340 6 B
253 277 5 B
253 303 2 B
254 316 7 B
256 334 6 B
258 273 4 B
260 276 5 B
261 281 2 B
263 314 5 B
263 337 1 B
264 276 6 B
265 299 6 B
266 335 2 B
266 342 5 B
267 311 2 B
268 279 1 B
269 278 7 B
270 278 6 B
271 325 6 B
273 317 5 B
273 330 5 B
278 282 6 B
280 335 7 B
282 297 4 B
282 341 4 B
287 311 1 B
299 301 5 B
303 310 5 B
313 315 5 B
325 339 6 B
331 333 7 B
334 338 7 B
1 234 16807 I
2 213 2 I
3 30 7 I
3 190 1 I
3 242 7 I
3 256 7 I
4 48 5 I
4 92 2 I
4 264 4 I
4 296 6 I
5 111 7 I
5 211 2 I
5 309 6 I
5 310 6 I
6 207 6 I
6 311 1 I
7 32 2 I
8 274 5 I
9 105 3 I
9 169 3 I
9 183 4 I
9 251 4 I
9 281 1 I
9 287 6 I
10 15 1 I
10 247 6 I
10 257 1 I
11 73 6 I
11 238 7 I
11 306 7 I
12 69 5 I
12 205 2 I
13 44 6 I
13 72 3 I
13 266 4 I
14 51 3 I
14 128 5 I
15 107 7 I
15 136 4 I
16 97 1 I
16 155 5 I
17 171 5 I
17 174 5 I
18 20 2 I
18 243 6 I
19 95 1 I
19 186 7 I
21 93 2 I
21 272 7 I
21 304 7 I
22 93 5 I
23 217 2 I
24 72 3 I
25 116 6 I
26 39 7 I
26 99 6 I
27 237 6 I
28 69 5 I
29 322 7 I
31 215 7 I
32 213 6 I
32 265 3 I
32 287 1 I
32 311 7 I
33 155 5 I
33 228 1 I
33 316 7 I
34 102 1 I
35 42 2 I
36 151 2 I
36 254 7 I
36 316 6 I
36 317 2 I
37 272 1 I
38 91 1 I
38 93 5 I
38 300 1 I
38 341 2 I
39 63 2 I
39 227 5 I
39 296 4 I
39 316 6 I
40 62 6 I
41 57 7 I
41 98 3 I
42 93 7 I
42 197 6 I
43 57 3 I
43 198 1 I
43 297 4 I
44 70 2 I
44 138 3 I
44 287 4 I
45 284 6 I
46 83 6 I
46 197 6 I
46 274 6 I
47 59 5 I
47 160 4 I
47 248 1 I
49 106 4 I
49 234 6 I
50 179 1 I
51 267 1 I
51 286 7 I
51 298 2 I
51 317 6 I
52 60 5 I
53 231 7 I
53 314 2 I
54 135 7 I
54 280 4 I
54 336 4 I
55 248 6 I
56 217 4 I
57 134 7 I
58 87 6 I
58 322 1 I
59 312 7 I
59 323 4 I
60 76 5 I
60 119 4 I
60 196 1 I
60 251 7 I
61 63 6 I
61 149 5 I
62 68 4 I
62 265 7 I
62 292 4 I
63 81 5 I
63 89 4 I
63 202 7 I
63 256 1 I
63 315 7 I
64 255 2 I
65 211 2 I
65 224 4 I
65 237 4 I
66 155 2 I
67 288 5 I
68 201 1 I
69 132 3 I
69 185 4 I
69 197 7 I
69 255 6 I
69 271 6 I
69 294 7 I
69 313 4 I
70 203 6 I
71 127 1 I
71 260 2 I
73 96 1 I
74 232 3 I
75 107 6 I
76 303 5 I
77 189 7 I
77 327 3 I
78 154 1 I
78 284 7 I
78 297 4 I
79 154 6 I
80 313 6 I
81 112 4 I
81 121 4 I
81 122 2 I
81 136 3 I
81 173 3 I
81 217 7 I
82 111 7 I
82 277 1 I
84 165 3 I
84 185 4 I
84 232 5 I
85 159 6 I
86 176 1 I
86 287 6 I
87 258 7 I
88 236 2 I
89 306 6 I
89 322 7 I
90 326 5 I
92 320 6 I
94 119 4 I
95 116 4 I
95 222 7 I
98 195 6 I
99 233 4 I
100 151 1 I
100 273 6 I
101 331 5 I
102 187 4 I
103 160 5 I
104 136 6 I
104 215 1 I
104 328 6 I
104 333 3 I
105 164 6 I
106 179 7 I
106 265 2 I
108 211 7 I
109 337 7 I
110 125 3 I
110 298 3 I
112 178 7 I
113 285 1 I
114 125 1 I
115 180 1 I
115 194 3 I
115 335 1 I
116 133 5 I
116 256 2 I
117 263 5 I
118 321 4 I
119 145 5 I
119 157 5 I
119 177 2 I
120 321 1 I
122 153 5 I
123 259 6 I
123 327 3 I
124 142 3 I
124 182 4 I
126 156 3 I
126 233 4 I
126 291 2 I
127 152 3 I
129 260 1 I
130 316 4 I
131 221 7 I
133 331 7 I
134 316 5 I
136 197 5 I
137 286 2 I
139 248 4 I
140 204 2 I
140 251 1 I
141 239 6 I
141 321 3 I
142 270 7 I
143 263 3 I
144 260 7 I
144 276 2 I
146 175 4 I
147 163 6 I
147 191 2 I
147 322 4 I
147 326 1 I
148 150 3 I
148 337 5 I
151 230 7 I
155 199 1 I
155 220 7 I
157 340 4 I
158 292 2 I
159 244 3 I
161 265 4 I
162 174 2 I
164 318 7 I
166 210 5 I
166 275 2 I
167 339 4 I
168 300 2 I
170 256 6 I
172 287 6 I
174 244 7 I
174 265 5 I
174 332 2 I
175 293 5 I
175 325 6 I
177 208 1 I
180 239 2 I
180 269 7 I
180 282 1 I
181 318 6 I
182 196 1 I
182 252 2 I
184 225 5 I
184 240 7 I
184 287 3 I
187 215 4 I
187 334 1 I
188 326 1 I
189 325 7 I
192 323 7 I
193 244 4 I
197 283 1 I
200 260 2 I
203 342 6 I
204 307 6 I
206 290 3 I
209 263 5 I
210 219 7 I
210 311 3 I
211 231 2 I
211 325 3 I
212 327 5 I
213 229 1 I
213 236 2 I
214 221 1 I
214 256 4 I
216 318 3 I
218 288 1 I
223 239 7 I
224 263 3 I
226 263 4 I
235 286 4 I
236 253 3 I
237 279 5 I
239 316 6 I
240 308 1 I
241 338 5 I
243 316 4 I
245 267 7 I
245 285 7 I
246 339 4 I
248 265 1 I
249 298 6 I
249 330 4 I
250 324 4 I
251 339 7 I
252 305 2 I
255 278 5 I
260 316 6 I
261 317 3 I
262 311 3 I
265 290 4 I
268 303 4 I
269 289 5 I
280 288 1 I
281 295 7 I
281 302 4 I
281 317 2 I
281 338 3 I
281 343 1 I
288 325 1 I
293 301 7 I
299 337 3 I
309 319 1 I
313 324 6 I
315 329 6 I
316 325 3 I
323 337 3 I
1 277 16807 V
2 183 2 V
2 212 6 V
2 240 1 V
3 177 1 V
4 186 5 V
4 256 7 V
5 116 1 V
6 162 7 V
6 185 6 V
7 71 5 V
7 83 7 V
7 293 7 V
7 338 3 V
8 28 3 V
8 46 5 V
8 90 3 V
8 237 2 V
9 300 5 V
10 114 6 V
10 266 1 V
11 341 6 V
12 80 1 V
13 48 1 V
13 63 6 V
13 98 6 V
13 327 6 V
14 219 1 V
14 255 7 V
15 155 4 V
15 222 7 V
15 279 5 V
15 302 4 V
16 65 4 V
17 54 6 V
17 80 6 V
17 104 3 V
17 115 7 V
17 117 2 V
17 226 3 V
17 288 6 V
18 245 2 V
19 24 7 V
19 67 6 V
19 130 3 V
19 148 5 V
19 177 4 V
20 222 4 V
21 95 5 V
21 115 3 V
22 247 4 V
23 130 6 V
24 94 5 V
24 227 1 V
25 180 3 V
26 64 4 V
26 232 5 V
26 320 1 V
27 246 1 V
27 255 6 V
28 40 6 V
29 155 5 V
30 309 1 V
30 334 2 V
31 258 2 V
32 308 2 V
33 116 4 V
33 224 6 V
33 299 2 V
34 135 3 V
35 220 4 V
36 166 3 V
36 247 2 V
37 263 2 V
38 237 1 V
39 44 3 V
40 236 1 V
41 219 6 V
42 110 4 V
42 207 5 V
42 282 6 V
43 180 2 V
44 56 1 V
44 125 6 V
44 204 2 V
45 147 3 V
46 87 6 V
46 135 1 V
46 136 5 V
46 169 4 V
46 174 3 V
47 49 6 V
47 299 1 V
48 298 2 V
49 70 7 V
49 165 7 V
50 103 2 V
50 164 7 V
51 295 1 V
52 182 7 V
53 97 2 V
53 320 1 V
55 328 3 V
57 132 4 V
58 109 3 V
58 235 4 V
59 253 4 V
60 277 6 V
60 307 7 V
61 82 7 V
61 299 2 V
62 189 1 V
63 93 1 V
63 250 5 V
65 231 6 V
66 67 2 V
66 208 7 V
66 323 6 V
67 90 1 V
67 250 2 V
68 272 7 V
69 118 4 V
69 216 3 V
69 258 3 V
70 340 2 V
72 291 4 V
73 76 6 V
74 158 3 V
74 205 5 V
74 243 3 V
75 105 2 V
76 219 2 V
77 217 4 V
78 90 1 V
78 244 6 V
79 143 7 V
79 185 5 V
79 199 4 V
79 290 1 V
79 341 6 V
81 165 7 V
84 283 4 V
85 335 6 V
86 146 4 V
86 314 6 V
88 190 7 V
88 205 1 V
88 316 3 V
89 339 7 V
90 219 4 V
90 235 2 V
90 283 6 V
91 113 1 V
91 205 4 V
91 332 6 V
92 115 6 V
92 251 4 V
92 254 2 V
94 161 1 V
96 338 6 V
98 287 1 V
99 331 4 V
100 283 6 V
101 147 7 V
101 217 4 V
101 226 6 V
102 129 3 V
103 132 5 V
103 265 4 V
103 312 4 V
105 198 7 V
106 203 1 V
107 307 7 V
108 182 3 V
108 219 1 V
108 297 5 V
110 163 2 V
111 162 3 V
112 195 6 V
114 129 3 V
114 231 4 V
115 203 6 V
115 271 1 V
115 279 2 V
115 301 2 V
116 333 4 V
118 247 2 V
118 299 5 V
119 205 2 V
120 254 5 V
121 323 3 V
122 308 6 V
123 145 4 V
123 329 4 V
124 210 7 V
124 277 5 V
125 191 1 V
126 275 4 V
127 176 7 V
128 296 1 V
128 332 4 V
129 204 1 V
129 271 5 V
129 332 3 V
130 183 6 V
130 269 4 V
130 307 2 V
131 312 7 V
132 285 2 V
133 184 1 V
134 236 3 V
136 239 2 V
137 291 4 V
138 153 5 V
138 231 4 V
138 326 5 V
139 183 7 V
139 339 6 V
140 164 6 V
141 142 7 V
142 194 2 V
142 226 4 V
142 259 6 V
142 280 3 V
143 229 3 V
144 169 5 V
146 209 4 V
146 219 1 V
146 310 5 V
148 172 3 V
149 253 7 V
150 297 6 V
151 159 6 V
151 338 4 V
152 301 4 V
154 156 5 V
154 283 2 V
157 251 4 V
160 255 3 V
162 220 7 V
162 268 5 V
167 220 7 V
168 308 5 V
169 198 6 V
170 238 6 V
170 315 3 V
171 192 4 V
171 323 5 V
173 202 6 V
174 305 4 V
175 195 1 V
175 233 1 V
175 332 2 V
176 219 7 V
177 324 2 V
177 335 5 V
178 182 1 V
179 314 3 V
180 280 5 V
181 195 1 V
181 213 4 V
181 262 1 V
184 200 3 V
184 275 6 V
185 206 6 V
185 311 6 V
185 332 7 V
186 234 6 V
186 337 6 V
187 326 3 V
188 258 6 V
189 280 6 V
189 319 5 V
189 331 3 V
192 261 4 V
192 336 1 V
193 329 4 V
196 313 1 V
197 295 6 V
201 257 1 V
201 280 5 V
202 205 4 V
202 275 3 V
204 299 6 V
205 281 4 V
211 313 2 V
214 268 5 V
215 219 1 V
215 303 2 V
218 231 6 V
221 322 4 V
222 260 4 V
223 276 2 V
223 307 1 V
225 310 5 V
226 292 5 V
228 255 7 V
228 342 7 V
230 238 5 V
230 245 3 V
230 253 2 V
232 288 6 V
232 306 5 V
232 322 6 V
234 250 3 V
234 308 6 V
234 312 5 V
241 275 1 V
242 265 5 V
245 307 6 V
248 323 5 V
249 299 3 V
250 271 5 V
252 323 5 V
263 307 3 V
264 297 6 V
265 272 5 V
265 300 5 V
267 288 7 V
268 309 3 V
270 324 1 V
270 343 3 V
271 295 5 V
271 338 3 V
272 286 3 V
273 285 2 V
274 279 3 V
275 291 1 V
278 310 6 V
282 323 7 V
283 318 5 V
283 329 2 V
284 310 6 V
289 290 2 V
291 294 7 V
293 304 7 V
295 321 1 V
295 330 6 V
300 325 7 V
308 328 6 V
313 335 7 V
317 324 7 V
