343 2401
1 36 16807 R
2 297 3 R
3 279 4 R
4 121 5 R
5 120 1 R
6 63 5 R
7 189 2 R
7 330 3 R
8 68 3 R
8 279 5 R
9 20 3 R
9 80 2 R
10 154 6 R
11 280 6 R
12 151 5 R
13 108 5 R
13 139 2 R
14 79 4 R
15 206 5 R
16 234 3 R
17 272 4 R
18 335 7 R
19 71 4 R
19 229 4 R
21 29 6 R
21 158 7 R
22 111 2 R
23 57 4 R
23 76 3 R
23 123 4 R
23 153 7 R
23 268 2 R
23 326 4 R
24 202 3 R
24 269 1 R
24 294 5 R
24 327 4 R
25 79 6 R
26 111 1 R
27 143 3 R
27 180 1 R
28 294 4 R
29 79 4 R
29 160 3 R
29 216 2 R
29 331 7 R
30 176 6 R
31 45 6 R
32 75 5 R
32 160 6 R
33 128 7 R
33 223 6 R
34 176 2 R
34 343 1 R
35 145 3 R
36 224 4 R
37 121 5 R
38 41 4 R
38 263 4 R
38 278 6 R
39 170 3 R
40 41 3 R
40 129 7 R
40 228 6 R
40 253 4 R
40 272 2 R
40 281 5 R
40 323 2 R
41 84 2 R
42 136 3 R
42 191 7 R
42 214 1 R
43 323 5 R
44 124 1 R
45 145 2 R
46 137 6 R
46 145 5 R
47 132 2 R
48 57 6 R
48 175 1 R
49 64 5 R
49 67 3 R
49 143 3 R
49 256 7 R
50 166 6 R
51 289 7 R
52 56 7 R
53 228 3 R
54 68 5 R
55 118 3 R
56 82 6 R
56 111 6 R
56 141 2 R
56 169 3 R
56 247 3 R
56 249 3 R
58 133 7 R
58 148 1 R
58 308 3 R
59 325 2 R
60 78 1 R
61 272 6 R
61 333 6 R
62 316 3 R
63 114 7 R
63 269 2 R
64 267 5 R
64 271 5 R
64 321 5 R
65 144 6 R
66 84 3 R
66 230 7 R
66 302 6 R
66 340 4 R
67 314 3 R
68 170 5 R
69 87 5 R
69 94 1 R
69 295 7 R
69 319 7 R
70 284 4 R
72 117 1 R
72 168 1 R
72 311 3 R
73 273 3 R
74 223 5 R
75 307 1 R
76 80 2 R
76 269 3 R
77 181 4 R
78 176 3 R
78 251 4 R
78 260 5 R
80 131 5 R
80 219 2 R
81 85 4 R
81 123 2 R
81 217 7 R
81 291 6 R
82 113 7 R
82 162 1 R
82 235 2 R
82 261 5 R
82 274 6 R
82 325 3 R
83 124 7 R
84 146 1 R
84 154 5 R
84 181 5 R
84 219 1 R
86 197 2 R
88 132 3 R
89 91 3 R
89 194 2 R
89 270 2 R
89 322 7 R
90 115 3 R
92 153 5 R
92 195 4 R
93 177 7 R
94 239 4 R
95 102 1 R
95 131 1 R
96 131 7 R
97 254 7 R
97 298 2 R
98 125 6 R
98 218 2 R
98 243 2 R
99 133 4 R
99 238 4 R
100 221 1 R
101 125 2 R
102 292 4 R
102 317 6 R
103 264 5 R
104 159 1 R
104 186 3 R
104 193 6 R
104 266 2 R
105 284 2 R
106 236 4 R
106 285 6 R
106 305 4 R
107 294 2 R
109 191 6 R
109 335 7 R
110 257 2 R
111 224 1 R
111 241 6 R
112 195 5 R
114 206 1 R
115 331 4 R
116 325 5 R
117 282 6 R
118 201 1 R
119 128 5 R
120 322 5 R
121 153 2 R
122 245 7 R
123 157 3 R
123 275 2 R
124 139 4 R
124 198 2 R
124 264 6 R
124 329 1 R
125 126 4 R
126 301 1 R
127 140 1 R
127 173 3 R
127 290 1 R
128 167 4 R
128 217 7 R
128 237 7 R
130 197 2 R
130 212 7 R
131 134 5 R
131 143 1 R
131 280 2 R
132 201 3 R
132 331 4 R
133 328 1 R
133 331 4 R
135 158 6 R
138 190 7 R
139 330 6 R
139 339 6 R
140 330 4 R
141 225 2 R
141 287 1 R
141 300 2 R
142 254 6 R
143 319 1 R
144 170 4 R
145 192 1 R
145 207 5 R
145 233 7 R
145 270 5 R
145 332 5 R
146 200 7 R
146 240 3 R
147 251 2 R
149 164 1 R
149 246 4 R
150 161 6 R
150 215 7 R
150 240 1 R
151 225 6 R
152 244 6 R
152 328 4 R
153 262 1 R
153 324 1 R
155 226 7 R
156 219 4 R
156 226 5 R
156 298 5 R
159 179 4 R
160 183 4 R
160 297 1 R
163 325 5 R
165 273 5 R
166 269 7 R
167 221 6 R
167 309 2 R
167 313 3 R
168 317 1 R
168 342 4 R
170 241 1 R
171 207 1 R
172 269 3 R
172 318 7 R
174 198 2 R
176 265 6 R
176 294 1 R
177 264 5 R
178 331 7 R
182 205 3 R
184 317 2 R
185 262 7 R
186 196 5 R
187 188 6 R
188 257 6 R
188 261 1 R
190 291 1 R
191 227 6 R
191 245 6 R
193 208 6 R
193 219 7 R
197 203 6 R
198 286 7 R
199 209 2 R
199 231 5 R
199 235 1 R
200 222 5 R
203 246 7 R
203 287 5 R
204 303 1 R
205 326 5 R
206 304 5 R
210 280 3 R
211 280 7 R
212 341 1 R
213 284 2 R
215 250 2 R
216 220 3 R
216 255 3 R
219 264 5 R
225 283 6 R
225 312 3 R
228 334 3 R
229 294 5 R
232 320 5 R
232 332 1 R
233 259 6 R
234 257 7 R
236 258 5 R
236 269 6 R
236 332 3 R
241 269 2 R
241 284 4 R
242 298 2 R
243 252 3 R
245 334 5 R
248 276 1 R
248 293 1 R
248 324 4 R
254 273 4 R
264 310 3 R
272 337 6 R
277 313 2 R
279 299 5 R
280 301 4 R
280 306 7 R
281 296 1 R
284 303 3 R
287 316 3 R
288 334 1 R
288 338 6 R
289 334 4 R
293 315 1 R
294 336 7 R
331 332 4 R
1 295 16807 O
2 202 2 O
3 272 1 O
3 336 6 O
4 132 4 O
5 25 2 O
5 77 5 O
5 153 3 O
5 233 3 O
5 333 7 O
6 285 4 O
7 300 6 O
7 308 2 O
8 135 2 O
9 32 5 O
10 303 1 O
10 335 1 O
11 319 1 O
12 144 7 O
12 222 4 O
12 288 1 O
13 77 2 O
14 74 1 O
14 87 2 O
14 117 4 O
15 178 2 O
16 186 3 O
16 293 5 O
17 191 1 O
17 325 7 O
18 128 6 O
19 45 7 O
19 102 7 O
20 46 6 O
20 221 7 O
20 279 6 O
21 116 3 O
21 267 2 O
21 331 2 O
22 176 1 O
22 182 2 O
23 61 5 O
23 223 5 O
24 187 2 O
24 256 6 O
25 42 6 O
25 122 2 O
25 301 2 O
26 61 5 O
27 153 3 O
28 126 5 O
29 125 5 O
30 141 3 O
31 292 2 O
32 93 4 O
32 170 2 O
33 85 4 O
34 139 2 O
35 37 7 O
35 141 5 O
35 240 7 O
36 104 2 O
36 208 1 O
36 216 2 O
36 286 3 O
38 187 7 O
38 315 7 O
38 332 4 O
39 270 5 O
39 274 6 O
40 92 3 O
41 150 4 O
43 68 1 O
44 95 3 O
44 150 3 O
44 191 7 O
45 116 3 O
45 211 2 O
45 228 2 O
47 64 4 O
47 310 6 O
48 117 2 O
48 193 4 O
49 184 5 O
49 250 2 O
49 342 2 O
50 78 5 O
50 274 2 O
51 84 6 O
51 269 6 O
51 300 3 O
52 289 4 O
53 273 1 O
54 201 7 O
55 210 7 O
56 59 4 O
56 199 6 O
56 278 6 O
57 241 1 O
58 95 3 O
59 86 2 O
59 104 4 O
59 142 6 O
59 307 4 O
60 116 1 O
60 238 7 O
60 262 2 O
61 75 5 O
61 203 3 O
62 121 2 O
63 322 5 O
65 191 2 O
66 143 2 O
66 155 2 O
66 233 7 O
66 279 1 O
66 342 6 O
67 135 1 O
68 192 7 O
68 309 1 O
69 204 6 O
70 285 5 O
71 182 2 O
72 314 2 O
72 328 5 O
73 105 2 O
73 267 2 O
76 249 5 O
77 88 3 O
77 92 1 O
77 232 3 O
77 235 5 O
78 91 6 O
78 146 1 O
78 158 6 O
78 267 3 O
79 285 3 O
80 159 4 O
80 300 5 O
80 312 7 O
81 290 1 O
82 194 6 O
82 230 7 O
83 202 3 O
85 104 6 O
87 99 2 O
87 163 7 O
87 176 3 O
87 196 2 O
87 214 7 O
87 227 4 O
87 295 3 O
88 294 7 O
89 123 7 O
90 297 1 O
94 160 3 O
94 265 1 O
95 299 4 O
96 250 2 O
97 165 4 O
98 111 3 O
98 340 3 O
99 226 3 O
100 135 4 O
101 310 7 O
103 176 4 O
104 118 5 O
104 134 1 O
104 171 1 O
104 207 4 O
104 338 7 O
105 124 4 O
105 139 2 O
105 342 6 O
106 280 1 O
107 145 6 O
107 304 3 O
108 183 1 O
108 220 7 O
108 281 1 O
109 259 7 O
110 283 2 O
111 127 4 O
112 279 6 O
113 120 5 O
113 300 3 O
114 185 3 O
114 262 6 O
114 296 6 O
115 132 1 O
115 168 1 O
115 265 2 O
115 272 3 O
115 321 2 O
116 236 6 O
116 264 6 O
118 125 7 O
119 340 4 O
120 154 1 O
121 284 2 O
122 205 2 O
123 206 7 O
123 233 6 O
126 188 1 O
128 152 3 O
129 262 7 O
130 147 4 O
130 222 7 O
130 282 3 O
131 326 2 O
131 340 7 O
133 235 3 O
135 183 3 O
135 310 6 O
136 155 5 O
137 244 5 O
138 333 6 O
139 149 2 O
139 276 3 O
140 228 1 O
145 180 6 O
146 302 2 O
148 198 3 O
148 290 1 O
148 316 4 O
149 261 6 O
150 265 2 O
151 204 6 O
151 280 2 O
151 322 6 O
152 318 5 O
153 241 1 O
153 292 3 O
155 251 2 O
155 335 1 O
156 201 5 O
157 158 4 O
161 190 1 O
162 331 2 O
163 192 5 O
163 210 5 O
163 216 1 O
163 255 6 O
163 342 6 O
164 253 6 O
165 219 2 O
166 232 6 O
167 234 6 O
167 254 1 O
167 290 5 O
168 257 2 O
169 284 4 O
170 219 1 O
170 233 3 O
172 332 5 O
173 249 7 O
173 275 5 O
174 246 6 O
174 338 2 O
175 342 5 O
176 183 3 O
176 186 3 O
176 213 2 O
177 338 7 O
178 194 3 O
178 245 6 O
178 260 6 O
178 314 5 O
179 231 5 O
181 254 4 O
183 188 2 O
183 224 1 O
183 332 6 O
186 203 4 O
187 240 2 O
187 268 2 O
187 306 6 O
188 253 6 O
188 284 5 O
188 326 5 O
189 279 2 O
190 322 1 O
192 305 5 O
192 318 4 O
194 338 6 O
195 223 5 O
197 268 7 O
197 298 4 O
198 216 1 O
198 242 7 O
198 288 3 O
200 331 6 O
201 207 2 O
202 289 1 O
207 248 7 O
209 242 3 O
212 218 7 O
213 280 3 O
214 313 6 O
215 268 7 O
216 243 3 O
217 275 7 O
218 336 4 O
219 319 5 O
224 317 1 O
225 286 1 O
227 341 2 O
229 333 4 O
231 233 5 O
233 247 2 O
235 273 3 O
236 320 3 O
237 295 4 O
239 288 6 O
241 289 2 O
244 299 5 O
252 262 3 O
254 327 1 O
255 339 1 O
258 271 2 O
259 324 2 O
259 333 1 O
259 343 1 O
261 337 2 O
263 290 1 O
265 279 3 O
266 286 1 O
268 291 1 O
269 334 3 O
271 295 6 O
272 275 7 O
277 283 7 O
278 283 4 O
279 297 3 O
279 300 1 O
285 289 2 O
287 310 6 O
298 323 1 O
304 332 6 O
311 331 6 O
329 340 2 O
330 340 3 O
1 282 16807 Y
2 119 5 Y
3 105 5 Y
3 292 2 Y
4 194 6 Y
5 115 2 Y
5 142 6 Y
5 199 4 Y
5 243 2 Y
6 343 4 Y
7 146 6 Y
8 96 7 Y
8 100 3 Y
8 130 3 Y
9 153 7 Y
9 313 3 Y
10 132 1 Y
11 177 3 Y
12 178 2 Y
13 54 6 Y
13 78 5 Y
13 171 6 Y
14 169 7 Y
14 233 2 Y
14 248 2 Y
15 60 7 Y
15 181 6 Y
15 291 1 Y
16 249 7 Y
17 49 6 Y
17 107 6 Y
18 169 2 Y
18 270 4 Y
18 285 6 Y
19 66 6 Y
19 74 1 Y
19 176 5 Y
19 195 3 Y
19 217 5 Y
19 227 5 Y
19 325 5 Y
20 50 4 Y
20 223 2 Y
21 338 3 Y
22 138 1 Y
23 143 1 Y
23 263 5 Y
24 196 1 Y
25 145 1 Y
26 176 2 Y
27 133 2 Y
28 75 7 Y
28 277 1 Y
29 211 4 Y
30 175 2 Y
31 36 2 Y
31 166 3 Y
31 253 3 Y
32 134 7 Y
33 137 4 Y
33 333 3 Y
34 250 5 Y
35 80 1 Y
35 128 6 Y
35 154 6 Y
35 241 1 Y
37 314 3 Y
38 240 3 Y
39 99 3 Y
39 268 7 Y
40 284 1 Y
41 226 5 Y
41 343 1 Y
42 187 6 Y
43 110 7 Y
43 312 7 Y
44 330 6 Y
44 338 4 Y
45 71 6 Y
45 126 6 Y
45 216 1 Y
45 280 2 Y
45 320 2 Y
46 103 2 Y
46 266 7 Y
47 191 4 Y
47 215 3 Y
47 281 2 Y
48 66 7 Y
49 171 7 Y
49 309 1 Y
51 146 7 Y
51 156 7 Y
51 224 7 Y
52 68 3 Y
52 70 3 Y
53 111 1 Y
55 83 6 Y
55 338 4 Y
56 330 1 Y
57 130 4 Y
58 341 7 Y
59 177 1 Y
60 95 6 Y
60 178 6 Y
61 185 5 Y
62 157 4 Y
63 87 2 Y
63 174 1 Y
63 288 1 Y
64 262 5 Y
65 109 1 Y
67 338 3 Y
68 84 1 Y
68 251 5 Y
69 261 7 Y
72 247 3 Y
73 311 7 Y
74 193 3 Y
75 143 5 Y
75 176 1 Y
75 265 3 Y
75 293 4 Y
75 317 1 Y
76 88 3 Y
76 98 1 Y
76 131 7 Y
76 178 5 Y
77 123 2 Y
77 240 2 Y
79 132 6 Y
80 218 2 Y
81 141 5 Y
82 164 4 Y
84 106 1 Y
85 122 7 Y
86 148 5 Y
87 148 5 Y
88 183 1 Y
89 325 3 Y
90 225 1 Y
91 155 6 Y
91 341 5 Y
92 304 1 Y
93 220 4 Y
93 245 3 Y
94 170 7 Y
94 189 7 Y
94 253 6 Y
94 308 4 Y
94 336 4 Y
96 228 1 Y
96 306 7 Y
97 264 7 Y
98 141 1 Y
99 125 2 Y
99 185 3 Y
99 209 7 Y
99 219 7 Y
99 225 1 Y
101 157 1 Y
101 176 6 Y
102 336 1 Y
103 180 5 Y
103 275 1 Y
103 312 2 Y
103 342 4 Y
104 170 3 Y
105 216 6 Y
106 221 5 Y
106 296 1 Y
106 300 5 Y
106 325 2 Y
108 240 3 Y
108 334 1 Y
109 113 5 Y
111 202 1 Y
111 204 3 Y
112 261 4 Y
113 175 4 Y
113 261 4 Y
114 200 5 Y
114 320 5 Y
114 335 2 Y
116 222 5 Y
116 304 5 Y
116 319 3 Y
117 140 5 Y
117 202 1 Y
118 155 2 Y
118 210 5 Y
119 187 6 Y
119 253 1 Y
120 263 2 Y
121 193 3 Y
122 271 6 Y
122 282 4 Y
124 245 2 Y
126 171 2 Y
126 195 6 Y
127 172 5 Y
127 175 4 Y
128 234 7 Y
128 326 1 Y
129 249 3 Y
130 208 5 Y
130 245 1 Y
131 194 5 Y
131 196 4 Y
131 260 6 Y
132 249 5 Y
132 284 1 Y
133 178 3 Y
134 150 6 Y
134 234 1 Y
134 279 4 Y
135 312 3 Y
136 179 4 Y
136 307 7 Y
137 174 7 Y
137 201 7 Y
138 226 2 Y
138 235 2 Y
139 227 5 Y
139 242 5 Y
142 336 6 Y
143 340 1 Y
144 229 7 Y
145 163 2 Y
145 251 5 Y
146 182 3 Y
146 226 2 Y
147 160 1 Y
147 171 5 Y
147 272 6 Y
149 321 7 Y
150 168 6 Y
150 329 5 Y
151 259 4 Y
151 327 5 Y
152 254 2 Y
152 321 2 Y
155 215 1 Y
156 159 3 Y
156 232 1 Y
158 209 2 Y
160 205 7 Y
161 232 3 Y
162 257 4 Y
162 323 6 Y
164 301 7 Y
165 174 4 Y
165 195 2 Y
165 298 1 Y
167 177 1 Y
170 312 6 Y
171 276 4 Y
171 339 3 Y
173 321 5 Y
175 223 5 Y
175 297 7 Y
176 207 6 Y
176 226 3 Y
176 247 1 Y
176 328 5 Y
176 332 4 Y
176 338 4 Y
177 245 4 Y
177 304 4 Y
178 223 4 Y
180 318 2 Y
184 245 6 Y
185 294 3 Y
186 234 7 Y
188 195 7 Y
188 238 7 Y
188 264 5 Y
190 269 3 Y
191 213 4 Y
191 236 6 Y
191 310 4 Y
192 272 7 Y
193 299 3 Y
195 197 1 Y
195 215 5 Y
195 311 4 Y
198 324 2 Y
198 343 7 Y
203 284 2 Y
204 301 2 Y
204 315 1 Y
206 227 2 Y
207 303 4 Y
209 247 2 Y
211 223 7 Y
212 234 6 Y
214 307 1 Y
215 229 5 Y
215 315 6 Y
216 290 7 Y
223 256 2 Y
223 312 6 Y
225 327 2 Y
226 244 5 Y
226 249 3 Y
226 283 7 Y
226 334 4 Y
228 246 7 Y
229 255 2 Y
230 325 4 Y
230 331 5 Y
231 295 4 Y
231 311 2 Y
234 312 5 Y
236 305 7 Y
237 267 3 Y
237 320 7 Y
239 293 5 Y
240 314 5 Y
240 323 7 Y
245 325 4 Y
246 274 1 Y
248 269 3 Y
248 311 5 Y
250 311 3 Y
251 307 3 Y
252 316 6 Y
254 326 3 Y
256 322 5 Y
258 282 2 Y
261 289 4 Y
262 338 1 Y
265 316 7 Y
273 327 1 Y
278 314 4 Y
282 302 1 Y
282 334 5 Y
286 329 7 Y
287 305 4 Y
312 338 1 Y
313 325 1 Y
317 337 2 Y
1 230 16807 G
2 203 2 G
3 71 1 G
4 176 4 G
4 179 7 G
4 281 6 G
5 209 6 G
5 343 2 G
6 75 7 G
6 237 6 G
7 151 6 G
8 16 5 G
8 218 6 G
8 318 5 G
9 315 5 G
10 306 5 G
11 256 6 G
12 105 2 G
12 126 7 G
12 298 1 G
13 203 5 G
13 236 5 G
13 270 3 G
14 187 7 G
15 177 4 G
15 193 4 G
16 30 5 G
16 272 4 G
17 82 5 G
17 104 2 G
17 174 6 G
18 19 7 G
18 201 2 G
20 156 5 G
21 216 2 G
21 257 6 G
22 272 3 G
22 319 3 G
23 103 7 G
24 76 6 G
24 125 7 G
25 92 6 G
25 265 2 G
26 35 3 G
26 123 3 G
27 120 7 G
27 214 2 G
27 280 6 G
28 86 6 G
29 265 3 G
31 272 4 G
32 252 1 G
33 259 7 G
34 248 3 G
36 155 6 G
37 89 6 G
37 241 4 G
38 338 2 G
39 147 1 G
40 63 5 G
40 72 5 G
40 88 1 G
40 193 2 G
40 202 7 G
40 248 4 G
40 260 2 G
41 133 7 G
42 155 7 G
43 213 3 G
44 165 3 G
44 180 3 G
45 252 6 G
46 68 5 G
47 217 1 G
47 326 1 G
48 81 2 G
48 170 3 G
48 269 4 G
49 282 2 G
50 157 7 G
50 234 6 G
51 125 7 G
52 327 1 G
53 254 3 G
54 141 6 G
54 341 4 G
55 163 7 G
56 236 2 G
56 262 2 G
56 328 5 G
57 155 2 G
58 96 1 G
58 302 5 G
59 231 7 G
60 61 7 G
60 100 3 G
60 113 1 G
60 143 5 G
60 151 5 G
60 156 4 G
60 333 4 G
61 246 6 G
62 170 6 G
64 65 6 G
65 70 1 G
65 71 7 G
65 210 3 G
65 236 3 G
65 253 7 G
66 79 6 G
66 163 5 G
66 195 7 G
66 333 5 G
67 176 4 G
68 308 1 G
69 217 3 G
72 140 7 G
72 214 1 G
73 79 3 G
74 76 5 G
76 83 3 G
76 116 4 G
76 154 6 G
76 186 6 G
77 80 3 G
78 156 4 G
78 227 5 G
79 127 6 G
80 152 3 G
83 256 5 G
83 277 3 G
83 293 7 G
84 245 5 G
85 201 4 G
85 216 5 G
85 335 3 G
86 130 3 G
86 145 1 G
87 191 7 G
88 142 3 G
90 161 7 G
90 299 2 G
91 279 4 G
92 229 6 G
92 301 1 G
92 323 7 G
93 256 7 G
94 331 4 G
95 266 2 G
97 230 6 G
98 166 7 G
99 145 1 G
101 227 7 G
102 103 3 G
102 109 4 G
104 278 4 G
104 329 2 G
105 206 5 G
106 122 6 G
106 162 1 G
106 250 2 G
106 334 6 G
107 165 4 G
108 287 1 G
109 143 7 G
109 183 6 G
109 297 7 G
109 338 3 G
110 150 3 G
110 153 1 G
111 277 6 G
112 277 3 G
113 233 2 G
113 245 7 G
113 283 1 G
114 264 1 G
114 287 6 G
115 169 1 G
116 123 3 G
116 158 2 G
116 184 4 G
116 286 7 G
116 302 3 G
117 158 4 G
117 222 1 G
118 168 7 G
118 173 1 G
118 214 2 G
118 249 2 G
119 159 6 G
121 241 2 G
122 144 6 G
122 293 2 G
122 339 6 G
123 143 1 G
123 182 5 G
123 241 1 G
123 244 4 G
123 258 7 G
124 341 3 G
126 182 1 G
128 133 5 G
129 182 7 G
131 152 6 G
132 179 2 G
133 319 5 G
134 141 1 G
135 207 4 G
135 223 7 G
135 224 7 G
135 319 5 G
136 140 4 G
136 221 4 G
136 231 6 G
136 242 5 G
136 332 1 G
137 231 2 G
138 338 1 G
139 147 7 G
139 191 5 G
140 200 5 G
140 269 6 G
140 286 2 G
143 217 6 G
143 330 7 G
145 184 2 G
145 243 1 G
145 307 1 G
145 331 7 G
146 201 3 G
147 319 1 G
148 152 7 G
148 322 7 G
149 203 7 G
151 166 7 G
151 240 4 G
153 258 7 G
154 327 5 G
154 342 3 G
155 289 5 G
155 337 2 G
156 199 7 G
157 168 1 G
158 252 4 G
159 328 6 G
160 308 6 G
161 225 2 G
161 296 6 G
164 328 6 G
165 236 1 G
165 263 3 G
167 302 4 G
169 231 5 G
171 264 5 G
172 226 5 G
175 267 1 G
176 286 3 G
176 321 2 G
178 217 6 G
178 219 2 G
181 199 1 G
182 204 1 G
185 322 5 G
187 227 7 G
187 255 3 G
188 328 6 G
189 190 1 G
189 337 3 G
191 192 2 G
193 294 3 G
194 213 5 G
194 247 4 G
195 320 1 G
196 312 7 G
197 242 6 G
198 292 3 G
200 291 1 G
201 262 5 G
203 237 5 G
205 207 6 G
207 254 5 G
207 324 7 G
208 262 6 G
211 269 7 G
212 343 4 G
213 262 4 G
213 290 2 G
213 309 2 G
214 316 3 G
215 305 3 G
219 284 5 G
220 258 4 G
220 311 5 G
226 335 6 G
228 308 1 G
230 343 1 G
231 304 2 G
231 317 4 G
232 309 3 G
232 313 7 G
235 241 5 G
236 259 5 G
236 279 1 G
236 287 1 G
236 322 1 G
238 293 2 G
239 322 2 G
242 276 3 G
242 301 6 G
248 275 5 G
251 262 1 G
253 341 6 G
261 310 6 G
261 319 5 G
262 292 6 G
264 303 5 G
266 329 4 G
267 300 5 G
268 282 7 G
269 282 5 G
269 296 5 G
271 301 2 G
273 280 5 G
273 340 6 G
274 292 6 G
280 336 1 G
282 329 3 G
283 325 2 G
285 290 4 G
286 287 4 G
286 305 7 G
286 314 2 G
286 319 4 G
287 308 2 G
288 329 2 G
293 343 6 G
295 322 2 G
300 312 5 G
300 330 2 G
302 337 2 G
306 330 3 G
315 337 7 G
1 254 16807 B
2 52 3 B
3 211 3 B
4 303 6 B
5 23 7 B
5 172 3 B
6 136 5 B
7 147 5 B
7 162 6 B
8 323 4 B
9 101 6 B
9 169 5 B
10 59 7 B
11 199 3 B
12 158 1 B
12 211 3 B
12 294 2 B
13 33 4 B
13 227 6 B
13 272 7 B
13 291 3 B
14 25 5 B
14 68 1 B
14 90 3 B
14 295 4 B
15 48 2 B
15 266 6 B
16 110 3 B
17 190 5 B
17 231 6 B
17 338 7 B
18 191 6 B
18 334 5 B
19 154 1 B
19 255 3 B
20 42 2 B
20 203 4 B
20 226 1 B
20 285 7 B
21 36 2 B
21 45 2 B
21 223 2 B
22 32 2 B
22 90 1 B
22 161 2 B
23 214 2 B
24 73 4 B
25 105 2 B
26 46 1 B
26 78 4 B
26 106 6 B
26 163 4 B
26 225 2 B
26 252 7 B
26 273 1 B
26 322 5 B
27 88 2 B
28 78 3 B
28 96 4 B
29 276 5 B
30 192 6 B
31 59 7 B
31 248 4 B
34 38 7 B
34 183 6 B
35 69 1 B
35 126 4 B
35 151 7 B
35 339 5 B
37 124 4 B
37 276 3 B
38 134 3 B
39 323 6 B
40 57 6 B
41 339 6 B
42 89 4 B
42 124 2 B
42 140 2 B
42 159 3 B
42 163 3 B
42 212 4 B
42 227 3 B
42 238 3 B
43 329 6 B
44 120 1 B
44 261 5 B
46 151 1 B
46 180 2 B
46 242 7 B
46 330 1 B
47 319 4 B
48 98 3 B
48 304 2 B
49 185 7 B
50 107 3 B
50 113 7 B
50 115 7 B
50 134 4 B
50 163 7 B
50 222 4 B
50 265 3 B
51 70 3 B
51 103 5 B
51 122 7 B
51 250 3 B
51 307 3 B
51 329 1 B
52 215 7 B
52 273 6 B
53 94 4 B
53 251 3 B
53 304 7 B
54 236 4 B
54 237 7 B
55 66 1 B
56 164 1 B
57 212 3 B
57 332 2 B
58 63 2 B
58 181 4 B
58 297 4 B
58 326 7 B
59 100 2 B
59 195 1 B
59 339 2 B
60 185 4 B
61 155 4 B
62 129 2 B
62 232 1 B
62 341 2 B
64 113 2 B
65 82 6 B
66 200 2 B
67 200 6 B
67 214 2 B
67 273 6 B
68 236 4 B
68 278 4 B
69 88 1 B
69 209 2 B
69 321 7 B
71 131 6 B
71 205 1 B
72 312 6 B
73 240 1 B
74 185 1 B
74 234 3 B
75 193 7 B
75 268 3 B
76 224 1 B
77 129 2 B
79 222 3 B
80 267 4 B
80 280 6 B
81 155 3 B
82 128 5 B
82 148 3 B
82 163 4 B
82 241 2 B
82 302 7 B
83 102 3 B
83 239 2 B
84 205 1 B
84 336 1 B
85 246 7 B
86 203 6 B
86 274 2 B
86 314 2 B
87 146 7 B
87 281 2 B
89 258 1 B
89 303 1 B
90 112 5 B
90 204 7 B
90 273 7 B
91 120 5 B
91 243 4 B
91 286 5 B
92 246 3 B
93 144 5 B
93 210 4 B
93 260 6 B
95 309 1 B
96 257 2 B
97 281 5 B
98 283 2 B
99 208 2 B
101 175 7 B
102 131 4 B
104 145 3 B
107 196 2 B
108 206 4 B
108 291 4 B
109 175 1 B
110 114 1 B
110 155 6 B
110 156 1 B
111 228 1 B
111 309 7 B
113 223 1 B
116 192 1 B
117 342 1 B
118 342 4 B
119 148 4 B
120 156 1 B
120 312 5 B
121 205 5 B
122 142 2 B
123 175 6 B
124 219 4 B
124 235 2 B
125 208 6 B
126 313 5 B
127 156 4 B
130 240 4 B
131 140 2 B
131 187 4 B
131 320 4 B
132 158 6 B
133 342 6 B
135 234 7 B
136 171 2 B
136 202 7 B
136 269 7 B
136 304 4 B
137 305 4 B
138 144 2 B
138 343 6 B
139 168 5 B
141 343 1 B
142 177 6 B
143 175 1 B
144 240 7 B
144 247 6 B
144 327 2 B
144 342 2 B
145 175 4 B
146 160 1 B
146 304 3 B
146 309 3 B
149 333 1 B
150 217 4 B
151 323 3 B
152 182 7 B
152 234 3 B
153 157 6 B
153 227 2 B
153 244 5 B
154 214 6 B
156 192 7 B
156 252 7 B
156 318 6 B
156 343 6 B
158 275 2 B
158 337 3 B
159 174 2 B
160 299 4 B
162 204 4 B
163 199 1 B
163 304 2 B
164 177 5 B
165 225 6 B
166 284 2 B
167 273 4 B
167 292 3 B
168 318 2 B
170 204 2 B
170 293 1 B
173 224 3 B
175 203 6 B
175 277 7 B
176 283 3 B
178 291 6 B
179 264 3 B
181 220 3 B
181 247 1 B
184 200 6 B
184 341 2 B
185 189 6 B
185 304 2 B
185 306 4 B
186 208 4 B
186 288 1 B
187 207 6 B
188 193 4 B
190 263 7 B
190 330 3 B
191 263 3 B
193 254 7 B
193 271 7 B
193 298 7 B
194 217 4 B
197 262 4 B
198 258 5 B
200 298 4 B
200 328 4 B
201 342 3 B
203 208 3 B
203 290 5 B
203 311 6 B
203 315 2 B
208 233 7 B
208 317 5 B
213 305 5 B
214 246 7 B
214 256 1 B
214 259 5 B
216 250 3 B
217 252 1 B
218 275 4 B
219 279 1 B
221 230 4 B
224 227 3 B
224 331 6 B
226 267 3 B
227 262 1 B
227 264 6 B
229 342 4 B
230 271 7 B
234 316 4 B
245 342 7 B
249 338 1 B
253 264 6 B
256 296 3 B
257 325 3 B
258 270 6 B
260 301 4 B
263 287 2 B
268 289 7 B
271 319 4 B
271 333 7 B
282 342 4 B
284 306 4 B
291 305 6 B
291 335 4 B
291 337 5 B
298 307 5 B
300 337 7 B
301 308 7 B
304 310 5 B
313 324 1 B
340 343 3 B
1 257 16807 I
2 96 5 I
3 281 1 I
4 271 7 I
5 84 4 I
6 56 6 I
7 167 1 I
8 59 7 I
8 98 2 I
8 152 5 I
8 181 5 I
8 252 6 I
9 320 1 I
10 151 7 I
10 191 3 I
11 338 5 I
11 343 2 I
12 214 6 I
12 223 3 I
12 322 5 I
13 92 1 I
13 129 5 I
13 214 7 I
13 235 6 I
13 238 1 I
13 328 1 I
14 51 3 I
15 153 3 I
15 224 7 I
15 302 6 I
16 17 1 I
17 255 2 I
17 330 6 I
18 104 1 I
19 46 3 I
19 86 6 I
20 317 2 I
21 39 4 I
21 212 6 I
22 73 2 I
22 144 2 I
22 153 2 I
22 255 4 I
23 212 5 I
23 280 5 I
23 303 6 I
23 307 4 I
24 29 2 I
24 109 5 I
24 138 3 I
24 274 3 I
25 132 5 I
26 120 3 I
26 124 5 I
27 257 5 I
27 276 4 I
28 220 3 I
29 263 1 I
30 248 3 I
31 252 4 I
32 220 5 I
33 60 2 I
33 231 5 I
34 42 3 I
34 71 1 I
34 88 7 I
34 107 1 I
34 247 3 I
35 102 6 I
35 332 4 I
36 202 7 I
37 207 3 I
38 297 1 I
39 72 6 I
39 320 4 I
40 137 1 I
41 117 3 I
42 268 1 I
42 291 2 I
43 59 6 I
44 315 5 I
45 123 5 I
45 213 7 I
46 159 4 I
47 114 2 I
47 195 7 I
47 267 2 I
47 337 7 I
48 213 1 I
49 147 6 I
50 224 1 I
50 249 4 I
50 300 7 I
51 74 2 I
51 161 2 I
52 196 2 I
52 336 2 I
53 222 1 I
54 194 2 I
54 295 4 I
55 322 7 I
56 239 6 I
56 304 3 I
56 316 1 I
57 82 5 I
57 88 4 I
57 96 3 I
57 147 6 I
57 167 7 I
57 222 7 I
58 90 2 I
59 215 1 I
60 68 6 I
60 173 1 I
60 214 1 I
60 287 3 I
61 140 5 I
62 257 4 I
62 282 4 I
62 295 3 I
62 311 6 I
63 97 5 I
64 275 6 I
65 181 2 I
65 189 2 I
65 217 4 I
65 297 3 I
66 297 3 I
67 274 7 I
67 278 5 I
69 79 3 I
69 246 6 I
70 99 4 I
70 251 1 I
72 134 7 I
72 254 5 I
74 284 6 I
74 300 7 I
74 341 6 I
75 228 6 I
75 281 2 I
75 328 2 I
76 174 4 I
77 90 7 I
78 337 3 I
80 221 6 I
80 316 6 I
81 90 2 I
81 93 3 I
82 298 4 I
82 324 1 I
83 329 7 I
84 149 4 I
84 163 6 I
85 147 1 I
86 101 6 I
86 157 2 I
86 260 4 I
86 283 1 I
87 153 7 I
88 135 3 I
88 312 3 I
89 320 2 I
90 331 4 I
91 145 2 I
91 162 3 I
92 160 6 I
94 126 4 I
94 204 4 I
95 119 1 I
96 164 3 I
97 180 4 I
97 320 5 I
99 105 5 I
100 313 1 I
101 129 4 I
101 331 5 I
101 337 2 I
102 105 2 I
102 130 2 I
103 230 6 I
103 262 2 I
104 213 4 I
105 182 7 I
105 205 6 I
105 214 5 I
106 321 6 I
107 149 5 I
108 239 7 I
110 127 4 I
111 125 6 I
112 329 2 I
113 295 7 I
115 183 3 I
115 237 6 I
116 227 3 I
117 302 7 I
118 120 7 I
119 249 1 I
120 139 6 I
120 184 7 I
120 316 4 I
120 328 7 I
121 289 1 I
121 335 3 I
122 147 6 I
125 181 4 I
125 294 5 I
127 316 4 I
128 328 7 I
131 158 5 I
131 301 6 I
132 148 2 I
132 332 1 I
133 294 5 I
133 313 2 I
134 214 2 I
134 306 7 I
135 181 5 I
135 302 7 I
136 207 6 I
137 328 2 I
139 200 1 I
140 147 5 I
141 163 4 I
142 312 4 I
143 288 2 I
144 244 3 I
146 197 2 I
146 331 3 I
149 171 7 I
150 220 3 I
151 203 6 I
153 158 5 I
153 188 2 I
153 213 4 I
153 270 2 I
154 242 6 I
154 253 6 I
154 285 1 I
154 321 5 I
155 235 1 I
156 206 5 I
156 222 7 I
157 237 4 I
157 299 6 I
158 174 4 I
158 342 2 I
160 216 7 I
162 172 3 I
162 207 4 I
162 317 5 I
164 175 4 I
164 269 3 I
165 261 2 I
166 281 1 I
168 173 1 I
169 272 1 I
170 177 3 I
171 246 6 I
171 335 2 I
174 310 5 I
176 311 3 I
177 302 7 I
178 221 5 I
179 211 2 I
181 214 3 I
181 318 6 I
182 209 4 I
185 215 5 I
186 204 2 I
187 200 6 I
188 199 3 I
189 323 7 I
190 202 6 I
190 336 6 I
191 311 4 I
192 201 5 I
192 227 2 I
193 211 6 I
193 307 7 I
198 337 1 I
199 305 5 I
202 218 2 I
204 208 3 I
207 208 1 I
207 214 2 I
207 295 3 I
207 309 2 I
207 336 6 I
208 253 4 I
208 315 1 I
210 327 2 I
212 233 6 I
213 292 3 I
214 265 3 I
215 314 3 I
219 223 4 I
220 240 7 I
220 249 3 I
224 264 1 I
224 326 6 I
225 306 4 I
226 261 3 I
227 328 3 I
229 310 2 I
230 236 3 I
232 245 4 I
232 318 5 I
232 329 4 I
234 272 5 I
234 306 6 I
236 261 3 I
236 312 4 I
241 334 4 I
243 254 2 I
246 258 2 I
248 332 1 I
250 330 4 I
255 333 6 I
255 338 2 I
256 325 1 I
256 327 6 I
259 285 3 I
261 334 4 I
264 290 3 I
266 323 4 I
270 319 7 I
271 274 1 I
271 279 1 I
272 277 3 I
273 338 4 I
274 312 1 I
275 328 7 I
286 302 7 I
288 328 3 I
293 297 2 I
296 309 3 I
297 340 7 I
308 315 2 I
313 327 5 I
329 339 6 I
1 144 16807 V
2 8 3 V
2 261 5 V
2 267 5 V
2 337 6 V
3 58 2 V
3 148 2 V
3 189 5 V
3 241 4 V
3 325 5 V
4 171 7 V
4 327 6 V
5 299 6 V
6 131 5 V
6 185 2 V
6 195 2 V
6 226 7 V
7 32 5 V
7 228 2 V
9 222 6 V
10 176 4 V
10 251 5 V
11 115 5 V
11 331 1 V
12 320 6 V
13 161 4 V
13 320 3 V
14 43 1 V
15 123 3 V
15 197 7 V
15 325 2 V
16 47 7 V
17 113 1 V
18 91 5 V
18 267 6 V
19 115 5 V
19 151 2 V
20 235 5 V
21 50 1 V
22 208 2 V
23 49 7 V
23 89 3 V
24 57 6 V
24 160 5 V
24 218 3 V
25 63 1 V
26 210 6 V
27 45 7 V
27 183 1 V
27 198 4 V
27 213 4 V
28 240 3 V
29 115 7 V
29 317 4 V
30 64 5 V
30 280 1 V
31 40 1 V
31 48 3 V
31 62 1 V
31 75 7 V
32 141 6 V
32 269 6 V
33 103 6 V
34 41 7 V
35 51 7 V
35 311 1 V
36 178 2 V
36 220 5 V
36 330 3 V
37 250 4 V
38 119 7 V
38 145 7 V
38 152 2 V
39 227 6 V
39 267 5 V
41 48 3 V
41 113 7 V
41 284 3 V
41 309 4 V
41 325 2 V
42 55 5 V
42 244 3 V
43 86 7 V
44 111 7 V
44 296 1 V
45 67 7 V
45 76 6 V
45 184 4 V
46 78 4 V
46 275 1 V
47 343 7 V
48 77 6 V
48 138 7 V
48 169 1 V
48 184 2 V
48 287 5 V
50 117 1 V
50 314 4 V
50 328 2 V
51 109 7 V
51 184 5 V
52 81 1 V
52 129 4 V
52 177 1 V
52 239 3 V
52 334 3 V
53 56 1 V
53 285 3 V
54 171 3 V
56 77 6 V
56 268 3 V
57 95 2 V
57 128 6 V
57 172 1 V
57 274 5 V
57 325 6 V
58 143 6 V
59 129 7 V
60 166 5 V
61 309 4 V
63 326 6 V
64 74 1 V
65 224 3 V
66 102 5 V
66 311 7 V
67 186 4 V
68 139 6 V
68 300 5 V
69 72 2 V
70 295 1 V
71 272 4 V
72 113 4 V
73 239 6 V
74 83 1 V
74 174 7 V
74 299 1 V
75 286 1 V
77 166 4 V
77 180 6 V
77 222 1 V
77 230 1 V
78 201 3 V
78 291 5 V
79 327 4 V
80 106 3 V
80 289 5 V
82 155 6 V
82 282 3 V
83 135 7 V
84 308 1 V
85 117 7 V
86 196 5 V
87 242 7 V
88 293 6 V
89 133 3 V
89 271 6 V
90 95 2 V
90 336 2 V
92 293 1 V
93 187 7 V
94 175 6 V
96 184 6 V
96 294 7 V
97 242 4 V
98 247 4 V
99 251 6 V
100 131 4 V
101 154 5 V
103 192 1 V
104 309 4 V
105 259 4 V
106 129 6 V
106 173 5 V
107 266 7 V
107 281 6 V
108 319 7 V
109 283 5 V
109 304 6 V
110 274 5 V
110 321 1 V
112 224 5 V
112 259 5 V
112 266 4 V
113 117 7 V
114 270 5 V
114 334 6 V
115 139 1 V
115 182 1 V
115 184 2 V
116 253 7 V
117 238 1 V
117 260 7 V
118 296 3 V
118 322 4 V
120 274 2 V
120 326 2 V
121 150 7 V
122 190 1 V
124 180 5 V
125 296 5 V
126 244 4 V
127 183 6 V
127 276 2 V
128 150 1 V
128 187 4 V
128 220 5 V
128 233 3 V
128 248 6 V
128 318 7 V
129 255 7 V
130 217 2 V
131 144 7 V
131 200 7 V
131 319 3 V
132 245 5 V
134 244 6 V
135 194 1 V
135 236 7 V
135 244 2 V
135 274 5 V
135 288 5 V
135 298 4 V
136 222 2 V
137 155 3 V
137 171 5 V
140 194 5 V
140 313 2 V
142 271 2 V
143 302 4 V
145 250 3 V
146 219 4 V
146 262 4 V
146 318 5 V
147 221 4 V
149 162 4 V
149 167 2 V
149 220 5 V
149 301 6 V
150 199 1 V
153 269 4 V
154 166 2 V
155 237 3 V
155 296 4 V
155 339 3 V
156 172 3 V
156 190 2 V
156 224 1 V
157 201 1 V
158 312 6 V
159 308 5 V
163 316 7 V
164 206 3 V
165 191 3 V
165 274 4 V
165 316 1 V
165 332 2 V
168 244 6 V
169 215 7 V
169 216 3 V
169 250 4 V
169 254 6 V
169 343 6 V
170 172 2 V
172 202 3 V
172 341 5 V
174 223 4 V
175 192 5 V
179 181 6 V
179 235 6 V
179 334 4 V
180 208 5 V
181 256 7 V
182 295 6 V
183 204 1 V
184 225 3 V
184 296 1 V
188 267 3 V
189 211 5 V
192 250 4 V
193 217 2 V
195 305 2 V
196 210 1 V
202 292 5 V
202 324 2 V
203 213 2 V
205 293 4 V
206 250 5 V
206 252 6 V
207 215 7 V
209 224 5 V
210 244 3 V
212 251 3 V
212 290 5 V
213 240 2 V
214 267 7 V
215 234 1 V
217 243 7 V
217 257 5 V
217 308 7 V
217 325 1 V
220 333 4 V
221 309 2 V
224 263 3 V
229 330 3 V
231 248 1 V
232 308 7 V
235 274 3 V
236 273 1 V
238 245 4 V
238 247 7 V
238 271 5 V
239 340 7 V
241 290 3 V
241 335 2 V
242 335 3 V
245 253 4 V
245 303 7 V
245 329 6 V
246 303 3 V
249 318 1 V
250 319 3 V
253 310 5 V
253 342 4 V
258 296 2 V
261 307 4 V
264 325 5 V
265 336 2 V
267 325 4 V
269 274 2 V
269 275 1 V
272 311 7 V
275 338 4 V
277 307 5 V
278 291 4 V
279 315 7 V
293 311 1 V
297 299 7 V
306 319 1 V
312 334 1 V
315 316 5 V
320 326 3 V
323 325 7 V
18 76 6 Y
75 173 1 I
137 214 5 Y
225 263 2 O
140 195 1 B
162 250 3 Y
324 328 1 V
