343 2401
1 325 16807 R
2 39 6 R
2 150 3 R
3 37 7 R
3 249 4 R
4 194 5 R
5 105 6 R
6 145 4 R
6 226 3 R
7 246 2 R
8 94 5 R
9 46 2 R
9 80 1 R
9 301 7 R
10 199 1 R
11 216 7 R
11 319 1 R
12 140 5 R
13 164 6 R
13 191 3 R
14 107 6 R
14 340 7 R
15 93 7 R
15 221 6 R
15 319 6 R
16 36 2 R
16 49 1 R
16 277 7 R
16 288 2 R
16 342 5 R
17 181 7 R
18 54 3 R
18 61 4 R
18 70 5 R
18 223 2 R
18 228 6 R
19 295 6 R
20 201 2 R
21 22 2 R
22 214 6 R
23 300 3 R
24 219 7 R
25 288 6 R
26 68 4 R
27 100 4 R
28 287 1 R
29 233 3 R
30 79 7 R
30 195 7 R
30 246 7 R
31 44 2 R
31 220 3 R
32 213 4 R
32 243 5 R
32 271 7 R
32 315 2 R
33 96 3 R
33 292 3 R
34 181 2 R
35 156 5 R
35 176 1 R
35 244 2 R
35 279 5 R
36 155 6 R
36 215 5 R
36 281 6 R
37 218 2 R
37 233 4 R
37 319 2 R
37 336 7 R
38 130 1 R
38 239 3 R
40 94 4 R
40 101 1 R
40 133 3 R
41 170 3 R
42 195 7 R
42 339 6 R
43 113 7 R
43 313 4 R
44 82 1 R
44 98 1 R
44 229 2 R
44 252 6 R
44 332 7 R
45 94 2 R
47 54 3 R
47 125 4 R
47 267 1 R
47 271 2 R
47 274 3 R
47 295 2 R
47 316 2 R
47 319 6 R
47 330 2 R
48 318 7 R
49 334 4 R
50 187 2 R
51 300 6 R
52 94 2 R
52 125 2 R
52 128 4 R
52 163 5 R
52 305 2 R
53 68 1 R
54 63 1 R
54 119 6 R
54 149 4 R
54 152 3 R
54 164 6 R
54 205 5 R
54 241 5 R
54 332 6 R
54 335 6 R
54 343 5 R
55 214 1 R
56 192 6 R
57 111 3 R
58 198 5 R
59 108 6 R
60 343 7 R
61 230 7 R
62 210 5 R
63 238 2 R
64 205 4 R
65 151 4 R
65 256 6 R
66 117 1 R
67 95 4 R
67 312 3 R
68 195 2 R
69 167 2 R
69 307 7 R
71 183 5 R
71 274 1 R
72 195 7 R
72 227 3 R
73 141 7 R
73 282 5 R
73 308 3 R
74 157 2 R
74 234 2 R
74 315 3 R
75 94 5 R
75 326 1 R
76 144 1 R
77 292 3 R
78 252 3 R
80 200 6 R
80 248 2 R
80 340 1 R
81 206 4 R
82 303 4 R
83 145 1 R
83 310 2 R
84 125 3 R
84 127 7 R
84 341 5 R
85 188 7 R
86 111 1 R
87 221 5 R
87 323 3 R
88 90 5 R
89 151 4 R
90 175 3 R
90 265 7 R
90 274 7 R
91 161 1 R
92 206 4 R
92 223 3 R
94 194 7 R
94 321 5 R
95 300 5 R
97 315 3 R
98 123 1 R
99 302 2 R
100 297 6 R
102 114 1 R
102 230 3 R
103 272 2 R
104 206 4 R
105 210 2 R
105 264 3 R
105 302 4 R
106 210 3 R
107 142 6 R
108 178 1 R
108 253 4 R
109 126 2 R
109 128 4 R
109 268 5 R
110 120 4 R
110 261 4 R
111 280 1 R
111 286 2 R
111 332 3 R
112 162 2 R
112 174 7 R
112 252 2 R
113 173 1 R
115 122 7 R
115 291 5 R
116 227 3 R
116 317 1 R
117 244 7 R
118 133 5 R
119 178 6 R
120 171 2 R
121 154 1 R
124 128 7 R
124 204 2 R
129 282 1 R
131 189 3 R
132 152 4 R
134 153 5 R
135 292 7 R
136 214 7 R
137 150 6 R
138 309 7 R
138 334 6 R
139 182 2 R
139 232 7 R
140 342 1 R
141 153 7 R
143 271 4 R
144 319 6 R
145 261 2 R
145 332 3 R
146 248 7 R
147 151 5 R
148 271 2 R
150 275 5 R
150 302 5 R
151 221 2 R
153 258 3 R
154 316 5 R
155 306 7 R
156 189 3 R
156 239 7 R
156 274 1 R
158 274 3 R
159 222 7 R
159 302 7 R
160 235 7 R
161 307 4 R
162 231 1 R
162 254 7 R
164 270 6 R
164 337 1 R
164 342 5 R
165 218 7 R
166 342 5 R
168 262 4 R
168 326 6 R
169 289 3 R
170 177 6 R
170 181 7 R
170 187 6 R
170 291 4 R
172 182 4 R
173 315 2 R
175 180 4 R
176 203 4 R
176 289 6 R
176 292 7 R
177 197 1 R
177 295 4 R
177 340 6 R
179 198 7 R
181 269 7 R
182 190 2 R
182 260 6 R
183 196 3 R
184 195 7 R
185 340 7 R
186 263 2 R
187 331 2 R
188 299 2 R
189 202 6 R
190 211 2 R
190 236 1 R
190 258 7 R
191 273 3 R
192 210 2 R
192 219 4 R
192 240 7 R
193 260 5 R
195 319 3 R
198 211 5 R
198 340 3 R
199 205 2 R
201 239 2 R
206 333 1 R
207 272 6 R
208 271 6 R
209 332 2 R
210 263 6 R
210 322 1 R
212 235 2 R
214 340 6 R
217 254 4 R
220 266 3 R
224 225 1 R
224 319 1 R
224 328 6 R
230 250 7 R
235 277 7 R
236 298 6 R
237 302 6 R
239 276 2 R
242 248 1 R
245 296 4 R
245 320 2 R
247 331 2 R
251 301 7 R
252 284 7 R
252 293 1 R
254 283 7 R
255 312 7 R
257 292 1 R
258 259 4 R
258 318 3 R
263 315 3 R
267 300 1 R
272 284 4 R
276 327 2 R
278 337 7 R
280 314 2 R
280 329 7 R
283 324 3 R
284 307 7 R
284 325 7 R
285 322 3 R
287 290 6 R
290 292 4 R
294 306 3 R
297 340 1 R
299 304 4 R
304 321 4 R
305 338 6 R
311 315 5 R
319 320 1 R
1 318 16807 O
2 71 4 O
2 185 6 O
3 197 6 O
4 73 1 O
4 86 5 O
4 245 4 O
5 10 2 O
6 43 6 O
6 129 5 O
7 13 5 O
7 243 7 O
8 18 4 O
9 105 4 O
9 122 2 O
10 155 2 O
10 206 5 O
10 277 2 O
10 313 3 O
11 83 6 O
12 26 3 O
12 139 5 O
12 215 2 O
12 250 4 O
13 104 1 O
13 162 3 O
14 76 5 O
14 146 2 O
15 248 3 O
16 164 2 O
17 41 2 O
17 54 2 O
17 131 5 O
17 138 4 O
17 340 1 O
18 245 5 O
19 255 7 O
20 168 3 O
21 41 7 O
21 51 4 O
21 106 4 O
21 317 6 O
22 84 6 O
22 140 1 O
22 225 5 O
23 46 7 O
23 50 3 O
23 192 7 O
23 250 5 O
23 279 1 O
23 334 6 O
24 104 5 O
25 163 3 O
25 173 3 O
25 178 5 O
25 219 5 O
25 264 2 O
26 231 4 O
27 213 6 O
28 61 4 O
29 258 2 O
30 186 1 O
31 58 5 O
31 59 6 O
31 201 6 O
32 47 6 O
32 219 6 O
32 302 1 O
32 316 5 O
33 129 1 O
33 303 7 O
34 41 3 O
35 342 2 O
36 129 1 O
37 103 4 O
37 201 5 O
38 243 7 O
39 246 6 O
39 283 1 O
39 322 2 O
40 237 5 O
41 125 4 O
41 150 4 O
41 201 1 O
41 205 6 O
41 206 4 O
42 200 1 O
44 74 6 O
44 317 2 O
45 101 6 O
45 253 2 O
46 89 3 O
46 263 2 O
47 207 4 O
48 228 3 O
48 269 2 O
49 52 4 O
49 130 6 O
50 160 5 O
50 255 5 O
50 282 7 O
51 68 4 O
51 111 7 O
51 172 5 O
52 180 1 O
53 161 2 O
55 178 2 O
56 63 3 O
56 194 4 O
57 291 4 O
58 318 4 O
60 83 4 O
60 92 3 O
60 211 5 O
60 230 5 O
61 285 2 O
61 308 5 O
62 175 6 O
63 104 5 O
63 309 7 O
63 319 3 O
64 160 6 O
64 242 4 O
65 135 2 O
65 212 7 O
66 186 4 O
66 235 3 O
66 315 4 O
67 158 2 O
67 205 7 O
69 197 7 O
70 241 2 O
71 110 3 O
71 188 1 O
72 114 5 O
75 297 6 O
77 127 7 O
77 215 4 O
78 147 1 O
79 177 1 O
80 142 4 O
81 309 2 O
82 244 4 O
82 338 2 O
83 90 6 O
83 104 5 O
83 157 1 O
83 238 5 O
83 245 5 O
83 271 2 O
84 297 3 O
85 270 4 O
87 219 4 O
88 339 1 O
89 222 1 O
90 93 5 O
90 227 7 O
91 139 7 O
92 322 6 O
94 285 5 O
95 113 2 O
95 223 7 O
95 234 3 O
95 269 3 O
96 340 2 O
97 311 4 O
98 262 1 O
99 265 2 O
99 317 3 O
100 279 1 O
100 330 7 O
101 309 1 O
101 335 4 O
102 187 2 O
102 249 5 O
104 192 7 O
104 337 6 O
105 237 1 O
107 131 3 O
108 190 2 O
108 327 3 O
109 166 4 O
110 192 2 O
111 112 6 O
111 224 4 O
114 152 3 O
114 201 6 O
115 139 6 O
115 175 3 O
116 236 2 O
116 280 3 O
117 119 1 O
117 300 1 O
117 331 7 O
118 243 2 O
118 311 4 O
119 129 7 O
119 195 6 O
119 249 5 O
120 159 7 O
121 256 3 O
121 267 4 O
123 168 5 O
123 321 7 O
124 294 6 O
126 278 7 O
128 163 7 O
128 252 1 O
129 307 5 O
130 190 1 O
130 192 6 O
130 274 2 O
130 301 1 O
131 272 5 O
132 308 3 O
133 139 5 O
134 136 5 O
134 259 4 O
135 241 2 O
137 324 4 O
138 147 6 O
139 239 3 O
139 256 4 O
139 320 5 O
139 323 3 O
140 208 4 O
140 268 1 O
141 192 7 O
142 277 1 O
143 200 1 O
144 261 3 O
145 298 3 O
146 298 4 O
148 169 2 O
148 218 6 O
148 230 5 O
149 165 3 O
149 220 5 O
151 296 3 O
153 257 5 O
153 341 6 O
154 223 2 O
156 270 7 O
156 329 4 O
159 233 7 O
161 178 4 O
163 259 7 O
163 294 7 O
164 279 5 O
166 199 3 O
167 230 4 O
167 290 1 O
168 283 1 O
170 189 4 O
171 299 7 O
173 229 5 O
173 254 3 O
173 281 1 O
174 315 5 O
176 317 5 O
177 200 7 O
178 216 6 O
179 248 2 O
181 220 4 O
182 300 3 O
183 213 2 O
184 285 1 O
189 194 6 O
191 237 2 O
193 264 6 O
196 265 3 O
197 315 2 O
198 288 5 O
199 203 4 O
200 243 5 O
202 323 2 O
203 261 7 O
203 280 5 O
204 310 7 O
206 279 6 O
206 285 1 O
208 213 5 O
208 295 1 O
208 322 1 O
209 336 7 O
210 253 1 O
214 234 1 O
214 273 4 O
214 324 3 O
217 281 7 O
219 257 3 O
219 269 3 O
219 279 2 O
220 258 3 O
220 298 6 O
220 336 6 O
221 335 1 O
226 244 4 O
229 287 5 O
232 233 1 O
232 337 6 O
234 251 4 O
234 339 3 O
237 249 5 O
237 258 5 O
240 244 4 O
240 290 3 O
241 288 6 O
241 315 1 O
243 328 4 O
245 270 4 O
245 284 4 O
247 258 5 O
248 282 6 O
249 275 4 O
249 337 3 O
252 332 1 O
254 293 7 O
255 262 4 O
260 276 2 O
261 289 1 O
261 315 4 O
265 306 7 O
266 315 3 O
271 325 3 O
276 282 3 O
278 289 2 O
282 315 5 O
282 342 5 O
286 300 1 O
288 292 2 O
288 299 3 O
291 313 4 O
294 326 6 O
296 317 4 O
300 333 1 O
304 334 6 O
305 337 1 O
309 343 6 O
310 311 6 O
312 330 5 O
314 324 5 O
1 241 16807 Y
2 253 1 Y
3 337 5 Y
4 141 2 Y
5 202 7 Y
6 113 2 Y
7 12 4 Y
7 266 3 Y
8 190 7 Y
9 135 6 Y
9 295 6 Y
10 133 4 Y
11 43 6 Y
11 172 2 Y
13 280 1 Y
14 26 2 Y
14 279 3 Y
15 293 2 Y
16 326 5 Y
17 130 3 Y
17 300 6 Y
18 210 5 Y
19 57 7 Y
19 173 7 Y
19 269 5 Y
20 167 4 Y
20 190 7 Y
20 207 2 Y
20 214 7 Y
20 284 3 Y
21 111 1 Y
22 327 1 Y
23 218 1 Y
23 247 3 Y
23 308 6 Y
24 86 3 Y
25 276 4 Y
26 35 1 Y
26 169 7 Y
26 272 4 Y
26 291 3 Y
27 44 5 Y
27 65 3 Y
27 66 5 Y
28 242 7 Y
29 162 6 Y
30 95 2 Y
30 148 4 Y
30 256 6 Y
31 310 4 Y
32 252 3 Y
33 84 5 Y
33 239 4 Y
33 286 2 Y
34 124 2 Y
34 129 1 Y
34 333 7 Y
35 136 2 Y
36 70 5 Y
36 81 2 Y
37 106 5 Y
37 203 6 Y
38 169 1 Y
39 271 2 Y
40 68 3 Y
41 77 7 Y
41 269 2 Y
42 215 5 Y
42 309 7 Y
43 150 1 Y
43 239 2 Y
45 177 5 Y
46 332 5 Y
47 69 4 Y
48 178 2 Y
49 342 7 Y
50 196 1 Y
50 285 3 Y
50 329 5 Y
51 105 3 Y
52 81 2 Y
53 284 4 Y
54 95 6 Y
54 176 5 Y
55 256 2 Y
55 262 3 Y
56 60 2 Y
56 204 3 Y
56 274 7 Y
56 330 4 Y
58 205 2 Y
58 221 6 Y
59 160 5 Y
59 261 7 Y
60 213 2 Y
60 272 5 Y
60 331 5 Y
61 273 4 Y
61 297 6 Y
62 190 7 Y
63 260 3 Y
63 306 1 Y
64 326 2 Y
65 230 5 Y
65 303 7 Y
65 305 6 Y
67 146 4 Y
67 305 6 Y
68 161 4 Y
68 183 1 Y
68 322 7 Y
69 322 2 Y
71 192 5 Y
71 323 5 Y
72 177 3 Y
72 229 6 Y
73 215 5 Y
73 236 3 Y
73 338 1 Y
74 83 7 Y
74 305 3 Y
75 110 3 Y
75 140 4 Y
75 328 4 Y
76 120 1 Y
76 270 6 Y
76 318 7 Y
76 339 4 Y
78 114 1 Y
78 266 3 Y
78 311 2 Y
79 321 7 Y
80 180 6 Y
81 311 7 Y
82 90 1 Y
82 169 7 Y
82 298 1 Y
83 89 2 Y
85 182 1 Y
86 121 3 Y
86 331 6 Y
87 124 5 Y
88 226 4 Y
88 279 3 Y
89 95 4 Y
89 98 2 Y
89 99 6 Y
89 135 1 Y
89 185 6 Y
89 187 2 Y
89 290 6 Y
89 308 3 Y
89 328 7 Y
91 258 3 Y
92 283 7 Y
93 191 1 Y
93 265 5 Y
93 326 2 Y
94 200 2 Y
94 202 2 Y
95 264 5 Y
96 337 5 Y
97 241 5 Y
98 199 6 Y
98 269 2 Y
99 102 7 Y
99 144 5 Y
99 174 4 Y
100 224 1 Y
101 137 1 Y
101 236 3 Y
101 296 3 Y
102 152 1 Y
102 163 1 Y
102 273 2 Y
103 337 7 Y
104 217 2 Y
104 266 5 Y
105 118 2 Y
107 179 1 Y
108 214 5 Y
108 313 1 Y
109 299 6 Y
110 123 7 Y
110 228 6 Y
110 257 2 Y
111 166 6 Y
112 126 7 Y
112 220 5 Y
112 326 2 Y
113 122 5 Y
113 314 4 Y
115 192 7 Y
116 266 5 Y
116 315 4 Y
116 342 6 Y
117 144 4 Y
118 280 1 Y
119 218 1 Y
120 184 3 Y
120 272 1 Y
123 157 3 Y
123 325 5 Y
125 213 1 Y
127 231 3 Y
128 312 5 Y
128 319 4 Y
129 154 5 Y
129 155 7 Y
130 211 4 Y
131 177 2 Y
132 242 7 Y
132 270 6 Y
133 147 1 Y
133 258 1 Y
134 218 3 Y
138 316 1 Y
138 324 6 Y
139 224 7 Y
139 268 7 Y
141 190 1 Y
141 254 6 Y
142 177 5 Y
143 267 3 Y
144 198 6 Y
145 149 7 Y
148 240 2 Y
149 181 4 Y
149 280 6 Y
149 334 7 Y
151 180 2 Y
152 288 4 Y
152 321 5 Y
153 343 1 Y
154 218 5 Y
156 218 1 Y
157 340 4 Y
158 278 3 Y
159 167 2 Y
161 308 4 Y
162 268 4 Y
163 182 7 Y
163 208 7 Y
164 323 3 Y
165 334 7 Y
166 185 5 Y
166 314 2 Y
167 263 6 Y
168 266 3 Y
169 260 1 Y
169 271 1 Y
170 315 5 Y
171 192 2 Y
171 301 5 Y
175 233 3 Y
175 242 7 Y
176 237 6 Y
177 292 5 Y
177 337 7 Y
178 233 5 Y
179 201 7 Y
179 283 2 Y
179 312 2 Y
179 324 3 Y
179 328 3 Y
180 253 4 Y
180 331 7 Y
181 320 5 Y
184 222 2 Y
186 190 4 Y
187 343 5 Y
188 196 2 Y
189 216 6 Y
190 246 3 Y
192 290 3 Y
193 328 7 Y
194 327 1 Y
195 244 4 Y
195 258 2 Y
195 328 2 Y
197 231 3 Y
197 236 3 Y
201 252 3 Y
202 267 2 Y
203 215 1 Y
204 206 1 Y
205 211 3 Y
205 259 4 Y
209 342 3 Y
210 334 4 Y
211 214 3 Y
211 289 2 Y
212 291 6 Y
215 247 2 Y
215 307 1 Y
215 327 3 Y
216 253 4 Y
218 251 5 Y
218 261 3 Y
219 258 5 Y
219 282 6 Y
223 278 5 Y
223 341 3 Y
225 261 1 Y
225 304 1 Y
227 337 7 Y
232 343 4 Y
234 279 1 Y
235 258 5 Y
238 273 2 Y
239 271 4 Y
241 291 5 Y
243 277 2 Y
244 317 7 Y
245 259 2 Y
248 287 3 Y
249 284 6 Y
250 308 1 Y
255 331 5 Y
257 293 7 Y
258 299 2 Y
261 285 2 Y
266 267 2 Y
266 278 6 Y
267 277 6 Y
268 272 7 Y
268 326 6 Y
272 292 2 Y
272 328 4 Y
275 322 2 Y
276 331 2 Y
277 284 7 Y
277 328 1 Y
280 328 5 Y
281 332 2 Y
284 335 3 Y
287 331 4 Y
294 337 7 Y
302 331 1 Y
307 336 2 Y
310 342 3 Y
326 332 7 Y
1 275 16807 G
2 92 3 G
3 28 1 G
3 248 3 G
3 250 6 G
3 273 4 G
4 316 6 G
5 87 6 G
6 149 2 G
6 273 7 G
7 62 2 G
8 41 1 G
8 139 5 G
8 220 1 G
8 221 7 G
9 167 1 G
9 182 6 G
9 298 5 G
9 339 4 G
10 222 4 G
11 101 6 G
12 37 6 G
13 342 5 G
14 44 5 G
14 254 6 G
15 44 5 G
15 107 5 G
15 304 1 G
16 280 1 G
17 64 6 G
17 75 3 G
17 156 7 G
17 162 6 G
17 214 3 G
17 224 3 G
17 259 3 G
17 320 1 G
18 181 7 G
19 105 3 G
19 291 1 G
20 55 6 G
21 59 6 G
22 226 6 G
22 306 5 G
23 32 6 G
24 53 7 G
25 102 6 G
25 258 6 G
26 148 2 G
27 117 3 G
28 78 6 G
28 246 6 G
29 52 4 G
29 313 7 G
30 116 4 G
31 100 7 G
31 116 5 G
31 159 1 G
31 217 7 G
32 189 7 G
32 290 7 G
32 303 5 G
32 321 1 G
33 64 6 G
34 331 1 G
34 332 1 G
35 59 5 G
36 312 5 G
37 60 1 G
37 120 1 G
37 278 5 G
38 152 1 G
39 52 7 G
39 222 7 G
40 130 3 G
41 197 4 G
42 252 4 G
43 105 4 G
43 111 7 G
43 115 3 G
44 157 2 G
44 205 5 G
45 121 4 G
45 153 3 G
46 57 7 G
47 269 6 G
48 172 1 G
49 102 5 G
50 86 2 G
51 265 2 G
52 339 4 G
52 342 4 G
53 99 6 G
54 153 2 G
55 127 4 G
56 71 1 G
56 144 5 G
56 337 4 G
57 267 2 G
57 320 7 G
57 337 3 G
58 251 5 G
59 96 2 G
59 201 2 G
59 264 1 G
60 251 2 G
61 205 2 G
62 101 7 G
62 343 4 G
63 261 5 G
64 67 1 G
64 166 2 G
64 180 4 G
64 196 6 G
64 264 7 G
64 280 5 G
64 282 1 G
64 293 1 G
65 326 1 G
66 81 3 G
68 324 4 G
69 285 5 G
70 277 6 G
70 333 4 G
72 179 4 G
73 313 5 G
74 135 4 G
74 228 2 G
74 233 2 G
75 334 7 G
76 176 4 G
76 225 4 G
77 178 3 G
79 148 3 G
79 274 7 G
80 294 6 G
80 325 3 G
81 172 4 G
81 304 5 G
82 125 4 G
83 108 4 G
83 132 3 G
83 200 2 G
83 315 1 G
83 339 2 G
84 102 7 G
84 216 6 G
85 226 2 G
85 231 4 G
86 189 6 G
87 106 1 G
87 115 4 G
87 300 4 G
88 296 1 G
89 273 5 G
90 98 1 G
91 282 1 G
92 105 7 G
92 127 2 G
93 182 1 G
94 225 7 G
95 324 1 G
96 269 6 G
97 166 3 G
98 219 2 G
99 179 3 G
101 149 6 G
101 218 4 G
101 263 1 G
102 145 4 G
102 188 7 G
102 271 1 G
102 280 1 G
103 338 4 G
104 201 2 G
105 299 5 G
107 283 5 G
108 169 7 G
109 152 2 G
110 128 3 G
110 170 6 G
110 187 3 G
110 221 2 G
111 148 1 G
111 179 4 G
111 205 3 G
111 249 6 G
111 262 7 G
111 339 2 G
112 308 5 G
112 311 4 G
113 207 6 G
114 153 2 G
114 173 7 G
115 239 5 G
115 266 1 G
115 312 6 G
117 205 4 G
118 297 1 G
119 161 4 G
122 146 2 G
122 148 3 G
123 293 6 G
124 326 6 G
125 130 3 G
125 245 2 G
126 219 4 G
129 205 1 G
131 292 2 G
132 143 5 G
132 153 6 G
133 295 5 G
134 140 2 G
134 227 3 G
135 276 3 G
135 297 6 G
136 224 5 G
137 223 5 G
138 211 2 G
139 285 1 G
140 170 1 G
141 199 6 G
142 329 1 G
143 163 4 G
144 155 2 G
144 238 7 G
145 253 7 G
146 279 6 G
147 208 4 G
148 232 1 G
149 158 1 G
149 229 6 G
150 272 6 G
151 276 2 G
152 265 3 G
154 185 3 G
154 276 2 G
154 341 4 G
156 289 4 G
158 192 4 G
159 213 7 G
160 189 3 G
160 340 7 G
161 283 3 G
162 309 5 G
164 326 3 G
165 237 2 G
165 316 6 G
167 186 4 G
167 318 1 G
168 182 2 G
168 256 5 G
171 317 3 G
174 213 3 G
174 245 7 G
175 316 4 G
177 296 3 G
178 342 5 G
179 223 5 G
179 235 3 G
179 278 1 G
179 284 2 G
181 286 5 G
183 245 1 G
184 262 5 G
190 314 7 G
191 336 7 G
193 194 1 G
193 322 4 G
195 276 3 G
196 331 6 G
198 257 3 G
199 226 6 G
199 243 6 G
199 249 1 G
199 303 2 G
201 219 3 G
202 257 4 G
202 293 5 G
202 305 7 G
203 313 4 G
204 299 7 G
204 330 2 G
205 213 7 G
205 296 1 G
206 243 2 G
206 261 4 G
206 329 7 G
207 235 2 G
208 269 7 G
209 262 3 G
210 265 7 G
211 248 1 G
212 297 1 G
213 307 6 G
215 304 1 G
218 240 7 G
221 280 6 G
225 243 6 G
226 316 1 G
230 308 4 G
234 307 6 G
234 335 6 G
236 249 3 G
241 304 7 G
242 339 4 G
243 295 4 G
244 248 4 G
247 325 1 G
249 280 6 G
249 286 1 G
249 288 6 G
249 326 4 G
252 310 6 G
255 260 2 G
260 289 3 G
262 265 6 G
262 324 1 G
264 308 2 G
265 328 6 G
267 272 2 G
268 338 4 G
270 289 4 G
273 325 1 G
273 339 4 G
275 307 5 G
276 280 1 G
276 302 1 G
281 325 5 G
284 336 3 G
287 337 5 G
292 312 5 G
293 314 7 G
293 333 7 G
301 309 6 G
303 338 4 G
310 326 5 G
316 322 2 G
317 324 7 G
319 324 7 G
323 331 3 G
326 327 1 G
1 148 16807 B
2 30 2 B
3 151 5 B
3 231 4 B
4 35 7 B
4 54 6 B
4 165 1 B
4 186 6 B
5 93 6 B
5 126 1 B
5 177 2 B
6 294 2 B
7 162 6 B
8 332 6 B
9 94 5 B
10 117 1 B
11 211 4 B
12 276 1 B
13 67 2 B
13 311 2 B
14 23 5 B
14 108 4 B
14 122 2 B
14 127 3 B
14 174 4 B
14 260 3 B
14 338 3 B
15 83 2 B
15 113 1 B
16 84 6 B
17 108 6 B
17 164 3 B
17 208 6 B
17 286 1 B
17 307 7 B
18 46 3 B
19 317 2 B
20 68 6 B
20 107 1 B
21 331 2 B
22 49 4 B
22 163 6 B
22 171 6 B
22 273 3 B
23 148 3 B
23 194 1 B
23 201 2 B
23 317 7 B
24 193 1 B
25 287 3 B
25 319 6 B
26 33 2 B
26 96 3 B
26 217 7 B
27 62 1 B
27 161 1 B
27 201 1 B
28 187 3 B
28 193 5 B
29 41 7 B
29 199 2 B
30 193 4 B
30 234 6 B
31 197 5 B
32 150 1 B
32 210 3 B
34 65 5 B
34 138 4 B
34 282 3 B
34 284 3 B
35 75 3 B
35 132 7 B
35 319 6 B
36 254 6 B
37 158 1 B
38 281 1 B
39 219 7 B
40 160 2 B
40 256 6 B
40 260 5 B
40 294 3 B
42 56 1 B
42 64 5 B
42 171 5 B
43 118 1 B
44 329 4 B
45 151 1 B
45 170 5 B
45 274 5 B
45 341 3 B
46 104 3 B
46 205 2 B
46 279 3 B
46 298 7 B
47 296 1 B
48 79 1 B
48 123 4 B
48 202 2 B
49 237 4 B
50 283 7 B
51 101 6 B
52 116 7 B
53 281 1 B
55 280 3 B
56 68 3 B
56 83 1 B
56 86 2 B
56 155 3 B
56 166 3 B
56 197 6 B
56 334 2 B
57 255 4 B
58 200 3 B
59 334 3 B
60 62 4 B
61 169 4 B
61 178 3 B
61 291 6 B
62 270 6 B
63 131 5 B
65 121 3 B
66 137 4 B
68 73 5 B
68 84 6 B
68 139 2 B
68 277 6 B
68 338 2 B
69 94 5 B
69 107 5 B
70 144 6 B
71 240 7 B
72 300 5 B
74 143 2 B
74 259 4 B
74 314 5 B
76 180 6 B
77 182 7 B
77 194 2 B
77 332 6 B
78 83 6 B
80 238 3 B
81 123 6 B
82 202 7 B
84 192 5 B
84 230 1 B
84 287 2 B
85 201 7 B
85 254 2 B
85 335 6 B
86 116 2 B
86 203 2 B
86 229 5 B
86 251 1 B
87 294 5 B
88 118 2 B
89 139 2 B
89 153 3 B
89 216 4 B
90 192 7 B
91 223 7 B
92 248 6 B
92 324 1 B
93 248 2 B
93 280 3 B
94 250 6 B
95 230 2 B
96 137 6 B
96 180 6 B
97 163 5 B
98 166 6 B
99 140 7 B
99 143 3 B
99 235 5 B
99 339 5 B
100 211 1 B
101 157 3 B
102 128 3 B
102 201 4 B
102 326 7 B
103 224 7 B
105 216 4 B
106 188 7 B
108 117 7 B
108 137 6 B
108 151 7 B
108 176 7 B
108 310 4 B
109 112 4 B
109 123 2 B
109 188 5 B
110 334 5 B
111 279 3 B
112 285 1 B
114 321 4 B
115 283 3 B
116 209 5 B
116 264 3 B
116 325 4 B
117 255 4 B
117 342 3 B
118 272 3 B
119 302 5 B
120 280 6 B
122 150 5 B
122 266 2 B
122 321 4 B
123 139 2 B
124 138 7 B
124 262 7 B
124 337 4 B
125 203 7 B
129 314 4 B
130 288 1 B
130 289 1 B
130 316 7 B
131 224 2 B
133 232 7 B
133 279 3 B
133 305 3 B
134 200 6 B
135 182 6 B
136 234 3 B
137 301 7 B
141 245 6 B
142 254 5 B
142 312 2 B
143 317 3 B
144 200 3 B
144 265 6 B
144 315 7 B
145 229 4 B
146 217 4 B
147 253 3 B
147 319 3 B
148 297 7 B
148 309 7 B
148 328 4 B
149 214 4 B
149 223 1 B
151 279 6 B
151 315 4 B
152 304 3 B
152 329 2 B
154 252 2 B
154 274 7 B
156 262 2 B
157 232 2 B
157 271 1 B
157 333 1 B
158 167 2 B
158 194 6 B
159 182 1 B
161 323 5 B
162 260 7 B
163 311 3 B
167 268 6 B
168 279 7 B
171 340 1 B
172 174 6 B
173 253 5 B
175 248 4 B
177 247 1 B
178 192 5 B
178 246 3 B
179 195 1 B
179 343 5 B
180 299 4 B
181 253 5 B
183 295 1 B
183 315 7 B
184 197 3 B
185 256 2 B
189 221 4 B
190 234 6 B
190 275 5 B
191 294 4 B
193 224 1 B
194 221 2 B
195 277 1 B
196 254 3 B
197 263 5 B
197 329 2 B
198 238 5 B
198 241 6 B
199 214 3 B
199 280 1 B
199 331 6 B
199 338 5 B
204 340 4 B
206 228 6 B
206 335 4 B
207 314 4 B
211 236 6 B
211 258 6 B
212 232 1 B
213 335 4 B
214 236 3 B
214 262 5 B
215 281 6 B
216 276 5 B
216 336 6 B
218 232 5 B
219 337 6 B
220 317 6 B
222 301 7 B
224 236 1 B
224 242 1 B
225 277 2 B
225 318 3 B
226 308 5 B
226 314 4 B
226 327 1 B
227 274 6 B
233 262 2 B
239 302 7 B
239 338 3 B
240 301 2 B
241 290 4 B
241 302 3 B
243 286 5 B
244 257 1 B
244 326 3 B
245 287 4 B
249 292 7 B
251 313 5 B
253 283 2 B
259 293 7 B
261 294 2 B
266 306 6 B
267 335 2 B
269 279 3 B
272 330 7 B
278 334 5 B
281 292 5 B
281 301 3 B
287 300 6 B
288 330 5 B
296 297 4 B
303 341 6 B
307 322 2 B
320 338 5 B
329 330 5 B
1 87 16807 I
2 260 1 I
3 47 1 I
4 103 6 I
4 262 1 I
5 264 3 I
6 9 1 I
7 164 1 I
8 54 4 I
8 147 3 I
9 56 3 I
9 113 4 I
10 85 2 I
11 140 4 I
12 164 4 I
12 285 2 I
13 276 7 I
14 169 3 I
14 186 3 I
15 190 2 I
16 180 6 I
17 63 4 I
18 69 1 I
18 178 4 I
19 79 1 I
20 194 1 I
21 35 1 I
21 46 7 I
21 68 3 I
21 92 2 I
21 113 1 I
21 244 1 I
22 248 2 I
22 262 1 I
23 260 3 I
24 25 4 I
25 340 2 I
26 322 7 I
27 187 3 I
28 296 7 I
29 335 6 I
30 71 7 I
31 196 7 I
32 72 3 I
33 157 4 I
34 262 6 I
36 180 1 I
37 117 5 I
37 168 2 I
38 248 4 I
39 68 5 I
39 318 1 I
39 326 5 I
40 278 3 I
41 164 2 I
42 138 3 I
42 249 2 I
43 63 7 I
43 116 4 I
43 178 2 I
43 191 6 I
43 303 3 I
43 307 5 I
43 308 4 I
44 238 2 I
45 72 2 I
46 195 7 I
47 158 6 I
48 73 1 I
48 247 7 I
49 315 6 I
50 295 3 I
51 63 6 I
51 313 4 I
52 88 1 I
52 324 4 I
53 117 5 I
53 158 4 I
53 191 4 I
54 254 7 I
55 78 7 I
55 137 3 I
55 173 7 I
55 246 5 I
57 128 7 I
57 268 4 I
57 297 1 I
58 151 3 I
59 85 5 I
59 102 1 I
59 208 5 I
59 240 4 I
59 323 4 I
60 145 6 I
60 235 7 I
61 323 3 I
62 92 6 I
62 255 1 I
64 239 3 I
64 287 7 I
65 67 6 I
65 78 6 I
65 93 5 I
66 296 6 I
68 152 6 I
68 187 4 I
69 226 6 I
69 259 2 I
70 94 1 I
71 96 4 I
72 218 3 I
72 236 3 I
74 177 6 I
75 169 7 I
76 87 1 I
77 124 1 I
78 128 1 I
78 136 1 I
78 196 4 I
78 241 3 I
78 262 4 I
78 296 3 I
79 339 2 I
80 166 6 I
81 305 5 I
82 122 5 I
82 195 6 I
83 107 1 I
84 146 3 I
86 129 3 I
87 254 1 I
89 333 1 I
90 154 4 I
90 161 3 I
90 229 3 I
90 290 2 I
90 295 6 I
90 310 3 I
91 119 6 I
94 236 4 I
94 270 6 I
95 178 2 I
95 206 7 I
96 296 5 I
97 249 4 I
97 271 3 I
97 327 2 I
98 167 2 I
98 211 2 I
98 300 7 I
99 155 2 I
99 247 7 I
99 314 3 I
99 325 6 I
100 165 1 I
100 191 4 I
100 198 2 I
100 200 5 I
100 233 6 I
100 245 2 I
101 230 2 I
101 242 6 I
102 343 4 I
104 292 7 I
105 133 4 I
106 196 7 I
107 277 4 I
108 260 4 I
109 305 4 I
110 307 5 I
111 113 3 I
112 180 7 I
113 186 2 I
113 212 1 I
113 254 2 I
113 306 2 I
114 129 3 I
114 184 3 I
115 249 1 I
118 278 6 I
119 212 5 I
120 132 2 I
120 307 5 I
121 257 6 I
123 146 1 I
124 157 4 I
124 266 3 I
124 342 1 I
125 300 5 I
126 131 4 I
126 136 2 I
127 252 2 I
128 230 1 I
128 274 2 I
128 286 2 I
129 157 2 I
129 203 5 I
129 252 5 I
130 252 5 I
133 192 4 I
134 312 1 I
135 199 1 I
136 276 4 I
137 207 5 I
137 280 4 I
137 292 3 I
137 337 3 I
139 166 2 I
139 194 3 I
140 146 6 I
140 177 4 I
140 228 6 I
140 261 1 I
141 160 6 I
141 215 5 I
142 264 7 I
143 233 6 I
144 254 3 I
144 322 2 I
145 244 6 I
145 251 7 I
145 260 4 I
145 265 3 I
146 162 4 I
146 277 2 I
146 324 5 I
148 280 2 I
149 171 6 I
150 325 6 I
151 158 4 I
153 305 2 I
156 280 1 I
157 170 5 I
157 178 7 I
157 210 5 I
157 213 7 I
157 236 6 I
157 294 3 I
159 232 6 I
159 321 4 I
160 210 1 I
161 209 4 I
162 296 5 I
162 330 6 I
163 190 1 I
163 221 6 I
164 224 5 I
164 340 5 I
165 199 7 I
165 202 2 I
166 210 5 I
166 312 7 I
168 219 5 I
171 178 6 I
172 195 1 I
173 258 1 I
174 252 5 I
175 308 4 I
176 310 1 I
177 238 3 I
178 254 2 I
178 264 4 I
178 302 5 I
178 320 7 I
178 341 6 I
179 210 4 I
180 297 1 I
181 197 3 I
181 222 1 I
182 183 3 I
183 325 6 I
185 283 2 I
188 240 1 I
189 227 6 I
189 287 4 I
189 340 2 I
190 299 4 I
192 201 2 I
192 244 3 I
193 253 1 I
194 272 3 I
198 232 1 I
200 279 4 I
200 335 2 I
202 222 6 I
204 264 7 I
205 240 6 I
208 302 7 I
209 275 2 I
210 311 1 I
212 283 5 I
213 234 5 I
214 247 7 I
216 342 3 I
217 315 7 I
218 257 2 I
220 281 5 I
221 289 3 I
221 308 1 I
223 269 3 I
225 305 7 I
230 309 1 I
231 280 4 I
231 336 6 I
232 293 3 I
234 284 3 I
236 278 3 I
237 252 3 I
241 254 2 I
241 282 2 I
243 333 6 I
244 250 6 I
244 329 7 I
245 301 7 I
247 302 4 I
249 309 1 I
253 266 2 I
253 338 6 I
256 316 6 I
260 267 2 I
263 302 1 I
264 300 5 I
269 277 6 I
270 281 5 I
272 291 3 I
273 277 5 I
274 317 7 I
285 328 4 I
288 295 2 I
288 334 7 I
292 316 1 I
294 340 3 I
295 331 7 I
295 340 5 I
296 333 1 I
298 302 1 I
304 306 1 I
305 306 3 I
312 339 1 I
314 332 2 I
315 342 2 I
319 339 2 I
1 201 16807 V
2 9 6 V
2 124 2 V
2 171 5 V
2 217 2 V
2 284 6 V
3 107 4 V
4 140 1 V
5 125 4 V
6 37 4 V
6 251 5 V
7 257 6 V
7 285 1 V
8 260 5 V
10 249 7 V
10 261 7 V
11 334 6 V
12 195 3 V
13 272 4 V
14 118 5 V
15 40 4 V
15 232 4 V
15 327 5 V
16 237 1 V
17 38 5 V
17 45 5 V
17 188 7 V
17 243 5 V
17 257 2 V
17 309 6 V
18 23 2 V
18 28 2 V
18 32 5 V
18 40 6 V
18 90 5 V
18 161 3 V
18 177 3 V
18 198 3 V
18 311 1 V
18 314 6 V
19 176 1 V
19 208 3 V
20 297 6 V
20 299 4 V
21 316 5 V
22 193 6 V
23 131 6 V
23 225 1 V
24 316 2 V
25 216 2 V
26 330 2 V
27 292 1 V
27 325 1 V
28 41 7 V
28 62 7 V
28 128 7 V
28 221 5 V
28 234 2 V
28 263 2 V
28 293 5 V
28 331 1 V
29 169 6 V
30 243 4 V
31 50 5 V
31 267 3 V
33 40 4 V
33 99 6 V
34 206 6 V
35 334 7 V
36 214 2 V
37 54 3 V
37 55 3 V
37 317 4 V
39 238 6 V
40 149 5 V
40 158 6 V
40 165 5 V
40 199 5 V
41 169 2 V
41 248 5 V
42 293 5 V
43 216 3 V
44 303 1 V
46 68 4 V
46 318 1 V
47 86 6 V
48 270 1 V
49 68 4 V
51 102 6 V
52 200 5 V
53 85 5 V
56 260 5 V
57 69 3 V
57 274 2 V
58 132 6 V
58 340 1 V
59 153 5 V
60 138 5 V
61 204 5 V
62 94 5 V
62 254 2 V
62 304 4 V
63 163 6 V
63 243 1 V
63 266 5 V
63 316 4 V
64 334 4 V
65 104 7 V
66 216 6 V
66 239 6 V
66 273 4 V
67 229 1 V
67 336 5 V
68 267 3 V
68 290 4 V
69 251 4 V
70 184 4 V
70 319 6 V
71 81 6 V
71 101 2 V
71 216 4 V
72 131 5 V
73 172 4 V
73 320 2 V
73 332 4 V
74 202 4 V
74 342 6 V
75 126 2 V
75 150 5 V
75 168 1 V
75 178 4 V
75 187 2 V
75 203 1 V
75 218 4 V
76 145 4 V
76 194 5 V
76 224 3 V
76 229 6 V
77 121 4 V
77 221 3 V
78 267 1 V
79 290 2 V
80 332 1 V
82 253 3 V
83 102 3 V
84 173 5 V
84 321 3 V
85 151 1 V
85 153 4 V
85 180 6 V
85 184 6 V
85 243 2 V
85 271 5 V
85 296 7 V
86 146 2 V
86 283 5 V
87 138 6 V
88 139 3 V
88 188 5 V
89 171 1 V
89 243 1 V
91 248 2 V
92 227 4 V
92 294 1 V
93 203 5 V
95 116 1 V
95 127 4 V
95 231 3 V
95 243 7 V
95 290 3 V
95 306 3 V
95 340 3 V
96 127 3 V
97 288 3 V
97 289 7 V
97 337 5 V
98 107 6 V
98 110 5 V
98 280 1 V
100 341 3 V
102 108 6 V
102 205 1 V
103 271 4 V
104 275 4 V
104 285 1 V
105 149 1 V
106 301 2 V
107 129 3 V
107 137 5 V
107 156 6 V
107 200 5 V
109 340 6 V
111 152 1 V
112 242 7 V
112 303 3 V
113 143 6 V
113 328 6 V
114 243 7 V
115 259 7 V
115 342 4 V
116 192 3 V
117 216 5 V
118 222 1 V
118 287 5 V
119 254 6 V
120 201 7 V
122 205 4 V
123 125 1 V
123 282 2 V
125 155 7 V
125 241 7 V
126 326 2 V
127 154 7 V
127 264 4 V
127 273 2 V
127 292 2 V
130 220 5 V
131 333 1 V
133 228 4 V
134 299 7 V
135 185 1 V
136 341 3 V
138 146 3 V
140 254 4 V
141 230 5 V
141 237 6 V
141 310 6 V
142 323 6 V
143 197 5 V
143 227 7 V
143 240 3 V
143 243 3 V
144 288 2 V
144 291 3 V
147 149 7 V
148 340 1 V
149 209 2 V
152 162 6 V
152 175 3 V
155 223 7 V
157 179 7 V
157 208 3 V
157 272 6 V
159 277 7 V
160 195 4 V
164 178 5 V
166 261 4 V
167 191 5 V
167 207 1 V
167 291 1 V
168 243 1 V
168 300 1 V
168 305 6 V
170 332 2 V
171 250 3 V
171 315 2 V
173 256 6 V
174 214 7 V
174 240 2 V
175 185 6 V
175 243 5 V
178 241 4 V
179 233 5 V
181 326 5 V
182 337 3 V
183 243 1 V
183 283 4 V
186 306 5 V
188 211 3 V
189 235 5 V
190 309 5 V
193 210 1 V
194 234 3 V
194 334 2 V
195 290 2 V
196 204 4 V
196 222 3 V
196 312 1 V
200 290 4 V
200 302 1 V
201 267 2 V
201 323 4 V
205 239 4 V
205 322 7 V
206 213 2 V
206 264 3 V
208 239 7 V
208 299 4 V
209 276 7 V
210 287 2 V
210 341 4 V
212 254 5 V
213 329 7 V
215 310 2 V
216 219 4 V
216 330 5 V
220 234 3 V
220 262 7 V
223 244 4 V
226 321 3 V
227 335 7 V
228 298 6 V
232 258 3 V
232 338 1 V
232 339 5 V
234 243 5 V
234 303 2 V
234 321 2 V
235 253 2 V
236 282 7 V
237 270 5 V
237 307 7 V
237 340 1 V
238 264 1 V
238 281 2 V
242 245 6 V
243 269 3 V
246 277 5 V
247 297 3 V
251 263 3 V
252 316 4 V
253 302 3 V
254 255 5 V
257 260 1 V
261 277 2 V
261 290 3 V
265 317 2 V
267 287 4 V
268 303 2 V
278 311 1 V
279 280 4 V
281 295 2 V
286 321 2 V
290 343 5 V
291 321 7 V
297 313 4 V
298 340 1 V
301 342 5 V
308 321 7 V
324 330 5 V
332 340 3 V
332 342 5 V
75 264 5 B
101 194 3 G
30 114 6 G
193 313 2 I
102 335 4 Y
181 256 6 O
155 163 7 G
