343 2401
1 189 16807 R
2 13 7 R
2 315 4 R
3 34 3 R
4 189 4 R
5 148 7 R
6 322 2 R
7 28 3 R
8 172 6 R
8 253 7 R
9 278 4 R
10 266 7 R
11 118 3 R
12 87 5 R
13 167 4 R
13 308 4 R
13 323 7 R
13 338 3 R
13 341 1 R
14 330 3 R
15 42 7 R
16 62 4 R
16 272 5 R
17 29 5 R
17 200 6 R
17 282 6 R
17 338 3 R
18 325 2 R
19 42 2 R
19 55 6 R
19 207 6 R
19 235 1 R
20 134 2 R
20 173 4 R
21 283 2 R
22 227 5 R
23 261 3 R
24 60 1 R
24 91 1 R
24 102 7 R
24 319 1 R
25 50 1 R
25 139 5 R
26 63 2 R
26 120 6 R
26 307 3 R
27 173 5 R
28 30 3 R
28 50 5 R
28 62 1 R
28 90 3 R
28 175 5 R
30 327 3 R
31 35 4 R
32 48 2 R
32 256 4 R
33 35 6 R
33 77 3 R
33 300 2 R
34 276 5 R
34 292 3 R
35 205 4 R
35 318 3 R
35 325 5 R
36 162 2 R
37 304 3 R
38 91 5 R
38 122 2 R
39 52 2 R
39 100 3 R
39 175 5 R
40 129 3 R
40 136 7 R
40 161 6 R
41 83 6 R
41 94 5 R
41 158 5 R
41 214 7 R
41 266 4 R
41 335 2 R
42 78 4 R
42 102 5 R
42 196 5 R
42 227 5 R
43 195 5 R
44 91 7 R
45 129 2 R
46 69 5 R
47 115 5 R
47 181 1 R
48 130 1 R
48 221 5 R
49 305 6 R
50 82 6 R
50 125 3 R
51 177 3 R
52 297 1 R
53 137 5 R
54 71 6 R
56 302 6 R
57 82 1 R
58 108 2 R
58 313 5 R
59 309 5 R
60 71 5 R
60 129 6 R
60 140 4 R
60 179 4 R
60 305 5 R
60 325 2 R
61 129 6 R
64 96 5 R
64 267 1 R
65 341 4 R
66 212 4 R
66 242 1 R
67 154 7 R
68 70 2 R
68 129 6 R
68 258 4 R
69 155 3 R
69 175 7 R
69 313 2 R
70 311 4 R
71 92 1 R
71 124 2 R
71 176 7 R
71 247 3 R
71 260 1 R
71 330 5 R
72 283 6 R
73 103 2 R
73 224 5 R
74 282 7 R
75 223 4 R
76 203 3 R
76 289 1 R
77 99 3 R
77 208 1 R
79 290 5 R
80 233 6 R
81 173 3 R
82 137 1 R
82 143 3 R
82 162 4 R
82 273 2 R
83 194 2 R
83 223 6 R
84 163 6 R
85 306 7 R
86 89 5 R
86 133 2 R
87 162 1 R
88 119 3 R
88 249 7 R
88 279 1 R
91 264 4 R
92 110 7 R
93 98 3 R
94 105 6 R
94 133 7 R
94 147 1 R
94 202 3 R
95 171 4 R
95 276 5 R
96 255 6 R
96 323 7 R
96 336 4 R
97 265 1 R
97 287 4 R
98 102 2 R
98 189 3 R
100 121 3 R
100 326 2 R
100 340 6 R
101 221 2 R
101 285 5 R
102 307 5 R
103 107 3 R
103 215 1 R
104 276 1 R
106 113 4 R
107 280 4 R
109 213 3 R
109 302 2 R
111 242 2 R
112 116 6 R
112 219 3 R
112 277 4 R
112 284 6 R
113 192 4 R
114 247 1 R
115 314 4 R
116 152 4 R
117 208 6 R
118 316 2 R
118 323 2 R
118 332 2 R
119 330 2 R
121 170 2 R
122 222 1 R
123 127 2 R
123 261 2 R
125 166 6 R
125 187 7 R
125 226 1 R
125 251 5 R
125 295 5 R
125 337 6 R
126 167 3 R
127 305 3 R
128 247 6 R
129 201 1 R
131 302 4 R
132 276 2 R
133 178 4 R
133 341 4 R
134 197 7 R
134 229 7 R
134 310 7 R
135 176 3 R
137 281 2 R
138 286 5 R
141 155 3 R
142 147 6 R
144 265 2 R
144 288 6 R
145 244 1 R
145 294 4 R
146 229 1 R
147 215 2 R
147 320 2 R
148 197 5 R
149 332 2 R
150 281 4 R
151 167 5 R
153 214 2 R
154 160 1 R
154 185 1 R
154 216 3 R
154 238 2 R
155 156 2 R
155 270 2 R
157 174 5 R
159 196 6 R
161 230 4 R
161 237 5 R
162 221 7 R
162 304 4 R
162 309 5 R
162 310 6 R
163 246 2 R
163 338 6 R
164 243 1 R
165 190 4 R
166 199 7 R
167 314 1 R
168 250 2 R
169 259 3 R
172 191 2 R
172 254 6 R
172 287 7 R
172 323 7 R
174 283 3 R
174 305 4 R
175 198 4 R
175 325 3 R
176 291 4 R
176 296 4 R
176 341 7 R
177 330 6 R
180 188 5 R
180 310 3 R
182 217 7 R
183 275 1 R
184 248 2 R
185 246 1 R
186 231 3 R
190 218 1 R
192 206 3 R
192 215 5 R
192 259 6 R
193 262 1 R
194 333 7 R
195 247 4 R
195 317 7 R
200 328 6 R
204 243 7 R
207 329 6 R
209 296 6 R
210 238 2 R
211 323 5 R
213 293 4 R
217 243 4 R
217 290 1 R
218 314 2 R
220 331 2 R
225 249 1 R
227 262 4 R
228 234 4 R
228 242 5 R
228 274 2 R
228 323 3 R
230 269 3 R
231 241 5 R
232 337 7 R
233 314 5 R
236 248 1 R
239 302 2 R
239 334 7 R
240 309 3 R
241 287 6 R
243 263 6 R
245 286 6 R
247 342 1 R
248 271 4 R
248 276 7 R
248 324 7 R
250 278 2 R
252 294 6 R
252 307 3 R
255 302 6 R
257 314 1 R
261 301 4 R
266 298 5 R
268 299 6 R
275 284 1 R
276 305 5 R
277 310 3 R
278 280 3 R
279 339 6 R
283 303 6 R
285 321 2 R
285 343 6 R
286 331 6 R
289 322 7 R
290 338 7 R
299 307 5 R
306 318 7 R
307 331 5 R
312 341 2 R
322 331 2 R
1 225 16807 O
2 181 2 O
3 128 3 O
4 86 7 O
4 201 4 O
4 239 1 O
5 49 7 O
5 276 5 O
6 342 2 O
7 86 2 O
8 32 3 O
8 53 4 O
8 99 1 O
8 262 6 O
9 284 3 O
10 280 1 O
11 314 4 O
12 192 3 O
13 320 2 O
14 305 3 O
15 90 5 O
16 84 7 O
16 155 4 O
16 188 7 O
16 268 3 O
17 167 4 O
18 129 2 O
19 68 6 O
19 123 5 O
19 133 3 O
19 198 6 O
20 209 3 O
21 73 4 O
21 171 3 O
22 93 5 O
23 99 3 O
23 131 2 O
24 104 3 O
25 72 4 O
25 99 4 O
25 297 3 O
26 206 7 O
27 139 1 O
27 219 7 O
27 255 3 O
27 299 7 O
28 340 5 O
29 326 3 O
30 61 1 O
30 98 7 O
30 198 5 O
31 274 4 O
31 306 3 O
33 323 2 O
34 334 2 O
35 64 3 O
35 88 7 O
36 93 4 O
37 126 2 O
38 197 7 O
39 220 5 O
40 285 3 O
41 198 3 O
42 334 2 O
43 188 5 O
44 214 2 O
44 269 7 O
45 124 7 O
45 263 2 O
46 279 1 O
47 99 7 O
47 151 1 O
48 76 5 O
48 173 7 O
48 208 4 O
50 138 4 O
50 301 4 O
51 167 7 O
51 231 2 O
52 57 5 O
54 120 6 O
54 212 3 O
54 259 2 O
54 332 4 O
55 156 4 O
56 234 3 O
56 301 7 O
57 125 5 O
57 279 7 O
58 245 6 O
59 165 2 O
59 173 2 O
60 95 6 O
60 133 1 O
60 172 3 O
61 105 7 O
61 290 3 O
62 100 7 O
63 219 3 O
65 117 1 O
65 232 6 O
65 245 1 O
66 261 6 O
67 228 5 O
68 186 1 O
68 236 3 O
69 339 1 O
70 165 5 O
71 314 1 O
72 104 3 O
73 174 3 O
73 188 3 O
73 279 4 O
74 143 5 O
74 209 4 O
75 129 5 O
75 285 4 O
76 329 7 O
77 321 4 O
77 334 6 O
78 144 5 O
78 289 4 O
78 339 5 O
79 168 5 O
79 301 7 O
80 85 4 O
80 248 4 O
80 257 5 O
81 162 4 O
81 241 1 O
82 99 3 O
82 114 3 O
83 164 7 O
84 213 1 O
85 270 5 O
85 276 4 O
87 97 5 O
87 252 1 O
88 117 3 O
88 146 6 O
88 195 4 O
88 205 6 O
88 250 2 O
89 324 3 O
90 169 6 O
90 185 5 O
90 244 7 O
90 323 7 O
91 163 5 O
92 249 6 O
93 211 3 O
93 256 2 O
93 277 1 O
94 232 3 O
96 150 3 O
99 100 1 O
101 146 6 O
101 153 1 O
101 282 4 O
102 173 5 O
103 301 6 O
106 147 1 O
106 159 2 O
106 177 2 O
107 241 2 O
108 208 5 O
108 244 7 O
108 252 5 O
108 265 2 O
108 288 4 O
108 326 6 O
109 339 2 O
110 289 3 O
111 185 4 O
112 208 5 O
112 242 7 O
113 278 3 O
113 327 6 O
115 192 2 O
116 313 1 O
118 191 2 O
118 285 2 O
119 251 7 O
121 249 5 O
122 197 6 O
123 237 3 O
124 229 1 O
124 241 6 O
125 146 1 O
125 217 4 O
125 271 4 O
125 304 4 O
126 199 4 O
126 286 6 O
127 210 7 O
128 164 4 O
128 325 4 O
129 158 4 O
129 230 2 O
129 310 3 O
130 282 4 O
132 339 2 O
133 192 7 O
133 231 1 O
133 334 7 O
133 342 4 O
134 200 1 O
135 177 6 O
136 244 1 O
137 156 5 O
138 316 6 O
140 335 6 O
141 188 6 O
141 320 3 O
142 183 3 O
144 207 7 O
144 335 1 O
145 334 2 O
146 164 5 O
146 190 3 O
146 221 1 O
146 296 6 O
146 314 1 O
146 324 6 O
148 188 4 O
149 193 3 O
149 264 3 O
150 267 6 O
150 289 6 O
152 233 7 O
152 279 1 O
152 298 3 O
154 169 3 O
154 200 2 O
156 251 3 O
156 276 5 O
157 262 4 O
158 163 7 O
158 299 6 O
159 239 1 O
159 312 4 O
160 208 5 O
160 284 4 O
161 203 7 O
162 225 3 O
162 303 1 O
164 215 7 O
166 231 5 O
169 235 7 O
170 299 4 O
175 315 1 O
176 188 3 O
176 227 6 O
178 210 5 O
179 228 5 O
179 276 3 O
180 259 1 O
180 261 6 O
181 182 3 O
181 255 2 O
183 215 3 O
184 192 5 O
187 189 5 O
187 196 4 O
187 330 7 O
189 308 1 O
194 304 1 O
196 210 4 O
196 228 5 O
196 253 1 O
196 328 4 O
197 267 7 O
198 222 6 O
198 258 4 O
198 319 3 O
199 218 4 O
199 239 3 O
202 231 4 O
203 297 1 O
204 215 3 O
206 265 4 O
209 281 3 O
209 314 3 O
211 246 3 O
215 275 6 O
216 304 2 O
217 336 5 O
220 228 7 O
221 322 4 O
223 252 6 O
224 335 4 O
225 293 6 O
226 239 6 O
226 337 5 O
228 229 4 O
228 259 5 O
228 289 5 O
228 334 1 O
229 340 6 O
231 262 5 O
231 283 3 O
238 262 1 O
239 252 2 O
240 311 2 O
243 303 6 O
244 274 7 O
247 327 3 O
249 334 2 O
251 333 1 O
252 279 4 O
252 309 6 O
254 309 1 O
257 272 2 O
260 311 7 O
264 289 5 O
266 310 1 O
267 280 4 O
267 292 1 O
267 317 6 O
269 326 1 O
270 273 4 O
276 294 4 O
277 334 5 O
278 321 5 O
279 301 5 O
279 334 7 O
280 300 5 O
287 339 1 O
289 295 1 O
291 311 7 O
291 314 1 O
299 334 4 O
301 307 4 O
302 312 7 O
303 313 6 O
305 314 7 O
308 341 1 O
315 331 6 O
315 337 1 O
316 343 6 O
318 324 2 O
323 338 4 O
1 32 16807 Y
2 15 4 Y
2 159 6 Y
2 234 6 Y
2 307 3 Y
3 13 3 Y
3 216 4 Y
4 303 2 Y
5 175 7 Y
6 297 5 Y
7 265 7 Y
8 314 6 Y
9 70 4 Y
9 133 4 Y
9 163 5 Y
9 238 6 Y
10 119 7 Y
10 197 4 Y
10 279 2 Y
10 304 6 Y
11 43 4 Y
11 323 4 Y
12 38 7 Y
12 232 5 Y
13 21 5 Y
13 56 3 Y
13 90 5 Y
14 341 5 Y
15 59 5 Y
15 80 5 Y
15 106 3 Y
15 147 1 Y
15 216 3 Y
15 245 3 Y
15 315 4 Y
16 33 5 Y
17 154 4 Y
18 117 5 Y
19 155 6 Y
20 109 2 Y
20 171 7 Y
20 181 7 Y
20 294 3 Y
22 165 3 Y
23 216 3 Y
24 40 7 Y
24 59 4 Y
24 88 3 Y
24 325 1 Y
25 205 4 Y
26 53 6 Y
27 189 7 Y
28 158 4 Y
29 210 2 Y
30 188 4 Y
30 301 4 Y
30 341 7 Y
31 174 4 Y
31 186 7 Y
31 216 2 Y
31 227 7 Y
31 278 1 Y
32 140 3 Y
33 52 7 Y
33 98 5 Y
33 206 7 Y
33 277 4 Y
34 168 4 Y
34 269 3 Y
35 142 3 Y
35 217 1 Y
35 232 4 Y
35 295 7 Y
36 295 5 Y
36 331 2 Y
37 117 5 Y
39 43 3 Y
40 43 2 Y
41 52 3 Y
42 231 1 Y
42 311 5 Y
43 177 5 Y
43 246 7 Y
43 296 5 Y
44 315 7 Y
45 85 7 Y
45 136 3 Y
46 184 7 Y
46 269 5 Y
47 154 5 Y
47 310 2 Y
47 330 2 Y
48 112 3 Y
49 67 2 Y
49 177 2 Y
49 302 7 Y
50 246 1 Y
51 224 4 Y
52 262 2 Y
53 108 1 Y
54 129 6 Y
54 288 7 Y
55 77 2 Y
55 236 4 Y
57 217 4 Y
58 137 4 Y
58 171 2 Y
59 98 1 Y
59 199 7 Y
59 247 7 Y
60 163 2 Y
61 287 2 Y
62 97 2 Y
63 161 7 Y
64 197 5 Y
65 150 2 Y
65 247 7 Y
65 249 5 Y
66 339 1 Y
68 200 5 Y
68 221 2 Y
68 245 7 Y
69 192 7 Y
70 298 4 Y
71 143 6 Y
71 220 6 Y
71 274 4 Y
72 135 4 Y
73 294 5 Y
74 197 6 Y
75 228 6 Y
76 313 6 Y
77 104 3 Y
77 164 4 Y
77 173 6 Y
77 225 4 Y
78 99 7 Y
79 303 1 Y
81 199 5 Y
82 98 7 Y
83 139 4 Y
83 205 6 Y
84 207 1 Y
84 240 7 Y
86 210 1 Y
87 307 2 Y
88 254 5 Y
89 292 6 Y
90 148 2 Y
90 204 7 Y
91 98 6 Y
91 100 1 Y
91 125 7 Y
91 127 4 Y
91 133 7 Y
91 140 4 Y
91 213 1 Y
91 225 3 Y
92 107 1 Y
92 225 3 Y
93 267 6 Y
93 274 7 Y
94 316 3 Y
95 114 2 Y
95 159 5 Y
96 181 7 Y
97 252 2 Y
98 130 4 Y
98 218 6 Y
98 251 7 Y
98 268 2 Y
98 290 6 Y
98 292 6 Y
98 317 6 Y
99 294 4 Y
100 242 4 Y
101 231 3 Y
102 128 4 Y
102 169 2 Y
102 175 5 Y
103 185 5 Y
103 316 2 Y
105 239 6 Y
105 251 2 Y
107 264 4 Y
108 112 6 Y
108 120 5 Y
108 155 7 Y
110 281 1 Y
111 227 5 Y
113 214 7 Y
115 187 5 Y
115 258 1 Y
115 290 2 Y
115 295 2 Y
116 133 6 Y
117 171 1 Y
117 182 6 Y
117 202 3 Y
117 314 3 Y
118 164 1 Y
119 160 2 Y
121 178 6 Y
121 192 5 Y
121 283 6 Y
121 295 3 Y
122 257 5 Y
123 198 4 Y
123 294 4 Y
123 326 7 Y
124 289 3 Y
125 248 5 Y
125 265 4 Y
126 165 6 Y
127 327 3 Y
129 147 2 Y
130 337 1 Y
131 315 1 Y
131 321 5 Y
132 136 1 Y
132 155 5 Y
133 201 2 Y
134 181 3 Y
135 283 7 Y
136 210 4 Y
136 281 6 Y
136 290 5 Y
136 334 2 Y
138 175 6 Y
138 209 4 Y
138 330 7 Y
139 170 7 Y
139 171 1 Y
141 337 5 Y
142 230 6 Y
142 237 6 Y
144 152 3 Y
144 289 6 Y
145 177 3 Y
146 230 3 Y
149 286 7 Y
149 322 2 Y
151 211 4 Y
152 157 4 Y
152 184 2 Y
152 245 3 Y
152 336 7 Y
153 277 1 Y
154 158 7 Y
155 165 7 Y
155 219 6 Y
156 315 1 Y
158 340 6 Y
161 219 3 Y
162 165 2 Y
163 189 5 Y
163 233 7 Y
166 329 7 Y
167 202 2 Y
168 275 7 Y
171 175 4 Y
171 251 6 Y
171 287 4 Y
171 343 5 Y
172 210 7 Y
175 203 5 Y
176 245 4 Y
177 282 1 Y
177 320 4 Y
179 184 1 Y
180 315 2 Y
181 211 1 Y
183 244 4 Y
184 297 3 Y
184 341 4 Y
188 273 4 Y
189 224 2 Y
190 282 2 Y
191 243 7 Y
193 226 4 Y
193 297 7 Y
194 239 4 Y
195 284 6 Y
196 227 2 Y
196 305 7 Y
197 290 4 Y
197 339 6 Y
199 228 2 Y
205 293 4 Y
206 260 5 Y
206 270 3 Y
208 216 2 Y
208 313 6 Y
210 243 2 Y
212 308 3 Y
212 315 1 Y
213 272 5 Y
213 342 2 Y
214 225 1 Y
215 268 1 Y
216 303 3 Y
222 262 4 Y
223 229 7 Y
223 265 5 Y
227 250 4 Y
227 252 6 Y
227 322 5 Y
230 328 1 Y
231 277 6 Y
234 266 1 Y
235 254 7 Y
237 280 6 Y
238 312 6 Y
240 292 3 Y
241 283 3 Y
244 282 3 Y
245 299 5 Y
246 255 6 Y
247 267 6 Y
251 300 5 Y
253 324 6 Y
256 283 2 Y
257 290 2 Y
258 316 5 Y
259 343 4 Y
261 333 3 Y
263 265 2 Y
271 328 5 Y
274 276 4 Y
274 284 5 Y
278 329 2 Y
285 339 6 Y
291 307 7 Y
294 319 7 Y
295 306 5 Y
295 335 7 Y
309 329 2 Y
315 333 7 Y
317 318 5 Y
324 343 2 Y
330 332 5 Y
338 343 5 Y
1 162 16807 G
2 8 5 G
2 103 4 G
2 300 5 G
3 314 7 G
3 327 3 G
3 335 5 G
4 295 1 G
4 308 6 G
5 142 3 G
5 159 2 G
5 189 1 G
5 199 1 G
6 250 3 G
7 17 1 G
7 73 6 G
7 95 3 G
7 278 2 G
7 308 2 G
8 144 3 G
8 146 1 G
8 244 4 G
9 46 6 G
10 337 6 G
11 54 3 G
11 305 2 G
12 314 3 G
13 154 6 G
13 199 7 G
13 251 3 G
14 325 6 G
15 149 7 G
16 124 3 G
16 190 3 G
16 288 6 G
16 332 4 G
18 149 5 G
18 190 1 G
18 329 2 G
19 196 3 G
20 39 4 G
21 129 4 G
21 139 1 G
21 214 2 G
22 115 2 G
23 76 2 G
24 86 4 G
24 289 7 G
25 83 5 G
25 281 3 G
26 41 3 G
26 213 7 G
26 242 4 G
27 152 5 G
27 271 5 G
28 59 7 G
28 202 7 G
28 270 2 G
28 317 1 G
28 331 4 G
28 333 2 G
29 239 4 G
30 158 5 G
31 109 7 G
32 42 3 G
32 262 5 G
33 85 5 G
34 70 5 G
34 273 2 G
35 307 2 G
36 69 1 G
37 156 5 G
37 273 1 G
38 118 2 G
38 179 3 G
38 262 5 G
39 69 7 G
40 42 4 G
40 184 6 G
40 306 2 G
41 55 1 G
41 317 5 G
42 69 3 G
42 204 4 G
43 261 5 G
44 260 7 G
45 89 5 G
46 64 6 G
46 271 6 G
46 324 2 G
46 326 2 G
47 190 5 G
48 209 1 G
48 229 6 G
49 182 3 G
49 201 3 G
49 205 2 G
49 273 3 G
49 336 3 G
50 56 5 G
50 67 6 G
50 340 2 G
51 254 5 G
52 212 5 G
52 282 3 G
52 341 6 G
53 117 4 G
53 192 6 G
53 248 6 G
55 240 2 G
56 262 7 G
57 262 4 G
58 115 1 G
58 187 4 G
59 134 4 G
60 221 1 G
61 324 2 G
62 246 5 G
62 336 6 G
63 121 7 G
63 128 5 G
65 241 7 G
66 113 1 G
68 106 2 G
69 71 1 G
69 73 6 G
69 82 2 G
69 106 5 G
69 129 5 G
69 151 5 G
69 221 1 G
69 299 2 G
71 153 5 G
71 167 7 G
71 307 7 G
72 292 1 G
73 200 4 G
73 215 5 G
73 273 5 G
73 275 5 G
74 246 1 G
75 91 7 G
75 269 3 G
76 121 3 G
76 129 4 G
77 127 3 G
77 150 4 G
77 191 2 G
78 277 4 G
79 141 4 G
80 210 2 G
81 222 5 G
82 233 7 G
82 279 6 G
83 293 5 G
83 320 5 G
84 105 5 G
85 129 7 G
85 330 6 G
86 137 1 G
86 199 3 G
87 115 2 G
88 167 2 G
89 325 7 G
90 195 7 G
90 231 5 G
90 294 7 G
91 136 2 G
91 272 3 G
91 297 5 G
92 186 3 G
93 222 4 G
94 337 1 G
96 341 4 G
97 151 4 G
98 254 2 G
99 256 4 G
100 291 5 G
101 339 7 G
102 172 2 G
102 264 6 G
104 161 1 G
105 199 6 G
106 127 4 G
107 297 5 G
108 115 5 G
109 169 6 G
109 196 2 G
109 262 3 G
110 165 4 G
110 207 2 G
111 263 4 G
111 308 3 G
112 312 7 G
113 256 5 G
114 127 3 G
114 245 1 G
115 308 5 G
116 211 3 G
116 218 5 G
117 130 3 G
117 249 6 G
117 277 4 G
119 190 7 G
120 292 5 G
122 286 7 G
122 313 2 G
123 147 1 G
123 194 6 G
125 155 4 G
125 206 4 G
126 220 6 G
127 259 1 G
129 144 6 G
129 176 1 G
129 320 5 G
130 268 2 G
131 151 5 G
132 210 4 G
133 177 2 G
133 273 2 G
133 343 7 G
135 224 1 G
135 271 7 G
138 259 7 G
140 215 5 G
141 182 3 G
142 171 6 G
143 208 2 G
143 336 4 G
144 183 5 G
144 235 4 G
144 271 7 G
144 319 2 G
145 167 2 G
147 277 3 G
148 341 2 G
150 168 1 G
150 227 6 G
151 170 4 G
151 334 6 G
152 301 6 G
153 162 4 G
155 332 6 G
156 175 7 G
157 315 2 G
158 198 7 G
158 273 5 G
160 250 2 G
161 317 1 G
163 332 2 G
164 221 7 G
164 337 4 G
166 280 5 G
167 173 1 G
172 313 5 G
173 220 4 G
173 304 6 G
174 211 6 G
178 220 3 G
179 261 6 G
180 342 3 G
181 226 4 G
183 316 7 G
185 196 1 G
186 315 1 G
188 239 5 G
188 252 5 G
188 332 3 G
189 283 6 G
190 291 2 G
193 222 1 G
195 215 1 G
195 282 6 G
196 285 2 G
197 262 1 G
198 276 4 G
199 238 6 G
199 272 4 G
199 277 2 G
200 280 1 G
201 303 3 G
202 257 4 G
202 314 5 G
203 308 5 G
204 287 7 G
207 272 2 G
207 284 7 G
207 338 7 G
210 237 2 G
210 252 1 G
210 317 7 G
211 221 4 G
212 302 2 G
215 253 1 G
215 317 2 G
216 226 1 G
217 254 7 G
217 308 5 G
217 315 1 G
219 310 1 G
221 311 5 G
222 314 2 G
223 297 1 G
225 313 7 G
225 332 5 G
226 271 1 G
226 290 5 G
226 298 3 G
226 309 5 G
228 258 7 G
229 251 4 G
229 274 7 G
230 240 2 G
232 328 1 G
232 332 7 G
234 282 5 G
236 266 2 G
241 247 1 G
241 255 5 G
241 256 7 G
241 318 7 G
243 294 5 G
248 321 3 G
250 288 4 G
256 336 6 G
257 266 3 G
258 290 6 G
260 339 3 G
262 339 2 G
265 276 7 G
267 282 2 G
277 308 6 G
292 308 7 G
296 311 6 G
296 312 6 G
298 322 4 G
298 325 7 G
300 323 1 G
305 320 2 G
310 339 1 G
314 342 5 G
1 334 16807 B
2 297 5 B
3 22 6 B
3 124 3 B
3 235 3 B
4 333 5 B
5 245 3 B
6 266 4 B
6 317 6 B
7 216 6 B
8 71 7 B
8 102 7 B
9 72 3 B
9 281 1 B
10 116 1 B
10 217 7 B
11 126 6 B
11 311 5 B
12 200 6 B
13 143 4 B
13 270 5 B
14 24 2 B
15 96 7 B
15 193 4 B
16 237 3 B
17 222 5 B
17 326 7 B
18 174 4 B
19 278 3 B
20 27 5 B
21 231 4 B
21 272 5 B
23 250 3 B
23 325 5 B
24 171 1 B
25 102 5 B
25 320 6 B
26 85 3 B
26 90 7 B
26 135 1 B
27 231 2 B
27 263 4 B
28 93 1 B
29 212 7 B
30 290 2 B
31 47 4 B
31 61 7 B
31 104 6 B
31 299 3 B
32 65 7 B
32 99 2 B
32 137 7 B
32 232 3 B
33 163 6 B
33 286 5 B
34 111 3 B
34 213 5 B
35 156 6 B
35 255 2 B
36 251 2 B
37 86 5 B
37 161 6 B
37 338 3 B
38 266 7 B
39 338 4 B
40 57 2 B
41 86 1 B
42 63 6 B
42 116 1 B
43 192 5 B
44 268 4 B
45 106 5 B
46 295 5 B
47 55 5 B
48 96 2 B
48 110 6 B
48 307 2 B
49 140 5 B
49 248 7 B
50 75 2 B
50 245 5 B
51 132 7 B
51 331 2 B
52 61 3 B
52 304 1 B
52 306 7 B
53 181 3 B
53 327 2 B
54 281 3 B
56 164 1 B
56 322 6 B
57 201 6 B
57 301 1 B
58 68 6 B
59 290 3 B
60 313 7 B
60 314 2 B
61 251 3 B
61 326 7 B
62 123 5 B
62 153 6 B
62 157 7 B
64 302 1 B
66 91 5 B
66 248 3 B
66 271 5 B
67 317 4 B
68 233 2 B
68 252 4 B
69 147 2 B
69 157 7 B
70 101 1 B
73 146 2 B
74 75 4 B
74 80 7 B
76 138 2 B
77 215 6 B
77 299 4 B
77 308 3 B
78 157 2 B
79 284 5 B
81 84 5 B
82 146 2 B
82 297 1 B
83 97 1 B
84 180 5 B
87 101 1 B
87 295 2 B
87 323 5 B
88 139 4 B
88 143 1 B
88 144 3 B
88 202 3 B
88 301 1 B
89 343 5 B
90 113 4 B
90 166 7 B
90 206 4 B
90 215 5 B
90 236 5 B
90 314 7 B
92 155 1 B
92 215 4 B
93 205 6 B
93 311 5 B
94 284 2 B
95 120 5 B
96 136 3 B
96 269 1 B
96 297 5 B
96 331 5 B
97 175 4 B
97 177 2 B
97 284 3 B
97 323 7 B
98 315 1 B
100 250 3 B
102 341 1 B
103 133 4 B
103 190 2 B
104 130 2 B
105 183 7 B
105 278 5 B
106 191 5 B
107 112 1 B
107 211 6 B
107 272 1 B
108 114 6 B
108 154 6 B
109 153 7 B
110 115 6 B
111 157 1 B
111 246 2 B
113 262 1 B
114 301 4 B
115 160 4 B
115 281 4 B
116 248 1 B
116 331 5 B
117 284 1 B
118 319 6 B
119 262 3 B
120 295 1 B
120 335 7 B
121 157 1 B
121 198 3 B
121 200 4 B
121 220 1 B
121 273 6 B
122 209 3 B
122 242 2 B
124 131 5 B
124 148 2 B
124 209 3 B
125 235 1 B
125 298 6 B
127 337 3 B
128 269 7 B
129 250 7 B
129 254 3 B
131 241 4 B
134 270 3 B
136 254 7 B
136 293 5 B
136 296 3 B
137 164 2 B
138 241 6 B
141 295 3 B
142 199 3 B
142 289 7 B
142 312 5 B
143 156 6 B
143 196 3 B
143 274 3 B
145 220 1 B
145 277 4 B
145 310 2 B
146 280 5 B
147 302 2 B
149 228 2 B
150 235 1 B
151 323 7 B
152 257 1 B
156 167 1 B
157 172 7 B
157 232 6 B
157 311 2 B
157 342 4 B
158 298 1 B
159 269 7 B
159 333 7 B
160 334 1 B
162 268 7 B
165 187 4 B
166 184 4 B
166 214 4 B
168 186 2 B
168 204 7 B
169 217 6 B
170 280 1 B
171 204 1 B
173 334 1 B
174 188 5 B
174 320 1 B
175 287 2 B
176 297 2 B
178 265 7 B
179 195 1 B
179 212 5 B
179 269 6 B
179 315 3 B
180 204 5 B
180 234 3 B
180 268 4 B
181 228 2 B
182 320 5 B
183 208 3 B
185 194 4 B
185 232 2 B
187 331 7 B
188 227 1 B
188 324 4 B
189 196 4 B
190 272 2 B
191 257 4 B
192 288 7 B
192 298 7 B
197 256 1 B
200 206 3 B
200 229 7 B
200 329 1 B
200 339 5 B
203 311 7 B
204 206 4 B
204 272 2 B
204 330 5 B
206 298 6 B
206 331 4 B
207 310 5 B
210 233 3 B
211 259 2 B
213 239 3 B
215 286 1 B
216 307 3 B
217 279 6 B
218 338 2 B
219 269 1 B
220 300 3 B
221 290 7 B
223 236 5 B
224 250 5 B
225 226 1 B
225 303 5 B
228 291 5 B
228 324 3 B
230 307 4 B
231 292 7 B
233 237 6 B
233 269 3 B
236 265 7 B
236 337 2 B
238 314 4 B
239 316 5 B
240 255 6 B
243 317 4 B
244 257 7 B
245 254 7 B
247 261 1 B
248 289 3 B
249 324 2 B
253 336 4 B
256 297 6 B
257 299 4 B
258 267 7 B
258 272 6 B
258 301 1 B
258 324 6 B
260 281 6 B
261 323 3 B
264 332 1 B
266 326 6 B
269 328 5 B
275 290 7 B
275 296 2 B
276 307 5 B
278 331 1 B
282 297 7 B
282 309 6 B
283 295 7 B
285 299 4 B
289 305 1 B
289 343 6 B
294 332 7 B
296 319 1 B
297 338 5 B
298 323 5 B
299 318 4 B
301 336 4 B
303 323 5 B
305 332 7 B
321 336 4 B
323 340 1 B
1 313 16807 I
2 239 6 I
2 334 1 I
3 307 2 I
4 41 3 I
4 238 7 I
4 258 4 I
4 285 4 I
5 188 6 I
5 268 5 I
6 107 3 I
6 222 5 I
6 273 4 I
7 272 2 I
8 155 5 I
9 14 7 I
9 78 2 I
9 198 7 I
9 200 6 I
9 224 5 I
9 273 1 I
10 55 4 I
11 194 6 I
12 43 7 I
12 58 5 I
12 88 1 I
12 100 3 I
12 106 4 I
12 113 7 I
12 162 4 I
12 233 7 I
12 260 4 I
13 61 4 I
13 79 5 I
13 128 1 I
13 283 1 I
15 78 1 I
16 31 5 I
17 78 6 I
17 263 5 I
18 283 3 I
18 303 2 I
19 249 6 I
20 296 4 I
21 99 5 I
22 89 4 I
23 175 2 I
23 256 2 I
23 342 1 I
24 259 3 I
25 317 2 I
26 68 7 I
26 311 5 I
27 80 6 I
27 196 1 I
28 82 4 I
28 101 7 I
29 57 2 I
29 288 7 I
29 324 5 I
30 70 1 I
30 255 5 I
30 277 6 I
30 333 3 I
31 119 4 I
31 160 2 I
31 279 2 I
32 231 7 I
33 119 1 I
34 333 5 I
35 203 5 I
36 259 5 I
36 262 5 I
36 281 4 I
36 306 5 I
37 56 3 I
38 187 1 I
39 227 3 I
39 270 4 I
40 288 6 I
41 98 1 I
42 145 6 I
42 308 3 I
43 91 2 I
43 214 2 I
44 74 4 I
45 67 3 I
45 139 2 I
45 172 3 I
46 253 1 I
47 127 1 I
48 211 7 I
49 137 4 I
49 169 3 I
50 328 2 I
51 310 6 I
52 187 3 I
52 322 7 I
53 301 6 I
54 184 4 I
55 237 1 I
56 299 7 I
59 160 3 I
59 179 7 I
59 280 7 I
60 261 7 I
61 192 7 I
62 226 3 I
63 224 7 I
64 132 1 I
65 81 3 I
65 100 1 I
65 139 5 I
65 220 7 I
65 223 4 I
65 336 1 I
66 283 7 I
69 300 6 I
71 195 3 I
71 215 2 I
72 177 2 I
73 150 5 I
74 191 1 I
75 340 5 I
76 79 6 I
76 178 4 I
76 219 2 I
76 259 2 I
76 323 6 I
77 238 6 I
78 155 1 I
78 209 2 I
78 242 5 I
78 275 3 I
78 308 3 I
79 237 2 I
80 315 3 I
82 251 7 I
82 287 5 I
83 93 3 I
83 124 2 I
83 305 4 I
84 208 3 I
85 203 5 I
86 128 1 I
87 160 7 I
88 171 6 I
89 129 1 I
89 234 5 I
89 326 7 I
90 240 2 I
90 335 4 I
92 328 2 I
94 180 7 I
94 269 2 I
95 185 7 I
96 265 3 I
97 107 5 I
99 156 6 I
99 181 3 I
100 112 3 I
101 186 6 I
102 156 7 I
102 211 1 I
103 160 4 I
104 225 4 I
105 134 6 I
106 202 3 I
106 311 3 I
106 337 2 I
107 239 2 I
107 274 4 I
108 161 6 I
108 272 1 I
108 321 7 I
109 340 1 I
110 221 3 I
110 313 3 I
111 129 1 I
113 177 4 I
114 116 1 I
114 243 3 I
115 196 2 I
115 202 5 I
116 292 1 I
117 118 3 I
117 132 3 I
117 188 3 I
117 271 2 I
117 341 4 I
120 287 6 I
120 297 6 I
121 122 7 I
121 146 7 I
122 193 7 I
123 284 6 I
125 210 3 I
126 320 5 I
127 166 1 I
128 150 1 I
128 284 3 I
128 304 1 I
130 343 2 I
131 338 4 I
132 343 7 I
133 141 3 I
134 149 1 I
134 167 6 I
134 218 4 I
135 188 7 I
136 283 4 I
136 312 2 I
137 264 2 I
138 141 1 I
138 188 6 I
138 212 5 I
138 229 6 I
138 327 1 I
139 140 1 I
140 193 5 I
140 195 5 I
140 249 6 I
140 261 4 I
141 340 7 I
142 298 6 I
143 296 7 I
144 146 6 I
144 163 6 I
147 196 4 I
148 170 2 I
148 331 1 I
149 326 5 I
151 239 7 I
152 329 1 I
153 185 1 I
153 189 7 I
153 191 3 I
153 302 7 I
154 301 7 I
154 326 2 I
155 206 2 I
155 253 2 I
156 225 3 I
156 285 4 I
157 329 2 I
158 305 2 I
158 316 1 I
159 298 1 I
160 328 5 I
164 288 4 I
164 314 6 I
165 265 6 I
166 285 2 I
168 284 5 I
170 285 3 I
173 221 6 I
174 233 5 I
176 311 3 I
178 228 4 I
180 322 7 I
180 329 1 I
180 330 1 I
182 195 4 I
183 246 4 I
183 285 3 I
184 203 4 I
184 284 1 I
188 295 7 I
189 220 1 I
189 272 4 I
190 224 5 I
194 198 7 I
194 208 5 I
194 287 6 I
194 316 7 I
196 250 3 I
197 259 6 I
198 296 6 I
198 322 3 I
198 341 6 I
199 305 5 I
200 309 4 I
201 205 4 I
203 207 7 I
204 308 5 I
205 261 5 I
208 231 7 I
208 333 5 I
208 342 5 I
210 283 3 I
211 307 3 I
212 317 1 I
213 233 7 I
216 224 1 I
217 252 6 I
217 328 2 I
225 266 5 I
226 284 1 I
227 288 2 I
230 308 6 I
232 283 7 I
234 298 6 I
235 330 2 I
236 298 3 I
238 335 1 I
239 248 5 I
240 278 5 I
241 251 3 I
244 294 1 I
245 292 5 I
247 292 2 I
252 291 4 I
253 300 3 I
254 294 1 I
256 339 5 I
257 309 4 I
258 289 1 I
261 276 7 I
264 340 2 I
265 295 7 I
267 313 4 I
267 333 4 I
273 279 7 I
273 294 3 I
274 332 3 I
279 299 6 I
282 321 1 I
284 320 3 I
285 336 6 I
286 294 5 I
287 326 4 I
288 290 3 I
290 326 5 I
292 316 7 I
293 295 4 I
295 319 6 I
304 341 2 I
308 310 4 I
308 338 4 I
318 335 3 I
322 325 6 I
336 341 4 I
1 261 16807 V
2 120 5 V
3 112 1 V
3 138 5 V
4 110 4 V
4 216 5 V
5 149 2 V
6 37 3 V
7 30 3 V
7 71 7 V
7 213 4 V
8 23 5 V
8 164 4 V
9 112 5 V
10 245 2 V
11 106 7 V
11 121 5 V
11 170 6 V
11 172 1 V
12 15 6 V
12 44 2 V
13 265 7 V
13 268 7 V
14 45 4 V
16 118 7 V
17 86 4 V
18 20 4 V
18 127 3 V
18 192 4 V
18 253 4 V
19 61 5 V
20 66 1 V
21 26 4 V
21 52 6 V
21 58 6 V
22 330 1 V
24 49 7 V
25 134 6 V
25 190 5 V
25 326 2 V
27 122 5 V
28 64 7 V
29 154 2 V
29 223 5 V
29 297 5 V
30 165 2 V
31 238 3 V
32 292 4 V
33 282 1 V
34 44 3 V
34 197 3 V
34 238 3 V
34 271 7 V
35 309 4 V
36 70 2 V
37 121 5 V
37 231 5 V
38 184 5 V
38 190 3 V
39 127 6 V
40 90 4 V
40 186 5 V
40 196 7 V
40 280 6 V
41 309 5 V
42 88 1 V
42 98 3 V
42 218 5 V
42 239 1 V
42 274 2 V
43 149 2 V
43 158 7 V
44 48 6 V
44 86 5 V
44 109 2 V
44 328 1 V
45 215 1 V
46 87 1 V
46 112 1 V
46 235 1 V
46 266 3 V
46 316 3 V
47 101 6 V
49 120 2 V
50 198 7 V
51 178 4 V
51 241 7 V
51 264 1 V
51 283 7 V
52 77 4 V
52 104 3 V
53 73 4 V
53 107 7 V
53 110 4 V
53 160 4 V
53 179 2 V
54 143 5 V
54 256 7 V
55 266 1 V
55 332 2 V
56 106 4 V
56 141 7 V
56 159 6 V
57 205 1 V
57 238 2 V
57 311 2 V
58 339 3 V
59 209 6 V
60 100 4 V
60 123 6 V
60 173 4 V
60 286 3 V
60 292 5 V
61 99 1 V
61 305 1 V
62 147 6 V
62 299 1 V
63 112 1 V
63 317 6 V
64 91 7 V
64 295 5 V
65 161 4 V
66 287 2 V
67 122 2 V
68 306 6 V
69 280 5 V
70 150 6 V
70 210 1 V
70 317 7 V
72 123 7 V
73 249 6 V
73 253 6 V
73 340 3 V
74 123 2 V
75 304 7 V
76 101 5 V
76 201 7 V
76 247 5 V
78 219 3 V
79 106 3 V
80 115 6 V
81 187 5 V
81 298 3 V
82 261 1 V
83 187 6 V
83 227 2 V
83 312 6 V
84 173 3 V
85 105 3 V
85 135 4 V
85 261 5 V
87 314 7 V
89 297 4 V
90 124 5 V
90 174 7 V
91 151 3 V
92 224 4 V
92 324 4 V
93 173 6 V
93 285 3 V
94 276 3 V
94 319 2 V
95 240 3 V
96 112 4 V
97 194 7 V
99 116 1 V
99 118 3 V
99 212 3 V
100 343 1 V
102 309 3 V
103 229 4 V
104 240 3 V
106 122 7 V
106 169 5 V
106 240 2 V
106 260 7 V
106 328 3 V
107 118 1 V
107 245 5 V
108 116 3 V
109 117 1 V
109 178 3 V
109 288 7 V
110 198 5 V
110 237 4 V
110 261 1 V
110 291 4 V
110 317 7 V
111 165 6 V
112 281 7 V
113 140 3 V
113 224 6 V
114 171 4 V
115 163 3 V
115 297 4 V
116 255 6 V
118 125 1 V
118 139 7 V
118 250 2 V
119 183 1 V
120 214 5 V
120 252 2 V
120 317 3 V
120 338 2 V
121 289 2 V
122 203 1 V
122 272 4 V
122 282 1 V
123 171 4 V
123 207 5 V
126 321 4 V
127 199 6 V
128 229 1 V
129 181 3 V
129 256 6 V
129 300 5 V
130 338 1 V
131 141 4 V
132 240 5 V
133 155 7 V
135 234 2 V
136 206 6 V
137 328 5 V
139 307 4 V
142 320 5 V
144 225 7 V
145 339 7 V
146 188 3 V
148 248 4 V
148 252 6 V
149 276 4 V
152 250 5 V
153 174 5 V
153 202 4 V
154 253 3 V
154 329 2 V
155 237 6 V
156 249 6 V
157 166 2 V
160 188 3 V
160 323 1 V
160 331 1 V
161 210 7 V
162 282 2 V
164 240 2 V
166 173 6 V
167 265 6 V
167 296 7 V
168 320 2 V
169 318 5 V
171 254 6 V
171 304 4 V
175 234 7 V
176 218 4 V
177 306 1 V
178 284 3 V
178 309 2 V
180 211 2 V
182 250 6 V
183 238 3 V
185 264 1 V
186 218 2 V
186 257 1 V
186 279 7 V
188 224 7 V
188 327 4 V
189 323 5 V
191 192 2 V
193 273 4 V
194 315 4 V
195 258 1 V
200 252 7 V
201 254 4 V
202 251 7 V
204 228 1 V
206 323 5 V
208 214 6 V
209 313 7 V
209 328 3 V
211 258 4 V
211 271 4 V
213 237 1 V
213 270 3 V
213 306 1 V
214 218 7 V
215 288 2 V
217 296 6 V
218 228 4 V
218 293 7 V
218 294 3 V
218 302 4 V
218 310 4 V
218 328 5 V
219 313 3 V
220 288 6 V
221 333 3 V
222 269 4 V
222 317 3 V
224 320 7 V
225 271 4 V
226 249 4 V
229 254 1 V
230 310 7 V
232 252 1 V
233 274 7 V
234 335 5 V
236 240 6 V
237 299 1 V
237 341 6 V
237 342 7 V
242 326 1 V
243 321 7 V
244 326 7 V
245 325 3 V
246 338 6 V
252 273 4 V
253 290 7 V
254 261 6 V
254 333 3 V
259 290 3 V
262 297 1 V
263 333 7 V
265 328 1 V
267 290 4 V
275 334 6 V
275 342 2 V
276 293 3 V
277 297 7 V
278 306 4 V
281 303 1 V
295 308 2 V
295 317 7 V
300 310 6 V
300 326 2 V
300 337 5 V
301 338 4 V
304 321 6 V
312 333 5 V
315 328 7 V
317 336 3 V
321 330 6 V
322 336 5 V
170 323 1 O
129 194 7 O
42 146 5 B
12 214 4 R
28 199 1 G
66 306 4 I
97 154 7 B
