1000 1000
0 0
-713561553 681780518 -722155276 690895334
476709744 245513878 483541413 248109742
-633555818 -183830410 -627967235 -192478468
-438362985 14798164 -435989777 15056840
836826358 -151913361 841326202 -144389944
-851304307 -88808294 -845562278 -88597306
-456357125 -950940114 -452395002 -951088480
316965443 796863810 321984541 806076187
281135974 46070871 284095205 47202291
571054999 -238250880 565332333 -236675125
-328846554 247754504 -323382815 242543350
121929762 900158023 118803130 900464341
-807182061 -7608384 -812486021 -9174245
-739594255 -636917067 -737533986 -629713634
521234946 35250601 530651749 26613771
196582789 297716494 192749669 301787562
370339708 -558335966 369340167 -568024406
933521488 366669635 943362400 368431148
-987895046 429139664 -987199431 430172425
-777775313 390695153 -781330239 383712307
178028891 -168773988 169433510 -165770193
540551718 251444495 540201187 249694140
-718980224 837230787 -710265622 830557177
-246611652 731691694 -237893318 728719908
490556991 801350288 486909956 808783753
-104975218 773802259 -109538707 778467332
628836359 370325103 619487924 369543697
-451015412 823431282 -458154465 813508187
-19169587 -356553840 -19900275 -354257811
-902725200 -90455513 -911631675 -99034553
-566473368 314783024 -576415361 309646139
-805081987 -557674178 -797931355 -554404583
955296346 -115526268 955894170 -121898519
-773829139 389317221 -775711176 389910872
-810094765 355051452 -814075017 351073078
153736530 720612512 151635781 726914593
137303775 321723949 130446934 326220517
223073352 112292568 220846574 119373248
548642355 -271473315 547743405 -264197111
-170007514 -36695680 -176337521 -27699161
-989647677 409631587 -985928697 402340242
-249902680 718615222 -250023500 726905388
599428045 -866219818 591003613 -863748344
-597909773 -777767945 -599620998 -775725785
124980721 796507491 116146896 797637036
187078302 -482950050 196286187 -485440220
-309457842 -797865712 -316748681 -806029992
-777721895 906792620 -776942954 913564974
-151736208 358972142 -148182826 365668938
-254699284 -218973940 -263141234 -224546229
-27160116 -790018281 -18937682 -788564812
-696787066 -102623123 -695306481 -111574065
-36228643 988096032 -32565974 983884645
-224431231 12025112 -218825253 10058083
-227235822 257486454 -236801115 266881547
-517744090 670025962 -509496982 662579540
-461032178 901923248 -468019905 897900504
-95111305 -42859444 -97044889 -42753268
328689765 451685827 322304891 441840999
69123900 714520050 61089425 705048667
924661627 -655619250 916413437 -649555540
-701666951 -573143717 -697105431 -578214862
721332941 900145620 712662107 897008933
-636251524 212392263 -645508927 209393512
-845659706 -659000886 -837607135 -668846503
-562302504 -128762494 -553764531 -122740132
501068183 350994936 491379530 356493933
132633577 -130200886 131728570 -139451379
658092886 847540360 662834793 843401474
53118281 860004302 49764465 852493556
-573538936 7280354 -582510498 8160934
693124227 808177213 696090637 802123212
775531734 485774333 778889137 481879865
-163440461 965133729 -155140713 969326566
-320792263 -610295106 -316940923 -601778860
-416341045 965774536 -408756947 959814047
700325648 -97168957 693274739 -95428387
378536345 -970229670 386706093 -964080508
-352881793 575371540 -349791084 584451237
-41608130 372673476 -34963852 374609415
745728644 33625681 752695965 40581937
-465493806 -932001127 -463326107 -934291245
771942952 -457886095 772272726 -459377463
-64728344 -51321445 -65407260 -51864481
-717936760 -937175945 -719815202 -942637303
324474158 78253848 321335175 87121296
197375988 871464497 203985499 878241111
-872496000 324000300 -864006347 329827593
879434029 -894714576 870025308 -901338346
485725074 822517728 483381210 831818251
-824243621 167777772 -826140695 162858275
-79278188 230878738 -79069436 225634582
374974092 416789617 372155140 415497379
328672265 962170775 337842221 967580680
-359627086 -387643971 -364683811 -389085300
-503673254 184990531 -499686220 181916619
-463087986 803440312 -471751685 810481550
683903471 -698123811 683130707 -688354004
-216808503 -512242905 -217946020 -514896120
836665177 751337370 827276791 758907410
305933913 534206476 298456006 540751712
-411887829 167923119 -414610301 158942378
-223605038 -176462340 -219519460 -171689739
202275542 -185383212 206629216 -186644108
-389444292 169773168 -389691536 171154453
249319182 -366094819 239442737 -375983702
-205355479 551244270 -211179680 553846570
819470125 760325559 821353251 770320747
80412285 691550063 86511972 693832811
202857851 718548268 198093584 713849305
-951075525 -141984698 -941254753 -143762015
813727946 -762308494 808427304 -765570765
-340614518 -398994785 -335010986 -400331287
-504107032 -340279616 -512043306 -332854840
-679641398 731206488 -681966933 733030875
953014862 -271506073 962108276 -274777201
47924297 -739619235 54629659 -741136532
-554929771 -143168478 -551193286 -151726310
-56790662 -858677604 -54032581 -866306002
5784291 795956927 2736420 796930475
-943578394 812636564 -948801517 817486795
93634503 902299358 99047608 906404427
97318819 -913121903 91699802 -918105344
729465450 -515821673 735929354 -523356776
849714575 970534782 841248856 962832050
164859179 -928725111 154945462 -920430300
-292627087 434871846 -300430184 437014958
-892774696 -525266773 -886997223 -516872940
-838211620 253105219 -841506835 253479287
-327920824 -926908016 -330466894 -920635578
379410474 -606520818 377381802 -604985488
354421124 -874808278 346489425 -869637964
-309580434 979716399 -301554208 982354037
-890331221 -897255958 -883025192 -906726723
-592784867 192920566 -600384965 191014600
58457446 468690783 67044009 477258416
85922598 -476850277 77892810 -479452714
-39859970 -966558146 -45652183 -975089819
944763510 -627960548 949957414 -630023944
926448147 25362469 919658310 26088310
467625381 153669161 472043996 162884005
-37489892 641542475 -28365999 639595472
-458911716 -846184225 -459936160 -843577202
48312342 -148115057 44362385 -148435618
531383024 -361399574 530169107 -371218003
-534333067 760575407 -536791211 758321573
12995677 -975197755 5990723 -971886808
-297735447 928119701 -305451229 934790478
-968578677 543831634 -966294220 548967355
425807066 73561086 417471130 72783825
221438656 463481023 220551788 460269685
-618633611 951429315 -609883549 949931306
-448108553 111430686 -455141477 104971845
-113852664 -180155210 -106119053 -188031955
667462395 -242998713 666362326 -244118895
-67290234 -32463338 -62245613 -28749637
-111938236 525650579 -107916004 524163472
912889839 695199290 906324448 690200396
975036652 650826763 983145084 658633188
920367958 203360068 929850040 207418854
750349561 523205965 740973921 523869899
-596181921 -131041380 -588535064 -130966217
-914180958 507572935 -913324494 497991166
-925410269 -962092947 -927088609 -959797920
-556170349 -830168714 -559229824 -838754755
-526062021 398092433 -516090170 407791250
-591145860 -245632748 -582692617 -237419126
-390597044 -90439499 -397127285 -83887240
889804509 488681879 884881461 492964801
301899780 -974308016 303952198 -978398190
268563595 37382943 269752072 27640511
-988395907 -418517659 -991326086 -410862486
244059978 184437670 239986234 187613434
313355864 28908796 322275561 35380568
-553886347 -511262051 -551553483 -505044850
984190673 276989086 986354555 285319448
-64869959 128532983 -64967391 133161937
-450325667 -380530593 -443885467 -387383570
596143588 512719127 587718999 502872662
625610075 -414907632 628681738 -407345672
405364159 389787028 408568090 386218805
417798556 552488954 409726671 555111616
235912470 882956142 243543960 873682500
468551154 456637708 469456620 463304770
771031430 -460484116 773212271 -452504921
-279805570 410030814 -270001339 402103894
533281187 -916788173 530746150 -911980209
978898519 -111220587 985571202 -111932382
-383254154 291940989 -390321703 282536550
867118906 -441980662 860136376 -448434187
-481153984 151585266 -471799090 152450370
-496619710 -637028633 -490151682 -633193878
658325421 -735687552 660183698 -744109651
-788954578 -659897884 -794779152 -666231418
829173975 720983766 832044408 727241364
-160783423 -615596411 -160044343 -608968114
-937100735 152978563 -940621786 153347542
-281381644 477943317 -271593045 475967781
-625481522 -163278722 -618595071 -153478096
-354332915 -414325362 -360839231 -411242090
131402506 641236895 132978945 633958454
557005878 791694259 555871594 794245938
-543140993 282827605 -538672976 284453972
-792453067 -985161443 -786399826 -994303008
-466349784 -833158800 -466521308 -839370866
225256533 -448576450 229792291 -456813144
-447423106 760367905 -453851044 769705091
-180608430 -539985281 -172669169 -537439476
-540775519 -662964186 -535432732 -670628960
169424024 -181819557 163509212 -174915745
-600437414 124184201 -606652487 129195193
-538811574 -615696246 -538316913 -620421967
295850104 -981032239 295902198 -976406996
-97495778 821150137 -105952564 817599242
216993752 -831743262 223634012 -835727836
763033971 592087394 760748868 597503127
711079168 734354373 716575955 724777193
-145966296 -749623165 -147169385 -752420083
904336853 267909519 907312239 264215581
980915487 -799382227 974298400 -805366539
-122600804 935563064 -125631195 936039957
-958103444 -740545251 -955932861 -732824960
-517885169 226223149 -526901486 229324513
877386553 -908605572 872011082 -915124541
-694570424 495388479 -702029086 500351645
932992684 -200691281 930237942 -205158175
497653084 529313135 496636402 522041566
845174377 416233633 849151579 416995159
549352737 -365609623 549888481 -356550060
187746068 652834605 181599659 650879380
-581640425 982479040 -578015694 986220118
-685929068 292611488 -693344698 290650427
-511449119 -361567505 -506837711 -361871042
-109831279 -883510739 -117736377 -880330307
-148851574 -387834138 -157977988 -384328029
-770995341 -976572784 -777206525 -967663184
-946461711 -377388840 -954979856 -386745147
-166775748 196582391 -157912502 191386119
58149980 -787162681 51200350 -777941320
-884274058 -113001747 -887391549 -114702999
-482725932 756730579 -492722227 749159601
-786518620 424457482 -789207892 421497811
951147772 -45641655 953617240 -37563795
-261348441 522224121 -259654450 512575593
-56050525 -154847256 -53331521 -144929481
48448816 -96187464 49424401 -101079993
-974481817 -522995450 -977459297 -519496646
-136666034 -710146926 -130219740 -711182243
435441704 400401750 444287995 408562918
696362030 -894160175 700345388 -893270936
-584405300 893470167 -593828967 897386647
-297360220 -608128039 -303464278 -610031737
607121761 -308281818 610376415 -307599029
-310105059 -597461170 -313556979 -587757711
-456489480 770573312 -453898277 764229032
-161898018 663548990 -152061001 672389184
989737424 360065451 988049228 360119518
-972817997 728836539 -976672589 738554696
-343757981 -212486876 -342935150 -205412187
-267500049 278966868 -263773284 283793881
-597181487 -241023079 -604307316 -242724656
-205307581 460931316 -203164115 457641484
716186347 914161640 707494011 915106318
117264925 798677661 110425824 801252466
854289189 -450187164 863303816 -459382547
-807905401 -397349098 -813363059 -392591065
-397380190 867744519 -397485498 860202670
160692926 -824174162 170641477 -829495518
270806683 -732684438 263002976 -724830337
-464844777 289194233 -472967378 283553511
216897676 951501397 218185992 944727028
-826483350 700047190 -831769717 709396765
788220809 -614178335 789958594 -619682985
-430502112 144031280 -424585843 143348980
-465180646 513192998 -457127261 503306152
-357377522 -529994303 -355661419 -533437353
-168270072 69523605 -167281760 68093458
-962576989 288229725 -967709777 287127196
-495110177 -336938700 -495047836 -342226840
-458568318 -292536896 -463476681 -283715541
-804331445 864845289 -810729880 871609079
-265340739 756303635 -272472045 754129296
442469137 462339541 442338937 457717640
-904520278 -397854201 -914007505 -406954101
819765320 -820679224 820076316 -821982041
431870344 -307122774 436170173 -303061010
-698827701 402552437 -691107720 396356073
285598868 791384109 289553305 796475304
-221603477 -342804169 -212460398 -336832808
-770156354 913845806 -765257197 918149042
937549360 -748349848 942219961 -754827745
-334215228 -33533544 -335309302 -37947224
-151054581 305067295 -156640286 314132012
-113701450 -578959621 -119073722 -583541561
120938667 986034594 114058591 983744997
918858303 -571002620 921157706 -571008155
709836039 -353215778 715266033 -346717537
967474837 88153132 958864182 89629302
-394395468 -358617382 -389966209 -349995040
83102539 270535298 73768394 269999480
-75332640 -949519345 -78842809 -956878178
-473910494 -376599957 -466886461 -379056127
956058470 -939777957 960005568 -946957519
277215217 150136789 274724045 142913994
-424128764 437658992 -430848995 447120291
-170764682 437654885 -168113829 431763422
-29962956 -803569091 -39478397 -804537045
709391977 742568848 704862105 744586204
77526678 -483142828 74642853 -483318855
-233815997 -576353332 -238754486 -581381815
412459605 77804890 409601462 84376896
943867055 -594013719 939004808 -593052551
-402204892 484210799 -411681947 479425343
-429580093 768047581 -437021519 772739182
104686107 158204556 102806484 162443881
611097779 -475819682 616111959 -467756704
-867043269 477418665 -864683761 470974368
-73771296 -394387866 -64719351 -384975645
-847469211 390745028 -840735401 392487637
-583588592 -804101630 -587385907 -811800805
-922940444 -57625999 -928790341 -56169114
282955737 -296893347 276769718 -301593393
940984561 -278878786 941062313 -271057667
926268317 -747855215 934536434 -753317426
-252384349 -102450931 -256142053 -107574211
-898938602 -263675234 -898687336 -266958486
-453774616 945697479 -454178149 950394900
-978960207 124727691 -980491182 132583120
687692816 -729283091 678133869 -732336060
-592852068 524985081 -583684622 528669172
-937505784 -709167144 -932353846 -705544107
-39687016 101952158 -34239852 102659429
571718106 651501032 579251394 656213413
47852490 -799605094 46947071 -807427373
-69617927 381751163 -73043236 374416382
-810497106 -238480021 -817664251 -235575547
501983769 -146246543 505959727 -149919754
-252642002 733276855 -246095425 724701807
-312749428 88280748 -318273998 88541968
-358249052 242446218 -367930963 236801530
-869048967 838729858 -873422665 847229808
-400173662 -294400447 -396645788 -295955128
-121916021 551184573 -124243523 547757160
-277088832 45696345 -276241328 41648287
-924809941 874411584 -925731016 869375078
634267000 -403100685 631762257 -395879700
682072857 269698229 685666513 263824528
-87870493 802248590 -82451957 807034608
-116100194 440406854 -112208677 433375282
808795346 -972797344 805879819 -972432906
-977917660 -496109285 -968384928 -501677825
-601594461 926678469 -598928004 922438748
-558282430 -78964828 -550516969 -87614577
964174616 -606331716 954753446 -615242759
307915240 517347516 302383412 516638632
-390525902 -411298201 -386827047 -414639974
-824369774 -810781578 -833619485 -810701148
-520465837 164895981 -512796439 155495773
443998117 -290544556 451724710 -298431540
981529370 152651336 982366135 150325519
320753809 168166091 313162347 173140654
50021968 39450646 58598571 48708862
541293732 359622938 550298500 364320959
221222459 249756811 226761990 247733257
684667284 683714090 694131397 677331493
178806658 186818313 170413699 196748034
399674718 794806644 390966334 786694252
-76443247 306115971 -72710856 312223315
-546013040 -938101875 -545192082 -947953210
-51377228 476274625 -41576105 473227270
692665845 71760183 702298062 64798453
237035763 -763920246 236348860 -760244045
-713177627 528695690 -713631705 525092071
496725206 -924136999 492810679 -919617910
189431612 -519613976 192003735 -527720507
446356250 -682090025 449704521 -676781851
-142882317 -772913317 -140011122 -772821734
-861025031 -405313949 -863331156 -410564534
-172738937 251072986 -176945408 251875630
652736133 -518653019 659834030 -526598253
-205377725 -128541842 -201514651 -137596569
-480343185 -832020400 -477858105 -836577952
60614664 801671818 68789378 795013227
538383360 177203562 531679466 183331195
130372343 -210509518 136109559 -219827210
-645180897 841628845 -637535620 837611762
971912005 -50110148 968854377 -43360406
-705107810 -73025076 -705087429 -66087221
-857799150 741488225 -852142983 737000966
-584689853 833856328 -578402938 826264272
-708944776 -162226303 -699685848 -168590975
-509280897 881449895 -505571253 888002814
-346475423 407216729 -346330383 414923945
-729241546 -837906015 -724547341 -833665163
498630158 611334589 501373229 607715166
-688330456 -237106654 -695820041 -246472095
-428899053 488420943 -431278508 488989886
-807581895 745112813 -812706759 742474834
92850632 -116458648 84651000 -116992681
-973563378 657459304 -981097369 661742371
877492170 285440668 869762311 288197272
140822219 202863012 149187384 194370214
756825987 564157770 749075781 558011262
-577966611 -852134977 -574057757 -842665735
594788486 250719316 586088134 254265967
-306889098 270437382 -303795545 260572462
64861759 161875366 65016847 164393846
21923780 538375377 13785993 536794176
879280520 710065152 869401435 710013381
-382421541 -456883946 -386491010 -456867199
-520135426 210552830 -526930450 206937183
385402757 -487226377 390414720 -483273361
780895305 -738670574 771150919 -731562755
-709962465 -623041280 -716693225 -626859722
-156822507 189139503 -148409170 185742549
-45502424 987524827 -39474513 984122638
-490026399 -848347976 -489852420 -853848585
660259778 652309537 652140252 656559404
-398863936 861890122 -399077447 869570295
213970519 807694370 213037890 816135092
336264390 890486696 342084994 893793379
535555637 -443840773 544031969 -442551159
-179160510 439126086 -186607633 448981102
798858561 -782098543 804725920 -789830842
-713972217 -268598255 -711658392 -276286189
-102324928 512147022 -103031110 515536395
-603792348 -327480367 -596611709 -327269207
266729963 808657622 258652598 816176264
-332633055 127335203 -337561380 133317107
-577924790 806083670 -573349005 797472067
958344134 523643105 955353030 523358536
263022386 821248736 262289189 813665887
987987296 578218332 997339823 583420372
616049968 -642288229 615296578 -649474548
-297942431 -866154832 -302382295 -870236903
-71494991 -253828617 -70276871 -263476834
-823860163 -673220754 -821545090 -671388120
903958719 -72386641 894808860 -70201068
513633362 -854863066 522783182 -845220634
-237920535 409589837 -227970383 411067555
-676242356 -268799 -682629296 8314013
809501438 -28744483 803943378 -23768449
-177079040 45162838 -168355367 45521245
854524366 585861455 860828214 582988999
-82115709 -311766960 -91300843 -305425114
819964336 -112970300 814932012 -113105884
796490611 866937421 797032651 864094807
-752601310 -568013093 -758341028 -558276936
-102762253 -904964620 -96257645 -903598935
588926901 -411967116 590020576 -405730669
-762275532 -985780077 -771264755 -983304098
397243643 -392707010 401372947 -383301665
-491663753 -157384526 -494265752 -147993605
518953220 -844518215 528674096 -851225206
408109142 -406359310 417818756 -415793203
796605878 -139291691 796430993 -136716984
-118895552 -595389560 -116779859 -592747052
304102408 262124652 298255355 270932173
643057124 -76573865 644219879 -77899468
-271693095 -787821344 -275711428 -782927069
888214184 -477726448 884593905 -484422634
-28002443 514235490 -32485023 504366328
459503348 350024877 455726610 351977658
722118116 603135200 713964279 603375724
-482690482 -642935640 -489900415 -634912659
590697952 -288394640 596816359 -295658513
238554184 265228482 239497632 256220007
-905892326 858439378 -905051697 852277995
-771749218 -98525918 -765632937 -95807616
249916340 -241389835 249187663 -232128323
227964094 749669235 219147664 747789875
374354805 -407982862 370912772 -399587187
-987259847 605483413 -979834757 612090205
431990534 -978921776 438931451 -987995088
921733921 -981595059 914241082 -985691011
394941185 -213877220 400402597 -207272749
746292690 200800401 739452571 204353632
-646739083 190907006 -641224800 187133238
826636776 -197526852 832265434 -202054706
-848170873 899048444 -842671915 889972509
12415403 -163854020 5040288 -172129394
667749786 3599954 677335036 -3630929
-748026351 237667204 -752890947 242413665
-653640259 576141525 -644587583 567302289
-721865655 -895971585 -717366245 -893442546
-254019556 -727593613 -251552891 -723663405
77515044 329815574 70949996 321827624
-575774702 -721773940 -579829993 -716407116
-967053220 70846669 -963053114 78984122
-696931279 290631961 -706384803 285329890
506536162 569021464 510060863 562697312
-723114655 97903095 -715166503 95623721
536392735 -457555045 527229382 -463699948
437876793 821436951 430647967 812751128
663073024 416222302 664047591 412637323
-206469363 -744734058 -205881606 -750430802
-306756536 -508770668 -297025865 -517102048
482934616 136281812 491166086 142724427
-772902002 254430497 -778510486 264163532
-285858310 780691684 -279822387 775831792
99950401 -605754875 106318888 -604095938
-699801337 915978012 -708317515 911726456
498681134 -391527497 500334846 -390137208
-464597051 -417106281 -454996700 -413239046
-372281970 398763762 -371605183 389334510
574883034 421419480 580873811 421271852
704411758 -664795644 703115742 -668244858
880774946 -955127320 887205080 -954794108
555037427 845275134 560979475 835547642
-774491117 -195357292 -776205566 -186572572
-474845290 -154407247 -478349017 -151474795
-783603450 -610952381 -785041905 -617609609
-382374292 -628174508 -373583851 -633660818
250566526 594880431 255844162 598733081
-167268333 -100543475 -169498316 -91679788
820169317 789684337 812867475 782811266
949720488 -70307380 950436785 -69994233
984731993 80016082 988670794 83829442
-243868814 -124892611 -238059418 -121538131
-455699257 -920480131 -461767695 -921024336
-301816181 134354365 -310016756 134844232
-339796964 -287800686 -333348780 -295203479
330805879 244476190 325062274 235598516
321031470 526493355 314538478 529717864
-454275448 -984980146 -454331718 -987236588
-319648707 -774099885 -316681917 -770026279
-397494194 -853135055 -406988263 -855536160
-371326996 201276277 -380546212 193653143
770605653 543695907 777737054 553495237
-418667700 781544116 -423518555 779104952
-552727132 -479211852 -553124552 -487070361
-809730681 870035966 -812283787 875600000
-846510877 -940359637 -840012490 -945995036
633789284 -229509569 638056131 -226673481
402671974 -274828848 408259164 -280269788
334591139 392709069 324844179 389295287
777076505 -55325112 774371718 -62846543
-394158982 132900758 -400263110 133008802
954802022 13815428 957715112 10341339
-172997293 -453431246 -179567469 -449739059
-875282343 -852383386 -874566798 -851112707
-328099155 473377823 -332553636 467678776
343700413 -928950786 341813584 -935913240
-359536429 988355104 -368338299 986025228
-616808268 -53726009 -607552479 -49725045
835499883 486109294 836669579 480055238
25575405 289598708 18119391 292279137
392719638 21711403 384348793 15323031
-626445479 26165531 -622682646 24961981
-521203074 517413275 -517305531 517853135
-623576149 -806291264 -630242713 -801014489
698555557 369291956 689140179 369002856
519339841 -637884262 513586774 -634912160
-664316827 -487057319 -670538412 -484027611
-667114743 -573779954 -671619911 -567452147
-187584966 958509461 -178491190 952021095
-954831310 643681782 -951891346 634566042
847714214 -113540601 846714249 -115017529
-287980331 667821817 -280820595 676100513
214617543 -799416442 211566788 -797560233
591695247 712671529 583939147 714313632
-920220224 733143989 -921869039 739983252
397467956 470351804 401084606 463387389
310280601 415089935 302495800 422249451
-825439783 336268711 -825203532 327494138
-156077327 -930444680 -146692328 -923306778
-142502241 -106996427 -149220872 -105381913
800851374 694839677 798043885 701435438
677108629 802446016 672958810 793645858
-842373602 -585479401 -833995755 -590889329
209009310 -412585753 218436125 -407881843
-495428168 -591675734 -492211507 -585651666
-730169910 -408134951 -731173576 -404241247
-839520442 359685676 -830714483 366795959
931592089 -173089682 934052362 -179943890
-779553551 -677674078 -779767470 -680283706
-41457039 918302434 -31637878 914759795
-550212020 81659230 -553868883 78418226
-567595730 -415453356 -563073959 -416990049
184149266 179331864 182126594 177901455
241206295 37665327 235859130 43993223
-459009666 -929827571 -457893347 -937301552
356334226 42366919 359934546 38510360
16476345 -922229028 7622668 -917441559
537067074 -513654466 534554705 -505519282
820142895 546707626 817976113 550320432
-978301400 824158754 -980181768 830013443
765974612 738966824 763229450 746082944
680813081 172378717 687967209 175269026
385379804 599427082 387212301 607058811
60210251 930771349 52980243 921956951
706000675 79144967 704272234 73123470
-558140346 116964411 -552426249 111236549
-349330135 439328547 -355484162 448981251
577859707 521616427 586088241 530270160
607763848 -859294773 608879148 -867942083
-386770925 -695000488 -377045166 -702743010
106156506 -318740849 108887833 -311157323
9498382 242905766 18918244 242581454
-833296300 -771168281 -827433609 -769152436
617556740 -531798036 608220888 -538520863
811628517 110216614 814320949 117531700
264587027 -582098665 273781616 -580935990
934395838 -70887806 939703137 -69425497
-417499968 -136107988 -411264830 -143449547
-60296696 946852218 -51689956 945423371
608071532 -577588958 604468874 -583295566
-660390439 404512567 -658131450 410832555
483751514 -220188500 489010788 -221705757
-347110427 623617458 -355498950 628480032
-285807820 -234973568 -287618779 -232944127
-952692778 374568209 -958232345 371871509
-836281555 -236047791 -831964368 -240290841
581706404 -576929716 574395124 -573865640
245981992 -291498878 244695832 -282192137
-246144485 825153347 -250022882 828078821
457608074 953374539 447671070 962419024
524322935 819709556 519346880 812883269
-894022102 17988991 -903301486 15605447
83998545 718316543 81554037 723821556
900916271 600792621 902409017 602681760
-56743291 196242347 -55165832 197199385
709619966 284911141 707336530 277187105
-387017403 -325085976 -392586128 -334965754
-552896377 762904602 -551486143 762452122
456950560 -3395323 451562579 -7999136
912602394 -725653135 919670397 -716366971
94807588 629102332 87729244 624277351
-162147140 -117040131 -158974986 -125650992
-6710435 432435113 2845288 432477900
-173459512 -757697022 -177491332 -760859890
856550461 206576963 858437621 210084153
332618891 389200324 326913970 396517468
944982797 739856345 944601857 742414699
927829963 327689810 931916640 335258455
643889033 771295720 648254018 770035125
691871706 696354238 693211809 705311796
-954039817 -113008269 -962876088 -113373307
279998334 -14303273 283943859 -16428251
-705926090 -742146319 -707675726 -738779101
-712962115 938144649 -714293700 947115113
146941415 926143057 152878338 922511507
-416199478 -325916893 -419213962 -328321190
91834062 -212572075 89729247 -221039297
585863349 328829802 585979491 329292577
295848510 65941997 303895662 65886967
191639015 -137496266 195682684 -135583446
-724508495 -988626427 -730207795 -987066706
739271809 -787356370 732413214 -790056226
-412778473 568333156 -408258813 578299688
61242415 -908567170 64985875 -918095326
582656071 -190128352 575778968 -184732444
507574851 -378631967 504019311 -377484276
5054355 -134437412 11678666 -143974746
-443436115 -205404050 -449250392 -199357600
-292489054 309929215 -292761748 306634207
235872872 -511964324 227983755 -515551672
-267671005 -433498439 -277405680 -436107824
28546498 -103344904 33222455 -102053704
132725824 582850912 127246136 589445242
644154061 -688036133 636681930 -680612839
500608113 257758176 499126063 254365806
588675697 -238735629 589557125 -239238290
-808788949 -105998467 -800841384 -113094161
86241197 808159611 89875957 805983580
-446063026 -640603462 -451535673 -642680190
-591259967 -786077754 -593460475 -786531880
-436973077 -907633251 -428154811 -914266049
699464146 -111287969 698978965 -110397956
683713826 -765717177 675934505 -762356241
566757737 -827336172 574721142 -831772506
432815846 -943931695 439048470 -946526364
-594998610 -68909547 -590826871 -69284033
292701545 723025575 295754523 727668061
55457529 -812183876 50054523 -812674090
-845535887 835507443 -851652115 840624475
-46089634 552482616 -46541073 557914666
740904031 367984107 750696670 368885585
194904220 -484551092 193388935 -488835599
31701686 784777490 21972672 789430954
-770930846 921154893 -775338868 918818428
483041185 -947099724 489691227 -941203258
163075008 420036579 165508328 421773785
93179816 362629664 102797742 372091862
470883734 -2777892 471600008 -3464625
-512928151 599561119 -521499840 607427682
774894258 334041844 776018418 327164498
852617712 964685824 848076662 969555347
-313315308 -697869431 -305358509 -693211960
-15253716 556735242 -22547725 550955996
23591344 -675172683 15897307 -670781916
-390384545 10982633 -398730772 19243597
-285315278 95109582 -281371802 86493667
107558657 -385135592 116672946 -385923201
786052110 228135861 776321245 237061615
-693900276 845650687 -695415727 840463193
571203808 951807628 570832365 956855452
-43681758 300559465 -37029113 300610891
-961598391 69796320 -967518591 64222090
-618001909 -740263254 -626348175 -741917902
-108012836 -908367127 -111386133 -905652099
537276946 -569499948 529863069 -562672674
-530593432 -371028940 -522664401 -363727477
314034471 178462734 311003655 182069841
750164813 473258378 744891632 466021734
410066691 -734137667 414551870 -724617149
-478320872 723832496 -477850333 732813578
-966545918 -779604248 -961125255 -770200978
72559635 -234028734 76345771 -242097584
-896112435 -582904940 -889082791 -588844438
154826744 -891608539 149839795 -889518593
-261534275 -573751714 -270578801 -576684815
-408505063 -675966902 -415081388 -680926913
-227936553 -737239473 -236939476 -746871286
390751618 296207148 383400979 295398718
593194494 774882015 592365395 779513723
236095333 886136396 242126321 886666533
-682979585 -188204749 -689521874 -180910647
-535766493 -541706633 -527206173 -545469731
-721446024 735352289 -712247231 735174679
-684203037 -672021092 -684528540 -680024789
-581099487 799781940 -583930618 795600830
-170497006 511009582 -171694071 510983164
205383024 -519470875 196543079 -524302754
-703618418 902430235 -706993341 905108937
-933546330 252630624 -928189880 245729992
-75000376 -754358249 -66244365 -762883864
-194570823 -97336264 -196450930 -103262059
-784411110 208087582 -778794860 202464689
-668899989 185137087 -664449011 190447257
583256798 -406846763 592042734 -414803945
817797862 289541879 818909004 293168561
288036653 -272262281 284354981 -270339972
-243743254 177759471 -239969332 183635906
-542013815 -10349535 -539640380 -6939773
-137982117 -583370195 -143087742 -580077288
-516871322 -479230493 -520292809 -478882876
707583006 -960253337 699603181 -955850586
707260101 194883568 712925053 188340313
580701296 -255197180 572251295 -255504322
340941936 -538971013 337273714 -541430386
-797762770 407901234 -798566432 415902114
948079903 -952287152 940673016 -960299734
-692779329 -322221263 -689430987 -328848239
-60905384 -491429399 -55184293 -499873843
717480623 -618922477 724932561 -618782149
338803640 261566764 335067791 260143504
-486089560 -926343925 -477730072 -923797323
-17098871 -923147419 -23282969 -931129127
271427562 391183713 272447508 384362505
871215012 86432667 873788734 93208535
-151409859 -153548274 -152858093 -154415275
792918512 -171879732 789600311 -162947058
-971858900 73854993 -977299184 77045756
-416204556 861883580 -416154638 869553204
855921907 -390972092 850426819 -388043045
114525851 594021789 106871140 603728156
-861661208 453997578 -859099610 459847199
-360916868 -519529495 -367392392 -514421989
181786415 -627857572 189618051 -632998418
-640361699 735880731 -638657317 737209012
-937746063 73506065 -931637446 69900683
680720864 -829699797 676703503 -820148406
-519708654 976516914 -515679400 971527192
831700048 69088660 822710919 72512575
-640060238 -528027606 -632433375 -535596352
714604818 -142366828 706560098 -133764216
255219570 -936739207 250906266 -929698520
48144575 -334565103 47913704 -326109598
186645679 42622379 180593674 52190475
-956042452 -937256316 -959430755 -935656082
-870078690 -603875524 -862479096 -594679857
446113843 879064442 451200183 871533019
550748251 127959055 551503111 128674947
977627919 85718352 979635840 87188291
755274914 470144506 754388935 472490854
-44793190 207192677 -47944081 211829466
-920560232 -272132248 -918301081 -268155303
-786884638 411983719 -790285763 406370010
387257475 44596973 395608172 49696246
-342282355 668603992 -333409473 670474145
177892714 -614756558 169120583 -616977660
529623405 640003695 529235656 641300006
-817370541 841412991 -812085611 835986636
-69559106 668346886 -62655852 661374168
-576362260 -844204633 -569191302 -848415964
763554052 -837209309 762545657 -834065023
661037207 577891812 658035247 584784342
136253709 -812189302 137229956 -818010691
451960054 -972500728 461490538 -977002856
-659562550 -956483300 -665274636 -961350756
-589994518 -362150156 -593716454 -364880917
240880655 892516655 232246057 888538370
-289152157 963800961 -288194081 967638389
109287622 880028404 119116232 887372522
-611300531 630734507 -602255839 631373182
120371651 800033697 120191512 794892297
-150444362 448441347 -145120544 442380248
-610263578 -435806922 -614985551 -433462283
-45945878 -332707393 -47903698 -341233537
-25494787 -152423720 -35200922 -152100467
-585430931 97090269 -592407855 107032878
-465013772 -235691714 -467171584 -239572312
-425127219 -796362941 -423828525 -800652311
941848679 780371653 951398284 790263195
-811360989 -782547254 -818859166 -773764295
-839623237 243152262 -842408361 246538188
-456451743 187349621 -454350739 180895039
-814318386 331937790 -807022141 333065558
173587802 -284917460 177837744 -274998976
-157236002 -497471455 -151576281 -505971812
-839512565 833151318 -846911862 824148143
-45781203 827779018 -44207914 821826851
441106610 -379339738 434958656 -386811816
-679241840 433173162 -682894224 430660211
153066565 -904208465 159446979 -910266893
749322296 -559997755 746016720 -554762319
-463855555 248228474 -468975162 245530755
522729496 -460293747 519272812 -464517775
-541741982 -821586305 -543870299 -826288709
14375386 -742150743 22337054 -741849016
-1754945 -224117229 -6818370 -228002494
-630187563 -451807666 -631477487 -451865115
179369583 -337115072 177015443 -342157657
-603857148 -951922590 -611911227 -946756925
-622612281 69104588 -628362781 63261128
-279236008 -193989335 -274573468 -197628710
-810143733 -415097932 -813700105 -419789127
199122235 695956253 205657387 688361864
9441314 240832332 15086051 240764993
-921491060 -141584995 -919522892 -150665560
-391680486 -512625456 -394926727 -519826017
969552100 -479955427 964743343 -477048715
721688745 878960208 726791984 873040996
-824506358 293303885 -821745927 293513839
279533886 191561220 278307346 201384751
576471477 396059815 584688631 402644856
-55543268 580221220 -49030650 589495157
626366261 634769054 622184937 632439584
31012460 938527837 22882944 931804335
501558271 701818294 502187962 697454499
-727136835 857060927 -722683825 849441437
796612504 36568276 791819956 39901854
-610090304 851337711 -618334758 858970091
-489737205 85833901 -493663008 78462886
345724494 -110062109 341668199 -114439855
-280124022 -402605403 -278217708 -398085834
-487338304 -371084940 -491548808 -363312896
782885758 218292776 787046824 211409784
508874503 -463866278 504797969 -467057072
816454371 140463267 817055838 140279029
-946213382 453279751 -942390757 450275224
-370817634 -290737628 -365078746 -294478457
336889222 -455811777 343918192 -465155196
-817010375 365217786 -808319091 373279752
537266627 -68010602 529192888 -68821086
491133960 555974478 492141360 547176496
-945964301 717544104 -939952225 720725492
396612624 558132284 400060822 555536091
-112137804 539553271 -109686484 534326714
-97084174 645567795 -96942165 647876955
-203673606 -835532122 -201118995 -840146838
583895839 764515397 576373398 766701919
307991178 133350043 305712274 136069093
-893466806 -763259790 -896150737 -768400443
-182539020 -637702256 -185371559 -644007193
64034602 516568937 62042153 512876427
-151083712 -597879963 -160836346 -595202839
93276701 -871619651 84119417 -878400559
20022368 573483362 15880713 582423649
247811107 754899302 253399550 745559061
928298831 -591486228 926957789 -585626034
656616653 101226084 655609706 108839419
590637093 -536416369 592450994 -532437293
110566656 703226966 102972430 696227728
569992349 225688002 577406664 218460023
-75135322 384840102 -72680091 392320403
126756298 -501482111 118700620 -509242930
-39401785 -158414412 -33632202 -151205984
795850150 -336739985 795846593 -340805232
683075961 -715873097 674206224 -720870068
684389372 506386289 679749588 506325929
-896700732 -288690705 -887641491 -285486468
690080956 -81815355 685527428 -90588516
-640887297 -62767802 -648646924 -61669988
966065782 151681717 971989887 160600381
387078780 590388037 388502522 597794088
496809337 887919510 492236091 882718445
-977571481 764155259 -971251439 760222244
-486473943 713851708 -496423863 714479842
-566581884 79779851 -558288700 89037198
86615835 -380859173 83092213 -388733565
-545397824 -419644986 -548396147 -425388578
841276696 749242993 849603128 739317911
-431307179 -787220466 -425196099 -782735382
287498833 268443504 288500525 275704179
328575449 481035906 325189971 471747265
97988996 669344422 96759988 668587037
-758626019 -344965617 -755269570 -354713302
129288456 646915839 132401662 639612933
-625500928 -459344031 -627775011 -464147225
-310707883 125908829 -307917266 123688289
-125313626 677837926 -120914952 678556819
-234720638 -460260024 -235177420 -460436879
-192093477 -638614728 -201150254 -646459719
-146738441 -19120676 -149302530 -21253791
-261719994 228955003 -267664502 223951152
-204773595 -616626846 -202632991 -606967752
-490013383 -120628787 -491790044 -122555186
82994617 857987720 74427346 862359673
419530416 -866534223 420984394 -859674188
956944486 -858548081 959425587 -865192040
-417887671 560399573 -427797875 550684518
-364285062 -29159647 -358999322 -32149215
-871457321 -185902394 -868318389 -177500742
740174803 -170242360 733518752 -176365795
-80427491 734244564 -87298026 731945796
-676526507 217256780 -673704823 214540251
-949223893 565233380 -950287415 557763437
225840855 -694593121 225323808 -695556823
571891439 -641110844 563134129 -648513126
-173046720 -465210594 -180741725 -468169636
-167205103 737650073 -162283415 728370377
-923214815 607181977 -920442705 606019014
-530563385 876106460 -538434146 885287365
-766993424 238022724 -759013927 236607161
-774791625 447840 -770256469 1392701
-543373900 163040653 -540553398 164093127
-916368472 -66603788 -926192680 -62382020
597103369 101923581 604024926 92254661
-874989735 -970540820 -877266090 -970927440
362691408 815559558 359834362 806129982
-327159748 -751524937 -329679441 -747245228
337999730 660902088 336234070 661089328
217673641 -201011775 224312338 -197767478
254757522 452032617 256816653 442442751
607722003 -929923140 600105285 -930915081
256401949 -382908323 260979175 -375363451
417226501 -644450406 422170402 -640690739
-132905091 -344535531 -134041051 -353792943
-423711517 729132768 -421408607 725196780
-280223157 -270820661 -274735352 -268894612
-31244493 189182560 -26704967 185291868
638366652 543533539 644782865 545195292
-355700972 -590577748 -359308224 -581286506
218243921 47216283 214055799 51249980
879560837 -953513209 869742546 -947648259
-649262856 -466669781 -641401996 -468658247
-23933057 23543099 -20612310 17977984
486851038 -116782983 479036669 -109275927
-949287534 163809629 -947192214 162340950
124077750 96299507 125161467 91708041
-78686970 -284828556 -80341592 -291962438
-44586776 -924993646 -51322709 -922619362
789807873 -897395093 790454660 -893839197
573590016 -764755279 583212640 -769120729
373117841 517113280 366169545 521175128
193056877 -72967288 186790565 -68680554
-173638855 -592907735 -170345509 -600339969
-79603367 -292219029 -70147386 -288143425
-674894825 -309624172 -677293071 -306760227
95580039 -125192967 92315158 -132045952
914332100 799425979 910641817 800092368
-982694089 62620605 -980034082 66681152
456043821 -149308935 463154554 -142950072
-56612729 -716182747 -51468586 -715245625
-419481502 937937733 -423981527 947148063
189903596 595619018 187666638 591539179
-829158156 -167938806 -833084096 -162065882
-616713601 -550757492 -616448677 -547712571
781348275 835178644 776502802 830681305
375615706 707655069 367246034 703125298
-555656554 -749992956 -563298590 -750106527
-247660402 14430197 -251852123 21506091
-816469189 -44626593 -807233143 -47751209
-83887603 -123978805 -81289207 -129712630
285732539 120191095 288463015 113705558
-590608040 -501597560 -584216879 -496936350
-153955983 -926327576 -155556026 -931067276
-111325224 553231925 -103236740 559372130
771241894 -610319705 765096130 -602411839
99597661 699130400 98114742 703816875
118084888 -78896201 118243759 -84239863
-357633363 160082996 -354140518 163028901
-923668689 -381736391 -916333259 -390550390
277396292 835232333 284547712 833693700
-490410359 -861883251 -484721655 -853541628
-796113800 282501069 -786262707 291565984
-206196768 -896191504 -198637426 -886903911
-649939582 910284351 -652559068 908203193
467707627 -66416518 468453998 -67706097
-911803342 -468425369 -904392513 -468047650
-849276161 648856323 -851055865 658811021
-305141676 -589640559 -301624029 -589069259
-833066147 -434087196 -832995307 -433309704
690459129 608410719 683467528 616238944
-291735131 -925074268 -281924910 -917177155
-362061901 411666079 -356376479 417380738
-781558380 874796042 -776456077 880719448
-885278551 -954128707 -890611085 -950349888
-620478026 747723543 916183996 -756931583
-993515996 -486397676 -150076928 614735038
-114268813 343130971 757666775 585523515
142144044 -984333772 -256649331 646256027
576003921 735802646 301892400 137209486
481470399 149776824 213724470 772714461
77716094 689393438 -182656918 -697600533
858397220 24241775 -869882365 702831791
329549265 -539100960 348612181 -184448895
254795057 -410311014 -610430964 -85502896
551282102 30558008 -931847264 408811831
-5648249 59873450 -804694245 350778960
-946156235 117118932 247958076 -246719905
609729664 501706137 -655087568 705844241
-286961405 -287381053 666517485 819856774
-3497521 -210949069 -724209474 703797662
678396358 -143270664 -109718912 890044658
-683598132 -881263209 669210999 909854814
-126920652 -314705438 -878262924 575475682
530448946 419535659 264210617 76153557
383333245 462564280 415178959 23778595
364281382 179310599 -30549079 -696127396
780930793 -779546540 -671614130 732786742
-129660761 -752418402 738145150 -245809427
272805736 -522744219 -973899973 -198960718
-946072928 -777463159 74480233 511255243
141640353 -212366709 613399312 89057789
-243780551 -903419346 932761807 702599670
163837186 950516714 827080346 818060263
-91256377 -413817760 -216920871 278296182
936005590 832128790 914587733 913893770
850674567 -70794339 892561946 -787961944
560227390 -797949892 -657271848 981070961
-253493807 849162322 306372731 -254848213
-101784686 -753577350 -75344856 -751131172
193911591 401307439 460209716 -844701762
910483046 717264059 -351862564 737824153
471520359 355894609 954166528 -633799905
703887693 138254756 793481979 -164548102
-672878796 -114332682 -507862029 -381369367
-623419392 -739520256 109215571 477715705
-348016954 299767419 90890903 468631349
-932164430 677546348 -130867935 926432493
-81120686 -761936917 983584134 822467380
704152803 687336715 -506921818 -657811278
-251234054 -822267943 979568562 -696122989
-494596108 887518972 60407196 938534046
-283317022 658335346 195871849 -46243207
-390752998 -28089131 -379697635 -27036967
-956436934 -966674031 -814891199 44220080
-428645997 431834693 894941075 225126114
-382340073 -67659503 287085813 -802558550
447370311 -217133796 -482605762 356917946
-518061039 -137418348 -385987586 -70582514
-255898707 276230928 -277535871 -872701991
-40281426 -46258772 386422747 -606269651
-310425919 -464073348 597734741 -435757505
808336095 726084226 -295936512 457546899
-147326669 354782862 -240314080 966978555
-457008394 797296985 -437542306 12956807
128951366 952904309 426200472 28411781
327824190 480135108 635310003 978648485
-273534845 -99002873 886644019 -773392746
850932008 571436860 686307983 928719188
510424319 835081559 -964942351 -961677521
-330840266 790309924 -507139213 -533177961
328327554 207099204 -686125160 812103237
-617321605 -795095860 44293149 107689527
-265119443 -116756322 302766308 -211353253
-236748596 -199290334 18810534 -14109434
-348013449 558116999 -208505976 -926151974
-110295647 -945816940 -914048051 74452376
-300758793 -532959517 175479476 409961513
98249246 439949133 -717792735 -114323187
-155831237 750640968 -671827341 -151830865
449411776 410332083 -346413843 -671725603
-704926317 -593502666 -678623526 288946422
804403004 -582089608 -142967225 335948105
813369595 566458950 151167816 126857250
-968878716 781119150 631425150 -770062569
-411227768 17764100 -122591719 381633487
-381833827 -488101406 -656762237 -691734677
389169318 416534255 578135220 750225219
-908394374 -198862631 -196298396 -335559526
584584622 -453678622 798254323 689002742
-860167054 -973882452 -326196622 -760152498
-926364317 471586924 -875376843 -546881047
-727063220 -520845088 -136028413 -820188541
-420198685 993878727 330185024 201290485
958235140 -686138849 898054318 812456822
911854268 -124916364 647492101 -918824191
698024661 86314670 -543604663 -636568822
23943819 -996689758 -695711374 -265052877
-280251278 473168277 -62349622 -291088535
473608230 481692699 378965348 740302553
-21049529 577067333 -303054343 397685467
537468696 -284739794 480160375 772316505
93703184 -972074246 988947633 935727821
181048217 257722302 120446976 -592915933
-492285738 -174568899 -631132691 -722336869
-150436235 -920559037 -898291406 655177535
215707617 -128615749 -457714168 -6593464
-489514098 461591677 -892270074 -119185607
-116638915 -47381663 -877647154 -168688168
-543581431 -125532316 -99999401 552456552
-956738232 53171130 -526356370 -721556283
385489122 886976161 395178916 -830310115
876721726 674932097 -844576924 588502619
-851025339 -235418319 -849599137 567244582
-908935833 -830852035 205197423 -604038629
-330498225 -689637456 18075997 -483581511
-556507758 443922530 -512308725 -303939396
300969314 469407408 -222163043 528725548
-839774769 -455449500 649821515 350381453
222539937 82025440 66710017 -759329413
-739205994 -732187095 -158178470 -468710310
804067211 -334586518 109782783 -605615930
-400339627 15932788 -80064005 -547324300
527760584 64779152 224501475 430553698
733944669 -55894370 -180952511 -993216849
730116840 -688809484 -215696974 194683105
313297343 -397794056 829085913 758827010
654984465 -782933365 -522207508 -959839219
-459523325 -608994855 331020612 229263283
-344458819 -630509401 -579261625 -231394133
-394996954 928814814 -916644498 -821782195
800111195 490449528 567120761 801040470
954701732 712082030 -22639169 90195277
606122466 -877951305 -970358782 -814707066
632140047 162218118 -974646492 -526417864
953882566 -715214402 261869091 -944330320
-233960232 414066253 -632763438 -988569869
-747481138 227288584 -199763982 -746703931
810799719 185344762 728373930 -721691781
360298278 129496461 185919466 521555918
-279221578 466633004 -499191452 900001534
-910957828 661745186 879801876 951648718
770418622 378717987 591902636 -937445184
-360246237 53374667 15153259 -876402737
643452152 -914920166 892190769 -87076725
168530568 -227108209 567449684 -120394403
628832869 364835635 -623102534 -822873929
-564601305 112286075 -532803614 58386753
959053668 -624970421 831385078 158624321
760553718 -757299382 -786085782 890712089
903634950 -60374894 -691902812 -951042925
250421545 -671029312 -572798134 840909664
-456800021 516268316 -331889863 -525705923
17787659 252711274 584521817 -306669722
-392580842 -666614854 754201830 -846177423
-163055756 628524967 -976406765 135425945
642901490 873227014 54176462 -499389373
646397323 -872566928 -913879517 412443257
-149951161 -800757278 239274772 329443146
967577146 60192236 83906778 -278346693
448154197 228864750 -6427805 -197609525
-319754931 -557001554 620361031 -910993824
658833574 356459527 -955755777 -549584896
-287875732 647592176 -328399326 432245072
-511606336 979440162 180456585 1331523
-274251288 -290251167 -663201876 -676555678
610967015 267325779 -673902599 309444089
-280313170 -535247444 916817739 -190307125
667895641 969188410 -246098167 -81473258
622844356 -213664691 363499778 502647357
829488103 -203207335 659440638 -280376107
-996629653 -976375742 -915812134 -189699517
860872383 246949395 98737696 -177065793
499262148 798979284 407448630 106110026
368645103 603544871 728460133 182031684
-649372068 -482677480 -494067843 482944647
-365174239 -562689918 520459246 -745404564
316415688 696572908 -975873334 16039118
-3014119 711137465 -432165015 -149107085
-435696879 -120049987 -62183945 -81986115
-245664406 -801530734 863268516 138261956
-900883146 -431907096 -432922879 960156626
733583085 -799810727 309423128 824332781
-91512188 328002788 -19242305 -249920670
564450992 153517032 171244732 165256615
-369869636 203658303 898035387 -73311746
208839324 -465626556 -855860154 11183004
578587135 944968236 -819996893 988434698
680131618 -330722300 65887483 -645067860
-641523323 -323026938 -369444324 448735525
-279045639 796630032 937522187 338974506
-330270918 655342091 301577313 -590520981
-511634087 271966852 -140034724 -674058127
-496743967 967311989 -764191051 547262726
-989442630 -850004395 474109628 335519312
-825179096 -828252135 -615299909 57247511
506195814 612727595 -437842974 498498070
-901039771 777868456 292332860 -730247273
-110711750 -721680679 -820709213 899650992
760893336 342045264 556661195 496144903
-346632383 -444970464 329225460 263296231
37730433 746820574 442809405 353613433
403046227 393789070 -567218774 -818480434
833161489 209822477 -754451285 548062136
-187363003 -791144689 -424874673 -684247961
171895129 -567079820 -120870988 -472967713
-550323971 650900651 222549487 -771861586
362182054 -9107795 253217298 -557182982
309422512 313583627 -548820668 203259168
360472544 389596324 -847953004 293860683
-149794677 249039935 -100604424 779530482
-808575487 -214643610 132784011 504662924
-858397655 737985770 -160892128 -948973123
868198680 -650618074 -725165270 342217976
812319700 451535819 -827701271 608921769
530522207 -950527209 -188252354 900337814
66505972 557791767 -103758553 898507531
621225195 188412009 -315825338 252828120
-678223048 651690869 -569710365 -799532474
309079630 448210279 -162966881 211208237
12204646 246029460 631199085 -292607600
765483336 -193074117 -740916381 971011603
508290345 218859949 319384568 -352268087
-221640175 -961374770 -664034084 -733597438
672223205 -961759489 739209718 -429664272
224059949 187277227 992544066 -311287583
-733875983 213869087 635085862 157170846
-484455948 -785003541 524096884 943200992
2755483 362335290 10002574 824006056
56509715 -496907995 -991138873 766165683
172708359 -473312990 -386919225 -265784652
721013329 -517176878 961379485 -286144149
-142712322 -734453887 -569229368 -636692689
122817549 199006603 816119253 718213408
323532501 -124017321 255902354 -861128261
-122359691 -24749909 -939989659 -699153345
-986614637 -605120626 142218162 -748389216
436022124 74280796 407134241 -22326408
222904972 -317852585 -45232705 -448436907
762636765 701715983 843890357 670860345
678520109 -953350662 -516328447 235424030
-113872018 617632114 -286388437 -376311458
231618493 -463100071 779635679 189929962
4787630 724443019 897658635 115134724
-479547401 -63495292 -64781021 898349825
438655616 785835675 -434033729 568513568
710898467 500323554 -178920251 400858967
727378639 323649216 -287259581 -586689082
605129694 -780892115 551182535 -502305270
1343420 -675966053 -908990714 656464095
-515508013 -483127943 653765502 -95875788
977678198 201428868 -542312919 -108031799
-861281952 936052009 -976272384 936985850
-109250514 -131521882 21472957 -645004097
264373425 225084321 -76528059 892974112
354362095 -690705164 312426761 -598524615
-620951285 568170231 -823080095 -768065223
-893555938 86324926 -424425810 189590030
-590900710 -874598253 -371897236 -901368514
273992650 691539688 502848983 -413808955
982996491 598058364 513504042 461098974
353974744 -958269871 -372751614 446167320
836216360 892581279 764169488 -608879244
647300267 512343464 573472340 -331821515
573455278 345021426 708541113 -66342246
210128433 895326458 -436267423 -987411992
-380545822 -503769925 -9265377 -647422166
377046927 -10061719 406109777 -916442667
-179420531 182213227 425625621 47760037
-761994307 -399821554 -287743633 -926400117
8436580 -353607278 199308996 297587951
654275222 382951527 -939182348 -604070661
-762843831 -558713615 -12990808 727952577
724516529 -587103093 714837043 516514723
530530912 -724768426 -335075768 100306650
957524675 310575840 -124949132 -885690079
-626349955 -410441791 64494725 784623619
-907499800 814961877 923798118 49151673
-93431974 138540113 -356850852 -941457974
258615098 -448840906 -467691152 -216200689
904172153 242598058 93217563 100806170
193052313 460122968 528998118 -617936290
823637849 120837817 -165506964 -623496969
298334069 -52158456 563891807 879577535
-266145174 562174124 -217145409 341440212
205160607 173263938 775569111 835865238
343112478 -223185708 596636317 891387228
544767113 -227027977 251683844 -217463689
351110248 -306615714 -674768869 923496128
341445898 633941715 564034749 211067838
-863757929 294840093 -999231215 615570333
532315808 -155825881 817315125 -947751250
-55214480 210912033 -498132665 519815863
76260721 909633560 -62883235 -177615135
-374682153 -149605681 -478495331 247360554
-305609762 418714532 5600307 -954972307
209115003 -5680607 943902767 -349477443
-793752990 -973693116 -54205655 670224552
149534849 -154558443 521812449 234148132
-313805995 524720366 -426000177 -956696898
-140203440 -742066244 405982351 881990553
123249091 -160176313 -235703456 -992512917
304971412 748850495 -48926214 -288361104
783546076 -827999910 90282391 195702949
-983329356 -420856524 217373342 -831237389
538835391 207083949 42883448 -941430776
743336063 676766226 160848884 204651501
-530106887 -498994395 -224042747 -53418487
147316936 -885840632 -970813537 -895089116
758361604 -436125009 730284609 -186333912
-113304578 -130194357 123288655 368369712
585243533 690411678 -548349295 -342275223
-958372980 -526766358 -664280806 -4585275
-237077346 35202739 961584636 432493084
-556071105 -141299573 -276126075 -798520440
-551619804 603882096 521333631 -865878429
993363543 562008256 330552251 -877939316
561598181 800982939 -34104436 -507414716
705364673 -783388104 -279852827 682844925
-641281469 -697985825 48702612 -458530180
675891314 912591814 504191900 858243469
185089800 -226760158 640057824 -974384414
-755428992 -492808113 1847258 -67704878
587911326 6331815 340772815 436704520
447366776 -49272190 -900736286 -175411195
838597109 -738742340 -38009603 285030325
-857307654 690417661 834374918 -296701067
654422919 -119771620 505873062 617233625
782736732 769869871 -707061257 631862988
-614249795 -632550279 479131101 -259074462
-67270191 733120059 544404865 844796941
406998191 452739089 -556395228 -794875400
-122079366 -352512338 420516778 -95781559
734417814 -548506687 361738536 860478432
683998690 706519284 -940395227 992477629
-487713191 799006225 743894443 641860279
-798489355 -941753887 238134636 -238717470
818723570 768112666 -7943359 972761099
284387211 -595515869 -296779567 939279295
805100618 -975806375 -430414367 -722210834
-683148986 417039362 255214318 -386162137
467156473 -866956934 -563513209 -404376228
-890542338 -393349007 751858112 885246352
208375166 -442396051 915769658 -835941157
253763146 636148918 -821420809 -192607624
-118669531 159132215 71931763 923896816
-210073045 270851589 549309716 553657126
-402672737 508728111 -779541035 262677305
-648515726 231251311 -339782806 243429671
361908241 487010438 658295316 -982519250
-660984400 189290440 -147969956 731392402
426508088 136547370 -490947144 -86631904
-640212667 -105050433 990432461 885824773
-676673285 326583239 520878066 -744877992
233304248 -48719707 -243504308 995493223
158821711 585650739 746737831 174925939
232970523 853104010 360581520 -347601785
-631769920 370410919 -967050028 512073845
-867270856 558796154 792960431 307969744
297442132 -135747892 -123448255 680052848
-296395616 593223675 -444926345 642084044
343322587 448851420 454517770 -52143990
-230001307 226237356 -754863420 -264519121
-171890701 -564244655 -577297272 715028652
618565829 -210160033 501349925 644256647
-987995327 832268423 448537151 237780383
-200292089 -260374497 89533471 -575418153
280651543 -471169372 -259290668 -679437929
499101286 518298506 140924891 -184419048
-807804118 985529684 -138287057 40651333
903042591 -596730179 -144684458 814325655
899182688 834360364 65929156 868307628
861741376 -119685405 508995789 285445083
651890213 866368303 -408519294 -913563483
925903175 536127294 -619687971 956305858
221329469 770505582 -111653639 816368173
634812799 -762552447 224512419 593101775
-107597030 956544681 228631841 -524388181
-618994266 -151204768 -211904480 68013147
536285504 959764815 285212742 -937144540
-646046958 48530342 158137929 -243599856
-844274915 -306221703 640835318 -524213310
-919016625 320085977 773147158 439601581
-371018947 541666721 -913108984 961025688
-76044860 -435813529 270551965 -227721424
164257800 -858825826 627837150 -295856156
-806137203 153264067 705393092 117845249
845516279 -916760018 89008764 837758922
-169224353 -802381589 -134182361 497325223
575673143 -28144070 124767865 576937226
-544130750 784064318 417143292 -225586481
439973761 -942257121 88234996 384025355
-153792166 78116313 551655870 477379398
-42581266 125250870 98247097 339089764
225340920 -174151849 -579879417 -922200777
507797171 -495952297 -881182626 -374590128
-384614170 119856485 -185411000 -8385550
-284815353 -111495972 -178464742 -756602599
816839344 -118153779 -23891763 -373448119
8493615 799594764 572609748 678803990
-547535939 -987197844 214558872 728850334
679265179 -411533313 -131120306 821773851
152676495 -547464919 377927078 -80800449
-860076111 -328184087 692589775 -129947994
939456511 23629757 881836310 198128236
-977680404 -160130406 -28074972 693617314
-497305388 705168979 744379129 -977405666
428883665 -641703026 151469413 139670765
335233397 611828981 157859100 299175810
740160846 -480025738 126903334 -550331632
50021695 -369510407 92092999 401664648
733182163 12588783 -477456224 -797391629
-588669123 619220039 86659144 558673395
186473708 -509164190 578203450 -202580102
-537112609 829275005 81246130 -16818430
161280730 -215841893 -331302724 405953199
447275724 -728110452 -805805424 -351177104
884557770 206097934 -436999444 -381878122
-140849807 -762780023 37459138 780411669
730725886 1618091 294165404 541180116
-91890787 936099894 -213409759 212468501
220394528 104151806 -846050366 386949324
658682650 720053130 722079241 -138473178
309654321 -438472367 -739585638 944707888
-439476973 -906089110 550111593 483712607
-409537537 573957906 973109974 739112305
421909796 818305857 892679195 121830264
-783502339 754198715 -852295098 -514704662
-34652684 -715021293 665940503 -176602570
-565466053 -196549463 5575985 -439172626
-254493777 658882595 675244180 -713147727
45648153 -643214480 997108505 -381280991
658825665 -673913895 -949973183 280213391
-404060315 -186919849 527503690 144188793
932309080 -719586392 -916303356 748168138
107372850 -166768950 -158484772 207259514
-959417417 -582956356 -279688570 878440450
-249022965 995545183 -164805125 -175004307
684963581 -310896163 -412995803 -520931071
923442313 511109178 592091926 55449475
-307862981 698006637 -355994718 239132972
-321100891 -607249751 724619852 323960117
-969242239 -990371175 519372781 919676903
669898257 -452611512 -637376923 -924881502
-745769949 660686403 -183724450 224862537
940278334 862241255 -621651082 664249562
982355841 -640209029 274789756 710041671
47473254 -753202836 357904098 -381068244
-590002480 -421598911 805765790 854405790
-704480432 559732039 -232020821 -551293182
167234605 -720107113 -503856564 239776413
-872304937 471524489 387464272 -527953570
-183839395 -874967703 -434258824 729966883
786939223 247396588 -40471146 32665748
-321305282 -199204508 840340602 480379962
29294822 21851473 180458472 -770353153
-339443294 705292947 326663280 -786617666
-460366758 -902580463 428264433 466744281
954961230 -749989911 147563565 900282713
931884582 449768545 691533830 909378663
-866960460 -896698258 884456783 227528473
591015071 -861262171 -2192609 -297503998
29125679 127627252 675963320 487261487
-262971015 14752471 -378166421 -51820834
235245917 -298733581 -965487369 -104354331
-152268802 -897875290 -707475821 563838407
686034748 29269855 339909983 249997928
-562159812 859363317 -378707545 168952881
249323150 -454271362 -592653180 36040654
-228721104 -250543571 485641536 329861519
623944750 957860163 415110040 49838863
-109107588 -605301144 200396808 815167288
176168659 -786156271 469182491 500654198
546213529 158129618 -124322979 6971553
-865664295 239597466 -570169264 -446958234
295847112 -121773743 -547940811 -746085556
-61552268 235368461 390105577 -514164365
-11946698 309714641 159749704 726377523
850341162 -514642701 246220574 -453770396
-960536372 477374707 686922438 600851953
-348056316 -123638690 -173476988 -261209097
814431811 -329428314 -993240688 -500680507
-441927392 -141442939 -536997852 541251844
617175631 -852579036 -232157442 -998423699
-707033892 -58100802 -301540066 -993514445
121832017 382298461 190899856 506026843
-824957981 -877962883 571006578 990230424
583224069 -413693381 689807362 -177749729
923518426 -57092012 701817887 -182515240
770154038 167090359 -56817511 374055631
-666095256 -749954236 972309796 -969021835
319627001 298797200 -106069300 -276919449
-548050174 198946047 732874176 -429428739
-227580084 749815835 688042632 102104751
988502375 -309423641 221439309 -49259363
99139171 574332151 -613002962 -894816372
-20112438 913585800 -358531328 -521498348
-307843226 -548741854 27802609 -309086609
595915299 213070774 845755040 37371846
-911023218 767648867 -264655334 525904045
254271393 54568090 -242178760 -462383727
314991914 926755794 417362105 -351413550
-45349925 230289139 378866412 495925784
-304023592 142414245 133427609 598876490
-775763035 -800919761 206936973 -707741429
340982111 -456862422 233415733 570118819
960189089 13966191 -414263932 -810856703
-838929445 -613180685 -573767543 789757968
906556754 835567528 391466871 -289356428
-615416153 -534459101 770801792 185732830
882267512 -449675804 781561116 -180011657
-585047076 121452545 -800581798 582149374
557405451 997698252 -442311861 3831400
550586369 921542079 -927870527 127788674
430130513 905647692 -305378284 -629029097
-696645109 469782058 146954574 399443011
-21471588 365961613 -566432952 -470579500
488940048 -111929921 -952550043 -606579981
-658904014 -459614593 -757073138 -962733519
184459473 -400631750 -189649649 -941944242
683220304 -981653570 -925592876 -598869890
-520488087 -580534807 -867557521 371219251
-446780206 76294772 40892180 -113793334
-958517016 405256292 101951663 375951416
-764049972 534058422 339108035 -233177757
258989044 -463979454 -664360702 325411021
-496230259 -832711104 -865228364 363422284
-38143119 -204041383 -906402011 -195216729
398593562 -659808853 -91799368 584263298
356404041 -666597267 823856036 -564472710
-596609747 858848361 560386837 32954355
860302937 135261311 -337217145 412621193
89206767 71671397 972572082 -963366129
66702756 751781685 129946064 -165500783
201130564 -368484712 -101184496 -577244751
314626497 -377681423 651849788 286205292
-830459130 877333178 -165561134 -350944261
-960104983 779877611 364501900 -890421865
-778264506 -964531467 -793145961 832227254
-684738459 343504015 -950355235 -364523489
-622456360 -896867075 329874585 -521662098
94686633 554861565 -690471925 717899887
-19572987 481899909 885559024 -875702469
720642496 721866991 -213787875 771685890
642733904 -345590012 -5746500 -467863255
570679952 103989700 -240191598 919163291
-170214911 328820753 -298876333 26763033
-840728786 375291298 -487292784 216319293
803420650 -837748929 -19033537 -911836339
-589546260 -441466181 541324278 -789063308
-155974978 366814125 -245412524 114915076
-130672878 -374523419 228705276 -194925653
-774785625 312188452 204451375 441727343
131522432 951832490 228166575 -931134139
349940328 991682500 -808332432 449076731
799961169 786161374 -525199595 381657870
68820167 -985460239 -99412062 301055765
-558005484 -505134766 356718735 -406490603
-231588022 -904018957 -298447609 -741426215
-938514879 -229707212 455578994 -642287861
369844680 104988831 985464418 -540485328
-298097335 -332035924 -931378902 -469747558
121910744 -471198199 595995435 922179538
439355429 318263222 913490244 70474400
-758030092 202875392 -931223 -403649892
581265658 342921435 156732400 393729805
-298014222 -458235730 848276659 209235629
280304374 -474487135 -925520980 952705784
-15058209 621104595 685477435 -288581295
-100466358 -3455197 -644108690 987480225
40820473 688116925 185994459 -775114818
-484562083 -279468830 357865056 868308201
113239105 -284152530 -199279458 540664390
832123609 271150200 899757325 -94544206
691312612 -273691215 509512949 170383132
157255163 -855248887 134659136 153669407
-356545509 -705247728 817189200 -213431916
553716298 -495689117 613994547 63558626
361746366 -702199273 398861846 839558588
-398772550 -820044336 -689204550 844285956
-300432894 -800512166 -406636299 702098001
156784136 -909611904 -966933207 -3243806
-838729019 711483773 -877926267 -245187866
371075662 170190690 -921502368 707400481
715967789 741713060 691140150 -113950060
516864261 160531357 129067385 -426600630
-934230761 12043644 -507223226 472023650
-820441116 864509791 354312532 141219324
425277596 -966628308 -585895318 -277576501
-197886263 603329578 -653987070 524905082
128720144 -688626742 600462839 391280343
958452611 -179226751 760550496 -923009166
-36013080 -748233091 980243433 221619274
-17127739 288017864 -302195670 931158713
-871334625 -633318750 548408185 -393456355
-635593715 125106613 -594333248 -472338426
327865985 -129679018 -685420391 -573968430
-261833300 970190306 308552748 -635525
810066910 939594601 -902779694 -638621152
-199623543 -115675326 -762184240 432817229
-732474190 246175349 -99242567 -208612114
5781371 890952488 179982321 281029954
-298326903 -786840416 -231770250 382051568
-932331150 676108860 -20123264 799468869
-207110036 -364149319 381833326 78411732
-707739623 794190906 -386272955 443222933
-745553789 -113479575 -775245810 550251492
99480033 -805928100 240368890 802766925
-623437771 -767434421 474699745 509642044
882812514 489091432 662670587 -575423730
-611551703 358743441 -463629635 270631596
-125664212 -355430134 -341545768 550240589
-993122660 -21309140 -867706805 -574914295
-19936576 -6042048 -934058857 -808900427
-706297550 851825364 74772724 -208171196
225860393 -108285019 782208327 -396220631
-657584700 305063216 82222368 -881721027
663282974 -325110763 -309874962 -346644295
990884580 -667945834 636733279 -372588634
671465935 -645817439 454616235 173508259
515898865 -258496547 582807840 380458139
601051018 -663330658 -511313432 390381932
52392280 -935040623 -33985756 -639317559
552724521 -457789439 658707116 -135454648
-935561141 216962997 104527459 490360265
-122936190 -840837132 -635756932 442434366
-158732018 -801991615 985341135 -755695055
828160890 -575271292 403164512 -107212579
-436589193 -687827193 467433834 -403435639
524870733 951145012 603159050 565704111
825266229 579816792 914189695 963816987
73707023 979859334 867864305 587885063
546962605 795726998 -618427607 -143075591
-564971667 733881086 -368292647 -144337540
907369810 365918597 914080720 81394254
687281180 -574841503 -942951016 752235881
-861628695 -1215759 -217029585 -548256468
-146803444 -64865698 814211092 -931045639
-801121376 -198718597 154142462 -565567804
85954295 -539407580 -199856714 3465512
-521520535 57823839 865857448 -842761157
-588631847 -197882266 357056322 -214295330
-171372657 -58012752 -481354850 110520685
625272091 -677563377 105905412 -789729202
866806971 453314139 981495652 -170925749
-79123822 -330165433 315078089 -237317879
-51628150 89899989 187921995 -505184695
972629692 -418128620 435302745 -216213111
-213137189 -555903753 743575452 -830698956
-235901014 331269799 -726249735 -843349057
-448169073 -566135574 -775261338 -886707035
-97136747 126181794 -247216035 836409133
544539208 299349957 -95795910 -626864139
115491329 -644482471 -421040094 665021613
-951748811 -478228160 85669871 23081415
-976811778 -129782108 -811994603 196216905
-493267354 -527938303 844640848 573140700
-166336404 585954825 569257182 -5948227
-470989007 -636975259 817949204 -234178283
-669049168 -696066578 -284409266 -631477881
-174135394 526759690 186005079 -260418015
-250585727 680244622 -327427246 -149535493
-661313818 -54985188 -163565140 -727238738
482230679 892760601 607020534 -18329632
-277090493 351836280 -600919648 275605198
873366409 -899147088 660376361 -918160527
-37636621 -440019633 -494721802 934134170
-735488707 -978269444 286224453 19593692
777622264 988247848 64988366 -510142944
-484919247 324644635 -719348505 496353137
222209046 424988812 -589391902 424986804
-389889136 520955665 547030589 501548071
197508259 -893369925 -165857854 987762815
-892170485 547896039 899766290 185670646
397999800 128987868 376687641 762058633
902233386 -22013456 655806388 851070055
864529218 496101856 931259211 -117878505
-494099456 533153084 -812709371 709579986
798962941 569968081 -256969304 317426276
-312413038 -464865866 294177618 -587658041
182517028 789047732 -14726590 -820579860
990741412 -773593008 -882360414 -639768956
195943728 180857061 -312392267 121858548
36480360 -77042762 838233278 615009307
-7876521 527809517 425839588 -694727506
-851035888 -354468962 799234169 556066375
782992100 337002801 -405204139 541458308
-55023239 -676011200 176624431 787567575
-707902941 295869991 284904417 880370014
-270931375 444144739 -387090583 186585413
-166391621 86380412 25442510 -319460388
636424613 791137035 -38029453 669886428
161436971 240478811 668588640 965264798
-34259051 753676849 -628515324 -41987617
-104559209 261361860 775231101 -767413484
-125234839 340003966 -701458181 745731534
304287364 612632815 361954062 -952812019
-578069434 384185126 -559825219 -694291954
-470015015 747254836 458417675 459985586
366817726 193539575 627421142 -14001934
104265230 -201535203 -604735718 649250127
-510684502 274856906 632649913 -122167332
455270593 -175272952 -306567344 -595611104
944096376 92747926 -124553014 287424880
-795721830 -584998303 836536639 -209868703
-456922266 237216641 374135626 166886056
651026818 -176211056 532667503 -992211180
-560729589 -896904536 21939633 -274808636
-338334936 -254913031 891151109 344100420
889203949 -676478630 -71535493 -415405716
-118258405 182030113 -647031864 -608075712
903093332 -121441876 996604965 318995914
444342292 -881220890 277350 459305838
-509111850 880504520 469131920 -333724067
630111776 330095369 819551929 437709791
-358134815 -722496162 -559351352 771458815
-764778723 -143964516 -568799077 -847666845
659506567 982485278 -89783725 362465887
904274421 -397826813 582035604 899812612
-527603490 -359023798 163480180 805216396
312814533 98344513 -179606972 -605269349
-964443662 10433600 75957043 229088264
-93238252 -808498625 -32618820 -654141946
451174489 154768390 103814324 -696628628
-62366638 -125783225 691975856 -985616182
156706443 443049191 443676255 838130518
-980468572 757663422 -383716393 -279484951
-322384780 407847152 589403872 -322489174
624643763 -802156422 902388247 986523203
-471593351 -442751412 857762510 -250005516
-452291009 -658001533 -637279725 852726300
371704701 252919612 -510941097 -688746112
891331459 774562663 815757009 663074587
-375610294 369666294 439488518 73705208
-118440066 -39758623 -672498397 -890501589
517503565 -205979969 842341071 -896221035
-281525152 -784536235 -560781026 326452110
631113564 802976566 806431476 -937614377
-665117706 -357436892 664432934 494001236
-875224024 -469068950 113562142 288942022
-988271686 456212937 -733594885 396195433
-867492752 -662324891 700505439 -978592590
43977830 289982692 933668024 -625090510
-700455489 -364502211 -361637779 -594259468
-254241174 88877824 -798524237 334328559
-253658546 -913494366 -275598932 294635888
-811388936 -955271832 -293725251 -364842912
-450388399 853821234 29231345 885869133
-618819673 -610547490 75751145 491697854
-431591422 785752451 -38061607 595395859
-773493682 -840404813 -6890545 -244674064
-377794614 -705855017 -351731065 -272275632
983458753 -817224478 -353561141 792227927
-228355569 -276717991 -174875596 -887378926
-642881090 -648126560 216739338 -193151594
-903701246 -389274264 761707078 -881444406
-102232739 -284848815 -548492836 -72350871
930184610 -438983955 372500464 772304047
-554931629 -646117946 -8236427 675809587
625801542 -478810176 -322628259 -105615492
990357112 -897611825 -997809760 -511875548
-117573994 11990201 662727529 -468478121
-272386281 405233271 -479341555 -294354726
533350957 639806031 830589805 -441109093
219086951 994347001 771985846 -349810839
889872375 -192280519 854609245 -330199116
-664471336 -749949485 193592215 676856761
500559483 643888685 357629615 859790950
-86919459 -963063454 -159493345 -340296505
81852708 -793301493 417827063 -853605831
938181280 167183148 900972139 260918637
-486922805 -651438990 -292458250 513262213
300953458 -205416876 241875368 245470954
283939575 496461802 -998644582 -64254453
-24834182 571510164 -758038042 436839560
-653256309 -20963033 -914852003 803183966
-511685792 387480404 151986909 -483410767
87795726 -650482113 564253358 646543545
46599537 -206832946 -826467741 488463832
888603487 -403578012 285338875 420230688
-609247602 17334623 446365124 -775784861
225887136 390629918 218562531 885822608
-751396218 815829791 853968063 575866893
160776475 158860567 151607549 -44259940
605132456 551749856 998328849 -696301003
128841061 775404533 538573872 -196485775
640278109 87349634 129961456 -327237904
214049207 188243844 -175355090 928293528
-743151748 786503563 944598796 -728978417
-243274499 17791333 -479467587 -124727963
-45500629 472570426 114270326 -901969603
510655408 579840857 324938816 -928433572
-616642039 391584335 -100670871 -643280903
97143022 679330476 212174978 -116581628
-647015998 484683728 -131361183 -863431587
-407499187 -511870649 -687207717 436239175
-548484624 526129653 -20703821 -609210149
67764886 455124744 -518874478 -913166098
574649900 -552637128 404154024 -927015939
-415367764 -914417062 188299650 -894032623
-218260870 203296362 -584048008 466479921
795967377 900425301 576639993 910929000
-41988384 112432792 -550776267 486271126
-758197448 749291111 -242810872 -393742814
-567537129 -492404120 -636479080 -793379353
642152713 -114115037 -237026827 719887295
246986869 812182287 -12837900 -335861366
782160859 -374146033 -684311683 682936964
-874074704 869831548 597509152 396715791
555532316 239348236 914558784 373033188
481714154 390534290 -980301460 870395731
146625087 322140351 -862585093 -92851076
-201224831 -25797425 472767502 -880722408
823474699 -95790575 -371491042 -145589578
-632105594 -596224154 -32895203 -927626104
-773571250 486567288 -722086638 351965066
187833137 -395728993 61645871 255104382
979069407 636599341 745463349 767896704
-253139379 -42505517 947137585 -347718605
-848762018 455656939 -526697473 225129341
639569672 506162231 219251964 165630117
-190779526 791075076 -181791656 590538047
-287705133 -417608369 428929467 -156369321
-705187646 -127294400 -16427387 -156794134
468286373 -383281791 -473155712 425847501
-330442480 587284898 714975940 -577131883
516810629 -922254517 -646818928 847287527
-962051196 -230255517 880949361 -183559006
183358758 -674276621 396862800 -538580419
924371648 147412752 370478018 -142411351
909720819 -594833251 -968407697 -770102495
-791920208 981664546 524273336 859161425
512959643 -576567814 -741569696 -871414278
-110935002 -436569895 279775493 659890149
275337046 -699388465 -698052039 630914218
923982640 -722979112 279126425 958383562
-502732013 -233868443 7672691 287937699
178678399 -39195350 -243539252 -30594446
-201787272 -699679060 414652502 -387910275
-496238940 -201170514 82317535 662194173
-974086209 375802081 847796812 12377599
-535577304 -630120463 325349829 -132767701
-788561769 498583327 930444142 164272673
-916823510 294442844 719915188 767490277
-836905760 -781302199 -385820107 958935520
-267166899 192744711 -250860892 156772820
-825382485 -124892347 -797016353 337150604
-643098245 880262635 181787832 874338332
64280733 -421453542 -553653882 409233859
-194992628 931997409 315911949 593671601
-735945128 835828691 217443810 -62293986
-924641319 731860247 826580034 -760336162
-39880383 504058118 522352086 278727871
65325758 346023937 640655547 696586769
-638551181 -96254240 -801442854 -421420033
286993798 -369510662 -963384558 -645143109
-286025198 515701151 165735257 644854338
-281948299 -413171141 236960052 52408262
-576356641 298980891 -35401049 220555625
-576434967 73224835 -847911109 -841838856
-399388421 -474056457 614970287 533131551
702911550 33471791 711631515 -254229571
-464289604 -799291380 871307018 311414226
-300781879 33375161 715288694 -705286529
-279804019 146064024 414501179 210313002
-589888363 62803378 -701507955 -271398962
-541697141 371309929 -763664754 -542589773
-186931892 -20077732 917987993 -686154744
14457104 -441873712 974211392 501570291
-977314451 -937935228 -557567097 945241513
-697411854 -477653560 653474877 317437504
-300706247 422766542 -501324369 802677301
-590562359 374136722 -47279618 -375635821
17438545 74378809 634519728 -100936093
-487950093 904970013 995978478 920387808
-344187157 -492335878 867323165 -193678234
-823227127 -659321596 665388051 -850083883
843790964 -166605565 -265597537 -827224794
735337044 -982359288 495636241 -933409053
813644866 -699213452 612960834 816802687
-182575130 -379350270 -96987473 736038138
988793907 -579617904 99618430 -36760633
-769245953 -803996063 803674617 376306234
156810223 -651093366 -752346538 -231942906
-475844500 214429864 347643098 -342486706
893302182 -243608450 -581114737 452325034
-917738931 -162706694 -635151089 624632770
-392085469 -19933316 488752885 -650202333
-103336002 348245194 -434847458 -818296811
288782862 232180758 -370721859 -727324275
-722944520 804921693 -635812662 735714501
-171925104 -905579579 -95233701 -335502684
248839934 929656219 620629300 -795918241
-134722574 -323258829 164834784 132827763
714536216 -944085801 -379921302 -607582480
-926066421 668776680 93700664 -968244795
202639809 977792714 674102541 974437679
-251752947 -372537698 223681388 62377917
33049638 -952804202 -831169471 75307199
950660248 -373957214 715890083 171197913
339730639 248695049 -890218729 -397497507
51143440 -53216153 -633066692 844584713
540296559 -469190949 -972011185 69694092
982714753 832882528 743251980 767457341
-898868815 998046924 700698440 -262299976
415874208 -44700861 991973118 -667057671
-746263393 -780525887 792444282 -616611272
761373925 953263258 957875852 343595347
-107576679 -703062047 935636258 -887167560
-119700927 924865787 -119206801 -468355854
376427152 -642807418 -219494349 -606558833
924956553 -822239614 361219204 -866887355
-720090586 286848057 -689692309 287233434
-371396482 -506055561 173881010 659444759
-599212861 652913165 -458946879 -595776223
-988246437 -995384875 -81235047 -770304723
221996226 150607545 -270205869 -561825955
-558702453 -871365268 177569135 -952849955
-394713332 367177388 525648718 -734400015
-302390237 231769951 -236080509 -799878060
708368659 -570555690 -300853186 769484926
726543648 238720030 89694981 943942788
-473825202 -456625573 -408868861 749807229
-328205946 523427188 -1078639 973102135
-976645035 209065461 170784211 -371931407
-208709715 -246882090 725207032 789248263
205539424 -477398125 -896250341 642718360
-108880188 795222559 968492928 478211245
549465340 420259541 211869610 -885759741
-730745372 -370795720 948823063 613803875
334118436 30983498 584753534 -976109228
687639072 -340087101 971855329 164376030
-835799383 -750130042 -493444862 60928202
-891418103 -898138748 322786637 -191952219
-591869328 -325286364 -101157314 47899704
-192098079 407601794 790494191 -733077323
-37025738 -697472870 201981453 835818009
192779848 995921993 143400968 -774311687
-935524420 163311873 -415510648 351411308
-945199711 56212777 589878038 -794336245
-230117335 -789036257 941554168 461817811
-728077879 -876482416 -557093362 -921445828
892672676 -618356920 -849123395 204553257
8628894 243900003 443427888 510169134
-134200314 -18985133 734551681 -603149231
-302803114 88848581 227066097 -561391881
368313723 224656971 221195130 -548419705
-55401624 894530536 -49616094 874205176
649088987 131088872 -562216102 969078017
-968198684 -988894282 813413270 445264478
205879208 995020007 698495676 709986114
349263585 670591036 -942263377 -486552706
-182724653 -957335750 691471795 503393427
577021217 -730107898 -928775218 522047155
-602563986 -376189795 546526572 -219376433
900079458 865882152 -498215541 -876874778
36958151 -277990875 676560173 -7553853
218890586 331481563 801558344 -489695589
97785509 557311113 882757176 -289964241
-324428075 -417376602 -226154437 -690823930
261270037 -787547026 994680800 -964675988
-56529429 -895504312 -293698322 575509406
-741687346 428473747 -556496949 -723751021
-606194725 296009066 237159514 612520282
-795262835 181664366 -748389676 680627980
-234758756 -389628879 -703815989 215650973
-405763877 516940750 -455422436 775432815
350805225 -928970361 829785949 -258624155
-183589968 686325853 -2542384 -325429296
-669370197 -625210630 585768679 74307379
970061480 79099422 -695552702 -90945230
538933395 -577311365 -474687952 -809668170
161197578 254915483 231279779 -704336281
15680907 87094492 467625883 740091933
-420583574 -804043488 -608221909 915641770
294525427 -946191386 -673585065 -332162046
67081713 -480619812 -603300654 951054329
832583599 679608358 463421460 911907915
595733247 228521599 920413173 282269859
-197268694 809709672 121248610 -890564456
-496475531 164897855 -63491421 166617357
57644744 -933104833 480083265 528352758
231683021 -982392855 429660713 482042635
377175117 347730440 -766357376 -520221418
-886897167 952356581 -961672695 -225226556
-536025310 794848671 809563480 -885419412
848294632 483978083 12457443 -895347621
724635619 202504261 477914795 959998036
607167680 838102325 -474082371 -447320900
568007512 810556909 -712281633 -284632173
-348490274 -523791049 -55731386 -986713563
-979775435 218486798 243904657 -447808647
-39099502 839885303 914185379 -285714841
-193368720 -109959600 -296773974 -460404840
-931541884 -776887690 -961947397 641095824
-268620155 36492959 345253900 -54278912
-605219133 362592652 -476554869 -791641302
-863758623 -717915080 -450870177 -81743055
504967490 -968876821 -758630136 77121542
67400724 -397919370 184954065 690475684
264739204 317461625 406756507 -341052859
-527564856 827486628 583249011 -746254918
435989044 890330904 620786114 -634035529
430330773 954903155 392807358 -715858949
337420840 494768281 551930815 -992594673
