0 1000
187552649 114730399
-43733780 -151575966 222572585 -382862395
-258049952 -120558849 -493339200 325043752
153836590 -576772289 -537666098 -543056230
52007392 417541335 657629264 688631849
-20211064 313370001 575707742 936661140
575772984 -85464408 976162598 690976262
162870234 43766716 233833917 19084301
-193017098 -293885028 -601632525 86684719
32060784 259648783 466815936 726124378
-556143290 -235844601 -906718290 507851338
189806169 27925950 623828414 39193550
345060960 -13640900 986917455 773900655
-164794206 -379136497 329072690 -731483352
-756669874 35158400 -677097875 -909064123
-772464273 1388250 -659122124 -958628672
144333348 -637373041 -607770092 -594153740
147707479 158952202 413038297 398023222
-69703302 -756934463 -941368164 -499678512
-49705314 -603216131 668241216 -840474094
139119746 -414002191 667852336 -462435094
185947198 117670838 656417438 374542998
58953097 89793004 83890492 -38806548
107042280 394269141 666119764 555289879
177900064 145712740 332811769 193975665
-466902575 -239770414 -821403388 414684810
91814294 -952859458 -975775563 -857121103
103647101 307708154 875558121 643330346
132607280 -947166648 -929289767 -892221279
367040448 49914808 496671630 408890406
-210553456 -671725495 -997009350 -273619390
50911012 388547291 872361688 798472202
-374530460 -107593943 -152206118 -669677052
-536464392 -299328083 -950522874 424688958
-141513206 -197710824 170928017 -526776679
-267718592 22656804 -359792187 477928045
-164889281 -296322662 -575942342 56119268
-579410474 -111082748 -805223621 655880375
195834040 110989056 461469393 698967817
415987584 -29660324 993550476 884079416
-494818936 -92125473 -701674808 590246112
82822928 -289191703 486745030 -393921424
41920520 -428652384 585303303 -574284513
170564952 -624037884 -568203331 -607050187
413052788 98260088 462463721 774760505
-549602309 17623092 -452495002 -719531866
-153699976 -498383959 459414382 -839636584
-66383373 349363370 402882569 857235414
-57700466 -307541112 364571045 -552794227
-28396019 3843316 82491064 -212105352
-567324922 31504929 -484099452 -723372642
412639268 -62458002 767016070 387715236
-41698616 -145684768 -302113783 83566497
165888646 -654622012 -603463765 -632958009
-25706520 -140984362 -281421281 72274807
60759424 -57778780 -111749755 69014445
100245860 218386278 929492892 916840590
-443412106 -72038742 -256642965 -703003497
-105968188 -82725262 91487473 -376246099
-8351904 -28278530 -151360833 167626023
-167701524 -319238226 -601670149 36015947
-429324515 -280908730 -33685386 -897785894
-283552092 -423218000 -821500491 47886741
277657040 91380815 487803296 902320334
181272861 124713446 341001613 225190054
9225247 -279575828 403531474 -457903230
-403411090 -67766667 -220914024 -658730406
-825652282 72982947 -783904830 -940221984
151966716 -331801405 598498520 -367387338
226141954 -48572800 716051551 67195115
268132524 -63581039 624755400 97578711
197512490 72629744 913223625 241947041
-482847684 -359050841 -956628924 311349492
-170708710 -224987464 169009153 -583248823
-79357466 -363740128 399113061 -630650243
-510317033 -214523224 -839570656 483346458
26573872 -46600627 -134757154 114378150
-35119787 263432006 262283427 708776878
-31860243 255339326 249357611 694165110
173915060 205450674 446075885 246363441
-240377249 -369237468 243590618 -797167366
176933064 123137488 866314362 993943458
-289536427 -380917426 -785184252 96171650
206827434 97543888 275573478 174643028
634559812 3570847 856878916 897585173
-166417890 -374192322 -655340611 -20221783
342329648 -165601797 902994040 143952201
-710971909 -50410302 -876112610 848114256
208119769 13090510 716319214 115926110
-501575798 68527834 -547778363 757656281
146636962 152234794 334158937 356813229
-756058194 73308497 -714636292 -870302346
71735582 381769653 872853344 729220854
239751821 41376710 826581333 458970086
196267496 110944086 211412748 145803474
-443289389 -158261480 -716281268 472580558
-175108480 -524758732 -814597611 -162097603
-303146444 67271645 -350605198 557970738
-247329044 -497169776 364571131 -932051469
-390744337 -208569742 -714044478 369727244
-61925333 -12353390 -189009122 237124592
359047883 22568876 819855498 880045046
181238317 120607382 557365229 524724630
-227278732 -482983530 370435197 -897814911
38027325 247030410 699527380 994657030
-234633804 -420598813 300695408 -842785266
-230915360 107811721 -237834038 526279730
16872921 -636586822 768190142 -807266550
-56497972 361293092 436627414 849394334
235467852 -70248529 605425708 25581877
-19107653 -740049554 835672300 -946709856
-607727563 -182859084 -310138080 -978139296
-593701276 -244781754 -953213429 536472171
48688840 -412613559 576032798 -551477368
-622176212 38084682 -545530495 -771644179
82396201 345159566 773683702 660628910
139207311 96766846 157170864 48421508
-442059914 -307166104 -20163411 -936778667
192789957 -4084428 786864092 22102112
-257989696 -427305408 -800025503 18236937
-267660780 19880924 -362510255 475094353
-135547926 -623550860 602733333 -946651435
-273725071 -403323274 -791778744 57954446
-413109100 -276117765 -22260936 -876779514
-160792946 -100610 -275623955 348244985
-181847154 -537040705 -833618258 -167640902
135840870 124205218 249538698 744746566
-68847722 147114679 28305118 916315792
163022380 496127624 925816830 545188162
227143794 44542397 507895802 202906977
-441001228 -298791015 -27479814 -927344892
151981047 261263418 591580104 367978224
-68668898 -220631298 266692799 -476852845
-22449672 562208231 872505992 982212873
-272308702 -276215560 118637257 -736076911
-312722189 -371165252 173173462 -871440090
163676901 165687330 775160073 452196306
603472749 103441452 626050643 935281652
-84877463 -19922684 49775620 -292352796
205598487 110617104 279637797 435442188
152696720 117524103 205777096 779786754
174427951 155605350 460552608 247478236
-58651655 -17941300 74020044 -264145604
-269815527 -391025084 235939956 -848393260
-83345020 456222279 599638740 998017617
26583116 -91233918 -179381201 69735615
-152606189 -86055706 48179916 -426214544
74946270 295864347 799482062 746289863
267838855 27158076 530555824 268016694
-357181437 36627406 -279078444 -508106680
-379371273 104157758 -368798632 -462766164
187100805 115569908 254261525 151717428
-107916615 -657860448 664674232 -953329712
-233360362 -216525069 97895106 -637438080
123360105 503956974 901813255 632342062
302591209 102735860 386552982 908005780
-544854202 -106915174 -323208629 -839322025
-104834105 110946636 -101050342 -181440118
-50480249 -13935182 -179145830 224097716
-213534864 22754420 -305510843 423841933
-378998735 -169121930 -662851064 397429454
127870420 -333064427 -319924406 -273382198
-703458242 67189559 -750999082 958200450
-64450178 -369291794 -548472371 -117288967
159656700 139444717 530371470 557883952
40953376 501828151 815148880 795026697
91671107 -349217082 -372276374 -253335540
-478536117 -24931050 -338874668 -691019816
-442485340 -377026602 -934242341 253011387
268549418 90784017 484066856 819754938
-714472558 59449886 -659192045 -842575321
60599254 -72704098 -126835243 54249297
-217645760 -446160298 -778536457 -40961889
118882338 -72502856 306115593 -141173167
504566572 -52728327 839484024 581299519
43280771 -207944580 365955750 -352216458
477398164 -8594552 724048066 571096478
-69151280 -596928951 642508070 -853632880
477472100 -1554339 710041576 578284563
226381879 -43390350 700744126 73097340
218756750 6148178 978832297 224576885
-369419948 -353298211 98608662 -910270808
359012496 -358336 589189966 342561358
-306108660 45548898 -236927159 -448112411
-133995039 82586838 -101851478 -238960850
113077964 -610823404 -612475839 -536348719
132799224 -688432035 -670363210 -633678610
6853438 -578977555 -686854516 -398278344
134493395 263446386 878073330 528742656
144014397 238468218 886441311 499697730
-17199158 -222398596 319929837 -427150403
-115300404 -59379212 58809207 -362232265
-599067095 -231506958 -945304452 555112786
176647974 -956405737 -894488162 -945501062
-190575687 62067618 -137912906 -316060718
-47203846 -679189749 -841123994 -444433254
174992872 122051682 284812117 310448337
-468682202 -47523817 -630936418 608711034
67249715 242251512 577334167 723463248
-798330494 40454704 -724054799 -945428439
-119579461 88001826 -146308034 395133936
-646306082 99767799 -661268682 933626530
127175476 -926497274 -914052197 -866120101
398243972 -29217625 974036068 813547667
-34714883 269580464 274985247 714115528
-222740224 36061385 -144071210 -374231488
-9440430 -407604335 512894304 -604597414
46221733 446611664 709984263 729273496
433770855 -148646976 960525605 343789436
-179828457 -620905102 -915463958 -253523996
45748671 119860468 61138878 545272402
-472553126 -31743889 -619027414 628361886
131929298 116753087 144065426 450493193
-709648706 12039635 -606957942 -885161720
-140797055 83269824 -109336480 -245079880
-435618024 -293755324 -844103747 329415349
-268996534 -272938251 -656665184 183610932
-130953563 -284851578 268628414 -603357790
414765976 74621952 494982870 529048606
336048486 76471490 489084122 670454838
144137128 -72737580 -43330851 -29322059
-480912363 -174734608 -770377370 493730404
237800284 56910061 989464678 710129316
-232920808 -105567667 -12622742 -526041124
25745785 -578393344 -667377958 -416586480
-426016304 -341206650 -881953353 272362303
-109268664 -504813317 -728812380 -207992004
-50088750 -403377091 -568196240 -165735692
110072150 -953691138 -958349387 -876210639
-159564736 -427437058 -701732193 -80319673
-266741768 -99131340 -480603507 355163077
-89748172 -685233772 -889712343 -407932951
339973191 15067310 638962458 472328936
-461659688 -250850483 -96078806 -900062820
410561618 85425683 498475766 754452590
563755820 -92606793 978430204 659799549
-736863131 63598696 -685731428 -860817084
143373681 -516726382 -488083100 -472547414
-684188522 99548769 -699370152 971289940
284655693 107556622 342045909 884380974
-156622800 78765275 -192587924 422940724
13317948 -23600323 -125012774 150634378
-116400465 -335387816 -566518680 -31434702
-599314304 -145819238 -859863941 641047715
-165100083 -39373196 -10996488 -392025928
-562721907 -257553086 -935005392 492721470
417479536 -21180754 689301842 438673020
-157710622 -161935629 -434376650 183327642
42312485 -13347684 170390568 -158587848
-458164367 74681676 -418115644 -571035340
83394094 345930983 545795262 554248093
-201693921 -65525824 -381950144 323720746
523185471 -36691554 826029377 634574090
130506180 -28950960 274187539 -85997429
-265844054 -221327615 70213960 -674724318
-771193419 41522380 -697985400 -917223688
78871005 541242170 931894547 758605458
-363899958 -36951673 -515582030 514500934
43790903 -697885726 -768825222 -554123980
-419444892 -297281978 -831457269 309715563
169545427 179045738 812698817 359117958
-10671762 -359358245 463416882 -557582656
-348813353 -250782464 -714326216 285583538
-389935114 -347008545 -851674058 230479218
203374392 85155372 558274716 275016288
180725565 118954346 214517141 173571018
-689722825 -38608582 -536383844 -915884056
49963842 -692631025 857325266 -830219832
399176769 11549750 708718716 646422110
-78292414 -720247218 -913270031 -454402155
-135300798 -277959830 257389431 -600813277
63063969 -499865278 677659646 -624353958
208013467 99918880 533866885 550056876
345183478 2480843 794181702 633004159
112251504 -652378129 879360032 -727679274
-509375424 -199495628 -195149397 -896423701
-457505210 -300626715 -872862324 344431144
315697072 -30184499 750441766 354248770
-483723629 35704782 -404698012 -635571496
-242242697 -419513506 292001208 -849308852
-382375854 68891157 -336536612 -501037346
32626536 458142570 719450878 767994796
-88310612 -439550316 -642591327 -163687055
-448978064 -313975475 -877683938 322555238
186519336 322160841 808810662 325260780
315994507 50783874 635727132 692993164
-71235508 50478413 -135487494 309266570
-616561894 -34925202 -766217495 769189341
212402675 -189396412 820656297 -139696360
17434952 495348681 778671516 835584075
-143281639 -345600202 317048962 -676434490
-473527953 69366312 -518892040 730446914
-122821267 59709102 -67799970 -250664814
-28315212 -613103981 699519168 -828971842
-572184480 -203679330 -890594209 556057799
-2058932 253253840 274987950 632477002
-394380971 -166764538 -112886034 -748698158
69197512 245311313 591521168 718731861
-426941570 -288975459 -830647428 325518760
515363200 -28488259 945019174 954943394
-29009387 -608221774 693942786 -824783810
-542066660 -95994630 -331341631 -825613939
-320924895 -20451320 -185743176 -528928864
-249662888 -20006811 -384400098 417208726
255834978 95702611 312918342 300549598
-658417854 58327715 -602015170 -787642788
-104593514 -504688453 514825338 -796834616
570572660 -54576789 909187036 711463233
-318826088 -4122990 -199972699 -510501727
589627676 -56441475 931971424 747708579
178927332 121422853 286006596 259427925
38301194 -773166627 -849595832 -623915172
-421120539 -1109680 -536960618 607563508
117001076 245771810 772208131 598529675
91712968 -44403987 -67421418 51435694
-249571508 -477510851 -841812758 -40386694
73494202 190216268 375437678 646450056
-312284192 54001147 -251554940 -445835694
-141409870 -191802639 -447942908 137159880
210319002 82577273 338931506 173642685
96795863 50966120 33031584 141722906
-196153312 -668787319 -979671030 -285081358
208430612 98119809 557253002 536557032
-152304779 -59765936 -326801114 280091492
-64864244 -122455678 172321833 -374872571
-69257356 -581658618 -765646373 -324848613
-725403476 66397866 -677070943 -846558259
-303756181 -371828292 182802510 -863137122
-381762338 -22700128 -244331811 -592015115
-84253077 -189082356 219559678 -460888082
-266448450 27644215 -353534634 481645314
137462453 475683324 859368303 575863716
-46107484 -466512204 -627350087 -232852071
-271799772 48925149 -337605022 508277570
-5697508 -110624410 -231052317 82625747
-227557301 -415664130 302837228 -830774080
-38183820 -526808725 -679722944 -301072256
9086040 -207520947 -313165306 -29054338
277044092 -52397815 611300520 126585071
196430680 -45646022 837936364 -10133898
-455508726 -20236057 -590475182 622825318
372433456 64704684 472484886 434466298
-396814384 -295546380 13462395 -879913413
-503073430 -267959719 -885763548 422666360
59540727 367420538 817611144 751456304
122346018 -300717405 537793822 -365924036
-261923159 -41292714 -105900046 -490768522
-311378168 15759108 -410349459 514689925
35893536 -469666689 -548503552 -318007576
81365340 257303980 509086083 575865907
124896799 320982002 743651608 508949552
193579408 111858729 541051478 841096568
-714445118 55473019 -773702498 957470786
-16703780 -138351491 -269785670 65904938
39053261 -439782894 -515460032 -291283506
118503717 48199350 185034766 -20849582
-143284059 -567448268 538894608 -898284976
6958690 -339046004 -446817713 -158452045
-666654452 -198041521 -979426372 656165580
188726234 718698 872796440 7760208
203528991 113122124 237302766 448625306
158990343 239439338 782535038 382250868
352601322 8555925 883473692 833799290
-296578538 -280695083 -692004020 203436104
269891910 -35958261 872646550 293398783
-108016416 -49821523 -272568338 245747542
138028654 -906911937 -883613682 -857387942
100794126 -344453954 -358390227 -257695431
14222881 216713000 422153285 910032072
366913741 9521926 577330687 368244110
50987155 95510046 31766802 232075540
-264585357 -377129508 227274550 -829267514
13668678 -364459142 492858219 -538343113
138745071 167115030 767360643 752805966
171181794 121449056 231649707 268786751
211213964 99880503 716110428 904365213
8957679 184411972 218002398 720196882
59655708 -668797694 843183801 -796694635
197076696 100962446 334756226 196202916
227717420 99930071 449722340 702401636
-702250532 52762659 -640282792 -837040522
-479415776 -321735213 -42950164 -988703638
-216736164 -654313662 -985780225 -250024849
-27386259 294874514 332901971 724752330
-273149824 -216873063 58453638 -677575536
-421726262 -60188328 -246807535 -669467239
-696924346 -73566232 -508627715 -958043227
-241168766 -226875357 100436990 -655596772
-24168141 116081112 -18765289 962964272
-239584448 32699774 -321615073 459836871
-248406794 -116371698 -17304697 -552331141
146402515 470965256 858872229 553265524
-184569234 72373139 -226926494 444495022
26454516 158415700 244881021 963906365
195503588 96820859 320870368 152477432
-145118859 -53788684 23400224 -386460192
45666997 162899704 238344217 730442312
170655714 116652536 243696920 758736066
221431374 45517856 498281546 181032756
-1857788 -452294714 -568882901 -262884277
196617466 44468449 337141366 62598083
442987666 -64289260 980046643 702015791
-160527798 -190038201 -465296398 158042246
508214072 -23614314 923248211 938369955
-373399534 -201710586 -56958549 -762662769
145553711 -216557878 -185734566 -174558940
-55117425 -709945160 -879792984 -467275086
-207872738 53622448 -146764787 -341802939
132551072 -335370754 -317550081 -280369177
38185332 177062948 162850430 475797582
-115276424 76692592 -77238617 -226136481
10735038 -635244352 760709789 -812061963
-416240547 -213278014 -744248960 390515182
7194710 -441333663 -548869352 -260975724
99043110 184017131 722623698 980602982
119174261 334110336 557934135 470867112
36966127 17896172 133800354 -132690350
193063108 94016678 586623807 198715399
436804072 10226083 750317020 757980352
-116353849 -367343446 -598427694 -63436948
90901736 -169649310 -193477973 -72998397
-575850 -748790088 -864096337 -560661589
-215520604 -489023413 388233208 -892096666
46599732 -413723421 575053552 -554676338
-462106208 -177412609 -754249216 472246248
-21193188 -468883322 -604806909 -260137485
-762088762 33627662 -843191499 983269073
-107605392 228135843 119205496 818451925
-823167498 76306040 -784743139 -934414107
555680396 1741512 781658170 737997006
83384784 -591589532 -622935147 -487421667
-227049356 37648221 -304131534 452250226
120551320 -630213445 865495164 -697214774
-111834083 245579750 149864619 844353214
145650555 -744643094 -713722938 -702741000
169108312 105482512 178356199 87038175
-150961984 111559763 -147791348 -226954870
55395608 131095239 153584648 924037485
177830984 140803985 386419672 218577305
-43085801 -145776564 -303592764 84861886
-205148078 -296158836 -616037313 96541891
-355486636 -115522575 -125233662 -658561860
188455792 113065010 877926838 486966212
112088776 146017249 331096726 674264360
-594695802 -250326492 -959752693 531921959
175079458 232132758 879493612 306971904
36228244 -110292368 261251011 -261616773
177165809 124415202 254644233 207509922
-536376482 -128530920 -779637801 595398211
62955811 279337606 885991846 902321796
49268720 -418320034 -483781713 -280036105
-107102784 -523455305 -745288488 -228799872
73266490 -366915275 -408379184 -252629116
-24019220 -594467952 -733217571 -382896083
371275710 -42134992 685006492 325311130
482181172 -138824921 989291812 450432125
-235685501 -569021554 -919437454 -145783404
-321301044 -12139815 -194430830 -520993508
-387469510 -20633592 -252105519 -595655751
92304924 -655623635 -678049110 -560375910
-198925392 61885156 -146080149 -324592885
-421223855 -305989536 -841943790 302786968
-206456591 -601365388 509639196 -995374628
247769444 78812061 678789500 801413601
-638045830 110597121 -633912552 -715001358
-539654576 20480726 -633904249 747687951
-429382469 -167899050 -146753020 -784834168
594599261 68670720 686718619 882763944
-81332292 -688981052 -885043743 -420096111
142042878 -24657019 2655460 20852752
-28932062 155334593 92880520 804788726
-9458710 -720428542 -844617651 -523417183
48800146 -229373310 392903855 -368125813
91273768 -765153138 971157305 -861432019
-360304113 61799428 -307373142 -486057334
-458922470 -25787574 -318404497 -672262693
-257015208 -463074540 -834820147 -18506683
-70208603 179302866 123508798 952586622
-79167650 -244288024 279850773 -511008323
302806212 103169093 372174048 794690471
-139079582 -171979195 -425789176 154653036
88302758 142786889 172472228 440536562
386247448 22821472 570065302 420211070
-204852854 -183872323 93749868 -576277826
-85508784 73004872 -43783257 -200056561
274307064 -52665039 776493378 207598206
-1528950 -875203417 -991462766 -686121818
32428080 -681325200 828483679 -836449769
106697000 -117997386 -126030785 -37141737
-95917664 -549285568 568098303 -832755881
-523345554 -97793179 -735869132 613105024
-457184208 -183977584 -158476225 -828714441
-206538895 -659843584 -981112878 -265752040
191490600 108337435 459995088 273731377
173886121 -535348598 -476192876 -521682070
-284904166 -75478789 -94694978 -547935604
371637010 50859705 563249092 603112788
485340024 -6929029 728658880 588645721
631369023 98921622 662986577 986554370
-182298900 -532495889 -829525188 -162644340
-13711036 478178490 713185146 880705860
196755265 111943826 327724196 544466778
360909392 10028336 570313518 356741822
-9949884 -624566293 -749246576 -427063760
54508833 -485736420 654975652 -618780236
-124411578 18488709 -220653268 330452936
-69745464 -604729431 649714366 -862027544
215788545 96691244 738924040 915532228
185074564 -950392234 -880048069 -947914149
-477420451 -64020370 -298669682 -728993470
-217385708 875924 -331240183 405814281
-168864019 -373837620 319704000 -730254288
432695208 -43945711 908723538 691481966
-707742638 45489621 -776983416 940784908
186594546 116270478 232796916 145013568
65221048 -894295691 -943805042 -771964090
-215857750 -308309707 207182356 -711720106
237593514 -107096713 681247738 -7014983
-237710036 -50346853 -402787288 374915832
-142584803 -336913160 -594228362 -6775708
255129211 48680130 651430825 454139502
-212005270 -227128351 129853480 -626686270
210591666 -57267117 898581730 34888951
-409035150 -62733597 -231571154 -659321396
-26236116 283787310 311877706 711364840
-303436175 -223084854 34379078 -714073678
110972193 70782644 67024438 147363100
-760804203 -24238122 -621835682 -972594974
-769528630 18841187 -673639418 -938240092
-54789525 -252738002 312678876 -495080176
87019214 156485568 295795059 659152743
-506468362 -69060205 -322677758 -763081216
-58017000 -684320631 741034030 -929890280
178986740 -533207742 826924881 -541773651
-316977328 -9384558 -192862371 -513914535
-102736719 46282084 -171185034 336571452
154120165 178033984 407334505 311763920
337632954 68034673 524415858 668355893
227254722 104599791 399475058 779535032
180023154 -351164265 -285871510 -343634770
211602883 -61569340 564202361 -13468872
9389500 -561883635 -667224534 -383720486
23673315 -704937688 843341402 -868817022
-396754672 -400379671 118355398 -984686992
168047458 -196872207 479650064 -216377398
-695814962 32020698 -613105261 -851346913
32684775 124710100 62623878 589313722
-524648081 39953516 -449871198 -672247214
-603786657 38929086 -527985344 -752410220
-277147436 -92279155 -70137882 -556979240
-219662208 -419571454 -753964061 -12356597
208589961 74398088 329586894 137510024
-33127726 199787301 222042980 861828426
233158472 56998760 579548306 330633698
444676527 94556138 485025049 608803894
-175216710 -256565170 -546512279 106204189
-674579849 -42215302 -831525550 819917196
114006506 266353625 568876184 486992054
194722036 94842403 632257948 252568917
135873692 26856950 223747141 -24822007
-204577514 -219865503 -539173416 172264660
-7974445 201680544 339826135 983788920
107499048 311539577 697926582 551700380
184746557 115898826 299252403 390895842
272818 -708798329 823801546 -896078160
-445054386 -52372482 -612157267 580234553
158486593 -543736668 816953660 -572802724
88982686 156520064 339720676 747939842
248387524 50194855 377458612 171864605
670350804 -2671460 905154522 962924850
-100568340 -498372919 512534978 -786493908
-35861145 -721158516 -871750060 -497744722
11048507 184801998 151191705 537810282
-238803030 123453922 -221355984 976165280
228709060 96822276 551055274 837637674
-35446137 -745932768 825217030 -968931554
58010271 -225610872 -282331000 -96068494
-346242260 50581960 -282093821 -483212949
-366498410 -29144041 -222623970 -583195100
-482521176 -313708897 -910960472 356364928
177828274 141014123 966339994 432745373
-135525788 187274913 9563240 833431787
145242893 167452470 725185674 632859786
68051058 -66731003 -113410344 52770588
-470887567 -164025514 -192131654 -822465730
309106789 -132219694 803006975 110888586
-78927531 -780412374 -974070304 -513932194
42982103 303494442 609274232 737206080
110383515 364991292 861166194 596498694
229455839 35146248 706960745 286565388
-73106930 -600467156 642090625 -861126735
-198795310 -154121544 70056633 -540469503
132040563 -220027474 466798436 -275539560
-695821626 60453637 -750098388 943827912
162823405 169417918 819073633 466168846
362060301 -54095642 699712383 294919662
-38025924 -90340812 -243097135 135237761
-132572288 -494527362 476685473 -814652299
175932627 134959680 519830404 332500054
-531622139 -257010382 -159881358 -976185170
73257680 -66828528 254816607 -181123497
207688978 -157523538 752196852 -117250880
114333210 69044327 68647138 142263766
129093913 -530897188 -516533674 -472438452
-407464414 87882186 -380616201 -507134877
-168379818 -538272492 -821382709 -182340025
151012083 273839302 628338792 383461000
-474525152 -317674515 -42120238 -979752316
-228033678 -426382220 -769146297 -10795893
-247340987 -123514212 -485585598 311379424
144558076 385968796 958273267 514952515
-285203320 -19034062 -151438859 -491790031
-755869562 -115912251 -986512212 827509960
60484452 137931064 176487777 773272049
-440954682 -79790728 -246433555 -708298059
190717982 14657412 791155904 33649410
-538621616 30580176 -622771839 756754441
-799977510 30993969 -716241080 -956536190
-358506402 -52525175 -191250828 -598584226
-542558354 -36117048 -391710907 -766228051
42077279 -207880294 364687972 -353355664
8658843 -263194756 386583998 -442088562
-281338598 -199299965 32691766 -668191212
-153054590 -159748552 -427533541 180858687
264160700 -110999496 941350385 118824657
413198104 -11930540 793180921 665005825
-525559658 21401017 -432230276 -691711290
103764756 328839474 746091981 580203153
-504193854 101778069 -517146184 793524572
10296778 -745075615 870102792 -922331486
-106303436 61940745 -53513782 -231915340
291290684 -118284252 990334637 192929853
-248001956 -459225187 -821957542 -23670582
166074024 -678759237 959563660 -700237862
571080 140059217 51228716 514022355
-434731900 -169890618 -150110883 -792175167
84382806 57167447 26819854 160337290
78590560 374165593 597460948 592089771
-267940957 -382510524 229299966 -838004130
-375733729 86880648 -403583480 650167026
-215688910 -412209757 311251246 -815451316
-19908799 11045244 83776356 -196416204
-162533364 80769168 -196494595 430855181
437839828 10353651 646593324 510928009
327384180 69626841 417591296 349289903
-8394930 547972376 858089024 939867534
-11651942 -92904384 195982841 -292108975
121655841 143547902 467465877 934309598
371858395 -30247516 806792140 522669722
92479880 336881153 536781388 527026691
227490553 41420194 520731373 201171810
-31408659 270568398 280267339 708491014
-224526628 5212121 -334044906 417291398
85073173 391325508 914858500 698763936
135006178 193080197 291705774 298173139
67224368 -46936576 228891343 -167264857
88050912 -44195008 -70874495 55306729
110648980 251026430 655833104 558641106
-21391511 279706792 308561275 697595112
-185115232 -299299827 -599145458 73368054
-678463659 24099248 -769094810 890115556
-101574742 -350485867 -566791008 -61358476
-138861952 -567750094 543618541 -894164695
-270844034 -271968859 -657543292 186427824
205431527 -214762444 864417213 -179004688
-160501017 -294087944 -569319360 53965722
-178585622 -553431434 489576211 -919569705
138696041 183524304 757841186 623233776
330629813 -5566248 811816401 566742408
-233499388 -488295075 369526086 -909347112
127120245 -805245384 -792855538 -744812980
-5764767 -510248704 -630743870 -316931288
-734703076 63487220 -785946255 985742945
163519609 -640708174 918958182 -664741214
234123472 -223212862 910009994 -130071216
183526870 171404209 806938780 215687778
105123021 -539263230 759116650 -621692858
176567925 -655904096 -594066570 -644919372
-194011525 -368584210 289303084 -750148384
73814912 -842902108 -883817595 -729164371
-597638038 -131645871 -351261768 -916836558
72953877 -510647510 -552424032 -396048738
210295272 12107918 723407677 125821033
80643245 333976518 957627721 761614134
239414968 -135056380 738988526 -31331742
178852389 -456419188 750001976 -465119448
323212808 -21687942 596049490 249632376
4212919 23335080 95608238 -160004650
-103705464 97643744 -86618809 -193614369
371467612 80023365 440881680 447853291
-639204948 -46419888 -478054661 -873177485
-149844000 -479484903 -744059302 -142088254
-217984851 -340500542 -673215792 65036958
-428171358 5550535 -318991494 -610173472
85639978 -824160822 -853251243 -722248151
-764838299 -112962352 -992531050 839428596
-374640236 -394568464 134658627 -956761349
-513139418 -266396543 -132012476 -967088610
-15882753 -260373606 -390986758 -56938204
-237374570 -434492230 -786597199 -9565011
71073732 -74118416 259922547 -190597333
-169037174 -165728466 -449496039 190861357
173237137 176749226 669387753 291273322
-96371622 -213165286 -424267307 70758985
177254925 198507488 596140370 249996108
194012621 7981670 834504995 46741502
207120301 98505994 839872096 861644422
597486407 99663242 627620721 919530758
-556186646 -36441099 -405015148 -780180394
29494876 -492592533 636817808 -650650306
105362791 126310638 198004703 783829502
451569915 -146278814 973588341 381755718
-166796875 -88494238 -370021512 265855286
-221746851 -152027112 -488504362 257272388
-39409020 317025773 365181728 770949111
242230516 14061467 644906244 232772935
-388323485 14603768 -488450116 590479902
-170591184 -538710456 482849671 -896854289
71021692 229659201 760594504 928844943
9067429 160372690 145994302 695828350
161308770 -646819349 922858518 -673063228
135838900 -635842069 886411368 -687555818
-722550112 68078145 -769202366 978180906
-7970246 -302184028 -424884673 -106661133
-425375468 81170208 -458935659 694098325
436372200 -37343162 740519322 460295940
-16784334 -845124258 -976638991 -640787275
135537685 133018966 245269087 445108750
153289406 141944723 588718590 690156611
307751418 -16986183 966334328 584007662
115874908 197178313 610562392 627244759
150772901 136307450 625468023 945461906
-207867024 67378089 -160514714 -328041584
208588438 101762248 260461042 185905404
-23672306 -614138744 705196837 -825363699
414463000 -31081244 851897929 649649809
-677098300 95790860 -696037839 960441809
178470608 105207116 168947325 114289157
-224701576 -148255924 38284747 -560510149
-658631438 -16991483 -790353320 829192604
-640018566 74760458 -600048625 -752810757
61070974 256673805 770788004 889082180
135983337 -516189556 766903292 -567758868
122348600 -207623823 444702822 -272827872
-700176326 106973912 -692419839 -780755063
-170083058 -378401976 -663215433 -20766269
60641598 -897875657 -951964458 -770964606
-509422155 -253987536 -878140090 442987268
98261572 -523364384 -539833211 -434073307
-225576950 -225184747 -565492096 187944852
35163368 -426549952 576443719 -578939233
110899028 -427527957 -431359328 -350874336
86313624 343050461 542953748 545528511
-508215972 -231305875 -854252246 464462746
239272148 1133345 920854472 311450339
135319143 118137940 176209635 744940012
-476012498 -302586652 -893329549 360978495
-9897962 -455546108 560378545 -652996719
36634022 -653901868 -731998245 -502983241
261266540 -83590431 657908200 63837351
158235090 152836929 767939570 621917873
209505398 -99903393 638772982 -55997895
193462146 53930721 983857960 130754182
178854588 -656574524 -592450335 -647876463
-248335204 -466754992 333150187 -902642845
165542227 117490140 215217565 513677736
-158866368 32094893 -241501874 378513910
117477418 -296826735 529034552 -366901966
-280600560 -62523944 -457854903 405629265
-197840780 -564199598 481089217 -949593027
-253015638 35132579 -173417818 -405435708
-10693295 -451455902 -576879596 -253209958
-569496078 -66781142 -751007619 690267585
-603764476 -123521103 -365512974 -914838228
331883760 44900177 681034870 766555732
224974758 32054435 555678614 181742871
27562923 -282871126 -370038602 -122881400
4812331 92995950 26546780 -89744368
-211599338 -301939544 -628269281 97212443
-27394292 268830054 280805018 698723936
185870853 185335810 750714141 198790178
114527886 1175276 228083009 -71849487
-618024656 -182432368 -320861889 -988009673
25877233 184725190 165866815 508076022
140555319 -505614772 -479789852 -458617442
-336722603 -84845468 -137146736 -609120720
-76036097 -300693186 -491459682 -37104440
-416712661 76529012 -378511274 -527736298
-744877866 -63190198 -566957269 -995620713
-99578664 -449823411 -664132474 -162692098
180270599 125257578 801374160 554898528
35632524 -143854290 -222952165 8065835
249980230 66513853 539279506 441079339
-194654174 -533888557 453964782 -916095380
-394946793 -32983878 -542661070 549515564
150808624 -555726154 -519647929 -518982129
-627409648 -210783091 -952923138 604179206
-181249046 -272524418 206005771 -641326113
58318344 24203131 -32208924 153437436
-233894576 102526326 -246098649 523973551
215447861 96388784 655646621 765873872
-20437528 -145503237 239796108 -353493414
-32698431 -166882858 248914826 -387133938
64474613 124967444 125896883 863435660
-617726009 -68821848 -434173762 -874100506
205636599 107897022 328637385 433408122
-236943191 -527453582 405240790 -951949422
77391484 -657935092 -695274007 -547773927
178758568 268301853 485901476 285890015
-479665730 -237911906 -832308035 429306473
-525187319 -273113674 -137343246 -985853642
164593338 123733108 434674608 812512438
-261231144 34600377 -181101122 -414183416
238187089 -82763650 830669236 69139670
165391204 157081417 377146294 267888642
72453137 212375552 560678902 787873112
-415715466 -32112379 -562558244 571155736
-392203971 -251114118 -758048488 328642502
227260678 30860876 730477816 269109050
626814526 -54341158 964957640 824182596
44209308 -609005601 -679526692 -465662260
-551462592 4328868 -661864123 743344109
138667278 341088488 591383456 438859230
-439211698 -70622100 -624564197 556142247
-137880060 -93805886 70656225 -419238595
-4314819 -126321292 -245366510 65546176
-153317084 -86530976 -354578459 254338757
171425805 164928518 522812638 277816426
237848498 41758127 821626674 444124919
-281194773 -370588836 204124462 -839336258
-334563191 -120830858 -99001934 -642946698
-311332828 -483852181 -909915408 15033296
209811153 47520722 814698246 247847258
-53168982 -126476676 -294376057 114244955
176997354 138009370 526181919 296338795
-202723943 -59665386 -28328158 -449941978
-637416709 -44352616 -796499724 780616742
9206708 -390116163 -495639854 -211770222
-8354627 -452496074 558871846 -648403350
253210127 112710150 267351870 572312496
-85738983 -27563590 56555006 -300855222
-244718380 -606899152 -966347931 -174628123
-101110803 66183592 -149657610 354847044
-267300214 -286897528 134327713 -741750391
-580391186 -108180584 -357480203 -876124419
172559696 -882433602 -824604305 -867440649
-452863242 -39891485 -607485126 600524406
-146442980 92255156 -168918223 426250785
154963489 -652932682 922626570 -685521842
-14258988 -665639184 766110595 -867450821
-665533289 -26790146 -524012744 -879876084
-326971512 -252153695 -693855606 262370466
280417456 -66739431 643357116 118990183
366774368 -64777194 905297147 472887963
-209481617 -293849556 199098338 -690883822
-505624234 -46636980 -344256855 -739813863
380779896 31366146 547508402 417820640
-646459197 -81138014 -842327610 752873832
105203276 193402901 498565786 605149766
52562200 74293225 92999374 -60697224
94595078 247494936 758417763 712282791
192013231 -183663278 788800585 -174742114
-32014004 440391695 619308588 879525001
-34726306 -394290367 474294460 -616569322
-501274737 46812698 -569192438 735640084
-682054246 82784106 -650107953 -786822789
210331343 80999370 716296778 422679780
37925856 498934329 806333716 798187915
359232743 8706756 571280029 352066944
184200352 -19617856 49852097 -16265559
79460658 228670048 421279605 552946021
-110505944 -254443398 258667853 -552501991
-86805233 -305541204 333466370 -579899086
-291738156 -223766017 -630234572 255524788
-55727888 461841199 638493712 948402273
-63184842 207243065 214353156 959455538
303115055 -228445326 989466505 2679486
-146666583 -339659308 307723124 -673878540
-319372675 -518358958 -952462032 -11433634
65137215 -546517344 -596110528 -424101910
-312875475 -79926256 -507532130 420501868
66434029 -297115204 -345411574 -175996584
190331461 98096392 256867489 109211640
-340820429 -384901320 158811290 -913274398
107135008 -426692965 -434288356 -346275324
16146726 -558345189 689222314 -729751112
195940146 -6695829 803071286 35241656
-406016978 -109367714 -630115091 484201913
428649756 89713013 503701914 813004334
339506716 57634263 624987396 817404598
88617780 -56361287 -82473906 42573582
127216570 121053344 165154240 483069818
440338890 -71101832 997835583 687256891
88130168 213663285 582794598 710775690
34887589 154890002 195526001 765550242
362784298 61969530 521066905 587664477
-371108730 112119048 -368497379 -446542331
-414489637 -199228206 -728448242 402814080
139276047 -205819576 -181273928 -157542974
130850512 217119147 335628008 330523421
14622046 308521109 595994176 827312918
134909518 157593768 820723422 999883864
-275409990 28752625 -189432216 -434210014
24459438 -413017945 -503288906 -249924734
-193215012 -555833464 477348851 -936601125
328002967 19715080 708064243 581516352
141278152 185550321 282917996 278099315
-208070188 -522075204 -844875791 -126452367
467280847 -33771132 912785440 805413462
15105960 255024025 435986838 772364092
-392214383 -211957916 -65526068 -791724948
16768163 145277364 77862093 486846336
9814020 295941170 553446333 829157057
-67976938 -394397695 441151156 -649927282
202612208 86825351 928143456 478373885
550693101 5464076 769225747 731744980
123082315 148777820 463556525 793481160
195227532 64977529 294733272 80327295
-364846155 -338976030 88860274 -891374834
412604466 -20963301 819685566 654192150
369551046 -75375896 749763636 288620898
-485194700 -113611537 -713536636 559135812
54792894 -808362690 -868300195 -675602935
50806098 258856603 771437118 942589358
187850654 113941463 638333110 284102318
-102729205 -261285750 273286944 -551567604
-383400257 95630874 -402499782 666583780
-544350234 -93585899 -336033936 -825488782
65428194 -660224692 840383285 -782349147
178678899 142506648 623098883 284486648
-496798080 -88776865 -700305344 595573864
149224660 -31219203 3275058 7108786
-65589644 27794411 -152525632 280936704
-146373624 132507269 -110819884 800359815
193704937 76859876 610280690 144535044
-141341234 -325879304 299268469 -654773187
-533790299 35551764 -612968934 756894712
-308004060 -80435169 -112838492 -575991878
289278303 -72209068 850096704 232967894
141056280 158483466 447327749 483958049
-550446305 -131378834 -796555538 606620120
187780924 114218877 237910080 136589827
-83139170 -219242870 250834099 -489934689
7455933 -13197824 -120472290 166898892
259817388 -125727718 981191739 91066499
-93834698 -352770415 373666116 -634157762
-313901002 -222029730 -650661131 279423921
194722703 90986030 740843190 255897272
349450392 112264322 359314700 759855294
9361400 -590859306 -696228305 -412668057
203067311 -219982950 872494009 -188953626
184604120 117535866 571758566 524432868
32230842 -894970257 -977469814 -739648450
66487836 -61177391 242395626 -182242204
45854691 -766180374 -835056082 -624482416
-66184359 -10617738 59163778 -264354746
314545888 87648417 395791834 468628134
-542594974 -51954589 -375909986 -782102212
-557067113 10608090 -661189422 755227852
72863265 108099730 66232596 222789114
185109421 122847982 201344587 127734438
159820391 -352425540 626976330 -380157798
-165059227 114528578 -165261048 467140454
-329918357 61353616 -276541574 -456117390
421903135 -28298926 707961785 440402046
-220221426 -584673948 479182921 -992448023
-468033613 61498830 -414802044 -594087432
-212258418 -4352837 -93175182 -404163904
211286810 105245103 486360394 793535772
264979568 60415215 753816224 757257486
43343336 -145621098 303694833 -289830411
-248977882 -259410676 -623118957 177119855
-68050664 47782939 -1103204 -207820374
-705497212 -159352249 -979579860 733697612
-295538898 3248984 -184057483 -479842563
-634871280 -219502145 -969103824 602921784
196742664 8399155 515736396 35969200
183641472 122480199 687378472 376706704
101665373 200573058 616721327 715896714
-62693340 -564671752 616708811 -814917741
96430208 174060096 215089602 356304978
-322907668 -224593789 16416520 -735054106
-158798551 -78827562 34759410 -425178762
-826092286 110925578 -822287465 -902719357
-443483226 -137908614 -190844213 -768944489
238009190 -4542 696948954 201821622
499011948 61816419 604839908 684735017
-47553891 1145012 66031496 -233961528
121967784 179166238 766326174 835014888
-119064824 115303103 -117919416 728538049
-210628148 -435183003 339285254 -833363800
174290686 38901363 250119722 25639400
75823545 265628948 679417741 712545364
93695310 168884324 256157085 450456341
159750126 180735483 555780630 347550621
-677662224 82013815 -644945640 -783201058
64616660 174191049 242998610 542999016
-571114940 -133324969 -819170308 625342620
187076630 115415729 232993740 147309002
-198836652 -547726330 -861293381 -161337029
129676518 235970909 372157538 351723171
