0 1000
830282 704256
-510854458 -588243183 78092981 -76558443
-141870384 -841716574 705256250 -730303824
-146483817 -380263002 249530932 -280213944
-994509857 -83655544 830282 704256
-613162106 -569625635 220229739 -481757155
-625773793 -797888172 364548767 -575079375
-109703813 -179776472 97425482 -136319200
-319380052 -747511413 492243527 -687274287
-720877299 -996389418 276216375 -274681837
-255701097 -332734289 112793098 -129752418
-149922138 -558452917 409235035 -407700497
-988717836 -99627523 830282 704256
-407075292 -77486830 8126494 -67081056
-37556245 -452014952 416666807 -441544719
-685866453 -991922590 306760393 -305225855
-266038084 -236599328 830282 704256
-587465514 -938243055 373476570 -386605214
-900981563 -327948610 8211071 -20302605
-444784868 -935544241 491463629 -489929091
-35018618 -129844939 99854982 -118125384
-903037803 -434469035 830282 704256
-554835778 -623808242 280464752 -591348190
-657482274 -870396792 213618774 -212084236
-437234931 -583618219 288825382 -505066914
-587007251 -238903559 47390216 -216437494
-823949641 -27335320 1049423 -6727467
-15148422 -75366468 62537694 -72731812
-827563928 -225716936 16794630 -68993776
-957076000 -698251802 27535198 -37445624
-69577896 -295828174 235006474 -285004352
-879565323 -275156781 39207942 -191184044
-78007777 -800377805 723074284 -721539746
-473387852 -534972167 242018637 -529910125
-661579534 -819524623 198477467 -209717987
-554069899 -506880758 830282 704256
-495483300 -948223907 453444863 -451910325
-32984246 -935237814 903148426 -907191404
-720396558 -685843314 272313210 -608106340
-569871496 -99516169 830282 704256
-475853086 -818212100 396843422 -449089036
-409130154 -765458897 458392978 -715687906
-242708983 -780706194 562944407 -636358419
-825694598 -428713938 90190346 -259308708
-372911553 -921455886 549248589 -547714051
-243158530 -598470722 382773788 -434916670
-100786924 -828329884 733101770 -780860864
-748001817 -158600439 830282 704256
-70125299 -103355680 36481872 -36287984
-613055308 -799289589 380019722 -624224874
-503735937 -940359731 473863700 -510839712
-990641928 -238697425 830282 704256
-121117407 -235035374 114622223 -113087685
-900085085 -655775637 830282 704256
-352784993 -881622366 571690229 -660512451
-274381706 -153758509 40407806 -131220824
-690210764 -577510302 210674818 -560928068
-673779463 -511678436 29699217 -39712253
-560671397 -48902637 2989176 -43269006
-137722250 -39891046 830282 704256
-631001322 -817625476 366407666 -545504112
-919436806 -432840639 54664814 -139619352
-878388493 -189733084 9696347 -46215309
-69255891 -766406978 700624175 -740786655
-609477045 -577392439 223222990 -462147162
-209411115 -238961215 109389404 -236275682
-995307566 -802404811 830282 704256
-484702569 -370052141 126189614 -366419502
-622633275 -488265204 161422925 -374011911
-428150061 -842619706 508897706 -711620004
-667716763 -902974385 264286442 -274515744
-922938357 -474166837 76481566 -191304908
-361337280 -866426740 549668054 -635882192
-228829373 -906772218 706217242 -862670792
-669086665 -428500196 123898178 -363845604
-196194227 -976206706 798738848 -918919176
-783725851 -662533208 164926445 -268234995
-296065503 -32240007 830282 704256
-416638756 -309374261 103290906 -299263328
-935738981 -293743778 45812961 -273313059
-454398647 -130100006 12066330 -47919972
-705611950 -859603551 246045497 -282075843
-931470937 -875990802 18058025 -17984661
-191020789 -957230306 780368573 -853075777
-891450934 -35756803 830282 704256
-937955357 -639953015 61483082 -98766336
-171856078 -593416297 422264475 -420729937
-935080140 -149107132 2435312 -9692114
-252168458 -83896857 14421405 -74121597
-37759739 -150373487 117667322 -137879374
-148011933 -139956811 32484982 -43207628
-532069124 -354194072 71589182 -140813544
-426497449 -69409587 5798498 -44009688
-53968473 -868565740 815301523 -813766985
-627692947 -431534094 132163232 -364526424
-450929441 -309252405 96452334 -286161900
-137141752 -529871793 410962439 -518513019
-129017718 -893165499 772748770 -841388640
-121594992 -299966053 202700677 -285036167
-729215108 -395282019 92412969 -274043805
-117125354 -663159643 546738545 -545204007
-186724100 -353107612 213723728 -352097070
-766070433 -281464836 830282 704256
-357180995 -102861532 830282 704256
-269506930 -766577839 521229983 -575425659
-702379399 -907433042 212709882 -213294140
-168000009 -536012221 392686130 -489115554
-14619315 -454487224 440572165 -439037627
-676263925 -673061873 273589862 -572090862
-515666696 -513735323 205783154 -409201488
-393721256 -955423972 574727676 -592162674
-752907097 -499769523 830282 704256
-814645968 -148086019 14265410 -141304598
-302138868 -475299625 262079126 -470002850
-816612867 -292126214 28410634 -92380704
-912471900 -151689448 830282 704256
-221058801 -525801787 329498522 -373060134
-597146494 -913797683 317355445 -315820907
-109717549 -501632312 404374283 -485126593
-877051657 -280269932 830282 704256
-456301779 -905977245 499709530 -563802666
-650099532 -670108563 242340174 -392168224
-785721975 -989154014 204136295 -202601757
-147802859 -551925492 424102560 -531538224
-931807752 -254071004 830282 704256
-661283068 -727895373 321398222 -667987194
-528174310 -626984386 292226522 -599031488
-189364873 -486439635 297779018 -296244480
-947158339 -847749277 830282 704256
-291183783 -908739286 663964250 -901527816
-433656326 -163271977 830282 704256
-505995245 -292242705 77200710 -241522740
-84507559 -188171309 121662136 -166944368
-248431488 -902228919 654501687 -652967149
-902989052 -251415132 34197706 -205213888
-600264943 -330532832 830282 704256
-142497402 -765020888 633887422 -700955092
-598214474 -864101698 266591480 -265056942
-407069544 -128232203 830282 704256
-436548478 -602707606 308091482 -572419244
-58890355 -751686831 693500732 -691966194
-70825574 -39174429 10026391 -25469285
-739148952 -586163347 204954997 -560656805
-620715383 -641921847 221655172 -342423650
-173370578 -131782466 41270444 -89028486
-359634376 -476782138 238633534 -474902248
-116204969 -402869706 290907418 -298808680
-134361686 241943 830282 704256
-308275898 -747997366 497804912 -668407938
-101510352 -284904711 188381202 -195411838
-270677136 -918811653 687378571 -882000687
-290791311 -614668429 390101632 -604109304
-36106059 -144356419 112692832 -128053574
-952032471 -693414149 830282 704256
-522076563 -359596834 112429567 -334093599
-707763689 -249446871 42809118 -213094932
-360146894 -772739775 490224442 -699331454
-782307998 -268903007 44283977 -216564219
-387432914 -182605264 830282 704256
-86201768 -526743479 447812154 -502150350
-475522219 -587600521 281383950 -577243534
-870971795 -922791940 110383698 -116674404
-312679721 -31756258 863105 385665
-915798050 -946225939 31132145 -29597607
-105227433 -926306148 821782971 -820248433
-785437239 -942591193 157858210 -156323672
-992900543 -843741307 830282 704256
-53877492 -353635427 300462191 -298927653
-425144155 -83763545 8982374 -72664572
-697369462 -375863827 93219375 -310628143
-346002398 -520157095 174858953 -173324415
-869248089 -754109206 830282 704256
-96969468 -644497387 548232175 -546697637
-178335006 -549040989 398857581 -514853969
-409146085 -420729081 113387888 -151201854
-68585717 -410377614 342496153 -340961615
-350291046 -197438345 52718651 -186042669
-446006806 -991253485 545950935 -544416397
-389766433 -871267379 563229952 -802723844
-438919542 -246968824 64389778 -209531000
-126053658 -665734804 552344690 -661705368
-837991960 -505422843 141692723 -503117217
-292572301 -332595703 151427450 -326418366
-415733479 -579195930 175034312 -178193424
-922531149 -545772581 41974154 -75705792
-917739654 -984246658 67211260 -65676722
-120052310 -63349197 16751602 -62981024
-342421601 -272977441 96576392 -270906548
-667712492 -773149064 106140828 -104606290
-365797964 -438195669 204203641 -391853623
-666945949 -169397372 12340599 -53511893
567055 -453330828 454602139 -453067601
-89757660 -897410439 808357035 -806822497
-818556459 -318612674 60822175 -311460669
-330812807 -737509556 458744096 -559895740
-335347754 -754669414 420025916 -418491378
-498068752 -951836165 468996662 -481710666
-376915747 -174320505 39405722 -172849506
-230698787 -49480227 5956556 -38597178
-372586895 -629313889 358147982 -580428404
-245855460 -864075440 618924236 -617389698
-435652799 -323912808 107935552 -303777692
-837786565 -80697162 830282 704256
-185284393 -488909175 327127838 -380310420
-836412991 -952372173 142553126 -145553532
-611998141 -425804180 134169659 -399313875
-222202621 -955211755 758539728 -914425228
-558359405 -164221539 9334708 -31492424
-494037052 -987451153 494118357 -492583819
-438821750 -515717482 77599988 -76065450
-409974050 -692698754 283428960 -281894422
-159239831 -78017481 830282 704256
-518475996 -361829813 105498238 -253358080
-12980835 -15236422 6112447 -6275465
-6262272 -22180784 16915432 -16112554
-644668963 -241239025 44231602 -216302344
-247437283 -235187479 93716840 -205261590
-526241353 -928108734 452703749 -501301323
-353437810 -572895459 301070345 -411211851
-142098158 -544357353 421125787 -527051737
-455897474 -224850274 52956032 -201543654
-431475611 -520744869 213701182 -314481734
-601482090 -333661809 86561430 -299354762
-376356469 -349623180 136638860 -306786864
-647356824 -617408386 248155906 -601077036
-34358050 -557430400 524011346 -526187312
-385117622 -891220373 506807007 -505272469
-884977834 -170832806 830282 704256
-79312142 -632833465 554225579 -552691041
-874032792 -780604798 3127834 -1876044
-80159986 -692152587 612696857 -611162319
-69530900 -324403555 261439706 -291173408
-91389065 -785909825 699455594 -743121442
-484202403 -20305390 830282 704256
-368291328 -431305651 160702990 -223824726
-299266897 -551786208 328271594 -513063192
-542999499 -579196108 251963032 -570839244
-397537341 -638420148 352782756 -573639604
-363763352 -194958486 49391010 -172245060
-924048992 -175456645 16941717 -144298659
-694146610 -88950072 830282 704256
-102753521 -199181739 97132474 -95597936
-476877325 -384086851 128997458 -288251048
-778823825 -711121367 830282 704256
-240083593 -868641831 647992844 -710141496
-654346247 -289617635 60956724 -246203994
-314151147 -210280098 56611392 -131142004
-579246975 -147244059 18787532 -120169044
-677312781 -672598844 830282 704256
-268671640 -344072 830282 704256
-914678630 -500905133 85026317 -200308117
-107928849 -825934056 718709463 -717174925
-460947260 -865865141 461829362 -530210074
-332102811 -619214134 371019232 -591598064
-108855607 -773177700 669352577 -700264749
-381877702 -131162512 22109194 -105690304
-178789923 -535463766 385549407 -499957619
-490087865 -854493897 463859212 -604795114
-903684456 -580438190 85102342 -158331424
-631713113 -880911532 315651332 -351895320
-823600720 -717805888 174380602 -270618472
-99257264 -304536146 205983138 -204448600
-405977307 -764986486 450659840 -631018112
-733823481 -567348373 193771576 -522993542
-301544554 -449154421 240486283 -446716705
-857886853 -7901930 830282 704256
-838563159 -18280101 830282 704256
-162168880 -836225217 674760593 -673226055
-462022715 -68293666 5942352 -66775068
-664689876 -549537187 830282 704256
-82901812 -288870826 218493182 -283786608
-276112948 -689264202 413855510 -412320972
-7816553 -230101768 222989471 -221454933
-809242388 -993892536 185354404 -183819866
-520526547 -603841643 277776754 -603115864
-725060740 -143177509 14709425 -124208031
-548523215 -139246669 15058632 -78001034
-216479079 -217312987 88320332 -174275844
-916293459 -289584134 29738666 -115209468
-207647414 -35997856 2867018 -13779200
-439944067 -567433351 279119598 -564300796
-783017565 -138962267 3033028 -12279000
-500202123 -637265472 280999437 -418718069
-805053475 -453765211 61829618 -130493144
-838728788 -535789467 830282 704256
-299097047 -930749678 632356887 -630822349
-205420626 -806706134 625617554 -744847276
-726892471 -445103094 125401139 -401282997
-223926251 -698096444 474874449 -473339911
-314354442 -688613643 374963457 -373428919
-986061130 -518434708 830282 704256
-711345011 -993921044 283280289 -281745751
-871154147 -330706994 830282 704256
-131007440 -835933796 715727318 -816320928
-743883333 -725487197 196319692 -280548250
-460552933 -91460331 830282 704256
-714929862 -809678372 95452766 -93918228
-421767091 -577538531 156475696 -154941158
-739043710 -921055308 182715854 -181181316
-781813095 -402162232 62767618 -154139084
-675126668 -764193068 243024872 -318117442
-339971160 -271937591 830282 704256
-457056065 -372044692 69483828 -104916584
-265935503 -417360030 223348536 -336472080
-231850995 -965880248 734733509 -733198971
-515593229 -648246467 313421456 -624478092
-728480183 -523963503 169868642 -512156712
-416098903 -97098470 11967923 -84684325
-893580340 -791027580 830282 704256
-929389715 -945417637 55815332 -56695580
-896942044 -877912414 830282 704256
-797020740 -81011146 4750618 -60853028
-529254196 -836092501 454425991 -719509243
-24651555 -205563897 181616598 -180082060
-495598676 -991636802 496742382 -495207844
-242247990 -54921465 6682353 -40260241
-140040268 -397941057 277472762 -331266720
-72901795 -883547041 811349502 -809814964
-269382499 314645 830282 704256
-610257638 -913492854 379173344 -433689630
-890326361 -296439387 48140602 -254794864
-547481484 -309810177 73994243 -205728831
-61243585 -407379676 346840347 -345305809
-68881697 -260833136 192655695 -191121157
-339401827 -591152004 300535853 -353388495
-391795900 -602171623 284030573 -355446629
-144270939 -137929611 54990358 -114083250
-763783315 -492306795 145956698 -484124016
-831188098 -220188672 830282 704256
-65428524 -316340689 251616421 -250081883
-35812268 -403296856 368499444 -370257266
-540625830 -936319305 405145081 -410291493
-893586649 -653985214 64613061 -96801883
-358429791 -40612550 3182543 -37236397
-279109113 -79115209 830282 704256
-218440860 -348950538 194120958 -337502612
-379531736 -335419486 127712306 -316500804
-441599599 -20471864 830282 704256
-561316005 -737756679 351238650 -568709342
-32929979 -162618041 130392318 -128857780
-260176439 -704888320 482144745 -582640001
-554958590 -15001823 1008950 -8070328
-862187823 -950783987 89300420 -87765882
-77719028 -366964111 298051214 -354850176
-655214297 -682130826 284680516 -566996212
-225583088 -867863877 669679045 -803216147
-984785261 -79930133 830282 704256
-405000796 -437142472 110808892 -136561390
-670707669 -709270456 305933407 -674636369
-980054741 -96102814 830282 704256
-283321310 -192355291 58299582 -156171288
-30686632 -12481331 3392246 -10071840
-454857901 -979907224 525753579 -524219041
-480210968 -348774019 114308997 -339731889
-301835661 -362015349 149392414 -222138942
-39166415 -659831446 621369287 -619834749
-741062847 -959482710 219124119 -217589581
-162622544 -524068695 362150407 -360615869
-706421327 -478618521 101387860 -200410900
-571331450 -332003618 86022660 -254872878
-504605876 -947205717 443304097 -441769559
-367895553 -185406102 33955530 -89951852
-562828686 -321068074 8156332 -12482634
-489133037 -736816317 345349962 -440777850
-987325820 -230508025 830282 704256
-413811555 -397523278 159632794 -356601396
-535576926 -469886848 177995258 -468038016
-239199779 -749404252 510908729 -509374191
-347537322 -636995906 377881492 -594698998
-669300112 -668555847 268360265 -535226001
-662907627 -791056341 335381652 -524877134
-416959855 -990399967 574144368 -572609830
-94697469 -798578184 709602555 -765723329
-818128088 -246509690 37242722 -234330844
-407818466 -537695609 130581399 -129046861
-751101735 -110274905 830282 704256
-943643074 -154132558 830282 704256
-840000434 -632265283 830282 704256
-185565470 -871444448 691185546 -708060256
-465082349 -907662563 443284470 -441749932
-899135895 -848478536 830282 704256
-979651286 -454057085 830282 704256
-550068129 -673524174 124160301 -122625763
-74784253 -402946854 335875706 -399757092
-687305050 -843092025 156491231 -154956693
-16338526 -605750632 590116362 -588581824
-60164405 -761443171 701983022 -700448484
-237620297 -516783804 331321163 -485829225
-129505830 -48569943 9294618 -36327214
-961587566 -699339532 830282 704256
-843748828 -764334940 120860542 -157599736
-894918086 -335999661 46710766 -165501064
-188670026 -684819642 519787962 -622044960
-88249972 -910256170 822710454 -821175916
-653926633 -756828022 297163514 -443795592
-582740887 -334444854 830282 704256
-424270141 -737092385 426811398 -710362868
-366929969 -955487667 626067532 -703482590
-557220665 -163402343 23992908 -140108184
-524466420 -518589278 209458166 -435180036
-981341069 -713842172 830282 704256
-827805166 -458294952 119343386 -443241744
-158657516 -551654076 393700816 -392166278
-911273512 -755279105 830282 704256
-26323661 -440061045 415227958 -433461428
-673271135 -981046642 308479763 -306945225
-511897754 -678378293 338967602 -669934762
-479712222 -259939268 17451614 -32597532
-250559140 -849198723 635736758 -845837712
-168297161 -858056606 690463701 -688929163
-179760395 -714092861 535036722 -533502184
-89932388 -315938082 226709950 -225175412
-417602653 -885504451 561992204 -856419926
-811222729 -910712730 100194257 -98659719
-143527535 -156897343 70154876 -152741556
-211730255 -798848909 587822910 -586288372
-492045233 -389940309 136641918 -373149966
-236578885 -267522894 89189882 -118581204
-599116713 -218609068 11281363 -30330233
-833754648 -789343832 830282 704256
-943108376 -211418533 16117203 -85313195
-213915334 -230122910 16911832 -15377294
-846497309 -711909783 830282 704256
-989660970 -985760175 830282 704256
-598056909 -664637400 67284747 -65750209
-328749891 -750233777 422188142 -420653604
-514445668 -407700538 130925338 -282002308
-457986798 -89502038 6857996 -38810758
-427003621 -393169457 152900246 -349696990
-715141275 -225295234 32102032 -152367324
-912988706 -181983083 830282 704256
-408995258 -299798459 99166803 -294305307
-700657192 -548166885 186226349 -465815259
-154668695 -68598367 830282 704256
-270555503 -321391376 148945529 -283778551
-756606390 -314559123 38500975 -112307823
-22894933 -458487395 436296718 -434762180
-831237141 -374116194 69747836 -229020924
-711265488 -393011642 84126710 -221419552
-239995715 -958709444 742744370 -846042972
-851777171 -623007503 97615412 -159747802
-500143311 -113918240 13773002 -112220976
-902414792 -177774693 18267322 -170644202
-745875982 -829138116 202615082 -240433344
-685421349 -974953891 290236798 -288702260
-98657389 -505366357 407413224 -405878686
-403281350 -227511488 57520058 -172278352
-193487280 -382071582 235477218 -365758504
-721279601 -203379148 27769410 -158453676
-86863876 -584549665 498390045 -496855507
-528483528 -118686105 11994367 -70615191
-771944378 -367066222 830282 704256
-786303151 -170918459 830282 704256
-698190714 -550305226 191631772 -528910238
-33502908 -889306887 856508235 -854973697
-358915612 -374674642 160774742 -358915160
-902238720 -14553157 830282 704256
-459054059 -96621168 10642357 -77882917
-789030700 -101909157 830282 704256
-56926006 -32220852 830282 704256
-21221649 -358828797 338830164 -348198848
-40980134 -936019373 896670150 -932670802
-877921825 -810600940 24938954 -26213408
-212648281 -187185499 70185994 -157513462
-679309895 -962149951 318840348 -334953828
-688211262 -851598399 164091393 -162556855
-589629565 -332801647 88504798 -331127140
-928118618 -429060875 51620451 -132825355
-311385277 -320985015 123652454 -212796684
-573308315 -467610022 163730747 -391934315
-982092452 -237285867 11735265 -49981653
-510397131 -137269796 830282 704256
-541730604 -620640458 283131470 -613997604
-66599664 -191133910 134754262 -162756524
-566267727 -159777294 830282 704256
-349364706 -769116130 496345130 -763214468
-115057023 -163764741 81413424 -120414056
-193513644 -444653429 251844041 -250309503
-514169979 -120563892 14911552 -118572384
-296688903 -920176058 664697911 -809389723
-752966773 -721376593 244558862 -413881292
-974436127 -339227502 9736055 -26013063
-190373381 -515891217 326222092 -324687554
-675294089 -701623041 287001786 -545435826
-879220152 -640886206 56181578 -83077376
-1033170 -766421859 766092945 -764558407
-716514176 -634687272 241767176 -633165534
-35595054 -57725814 33189682 -54637404
-709141006 -831008608 202036018 -226391416
-12942490 -20786048 11711430 -14174948
-68844972 -276656922 216930830 -265884036
-303861730 -757677904 463236170 -475646816
-196545744 -397672716 201831228 -200296690
-901385063 -636966627 830282 704256
-787011408 -595036631 95343529 -151131801
-851050952 -22154412 1136692 -21542074
-63162459 -684247837 621789634 -620255096
-221518438 -547720074 369665492 -521078754
-637948743 -296432374 56965466 -180574436
-801431915 -237302255 33445854 -180286092
-515314407 -236609526 51339227 -196275543
-863084954 -950332079 127232246 -131740918
-541635232 -630088501 288478282 -574591744
-394185385 -934054975 600911124 -735069712
-119415282 -269003932 160274770 -174267576
-153558131 -716596806 563742931 -562208393
-678303453 -725235367 47636170 -46101632
-385368731 -8410896 830282 704256
-995876692 -682068760 830282 704256
-367364136 -342317937 122850806 -228648834
-37446568 -939264211 902521899 -900987361
-543268269 -81975193 830282 704256
-408282709 -302556912 100905467 -294299985
-995650517 -566202183 830282 704256
-103950962 -781288617 678041911 -676507373
-961771096 -697932680 830282 704256
-809765516 -652965222 830282 704256
-51330187 -629836774 579210843 -577676305
-787744564 -590715079 197964101 -588360233
-785291321 -356139485 57712206 -169941516
-46954172 -28285175 8869334 -25550704
-6496121 -538499277 532707412 -531172874
-153725158 -585362550 446703986 -502618800
-450837871 -126406359 14975276 -70020714
-435994141 -135340920 21508331 -131422431
-862293133 -63775203 830282 704256
-892960277 -45649451 2009616 -39394842
-687251621 -225681326 14501756 -46100328
-389645138 -601023300 327669818 -598501560
-327948872 -327299260 133333254 -273439824
-176523363 -635260162 482675072 -598348380
-641795764 -284107470 830282 704256
-543810160 -725629582 311044182 -419985820
-685521433 -519071571 175239194 -500721366
-577164873 -155720401 830282 704256
-758665151 -949735245 191774350 -190239812
-858160927 -922581279 65124608 -63590070
-665461216 -616081795 237643613 -522427853
-83014754 -648261483 565950985 -564416447
-194727372 -340024473 197466642 -317161442
-111720700 -349096085 249357278 -280900074
-961815525 -851367482 830282 704256
-676720514 -70356907 4267155 -50848839
-456796761 -480880385 205055758 -423456348
-232117122 -102363087 22442991 -93061523
-859751501 -140619527 12143112 -121301124
-480475150 -694908575 364798374 -662585222
-543532910 -309292374 12157282 -20090704
-255941290 -605484635 394400297 -503247499
-265907881 -590167126 374216757 -487606483
-19471499 -948954721 930187478 -928652940
-391648613 -510568334 252856796 -503348772
-710174226 -863732579 154262609 -152728071
-71587309 -485198360 418418687 -449987799
-350826689 -279088161 98374338 -266248410
-857659593 -331507089 28459114 -82182240
-631568821 -493225898 170650492 -474792332
-711878167 -670715004 181728434 -270434604
-303667320 -154278907 830282 704256
-463343683 -368780471 129233540 -339993876
-325044395 -149235005 30854846 -104381718
-994909053 -92805725 830282 704256
-414993401 -844421504 477851204 -544462512
-469414719 -77862354 892696 329772
-358075496 -731646855 457249441 -711728161
-762327467 -182776303 22526522 -173883534
-436759856 -526467278 247598006 -494074812
-965408878 -524728461 13780142 -23842728
-596447493 -161410082 21122620 -121049772
-393137652 -868345685 560588422 -838932954
-148823835 -232024345 127151516 -212110478
-965492485 -120027315 830282 704256
-869828254 -742441192 830282 704256
-102037118 -19654006 830282 704256
-477071546 -539349209 236099234 -432413056
-313911830 -438557162 224749328 -395460210
-442340877 -561603877 273540634 -551367920
-432984950 -260857280 36553418 -70742016
-96948844 -387847430 291602842 -290068304
-891525007 -930122543 39301792 -37767254
-65481888 -901199447 838483342 -875229150
-184125630 -545528543 390573467 -497571187
-168375949 -858703114 706535546 -816970008
-198511206 -568433291 370626341 -369091803
-218538605 -180216605 65773692 -175570714
-437474890 -519333820 241538674 -480712528
-575831911 -351743773 92028586 -248200282
-195689354 -568766383 373781285 -372246747
-763182978 -521576377 131414405 -284534517
-602876300 -83985213 830282 704256
-727562033 -222183905 23378232 -94421566
-806693645 -305744756 830282 704256
-209108774 -116618358 830282 704256
-413045892 -817892244 502001582 -754002984
-758686241 -212638113 28011718 -153590366
-80024882 -652750365 573429739 -571895201
-959692971 -25956038 830282 704256
-14309234 -573357994 559753016 -558218478
-399230960 -235152919 65047470 -224055902
-786738625 -786205918 189214436 -250474616
-350794599 -343989001 137321260 -279209324
-300802363 -640654880 397181601 -517601315
-351054953 -659101745 308751048 -307216510
-596352423 -435045128 137899522 -349145244
-254159978 -588270836 334815114 -333280576
-919262214 -558085180 69569590 -132611916
-523956106 -719102987 365996946 -680285654
-400523519 -663010162 371260296 -585864552
-753810587 -580295000 830282 704256
-290401270 -11532951 830282 704256
-726519874 -831348633 105533015 -103998477
-434181214 -225374041 54922139 -191843337
-263540309 -504752888 304075532 -448264032
-124377554 -48456976 6958254 -19392660
-22914953 -405548520 383337823 -381803285
-842724884 -171933776 17370254 -131615520
-95158133 -815821875 721367998 -719833460
-153780893 -852575368 699498731 -697964193
-439150419 -555911984 240704066 -352927908
-609045748 -653300600 257089358 -430857120
-415352851 -262570630 75558587 -223480659
-832324059 -394491480 46430025 -114997141
-954537694 -702713066 830282 704256
-81640397 -783100006 702163865 -700629327
-821912921 -65883885 830282 704256
-202553157 -37147613 830282 704256
-824708821 -523376597 124135316 -287007490
-343414777 -33497106 2495777 -28993503
-897619792 -268147754 37093634 -191958844
-402955305 -3538814 830282 704256
-91448147 -972300330 881556439 -880021901
-699824292 -733228561 299660731 -558288855
-395770011 -609075071 214009316 -212474778
-264736041 -735522439 512715032 -645383394
-244655078 -561044799 367662553 -531175391
-547811939 -440954031 156096810 -416812734
-81225802 -40782095 1306434 -251264
-348855493 -348480913 116226402 -181420282
-808820436 -231569596 830282 704256
-835896723 -906066786 70874319 -69339781
-176676295 -233408918 112342504 -180629216
-280381170 -768512395 503719022 -531951566
-41405271 -135916665 101576768 -133624392
-746485992 -809143414 63361678 -61827140
-800421510 -125049844 830282 704256
-547268614 -769294862 397590018 -745774508
-586156523 -281408774 52700739 -154907115
-12937586 -609832079 597598749 -596064211
-672504765 -996332143 324531634 -322997096
-63769959 -923787438 860721735 -859187197
-737894286 -498412119 830282 704256
-358844640 -300172141 109422458 -275300858
-327711987 -117413881 20889640 -98209130
-602927061 -925245272 323022467 -321487929
-275793534 -451208453 221526437 -268400689
-930799577 -893298974 830282 704256
-197392138 -83160566 14404940 -44853466
-812515271 -123272 830282 704256
-905540683 -938707120 33870693 -32336155
-777430665 -242141480 830282 704256
-591221050 -924201149 333684355 -332149817
-818142192 -783486065 830282 704256
-321092076 -741683138 478873874 -619914808
-38255722 -619092349 581540883 -580006345
-711636119 -980424050 269492187 -267957649
-725595956 -744374815 163349018 -203436062
-248918189 -367138958 195695037 -365721877
-453819055 -859422744 516669557 -791039049
-234657655 -488260222 307599443 -465942765
-734846503 -499661451 830282 704256
-521270461 -474691541 182667106 -419353928
-350716665 -652949800 390507676 -615063692
-883979213 -593889240 88310847 -156760761
-987274748 -231893706 830282 704256
-489450274 -571815344 263897870 -546909724
-296607788 -761124669 494839194 -555055770
-958708892 -258486255 830282 704256
-954563662 -547199401 830282 704256
-444656332 -962546110 518594034 -517059496
-222069854 -126592169 23336811 -51329833
-771029525 -211991197 29597672 -210256604
-256935703 -755285298 499053851 -497519313
-967579988 -696399118 4412642 -4299492
-910019182 -189601082 18871874 -134607684
-331636891 -626866909 336713824 -386685082
-472309386 -422109505 159890605 -367742297
-537338001 -651781274 115147529 -113612991
-691175396 -840149737 288509562 -364624050
-296894696 -914135322 662568286 -843407660
-834976201 -596736097 159995566 -340730950
-925360053 -638495656 830282 704256
-805424245 -843322054 186648805 -228327877
-442387160 -517902906 232112418 -415700124
-366743728 -877869966 511830494 -510295956
-792898532 -621449621 181061858 -359758896
-876885219 -935871026 59690063 -58155525
-654287341 -176870716 16949651 -76109259
-80553572 -825884419 746035103 -744500565
-10157545 -845396634 835943345 -834408807
-156386276 -479004831 323322811 -321788273
-251025493 -950690490 723043553 -810074745
-683852340 -916918470 302213266 -335114052
-990834899 -869500459 830282 704256
-568703735 -549287916 119716552 -158215168
-921394303 -275674491 5272244 -14575836
-918145947 -395436614 82551824 -388445944
-355177821 -433864408 206081972 -409799124
-73068143 -651025634 582252747 -623324409
-52179742 -89272809 37797323 -36262785
-883426137 -638425260 96632339 -158965839
-55775983 -462668914 411040250 -461416508
-526692260 -357256563 110315614 -332018720
-879191204 -188496590 830282 704256
-857378880 -393021107 85147022 -336562704
-643959346 -362124573 82106099 -219901533
-580968476 -377654767 112600442 -353007230
-589062080 -928138846 339781022 -338246484
-719806404 -84811443 830282 704256
-411695817 -841105086 525546149 -821148939
-146997358 -394970507 248677405 -247142867
-368663216 -593717047 329026202 -538114830
-663390971 -177256751 10699362 -41381014
-203303812 -601282920 398683364 -397148826
-371883477 -285271608 830282 704256
-653217982 -60739237 3510407 -44544869
-781445852 -235451992 35535260 -219093938
-821877983 -334660997 830282 704256
-70285990 -804412114 735259032 -738327994
-717707984 -539293764 830282 704256
-321133784 -295011712 108617430 -214870040
-185516885 -824072547 639259918 -637725380
-641536119 -861100745 350081852 -446328214
-28012619 -225037814 197729451 -196194913
-341444448 -111573320 16957862 -75434296
-45356337 -429204013 384551932 -383017394
-568658808 -565870337 234470942 -548343280
-12533065 -106928569 95099760 -93565222
-726505905 -622719518 229417309 -560382211
-891897748 -736166492 830282 704256
-96507276 -878266947 787620897 -858713185
-658762663 -833239067 299565710 -372662202
-329410135 -27876299 830282 704256
-306726413 -897576565 631504982 -751900886
-429182250 -72214502 2661328 -11066754
-309543661 -855820992 546981587 -545447049
-744388086 -285820418 53973074 -277680208
-348193151 -649352918 387793331 -597241647
-29464440 -13320264 3342088 -7140534
-97297768 -100373310 22541162 -26316444
-63669010 -50229219 18215798 -43210974
-157818747 -543945597 409466840 -543746706
-309422657 -875083258 619389429 -851234469
-418715030 -265287585 75490574 -214981032
-234888012 -335593187 175564270 -321881568
-346422932 -482460956 248461166 -470364400
-249423754 -753130394 538697456 -654344158
-570516190 -514370392 198650778 -503376784
-258649877 -657841818 399896197 -398361659
-947130179 -80582879 830282 704256
-425497888 -760312012 335518380 -333983842
-599979644 -334483472 86403812 -287567254
-781536666 -980941807 200109397 -198574859
-973974588 -975007743 1737411 -202873
-563337847 -577759173 61564442 -65506554
-255998355 -792926585 578025740 -778274980
-469800202 -244028404 19351578 -38802520
-646391875 -945922946 300235327 -298700789
-612047469 -406614069 122100480 -356075524
-4143113 -978777960 975339103 -973804565
-688702705 -198332075 28663948 -176971214
-512187086 -733139350 376741916 -625815134
-655559517 -891168970 236313709 -234779171
-791280561 -162173978 15738821 -110322037
-550985602 -844054406 411360740 -540727050
-994238212 -833249243 830282 704256
-578767440 -367450964 107870588 -367388794
-42893902 -919000402 876810756 -875276218
-189132808 -850625765 683131762 -848809136
-810553247 -993819725 183970734 -182436196
-508291142 -697275437 351952382 -617517330
-758659553 -941136516 189051675 -188984751
-460495141 -547508449 87717564 -86183026
-425304995 -726497646 415093072 -662116208
-124190881 -237899652 134812751 -163877799
-286543690 -413964242 216570058 -376410020
-230547240 -284113946 135911002 -265000528
-155232148 -550675952 396148060 -394613522
-907923824 -152752087 13605129 -139819061
-910962112 -839589268 85830794 -102118944
-442545407 -172604466 30049080 -115399872
-682101800 -378457019 98014382 -338729904
-318892866 -19126632 830282 704256
-661370778 -888773507 228106985 -226572447
-18374939 -68463743 50793060 -49258522
-403205102 -379875449 126049914 -212619264
-650227002 -361328380 89992274 -277551056
-691445554 -875554218 184812920 -183278382
-496171921 -109981765 10965782 -64441286
-140900488 -487543655 367391873 -476936605
-488701168 -965315998 477319086 -475784548
-723715282 -91884130 6307212 -67266214
-387162551 -536562728 275446736 -524596804
-770550743 -968275561 213708674 -216488376
-849403696 -764888178 118668002 -155079372
-60501801 -146761407 86963862 -85429324
-716360681 -400973651 105479772 -384053598
-282584528 -992652869 715970907 -728135619
-211990381 -963709612 760992586 -794325760
-510771914 -482993249 193287765 -482765869
-39153352 -607400778 568951682 -567417144
-614364237 -12211825 830282 704256
-648684844 -502602217 171926282 -460356690
-102860639 -175959522 101968331 -173315547
-972941513 -66874778 3165021 -63070983
-38077545 -419306835 381933546 -380399008
-527641506 -86002012 830282 704256
-613749894 -194443981 29176642 -145077024
-703456230 -893931405 191179431 -189644893
-814130278 -609838870 181662122 -396951296
-644575602 -576321881 218700661 -511037797
-226088187 -435058762 263289395 -391573343
-998874110 -83849888 830282 704256
-660317969 -237540192 36577612 -146909204
-575089567 -324851433 80204432 -233967144
-62209079 -678814463 617309640 -615775102
-301550319 -928515186 669925048 -823071312
-737394932 -733578421 259525046 -433082042
-825758620 -431455774 830282 704256
-744168476 -577445137 196334682 -508643394
-418767899 -313204713 101960860 -254527342
-609038038 -958348050 350014268 -348479730
-695738704 -94801963 830282 704256
-504297223 -593451007 264939764 -465198402
-255360973 -298918005 44261288 -42726750
-708556699 -203623207 24865352 -119529830
-476258753 -423903636 160114667 -369730953
-207347237 -664467402 489507260 -650865048
-645491970 -825006875 313362314 -400589878
-31102142 -529176146 499496186 -513103360
-982403296 -210721441 830282 704256
-234840616 -588383843 377832402 -423467702
-25820030 -44884994 19769220 -18234682
-511117179 -594846283 273998530 -575768264
-922614004 -425558826 75362810 -229365444
-412378939 -616713254 330502576 -608151908
-298651854 -163746034 42935410 -156563504
-843078590 -428436913 89533209 -265404525
-579927702 -687618575 318180722 -620764896
-522438535 -809992638 442372919 -796629741
-801376233 -130393624 11464324 -126904248
-609866412 -688778599 241207373 -336627393
-218109675 -248360622 96004042 -142056384
-379640363 -752004270 462443611 -704859625
-80214283 -807243773 727733746 -726199208
-631026086 -282603821 61190591 -264110353
-195053244 -952439933 777266530 -914381322
-384757587 -246195671 71453926 -207354532
-489649849 -929605927 494428728 -558611116
-62903389 -290961798 228762665 -227228127
-422201523 -910872380 544690888 -636925420
-181188761 -475421131 328363026 -461882574
-844949927 -821769675 146948284 -183063586
-619864212 -259679162 51554930 -212165848
-829815449 -157204618 830282 704256
-337086121 -272676617 88950106 -186550370
-922398494 -986570631 64876393 -63341855
-566468354 -425299663 140085837 -361360187
-524701984 -490144607 191070271 -420957557
-352739669 -358014622 146377404 -290389988
-472545017 -189127675 29665974 -100220666
-673250690 -75147616 830282 704256
-626260545 -794431530 339355770 -489359480
-656950852 -657600213 82394759 -92437527
-43593009 -463230951 422263112 -449542284
-505976832 -500620215 168969234 -271213406
-874923712 -651422028 830282 704256
-878132440 -421668837 830282 704256
-98501466 -653891216 562904546 -623822704
-910299984 -746838368 57627200 -74458042
-303352965 -727475891 484325162 -679133958
-141929856 -838313431 707125321 -779692253
-613547086 -811031017 336846417 -446166805
-757737776 -68122031 830282 704256
-281480421 -7046548 830282 704256
-304858102 -190728402 54552200 -160461498
-568148689 -185881921 830282 704256
-563970394 -313001931 81182363 -278515767
-19635999 -756413513 737481770 -735947232
-732552607 -450354502 124788959 -371171775
-829712741 -377577241 79356366 -297004524
-407381452 -941843957 572717738 -634533802
-969723240 -194301267 3699797 -14165529
-89633135 -755009279 668417282 -686846664
-217629721 -955759998 758341124 -855612348
-200281533 -566567298 401580396 -564287708
-317529561 -305076051 116526306 -224763598
-325922127 -610782971 359319100 -505292562
-726224225 -687580835 260636552 -518908284
-644011844 -62453582 1888794 -11241808
-683420240 -83211891 830282 704256
-911124775 -893165211 830282 704256
-561450590 -13923277 830282 704256
-723834386 -554769327 188170197 -510753159
-801826790 -395149840 79563146 -239873888
-120436650 -638555216 529850698 -616539168
-780164678 -805918566 29135250 -27698076
-670917465 -457295930 142103497 -454821799
-739520424 -32869751 830282 704256
-933601892 -335936493 830282 704256
-36795466 -624023961 587932751 -586398213
-459814566 -599301714 289759944 -497621362
-150106562 -573125908 427243274 -436267752
-495250669 -827987068 461557835 -696293837
-525151270 -255266642 58820508 -221286410
-815083802 -945054112 130674566 -129140028
-383898293 -403376101 169083950 -329162556
-66982634 -277257616 210979238 -209444700
-728239853 -255337059 44461512 -249590994
-927126964 -658063288 60667012 -92959414
-410795106 -713782895 413742098 -705674368
-590042941 -776796206 379801116 -662600588
-174841321 -858816636 702277706 -841528248
-459679983 -331036635 830282 704256
-551477626 -383636738 120174346 -343070084
-424274247 -200419236 45884362 -189676704
-866036936 -206327233 16037810 -78793106
-422105452 -990828881 573324677 -577148503
-278055852 -305888743 94232714 -123740544
-215164192 -347884126 193303198 -311526676
-828850966 -145542967 830282 704256
-251175836 -355662204 148036064 -179213922
-152204422 -199926752 98341450 -169940288
-203570248 -997328097 796305974 -802146912
-399959917 -304602599 97492798 -224691050
-515091988 -482697294 187686758 -405529416
-719945503 -409516320 80065217 -190926519
-853055877 -662458801 131795714 -216393608
-56788080 -889718825 835456262 -881164704
-306204902 -592590278 287089632 -285555094
-744719442 -588149319 186908334 -401970344
-127566638 -664258703 549362402 -643556512
-750865520 -544323278 177507642 -529327824
-644349358 -518434507 180086554 -440541952
-481469545 -728308621 365250952 -511197364
-215648367 -953871737 761358608 -894409962
-901704204 -640124769 11123235 -14044579
-289695322 -645735758 419026114 -643800704
-808152204 -158075803 15428585 -120948269
-471533058 -185016798 830282 704256
-842282212 -670325926 142110590 -232044060
-633458514 -473819456 158686750 -472865148
-727484424 -122425153 830282 704256
-63711820 -329101392 266093828 -264559290
-798548337 -90239912 830282 704256
-158911762 -552722786 417096748 -549088526
-383337373 -278622190 83174492 -189320844
-885064992 -618127493 33161222 -48369834
-271268842 -612309400 398239714 -572535424
-903316123 -888639495 30095726 -30061980
-60367549 -415250698 355587405 -354052867
-820584892 -800242364 830282 704256
-661112729 -405415295 112179030 -333850674
-374268512 -784438732 495461580 -757639778
-576623250 -860548029 411712043 -546858009
-621588883 -430007778 134980151 -407165493
-226101633 -962376046 758579540 -865294896
-203045284 -903715307 701374279 -699839741
-893447701 -68633897 830282 704256
-801002358 -576860087 187109174 -564541272
-712049932 -92931512 830282 704256
-187944471 -697327634 523872776 -570045924
-605884020 -488446187 149712353 -297541705
-434901197 -532286567 233478480 -367332796
-715308691 -510668075 164425886 -490082556
-719075083 -960693503 244753392 -244045712
-10935598 -541149142 530917800 -529383262
-936369949 -656761433 830282 704256
-426338300 -464902583 204098838 -422338032
-849133042 -931962998 83534212 -81999674
-784883933 -677087107 205693602 -368049720
-695436087 -761747207 301858100 -494308626
-196226190 -974234768 778712834 -777178296
-471651519 -966735808 495788545 -494254007
-952159067 -349657455 830282 704256
-528886475 -952775212 424592993 -423058455
-990043409 -85679176 4468148 -70202360
-583300116 -615709996 248437576 -444282858
-602543415 -600327399 234657888 -444145304
-177803114 -91632666 22394300 -72738414
-388029767 -58501449 830282 704256
-732924810 -508344651 139301483 -316645359
-383893104 -930739002 592095534 -679651756
-64923202 -58062157 22939433 -50501117
-745658072 -581179966 188383062 -428205228
-175822204 -367345798 192227850 -190693312
-857195813 -180350648 830282 704256
-672488488 -839709315 167925083 -166390545
-9152228 -348982698 340534726 -339000188
-184638623 -142416535 47847818 -113566400
-214926017 -801549162 615649028 -784044252
-580356676 -34091258 1778950 -23741336
