0 1000
784422 893570
-986958360 -722399132 486076 1300821
-238382241 -860410415 649588866 -757684759
-745116103 -707889427 78759305 -91472164
-978331178 -832882090 8874281 -8700926
-163333062 -540475680 386617899 -407926995
-47023718 -974921179 926886319 -897466144
-376819959 -779537106 485899805 -693678400
-975707342 -396069490 18269439 -45176351
-660453276 -136757521 11791194 -71408545
-956298285 -607978538 -92669657 127465644
-197920196 -394651935 244721014 -391731156
-11865255 -384831176 366068364 -306666135
-782072497 -947213229 133163850 -126168841
-848493962 -964336311 128664517 -128810247
-73231183 -191722171 127518794 -143987695
-215222951 -551397060 377480462 -531730098
-648499565 -129063203 -2969580 18413904
-267099114 -573316446 346349547 -414699071
-287173557 -462756975 240786473 -324374056
-120755498 -775572683 617989984 -507380761
-942160124 -990616066 46358400 -44536311
-596060868 -905155503 398627692 -471861271
-305589639 -250064389 63992485 -107747784
-944757215 -389525810 -141598301 244045053
-144094263 -612732699 472763171 -482295214
-800255478 -358213004 76853579 -322127619
-826332156 -701505461 94005703 -126645080
-989946817 -392381143 -52501836 114975039
-602657740 -631274993 231588188 -370865188
-340941922 -405266453 172623147 -271125563
-914346012 -798691272 38988326 -45064527
-148656168 -527608600 400514666 -519964732
-493253435 -280210071 73579618 -237866817
-29819879 -637191257 486570235 -261119296
-655695270 -929976068 318596316 -339857627
-785770238 -916858215 120629899 -117248708
-402454023 -99330208 8934118 -40970576
-848604139 -435323988 102894289 -355340071
-393531982 -166675950 -27777905 56458372
-68258840 -861651385 769134304 -643652546
-91225185 -472755683 390227079 -440926449
-128141902 -71788021 18352266 -50715066
-958015732 -606526991 -7567270 13880290
-414958380 -812327765 475567433 -609510622
-610682155 -978789454 219331971 -175828214
-393624903 -12937462 594611 5528395
-616996117 -80519069 -3407518 28061976
-799352476 -594103729 192736006 -494097303
-25217343 -155298299 131477723 -132524454
-255958149 -835815887 551055823 -497100797
-526784053 -299373678 34650617 -68549010
-748372021 -168041583 -38751810 125579973
-749989788 -722591804 50153619 -54113286
-66455426 -113575508 62048905 -80243783
-662518940 -295891577 -96436343 159743438
-309633251 -616290594 380651944 -588330380
-275694131 -40445251 -19242590 70828715
-436145065 -71214725 -71901778 180645972
-518869106 -662605735 320753159 -589766398
-195610964 -565140696 403449591 -555528757
-27206676 -925109686 891512206 -805857233
-251901730 -105365694 21824297 -90689702
-132669566 -662786009 532579056 -537387359
-165850344 -432079823 231940451 -193342336
-368712838 -210555479 13322227 -22704116
-349324661 -884548775 593053636 -748505908
-591567231 -144514412 17634802 -114567041
-340811053 -456301429 228267217 -413119740
-510287603 -349845955 75085445 -146004782
-110657758 -169999666 59732422 -57789844
-685694738 -89253912 3111959 -19071722
-315173272 -803492449 547422533 -750628386
-364468571 -12466924 -5663326 57153819
-907391922 -451019473 92450413 -279774107
-319983124 -963456672 677788171 -770284079
-148142013 -304315299 181733056 -223606095
-749362643 -947690251 251137010 -268328544
-157252477 -690225845 551444407 -670979187
-534621457 -312802035 50490413 -106141716
-747527173 -674714717 246981399 -509277415
-266925775 -213764303 48870661 -79528082
-703526106 -715928134 282373704 -521279117
-504349692 -860482917 283128579 -246473228
-26087366 -6109220 1362292 -1908228
-805953298 -75678474 -157624943 410489574
-885866091 -303347280 48242676 -224909799
-938204590 -359712735 14714244 -37714338
-59816647 -755812860 621216816 -420446593
-257272040 -985963685 478099102 -279062233
-988503091 -557105347 -59370849 96167836
-421200599 -383399181 103697721 -159269687
-43675388 -855954065 744674961 -517327026
406725 -977076863 973894576 -883547646
-937779753 -175462963 -69372821 221870320
-83198295 -871789531 791698451 -815357489
-300698315 -59851636 -18358634 62075085
-473691472 -497483846 213034739 -453728459
-176287804 -324924497 123292897 -106376128
-9719248 -302149078 272145247 -190356502
-20373166 -667286299 648135166 -664355273
-596618716 -906841151 306486725 -302462631
-936702684 -55585173 -89734464 350267949
-546414065 -613215290 207376795 -284041756
-933724316 -237599870 28805909 -176597671
-336335871 -537020593 296293614 -484279021
-766308689 -44947562 441707 6307492
-748439465 -113291097 3351942 -17456597
-373163872 -399051706 130009777 -183158609
-63195952 -835951258 623590226 -353532871
-476059511 -882531496 459395088 -518190067
-735291933 -523897359 142620973 -308298544
-70287625 -884520287 773746930 -607726855
-270021255 -8388316 708806 2885644
-292418703 -606036155 189828504 -135112175
-533764787 -501316352 23352313 -24264783
-417150726 -762735719 303942300 -275063363
-473865968 -344474849 -38953224 49762697
-310656959 -360666473 166281553 -344821781
-924148241 -117633851 6323306 -56218211
-190920471 -124668288 33620651 -78866206
-393490755 -683979755 363958040 -458645094
-380848128 -318362643 115954093 -290876538
-667797838 -505372624 -57351322 69660200
-829198477 -24579573 -23613836 176800366
-11250817 -415033559 369971212 -248270289
-915137758 -262888172 17758669 -67443797
-118773556 -297493852 199452640 -252092840
-452478136 -868085039 506308274 -664862527
-324818814 -55690875 5309978 -40385732
-423670563 -13640327 -6592661 66480158
-172432099 -697125252 546708672 -688711543
-164783503 -505091938 353929154 -385211783
-708336718 -351497587 60213026 -160805139
-605706689 -265517242 9917970 -20951366
-415684967 -546080558 105346796 -97579331
-166163491 -715984289 568315478 -667754480
-214602539 -800742336 577559988 -552770161
-586186168 -678169710 304422650 -566467673
-553773806 -911137586 319890837 -297911894
-451662271 -559976494 268740431 -542564267
-633512602 -923277229 310866429 -319478731
-177076831 -689655687 391725038 -259589023
-527682937 -390104375 114656519 -250257438
-660492023 -508134603 167055610 -400611895
-598819879 -321810861 29852737 -60211531
-323532726 -197788644 30971851 -60010781
-926638373 -39467281 -60309546 294023952
-279489959 -98557070 15702814 -62426955
-731895267 -702233401 137308407 -177169560
-696994690 -535182226 159509544 -333505640
-721915818 -814635636 264338878 -351294296
-34295655 -753515172 716796267 -674622292
-353146405 -872112915 588876603 -872038406
-301074647 -907694009 625130932 -665220275
-637885186 -38689281 -8632816 77530877
-512894811 -579792690 168220474 -209461952
-885269082 -420263257 95612639 -401962047
-363598118 -637692251 299642018 -320392695
-442630788 -985176957 529227863 -511422912
-849954066 -962933542 100636670 -97430261
-159134147 -165100690 64678998 -110003329
-553961011 -410692721 117230240 -247450340
-919564786 -946198612 60447008 -60984994
-842344083 -327732742 57595738 -233026631
-599490606 -283779055 51787740 -152610733
-4108295 -233625778 220762672 -166870168
-282896791 -604527966 381856415 -533019631
-861563747 -84892790 -13002093 91024189
-650716807 -934323578 245233410 -229796663
-407197417 -882631034 540043832 -659474311
-109714323 -786925581 685760509 -777503321
-595591048 -51776502 -30421222 145760597
-448133031 -543121463 246275867 -419527296
-268679955 -156938329 24340987 -48953671
-998928871 -67824151 -31265662 192515449
-781313144 -541173025 113989106 -218765399
-115713552 -52401708 -14466397 26091465
-832029565 -521857533 133148846 -334031849
-601679558 -328558555 69318738 -182740735
-567802803 -852289346 401383480 -517789018
-935799136 -801432229 30167005 -34734855
-835886358 -441774519 110656545 -436337249
-41021264 -398337594 352249622 -317893527
-797586195 -357226590 77293946 -342046670
-179145047 -215094313 98265747 -169612110
-98592494 -58285015 5287238 -7423658
-745095216 -228490156 18655218 -68369568
-963157373 -850693067 13161702 -13325377
-397574383 -38182025 -101672683 231370982
-687608502 -334034244 28384827 -63082198
-568048937 -837872056 261753118 -256040710
-745254786 -572559818 104190428 -167756018
-899401949 -44577666 -223215 17717921
-8593679 -675384562 471206044 -198695684
-16176683 -681358635 666285029 -680031245
-990539497 -145836703 -108444562 329727605
-228359223 -42821614 -6896149 30471866
-17977932 -522016084 430072911 -251762547
-963467396 -241518257 29509395 -191098470
-443438343 -324232190 63830741 -110412871
-752992748 -729202360 229839096 -361423003
-109769137 -321827955 225809999 -260526115
-661166821 -600333331 231992881 -556527152
-333064960 -755358506 493389230 -736755169
-890839902 -963981623 87837034 -87528813
-32391006 -312848655 209530994 -110343004
-129147358 -179553645 74137055 -89448638
-528923944 -416348918 133423537 -289944562
-848335777 -22922655 99230 18674987
-741244890 -346867437 77716526 -317757010
-276860214 -167309740 19590573 -35037943
-938529576 -715882261 45135628 -61297549
-554956100 -631986041 225703924 -315830926
-146019682 -539609090 291735446 -190231045
-926058199 -294872331 45937530 -253170831
-2633491 -957450722 953849619 -897655033
-754560093 -264450650 -4547512 15610093
-72913632 -888038052 818656704 -860960982
-710300626 -77152935 4764448 -56777892
-801002437 -265380543 42812463 -223661422
-744191832 -116383496 -750278 10258460
-411141862 -109630091 13717197 -72300169
-655957061 -695843189 301460971 -685733845
-691994411 -739783101 298115881 -520178793
-939738499 -377111527 57783849 -197054915
-616467066 -188400932 12407124 -42287753
-370500084 -575571283 314553365 -546148789
-517658099 -593526923 271006483 -582277604
-942372800 -82304845 4040352 -54561965
-209700445 -839940725 498999347 -340890832
-724383007 -470852599 139016703 -416509349
-765181901 -256583665 42822747 -245295471
-955829603 -890799411 32868575 -34818875
-277154698 -738306237 503406804 -618346866
-747205322 -110024287 7427960 -61857516
-147966426 -692073778 427618139 -278512454
-813898185 -912085445 108515414 -108100629
-278232100 -973658314 476546817 -296967557
-211976699 -265983668 117609039 -177304493
-338059649 -187546805 -29349007 47022628
-698264175 -340285612 68077781 -206898275
-468918981 -299252629 88315210 -285142918
-222767898 -102761017 23599309 -97953471
-422033456 -448690410 156453335 -233623570
-636226828 -186961084 -165050652 281083481
-204517987 -256888692 42989473 -39309210
-121115094 -642933517 462303829 -344612934
-174171005 -940883765 584659952 -356307398
-530016065 -582696957 257323151 -533462628
-217235396 -580695222 234667147 -154593995
-292495482 -217862151 73150080 -204804948
-43315066 -302171371 229175216 -162378061
-633768289 -786982760 202154938 -217212093
-558622448 -644828983 295671327 -636122224
-411158704 -455176165 132298639 -168207772
-563098861 -788671146 354484382 -473365279
-943694794 -806848009 6163544 -5438884
-161183921 -971091537 822941435 -921230971
-551696098 -840293337 316544491 -331384291
-401749690 -778590841 436383972 -519435245
-364338310 -169919799 33613730 -105685927
-55640451 -145692976 100945564 -133355972
-938076568 -834171065 57370225 -67438657
-5720991 -305404530 287586134 -216907203
-300987207 -303173614 118562809 -216566729
-449634239 -664511407 343532573 -535953397
-772430042 -896933028 210881378 -235834050
-190893597 -487121023 313621365 -344420781
-794990707 -831888862 177028778 -213857507
-613989905 -158177804 15041287 -71166686
-520103208 -358760561 99674758 -230112631
-420027217 -344799329 60958898 -89381293
-723995660 -867521620 237588671 -271865105
-773620744 -586672926 177556937 -386176623
-334927817 -962301759 645654701 -681399864
-869419354 -837012144 84273511 -95520056
-456363910 -977746209 525526259 -527621659
-57205805 -628931969 546658575 -440807312
-759235291 -638820889 220928580 -477131869
-187322657 -467230330 314867666 -418969182
-446398972 -683310117 370979469 -682913428
-767036246 -586388807 15649572 -19068722
-509234051 -668464020 92750451 -80439288
-407166412 -486256447 156867386 -193673302
-489079661 -103840649 3573699 -13128228
-488376836 -239380554 56547819 -231164024
-652991927 -946888759 321613248 -333814856
-860883276 -756023796 136226736 -189308043
-622876311 -734134460 200661259 -233130682
-97103297 -905843393 682981497 -433380019
-171980545 -518175809 370506578 -447546669
-856081003 -888506969 84128493 -87721243
-585837167 -332969892 86528889 -273694377
-424424649 -548112648 234094332 -327741749
-623971640 -601718867 159795289 -228662186
-163804373 -293324233 161683083 -205509069
-636460731 -731220438 285999045 -429325974
-923572190 -804101056 -47502163 53192827
-299356103 -846449993 598899325 -811627090
-631605688 -668364711 288805845 -642547898
-491052428 -777440499 428814793 -738048803
-480847449 -832306266 422449587 -500273601
-435107446 -730674665 374804256 -467545727
-27315192 -166484621 141811575 -152300693
-960810123 -813444670 21450980 -24157673
-603520441 -746879237 357704072 -726980143
-540807057 -619487087 252627510 -398908127
-880565621 -646408543 99895437 -162183350
-85220797 -532659694 448469617 -447509678
-118579225 -417680222 316535622 -406421026
-678166951 -995006596 275231575 -257562796
-709084109 -16851235 891109 -4068464
-465276978 -706277931 288535680 -320180486
-673944517 -746047634 142504651 -157327786
-286924037 -161652120 30168999 -68650694
-810261204 -383581187 -174849587 250349348
-888054785 -81397832 -11259903 86046922
-71601460 -466162677 375900609 -314099690
-953630639 -499993513 -38001686 68706407
-734469496 -581526981 78208743 -113161630
-24159015 -149180516 125992171 -124705474
-350719873 -119583877 10067403 -30687161
-534823342 -829726287 429113687 -611482323
-905217902 -285571465 -150886337 292257504
-906123207 -348204009 65499650 -330895313
-955715195 -555206836 -33973499 56782890
-46072477 -421555652 372594682 -348229503
-671722496 -112765169 -14310805 68876600
-284626758 -162083149 41821223 -123969263
-690950305 -978369772 270881429 -262595128
-188401234 -987837074 590405976 -349997887
-517929628 -969013152 433144971 -416527476
-149514587 -439316940 313013106 -389888017
-441668463 -976863542 544471929 -553424464
-686919728 -856781946 251859649 -284735121
-703164292 -312339856 28451658 -70684993
-436232145 -974427712 520255922 -497598958
-530107607 -657172404 291111506 -455935377
-65435300 -317039890 254598157 -261855445
-722442688 -361005677 80618574 -265501085
-281951652 -915555256 532408585 -408963169
-59801503 -781197476 713094356 -647148792
-684339910 -380080461 89062228 -252073838
-808904206 -211996172 24360795 -130834884
-570537824 -635277983 283587736 -595367065
-460927660 -983105158 472016172 -425388967
-441325955 -518862694 108426695 -114659548
-246287895 -588221522 343931685 -343799410
-926427930 -841884893 33179308 -36185053
-777141473 -210706554 -178142126 328870218
-224332192 -813142949 410628936 -256225262
-861840599 -620405970 106285816 -181240523
-308102150 -180284304 47457134 -137694024
-504772589 -822405969 454984316 -711605673
-606317208 -192535508 -43049847 105318613
-809386781 -533878834 161303296 -522939151
-714169507 -522283888 44200736 -64300976
-718350837 -210735494 28172237 -142576258
-570506919 -711007979 293980936 -418026136
-693341423 -465843993 141397347 -412310571
-855732959 -613173373 38599317 -55616188
-168473796 -898400184 744898781 -842470443
-32849825 -896722085 865380450 -891478065
-340559773 -935350122 628044449 -701098182
-356707417 -872893736 586561474 -833543128
-283676262 -171055008 41763547 -103430124
-437284845 -210484541 42087465 -128097789
-257285615 -218492587 81141972 -204449858
-545644903 -825768551 445145541 -808751924
-875102555 -805142091 -7413863 9712385
-312810218 -560994388 320459211 -446847527
-935422240 -954550924 34888403 -33760855
-976277195 -326236166 -110546882 232489431
-696877680 -754707768 303714321 -517049530
-132553595 -491100213 372452629 -421777612
-105333405 -218421916 116254115 -117133977
-850766510 -975569764 146273417 -148205868
-239435787 -697167090 487688868 -569557647
-464497571 -565696779 213580029 -286908822
-437692171 -918558805 496478794 -512382734
-292345491 -643999010 405310763 -521168489
-409340517 -994635676 581913016 -574281803
-563853543 -780569240 321018316 -397813511
-364272299 -15364249 -50088089 171234273
-840475252 -711493169 -54471720 61430600
-249208433 -483101669 295453174 -473533347
-337506652 -943742995 602837674 -593697799
-360599735 -165350994 -25557520 49084260
-250892723 -86358951 1803637 -2103759
-280578295 -634068199 413922699 -630938352
-432778124 -969839056 556808004 -581229216
-693601710 -860477211 253735586 -288914642
-875606337 -75520207 4008968 -62225735
-810395173 -618050022 149437321 -271892415
-460759843 -126039188 15074088 -73913343
-503256562 -939208031 493011518 -558027960
-373340510 -18078436 253408 9434946
-467304692 -866191427 506430388 -715248376
-326801025 -919623093 381774725 -246879785
-246503697 -476807631 279822754 -365765665
-966047086 -482091927 29096557 -60514787
-693308185 -255357836 -167099169 264770419
-518482401 -828276097 380993981 -443435080
-650375423 -298531915 -50734343 94017878
-42028905 -416252508 354566775 -280033207
-275285892 -614532569 243685411 -183681159
-187729913 -487912504 333723532 -437362161
-708326140 -83448060 4596067 -42299227
-815416907 -31248489 646273 4228372
-970754335 -841871632 -28067190 33046472
-689793195 -502455783 162054687 -434535225
-612840250 -864653581 192677829 -174111958
-448233257 -364634760 130753679 -363233322
-645092190 -898626574 220990689 -208558799
-453077306 -451204092 117000209 -158980905
-683425157 -251075246 43536898 -194886254
-563764208 -918195428 434177881 -508865086
-678406282 -78744381 -34508436 151554945
-960128504 -166808598 7414278 -42959361
-159442380 -567628276 360955724 -288208286
-606722070 -129409468 -3355750 18887880
-655221412 -8308657 -64919826 277999521
-30389947 -548329168 513868853 -468330319
-933541127 -925914798 51160170 -52816099
-69629325 -881994648 785494485 -651315280
-188422458 -78561825 7921213 -18882967
-437330331 -669885313 361812483 -612792323
-779833823 -385233134 65755672 -176817487
-670212761 -146374385 4191002 -15589697
-849943213 -321846331 58074253 -263512515
-629271310 -310940864 -108687654 161503415
-320568244 -450796482 96875759 -86061039
-525154157 -294523622 54182212 -126440078
-469795125 -344699548 112681785 -304695016
-424999599 -547991869 266810424 -485014494
-791665131 -949427064 174053348 -175816425
-230591649 -263707353 102948433 -152804024
-444001848 -440084762 182027774 -420498347
-767622458 -294074128 -15220737 39612441
-13026197 -432713596 310446273 -143626293
-341067524 -269923690 94901074 -258256520
-803259886 -131848720 -2179997 17746655
-275136482 -786060591 548765657 -657163492
-941346572 -735848821 -26068689 33999578
-558301846 -24359781 -108227214 308278179
-696561235 -703155307 287166550 -583759195
-523956969 -940890472 381230693 -355274552
-265248035 -182935604 56222225 -147959822
-208743602 -106016651 24498544 -75522561
-956031595 -907460793 34028842 -35460294
-649489723 -584533187 224260233 -538251810
-409878300 -845078800 525809938 -751267056
-763018724 -44593941 -45199057 220357536
-146528432 -304566419 191562538 -278082880
-632697879 -284098089 41554414 -117053434
-303486376 -869603225 618572464 -857238590
-170621188 -515197800 256880876 -179084470
-500338424 -520631864 96190281 -111649726
-358267469 -889550838 522404998 -507156395
-817028921 -303073703 -87681526 175744785
-631734542 -311917924 71400067 -252478945
-328879413 -906633270 632799660 -820281837
-958320629 -314270215 34436227 -130845748
-558516949 -629116709 270710667 -480413864
-43085249 -41281245 14350714 -21172212
-531654207 -236225965 45111070 -152211783
-963825318 -450539134 -6043096 15203984
-139132752 -389383356 275463902 -387799361
-160263483 -368921926 174081632 -143282229
-171562025 -979289201 791245913 -727371681
-592117190 -334433092 74413191 -194028167
-866075485 -925718614 127159435 -136072724
-488048684 -101293647 -34065852 106791963
-765163379 -340448713 26316123 -63409391
-886679355 -652096299 -54018977 69474501
-423708869 -907367527 296121273 -209529909
-649872798 -366031267 12817658 -21313972
-50098062 -240910801 172971896 -134617928
-942760776 -133781423 1747130 -6032803
-456941501 -926059658 532557409 -626648211
-432937143 -625027925 296101348 -405039306
-240641460 -882415224 629056379 -595803028
-482381899 -35783213 -21585889 114089791
-927537311 -874068139 4673123 -3250742
-270701907 -644598710 250112490 -176498855
-332711011 -170468227 18906433 -40278971
-709189891 -868419165 248262842 -282712395
-624788685 -173946581 18782019 -86040156
-405137554 -918862118 442486617 -378254644
-170085708 -360612817 211979973 -242675187
-257770467 -237404137 93030095 -213416776
-832510731 -281959323 42609535 -189487213
-230260778 -583908546 389706962 -478954267
-673107758 -865463853 171026851 -163935082
-175842120 -357963296 219763570 -299045356
-257524604 -367108835 146324992 -169485894
-662392958 -368687321 93449158 -297294268
-478881630 -799977341 388425960 -454649552
-587885636 -315442590 64923553 -172469984
-210826661 -339567893 189222950 -314002937
-200187200 -835923717 652761296 -721330402
-755322181 -713813241 243248179 -421648464
-789564859 -199852944 -13100843 49255026
-566565265 -695962319 329500681 -628437377
-648849300 -645928970 267033835 -606413732
-975125952 -869953075 -19018014 22589668
-298043673 -371417498 144949669 -193454972
-244548871 -802573723 592982098 -737075696
-192278331 -742380743 502697362 -415671825
-575769454 -898724210 407917141 -481486622
-268215028 -111815281 20831516 -72878350
-856133145 -926150431 53130749 -50389352
-831731178 -456679593 -40881598 69640049
-451244148 -984874250 509860429 -482533713
-826283626 -307542626 54748905 -253172392
-172957968 -389289878 197312814 -176383586
-135844378 -153229309 58291472 -84435686
-981175684 -127996406 -3094298 27615541
-658683641 -730325532 83065472 -82723992
-680266207 -515379591 134598616 -257768923
-663306473 -176206959 16828709 -77224898
-694354988 -545706065 189843673 -532189845
-757326344 -124517473 6262085 -38537392
-704460404 -23032603 -187059659 456799863
-740248380 -801013866 221707771 -284462307
-116796839 -776358221 591554744 -435500869
-952492672 -184281563 -219013312 452142098
-984911561 -90104054 -49464827 233649782
-547096141 -454887532 165557768 -449062565
-413608241 -376065002 66976675 -88215766
-263582249 -730952320 513777678 -696315817
-622838690 -277683986 59979039 -261216154
-771835875 -324960937 49081496 -154028339
-330719912 -388584792 179485815 -352826799
-407489243 -323181940 113591976 -309518671
-218225094 -643669458 462523720 -640891437
-808468252 -81030088 -62739651 243762507
-105710087 -792142295 692317643 -733843875
-718259546 -921154484 189131253 -183700228
-725905195 -869266061 256875324 -304112954
-134446098 -114044370 18225487 -23549007
-653576101 -470681065 131860617 -287215830
-812106539 -897320455 132949354 -139395981
-339639264 -896714171 556652751 -552841278
-879919863 -51172577 1892447 -23641300
-982711656 -98643397 4525607 -48297297
-413522731 -765589896 435205780 -568594375
-590259576 -851391287 364878650 -447122250
-99551860 -640507235 548048851 -594947590
-492947847 -546584865 244146759 -532594438
-768932789 -703941589 95794137 -119557700
-770897615 -416579741 106410823 -406233909
-319550454 -83653566 -24672211 67374487
-188287920 -538598543 383294308 -528911070
-477723546 -885776515 487398308 -596478188
-888099543 -54989068 -3068332 44797344
-87608659 -418972879 337752949 -362681901
-582986128 -16121450 -21196737 143472554
-803943754 -366906887 80538014 -343314187
-289941369 -889951864 614614230 -645194349
-579938061 -138564248 16809781 -114499786
-695062279 -990777804 293431486 -290424449
-266841233 -863765491 513598394 -405319451
-955561978 -488768983 -5908682 13751136
-577671390 -360627749 23526871 -38339925
-637501128 -129986308 13833656 -112637390
-35288843 -174118296 143308333 -168331897
-352953144 -850972896 566577704 -778379776
-438847029 -22326693 1386908 -19314379
-446285675 -750548797 358930761 -409720697
-961727828 -697299960 -98876114 120863200
-540336130 -271084616 42218099 -105512409
-497816070 -961117581 441873996 -421626631
-603306747 -432951661 130747394 -313317456
-529506959 -348533946 105462895 -337496636
-719177857 -747967418 236934580 -341780921
-501706286 -100392942 6564536 -33935131
-59379647 -455143154 381000376 -322272374
-199398424 -385451306 221551544 -275284798
-663191996 -626630471 247850175 -558415602
-424837994 -576329607 278125234 -434260127
-292970444 -281911338 110645816 -223907442
-5571345 -347523737 339658959 -300078476
-822463448 -447950674 107079387 -324872127
-747030247 -943037390 157791789 -148349074
-589332164 -23820904 -46051359 207899525
-330831560 -969342952 600259882 -539928473
-551165563 -796046248 418095755 -778889416
-597756173 -331322251 61655819 -147490751
-323185134 -188677568 42697154 -104870403
-26344006 -567685451 444773108 -248206626
-987677765 -943104397 11600313 -10563256
-224640108 -823049030 610517485 -643579195
-486791052 -104908245 -53203119 141922408
-590825236 -787555878 389082760 -680622072
-945238355 -398432551 -169587860 274461761
-295174708 -970779971 695209533 -745213280
-994980569 -107291404 -216678094 523182357
-245429945 -482433658 273114471 -323253218
-245033448 -809622913 595032007 -701671879
-38819285 -939486335 902367855 -932444543
-369020215 687699 -9459635 87126702
-495867959 -350536474 82356273 -161265766
-229977627 -255507047 110723027 -201512010
-591351385 -173738998 24748178 -134462081
-979824614 -675469476 -8441022 14077454
-855464554 -506674622 -27365876 45629966
-238824586 -1592674 -56837861 154290263
-205943166 -885391365 690468815 -728283625
-878496142 -465536186 57126708 -125976309
-983529861 -306112359 10838234 -33423269
-324028601 -286954409 99021881 -190061434
-547319719 -532723401 210296936 -426977360
-581748519 -515396019 168028613 -306269695
-351483851 -647692020 254772302 -226729218
-23779152 -268656906 240041705 -208164066
-603196398 -286829591 65667386 -272733962
-606235396 -656644518 279172821 -526714976
-124365478 -899655146 770520547 -738939591
-601898081 -743515180 325808370 -505331790
-698704324 -732013443 299896918 -561037553
-393140695 -182407890 40829219 -161276473
-508604778 -687930683 347091805 -646222573
-525983061 -893226337 458259366 -564286777
-654045830 -872105454 329442493 -399156542
-307528528 -890097815 461506289 -344654900
-316000944 -484344657 263324325 -470512168
-418856310 -72397257 -37100295 116632461
-179061882 -664434350 509890456 -645709763
-301180579 -17512323 -7209477 53920372
-142136426 -648493884 431318570 -311923235
-893715777 -884086542 104942942 -118579411
-431540414 -705977856 161880506 -127684169
-977124096 -675383738 -122803143 151533293
-552391946 -28928699 -54843036 214666342
-178775317 -401209144 205725904 -186530073
-461247766 -626985143 310578208 -517485888
-793845575 -412393462 90210871 -268562995
-503625970 -247483038 45783494 -128025833
-98479048 -913856614 821155407 -883963391
-396804848 -60295560 -9100719 46974406
-923661125 -104284511 -28457233 149234699
-706334773 -997177538 241060420 -223481318
-510027986 -225967423 47620827 -188244384
-252049470 -145850887 -7408748 14179828
-68023582 -19790606 3790340 -17524076
-258461193 -353460177 129321482 -147548876
-892343405 -876165866 -313961 2010677
-409123495 -651524009 360927966 -625181169
-523830240 -988525037 459210777 -452055017
-565738742 -523219936 194369044 -389505254
-249025112 -589874670 392367454 -584631298
-386878651 -42885246 3082718 -31510995
-675227833 -87974820 6555726 -80142941
-898266968 -194360545 19223418 -126324063
-963842060 -795156893 -9475196 13165121
-942560040 -190313839 17777676 -125425331
-332265058 -740254850 478295497 -683558084
-995545925 -513368170 -67946312 116471695
-501821514 -413248042 145398574 -340914375
-233600890 -129288192 33620714 -107462061
-312057812 -367130773 49933689 -47327187
-192396553 -981803095 758811345 -668410116
-838460827 -918383869 151521221 -163838216
-131075716 -654464917 533449155 -581742580
-785300303 -170236915 17130468 -112620116
-517547573 -866267807 471153930 -658647363
-566257790 -20234816 1177903 -20119949
-334848283 -258740003 86456456 -208131488
-791993907 -124872844 -159024408 368750781
-289780772 -414300927 216114034 -384551178
-157597790 -70402866 14511095 -47022563
-903509490 -433055036 96973553 -361692913
-953823168 -689560033 -12997671 19558584
-79620827 -185157499 119791157 -148896432
-204578551 -260030258 116572509 -175666810
-177458204 -860341263 701959438 -849364823
-921274997 -634828683 33993391 -50193188
-925350335 -660006830 68495577 -106124866
-937485429 -664641989 -55556815 73930833
-254068518 -42067140 -60667317 129372701
-5309404 -270279622 246135243 -168556349
-5100101 -405045237 400599764 -389926964
-271773042 -688895783 429590707 -447678424
-143056040 -305411921 164286365 -163800557
-307930431 -135032018 29380381 -133603017
-255894634 -480427455 244199521 -262574516
-812140442 -440962909 112737838 -414806653
-859754783 -508165917 6847849 -9498530
-355933060 -913388794 623796003 -856025337
-441809568 -975526972 550830704 -570617346
-766747924 -45489107 -6832565 71924274
-30324963 -12491934 2464779 -4018542
-16262126 -699514254 674045069 -579774197
-377035271 -617502683 347632600 -613245585
-351044216 -705973609 289256618 -243956898
-267317415 -146226591 38087354 -130387909
-770347349 -810181387 185324143 -227790802
-883898830 -269453796 41080972 -256627239
-305591005 -935012950 616120329 -588263569
-895458373 -607038858 17527845 -24553536
-275016701 -330554773 143248299 -225775704
-298715031 -44255120 -6002870 33577504
-383044268 -54261027 -53299459 149785178
-792862885 -356281151 76349289 -312463052
-621958452 -11327327 602577 8058302
-259611846 -298144220 78401019 -90834984
-563185096 -636236393 286832387 -597941673
-477092346 -571502858 268512778 -562735005
-344118240 -804803967 435355970 -404146603
-590581237 -299198112 72389008 -283744488
-618510427 -192095979 30130358 -186078666
-463307617 -331330721 35582578 -54088997
-714509311 -829213950 225836255 -266653877
-512475683 -713315453 367015560 -708254089
-246501224 -239493286 98157347 -227389539
-539193749 -764669993 392985076 -671360656
-709983985 -150537752 14367416 -91901402
-374993156 -299982712 97580535 -208279758
-745297140 -51170826 -1425549 26311137
-142418828 -995218591 824584875 -716560294
-395341620 -791337387 341510422 -299814449
-953434440 -211442817 -75492329 218485116
-500682641 -379507562 124286444 -304755443
-22984131 -49121547 32105126 -43497509
-715775099 -356849333 84456322 -324181235
-39855658 -593349712 481152433 -304685091
-324261383 -935720009 620828419 -636212016
-609612355 -957466037 214898981 -175661446
-94725967 -205744570 130594743 -173307971
-345882899 -80542902 9980738 -67458473
-575386499 -395107915 -51939276 68349862
-339337519 -889054760 584612794 -656661163
-754526175 -809313737 28955987 -26315857
-921878456 -154962856 9072067 -60468752
-311142676 -329765845 98909754 -133574184
-417885829 -853104305 520552289 -698407672
-974879396 -233505960 13859751 -62456480
-297385318 -758690720 379160121 -302445439
-83821621 -427251334 351572006 -397274161
-722936949 -65875879 -96153417 302055074
-474812431 -553626290 253846082 -501267784
-984950805 -217113157 8464892 -37318486
-810715793 -613474150 150495243 -278730011
-809654010 -454344994 99626363 -261311822
-228109293 -475137695 212052709 -183152233
-571535724 -617124006 270647094 -602151537
-365699797 -876092737 520263351 -531876285
-586892507 -758024280 372951101 -753471906
-68388560 -921490258 713468242 -427246625
-764170037 -257308069 43144505 -249144675
-532124950 -147667588 14209155 -60593699
-701175146 -371094132 -100984560 149380023
-351669741 -299842129 88581303 -155464444
-24708518 -119667318 97498236 -103845593
-889794843 -306071371 42730417 -172821449
-135618985 -978287791 852364630 -942365602
-398682869 -435657812 184442201 -335077603
-941287955 -369575668 -20804256 51681474
-333717284 -319072643 124187348 -251300106
-641007978 -443093933 125193888 -294914690
-513965478 -723889796 322467887 -422795769
-86745197 -886481430 803332765 -833030084
-409517820 -997319013 589315545 -588530315
-558490274 -888906585 320573092 -312903026
-257211480 -470128296 273634203 -388725934
-375402769 -822007806 339760538 -267729066
-164737072 -835812012 687762598 -809018196
-548154013 -301700203 61730719 -157003933
-668765603 -894263307 180385134 -167251549
-874516618 -835944457 119796346 -144719802
-702772406 -849149854 295637908 -379317035
-456006480 -824172320 486951258 -809260736
-153971871 -584245120 444282140 -492435888
-745709485 -806299519 221376181 -283270695
-928699501 -279103428 42041514 -278352561
-456410827 -121482264 -55189842 129565663
-892218260 -256303402 -150573866 303667727
-888840800 -574592102 -49754075 72362504
-897207025 -871596825 86390906 -96894793
-537868758 -304947867 78233074 -240879423
-676018007 -68674473 -935966 15974676
-457160758 -145269531 23156223 -125955346
-696195246 -828134011 170854038 -179063193
-545581473 -12822309 -45134979 206852731
-302430258 -190373876 49367415 -121375504
-925606422 -668349517 66743364 -101491327
-781501878 -578816995 190679005 -524960472
-975158400 -527275759 -189856105 256769863
-293529844 -155111542 38163919 -124489169
-78759785 -444736694 373207395 -419452682
-242924848 -981760649 621956013 -455467367
-586964374 -440377810 146458028 -392831430
-250417971 -595639437 383930670 -466969035
-624676335 -404343322 93601233 -205608744
-441671260 -532503110 106678704 -108720895
-601651728 -647141947 106395735 -116530850
-438986519 -239756531 -901303 3948814
-211018080 -257233836 122556387 -242464525
-853582204 -781964179 20075875 -20695404
-831936622 -434940054 100658552 -318143109
-251467440 -959215707 740672551 -926063574
-549941433 -170963989 16874467 -63475741
-405577800 -219252406 56339253 -204181163
-76560916 -347707633 252647459 -209407431
-125459987 -718204642 603575223 -678865706
-514129628 -962048383 440487182 -431859332
-370595839 -604274676 333148789 -509959233
-267288418 -580575547 248879936 -201709328
-992609888 -448089551 -153995575 248433336
-394854243 -287167152 61840505 -111272752
-403369734 -650303337 353808947 -531650741
-50230584 -872076938 810281291 -716515530
-880329386 -455538623 110926884 -409681272
-386792144 -488504584 83089986 -77485203
-735425147 -943925648 151040317 -138402920
-106452232 -405326065 310123301 -350746608
-845748376 -144517982 12561897 -111871806
-597276858 -300883673 68799032 -229541485
-490388178 -102080096 7698317 -40729119
-570938879 -436102523 127069086 -261122527
-982069038 -963087916 -245328 1942359
-759726024 -956181495 184440824 -179703690
-813203816 -157063912 12745801 -84025238
-13891711 -974863816 921846439 -697894540
-213857533 -345469946 177711413 -232719715
-751635369 -266493789 -17832686 48411219
-427783947 -905645888 522450154 -585427542
-786266996 -41001674 -28131943 174489364
-753183415 -983691538 193856500 -183072569
-292566645 -912803269 658861356 -787577389
-247843846 -590683467 363808823 -396620542
-926233161 -56744723 -37831441 214227888
-786357274 -946687481 102693320 -93991205
-394203381 -602956313 320878178 -506476213
-597386320 -368922156 101654720 -292022662
-962391649 -927999873 900577 773113
-600921053 -567611046 225830440 -526030451
-633470459 -460655906 149364659 -410892959
-235347217 -405083972 214872763 -271375763
-210186440 -917559429 469659521 -264969140
-414669180 -961371384 417636153 -324328709
-370964629 -287621638 97529433 -243443634
-470148318 -971369999 522860577 -545920322
-73203302 -272637897 209633933 -255411602
-318403934 -220286189 67398765 -176037236
-585810600 -36537939 -18574081 117532075
-753403542 -319468054 12714431 -28789010
-451781753 -903747302 390546930 -343681556
-271037002 -746354107 419398429 -351936951
-259860050 -45880697 -14179862 52935385
-443532447 -216419959 13186368 -26550072
-715334169 -439023606 -94374109 127334551
-526802621 -831350698 424784111 -575496636
-432690884 -220198397 36845880 -92457542
-963712192 -240428978 30296209 -219510342
-662020035 -291531458 57512295 -207297431
-740465715 -500118356 126626525 -279628531
-371172361 -890195631 584003434 -748664669
-586096736 -77278693 -20264628 97003899
-705779044 -935754437 290631475 -316313158
-596696214 -918775252 284238596 -265531260
-720675618 -389321081 -17790843 33437782
-416171540 -518319466 249731878 -515656968
-666428457 -663236072 242602834 -418484526
-281228599 -541111412 318978556 -426865556
-135229 -384158556 383689363 -353423103
-413185839 -588573757 121711393 -106154792
-240074918 -56949927 825910 720541
-155974457 -375866561 251984835 -366339834
-929737562 -782456831 40361571 -48688008
-473156355 -594315650 282544431 -505940327
-376360064 -171463682 35471998 -123096975
-634255031 -773006606 365622927 -723603586
-896813914 -341822187 -27107761 66525790
-422535523 -539369959 263814792 -536594765
-688907615 -687321534 283603648 -627849031
-845357349 -644774833 133328083 -226422818
-17034850 -199960737 180041244 -157287651
-504565958 -133657634 -8348481 31421888
-618870323 -43558233 -26502488 143653716
-1194013 -153616810 144542239 -102252264
-48793555 -923790302 820674055 -605161499
-451152911 -632670985 128703342 -113615955
-968451472 -460731404 9167664 -17136251
-686847017 -767257939 272754713 -390351775
-101937589 -441860127 352275767 -425341199
-91457754 -763162275 474716810 -241878939
-962425797 -575571576 -1599868 4858889
-629564831 -947551029 180811109 -147439678
-556180932 -661074379 169083762 -189478053
-731035757 -254452592 43987357 -244372433
-892320831 -816681545 90196482 -109061738
-329335874 -773148081 505258681 -665575705
-134596940 -547837699 332167101 -229144353
-687715267 -526111890 143176692 -278351665
-198180101 -149212693 31774034 -53088464
-923710677 -637468714 61178285 -96921467
-483270725 -961325717 402129059 -347939571
-233264356 -252067714 87477817 -126001461
-587172389 -324518083 82834301 -272778438
-309408768 -905904228 375573138 -235604407
-669682888 -874546216 306673959 -362053738
-407001328 -348455076 129433096 -324542671
-717635999 -969700978 227977994 -218704404
-971251326 -912858119 12519335 -11752725
-901435255 -297568302 -128878277 255817233
-754711386 -492856957 91371989 -178681176
-822826070 -337722167 67604600 -326404844
-199204963 -997521638 755709603 -644015127
-739897359 -959320013 160845886 -147358664
-85293650 -585225497 474172834 -390437796
-513499751 -133165803 17924583 -126215744
-28753495 -6019630 762059 988433
-191807475 -681707485 514318450 -615209236
-220581806 -86987418 17324544 -75733815
-877011919 -911893197 72801356 -74300909
-173291261 -972208938 754896128 -632063373
-363566574 -46556424 2599571 -16134319
-921213406 -961247210 60750507 -60391090
-478597773 -378253501 119626596 -253004171
-360808267 -737259273 460109132 -695864631
-84074785 -803463864 712850814 -665255484
-358120475 -342994777 138569856 -323742884
-591555449 -207398479 -22534034 58057223
-941952510 -460439205 -9742150 21810416
-77383497 -529832013 458617423 -507857442
-120022528 -53607214 9037504 -23471475
-26948656 -924395756 897675528 -879679106
-59072453 -425173140 370965783 -411652695
-429557311 -762400361 435152978 -620669107
-813391046 -159584878 16249693 -141384077
-62097964 -392322620 224564242 -115920836
-370626101 -447982101 128754104 -147891189
-217069774 -80757691 15487254 -74078779
-760730158 -197110411 -88191404 211303174
-695722387 -737420017 274736475 -440034266
-803885997 -829043428 179626139 -221594844
-793098001 -600693141 157094985 -301880220
-178595137 -95574363 24630048 -82060945
-430986259 -590006455 271480478 -384752359
-412905932 -817318556 503490460 -788535838
-619856260 -632978433 264996989 -569548944
-101982271 -962390343 777499073 -556201402
-544383190 -384779968 121598436 -335583658
-419634772 -315675345 97348629 -217205351
-29842330 -639577949 609836020 -595380968
-668383936 -43612150 -95932685 305768181
-325211148 -427327277 183418861 -251424692
-341424738 -791046759 513963546 -678852831
-497178531 -610962424 289456765 -551466449
-644295357 -95445827 5591893 -40166871
-426041814 -532282298 180810231 -218933072
-684513615 -989097967 230200865 -206145821
-838196003 -976783821 130377801 -127309854
-86154678 -427897325 351328918 -422592424
-857654511 -620254976 123234816 -219506868
-18327220 -339485982 311053072 -251553522
-764033205 -260907574 42618039 -207996213
-743947603 -491811796 149010112 -488512407
-384420641 -923435798 432697732 -344570282
-669859302 -329012076 43841763 -107130284
-954887851 -393442875 40193977 -113045156
-117303637 -499987940 384475936 -385776133
-821102493 -766234455 75178558 -87512284
-474674508 -800899941 457489944 -799039074
-955137661 -845340522 16970644 -17750883
-533673711 -877869509 343304337 -340487384
-269759848 -455651859 213380689 -236099696
-93926573 -49660524 -10276904 17634512
-738662456 -579763482 147941816 -266910222
-542225290 -932156605 442870382 -490536074
-147011393 -341545303 225533653 -323707888
-541870 -229759837 228142891 -199659450
-966534404 -851148753 -23420362 27610449
-15669272 -886386572 871370375 -859977500
-767140749 -82223110 -5620207 47020516
-797237722 -105190655 -20974607 108137218
-748780652 -551228862 182019945 -533988540
-12101593 -945836179 931296366 -865439923
-688082162 -814144284 125631929 -123714525
-796279560 -821280558 89489460 -95543325
-526448485 -350177334 52238357 -92598498
-140450606 -693039387 552016939 -544786289
-950407493 -534249884 22964964 -40599567
-520053111 -620134455 205353604 -258564764
-734880303 -451146891 -86499482 119068399
-211673189 -952120479 687974871 -572637433
-618974124 -297070563 35907142 -87275884
-43599873 -483295479 441692740 -453294136
-583599646 -380176948 63163695 -118611164
-959477862 -910470889 -13224230 15430237
-344480495 -51845792 -29465541 99001422
-628225881 -754268825 252761098 -318624306
-695495330 -840362004 226541394 -255242603
-779168178 -949823399 200832788 -206999786
-812519381 -756085899 -19315664 21930075
-717512667 -973972587 175176607 -155791316
-387773017 -391863941 153705273 -282152468
-290569873 -285188097 116720829 -256130749
