0 1000
198941010 942678739
-973236666 -205388458 198941010 942678739
-968438080 -207004108 198941010 942678739
-983849214 -171626760 198941010 942678739
-967367013 -136809756 198941010 942678739
-887215399 -175784720 231248060 910371689
-916462627 -255360549 281576661 860043088
-982302752 -168121940 198941010 942678739
-942454900 -140002020 198941010 942678739
-972387956 -231915643 202206426 939413323
-963693430 -205703988 198941010 942678739
-993713203 -246154108 198941010 942678739
-912269084 -229187478 259597133 882022616
-953952543 -161224076 198941010 942678739
-925296637 -196165873 213547975 928071774
-908429371 -153457163 198941010 942678739
-935599586 -235948096 243027249 898592500
-928476326 -195605800 209808213 931811536
-879083741 -239826635 303421633 838198116
-936908664 -251517412 257287487 884332262
-905416047 -218194186 279217110 860636079
-959505360 -226365062 209538441 932081308
-966403131 -225358959 225490947 915573790
-982678424 -156915348 198941010 942678739
-977662732 -145456621 198941010 942678739
-957766665 -217792245 202704319 938915430
-983038510 -190874352 198941010 942678739
-974119665 -230963618 199522692 942097057
-921121294 -186674534 267781434 869965747
-995982193 -153608578 198941010 942678739
-981866205 -218698767 198941010 942678739
-989308798 -194867294 198941010 942678739
-917824222 -241021161 265875678 875744071
-993912696 -178475344 198941010 942678739
-901748138 -214312515 255243116 886376633
-889678709 -189415299 242415329 899204420
-909736911 -189990638 222932466 918687283
-963052155 -208981505 198941010 942678739
-890354110 -135971663 198941010 942678739
-989108284 -237906359 198941010 942678739
-931622997 -157703813 198941010 942678739
-898253387 -146639709 198941010 942678739
-900150893 -182492886 225020732 916599017
-980625362 -182473571 199980178 941588307
-930624451 -177106645 198941010 942678739
-968028930 -250816131 225465940 916153809
-959306847 -247012761 230384653 911235096
-935682895 -173509246 198941010 942678739
-907715809 -221515497 259909627 881520484
-919250548 -143091973 198941010 942678739
-909433149 -159544268 198941010 942678739
-891993305 -150273826 305931996 824230131
-913394487 -199937959 229222211 912397538
-887626289 -144415152 199467602 942152147
-958222685 -215001661 199457715 942162034
-921583689 -225219683 246314733 895305016
-992903924 -202188879 198941010 942678739
-904754686 -162324959 200249012 941370737
-892431767 -217924094 268171066 873448683
-956604280 -233989938 220064397 921555352
-968699957 -235677102 209655884 931963865
-980696153 -246306419 208289005 933330744
-913551185 -239277047 268404601 873215148
-986242816 -201200496 198941010 942678739
-883953145 -164491475 223217069 918402680
-890452272 -233734794 285961261 855658488
-901864114 -210378567 251193192 890426557
-985678113 -206660814 198941010 942678739
-952652762 -165876748 198941010 942678739
-877576779 -196893570 261995530 879624219
-969201479 -245833439 219310699 922309050
-984068522 -131431917 198941010 942678739
-957881600 -193731667 198941010 942678739
-951395264 -203775138 198941010 942678739
-883689771 -185910095 296433528 840301951
-938374792 -229153732 233457679 908162070
-899385695 -180892661 224185705 917434044
-986668190 -255685157 211695706 929924043
-995558249 -243382188 198941010 942678739
-960157830 -134127446 198941010 942678739
-901661658 -183613415 224630496 916989253
-879280076 -231611977 295010640 846609109
-952669065 -226484958 234181110 906888845
-970523482 -174308450 221490782 918582017
-886673874 -150947434 206952299 934667450
-900921724 -161655212 255719050 883061797
-999834388 -190395670 198941010 942678739
-933795965 -204349897 213232671 928387078
-968952573 -137852614 198941010 942678739
-972917690 -140529664 198941010 942678739
-881927573 -172157789 232908955 908710794
-948510483 -205653774 199822030 941797719
-875529328 -152483908 219633319 921986430
-900316178 -231774856 274137417 867482332
-895842867 -237744354 284580226 857039523
-979828742 -138596334 198941010 942678739
-909052152 -218062420 251689007 889930742
-909341861 -203860191 270530249 868867288
-970669466 -198197449 198941010 942678739
-968085944 -183552566 198941010 942678739
-944197954 -152927593 198941010 942678739
-891168103 -191631143 243141779 898477970
-920413819 -230286427 252551347 889068402
-971065194 -197249637 198941010 942678739
-950197230 -183420727 198941010 942678739
-980084390 -148054870 198941010 942678739
-884762596 -254713384 312629527 828990222
-898860443 -216748821 260567117 881052632
-980792887 -253786674 215672526 925947223
-947400084 -158888328 211738394 929204451
-964448238 -194209548 198941010 942678739
-977559217 -221480732 198941010 942678739
-911644728 -140054467 223587246 916808931
-879849236 -186994275 307633838 827812831
-970215363 -166477268 198941010 942678739
-946956668 -202149001 198941010 942678739
-921693961 -148507307 198941010 942678739
-981212732 -169785772 198941010 942678739
-935131352 -177780537 198941010 942678739
-940231460 -173301209 198941010 942678739
-972974871 -232191687 201895555 939724194
-898926613 -223468847 267220973 874398776
-887531269 -144039572 199187042 942432707
-903396589 -201010322 240292472 901327277
-913971868 -192855204 241376494 899473763
-999256222 -175936654 198941010 942678739
-966522831 -201263094 198941010 942678739
-980406899 -187126012 198941010 942678739
-958995934 -183216665 198941010 942678739
-989753281 -152746590 198941010 942678739
-982903823 -166467296 198941010 942678739
-995511612 -186815155 198941010 942678739
-991027732 -144868615 198941010 942678739
-884948444 -131871276 198941010 942678739
-951662671 -210702298 201718366 939901383
-949741879 -182963565 198941010 942678739
-902543207 -165770978 205906510 935713239
-977857000 -135013835 198941010 942678739
-960138065 -184834956 198941010 942678739
-951792561 -198818143 198941010 942678739
-912828102 -136518690 253928490 882979571
-903775155 -249152040 288055624 853564125
-985715557 -185897497 198941010 942678739
-877350155 -136044643 201373227 940246522
-940889111 -212753865 214543493 927076256
-891222366 -212756131 264212504 877407245
-986233691 -192168279 198941010 942678739
-901470435 -145188440 287105730 845592589
-923756581 -135301279 198941010 942678739
-984842428 -236008738 198941010 942678739
-886649491 -136276126 198941010 942678739
-972754458 -136979522 198941010 942678739
-907476117 -197757203 232959825 908659924
-973448326 -249270915 218501328 923118421
-930656169 -138336981 226931956 912650415
-892532569 -141167658 198941010 942678739
-943977492 -237458518 251226611 889694444
-875010748 -184732581 252400572 889219177
-877484833 -208555010 306072672 832225165
-919405089 -194272342 217545992 924073757
-946052351 -170088828 198941010 942678739
-980658384 -173566758 198941010 942678739
-924151278 -241780702 260308163 881311586
-915956851 -253600904 280322792 861296957
-908133683 -197142073 231687129 909932620
-890369099 -235657223 287966863 853652886
-988104552 -184966988 198941010 942678739
-910116480 -132047947 264135230 871036739
-945721378 -244387910 241345271 900274478
-987591783 -192064732 198941010 942678739
-964717100 -214502044 198941010 942678739
-955076822 -162216909 198941010 942678739
-999400411 -208981668 198941010 942678739
-974525864 -137120775 198941010 942678739
-991257592 -183379044 198941010 942678739
-932303492 -148990377 221947110 918324539
-898102997 -150174426 213572510 927791789
-883324354 -139384124 198941010 942678739
-975506576 -222757471 198941010 942678739
-998310212 -187825734 198941010 942678739
-932300896 -140067630 198941010 942678739
-939470451 -194073978 221063616 920084033
-905632322 -222855956 259902373 881717376
-890974006 -156885501 208590234 933029515
-921651543 -218762175 266450544 873522631
-977663014 -220324417 198941010 942678739
-914724376 -165311338 230369818 910166179
-940582176 -131704284 198941010 942678739
-914967436 -205342282 244301073 896855892
-943657438 -139193150 239062110 898666411
-889161277 -253724092 307241554 834378195
-886859824 -149759044 205577959 936041790
-978481246 -247659155 211856648 929763101
-989253435 -188294882 198941010 942678739
-941381332 -246189512 247486919 894132830
-919605947 -141614994 235043700 904149983
-964617573 -139781445 198941010 942678739
-899217961 -143330407 198941010 942678739
-893031488 -137862699 275203010 859735363
-906976410 -194442706 230145035 911474714
-948263971 -216667036 211081804 930537945
-976415526 -182456043 203718138 937667075
-910672199 -164303577 198941010 942678739
-989028149 -233878511 198941010 942678739
-953618702 -165401871 198941010 942678739
-933140915 -246823261 256361085 885258664
-916674339 -205727674 231732074 909887675
-966962343 -153111951 198941010 942678739
-877168707 -189811194 255321226 886298523
-986641221 -237126847 198941010 942678739
-986324737 -239279810 198941010 942678739
-981424007 -151966527 198941010 942678739
-969084985 -136099411 198941010 942678739
-950866490 -156547247 198941010 942678739
-933440876 -154563481 199142160 942471109
-883898288 -208749534 267529985 874089764
-942493748 -133303676 219420022 920531157
-890561445 -138856187 198941010 942678739
-927093660 -132693425 258895104 876172285
-988310444 -151200473 198941010 942678739
-939115319 -218125265 237232280 903857119
-978790131 -146119009 216716352 923130927
-887372760 -251259595 306565574 835054175
-938760522 -208959821 229729446 911427319
-992811325 -217384963 198941010 942678739
-943911025 -222364385 221132099 920487650
-953087949 -169036328 198941010 942678739
-879068874 -148177231 211787096 929832653
-925618635 -171783403 273038023 862567832
-875550397 -145590707 212719049 928900700
-996283016 -138236152 198941010 942678739
-997210504 -209984573 198941010 942678739
-928583787 -206742213 220837165 920782584
-896561200 -213339441 259456980 882162769
-896549328 -229525856 275655267 865964482
-916940072 -155865003 198941010 942678739
-973226803 -137497548 198941010 942678739
-943330722 -142838670 198941010 942678739
-880992375 -194538713 256225077 885394672
-942596213 -179799222 247272032 891311213
-983206690 -194186815 198941010 942678739
-902992458 -212805177 252491458 889128291
-944808930 -188131000 198941010 942678739
-910544152 -160618063 212731986 928634835
-982129516 -172248635 198941010 942678739
-977598516 -177606766 198941010 942678739
-896180044 -150668049 198941010 942678739
-965609717 -233861292 210930314 930689435
-964627601 -164342221 198941010 942678739
-934447148 -206214031 214445622 927174127
-974369450 -139342935 198941010 942678739
-888311794 -170127213 224494158 917125591
-953716204 -182446472 198941010 942678739
-991229167 -206938085 198941010 942678739
-971639570 -195628335 214271120 926698589
-894023433 -181151938 229807244 911812505
-898646761 -164496777 208528755 933090994
-975957251 -134410122 198941010 942678739
-963706887 -239599440 218571292 923048457
-924001194 -248691671 267369216 874250533
-939674029 -192058087 198941010 942678739
-895104845 -150966781 279860210 855240939
-903163904 -239397385 278912220 862707529
-978809027 -253177939 217047651 924572098
-996163023 -196861140 198941010 942678739
-944488225 -197723234 198941010 942678739
-993735042 -227786258 198941010 942678739
-885658512 -155139135 212159362 929460387
-894866224 -178732695 226545210 915074539
-902283372 -146218470 255881451 881909204
-981483956 -245181754 206376537 935243212
-907922650 -174475123 273133770 863930215
-953474847 -181186823 242326320 896401075
-877861864 -165680026 230496901 911122848
-973671487 -166935051 198941010 942678739
-899548007 -196155766 239286498 902333251
-904145962 -144851767 276366316 858100989
-964920948 -131358315 198941010 942678739
-882576204 -251704407 311806942 829812807
-901270732 -137757268 242524186 896428899
-886190288 -158722950 305916494 825897299
-980466804 -243444651 205656586 935963163
-947792338 -172149112 202732299 938765632
-888710595 -234857943 288826087 852793662
-953928116 -207286651 198941010 942678739
-920060691 -247169179 269787227 871832522
-988754713 -228053889 198941010 942678739
-922373409 -183425596 203730926 937888823
-886297979 -132599857 198941010 942678739
-934871832 -208250606 216057513 925562236
-984670859 -203099184 198941010 942678739
-981648679 -158102219 198941010 942678739
-924084351 -236375469 254969857 886649892
-942371291 -185965432 198941010 942678739
-967644200 -213483145 198941010 942678739
-925464774 -195293733 273422002 863923059
-886398178 -203771379 260051940 881567809
-946487890 -169580464 198941010 942678739
-950618719 -162362710 198941010 942678739
-977122573 -204393780 198941010 942678739
-889669127 -238827715 291837327 849782422
-940484116 -176909371 198941010 942678739
-988897555 -214694370 198941010 942678739
-903100477 -161126445 275400595 860644834
-908742319 -225035467 258971887 882647862
-950312966 -141127773 243050538 893910779
-954326719 -174774946 243100576 895223683
-971031069 -233668283 205315953 936303796
-932429983 -255527268 265776024 875843725
-880809907 -196803758 258672590 882947159
-894027203 -235116596 283768132 857851617
-931482382 -147780045 198941010 942678739
-993579561 -178253163 198941010 942678739
-971187119 -254002313 225493933 916125816
-911412638 -150425458 198941010 942678739
-966084409 -201282609 203462034 938056195
-973998372 -247879031 216559398 925060351
-986699376 -157873438 198941010 942678739
-879097074 -153180134 216761799 924857950
-924264836 -159611888 198941010 942678739
-890594782 -202787383 254871340 886748409
-942476913 -204627397 204829223 936790526
-908355287 -208466351 242789803 898829946
-897602133 -249383566 294460172 847159577
-928167838 -237067049 251577950 890041799
-954338986 -220561915 208901668 932718081
-977504792 -176172269 198941010 942678739
-937763483 -190979855 222071335 919003076
-942407850 -154504264 198941010 942678739
-934498947 -165176110 198941010 942678739
-997660414 -210453241 198941010 942678739
-957217589 -251067774 236528924 905090825
-994299135 -247362991 198941010 942678739
-994975840 -246151966 198941010 942678739
-881798576 -147963242 294968563 838300964
-949364392 -177209295 198941010 942678739
-903715539 -161769091 200732291 940887458
-937811392 -205518781 210386128 931233621
-945163212 -146389186 198941010 942678739
-945433719 -217662649 214907669 926712080
-916746595 -181216053 207148197 934471552
-931204520 -217599263 229073482 912546267
-960587004 -166467525 198941010 942678739
-919725154 -162828644 198941010 942678739
-919542823 -234356671 257492587 884127162
-961864925 -211365942 198941010 942678739
-891388498 -138366982 198941010 942678739
-889104155 -238508940 292083524 849536225
-925255760 -187630979 205053958 936565791
-965159637 -173038874 198941010 942678739
-956516375 -211895361 198941010 942678739
-935352156 -150995775 198941010 942678739
-907322819 -174729219 227224184 913950395
-970626233 -179022607 198941010 942678739
-989523870 -237166482 198941010 942678739
-911503835 -221699625 252874529 888745220
-941093099 -201991894 203577534 938042215
-956504778 -244193793 230367754 911251995
-952747025 -227172525 227816355 913532264
-888655698 -154714348 306918034 823928405
-976665749 -140153203 198941010 942678739
-987939587 -195124962 198941010 942678739
-958830757 -240278665 224126647 917493102
-917348376 -160103128 198941010 942678739
-981472909 -154467801 198941010 942678739
-988725430 -224809753 198941010 942678739
-943433891 -224397971 251640735 888654184
-986242175 -194741953 198941010 942678739
-967763596 -153153790 198941010 942678739
-942084274 -175734310 198941010 942678739
-879897857 -150893840 262422892 876188237
-881379966 -158922517 220221290 921398459
-985225591 -253458344 210911492 930708257
-904526949 -237594258 275746048 865873701
-906064678 -146003342 265353958 870876505
-962758792 -239807345 219727292 921892457
-969344122 -182965047 198941010 942678739
-921994753 -235962131 256646117 884973632
-932611501 -177161457 198941010 942678739
-910027185 -217239698 249891252 891728497
-936673900 -187595874 198941010 942678739
-908189385 -205363305 239852659 901767090
-948448990 -221484088 215713837 925905912
-975135219 -206567859 218401743 922454840
-928988170 -237440197 251130766 890488983
-972240455 -203384689 198941010 942678739
-968933878 -234490234 208235095 933384654
-975996792 -247596995 214278942 927340807
-942056701 -133238299 198941010 942678739
-877171792 -163509621 288932208 847367677
-941063171 -251148611 252764179 888855570
-985228372 -174730617 198941010 942678739
-968122777 -233138025 218091946 923355631
-875611288 -218192158 285259609 856360140
-996478617 -139333574 198941010 942678739
-922141857 -250124431 270661313 870958436
-994957138 -159581218 198941010 942678739
-901242680 -202842174 244278233 897341516
-893740233 -252864171 301802677 839817072
-967677243 -224246661 199248157 942371592
-934807390 -215695096 249030999 891437256
-985986970 -240737350 198941010 942678739
-955157860 -242214498 229735377 911884372
-913607138 -212787189 241858790 899760959
-875376747 -161058843 228360835 913258914
-989263660 -227877815 202025630 939539339
-908474928 -131207200 250766003 886516502
-887915098 -191896957 259468006 881429751
-912239378 -159100202 202125542 939457723
-984165022 -175822473 198941010 942678739
-888603972 -243501000 297575767 844043982
-881500664 -202398914 304569854 832875817
-917947129 -166015008 203601874 937963603
-895345000 -140037336 239704141 899866226
-924299723 -190555596 229744260 911293889
-923224374 -155568629 259676178 876976147
-998212631 -177902593 198941010 942678739
-925532747 -165654513 198941010 942678739
-950707849 -168024373 198941010 942678739
-973803616 -191398947 198941010 942678739
-882568258 -191325900 274605639 865356356
-981484755 -175889473 198941010 942678739
-919702971 -137654883 223202008 916979319
-905644258 -175313734 212348215 929271534
-902159679 -186926875 285647207 851122436
-918373508 -248214886 272520117 869099632
-945075374 -190946239 198941010 942678739
-929493033 -244632102 257817808 883801941
-923739770 -197374213 216313182 925306567
-920108489 -185863319 274438482 862438399
-994942237 -228112184 198941010 942678739
-980146701 -185308454 198941010 942678739
-984881389 -240682776 198941010 942678739
-989336369 -226975049 198941010 942678739
-981860116 -161753831 198941010 942678739
-959662127 -183270394 198941010 942678739
-886720955 -171862693 227820477 913799272
-980908958 -198895673 198941010 942678739
-978545726 -132503734 198941010 942678739
-874830359 -200760036 268608416 873011333
-979695249 -181228242 198941010 942678739
-958376165 -248502171 232804745 908815004
-899515894 -160341928 203504773 938114976
-955823797 -236479138 223334080 918285669
-963676947 -198116897 206677725 934740172
-924644271 -165072057 198941010 942678739
-929537917 -216521173 229661995 911957754
-918353071 -224924039 274931363 864899144
-948824088 -245229221 239083872 902535877
-941416855 -140161964 198941010 942678739
-940952552 -247573871 249300058 892319691
-913222297 -228874687 258331129 883288620
-905421682 -147315824 198941010 942678739
-996683759 -148384324 198941010 942678739
-931442547 -214150761 225386953 916232796
-941102871 -148919459 198941010 942678739
-962924663 -205944156 198941010 942678739
-916912292 -142268533 198941010 942678739
-960814718 -206775122 210519226 930877865
-956538436 -143197616 198941010 942678739
-932343636 -132770733 198941010 942678739
-983646595 -206052114 198941010 942678739
-883813181 -211753806 270619364 871000385
-899770805 -152554538 295804480 836031989
-897474054 -204193897 249398582 892221167
-877652651 -137382919 231656303 909049468
-927649985 -198408410 213437164 928182585
-927371828 -164857328 198941010 942678739
-985428889 -183773657 198941010 942678739
-962078065 -239932693 220533367 921086382
-980436864 -221333430 198941010 942678739
-975879613 -200784680 198941010 942678739
-890302622 -232859675 285235792 856383957
-923936629 -150692398 198941010 942678739
-915532312 -151192133 198941010 942678739
-943298638 -192121413 198941010 942678739
-945288874 -176180569 198941010 942678739
-907159928 -151801096 275651462 859288717
-880671891 -229197616 291204464 850415285
-945955874 -185146488 198941010 942678739
-918603302 -225278879 249354316 892265433
-967572435 -213371800 198941010 942678739
-922226278 -172211013 198941010 942678739
-893183476 -146828222 288155723 845239824
-894060769 -203031004 251745960 889869103
-901678054 -228285418 283992558 856474731
-914800254 -223937983 251816468 889803281
-891949174 -245689508 296419073 845200676
-925825969 -232044377 248897147 892722602
-973027907 -206561005 215386698 925664175
-911422056 -221741440 252998123 888621626
-900230544 -207902151 250350346 891269403
-999232762 -149553304 198941010 942678739
-875619734 -147519611 214578616 927041133
-954701496 -208413172 198941010 942678739
-889384199 -240212579 306417899 833910772
-942804782 -216503356 216377313 925242436
-898628063 -154101444 198941010 942678739
-881559286 -186374275 247493728 894126021
-986468834 -180556333 212134830 928588735
-953523189 -231316597 220472147 921147602
-907386564 -152875258 291096318 841025161
-876153413 -186057683 252583009 889036740
-933083338 -186799505 198941010 942678739
-944373136 -138153285 198941010 942678739
-979070519 -225947875 198941010 942678739
-919186019 -253265769 276758489 864861260
-945572267 -178366661 198941010 942678739
-935293464 -143684520 198941010 942678739
-929578623 -195800686 208900802 932718947
-899709233 -139566854 198941010 942678739
-953652343 -145589107 201906067 939529828
-908003748 -206461256 241136247 900483502
-959639262 -234418619 217458096 924161653
-931950845 -160796854 198941010 942678739
-901040429 -152608219 251089833 887684310
-957518451 -212908027 198941010 942678739
-943648168 -208619227 207649798 933969951
-946698039 -144704940 198941010 942678739
-942751594 -245761808 245688953 895930796
-875860467 -208959329 275777601 865842148
-949044534 -179646521 198941010 942678739
-880674409 -254074114 316078444 825541305
-931989248 -247834658 258524149 883095600
-897562189 -133687018 250934490 887017585
-876587865 -131937076 198941010 942678739
-980357501 -236585980 198941010 942678739
-935793936 -243081037 249965840 891653909
-971579001 -227454956 198941010 942678739
-922788955 -188145047 208034831 933584918
-976445939 -253533910 219766710 921853039
-979784689 -213008711 198941010 942678739
-893074578 -197585144 247189305 894430444
-889882047 -213387098 266183790 875435959
-909040218 -249869047 283507568 858112181
-967155088 -255752372 231276023 910343726
-938802420 -180785117 259664700 877660777
-970126194 -183738084 198941010 942678739
-970924731 -203773190 198941010 942678739
-916583022 -167458681 198941010 942678739
-894931591 -250440008 298187156 843432593
-919857822 -165011633 216660306 924490699
-891674988 -246795893 297799644 843820105
-890184329 -198424854 250919264 890700485
-919938815 -151508312 198941010 942678739
-912220517 -166766563 198941010 942678739
-990753649 -192236465 198941010 942678739
-949878703 -159419380 198941010 942678739
-886425259 -215798660 272052140 869567609
-907019923 -229955510 265614326 876005423
-895092486 -199096377 246682630 894937119
-949489614 -170105004 198941010 942678739
-971516423 -218051934 198941010 942678739
-895666574 -162412092 209424257 932195492
-958067375 -156568124 198941010 942678739
-992834195 -226311406 198941010 942678739
-903404294 -152734001 198941010 942678739
-937883556 -216157266 220952449 920667300
-889706104 -213619843 266592478 875027271
-954927819 -180858109 198941010 942678739
-937179665 -168507689 198941010 942678739
-929237248 -174410294 198941010 942678739
-987703678 -181235025 198941010 942678739
-894144465 -174588715 246976881 893570680
-944823333 -227164478 225019884 916599865
-906036536 -137964062 198941010 942678739
-977857018 -149370580 198941010 942678739
-999744874 -187176330 198941010 942678739
-959555976 -179084903 198941010 942678739
-957475340 -166897009 198941010 942678739
-984344242 -193752321 198941010 942678739
-905069751 -135659096 198941010 942678739
-987317779 -188529688 198941010 942678739
-931423270 -143128814 198941010 942678739
-950296905 -191670681 201053363 940534668
-898173190 -220427158 264932707 876687042
-906014871 -201633650 238297518 903322231
-975097434 -207498456 198941010 942678739
-875910768 -191832546 258600517 883019232
-902821917 -242143207 282000029 859619720
-900057916 -193076201 235697024 905922725
-982798954 -223847882 198941010 942678739
-959222942 -223158934 206614731 935005018
-979131886 -189055898 198941010 942678739
-989917971 -147283417 208080730 932625047
-995884448 -222268340 198941010 942678739
-886062033 -144535515 292426796 840568803
-900714292 -185913423 227877870 913741879
-973954299 -134934752 198941010 942678739
-889839237 -211522454 264361956 877257793
-952821515 -198557759 198941010 942678739
-921945232 -214556984 235290491 906329258
-917716797 -198916061 223878003 917741746
-879636280 -192478455 255520914 886098835
-881788422 -247992849 308883166 832736583
-923301398 -230673987 250051328 891568421
-969783175 -153631648 198941010 942678739
-976153664 -208216374 198941010 942678739
-944899915 -181296446 198941010 942678739
-990987279 -227649299 198941010 942678739
-917967011 -147905187 198941010 942678739
-921538206 -187482178 208622711 932997038
-992350464 -204762028 198941010 942678739
-916502132 -136756999 198941010 942678739
-992053743 -247430321 198941010 942678739
-958362832 -221491290 205807197 935812552
-876336374 -131316282 296129327 835643354
-969856079 -247054559 219877219 921742530
-965570048 -148247636 199405994 942182179
-952193552 -208408805 218052704 923243533
-949408713 -201340571 198941010 942678739
-926523153 -134244923 198941010 942678739
-971198184 -144134879 198941010 942678739
-955669594 -137144016 225368002 913709459
-963213539 -231020622 210485822 931133927
-964060551 -228458705 207076893 934542856
-921916729 -224939131 245701141 895918608
-985340871 -149230940 198941010 942678739
-948691669 -164491570 198941010 942678739
-917962757 -227731873 252447855 889171894
-955744215 -180712305 198941010 942678739
-933014968 -216272825 225936596 915683153
-923325807 -207499918 226852850 914766899
-922812357 -169588318 216466166 924721085
-927554421 -173127586 198941010 942678739
-975214645 -174165818 198941010 942678739
-877410446 -164228971 246027834 894857223
-985109848 -174529148 198941010 942678739
-987932126 -197391586 198941010 942678739
-980129916 -166480417 198941010 942678739
-949164634 -146512737 198941010 942678739
-990805659 -243556993 198941010 942678739
-940166378 -225776567 228288928 913330821
-893115724 -151903867 201466882 940152867
-918111656 -197236855 221803938 919815811
-986620565 -203151724 198941010 942678739
-970993833 -223379134 198941010 942678739
-975205957 -247931941 215404723 926215026
-945720721 -252893234 249851252 891768497
-875881195 -192018031 258815575 882804174
-954880964 -223084588 232646474 908325093
-997077059 -177153582 198941010 942678739
-899108964 -152220994 198941010 942678739
-972579715 -170835227 198941010 942678739
-933035242 -141012053 198941010 942678739
-877687258 -219350364 284341845 857277904
-902315691 -222868184 263231232 878388517
-978964528 -248845013 212559224 929060525
-945062430 -189753919 198941010 942678739
-878913117 -181102230 256925674 884037867
-975852076 -144986599 209672038 930972163
-903651871 -234710220 273737088 867882661
-979453714 -155461108 198941010 942678739
-996419890 -139930397 198941010 942678739
-876739412 -180870207 285719198 852638663
-899837320 -220734308 263575727 878044022
-947507838 -247765299 242936200 898683549
-928523730 -216700426 230855435 910764314
-915239795 -145457430 198941010 942678739
-986788582 -232354466 198941010 942678739
-888915114 -138152115 198941010 942678739
-988104082 -141284094 198941010 942678739
-962204021 -252073579 232548297 909071452
-927926518 -206999751 221751972 919867777
-909782860 -233945039 266840918 874778831
-930001612 -211636875 224314002 917305747
-885988905 -197675619 254365453 887254296
-889933887 -162220378 214965230 926654519
-878013601 -157083537 221748675 919871074
-897954426 -165012326 300205134 832270363
-959914797 -154342904 198941010 942678739
-934988130 -208814551 258229410 881123059
-913076687 -218411821 248013873 893605876
-921843374 -221887510 242722875 898896874
-899050238 -220302927 294821616 844018985
-987455419 -133320836 205933310 934918329
-905520508 -188691437 268606572 870203893
-960676175 -131660722 198941010 942678739
-913175356 -155717694 198941010 942678739
-976631365 -233510182 199557556 942062193
-958434520 -248010854 232255073 909364676
-940762412 -250436893 252353220 889266529
-978127929 -153548309 198941010 942678739
-889929165 -223736803 276486377 865133372
-905274381 -153028012 198941010 942678739
-900769246 -179212923 221122416 920497333
-885700778 -136019073 198941010 942678739
-891186156 -211378394 300185601 837839620
-963150891 -168004943 198941010 942678739
-923439431 -155415372 198941010 942678739
-938297974 -227429346 231810111 909809638
-888798755 -179369883 233249867 908369882
-951610985 -208902916 199970670 941649079
-931240977 -247088036 258525798 883093951
-976382600 -147619434 198941010 942678739
-980723272 -185648935 214986006 925661319
-958292295 -159901840 234374140 904250231
-949951978 -185380862 242653949 896360634
-926201520 -240166980 256644199 884975550
-902257433 -147364106 247678062 891134701
-981470337 -217235585 198941010 942678739
-976761618 -228818942 198941010 942678739
-947921167 -137141370 231491304 907028417
-952875955 -209482566 199285350 942334399
-893409766 -201725708 250994681 890625068
-975280720 -148353497 198941010 942678739
-943247396 -191086082 210841153 930562992
-922807003 -164224530 210169108 931183423
-949025333 -210542857 204196263 937423486
-915733052 -209715375 236661062 904958687
-917040612 -177490835 203128962 938490787
-889331849 -255089472 308436362 833183387
-938701378 -159486320 249048914 888486611
-955383144 -173042657 198941010 942678739
-970672900 -186089773 198941010 942678739
-894480905 -241481179 289679013 851940736
-909931717 -178548439 211295461 930324288
-911092042 -188910078 220496775 921122974
-966343049 -232170919 212289129 929287150
-941125158 -202625912 204179493 937440256
-999076010 -197870675 198941010 942678739
-981740282 -198322890 198941010 942678739
-980922209 -133998684 202997070 938217073
-970297309 -206018369 198941010 942678739
-906625139 -225589279 261642879 879976870
-892212857 -137378570 301235236 828448641
-982139165 -170943084 198941010 942678739
-984042350 -186143272 198941010 942678739
-877694434 -150719708 275780645 861287844
-979746062 -237324593 200257270 941362479
-886411252 -208202400 264469887 877149862
-936428824 -161400014 198941010 942678739
-916063423 -251360713 277976029 863643720
-939685196 -235343035 238336578 903283171
-928142370 -207439149 221975518 919644231
-915367214 -166449406 198941010 942678739
-893810265 -163651795 212520269 929099480
-927077470 -228205057 243806326 897813423
-992353593 -208856846 198941010 942678739
-992852049 -239305947 198941010 942678739
-887460490 -153743329 208961578 932658171
-999328414 -142026809 198941010 942678739
-919327403 -169730795 277377208 857828103
-950969821 -150264386 198941010 942678739
-961719750 -240445282 230571975 910795914
-995813311 -227110877 198941010 942678739
-999730320 -205580826 198941010 942678739
-938642242 -201881046 205917543 935702206
-947225747 -209179095 232796075 907970494
-890146410 -206485688 259018017 882601732
-945701191 -131709894 227106888 911859899
-932149914 -135244842 198941010 942678739
-951571643 -193372947 198941010 942678739
-940378849 -249116178 251416068 890203681
-994381716 -217613330 198941010 942678739
-995096144 -157814703 198941010 942678739
-934426316 -229578260 237830683 903789066
-908908104 -203637031 237407666 904212083
-951949638 -195863727 216486594 924665167
-914085574 -228784233 277452990 862723679
-985466336 -189032708 198941010 942678739
-938543067 -137624279 198941010 942678739
-933001238 -146055738 198941010 942678739
-877098848 -203441560 309323909 827991694
-969718402 -232804612 205764949 935854800
-971018474 -237414255 209074520 932545229
-987758580 -222332813 198941010 942678739
-931238463 -133618592 198941010 942678739
-984616125 -194646689 198941010 942678739
-949243165 -138571400 198941010 942678739
-876466617 -201228267 267440389 874179360
-980906856 -213667331 198941010 942678739
-970362244 -165905490 198941010 942678739
-995357850 -159392167 198941010 942678739
-878288777 -252290218 316680180 824939569
-946211179 -140468735 198941010 942678739
-956463011 -163072530 198941010 942678739
-885710877 -156335892 285408006 850035529
-985993086 -215904823 198941010 942678739
-926919105 -133269754 198941010 942678739
-894462477 -199370934 247587196 894032553
-997809729 -141050335 198941010 942678739
-948275431 -212156706 206560014 935059735
-985435182 -256075026 213318583 928301166
-887121927 -230954717 286511529 855108220
-920159744 -140045575 211209002 929853111
-899087574 -141270948 299819435 829932264
-879521711 -232356845 295513873 846105876
-958498021 -233182717 217363435 924256314
-963904178 -215470547 198941010 942678739
-983422924 -164853628 198941010 942678739
-963987874 -178303431 198941010 942678739
-879728330 -133422323 198941010 942678739
-964661048 -176930631 198941010 942678739
-981199476 -187128030 198941010 942678739
-961249953 -224149160 205577946 936041803
-915101787 -231070667 258647619 882972130
-919783869 -219302923 242197793 899421956
-909177761 -248413983 281914961 859704788
-919154933 -147948982 206843174 934518397
-956815891 -213556906 238878660 901328479
-980969041 -148044133 198941010 942678739
-886638114 -247691968 310304130 830637165
-909600516 -249439335 282517558 859102191
-950802678 -171837945 198941010 942678739
-905384826 -220871084 279756615 860250328
-888326983 -219947331 276444307 865022212
-881566035 -250780926 311893630 829726119
-955936445 -224848840 211591134 930028615
-942221585 -245292583 245749737 895870012
-902885678 -168499135 260587664 877955881
-962971096 -150595436 198941010 942678739
-906588595 -235134968 271225112 870394637
-983706813 -247787140 206759066 934860683
-969109716 -136163411 198941010 942678739
-964205865 -203797475 198941010 942678739
-941326413 -210471740 211824066 929795683
-943801487 -180488362 198941010 942678739
-907049817 -198719050 234347972 907271777
-907423622 -137065505 266229382 869129783
-984273719 -147308724 198941010 942678739
-910701079 -173199927 265320967 872487842
-930987537 -174331294 198941010 942678739
-878632243 -163335661 227382157 914237592
-954334964 -165355298 243963078 893826793
-932387674 -147338908 198941010 942678739
-959130832 -192341895 198941010 942678739
-989557651 -220419294 198941010 942678739
-975136677 -224479499 198941010 942678739
-911226249 -230554260 262006750 879612999
-950178598 -145922302 198941010 942678739
-964893119 -204433527 198941010 942678739
-899191423 -168097102 216478956 925062271
-910505612 -255963763 288136890 853482859
-971305735 -216805965 198941010 942678739
-990919042 -145863434 198941010 942678739
-880936414 -138173627 199915952 941703797
-926829827 -220755230 236604142 905015607
-962807655 -213157719 198941010 942678739
-974890986 -233449306 201237059 940382690
-996182831 -240027167 198941010 942678739
-930837558 -198442808 220513749 920908864
-999929523 -200297446 198941010 942678739
-887983623 -223997914 278693030 862926719
-921741790 -240782172 261719121 879900628
-905711594 -158156476 259992527 877811404
-953488569 -229167399 218357569 923262180
-955792515 -227520409 214406633 927213116
-980313522 -189640188 198941010 942678739
-949646264 -186676507 198941010 942678739
-910058581 -209985731 242605889 899013860
-954900364 -159404761 198941010 942678739
-933485126 -233808394 243002007 898617742
-896090068 -157718705 295195366 837673987
-957494637 -166070145 198941010 942678739
-996731652 -231609094 198941010 942678739
-973883798 -223833504 198941010 942678739
-962269394 -237002594 217411939 924207810
-916035749 -177537675 204180665 937439084
-903026452 -158006022 198941010 942678739
-963026965 -201425675 198941010 942678739
-929731580 -195696693 208643852 932975897
-998203635 -188755799 198941010 942678739
-975541872 -218957705 198941010 942678739
-994615559 -137108744 198941010 942678739
-974978285 -247064686 214765140 926854609
-908324451 -251198514 285552802 856066947
-970638352 -243273108 215313495 926306254
-878903627 -226826280 290601392 851018357
-915698977 -156785948 279291236 854768939
-920371398 -134952330 198941010 942678739
-930063147 -239902306 252517898 889101851
-969762051 -208940537 198941010 942678739
-893170619 -186624103 300401447 834854454
-905235087 -163503604 292065816 841142989
-890249984 -186520434 238949189 902670560
-966010158 -196219969 198941010 942678739
-926282141 -146707141 198941010 942678739
-887960071 -185970242 240688910 900930839
-876324805 -165857896 232211830 909407919
-967830699 -177683940 198941010 942678739
-922419174 -255361942 275621507 865998242
-955772645 -151895806 239045718 898754535
-887445060 -197067788 252301467 889318282
-920820176 -170196990 198941010 942678739
-890591569 -173461605 231447375 909995416
-971095779 -140740711 198941010 942678739
-931956737 -244297946 255019948 886599801
-932811792 -146230791 259267406 876283539
-946819835 -151914603 198941010 942678739
-964304645 -240416477 218790571 922829178
-978048686 -236961717 201591770 940027979
-893163889 -215172695 264687545 876932204
-877652753 -207675031 272701017 868918732
-909217399 -226753781 260215121 881404628
-945795823 -221163997 244667253 895863306
-912152998 -203241691 233767432 907852317
-931426519 -207299063 218551283 923068466
-955689224 -199806633 198941010 942678739
-945553975 -204359385 201484149 940135600
-961433208 -165620672 218454618 921881341
-907088535 -132940442 198941010 942678739
-919936847 -192611821 215353713 926266036
-915511718 -230166507 277832732 862307693
-914978639 -160135136 198941010 942678739
-915986369 -205568504 232260874 909358875
-973224266 -249830913 219285386 922334363
-882588344 -169076939 315433766 816036991
-930340904 -245899330 258237165 883382584
-889701127 -255472712 308450324 833169425
-919314184 -153000624 259675957 877043158
-875238175 -212359340 320949546 815798635
-898863342 -163576529 207391926 934227823
-888602772 -213786361 267862328 873757421
-960866487 -243392386 225204638 916415111
-936413972 -169992951 198941010 942678739
-891292780 -176617980 228003939 913615810
-956658175 -192899875 198941010 942678739
-899836542 -180422118 223264315 918355434
-926926148 -152784957 263206028 872496941
-891330372 -191728505 243076872 898542877
-889395510 -239579519 292862748 848757001
-957339886 -144452942 198941010 942678739
-940085857 -205401041 207993923 933625826
-987367942 -131100309 198941010 942678739
-954061037 -218772589 207390291 934229458
-970852846 -194357946 198941010 942678739
-934278759 -246881166 259122222 882292829
-976016419 -142273961 216025385 923879714
-880010346 -235663157 298331550 843288199
-981061040 -136044410 198941010 942678739
-990254248 -184180645 198941010 942678739
-881007675 -188245084 249916148 891703601
-984595536 -218953082 198941010 942678739
-933086355 -179854221 198941010 942678739
-907196955 -147959051 276587811 857866786
-889210043 -210504147 284228543 855772256
-969069195 -234852510 208462054 933157695
-916828813 -148322863 198941010 942678739
-914085102 -220350387 268338826 872049507
-938597634 -152951206 198941010 942678739
-971922993 -220789900 198941010 942678739
-962213576 -200870748 198941010 942678739
-916353269 -238148471 264473941 877145808
-993867945 -213792621 198941010 942678739
-925090416 -132779143 198941010 942678739
-906475286 -172084856 208288309 933331440
-891096472 -218517185 270099452 871520297
-978494937 -196824779 198941010 942678739
-894087502 -221716026 270307263 871312486
-953372705 -251474619 240780653 900839096
-996601212 -198764667 198941010 942678739
-912816502 -144214578 254464390 882818609
-962227555 -242464578 222915762 918703987
-939171633 -155240658 198941010 942678739
-955322462 -137669709 198941010 942678739
-954366234 -191869148 230659647 909507340
-951027479 -133621220 198941010 942678739
-997636096 -133188073 198941010 942678739
-895558894 -141072979 198941010 942678739
-979124660 -136633662 198941010 942678739
-912326197 -165976076 198941010 942678739
-984493242 -194960899 198941010 942678739
-964319774 -228940965 207299930 934319819
-887977061 -206247084 260948762 880670987
-971173648 -143322150 202297626 939050897
-991501761 -198097956 198941010 942678739
-972301320 -236749076 207126495 934493254
-922104268 -143770892 198941010 942678739
-940331068 -138668787 198941010 942678739
-985805756 -134254019 198941010 942678739
-961880324 -211188204 198941010 942678739
-882784764 -192464611 252358586 889261163
-894091983 -141328300 257631888 880104277
-931171018 -227716262 239223983 902395766
-906071770 -146101797 198941010 942678739
-984721686 -142179833 198941010 942678739
-985674106 -200299787 198941010 942678739
-934164484 -213213825 221728080 919891669
-890466381 -236623584 288835942 852783807
-975130264 -179499654 198941010 942678739
-939124641 -241481934 245036032 896583717
-926206564 -243354464 259826639 881793110
-949358333 -158612779 198941010 942678739
-970342908 -238305456 210641287 930978462
-959926105 -177712388 215411320 925388335
-905742541 -183843582 220779780 920839969
-940537954 -203531567 205672352 935947397
-958666597 -238166131 222178273 919441476
-916674659 -203050982 229055062 912564687
-996094526 -248377521 198941010 942678739
-931666390 -195229920 206242269 935377480
-895977733 -221300875 268001881 873617868
-943698792 -247706115 246686062 894933687
-935589668 -159837189 198941010 942678739
-927539572 -153487009 198941010 942678739
-911778784 -240724825 271624780 869994969
-975455803 -170544680 198941010 942678739
-946847128 -141096246 201266287 940215116
-999825403 -234413323 198941010 942678739
-994391342 -194514294 204336905 936989434
