0 961
500001534 499991287
500001518 499991271 500001534 499991287
500001518 499991272 500001534 499991287
500001518 499991273 500001534 499991287
500001518 499991274 500001534 499991287
500001518 499991275 500001534 499991287
500001518 499991276 500001534 499991287
500001518 499991277 500001534 499991287
500001518 499991278 500001534 499991287
500001518 499991279 500001534 499991287
500001518 499991280 500001534 499991287
500001518 499991281 500001534 499991287
500001518 499991282 500001534 499991287
500001518 499991283 500001534 499991287
500001518 499991284 500001534 499991287
500001518 499991285 500001534 499991287
500001518 499991286 500001534 499991287
500001518 499991288 500001534 499991287
500001518 499991289 500001534 499991287
500001518 499991290 500001534 499991287
500001518 499991291 500001534 499991287
500001518 499991292 500001534 499991287
500001518 499991293 500001534 499991287
500001518 499991294 500001534 499991287
500001518 499991295 500001534 499991287
500001518 499991296 500001534 499991287
500001518 499991297 500001534 499991287
500001518 499991298 500001534 499991287
500001518 499991299 500001534 499991287
500001518 499991300 500001534 499991287
500001518 499991301 500001534 499991287
500001518 499991302 500001534 499991287
500001519 499991271 500001534 499991287
500001519 499991272 500001534 499991287
500001519 499991273 500001534 499991287
500001519 499991274 500001534 499991287
500001519 499991275 500001534 499991287
500001519 499991276 500001534 499991287
500001519 499991277 500001534 499991287
500001519 499991278 500001534 499991287
500001519 499991279 500001534 499991287
500001519 499991280 500001534 499991287
500001519 499991281 500001534 499991287
500001519 499991282 500001534 499991287
500001519 499991283 500001534 499991287
500001519 499991284 500001534 499991287
500001519 499991285 500001534 499991287
500001519 499991286 500001534 499991287
500001519 499991288 500001534 499991287
500001519 499991289 500001534 499991287
500001519 499991290 500001534 499991287
500001519 499991291 500001534 499991287
500001519 499991292 500001534 499991287
500001519 499991293 500001534 499991287
500001519 499991294 500001534 499991287
500001519 499991295 500001534 499991287
500001519 499991296 500001534 499991287
500001519 499991297 500001534 499991287
500001519 499991298 500001534 499991287
500001519 499991299 500001534 499991287
500001519 499991300 500001534 499991287
500001519 499991301 500001534 499991287
500001519 499991302 500001534 499991287
500001520 499991271 500001534 499991287
500001520 499991272 500001534 499991287
500001520 499991273 500001534 499991287
500001520 499991274 500001534 499991287
500001520 499991275 500001534 499991287
500001520 499991276 500001534 499991287
500001520 499991277 500001534 499991287
500001520 499991278 500001534 499991287
500001520 499991279 500001534 499991287
500001520 499991280 500001534 499991287
500001520 499991281 500001534 499991287
500001520 499991282 500001534 499991287
500001520 499991283 500001534 499991287
500001520 499991284 500001534 499991287
500001520 499991285 500001534 499991287
500001520 499991286 500001534 499991287
500001520 499991288 500001534 499991287
500001520 499991289 500001534 499991287
500001520 499991290 500001534 499991287
500001520 499991291 500001534 499991287
500001520 499991292 500001534 499991287
500001520 499991293 500001534 499991287
500001520 499991294 500001534 499991287
500001520 499991295 500001534 499991287
500001520 499991296 500001534 499991287
500001520 499991297 500001534 499991287
500001520 499991298 500001534 499991287
500001520 499991299 500001534 499991287
500001520 499991300 500001534 499991287
500001520 499991301 500001534 499991287
500001520 499991302 500001534 499991287
500001521 499991271 500001534 499991287
500001521 499991272 500001534 499991287
500001521 499991273 500001534 499991287
500001521 499991274 500001534 499991287
500001521 499991275 500001534 499991287
500001521 499991276 500001534 499991287
500001521 499991277 500001534 499991287
500001521 499991278 500001534 499991287
500001521 499991279 500001534 499991287
500001521 499991280 500001534 499991287
500001521 499991281 500001534 499991287
500001521 499991282 500001534 499991287
500001521 499991283 500001534 499991287
500001521 499991284 500001534 499991287
500001521 499991285 500001534 499991287
500001521 499991286 500001534 499991287
500001521 499991288 500001534 499991287
500001521 499991289 500001534 499991287
500001521 499991290 500001534 499991287
500001521 499991291 500001534 499991287
500001521 499991292 500001534 499991287
500001521 499991293 500001534 499991287
500001521 499991294 500001534 499991287
500001521 499991295 500001534 499991287
500001521 499991296 500001534 499991287
500001521 499991297 500001534 499991287
500001521 499991298 500001534 499991287
500001521 499991299 500001534 499991287
500001521 499991300 500001534 499991287
500001521 499991301 500001534 499991287
500001521 499991302 500001534 499991287
500001522 499991271 500001534 499991287
500001522 499991272 500001534 499991287
500001522 499991273 500001534 499991287
500001522 499991274 500001534 499991287
500001522 499991275 500001534 499991287
500001522 499991276 500001534 499991287
500001522 499991277 500001534 499991287
500001522 499991278 500001534 499991287
500001522 499991279 500001534 499991287
500001522 499991280 500001534 499991287
500001522 499991281 500001534 499991287
500001522 499991282 500001534 499991287
500001522 499991283 500001534 499991287
500001522 499991284 500001534 499991287
500001522 499991285 500001534 499991287
500001522 499991286 500001534 499991287
500001522 499991288 500001534 499991287
500001522 499991289 500001534 499991287
500001522 499991290 500001534 499991287
500001522 499991291 500001534 499991287
500001522 499991292 500001534 499991287
500001522 499991293 500001534 499991287
500001522 499991294 500001534 499991287
500001522 499991295 500001534 499991287
500001522 499991296 500001534 499991287
500001522 499991297 500001534 499991287
500001522 499991298 500001534 499991287
500001522 499991299 500001534 499991287
500001522 499991300 500001534 499991287
500001522 499991301 500001534 499991287
500001522 499991302 500001534 499991287
500001523 499991271 500001534 499991287
500001523 499991272 500001534 499991287
500001523 499991273 500001534 499991287
500001523 499991274 500001534 499991287
500001523 499991275 500001534 499991287
500001523 499991276 500001534 499991287
500001523 499991277 500001534 499991287
500001523 499991278 500001534 499991287
500001523 499991279 500001534 499991287
500001523 499991280 500001534 499991287
500001523 499991281 500001534 499991287
500001523 499991282 500001534 499991287
500001523 499991283 500001534 499991287
500001523 499991284 500001534 499991287
500001523 499991285 500001534 499991287
500001523 499991286 500001534 499991287
500001523 499991288 500001534 499991287
500001523 499991289 500001534 499991287
500001523 499991290 500001534 499991287
500001523 499991291 500001534 499991287
500001523 499991292 500001534 499991287
500001523 499991293 500001534 499991287
500001523 499991294 500001534 499991287
500001523 499991295 500001534 499991287
500001523 499991296 500001534 499991287
500001523 499991297 500001534 499991287
500001523 499991298 500001534 499991287
500001523 499991299 500001534 499991287
500001523 499991300 500001534 499991287
500001523 499991301 500001534 499991287
500001523 499991302 500001534 499991287
500001524 499991271 500001534 499991287
500001524 499991272 500001534 499991287
500001524 499991273 500001534 499991287
500001524 499991274 500001534 499991287
500001524 499991275 500001534 499991287
500001524 499991276 500001534 499991287
500001524 499991277 500001534 499991287
500001524 499991278 500001534 499991287
500001524 499991279 500001534 499991287
500001524 499991280 500001534 499991287
500001524 499991281 500001534 499991287
500001524 499991282 500001534 499991287
500001524 499991283 500001534 499991287
500001524 499991284 500001534 499991287
500001524 499991285 500001534 499991287
500001524 499991286 500001534 499991287
500001524 499991288 500001534 499991287
500001524 499991289 500001534 499991287
500001524 499991290 500001534 499991287
500001524 499991291 500001534 499991287
500001524 499991292 500001534 499991287
500001524 499991293 500001534 499991287
500001524 499991294 500001534 499991287
500001524 499991295 500001534 499991287
500001524 499991296 500001534 499991287
500001524 499991297 500001534 499991287
500001524 499991298 500001534 499991287
500001524 499991299 500001534 499991287
500001524 499991300 500001534 499991287
500001524 499991301 500001534 499991287
500001524 499991302 500001534 499991287
500001525 499991271 500001534 499991287
500001525 499991272 500001534 499991287
500001525 499991273 500001534 499991287
500001525 499991274 500001534 499991287
500001525 499991275 500001534 499991287
500001525 499991276 500001534 499991287
500001525 499991277 500001534 499991287
500001525 499991278 500001534 499991287
500001525 499991279 500001534 499991287
500001525 499991280 500001534 499991287
500001525 499991281 500001534 499991287
500001525 499991282 500001534 499991287
500001525 499991283 500001534 499991287
500001525 499991284 500001534 499991287
500001525 499991285 500001534 499991287
500001525 499991286 500001534 499991287
500001525 499991288 500001534 499991287
500001525 499991289 500001534 499991287
500001525 499991290 500001534 499991287
500001525 499991291 500001534 499991287
500001525 499991292 500001534 499991287
500001525 499991293 500001534 499991287
500001525 499991294 500001534 499991287
500001525 499991295 500001534 499991287
500001525 499991296 500001534 499991287
500001525 499991297 500001534 499991287
500001525 499991298 500001534 499991287
500001525 499991299 500001534 499991287
500001525 499991300 500001534 499991287
500001525 499991301 500001534 499991287
500001525 499991302 500001534 499991287
500001526 499991271 500001534 499991287
500001526 499991272 500001534 499991287
500001526 499991273 500001534 499991287
500001526 499991274 500001534 499991287
500001526 499991275 500001534 499991287
500001526 499991276 500001534 499991287
500001526 499991277 500001534 499991287
500001526 499991278 500001534 499991287
500001526 499991279 500001534 499991287
500001526 499991280 500001534 499991287
500001526 499991281 500001534 499991287
500001526 499991282 500001534 499991287
500001526 499991283 500001534 499991287
500001526 499991284 500001534 499991287
500001526 499991285 500001534 499991287
500001526 499991286 500001534 499991287
500001526 499991288 500001534 499991287
500001526 499991289 500001534 499991287
500001526 499991290 500001534 499991287
500001526 499991291 500001534 499991287
500001526 499991292 500001534 499991287
500001526 499991293 500001534 499991287
500001526 499991294 500001534 499991287
500001526 499991295 500001534 499991287
500001526 499991296 500001534 499991287
500001526 499991297 500001534 499991287
500001526 499991298 500001534 499991287
500001526 499991299 500001534 499991287
500001526 499991300 500001534 499991287
500001526 499991301 500001534 499991287
500001526 499991302 500001534 499991287
500001527 499991271 500001534 499991287
500001527 499991272 500001534 499991287
500001527 499991273 500001534 499991287
500001527 499991274 500001534 499991287
500001527 499991275 500001534 499991287
500001527 499991276 500001534 499991287
500001527 499991277 500001534 499991287
500001527 499991278 500001534 499991287
500001527 499991279 500001534 499991287
500001527 499991280 500001534 499991287
500001527 499991281 500001534 499991287
500001527 499991282 500001534 499991287
500001527 499991283 500001534 499991287
500001527 499991284 500001534 499991287
500001527 499991285 500001534 499991287
500001527 499991286 500001534 499991287
500001527 499991288 500001534 499991287
500001527 499991289 500001534 499991287
500001527 499991290 500001534 499991287
500001527 499991291 500001534 499991287
500001527 499991292 500001534 499991287
500001527 499991293 500001534 499991287
500001527 499991294 500001534 499991287
500001527 499991295 500001534 499991287
500001527 499991296 500001534 499991287
500001527 499991297 500001534 499991287
500001527 499991298 500001534 499991287
500001527 499991299 500001534 499991287
500001527 499991300 500001534 499991287
500001527 499991301 500001534 499991287
500001527 499991302 500001534 499991287
500001528 499991271 500001534 499991287
500001528 499991272 500001534 499991287
500001528 499991273 500001534 499991287
500001528 499991274 500001534 499991287
500001528 499991275 500001534 499991287
500001528 499991276 500001534 499991287
500001528 499991277 500001534 499991287
500001528 499991278 500001534 499991287
500001528 499991279 500001534 499991287
500001528 499991280 500001534 499991287
500001528 499991281 500001534 499991287
500001528 499991282 500001534 499991287
500001528 499991283 500001534 499991287
500001528 499991284 500001534 499991287
500001528 499991285 500001534 499991287
500001528 499991286 500001534 499991287
500001528 499991288 500001534 499991287
500001528 499991289 500001534 499991287
500001528 499991290 500001534 499991287
500001528 499991291 500001534 499991287
500001528 499991292 500001534 499991287
500001528 499991293 500001534 499991287
500001528 499991294 500001534 499991287
500001528 499991295 500001534 499991287
500001528 499991296 500001534 499991287
500001528 499991297 500001534 499991287
500001528 499991298 500001534 499991287
500001528 499991299 500001534 499991287
500001528 499991300 500001534 499991287
500001528 499991301 500001534 499991287
500001528 499991302 500001534 499991287
500001529 499991271 500001534 499991287
500001529 499991272 500001534 499991287
500001529 499991273 500001534 499991287
500001529 499991274 500001534 499991287
500001529 499991275 500001534 499991287
500001529 499991276 500001534 499991287
500001529 499991277 500001534 499991287
500001529 499991278 500001534 499991287
500001529 499991279 500001534 499991287
500001529 499991280 500001534 499991287
500001529 499991281 500001534 499991287
500001529 499991282 500001534 499991287
500001529 499991283 500001534 499991287
500001529 499991284 500001534 499991287
500001529 499991285 500001534 499991287
500001529 499991286 500001534 499991287
500001529 499991288 500001534 499991287
500001529 499991289 500001534 499991287
500001529 499991290 500001534 499991287
500001529 499991291 500001534 499991287
500001529 499991292 500001534 499991287
500001529 499991293 500001534 499991287
500001529 499991294 500001534 499991287
500001529 499991295 500001534 499991287
500001529 499991296 500001534 499991287
500001529 499991297 500001534 499991287
500001529 499991298 500001534 499991287
500001529 499991299 500001534 499991287
500001529 499991300 500001534 499991287
500001529 499991301 500001534 499991287
500001529 499991302 500001534 499991287
500001530 499991271 500001534 499991287
500001530 499991272 500001534 499991287
500001530 499991273 500001534 499991287
500001530 499991274 500001534 499991287
500001530 499991275 500001534 499991287
500001530 499991276 500001534 499991287
500001530 499991277 500001534 499991287
500001530 499991278 500001534 499991287
500001530 499991279 500001534 499991287
500001530 499991280 500001534 499991287
500001530 499991281 500001534 499991287
500001530 499991282 500001534 499991287
500001530 499991283 500001534 499991287
500001530 499991284 500001534 499991287
500001530 499991285 500001534 499991287
500001530 499991286 500001534 499991287
500001530 499991288 500001534 499991287
500001530 499991289 500001534 499991287
500001530 499991290 500001534 499991287
500001530 499991291 500001534 499991287
500001530 499991292 500001534 499991287
500001530 499991293 500001534 499991287
500001530 499991294 500001534 499991287
500001530 499991295 500001534 499991287
500001530 499991296 500001534 499991287
500001530 499991297 500001534 499991287
500001530 499991298 500001534 499991287
500001530 499991299 500001534 499991287
500001530 499991300 500001534 499991287
500001530 499991301 500001534 499991287
500001530 499991302 500001534 499991287
500001531 499991271 500001534 499991287
500001531 499991272 500001534 499991287
500001531 499991273 500001534 499991287
500001531 499991274 500001534 499991287
500001531 499991275 500001534 499991287
500001531 499991276 500001534 499991287
500001531 499991277 500001534 499991287
500001531 499991278 500001534 499991287
500001531 499991279 500001534 499991287
500001531 499991280 500001534 499991287
500001531 499991281 500001534 499991287
500001531 499991282 500001534 499991287
500001531 499991283 500001534 499991287
500001531 499991284 500001534 499991287
500001531 499991285 500001534 499991287
500001531 499991286 500001534 499991287
500001531 499991288 500001534 499991287
500001531 499991289 500001534 499991287
500001531 499991290 500001534 499991287
500001531 499991291 500001534 499991287
500001531 499991292 500001534 499991287
500001531 499991293 500001534 499991287
500001531 499991294 500001534 499991287
500001531 499991295 500001534 499991287
500001531 499991296 500001534 499991287
500001531 499991297 500001534 499991287
500001531 499991298 500001534 499991287
500001531 499991299 500001534 499991287
500001531 499991300 500001534 499991287
500001531 499991301 500001534 499991287
500001531 499991302 500001534 499991287
500001532 499991271 500001534 499991287
500001532 499991272 500001534 499991287
500001532 499991273 500001534 499991287
500001532 499991274 500001534 499991287
500001532 499991275 500001534 499991287
500001532 499991276 500001534 499991287
500001532 499991277 500001534 499991287
500001532 499991278 500001534 499991287
500001532 499991279 500001534 499991287
500001532 499991280 500001534 499991287
500001532 499991281 500001534 499991287
500001532 499991282 500001534 499991287
500001532 499991283 500001534 499991287
500001532 499991284 500001534 499991287
500001532 499991285 500001534 499991287
500001532 499991286 500001534 499991287
500001532 499991288 500001534 499991287
500001532 499991289 500001534 499991287
500001532 499991290 500001534 499991287
500001532 499991291 500001534 499991287
500001532 499991292 500001534 499991287
500001532 499991293 500001534 499991287
500001532 499991294 500001534 499991287
500001532 499991295 500001534 499991287
500001532 499991296 500001534 499991287
500001532 499991297 500001534 499991287
500001532 499991298 500001534 499991287
500001532 499991299 500001534 499991287
500001532 499991300 500001534 499991287
500001532 499991301 500001534 499991287
500001532 499991302 500001534 499991287
500001533 499991271 500001534 499991287
500001533 499991272 500001534 499991287
500001533 499991273 500001534 499991287
500001533 499991274 500001534 499991287
500001533 499991275 500001534 499991287
500001533 499991276 500001534 499991287
500001533 499991277 500001534 499991287
500001533 499991278 500001534 499991287
500001533 499991279 500001534 499991287
500001533 499991280 500001534 499991287
500001533 499991281 500001534 499991287
500001533 499991282 500001534 499991287
500001533 499991283 500001534 499991287
500001533 499991284 500001534 499991287
500001533 499991285 500001534 499991287
500001533 499991286 500001534 499991287
500001533 499991288 500001534 499991287
500001533 499991289 500001534 499991287
500001533 499991290 500001534 499991287
500001533 499991291 500001534 499991287
500001533 499991292 500001534 499991287
500001533 499991293 500001534 499991287
500001533 499991294 500001534 499991287
500001533 499991295 500001534 499991287
500001533 499991296 500001534 499991287
500001533 499991297 500001534 499991287
500001533 499991298 500001534 499991287
500001533 499991299 500001534 499991287
500001533 499991300 500001534 499991287
500001533 499991301 500001534 499991287
500001533 499991302 500001534 499991287
500001535 499991271 500001534 499991287
500001535 499991272 500001534 499991287
500001535 499991273 500001534 499991287
500001535 499991274 500001534 499991287
500001535 499991275 500001534 499991287
500001535 499991276 500001534 499991287
500001535 499991277 500001534 499991287
500001535 499991278 500001534 499991287
500001535 499991279 500001534 499991287
500001535 499991280 500001534 499991287
500001535 499991281 500001534 499991287
500001535 499991282 500001534 499991287
500001535 499991283 500001534 499991287
500001535 499991284 500001534 499991287
500001535 499991285 500001534 499991287
500001535 499991286 500001534 499991287
500001535 499991288 500001534 499991287
500001535 499991289 500001534 499991287
500001535 499991290 500001534 499991287
500001535 499991291 500001534 499991287
500001535 499991292 500001534 499991287
500001535 499991293 500001534 499991287
500001535 499991294 500001534 499991287
500001535 499991295 500001534 499991287
500001535 499991296 500001534 499991287
500001535 499991297 500001534 499991287
500001535 499991298 500001534 499991287
500001535 499991299 500001534 499991287
500001535 499991300 500001534 499991287
500001535 499991301 500001534 499991287
500001535 499991302 500001534 499991287
500001536 499991271 500001534 499991287
500001536 499991272 500001534 499991287
500001536 499991273 500001534 499991287
500001536 499991274 500001534 499991287
500001536 499991275 500001534 499991287
500001536 499991276 500001534 499991287
500001536 499991277 500001534 499991287
500001536 499991278 500001534 499991287
500001536 499991279 500001534 499991287
500001536 499991280 500001534 499991287
500001536 499991281 500001534 499991287
500001536 499991282 500001534 499991287
500001536 499991283 500001534 499991287
500001536 499991284 500001534 499991287
500001536 499991285 500001534 499991287
500001536 499991286 500001534 499991287
500001536 499991288 500001534 499991287
500001536 499991289 500001534 499991287
500001536 499991290 500001534 499991287
500001536 499991291 500001534 499991287
500001536 499991292 500001534 499991287
500001536 499991293 500001534 499991287
500001536 499991294 500001534 499991287
500001536 499991295 500001534 499991287
500001536 499991296 500001534 499991287
500001536 499991297 500001534 499991287
500001536 499991298 500001534 499991287
500001536 499991299 500001534 499991287
500001536 499991300 500001534 499991287
500001536 499991301 500001534 499991287
500001536 499991302 500001534 499991287
500001537 499991271 500001534 499991287
500001537 499991272 500001534 499991287
500001537 499991273 500001534 499991287
500001537 499991274 500001534 499991287
500001537 499991275 500001534 499991287
500001537 499991276 500001534 499991287
500001537 499991277 500001534 499991287
500001537 499991278 500001534 499991287
500001537 499991279 500001534 499991287
500001537 499991280 500001534 499991287
500001537 499991281 500001534 499991287
500001537 499991282 500001534 499991287
500001537 499991283 500001534 499991287
500001537 499991284 500001534 499991287
500001537 499991285 500001534 499991287
500001537 499991286 500001534 499991287
500001537 499991288 500001534 499991287
500001537 499991289 500001534 499991287
500001537 499991290 500001534 499991287
500001537 499991291 500001534 499991287
500001537 499991292 500001534 499991287
500001537 499991293 500001534 499991287
500001537 499991294 500001534 499991287
500001537 499991295 500001534 499991287
500001537 499991296 500001534 499991287
500001537 499991297 500001534 499991287
500001537 499991298 500001534 499991287
500001537 499991299 500001534 499991287
500001537 499991300 500001534 499991287
500001537 499991301 500001534 499991287
500001537 499991302 500001534 499991287
500001538 499991271 500001534 499991287
500001538 499991272 500001534 499991287
500001538 499991273 500001534 499991287
500001538 499991274 500001534 499991287
500001538 499991275 500001534 499991287
500001538 499991276 500001534 499991287
500001538 499991277 500001534 499991287
500001538 499991278 500001534 499991287
500001538 499991279 500001534 499991287
500001538 499991280 500001534 499991287
500001538 499991281 500001534 499991287
500001538 499991282 500001534 499991287
500001538 499991283 500001534 499991287
500001538 499991284 500001534 499991287
500001538 499991285 500001534 499991287
500001538 499991286 500001534 499991287
500001538 499991288 500001534 499991287
500001538 499991289 500001534 499991287
500001538 499991290 500001534 499991287
500001538 499991291 500001534 499991287
500001538 499991292 500001534 499991287
500001538 499991293 500001534 499991287
500001538 499991294 500001534 499991287
500001538 499991295 500001534 499991287
500001538 499991296 500001534 499991287
500001538 499991297 500001534 499991287
500001538 499991298 500001534 499991287
500001538 499991299 500001534 499991287
500001538 499991300 500001534 499991287
500001538 499991301 500001534 499991287
500001538 499991302 500001534 499991287
500001539 499991271 500001534 499991287
500001539 499991272 500001534 499991287
500001539 499991273 500001534 499991287
500001539 499991274 500001534 499991287
500001539 499991275 500001534 499991287
500001539 499991276 500001534 499991287
500001539 499991277 500001534 499991287
500001539 499991278 500001534 499991287
500001539 499991279 500001534 499991287
500001539 499991280 500001534 499991287
500001539 499991281 500001534 499991287
500001539 499991282 500001534 499991287
500001539 499991283 500001534 499991287
500001539 499991284 500001534 499991287
500001539 499991285 500001534 499991287
500001539 499991286 500001534 499991287
500001539 499991288 500001534 499991287
500001539 499991289 500001534 499991287
500001539 499991290 500001534 499991287
500001539 499991291 500001534 499991287
500001539 499991292 500001534 499991287
500001539 499991293 500001534 499991287
500001539 499991294 500001534 499991287
500001539 499991295 500001534 499991287
500001539 499991296 500001534 499991287
500001539 499991297 500001534 499991287
500001539 499991298 500001534 499991287
500001539 499991299 500001534 499991287
500001539 499991300 500001534 499991287
500001539 499991301 500001534 499991287
500001539 499991302 500001534 499991287
500001540 499991271 500001534 499991287
500001540 499991272 500001534 499991287
500001540 499991273 500001534 499991287
500001540 499991274 500001534 499991287
500001540 499991275 500001534 499991287
500001540 499991276 500001534 499991287
500001540 499991277 500001534 499991287
500001540 499991278 500001534 499991287
500001540 499991279 500001534 499991287
500001540 499991280 500001534 499991287
500001540 499991281 500001534 499991287
500001540 499991282 500001534 499991287
500001540 499991283 500001534 499991287
500001540 499991284 500001534 499991287
500001540 499991285 500001534 499991287
500001540 499991286 500001534 499991287
500001540 499991288 500001534 499991287
500001540 499991289 500001534 499991287
500001540 499991290 500001534 499991287
500001540 499991291 500001534 499991287
500001540 499991292 500001534 499991287
500001540 499991293 500001534 499991287
500001540 499991294 500001534 499991287
500001540 499991295 500001534 499991287
500001540 499991296 500001534 499991287
500001540 499991297 500001534 499991287
500001540 499991298 500001534 499991287
500001540 499991299 500001534 499991287
500001540 499991300 500001534 499991287
500001540 499991301 500001534 499991287
500001540 499991302 500001534 499991287
500001541 499991271 500001534 499991287
500001541 499991272 500001534 499991287
500001541 499991273 500001534 499991287
500001541 499991274 500001534 499991287
500001541 499991275 500001534 499991287
500001541 499991276 500001534 499991287
500001541 499991277 500001534 499991287
500001541 499991278 500001534 499991287
500001541 499991279 500001534 499991287
500001541 499991280 500001534 499991287
500001541 499991281 500001534 499991287
500001541 499991282 500001534 499991287
500001541 499991283 500001534 499991287
500001541 499991284 500001534 499991287
500001541 499991285 500001534 499991287
500001541 499991286 500001534 499991287
500001541 499991288 500001534 499991287
500001541 499991289 500001534 499991287
500001541 499991290 500001534 499991287
500001541 499991291 500001534 499991287
500001541 499991292 500001534 499991287
500001541 499991293 500001534 499991287
500001541 499991294 500001534 499991287
500001541 499991295 500001534 499991287
500001541 499991296 500001534 499991287
500001541 499991297 500001534 499991287
500001541 499991298 500001534 499991287
500001541 499991299 500001534 499991287
500001541 499991300 500001534 499991287
500001541 499991301 500001534 499991287
500001541 499991302 500001534 499991287
500001542 499991271 500001534 499991287
500001542 499991272 500001534 499991287
500001542 499991273 500001534 499991287
500001542 499991274 500001534 499991287
500001542 499991275 500001534 499991287
500001542 499991276 500001534 499991287
500001542 499991277 500001534 499991287
500001542 499991278 500001534 499991287
500001542 499991279 500001534 499991287
500001542 499991280 500001534 499991287
500001542 499991281 500001534 499991287
500001542 499991282 500001534 499991287
500001542 499991283 500001534 499991287
500001542 499991284 500001534 499991287
500001542 499991285 500001534 499991287
500001542 499991286 500001534 499991287
500001542 499991288 500001534 499991287
500001542 499991289 500001534 499991287
500001542 499991290 500001534 499991287
500001542 499991291 500001534 499991287
500001542 499991292 500001534 499991287
500001542 499991293 500001534 499991287
500001542 499991294 500001534 499991287
500001542 499991295 500001534 499991287
500001542 499991296 500001534 499991287
500001542 499991297 500001534 499991287
500001542 499991298 500001534 499991287
500001542 499991299 500001534 499991287
500001542 499991300 500001534 499991287
500001542 499991301 500001534 499991287
500001542 499991302 500001534 499991287
500001543 499991271 500001534 499991287
500001543 499991272 500001534 499991287
500001543 499991273 500001534 499991287
500001543 499991274 500001534 499991287
500001543 499991275 500001534 499991287
500001543 499991276 500001534 499991287
500001543 499991277 500001534 499991287
500001543 499991278 500001534 499991287
500001543 499991279 500001534 499991287
500001543 499991280 500001534 499991287
500001543 499991281 500001534 499991287
500001543 499991282 500001534 499991287
500001543 499991283 500001534 499991287
500001543 499991284 500001534 499991287
500001543 499991285 500001534 499991287
500001543 499991286 500001534 499991287
500001543 499991288 500001534 499991287
500001543 499991289 500001534 499991287
500001543 499991290 500001534 499991287
500001543 499991291 500001534 499991287
500001543 499991292 500001534 499991287
500001543 499991293 500001534 499991287
500001543 499991294 500001534 499991287
500001543 499991295 500001534 499991287
500001543 499991296 500001534 499991287
500001543 499991297 500001534 499991287
500001543 499991298 500001534 499991287
500001543 499991299 500001534 499991287
500001543 499991300 500001534 499991287
500001543 499991301 500001534 499991287
500001543 499991302 500001534 499991287
500001544 499991271 500001534 499991287
500001544 499991272 500001534 499991287
500001544 499991273 500001534 499991287
500001544 499991274 500001534 499991287
500001544 499991275 500001534 499991287
500001544 499991276 500001534 499991287
500001544 499991277 500001534 499991287
500001544 499991278 500001534 499991287
500001544 499991279 500001534 499991287
500001544 499991280 500001534 499991287
500001544 499991281 500001534 499991287
500001544 499991282 500001534 499991287
500001544 499991283 500001534 499991287
500001544 499991284 500001534 499991287
500001544 499991285 500001534 499991287
500001544 499991286 500001534 499991287
500001544 499991288 500001534 499991287
500001544 499991289 500001534 499991287
500001544 499991290 500001534 499991287
500001544 499991291 500001534 499991287
500001544 499991292 500001534 499991287
500001544 499991293 500001534 499991287
500001544 499991294 500001534 499991287
500001544 499991295 500001534 499991287
500001544 499991296 500001534 499991287
500001544 499991297 500001534 499991287
500001544 499991298 500001534 499991287
500001544 499991299 500001534 499991287
500001544 499991300 500001534 499991287
500001544 499991301 500001534 499991287
500001544 499991302 500001534 499991287
500001545 499991271 500001534 499991287
500001545 499991272 500001534 499991287
500001545 499991273 500001534 499991287
500001545 499991274 500001534 499991287
500001545 499991275 500001534 499991287
500001545 499991276 500001534 499991287
500001545 499991277 500001534 499991287
500001545 499991278 500001534 499991287
500001545 499991279 500001534 499991287
500001545 499991280 500001534 499991287
500001545 499991281 500001534 499991287
500001545 499991282 500001534 499991287
500001545 499991283 500001534 499991287
500001545 499991284 500001534 499991287
500001545 499991285 500001534 499991287
500001545 499991286 500001534 499991287
500001545 499991288 500001534 499991287
500001545 499991289 500001534 499991287
500001545 499991290 500001534 499991287
500001545 499991291 500001534 499991287
500001545 499991292 500001534 499991287
500001545 499991293 500001534 499991287
500001545 499991294 500001534 499991287
500001545 499991295 500001534 499991287
500001545 499991296 500001534 499991287
500001545 499991297 500001534 499991287
500001545 499991298 500001534 499991287
500001545 499991299 500001534 499991287
500001545 499991300 500001534 499991287
500001545 499991301 500001534 499991287
500001545 499991302 500001534 499991287
500001546 499991271 500001534 499991287
500001546 499991272 500001534 499991287
500001546 499991273 500001534 499991287
500001546 499991274 500001534 499991287
500001546 499991275 500001534 499991287
500001546 499991276 500001534 499991287
500001546 499991277 500001534 499991287
500001546 499991278 500001534 499991287
500001546 499991279 500001534 499991287
500001546 499991280 500001534 499991287
500001546 499991281 500001534 499991287
500001546 499991282 500001534 499991287
500001546 499991283 500001534 499991287
500001546 499991284 500001534 499991287
500001546 499991285 500001534 499991287
500001546 499991286 500001534 499991287
500001546 499991288 500001534 499991287
500001546 499991289 500001534 499991287
500001546 499991290 500001534 499991287
500001546 499991291 500001534 499991287
500001546 499991292 500001534 499991287
500001546 499991293 500001534 499991287
500001546 499991294 500001534 499991287
500001546 499991295 500001534 499991287
500001546 499991296 500001534 499991287
500001546 499991297 500001534 499991287
500001546 499991298 500001534 499991287
500001546 499991299 500001534 499991287
500001546 499991300 500001534 499991287
500001546 499991301 500001534 499991287
500001546 499991302 500001534 499991287
500001547 499991271 500001534 499991287
500001547 499991272 500001534 499991287
500001547 499991273 500001534 499991287
500001547 499991274 500001534 499991287
500001547 499991275 500001534 499991287
500001547 499991276 500001534 499991287
500001547 499991277 500001534 499991287
500001547 499991278 500001534 499991287
500001547 499991279 500001534 499991287
500001547 499991280 500001534 499991287
500001547 499991281 500001534 499991287
500001547 499991282 500001534 499991287
500001547 499991283 500001534 499991287
500001547 499991284 500001534 499991287
500001547 499991285 500001534 499991287
500001547 499991286 500001534 499991287
500001547 499991288 500001534 499991287
500001547 499991289 500001534 499991287
500001547 499991290 500001534 499991287
500001547 499991291 500001534 499991287
500001547 499991292 500001534 499991287
500001547 499991293 500001534 499991287
500001547 499991294 500001534 499991287
500001547 499991295 500001534 499991287
500001547 499991296 500001534 499991287
500001547 499991297 500001534 499991287
500001547 499991298 500001534 499991287
500001547 499991299 500001534 499991287
500001547 499991300 500001534 499991287
500001547 499991301 500001534 499991287
500001547 499991302 500001534 499991287
500001548 499991271 500001534 499991287
500001548 499991272 500001534 499991287
500001548 499991273 500001534 499991287
500001548 499991274 500001534 499991287
500001548 499991275 500001534 499991287
500001548 499991276 500001534 499991287
500001548 499991277 500001534 499991287
500001548 499991278 500001534 499991287
500001548 499991279 500001534 499991287
500001548 499991280 500001534 499991287
500001548 499991281 500001534 499991287
500001548 499991282 500001534 499991287
500001548 499991283 500001534 499991287
500001548 499991284 500001534 499991287
500001548 499991285 500001534 499991287
500001548 499991286 500001534 499991287
500001548 499991288 500001534 499991287
500001548 499991289 500001534 499991287
500001548 499991290 500001534 499991287
500001548 499991291 500001534 499991287
500001548 499991292 500001534 499991287
500001548 499991293 500001534 499991287
500001548 499991294 500001534 499991287
500001548 499991295 500001534 499991287
500001548 499991296 500001534 499991287
500001548 499991297 500001534 499991287
500001548 499991298 500001534 499991287
500001548 499991299 500001534 499991287
500001548 499991300 500001534 499991287
500001548 499991301 500001534 499991287
500001548 499991302 500001534 499991287
500001549 499991271 500001534 499991287
500001549 499991272 500001534 499991287
500001549 499991273 500001534 499991287
500001549 499991274 500001534 499991287
500001549 499991275 500001534 499991287
500001549 499991276 500001534 499991287
500001549 499991277 500001534 499991287
500001549 499991278 500001534 499991287
500001549 499991279 500001534 499991287
500001549 499991280 500001534 499991287
500001549 499991281 500001534 499991287
500001549 499991282 500001534 499991287
500001549 499991283 500001534 499991287
500001549 499991284 500001534 499991287
500001549 499991285 500001534 499991287
500001549 499991286 500001534 499991287
500001549 499991288 500001534 499991287
500001549 499991289 500001534 499991287
500001549 499991290 500001534 499991287
500001549 499991291 500001534 499991287
500001549 499991292 500001534 499991287
500001549 499991293 500001534 499991287
500001549 499991294 500001534 499991287
500001549 499991295 500001534 499991287
500001549 499991296 500001534 499991287
500001549 499991297 500001534 499991287
500001549 499991298 500001534 499991287
500001549 499991299 500001534 499991287
500001549 499991300 500001534 499991287
500001549 499991301 500001534 499991287
500001549 499991302 500001534 499991287
