0 1000
934295995 959571552
720523663 139448765 934295995 959571552
721736484 144101669 934295995 959571552
307678598 492593107 934295995 959571552
550845909 673810375 934295995 959571552
-10849748 955776850 934295995 959571552
669446855 958508199 934295995 959571552
932993785 577933499 934295995 959571552
933651198 770601208 934295995 959571552
-75571795 462849023 934295995 959571552
440323246 716601734 934295995 959571552
-66012213 483444951 934295995 959571552
531956930 768066244 934295995 959571552
930997700 958736453 934295995 959571552
932253921 959054517 934295995 959571552
11819028 299582841 934295995 959571552
61479204 335112352 934295995 959571552
364853671 646253911 934295995 959571552
583228466 766407740 934295995 959571552
746888936 11414892 934295995 959571552
925287557 913994771 934295995 959571552
-111213650 612655964 934295995 959571552
266017323 737826789 934295995 959571552
710262294 -50424682 934295995 959571552
784557813 284516865 934295995 959571552
497176086 441429507 934295995 959571552
636864429 607009711 934295995 959571552
128452362 39667324 934295995 959571552
753457474 753136813 934295995 959571552
508246011 440790945 934295995 959571552
635435260 595663186 934295995 959571552
802553698 904968352 934295995 959571552
998068479 986003319 934295995 959571552
666300658 361819045 934295995 959571552
826452947 719032097 934295995 959571552
880595368 630651677 934295995 959571552
909714147 809006115 934295995 959571552
843758049 644374221 934295995 959571552
906412958 862500001 934295995 959571552
24614942 689653562 934295995 959571552
554413186 846853799 934295995 959571552
147127540 254559289 934295995 959571552
727020038 773928834 934295995 959571552
54121113 -73802849 934295995 959571552
123213438 7315394 934295995 959571552
263720341 659581117 934295995 959571552
315797228 682878366 934295995 959571552
367975136 814584162 934295995 959571552
712600761 902813951 934295995 959571552
-66435256 368892283 934295995 959571552
-24182610 393831808 934295995 959571552
647244893 689037905 934295995 959571552
793677710 827044705 934295995 959571552
16030893 819983533 934295995 959571552
191705598 846688331 934295995 959571552
-136509014 49414595 934295995 959571552
178515888 317177730 934295995 959571552
503275433 -19205347 934295995 959571552
794270896 641597552 934295995 959571552
585169837 176867189 934295995 959571552
699309438 432756247 934295995 959571552
302504834 -106233164 934295995 959571552
823583738 772804701 934295995 959571552
836889779 945088851 934295995 959571552
985002240 967110736 934295995 959571552
806657558 926827748 934295995 959571552
830569642 932962049 934295995 959571552
435372054 -71500674 934295995 959571552
952828596 997870877 934295995 959571552
51923397 190731645 934295995 959571552
787972156 832074838 934295995 959571552
425771926 276590492 934295995 959571552
720172617 671989861 934295995 959571552
627021385 -95590177 934295995 959571552
732228486 265684406 934295995 959571552
670365738 251029020 934295995 959571552
672283583 256177633 934295995 959571552
393904906 493880042 934295995 959571552
466346910 556308211 934295995 959571552
270359887 604610417 934295995 959571552
973951766 980772775 934295995 959571552
249921491 876524591 934295995 959571552
765980786 939146965 934295995 959571552
43247988 374503602 934295995 959571552
94320877 408038395 934295995 959571552
881923905 355099859 934295995 959571552
920987098 805962034 934295995 959571552
397626976 665058868 934295995 959571552
565261073 757052939 934295995 959571552
311089665 910936589 934295995 959571552
706135198 941765905 934295995 959571552
243537248 260620169 934295995 959571552
752857995 775981635 934295995 959571552
219313587 119805463 934295995 959571552
750795810 744045644 934295995 959571552
358388364 265994875 934295995 959571552
457672938 385565204 934295995 959571552
-80210623 955690889 934295995 959571552
218926722 956835141 934295995 959571552
-108627045 19996749 934295995 959571552
458231328 530682412 934295995 959571552
677176219 240605923 934295995 959571552
924513158 932216505 934295995 959571552
138240552 703629837 934295995 959571552
603235202 853131394 934295995 959571552
340758014 449931902 934295995 959571552
876421601 909877873 934295995 959571552
506733162 408758611 934295995 959571552
714461706 676367396 934295995 959571552
641025566 351470691 934295995 959571552
712579664 499839242 934295995 959571552
322470502 158232740 934295995 959571552
506862330 399740049 934295995 959571552
726266492 -10350869 934295995 959571552
801568376 340738686 934295995 959571552
-81465771 858516431 934295995 959571552
714039766 937658914 934295995 959571552
646054193 583056923 934295995 959571552
841876182 838848564 934295995 959571552
645926305 495291163 934295995 959571552
947197344 980342956 934295995 959571552
143350488 747318201 934295995 959571552
861370521 940001713 934295995 959571552
265249880 542525171 934295995 959571552
830649404 894963994 934295995 959571552
97358796 929375727 934295995 959571552
721530697 951895201 934295995 959571552
605285398 88197233 934295995 959571552
769126047 522124089 934295995 959571552
-65566094 561406519 934295995 959571552
711560327 870873765 934295995 959571552
616944466 -86678480 934295995 959571552
753728912 364274857 934295995 959571552
176600446 -8508118 934295995 959571552
526381047 438393661 934295995 959571552
815829600 176148823 934295995 959571552
938203804 985414040 934295995 959571552
446715946 386819123 934295995 959571552
571704054 533640640 934295995 959571552
256129674 500878780 934295995 959571552
690406826 794611725 934295995 959571552
-81865636 384887947 934295995 959571552
758281004 860027418 934295995 959571552
895797072 31991016 934295995 959571552
935630621 991727597 934295995 959571552
682334358 782345649 934295995 959571552
717020064 806743036 934295995 959571552
328792490 86529605 934295995 959571552
710938902 637525338 934295995 959571552
396148352 821055202 934295995 959571552
432067534 830300609 934295995 959571552
480223930 624938591 934295995 959571552
724340739 804842921 934295995 959571552
304613879 321437525 934295995 959571552
683324128 705231014 934295995 959571552
931623042 -100996375 934295995 959571552
932327666 178582658 934295995 959571552
135539353 384465785 934295995 959571552
646705968 752506378 934295995 959571552
672662344 722572639 934295995 959571552
694426109 742287185 934295995 959571552
321204668 73709438 934295995 959571552
784857882 743646849 934295995 959571552
555284674 669904934 934295995 959571552
749323725 818202973 934295995 959571552
153680854 446286097 934295995 959571552
243643574 505440158 934295995 959571552
201346250 569980051 934295995 959571552
320549504 633341250 934295995 959571552
584028445 549724553 934295995 959571552
615959196 587086628 934295995 959571552
48665347 688639697 934295995 959571552
716966628 893086219 934295995 959571552
507360110 883981145 934295995 959571552
824014407 940045833 934295995 959571552
316059210 712396539 934295995 959571552
762545363 890904553 934295995 959571552
895885293 748431641 934295995 959571552
924543810 905964735 934295995 959571552
245158108 509686841 934295995 959571552
906588558 941483514 934295995 959571552
740744401 511200587 934295995 959571552
860047314 787571146 934295995 959571552
717471058 172400618 934295995 959571552
805883058 493375491 934295995 959571552
9239997 280020639 934295995 959571552
594627472 710049301 934295995 959571552
557302515 236069879 934295995 959571552
896853778 887714854 934295995 959571552
920188723 639858607 934295995 959571552
934977972 975027189 934295995 959571552
726728790 285588698 934295995 959571552
903490111 859543045 934295995 959571552
694151627 745976989 934295995 959571552
971793814 992923699 934295995 959571552
913656828 804456690 934295995 959571552
925624684 894401809 934295995 959571552
493598604 92083419 934295995 959571552
908851646 909485776 934295995 959571552
725953302 252794458 934295995 959571552
930595853 947019273 934295995 959571552
421612986 743814697 934295995 959571552
484050610 770090866 934295995 959571552
127323534 345858348 934295995 959571552
750228389 819585709 934295995 959571552
363908406 218557827 934295995 959571552
861851731 865456261 934295995 959571552
588069968 905598394 934295995 959571552
615903507 909937363 934295995 959571552
23724056 918147969 934295995 959571552
796671544 953310764 934295995 959571552
601259496 932368522 934295995 959571552
736563018 943420361 934295995 959571552
-25425474 411917240 934295995 959571552
731345810 843760301 934295995 959571552
313185084 221855954 934295995 959571552
477452345 416962043 934295995 959571552
496839766 383719418 934295995 959571552
885266334 895030615 934295995 959571552
652883281 497065261 934295995 959571552
902245880 906896676 934295995 959571552
160166282 531754012 934295995 959571552
362409017 643522089 934295995 959571552
436985814 858766156 934295995 959571552
566837114 885087177 934295995 959571552
833414446 58666232 934295995 959571552
914040675 778684901 934295995 959571552
9037902 289841729 934295995 959571552
842574003 893180397 934295995 959571552
238621744 584660581 934295995 959571552
775938482 874229930 934295995 959571552
640825093 500369807 934295995 959571552
797836518 746049770 934295995 959571552
456850998 611859115 934295995 959571552
655771522 756728452 934295995 959571552
705348664 430900628 934295995 959571552
731107728 490381855 934295995 959571552
455522916 355865797 934295995 959571552
875795014 885805126 934295995 959571552
573787555 485908361 934295995 959571552
728006364 688532669 934295995 959571552
210614703 584270211 934295995 959571552
986810152 986805410 934295995 959571552
-122209937 -91912571 934295995 959571552
136240556 165309449 934295995 959571552
690055926 868433827 934295995 959571552
792080902 906504256 934295995 959571552
493193298 826306624 934295995 959571552
676977018 881830937 934295995 959571552
627598936 515437787 934295995 959571552
668587635 574794291 934295995 959571552
436470620 849769468 934295995 959571552
686918181 905009047 934295995 959571552
512205348 393947492 934295995 959571552
638459904 563135355 934295995 959571552
309770003 603961733 934295995 959571552
583482816 759815877 934295995 959571552
437746503 222256799 934295995 959571552
757983346 697769014 934295995 959571552
8140794 66192739 934295995 959571552
427328748 470545742 934295995 959571552
403057536 723570899 934295995 959571552
985485388 982312244 934295995 959571552
445408487 182218885 934295995 959571552
787034656 725419538 934295995 959571552
877454909 544894973 934295995 959571552
904790146 744315557 934295995 959571552
490368691 287727031 934295995 959571552
680847962 576000479 934295995 959571552
814698074 172838890 934295995 959571552
843350682 361319947 934295995 959571552
-106030192 329148838 934295995 959571552
133194742 474115709 934295995 959571552
865578142 71334578 934295995 959571552
929065302 891960375 934295995 959571552
184435756 727078706 934295995 959571552
196954050 730959981 934295995 959571552
261366731 596017303 934295995 959571552
715152066 841177672 934295995 959571552
-75039554 151011290 934295995 959571552
657424155 737774581 934295995 959571552
866407002 164049082 934295995 959571552
908354802 655592939 934295995 959571552
690281282 719698999 934295995 959571552
939111123 964304943 934295995 959571552
124336726 86572588 934295995 959571552
462803999 451383005 934295995 959571552
378386278 11580181 934295995 959571552
651385448 477124944 934295995 959571552
474275985 746947181 934295995 959571552
499693684 758695414 934295995 959571552
119694506 523596092 934295995 959571552
285643231 612412001 934295995 959571552
559227491 770122423 934295995 959571552
817796250 900726901 934295995 959571552
898829688 460621590 934295995 959571552
906056958 562296853 934295995 959571552
252813400 432981779 934295995 959571552
307960458 475594572 934295995 959571552
251039906 107861164 934295995 959571552
889018745 903131361 934295995 959571552
762053853 97796605 934295995 959571552
811057528 342975508 934295995 959571552
891533830 521936674 934295995 959571552
892999493 536936505 934295995 959571552
-20436508 654324872 934295995 959571552
473280531 812175879 934295995 959571552
590216664 674507819 934295995 959571552
848727991 888679951 934295995 959571552
766167610 154686670 934295995 959571552
862974992 618134875 934295995 959571552
594241431 181090595 934295995 959571552
761532258 564066555 934295995 959571552
-100658131 186176911 934295995 959571552
893753356 929275079 934295995 959571552
171385101 692585993 934295995 959571552
348250696 754481242 934295995 959571552
-64952008 106268253 934295995 959571552
551411873 632609393 934295995 959571552
475249084 510285871 934295995 959571552
728537639 758188467 934295995 959571552
-105716919 8800703 934295995 959571552
443769312 511136283 934295995 959571552
745394376 -28276613 934295995 959571552
807585313 296946661 934295995 959571552
332831892 819007860 934295995 959571552
836453291 936705463 934295995 959571552
706544759 610052439 934295995 959571552
728387830 643573973 934295995 959571552
684736956 770577526 934295995 959571552
782341212 844494389 934295995 959571552
-69577740 -82904431 934295995 959571552
564337093 575386513 934295995 959571552
688535526 -74691953 934295995 959571552
884914763 751754541 934295995 959571552
730850820 -57537577 934295995 959571552
801910076 297717926 934295995 959571552
207363204 183472674 934295995 959571552
789790540 805292473 934295995 959571552
797396724 427743737 934295995 959571552
885372343 769512403 934295995 959571552
365445191 123281693 934295995 959571552
839214204 819788085 934295995 959571552
453211899 725883013 934295995 959571552
857179688 922111995 934295995 959571552
305956295 911002781 934295995 959571552
465870764 923363689 934295995 959571552
607428504 631850921 934295995 959571552
858309284 883386512 934295995 959571552
333880600 496628083 934295995 959571552
968806224 986180272 934295995 959571552
525211488 109714626 934295995 959571552
623294483 313478179 934295995 959571552
291536118 481023729 934295995 959571552
816037137 871525423 934295995 959571552
-58103919 700694719 934295995 959571552
885569832 946860875 934295995 959571552
815819966 815588410 934295995 959571552
889124774 904675263 934295995 959571552
68969241 704892159 934295995 959571552
331516976 782164123 934295995 959571552
224444237 327086873 934295995 959571552
257099348 356182888 934295995 959571552
778973386 262923932 934295995 959571552
909709422 849296701 934295995 959571552
780629102 221636812 934295995 959571552
879784790 697799409 934295995 959571552
241163431 411006703 934295995 959571552
654045542 737773363 934295995 959571552
-71160630 333946810 934295995 959571552
83415792 430128815 934295995 959571552
846053484 921197110 934295995 959571552
956127827 969065665 934295995 959571552
639947924 -109400056 934295995 959571552
909108224 868098175 934295995 959571552
404211039 122200853 934295995 959571552
638502320 492308798 934295995 959571552
222597991 635173877 934295995 959571552
546454044 782790071 934295995 959571552
277008369 912115501 934295995 959571552
452502730 924786163 934295995 959571552
130466296 258268246 934295995 959571552
978248892 997918371 934295995 959571552
917595119 340708925 934295995 959571552
926469960 669572358 934295995 959571552
419323910 886349618 934295995 959571552
885695371 952661213 934295995 959571552
168290476 139671862 934295995 959571552
382030097 368449651 934295995 959571552
902386350 948990200 934295995 959571552
945848208 963402307 934295995 959571552
759345842 291873965 934295995 959571552
911088172 870998852 934295995 959571552
573866598 336834723 934295995 959571552
933140407 957574969 934295995 959571552
379174054 -73342064 934295995 959571552
758944187 633295005 934295995 959571552
555253064 312884779 934295995 959571552
679512468 524884282 934295995 959571552
214558449 521039791 934295995 959571552
495127038 691988546 934295995 959571552
845875718 164484497 934295995 959571552
911429401 753952055 934295995 959571552
-121898360 485797441 934295995 959571552
214557974 636720706 934295995 959571552
890015859 924248895 934295995 959571552
918129602 946675477 934295995 959571552
56229489 909479711 934295995 959571552
150025036 914830549 934295995 959571552
-51253581 88948311 934295995 959571552
913974306 941619604 934295995 959571552
364149263 951832365 934295995 959571552
633185936 955484276 934295995 959571552
-46588565 485880863 934295995 959571552
613599546 804700196 934295995 959571552
397195165 298163311 934295995 959571552
609411104 559494821 934295995 959571552
27383375 555790053 934295995 959571552
314314376 683539328 934295995 959571552
207412203 100977861 934295995 959571552
766552296 761433028 934295995 959571552
-31096135 782589101 934295995 959571552
604072704 899032704 934295995 959571552
-75779076 768598525 934295995 959571552
55415521 793403245 934295995 959571552
-76391826 146802700 934295995 959571552
853201346 894357345 934295995 959571552
9926210 32314065 934295995 959571552
162698882 185563994 934295995 959571552
696276188 128587389 934295995 959571552
827998989 588463241 934295995 959571552
828676274 786678007 934295995 959571552
867442435 850136033 934295995 959571552
128288583 806116879 934295995 959571552
431095674 863767916 934295995 959571552
230009602 428888330 934295995 959571552
557746530 675839699 934295995 959571552
781925792 105615926 934295995 959571552
893594133 731458815 934295995 959571552
847242112 317890460 934295995 959571552
913150278 803704791 934295995 959571552
635348096 505723515 934295995 959571552
845839415 825281111 934295995 959571552
427376735 536790639 934295995 959571552
909399378 938807270 934295995 959571552
-97758830 648833660 934295995 959571552
199501842 738334869 934295995 959571552
-116380654 668455324 934295995 959571552
943648665 962162943 934295995 959571552
789333431 387540597 934295995 959571552
921913732 910710401 934295995 959571552
869276871 94647381 934295995 959571552
879997868 237264643 934295995 959571552
312535784 307843272 934295995 959571552
479552707 482910203 934295995 959571552
355425728 942589780 934295995 959571552
941276926 959776345 934295995 959571552
633306802 794706676 934295995 959571552
646638416 802008981 934295995 959571552
257487274 732340826 934295995 959571552
510652830 817338243 934295995 959571552
508048317 -50351635 934295995 959571552
556794744 65144940 934295995 959571552
548608574 672450890 934295995 959571552
917168817 946821417 934295995 959571552
563122146 930919475 934295995 959571552
918173890 958327036 934295995 959571552
656562628 952504570 934295995 959571552
701739905 953654115 934295995 959571552
119354898 686607305 934295995 959571552
597660148 846815488 934295995 959571552
297042032 163464067 934295995 959571552
424334193 322487389 934295995 959571552
584420991 696902097 934295995 959571552
956544194 976274438 934295995 959571552
517135559 242382407 934295995 959571552
673213046 510713413 934295995 959571552
759033679 405854069 934295995 959571552
823617396 609897551 934295995 959571552
495868375 447986549 934295995 959571552
700616088 686899096 934295995 959571552
359049362 539240350 934295995 959571552
989275395 999744855 934295995 959571552
192206858 384619402 934295995 959571552
891687851 926559825 934295995 959571552
343830028 215947778 934295995 959571552
360684576 237174137 934295995 959571552
537030217 303004175 934295995 959571552
746968524 649972505 934295995 959571552
126874574 100629425 934295995 959571552
342498321 330011895 934295995 959571552
53622528 56484820 934295995 959571552
193715969 200143659 934295995 959571552
879918222 -22904757 934295995 959571552
890237973 163548463 934295995 959571552
615057752 218454238 934295995 959571552
907702031 897833187 934295995 959571552
-129518198 126793283 934295995 959571552
616516800 710806674 934295995 959571552
326369985 769336475 934295995 959571552
462839462 812041148 934295995 959571552
668084816 -69380124 934295995 959571552
684393902 -6342721 934295995 959571552
327700432 388663670 934295995 959571552
789034572 822856257 934295995 959571552
924506730 770978954 934295995 959571552
932537808 925699647 934295995 959571552
578183149 -67912529 934295995 959571552
835505858 674534676 934295995 959571552
632829306 228909996 934295995 959571552
867180672 796904869 934295995 959571552
140539553 353435813 934295995 959571552
465951606 601930017 934295995 959571552
5110596 353122740 934295995 959571552
882885380 926017531 934295995 959571552
736845295 252224713 934295995 959571552
832194536 593803569 934295995 959571552
325589504 343324463 934295995 959571552
829489974 853467204 934295995 959571552
189878022 148696154 934295995 959571552
649356478 649194247 934295995 959571552
519121436 935270191 934295995 959571552
814392302 952553244 934295995 959571552
660637900 959096345 934295995 959571552
856724397 959436849 934295995 959571552
33921475 622515995 934295995 959571552
992997608 981546524 934295995 959571552
267513287 648657393 934295995 959571552
442237512 730129565 934295995 959571552
49380894 387707586 934295995 959571552
459117245 652493953 934295995 959571552
882747060 7710301 934295995 959571552
885871264 65399344 934295995 959571552
482152593 474882605 934295995 959571552
706965906 715878111 934295995 959571552
26696959 181506485 934295995 959571552
722375388 777896589 934295995 959571552
126535511 523117431 934295995 959571552
321192686 628295795 934295995 959571552
88449269 932217263 934295995 959571552
378158978 941586340 934295995 959571552
559769226 905128801 934295995 959571552
958279941 963057957 934295995 959571552
863991190 -57220079 934295995 959571552
888534884 297746024 934295995 959571552
895411160 -95411386 934295995 959571552
927566223 776986371 934295995 959571552
-11909047 731910797 934295995 959571552
155021912 772075060 934295995 959571552
378853770 798660056 934295995 959571552
643153889 875227745 934295995 959571552
771732859 642589685 934295995 959571552
793020984 684099401 934295995 959571552
902814632 -77312261 934295995 959571552
932168324 889493658 934295995 959571552
389103602 504981313 934295995 959571552
442070281 549145787 934295995 959571552
788562248 -41432092 934295995 959571552
843398279 335221003 934295995 959571552
685106196 602570834 934295995 959571552
730028329 666928339 934295995 959571552
898301781 327166965 934295995 959571552
919193452 694225642 934295995 959571552
912445661 60606295 934295995 959571552
920629602 397309552 934295995 959571552
371450355 633829879 934295995 959571552
817226298 891818555 934295995 959571552
717225510 386255354 934295995 959571552
820123288 658024051 934295995 959571552
71225732 31346724 934295995 959571552
489377913 481065887 934295995 959571552
592460604 774100913 934295995 959571552
750068988 859614960 934295995 959571552
323118902 642319696 934295995 959571552
668356674 821526877 934295995 959571552
650311122 941467584 934295995 959571552
960184829 961221959 934295995 959571552
433166846 379749444 934295995 959571552
803080876 807751553 934295995 959571552
505434792 332170986 934295995 959571552
723295982 650890033 934295995 959571552
88126982 639322595 934295995 959571552
464290030 781688744 934295995 959571552
908726394 589914573 934295995 959571552
931843682 924118726 934295995 959571552
879019185 -59164791 934295995 959571552
913864038 583016227 934295995 959571552
299852649 929566113 934295995 959571552
751131170 950908933 934295995 959571552
485168318 746295673 934295995 959571552
760064846 876834942 934295995 959571552
-132854504 254362745 934295995 959571552
558912690 711505686 934295995 959571552
626088470 335955756 934295995 959571552
786660239 660850781 934295995 959571552
675990726 766403338 934295995 959571552
838929518 888253719 934295995 959571552
121120152 879432306 934295995 959571552
500698753 916840135 934295995 959571552
140152286 543048385 934295995 959571552
895926091 939446789 934295995 959571552
326877239 134645141 934295995 959571552
560110672 451396010 934295995 959571552
766468167 867286225 934295995 959571552
935581686 960278529 934295995 959571552
617578784 23344834 934295995 959571552
901303049 862043295 934295995 959571552
544717422 300730714 934295995 959571552
633795648 451376507 934295995 959571552
863304902 767448730 934295995 959571552
919842195 920455309 934295995 959571552
180897575 148260749 934295995 959571552
305688068 282643663 934295995 959571552
671739394 4367540 934295995 959571552
747901281 281451185 934295995 959571552
393058936 156759356 934295995 959571552
904595292 915516759 934295995 959571552
539444456 619802461 934295995 959571552
651385921 716127905 934295995 959571552
547657978 127655257 934295995 959571552
658060535 365204805 934295995 959571552
901807412 -61967285 934295995 959571552
902472975 -41039981 934295995 959571552
236122336 226983476 934295995 959571552
476723790 479444671 934295995 959571552
104104865 955427231 934295995 959571552
839509694 959098378 934295995 959571552
470652593 483803751 934295995 959571552
740790250 761005580 934295995 959571552
235395308 705973046 934295995 959571552
949169392 964968415 934295995 959571552
596778822 882422609 934295995 959571552
822580270 934035814 934295995 959571552
762366454 273555187 934295995 959571552
857588582 653501168 934295995 959571552
-79565478 650175019 934295995 959571552
582346861 852168475 934295995 959571552
469040328 -22004996 934295995 959571552
945081490 982326329 934295995 959571552
379941139 255289051 934295995 959571552
580668062 510303430 934295995 959571552
-109437510 577180124 934295995 959571552
464555453 787473257 934295995 959571552
444879141 488354895 934295995 959571552
614399042 651570772 934295995 959571552
555437918 323000794 934295995 959571552
618614517 429152353 934295995 959571552
598140624 609504988 934295995 959571552
841778771 863225667 934295995 959571552
95994192 200147828 934295995 959571552
508209109 573576331 934295995 959571552
34406916 469543430 934295995 959571552
170504748 543654525 934295995 959571552
786742291 563780279 934295995 959571552
836569818 697435347 934295995 959571552
214705865 860032495 934295995 959571552
616404942 915598498 934295995 959571552
563079098 903395648 934295995 959571552
950594246 962037951 934295995 959571552
873113274 792536817 934295995 959571552
874550273 796459963 934295995 959571552
432180984 170569185 934295995 959571552
542374696 343722940 934295995 959571552
594410915 381056595 934295995 959571552
793439542 719821208 934295995 959571552
661896198 193808597 934295995 959571552
941043743 978540639 934295995 959571552
280479962 670091123 934295995 959571552
605591908 814036118 934295995 959571552
218393182 561497512 934295995 959571552
790292630 879499229 934295995 959571552
-43874823 329427433 934295995 959571552
880648178 925011273 934295995 959571552
933802979 958431081 934295995 959571552
934765538 960657724 934295995 959571552
-23597999 106224347 934295995 959571552
734290272 781394921 934295995 959571552
284086722 505290140 934295995 959571552
627020759 744887705 934295995 959571552
430604746 921653483 934295995 959571552
725793888 943875434 934295995 959571552
-117414834 563147409 934295995 959571552
406894738 760776802 934295995 959571552
646342211 201103359 934295995 959571552
854579378 749598557 934295995 959571552
608298628 756683503 934295995 959571552
963535584 977769132 934295995 959571552
540494394 548244045 934295995 959571552
847417247 868826317 934295995 959571552
913782768 40681417 934295995 959571552
922734448 441671980 934295995 959571552
505117329 748214207 934295995 959571552
648066690 818612388 934295995 959571552
656800004 801744674 934295995 959571552
887223795 932799063 934295995 959571552
179357868 856913369 934295995 959571552
747523519 934173811 934295995 959571552
209085091 879591149 934295995 959571552
368482344 897170389 934295995 959571552
412077848 584779850 934295995 959571552
792491795 857799835 934295995 959571552
444475712 470596141 934295995 959571552
856676416 882085856 934295995 959571552
181638349 373407677 934295995 959571552
780926136 840128308 934295995 959571552
10134968 220269918 934295995 959571552
255999138 416954021 934295995 959571552
517996489 -38143729 934295995 959571552
530108010 -9116912 934295995 959571552
867468284 -85149975 934295995 959571552
888760470 247712018 934295995 959571552
584265625 -79299281 934295995 959571552
628553918 52145930 934295995 959571552
-47892755 294900559 934295995 959571552
346929638 562086466 934295995 959571552
827964797 134910389 934295995 959571552
892404612 634679166 934295995 959571552
205267841 871644909 934295995 959571552
758391318 938356037 934295995 959571552
-53940310 401483093 934295995 959571552
236075686 565264346 934295995 959571552
258453098 655183649 934295995 959571552
552381075 787563705 934295995 959571552
60877635 -85791535 934295995 959571552
337059852 244761048 934295995 959571552
309474633 758458587 934295995 959571552
954159426 965965049 934295995 959571552
113305403 49885943 934295995 959571552
362537698 326043836 934295995 959571552
449375552 616566089 934295995 959571552
543547457 683178001 934295995 959571552
824416858 -70839991 934295995 959571552
917198472 799236428 934295995 959571552
912674522 798265495 934295995 959571552
939460082 998097998 934295995 959571552
300615194 -25530291 934295995 959571552
466234018 231935942 934295995 959571552
141079318 66896974 934295995 959571552
515498459 488262861 934295995 959571552
546915746 556014930 934295995 959571552
778484911 797254049 934295995 959571552
-39584907 424105849 934295995 959571552
733609766 849228909 934295995 959571552
528489755 954120305 934295995 959571552
853866252 958491129 934295995 959571552
651842037 497115855 934295995 959571552
874821200 862194769 934295995 959571552
162277612 160104665 934295995 959571552
354016788 358660976 934295995 959571552
533919170 65737371 934295995 959571552
774597899 603048377 934295995 959571552
260849014 726030179 934295995 959571552
427766103 783914537 934295995 959571552
79740356 50350129 934295995 959571552
763307265 777644701 934295995 959571552
412739016 365253730 934295995 959571552
464536658 424277505 934295995 959571552
803054243 616258423 934295995 959571552
899519226 868599577 934295995 959571552
710686408 854573410 934295995 959571552
877728053 933009503 934295995 959571552
139170453 843619279 934295995 959571552
755726608 933530977 934295995 959571552
237215068 288350092 934295995 959571552
377581163 423509055 934295995 959571552
550219988 716162770 934295995 959571552
597302806 746001581 934295995 959571552
855964812 312825491 934295995 959571552
900290046 678799416 934295995 959571552
916741409 647034277 934295995 959571552
930248804 887516418 934295995 959571552
179032340 700571764 934295995 959571552
653252358 863194291 934295995 959571552
34154598 622901520 934295995 959571552
910137731 950535901 934295995 959571552
501522112 429083419 934295995 959571552
549398423 487769527 934295995 959571552
714175675 122591879 934295995 959571552
716328018 130775891 934295995 959571552
593339194 86613527 934295995 959571552
785917008 579674078 934295995 959571552
837997909 125992975 934295995 959571552
893390444 605483611 934295995 959571552
788441508 -30857948 934295995 959571552
888791446 650571475 934295995 959571552
228920704 726250505 934295995 959571552
987703754 977237544 934295995 959571552
104105128 937137619 934295995 959571552
760665353 954879597 934295995 959571552
797855884 279826618 934295995 959571552
891015635 743948703 934295995 959571552
866171765 308475783 934295995 959571552
913062456 756632489 934295995 959571552
283422862 535025854 934295995 959571552
695137577 803575441 934295995 959571552
613116017 330285047 934295995 959571552
804420948 705107949 934295995 959571552
926814258 284975338 934295995 959571552
931904759 743964033 934295995 959571552
920476502 339308693 934295995 959571552
933622358 929336578 934295995 959571552
87688890 516091790 934295995 959571552
138649967 542786825 934295995 959571552
502737173 -4218765 934295995 959571552
946641096 987141580 934295995 959571552
-14452884 110945049 934295995 959571552
59204982 176829730 934295995 959571552
615802729 -91436275 934295995 959571552
737372880 309737608 934295995 959571552
232624008 251835458 934295995 959571552
328799509 348842143 934295995 959571552
672643685 149213839 934295995 959571552
847186478 689786550 934295995 959571552
293662008 939433037 934295995 959571552
451266186 944387370 934295995 959571552
698625076 593693839 934295995 959571552
732723389 646631269 934295995 959571552
536836522 954298247 934295995 959571552
711060150 956609764 934295995 959571552
338082436 796809074 934295995 959571552
576268350 861832301 934295995 959571552
311551372 164964739 934295995 959571552
872622695 880877939 934295995 959571552
-115153674 10361550 934295995 959571552
623802276 678735079 934295995 959571552
712220899 851885621 934295995 959571552
839263728 913489671 934295995 959571552
148970682 702737038 934295995 959571552
547584699 833100641 934295995 959571552
182423262 376581032 934295995 959571552
552865293 663816069 934295995 959571552
443427366 913358572 934295995 959571552
522052301 920760741 934295995 959571552
143333694 17992529 934295995 959571552
906919234 926981650 934295995 959571552
459141929 721796863 934295995 959571552
895661000 940237983 934295995 959571552
787564519 561578069 934295995 959571552
857201280 750460358 934295995 959571552
684673438 266605219 934295995 959571552
892891253 844629647 934295995 959571552
398085615 602824501 934295995 959571552
925160324 953493483 934295995 959571552
301646002 489139361 934295995 959571552
630619521 733760771 934295995 959571552
663316430 346358289 934295995 959571552
850198408 769262900 934295995 959571552
552893951 234758229 934295995 959571552
902773796 899667023 934295995 959571552
635923064 674630498 934295995 959571552
927399301 952985327 934295995 959571552
119088689 820006287 934295995 959571552
350088708 859553993 934295995 959571552
401206328 621773787 934295995 959571552
423532009 635920685 934295995 959571552
371705863 571001507 934295995 959571552
807038646 871677380 934295995 959571552
346566416 738189435 934295995 959571552
510177438 799817360 934295995 959571552
-47169827 273684989 934295995 959571552
34686288 330889232 934295995 959571552
775904388 260198409 934295995 959571552
910520719 854592571 934295995 959571552
291128709 842538875 934295995 959571552
519465882 884087802 934295995 959571552
511500308 642613026 934295995 959571552
925848599 953238767 934295995 959571552
290522355 99230485 934295995 959571552
381697472 221077191 934295995 959571552
900030790 292300304 934295995 959571552
911262723 511027901 934295995 959571552
615745618 877461985 934295995 959571552
616945994 877771394 934295995 959571552
560184961 530341051 934295995 959571552
957942912 986702476 934295995 959571552
38846180 73041459 934295995 959571552
48086968 82190198 934295995 959571552
705846628 524999432 934295995 959571552
937723511 966091609 934295995 959571552
169219937 361062253 934295995 959571552
897138072 930503380 934295995 959571552
763849274 230198688 934295995 959571552
775536198 280209185 934295995 959571552
47861952 80746866 934295995 959571552
584403844 612682957 934295995 959571552
659193816 652172404 934295995 959571552
698265782 695831415 934295995 959571552
576035550 164085276 934295995 959571552
656024819 341694517 934295995 959571552
769522002 722041620 934295995 959571552
932027787 956301817 934295995 959571552
593473844 576809787 934295995 959571552
741804333 743392973 934295995 959571552
566448576 318288244 934295995 959571552
929758859 951661779 934295995 959571552
896657494 -94623559 934295995 959571552
915217914 425224562 934295995 959571552
671339921 838867685 934295995 959571552
891207134 939792613 934295995 959571552
105112575 817361365 934295995 959571552
567843252 896722595 934295995 959571552
121190398 955574098 934295995 959571552
822627191 959022557 934295995 959571552
372690796 -101968111 934295995 959571552
506934567 151777915 934295995 959571552
200423066 455211306 934295995 959571552
676436744 782355647 934295995 959571552
-50952847 322947205 934295995 959571552
360086322 588542587 934295995 959571552
97076778 584500988 934295995 959571552
617267559 817544193 934295995 959571552
489767930 877564768 934295995 959571552
917356936 956446625 934295995 959571552
532190430 303626601 934295995 959571552
829864224 789214564 934295995 959571552
-74713978 380804260 934295995 959571552
-45147337 397763661 934295995 959571552
603405612 141241732 934295995 959571552
880523066 826584939 934295995 959571552
878478294 938432042 934295995 959571552
951074934 965926141 934295995 959571552
-25283800 410078715 934295995 959571552
367002502 634717160 934295995 959571552
187939688 232918562 934295995 959571552
686108655 717936195 934295995 959571552
719171576 536034580 934295995 959571552
787337859 670240363 934295995 959571552
170491736 707371337 934295995 959571552
477246301 808658501 934295995 959571552
814604803 755316695 934295995 959571552
875385114 859039229 934295995 959571552
260390072 806565435 934295995 959571552
914770030 955138304 934295995 959571552
611506660 547206395 934295995 959571552
616771467 553932215 934295995 959571552
767659714 237022940 934295995 959571552
814841817 441608417 934295995 959571552
528135608 655881243 934295995 959571552
574081572 690235514 934295995 959571552
482700108 407188726 934295995 959571552
943612689 970967541 934295995 959571552
860703628 308755931 934295995 959571552
924473667 872707591 934295995 959571552
95601501 409652221 934295995 959571552
276829418 528480633 934295995 959571552
162981997 400486973 934295995 959571552
208918536 433783932 934295995 959571552
614415985 470931815 934295995 959571552
813305202 774749408 934295995 959571552
84029742 114787830 934295995 959571552
805111311 831219853 934295995 959571552
774361632 349923840 934295995 959571552
911282113 871845811 934295995 959571552
283545037 902181679 934295995 959571552
532401848 924128417 934295995 959571552
34743492 704850063 934295995 959571552
864930375 939929659 934295995 959571552
226987537 883645915 934295995 959571552
904651472 956389377 934295995 959571552
147198909 720723977 934295995 959571552
758814538 906321043 934295995 959571552
-103841708 229122397 934295995 959571552
-99865027 231920449 934295995 959571552
300963572 945579282 934295995 959571552
649285021 953274779 934295995 959571552
571000157 81204571 934295995 959571552
680158942 345125768 934295995 959571552
107542316 305678286 934295995 959571552
976152689 992676709 934295995 959571552
375905595 642329669 934295995 959571552
414369448 664182382 934295995 959571552
451252209 -58983873 934295995 959571552
518397518 82600018 934295995 959571552
441700721 166547455 934295995 959571552
478793338 226262480 934295995 959571552
868357563 397053317 934295995 959571552
908181096 736786350 934295995 959571552
619497684 666019186 934295995 959571552
850819908 881729321 934295995 959571552
191004259 612364903 934295995 959571552
798370706 896078092 934295995 959571552
914772760 796866049 934295995 959571552
928993043 915377059 934295995 959571552
678696655 757270439 934295995 959571552
692417238 768129971 934295995 959571552
382477380 500747444 934295995 959571552
917333418 945467571 934295995 959571552
170107660 468525914 934295995 959571552
817869963 884759503 934295995 959571552
76532377 821875903 934295995 959571552
760946264 931743951 934295995 959571552
550147406 683925435 934295995 959571552
568941336 697411034 934295995 959571552
-34502463 887020703 934295995 959571552
13435514 890610656 934295995 959571552
-48632321 485103991 934295995 959571552
914948006 950232119 934295995 959571552
552962263 786076693 934295995 959571552
650977328 830670466 934295995 959571552
-94858156 614478378 934295995 959571552
29662962 656232461 934295995 959571552
