0 1000
709102 523114
-684736140 -733003982 267103430 -413788360
-511003012 -991741492 426023744 -384766044
-739296359 -882503434 93629477 -86526978
-647644465 -775242183 283200357 -380651178
-946470484 -726226928 -70399972 84831177
-242281020 -980031838 748901503 -784866730
-399778801 -181267127 -58235164 95836096
-231125677 -486573777 303434591 -414075047
-870808786 -83629133 -142171567 401873527
-881174350 -952926108 44331058 -41760052
-688190979 -314740436 11430878 -24045261
-767400328 -580686013 172341380 -369305626
-747242750 -397787941 23185189 -44907706
-298112460 -852962231 416260801 -298523412
-634254997 -797884368 310213010 -412379377
-838033311 -907012486 48481110 -46081663
-889182086 -566213545 106045186 -216042952
-788510378 -810126991 99791421 -109455246
-898609878 -281769002 -800374 5287719
-796308835 -975052022 98490759 -88306216
-949777901 -225746313 -7771372 33574137
-987373196 -662918893 -97106151 126945977
-895418634 -485966850 91961592 -231412939
-399160254 -358407400 84813770 -124964131
-424873765 -822604265 421470331 -445296526
-641924378 -979959422 354192478 -361837264
-209675337 -713470185 509404813 -521189710
-945380244 -249334484 -9828182 37468949
-823921597 -125127423 -24564359 113266900
-947613587 -550559767 1477355 -801049
-121951713 -419398473 288253999 -267375157
-335070846 -757505736 336399069 -271209464
-199699612 -853414967 589433131 -470474485
-345163243 -570745528 236110184 -241964836
-692362054 -538927191 185888987 -533507982
-574539724 -325114687 8449941 -13547295
-701938497 -688564238 266759825 -514844383
-833792246 -847734145 69869250 -73570869
-320234700 -186087478 -2615543 6127267
-80403784 -855878937 659054957 -416328549
-450079067 -554158408 125276317 -130073810
-660155552 -564413234 120620733 -181942894
-551574716 -312514069 2216583 -2151554
-903815343 -284400725 14882047 -49153682
-282572867 -41622513 -45372689 118879834
-895624141 -645313005 -82191563 102246368
-483070017 -112444257 -10313623 40216330
-805421296 -211156665 -52332287 145930848
-35114495 -592880739 534316805 -422119334
-768394220 -581941492 76482139 -116142313
-702683320 -377409803 -78357796 120397217
-61968596 -818690302 702194889 -516873664
-15111775 -439603649 297467476 -129352010
-842462348 -711273535 8939 1351678
-679140395 -654671222 159973972 -221817857
-904809880 -618322535 -52878401 72435975
-892325571 -903423226 103937273 -114696240
-342620129 -642455580 354469660 -429471102
-554767077 -743379991 300584173 -382381578
-783390993 -262305714 -17863190 50518733
-685155370 -340438975 22099339 -46404969
-496048061 -832920336 358934721 -374226423
-851518194 -752966006 90576811 -115397014
-346789029 -367830690 39741421 -40670657
-433833446 -262564902 -28869243 44105156
-676424329 -726417158 203342123 -264938196
-557176338 -390731962 112879039 -266867155
-965777218 -164434362 -68181733 230064207
-610426625 -941866995 337964486 -340086059
-619074 -920556774 902719101 -740639944
-667455278 -119952712 -74818916 211317881
-297872997 -721740692 416390235 -404495817
-641685641 -711307659 269679631 -413335519
-324525684 -631091700 258567336 -225237700
-887339809 -281460288 -174563747 318619534
-725923856 -602994026 216503095 -539277184
-933157897 -549694217 -35879601 58366917
-619195042 -349730028 20676573 -37443737
-886076153 -50524987 -40684037 222066589
-144579320 -851825940 491286166 -265922604
-752882371 -267547770 -53945384 121359925
-38891578 -669212504 593103280 -444053646
-703693654 -856468170 224541356 -249016880
-968001928 -71192777 -48176514 241001772
-440008952 -980444640 539630609 -536782079
-679657820 -5794832 -3885469 73393517
-923267376 -161762895 -9420003 50256584
-608911139 -478309909 144714619 -296744166
-839416637 -635287312 139917398 -246737440
-595991689 -982953156 245133253 -198232671
-216412896 -357509815 131874442 -125076017
-795366278 -350033446 -11418443 26864026
-520268410 -673439126 278404015 -377187499
-77450568 -896180690 594810998 -297639937
-836166776 -752622852 140727164 -192919081
-616512779 -184103746 -94199797 193042216
-666056664 -234843986 -51027090 114029747
-481069131 -103654125 -91813696 198741922
-534344394 -720757366 192231831 -192917652
-408716256 -926341310 582040273 -713954200
-417586322 -379188017 8941230 -8747938
-329303052 -292738441 4197829 -3450481
-814672082 -622547667 93227723 -144236453
-409731728 -229030151 -68159955 94211400
-262104329 -724141985 295551256 -191947797
-778710107 -711605453 163609624 -235522557
-724199613 -978424329 263044249 -264855623
-592913508 -561791166 94858895 -119575976
-493495823 -547518527 119355660 -136420962
-838517064 -440486009 -645308 3090957
-108445587 -790493937 465651831 -235485040
-738716649 -114448637 -128734061 319014380
-493533282 -537922307 139221528 -172107660
-872306827 -459381628 -1471413 4638701
-510621077 -118556756 -125647305 238421902
-881553369 -559856682 66702406 -120284653
-376464683 -116807158 -90217341 155385634
-812010622 -764812459 115022691 -142830847
-966755448 -527482644 -50005687 84356887
-995300327 -203080301 -262801428 501855509
-500211324 -734775267 254648688 -263849217
-974856998 -204948441 14614751 -82909786
-734235332 -598297681 191829133 -395481823
-146715749 -716684656 570224071 -567962208
-215085983 -250114290 45184971 -46041613
-425349549 -847807707 498892973 -631089188
-415803517 -701251551 384485107 -541537555
-970723583 -491957450 13185004 -24900216
-253742626 -415373459 93481999 -73100613
-91902395 -579612917 430175832 -310226524
-899037631 -79998653 -80903037 302994460
-608572588 -285322202 -65142049 111685319
-698903234 -370636406 -22919298 41992396
-129732306 -960712798 785095437 -638099035
-504796694 -668510354 249317580 -301831267
-647586658 -52919895 -14938051 98405211
-207619346 -595458456 405048836 -443036434
-771203082 -474175372 -11285520 19496960
-979231591 -752913860 -31516289 40677182
-812968772 -159786846 -50612805 166685734
-369349616 -782767720 407036993 -398434767
-98471913 -874059581 720525795 -551608781
-803284186 -356578716 44458082 -121504321
-539076928 -758483977 130365170 -110944017
-733784675 -999061393 163304259 -142392414
-627374266 -645075757 232339362 -376414079
-364729757 -284273806 69044712 -121502324
-763532584 -579460346 152690497 -294887975
-885159275 -500548344 14881520 -25404203
-490664858 -241841222 -60174205 97078588
-371487329 -65025127 -23786051 83064631
-796367059 -967642189 94578725 -85094700
-549755072 -96464224 -81455221 208679349
-334953673 -593823699 156700818 -120332945
-204361666 -808565716 606924907 -612369765
-463409623 -549843338 139679650 -156660491
-472268275 -359532640 37492261 -53768121
-566109952 -756585510 224650589 -237745385
-400163793 -597657371 246086547 -280042087
-522633058 -875545772 394807296 -428682363
-115578645 -282060163 173721333 -183664679
-610521830 -324511192 -100122659 143188753
-390164154 -296373676 -1087629 2873820
-765276835 -973998037 229981239 -235156176
-708128687 -941697183 137192270 -119710213
-715725239 -359425631 37639442 -85048297
-642811734 -401651914 100687227 -249753545
-33253424 -620946923 527707392 -351314909
-127078464 -298601664 172691515 -172335063
-490238838 -236968719 -19686512 38735396
-261789197 -354987869 82685120 -78165072
-273492394 -800996744 524795891 -517524775
-122795821 -491578451 288416498 -194388537
-117454136 -282555524 113453731 -80620824
-945818233 -118262040 -170385808 437371349
-870094426 -274337601 -180397304 324131343
-856194083 -986524977 122124506 -119668737
-511739049 -824133535 298208347 -288739370
-870988036 -984043809 125439078 -125929054
-983807166 -935646264 -21814734 23653453
-893429484 -184084159 -156031215 354253513
-810040377 -11572462 -143955564 450804054
-915092168 -724874286 33575831 -43022116
-329448534 -824231480 540383899 -643633187
-697840678 -870356422 234901036 -256845333
-462108772 -415839110 144148315 -274381588
-193068293 -703623147 498840153 -469883253
-510439110 -136970150 -18194948 57638630
-428029315 -368776734 116518045 -214935320
-53203643 -702497398 637206734 -559396260
-386928840 -982943512 600181803 -604681226
-50614588 -435866110 337031807 -228984626
-593326264 -628952416 123585677 -144024867
-340349000 -728606201 444367487 -549245609
-205898092 -714899320 483080753 -432368007
-96297434 -617531191 528463307 -584737770
-247774069 -437068968 176759165 -166879683
-670939657 -763737687 234396279 -299438785
-497405293 -862707135 335489996 -315377389
-467729115 -850106622 481803143 -646651954
-980215006 -696420394 -17053502 24871694
-608377427 -496696835 88975533 -133498643
-499039588 -991484521 395661191 -333200071
-978297708 -264985562 -13266607 47527102
-118452736 -850989740 557821387 -320021761
-670406718 -486795269 68217909 -109556206
-971075363 -995455445 25650276 -24437249
-115932462 -633146218 486829619 -405506260
-917426460 -246070126 -95139753 231031234
-122185787 -16816126 1814984 -11561435
-872858682 -229638999 -97768394 234397979
-71278275 -765997425 547558881 -307983786
-760242208 -261570894 -172787166 288553400
-550284220 -82700416 -77772947 212685592
-350678997 -362230221 115489493 -167935298
-429886396 -844410957 426449738 -436962196
-643140924 -674122171 185116316 -245544219
-843646955 -270125621 -36848938 97658077
-308385967 -15191288 -75480679 188626844
-856322597 -910120277 103285723 -108293244
-629141384 -49442429 -141925964 352837728
-991212389 -207265419 -89082720 254520656
-745694098 -495342886 54236817 -91472414
-712522459 -515937462 123002090 -237855614
-591567800 -47893181 -64680268 226926023
-323993412 -162661024 -14528849 27844802
-463627884 -385869218 115226221 -213138804
-298832411 -21268406 -10439074 62572345
-315755024 -416675418 126421187 -136168098
-702930239 -968408927 278504460 -282315964
-529731341 -357916622 110062720 -335340807
-173547304 -361748364 119255050 -86298368
-956039137 -550871184 -26148461 44700974
-633624208 -816413888 338136265 -462229760
-137802409 -617846437 445721710 -370731195
-437486807 -238891622 -28435064 47485301
-212187117 -810287167 580734060 -538231807
-936485484 -163019238 -59170854 204946566
-81750868 -530209246 337272782 -194209744
-836421315 -909447964 98812915 -100639190
-172752697 -980707780 766993608 -649377212
-866018701 -627727757 102540616 -171866933
-179635170 -80494165 2566881 -3746080
-714549671 -359782464 50180890 -121869894
-552988234 -279735468 34186622 -78859135
-877573070 -307821240 -49877710 118061614
-935290257 -45534546 -1298706 31119813
-595320913 -320436400 24065282 -47256002
-765023203 -487107487 80915667 -157688310
-593172720 -69846535 -121586125 297921856
-478309988 -261868885 46760543 -111503373
-946136424 -849025149 -30031829 33585225
-4084629 -991476227 954504548 -736148081
-374178594 -670245027 239292202 -207509394
-590783415 -402375955 70536308 -128793643
-948240442 -992128182 34622926 -33044540
-527413905 -470042942 138773840 -232261084
-774829650 -593260690 196613441 -491585311
-935370598 -772048210 20642901 -24284982
-117237182 -660858200 385281366 -214975169
-612779317 -215036923 -114654251 202941053
-39173889 -763020102 589495087 -327860115
-818324638 -246436136 -43783734 116732594
-709399390 -99583882 -20162169 98475539
-662758735 -982458091 261134229 -238910237
-397542886 -51786095 -37894232 127081859
-658165481 -169534515 -37683597 109817494
-527726055 -27514932 -101541586 286167464
-483290895 -272471305 -1973449 5225411
-317820336 -292051452 10641718 -10673488
-529109732 -301307038 80519058 -288572207
-355781197 -269312466 -12844243 17551298
-228313908 -338673246 67552057 -55885268
-437946167 -173041538 -53428107 100251336
-94202498 -91523964 36907188 -74461531
-968315635 -387118156 -139687881 247429510
-332068565 -722366383 449119483 -570526223
-526506226 -661129640 241499904 -306295942
-961890701 -165077768 -71824851 237171925
-88740257 -580520903 391534154 -241478387
-963720475 -521370918 -1304559 4227212
-597776365 -727081342 229848080 -276935947
-870768255 -837258753 -12533705 14084126
-151726220 -967032556 795346244 -717124073
-526229707 -125728724 -15462747 55161153
-31555620 -297709762 213453151 -124635897
-45330249 -506648198 418121962 -295569043
-342600912 -920802094 566686667 -546772679
-284774445 -295633726 26270978 -26448893
-192287969 -979763819 690392617 -511698307
-352697181 -954657748 645451170 -752256292
-518060079 -97231574 -18135532 72335196
-793262738 -817105635 193929563 -247580030
-839206595 -612445988 -37145147 49284268
-5522432 -102213630 96859361 -91647692
-827905402 -380488291 13157727 -27806423
-406863128 -514435218 223217191 -329243431
-579272311 -415909073 58516524 -94942396
-810898956 -687649470 132708973 -195823056
-7852358 -539966182 393956444 -178370186
-525760751 -681908985 160477144 -160409582
-693204446 -346864271 -24901 1985447
-761891260 -108525700 -8555785 52522796
-875520426 -496757329 23717612 -42403969
-977335987 -567739452 -157932702 212050774
-689660025 -734232907 215196720 -289586741
-327977809 -334392896 104658943 -152653357
-621919546 -657514695 154132600 -190156954
-470824740 -737106800 390034900 -577849981
-45350200 -974063639 825040801 -533200504
-858898459 -907481087 116457713 -125127506
-939336105 -392451718 -19423321 45583303
-739728374 -997668779 142651831 -122431734
-567654616 -51605323 -18746252 104773377
-65452064 -299068654 240214970 -272607519
-55409844 -86666990 48118138 -80887087
-103931131 -487804357 369617195 -329168673
-401837433 -506525094 215760018 -312321627
-478403957 -340052951 -33488158 44123195
-652733533 -767578811 96342429 -92409908
-284057122 -454397092 174219483 -175064406
-825998840 -615254084 111460163 -186537165
-154709429 -850214697 603046806 -433423105
-135169401 -843773842 594864291 -398407559
-447971682 -320594644 75573318 -146434679
-447506236 -393056682 129003887 -239961538
-164392625 -373884423 231645529 -270960351
-718896266 -384146604 -82778189 126888101
-826936605 -322466970 -57500140 121703647
-241497611 -480197082 193212935 -162734108
-24348377 -428886415 293967590 -139584901
-536752410 -928576021 369130863 -352845550
-661396270 -309621910 12988885 -27171698
-129591954 -774221329 487192783 -287616864
-279119797 -468020859 170655608 -158925805
-595965213 -632779537 133161576 -157946291
-126969401 -469765358 230423700 -138490218
-736871682 -481953786 60620373 -106699480
-351078802 -782235439 447480783 -467961242
-407857238 -226312159 55326051 -164328806
-543246829 -645251775 100863200 -99325468
-174685436 -938281449 660523240 -475092806
-297129188 -964669936 662966972 -650789968
-176849463 -976601674 668474355 -455326758
-437574079 -616511516 283078269 -385245274
-725144224 -586626109 170721548 -323887114
-558467737 -466255371 143977348 -273559253
-227669899 -788448263 475853362 -364552258
-972234317 -701609097 -42696499 57052872
-219468245 -966924557 673819436 -535102627
-722235018 -328458230 5891447 -11111769
-454492967 -662128467 175620431 -162855849
-394583452 -239433358 -41652676 59356165
-22367661 -913838893 750194953 -424209008
-147891804 -498948978 286909384 -211716447
-730252925 -448606544 81577299 -171199583
-692962024 -371704404 -131745503 180354445
-241685440 -935362841 686023195 -663343865
-417272144 -529499485 193274866 -241637320
-350949024 -271825710 48492979 -76164253
-991434776 -981305880 4613036 -3437584
-200856816 -806781177 476842143 -323983954
-31898755 -581343244 510550988 -368317407
-444273569 -828756498 453397039 -546087554
-427866598 -541341747 144730628 -154783763
-672212575 -966191508 208317750 -183869905
-223747477 -501713712 279752148 -280104342
-841637472 -56543796 -240447870 536225506
-331335648 -809998149 467091026 -449840850
-302683075 -607842940 314136712 -322029331
-629689177 -704014119 239829147 -332917653
-543747959 -339569277 54548815 -106895050
-663289126 -64592107 -96086346 286712099
-739636651 -971311174 249107968 -253705575
-812648465 -308592719 -166492315 274146811
-628008296 -152496177 -88203793 204311290
-967039532 -537774934 -10345380 19933329
-325342719 -601606131 294574457 -310793283
-139455181 -958486060 775900587 -639944948
-738358334 -828477285 194024192 -225049442
-164956938 -104158242 20988621 -42290058
-663902403 -492350730 133685617 -272154388
-194617453 -992747236 752372741 -635049006
-221212512 -930528154 711126203 -714079114
-411767019 -184785969 -66235219 106905275
-555852805 -466072152 26269478 -31784291
-943619339 -529184131 45506020 -88755937
-488319824 -46199987 -26979399 122611597
-141300952 -395346253 232264355 -202140734
-982663189 -394780329 -12423917 31742390
-833378169 -220644669 -158099457 316584728
-818785605 -624805460 -52036730 64181886
-8842969 -315350939 264688731 -157085123
-5988770 -319800679 272694083 -161724554
-627518946 -901266993 339764487 -379482902
-892829868 -683043446 79355381 -116888896
-731513434 -99023167 -150612569 357719090
-207941516 -116739664 12193289 -22791236
-397328088 -950217031 539305812 -520034087
-527439007 -212242127 -57253161 108903857
-217073468 -387409785 130231146 -109379774
-470041591 -346812449 17775118 -23883561
-642296047 -561580643 160940039 -271359959
-703426484 -760731469 191349999 -236622216
-814961450 -425873114 24221517 -47846474
-610175068 -662599572 201695019 -270454028
-637359746 -382656247 83566902 -197661529
-292210760 -487641377 173175215 -159735125
-576737316 -659990691 199011361 -250189712
-121987289 -325052677 195707038 -183192483
-889883546 -881333045 73194107 -79268843
-3599116 -836097272 714459269 -406743820
-851130302 -759432143 106166932 -137544397
-737025960 -43959257 -76511616 287631612
-98374930 -283461750 118215612 -74766792
-155724947 -144561654 2045485 -931252
-989340691 -397086796 -117898652 218446311
-445611344 -944765056 482939787 -464593772
-875175223 -806920035 91880966 -111261989
-623587164 -815746590 344006659 -469619083
-436705905 -518304946 153988579 -184247360
-676576232 -217787131 -19522932 55444909
-255703218 -644139528 408862969 -444918588
-361045374 -788954355 314673549 -243477580
-732646071 -836390016 250885731 -315910822
-769765645 -149217883 -4093703 23409401
-305022991 -935159047 631226636 -631169154
-835575286 -315484070 8883574 -22019674
-331955889 -887884139 454017993 -356679376
-110861730 -570092465 307618416 -166453323
-535725655 -119057596 -59418839 155156940
-477304359 -815442799 451341254 -636796317
-619968534 -360858443 21100121 -37024632
-837303448 -463826671 -92040928 138227756
-556186374 -314320801 22612073 -41829297
-165977275 -715302421 508902192 -424221247
-545513327 -993037729 453885183 -457570915
-566996627 -850732236 262884147 -252214595
-747485065 -706124830 122640710 -156555031
-822213659 -370729526 9841429 -20422912
-724137266 -142541570 -64507845 190262859
-79708525 -273056514 202770710 -234091281
-160276257 -819476679 543903953 -369536485
-755462335 -986402872 211111266 -204383935
-636308536 -659475439 248552843 -417794035
-428729829 -871234011 432520359 -421093595
-284327713 -498995045 187037346 -169481224
-819011950 -514676789 43859054 -75555879
-359028203 -671651771 189683340 -142363903
-75395546 -652300547 481610273 -303423538
-801405209 -716189042 -14428051 17112148
-368084156 -434815435 86649339 -90220647
-573595874 -825670506 320841718 -364797967
-410927323 -530657765 119384344 -117902137
-813249651 -302543023 6425095 -15295315
-635049905 -178234446 25347020 -173798041
-509817694 -202685155 -27040960 59722610
-202696672 -825355921 573052298 -476552789
-87204000 -338182816 247634709 -236529191
-246978043 -174486422 16996035 -25171501
-980552305 -562252096 -8635755 16512196
-791752328 -240011645 -95354697 208187449
-979457429 -506090495 -98106149 157689362
-555592264 -464185184 92995624 -140520599
-326678853 -906973915 376787909 -246770730
-273298325 -855878546 497161717 -392310647
-507160881 -940104708 490230089 -555495982
-205136387 -77477974 14852408 -69638003
-4168312 -995301588 820963899 -437764629
-207262666 -264779552 78189953 -85462617
-407227251 -390147607 67387646 -83918314
-562718722 -489483030 149370596 -264792716
-198813569 -984045437 608908548 -386743579
-4425877 -763280753 662658073 -391230059
-736988137 -207135641 -40791693 113223355
-578276039 -435592723 92996410 -162071031
-849664564 -723924226 58719463 -73695205
-738869428 -577085079 187130346 -424992853
-929432726 -326014482 37264274 -132914684
-182213618 -20701562 -34242241 88914495
-921894762 -409407685 -103452157 181686937
-822691623 -359332243 52264571 -154548722
-666213730 -865004959 318900330 -392273325
-636158184 -7282592 -186632 27373635
-852011996 -744081780 95506249 -124582874
-615303599 -195098706 -128162717 229675711
-127536867 -176685887 50325671 -49347848
-703482532 -611434452 188858180 -339210328
-667210247 -603105803 146584204 -218108767
-745328859 -964644460 220155468 -219016470
-992207935 -869136678 -57024791 62327161
-755016858 -814001299 199288485 -244902838
-918831284 -787638879 -29989026 34986971
-500440036 -818719408 441762122 -632805821
-162662092 -828911570 542296996 -362344612
-908581885 -287702629 1769205 -2842890
-309857991 -306273967 19035698 -19210717
-2025569 -916171897 740234932 -378225273
-627629310 -457948417 89005236 -155557557
-682263460 -544541403 19866010 -24386565
-415854905 -500388366 127698131 -141239400
-581966980 -324578398 -1580985 4594059
-933328628 -685049520 -29829565 40295750
-454118632 -201477212 -70984684 116140132
-804674315 -324578775 -106029053 191394562
-605724927 -501321420 63520534 -86929479
-417842069 -558573358 220459530 -275121393
-848194802 -233356712 -48791112 135819874
-580340765 -210456880 -6779865 20106343
-570651358 -927336090 252437907 -213263587
-989146200 -750025895 -63322628 78218059
-336476758 -181864764 -9819841 18771476
-904249365 -424281742 32613730 -75431439
-734420255 -366062746 69744962 -198376527
-638979556 -667095664 45273575 -45232283
-50409647 -795050689 697080204 -517905014
-659645987 -764546697 272005682 -372850607
-255519589 -893540655 550224746 -429020223
-297971908 -988911079 549853026 -397824580
-513748680 -523540135 184357857 -295600754
-410760825 -380043364 -10414673 12208218
-749226992 -590462599 103048964 -160004758
-527737303 -279168317 -81881552 119197782
-377698629 -708191801 219360362 -170614083
-97122597 -884017748 705321983 -499223941
-751536985 -116247263 -4145511 28374592
-189204001 -451593353 187674337 -137843445
-863863614 -30295495 -47484960 255993976
-760921793 -263886692 -180392383 295559257
-876121038 -274775685 -170003805 313458092
-533184742 -685262547 328596431 -572666724
-231313721 -476544096 154515583 -112451441
-535222908 -360798414 108581010 -303414783
-165558641 -697204645 515947853 -473557855
-165375066 -545861745 332963467 -266972750
-76432228 -891541239 741096090 -526333019
-784595462 -589945893 147208114 -278338765
-735623193 -327421039 -96330828 163535057
-31799355 -608265346 500437330 -310936740
-236174737 -247072633 89320785 -139973276
-970270791 -817771087 -38522933 44930067
-960311450 -699512757 -30262795 41176261
-789152798 -825910938 94552333 -100693519
-921671480 -184559787 -54925554 181217629
-744429959 -480479494 120347060 -283612949
-710135259 -284776976 40087568 -130305112
-763881431 -790179212 22800261 -21452494
-42510222 -839043941 798102539 -828511332
-630297881 -652743981 264267033 -495641070
-459843448 -469807305 26252940 -25927078
-493038526 -203075653 -49235697 94040868
-918399299 -51948840 -87939329 345354315
-937629723 -916212354 30767562 -31288421
-435685044 -288304367 -38037105 51897457
-14332676 -688523014 660636990 -549143060
-378646486 -904374758 459367493 -393999022
-576836144 -55580408 -165967065 354166729
-334518373 -504181067 197798259 -214797630
-707015826 -381663875 -64873737 102686211
-593780077 -561678427 -12828985 14501914
-913625963 -409942178 -89910316 161006944
-677150370 -528434847 161042512 -336803219
-683222388 -701521182 77746487 -83819921
-769620031 -432376999 63534661 -137991639
-863505818 -982132371 135963429 -137419133
-854999270 -936625112 132491154 -139538995
-743890267 -499146907 101085202 -198955623
-58319110 -505379338 310731897 -154348036
-949779811 -5493731 -88038014 395587871
-442604065 -326188622 24083166 -33835837
-19374525 -913150215 841456328 -606274757
-287949716 -865722319 543409209 -488167818
-981388446 -693687089 -57177029 75908036
-219795945 -468115271 180124848 -139013811
-710948580 -865712088 271724473 -326106906
-750696346 -369008757 -58566273 102287236
-784885820 -112158135 -23260545 110963773
-783386986 -336663436 51017439 -157022961
-217252565 -303983510 93281506 -94698625
-443746227 -84474897 -99447878 209164079
-911875771 -890333534 70277520 -76815476
-784970000 -560755186 -43817523 58129284
-972337291 -370441352 -56744009 125666358
-68872588 -602131666 467282434 -318279261
-508407707 -950862848 319384693 -258696021
-230705641 -962173911 659662941 -529066380
-959133595 -537927825 -48233678 79719937
-709315642 -92355811 -174657958 383987335
-700613682 -533845857 88364301 -140250142
-476590359 -826093790 421044393 -501498452
-465570795 -86726869 -105535402 222148539
-470730272 -960259326 512352150 -537285412
-974931352 -690902663 -12026779 18152119
-427309476 -838394621 478820589 -581662904
-650299171 -667370499 244773303 -405189424
-641726093 -792859655 299097740 -396589907
-182964963 -991032278 692973840 -491382930
-741855478 -666948377 232174671 -447436155
-241107980 -712226997 426009144 -363740319
-212931964 -957771875 750540324 -768846119
-89476865 -417714076 222684029 -125119763
-443371498 -137809142 -64721405 132315828
-401287532 -414538167 34239246 -34809861
-228640660 -858841136 596410523 -526578028
-69793069 -957407227 871947226 -768393177
-384877021 -709286112 396379712 -503996773
-677687565 -710640907 280892279 -493613293
-595091812 -134052946 -154943546 289454963
-133288948 -477189965 242243287 -152935738
-265683335 -714935729 401972418 -344689754
-633716400 -641350306 207969186 -315677803
-280227634 -230670917 -17279080 20793171
-502403260 -983944575 306436036 -230235299
-195784641 -161785189 19218494 -24936995
-165129823 -230828449 62048727 -59317513
-716289943 -531712664 74032320 -116076676
-667097386 -883490467 327749965 -395920713
-858984688 -142519552 -49105778 179397779
-326314122 -208544072 55290640 -137613945
-795008701 -778276763 158590808 -203521122
-249393165 -904560931 596800887 -497518060
-233082425 -975743328 561993473 -362873880
-783939863 -259131001 -42090672 105223271
-353035443 -666314647 200945501 -153564302
-464366648 -448280196 174264867 -348934072
-767438607 -788277807 158617992 -192730184
-950627204 -74195581 -8507056 77571600
-420441854 -200871324 46379216 -198434933
-13586861 -949664354 929962176 -836634209
-508507199 -710725468 142553629 -126520380
-593219463 -923510873 340983051 -345708474
-42867236 -838630761 651096672 -364824664
-519224070 -238083539 -92675045 143124498
-555006513 -794885623 401549885 -632113509
-889342152 -792979314 90518450 -113486460
-130882720 -922894707 729930352 -563704319
-891811049 -86067828 -15342860 103388565
-284237123 -25441804 -37719211 119807799
-321429303 -776750012 412887116 -366011578
-706766791 -995705351 232003881 -213590961
-875298134 -268931750 -100452499 220566813
-751690104 -664176242 108053759 -145745640
-598942798 -867302026 193388876 -170944795
-875753845 -900082092 67006700 -69131077
-166084704 -968377806 802627651 -800492310
-371697823 -292535987 -2862484 5005686
-299362612 -433269940 89500136 -76892036
-844926304 -667947883 134116655 -216918396
-932336079 -445907777 -12606861 27349041
-483659630 -723722357 225193891 -217095022
-671904544 -76704494 -48812922 188116296
-345878320 -680558372 410149560 -569128231
-766544926 -493612792 19702289 -30293945
-549780198 -865657473 287014242 -271450149
-771359767 -245239662 -79474068 176404572
-635514724 -432543852 133649444 -405818649
-357610783 -280886857 -28035985 33700435
-907851486 -402525697 -122137362 206230413
-396770124 -301457579 22368212 -30339285
-549633254 -768025863 361716483 -517055953
-486310007 -86394899 -95857564 217396548
-626613530 -893607029 330054175 -366549822
-596444789 -166670356 -99977108 204902339
-834897256 -757607428 135298240 -181655517
-605353630 -337344692 -5560252 11531494
-978987311 -362147677 -2207920 8307699
-372185155 -495253180 229164567 -342862982
-97266104 -874804910 737726953 -594474952
-345131979 -650018440 317732438 -328426880
-787711109 -118900823 -60519179 208300037
-410810102 -210501763 30281709 -71514108
-617457853 -426400564 -36279306 49651647
-461489738 -329489077 87130535 -182684411
-332609484 -999686665 598254115 -504697936
-26316931 -684650234 651513832 -581024079
-459057330 -226131743 -50131116 82958774
-416608856 -438766121 121789457 -160815466
-978909626 -832374857 -33804352 39489756
-640289017 -247584013 -51939537 107775839
-471291783 -266038483 39716257 -85177477
-713619275 -986650504 276998306 -277105868
-385857270 -749265541 449950329 -635062894
-548765081 -304040856 -75185290 108758455
-141639407 -689128883 506010320 -412664046
-514376399 -635080358 166685188 -181803443
-884363053 -196557908 -32505660 114139100
-394564924 -455040660 117345131 -136092383
-738650371 -469644776 -84171100 112907504
-384048496 -923629107 492367260 -439902780
-63261104 -388450951 218400931 -112662067
-288183372 -699556437 456532390 -561829631
-696515872 -233871874 -101563783 198673715
-543555275 -420599132 -56456292 65510155
-276442096 -919813742 511338797 -369146892
-189557828 -280340382 128919138 -163471951
-528771753 -895591789 430906085 -492614938
-58072490 -685215514 556270748 -374933179
-232209096 -812803310 610902295 -742703800
-756056266 -338424161 18735214 -42996945
-308979333 -930448558 553662891 -463047687
-715764729 -770181872 92634699 -96526700
-121221381 -928120073 749210072 -582295989
-749899454 -724337168 146782715 -190673678
-83863447 -766211914 560162398 -341634677
-254794627 -240773297 18946507 -20382950
-714708054 -99025223 -39010345 156247542
-195451347 -691251099 419301431 -318277232
-392282873 -234094777 -37904842 55567886
-490592026 -960865535 457494875 -444361749
-389640882 -197722535 37981211 -103840732
-696097291 -83797383 -13237121 78532786
-785329778 -665583927 201253704 -368584358
-238134014 -354959850 181340934 -268617857
-754636949 -486658362 76558684 -144595112
-266820093 -476941211 163057625 -138194699
-578679681 -655951165 278042013 -475181201
-26835910 -638704943 490649954 -262434273
-480122741 -899451134 319255504 -265300261
-637592265 -771732103 325302570 -494892272
-996248438 -868697366 2118659 -1096237
-898034379 -638787821 -33621804 46229855
-775496967 -518062458 -62032708 83930572
-367094990 -640385871 347184034 -451045825
-782466208 -127776157 -102169744 280905859
-743345628 -805200145 61451397 -60143664
-46582700 -753693854 684919714 -563999448
-366145630 -413376392 185692276 -376361247
-441552021 -323472094 26027908 -37226036
-631825659 -772749229 266525157 -335695283
-245673048 -377450136 82589180 -67915241
-480908968 -713230556 244848728 -249899105
-588839171 -295990302 -60270936 99108411
-163910075 -13944346 -4627446 30076387
-386532997 -891643067 533017545 -574872269
-337677547 -875231823 523863691 -502138096
-316351474 -587903477 227560918 -199403063
-929149117 -25667074 -204982741 558203882
-166674470 -225485396 74881815 -81444888
-823448615 -815180902 70384326 -76484985
-617279806 -274636671 -23477979 49435216
-2905814 -907203480 774954006 -439320228
-152969726 -832747993 619207235 -483891775
-646022931 -179528999 -143555299 265675858
-685626129 -225657351 -20590647 57081857
-966617554 -978476930 23952343 -23001538
-764722144 -878367711 201200138 -226195786
-271198696 -437757544 195933227 -219099015
-421028997 -220992336 -25932412 45148242
-818547248 -466415760 46329814 -90649148
-528823162 -418906495 64436253 -95844764
-486148005 -812075244 404442755 -489284240
-144153504 -858274062 525490810 -301412987
-415162641 -552781410 215377027 -267273214
-344067338 -402418500 93608721 -102964989
-835836386 -748901483 72017537 -87655058
-796692942 -129280637 -89677050 261651022
-481323128 -118476098 -6648003 27124070
-299603892 -417698764 181366729 -233947042
-227942351 -761824236 515197660 -476871796
-259952848 -981060782 667438777 -567060334
-85545485 -776491252 664946847 -557510800
-940305632 -373198308 -25266907 60253607
-786453052 -551821869 -29207129 40873541
-573231169 -746488087 176480037 -176079219
-953070765 -573740514 -159714005 207322736
-404033518 -227870085 4428382 -6197087
-811131659 -324371032 -15828355 39131763
-656353511 -259172957 -6137489 17218887
-416643477 -990688878 515385012 -454025777
-352711704 -428954445 163382451 -221580235
-840257749 -24650569 -230465683 555015365
-953480368 -2351410 -59901013 332315206
-937344174 -366485750 58113434 -212525997
-179083638 -245701180 47289605 -41478294
-981527843 -675642583 -135903528 165136213
-996537837 -709578574 -57835166 76286020
-481289444 -345489782 -53315602 65467531
-702814287 -343019910 -72520144 121411206
-766041791 -907148074 130342669 -127232170
-670203495 -724163829 283524895 -467849498
-697931725 -742918388 91581255 -96796475
-270834954 -459461428 171120451 -159465806
-744342044 -125623440 -139667704 327568689
-339697622 -787919329 396202842 -345235773
-57013342 -927849798 838490030 -676290948
-416802696 -921833958 559615770 -654129552
-894982468 -794190285 58707186 -70098565
-695773190 -11477469 -14490036 133728802
-761873034 -816924424 196261562 -240964280
-739313884 -728894391 95424587 -110108805
-495164528 -194411819 -75390322 133734339
-602389809 -142624889 -156724236 288190436
-952731135 -962343595 36945486 -36762280
-815682988 -691803442 155333383 -241315582
-905411599 -574170930 39458549 -65694409
-318138429 -411378488 58051034 -51089485
-499347562 -44950581 -91327885 247700179
-141756130 -613960283 422821618 -332645239
-963132421 -87661374 -174550921 473503667
-654837160 -177370765 -153843463 281314802
-534090490 -774594056 373525428 -523495318
-363865188 -429947500 195710215 -358570117
-981654727 -109414735 -28150329 151265886
-780423190 -833320870 150484965 -170845622
-433885722 -222237918 -68894560 102225624
-166298702 -14487548 -16642327 61142446
-914429706 -502321873 -72106606 114787448
-102097815 -774687418 599660572 -429642787
-268805021 -615419982 334938459 -319586295
-875768024 -143072308 -74113964 239265979
-915042457 -588280452 -80481328 110860649
-441861144 -211549410 43812369 -141090792
-590337675 -510270897 96126202 -137424870
-897238117 -734174701 62783737 -82677865
-227331833 -445678907 177592075 -150491610
-22457807 -509725604 349453498 -159622132
-250602296 -856825422 636495194 -750702973
-60051069 -388240562 325768648 -310960939
-659124347 -419588597 100200001 -231704152
-277244698 -542369526 323677961 -438049387
-630413869 -193345271 -80553703 172106440
-653871240 -496334801 38323706 -53379534
-281693580 -767792098 490457972 -496054135
-584152745 -706394955 268029895 -366422479
-204600531 -765698374 541682560 -496795116
-966212644 -683228349 22465933 -31332347
-541127680 -652938164 257928027 -366391977
-715628655 -676784089 148059550 -201465760
-767256758 -352921105 43284740 -112677774
-468341463 -715706996 313862073 -367638567
-97006727 -770666401 610289914 -448155761
-797521105 -165309019 -139355826 315825292
-319815754 -739461754 479257025 -630850143
-812186913 -688942777 186289190 -315836066
-996477321 -392798895 -119022634 222957743
-602052780 -606673115 205517892 -324115587
-944167252 -921357590 1050360 173214
-178360008 -829616814 560845875 -411558554
-221675890 -126504250 -34287692 48071519
-713629766 -394380869 -1723799 4892306
-560670272 -163236718 -106360823 204957536
-217720095 -943881188 483629786 -274763004
-993561715 -380632341 5783004 -12985675
-646359397 -727486676 103075186 -105358311
-548088839 -944594479 383382184 -372940582
-820403514 -991304549 172724614 -171765311
-623568953 -103230749 -84381973 228077800
-320430492 -135494562 -47644919 81805871
-576117955 -216059404 11841742 -31829017
-208127528 -309276646 57913563 -46958581
-518674034 -242121932 51723044 -184827659
-921374243 -245805529 -162239617 332666696
-937170534 -53257943 -44814642 240360135
-474461667 -804717617 427768882 -559401635
-923522873 -642783389 -87710213 111845790
-290945479 -659252172 258735810 -192115893
-241257351 -477929347 270137306 -316870269
-579184708 -31990045 -132127364 338784371
-352468114 -757878423 471866837 -615123648
-490219633 -126552711 -51597410 127946471
-166473920 -853466784 702835160 -814088717
-353931538 -403847298 71375037 -74606154
-405698618 -689448218 310702605 -331681588
-853659042 -901229121 131350774 -144355498
-661274947 -332736630 18192048 -36747541
-663942906 -58639433 -71304445 248023498
-476258185 -256436967 -21796023 38504416
-469672731 -669931381 296874543 -381533088
-660351050 -514849139 -13089665 17749944
-247920500 -250488589 62959616 -82628208
-499557916 -872488887 228864317 -178357708
-804149134 -365395841 67294755 -216134292
-677581222 -2627689 -92324293 340245492
-463695479 -504525335 69038795 -72160045
-801195734 -385873647 73033738 -218312753
-49682546 -584148387 535488309 -539931278
-558036917 -160261102 -3634714 14915595
-567790285 -525509130 127131514 -183478184
-182329702 -972935933 694803453 -512758632
-557419389 -919088950 366253938 -367707643
-436046150 -680740412 289488435 -322306725
-848569414 -350206165 53415708 -174969569
-882319183 -133673469 -93094184 284503020
-669289327 -952590776 305907866 -315162806
-998696852 -235006107 -40384744 133672857
-592834727 -465697848 -21909572 27962693
-836075244 -606866921 160807613 -332357785
-167811574 -575000342 303177832 -203792252
-514487090 -502007354 176808029 -301819827
-487662629 -280853648 -3255804 7295372
-949529606 -843070674 -27886460 31673856
-453777784 -867457945 416430193 -417249632
-135501182 -862989241 737553549 -818466602
-627401362 -935411638 216780177 -188515297
-59456018 -604350246 532847072 -467716894
-880267869 -38964077 -218039082 543386930
-441887573 -868706178 519083448 -701415785
-148409835 -442778075 182630697 -112377458
-324271779 -629871238 256210739 -222379326
-502673811 -898284209 452599111 -512664441
-669468247 -61474882 -68726103 241988966
-608663586 -536273059 142993805 -228870439
-828783413 -853372935 92702481 -99675355
-920655396 -722439162 -20590164 26873569
-910404148 -287907555 16986927 -57114576
-615886612 -903021908 317302328 -332283541
-980060837 -632995633 -138146643 175976657
-347990883 -30286382 -14559934 76318997
-13137062 -536881960 522339300 -489332033
-13598215 -639951105 522652901 -289456219
-833059373 -45544810 -156690426 444166504
-588770361 -175553976 -49983102 121426610
-631115464 -585345202 120221741 -163520155
-618160814 -808417795 295747891 -358799906
-111045920 -437890631 307095347 -265108463
-594598799 -324187429 -14842521 27538447
-333292565 -820112098 542473400 -685824201
-81486204 -647971707 498311656 -346084240
-356541213 -816848034 438245025 -411831717
-155973401 -509588063 252708035 -166452079
-136295473 -521115243 383789658 -378327689
-878384340 -158979624 11568705 -80049396
-809786413 -115768537 -106396748 303361165
-889881875 -365243987 32277542 -88549444
-342438509 -902305261 469229611 -378812930
-789592025 -210878049 -190123722 345812239
-991184016 -512808185 -186002644 261171103
-339396169 -399788412 134153778 -172475058
-775077556 -87161804 -96286072 298552734
-912805250 -178370992 -223803112 447558418
-291667913 -754869884 412935159 -355323377
-579520966 -914596588 341982794 -344559904
-634644387 -454791647 132921007 -307045400
-978343191 -824377523 12516717 -13698119
-467160537 -372641646 83954874 -139348395
-944501599 -554698040 -63159935 97169025
-311319497 -811034457 534603705 -610033278
-456938386 -240757907 -37366062 61924797
-591298975 -39798287 -119002567 319416804
-995100572 -685614036 -71975176 95577745
-553990090 -392015500 38630131 -59481245
-719368746 -566550834 123446929 -206347131
-849369464 -474334330 17730929 -31321837
-722050742 -814817912 240298611 -303890810
-231476058 -45523205 -50456549 106996136
-995959712 -524490119 -90474763 145647648
-172412399 -865316536 670938713 -603766817
-196064749 -444924244 173139041 -127383918
-385461251 -777797075 424303397 -462850932
-940613563 -845195500 34847517 -39091279
-745488510 -956319736 149594136 -137060209
-529240539 -368320402 54920726 -93278991
-166023019 -219383330 61819175 -63670842
-64884095 -741005633 487290065 -241735118
-671511547 -774117332 319943889 -511506327
-806245167 -918401578 135545437 -138255284
-287929515 -926418003 582987043 -497423324
-940181322 -469377699 -76928216 131351557
-951731654 -528742617 -98393355 148811333
-368682878 -368214002 117199479 -177594405
-431382461 -380882489 19038456 -21307253
-975111276 -400667683 -338199 3061080
-303448226 -796173109 511318880 -544397187
-563289276 -162608583 -45118136 113443569
-224741595 -969562110 619998874 -442014104
-999617092 -214546776 -26658846 102091509
-903725733 -197211177 -24417815 92476251
-997804809 -119465682 -100560965 334825883
-142866163 -721878403 489415566 -344125013
-333887778 -924604538 649830493 -913899030
-714920614 -839735087 117014539 -114446430
-918854831 -584100589 73609868 -134215579
-454358581 -906147642 507625699 -584084448
-267349716 -298104286 60780905 -67097469
-128773018 -625529452 507719996 -565662283
-472146930 -190150888 -32558485 68134615
-553941457 -794994186 362293266 -477190867
-353166808 -895913523 556000885 -576162198
-122867461 -413033056 192068545 -117880240
-977280679 -808126771 -41497353 49012783
-496948532 -101372072 -16500673 63599454
-900516799 -896860189 97531119 -108567559
-967911482 -372361500 -14607385 38101738
-460599322 -142560655 -69326893 140607693
-221849554 -795098595 473022914 -348222200
-709443253 -710675913 287455367 -582951347
-678763090 -868077242 217462333 -225481701
-984809871 -541991014 -48601627 81774446
-542792311 -159131518 -76658660 162742381
-548927112 -613090721 56741694 -54711635
-177220933 -751800787 372541787 -208283261
-501949547 -595937288 213642351 -285519885
-627434394 -280519189 -51426940 95997000
-553008192 -90445042 -15243363 69826714
-830191392 -981639164 125344212 -120250703
-996338794 -222696328 -238237075 462295066
-332532415 -867279653 514582003 -484488961
-33908939 -766282385 598707553 -331557810
-729839859 -977640488 165351668 -147497159
-979539463 -807882556 -57721957 66565534
