1000 1000
912770795 977865651
874158641 917302179 861287923 897114355
910784223 972842535 895884933 935169165
908055061 971550786 893907859 952606191
908324060 972285943 877196915 933227987
884686129 977367161 870643796 977117916
910110273 967226324 894147141 903390362
904412964 962543500 887697302 931899198
906823380 960366783 900875965 942867915
868958951 960410922 839751055 948774436
899160640 971125178 831109865 937422813
902228535 975383291 895903179 973893875
900864118 957937893 888957441 938010135
893400518 961520769 867573482 939727593
901485211 972892201 895842419 970405476
867680786 935645679 862670785 930954571
908227275 947119686 905501163 928672107
850869473 930861078 836131063 919669513
898922509 950936543 878150080 910542881
905005019 964704530 897239243 951543409
900946396 965144099 877297598 939700995
893145606 967172927 853895228 945787479
883628681 962917993 869057624 955444164
872516560 935678121 855100442 917425557
899523650 967105531 849184499 926217075
886656497 963869707 847485050 942875791
906734071 972834213 873532089 945161304
876715163 959605902 840659531 941346153
893544116 961541305 874317437 945216959
893746635 967058294 855698315 945443580
900324787 943978217 894101783 927034500
894885234 968315882 892427676 967003700
869774450 955346799 855442335 947840515
906085749 960592464 899400703 943319277
909789499 966605946 897864315 921567126
897920650 958126403 853370215 898908659
896970497 972007467 852202986 955409279
896500965 966650145 888366050 961042392
888446267 951890369 839797211 899939805
896331943 972870535 875783378 966626640
905972567 975371702 892376111 970383804
906678049 948057217 900585303 918248783
883877717 964673826 845353613 947084726
905040789 954548955 897310783 931232259
879045839 924157427 862183361 897303315
893863013 962255885 884409122 954451002
893133458 964259087 873496121 950652523
858651383 970897518 822571775 966252096
910700335 955624245 908629875 933382839
876286027 958842971 830680067 935064621
847364310 907139276 834283013 892994001
886523121 964205579 873399284 957375543
903336043 963803586 875031787 921617391
877318980 961838780 851996255 950391015
854089628 937524633 834529239 924077627
868098515 956257383 864375825 954456694
896481200 936369858 891051335 922537927
892097963 968515099 853336403 950982814
894392730 966783423 857636600 944618967
885121987 953078555 860929280 931389846
880073998 953470560 828693317 915135417
901999820 936368606 893383040 903170970
906263070 972738335 854201270 931719807
897027978 960129686 865542344 924657756
878340845 937870500 866864195 924538783
904020656 964768306 895270517 951670961
911570132 965923294 910369469 953980937
873417899 950821848 869045355 947816981
900927719 969166687 886123874 958292982
902754067 976240318 882720611 972989652
873703091 960706237 854169239 952126530
890834144 955116558 861585276 924784434
904042461 938884741 895314127 899903831
909983214 969217758 898832890 934626186
905094680 977443346 840615314 973895984
890586239 977440710 861006831 976874122
908667560 951753131 905384972 930863115
910983716 934824885 910388023 920477963
885507734 970944856 862139396 965012746
905267082 959979199 897763369 942092747
890095515 931543726 881025403 913014956
894986444 936247275 893010405 931623011
846489143 929415969 842806829 926724320
908923307 942678265 906999563 925084572
880960869 972434965 865055906 969719622
901243455 961933118 855134095 898202986
876684427 939329887 858641243 920062005
876692288 957702291 828587612 930817811
898755653 963685603 870725369 935325507
911708905 963979941 910009881 941762805
901449068 961556553 871257796 918065625
887250165 962180507 874489850 954337935
901037434 963716858 877570712 935419272
892329659 962901876 885515947 957913951
894131466 966711387 875492137 955557123
876400209 969128819 858214916 964760403
897528755 965027388 831479915 909394915
876621224 972969468 867296423 971706495
897561186 963049071 882351577 948232491
904882994 973972198 873331790 958398386
894818108 958105543 858912734 918585327
893639720 961186339 855377570 927827715
899064419 967394675 890497934 960850315
868753426 973134023 844743952 970553135
849829224 944401262 840837571 939620635
866788364 940364409 851460887 927863995
881739241 953915701 835191910 917990776
906644941 930619550 905769819 923870107
899150369 961797151 892340156 953762901
875163151 974843405 856359329 973332282
869385112 945078094 865440959 942097407
909659893 943537845 908104442 926373942
901172232 966810127 877975106 944699079
875972047 949192413 839173299 920519175
866856171 921556015 843898859 893401197
911660190 971818713 904996560 935537085
876627650 943022831 869399021 936054267
905815238 964446054 891904124 937606860
881928380 960747701 869591414 953900521
891976849 961833351 839991984 921752601
910127671 963109223 909466890 959420116
897770884 964750725 867771062 938520873
901130770 966786992 866210695 933551015
877221455 946041821 873666521 942859438
878800233 958765131 861814952 949214871
854757126 939577961 838181792 928638621
902424845 948582135 892653670 920925481
865384955 976089243 835768805 974978988
866635675 972654823 843568115 970049409
899605433 962255915 879857390 938841311
901219255 945027934 899118975 939057440
900115581 967149882 874805153 945718344
904659467 965039689 880325483 926561803
852671574 904331199 848260622 898934175
888038471 969612255 863306147 961358859
906758351 970265385 874691983 929730633
856398083 949705491 854049220 948532151
863607045 945674946 834108795 926360523
893358781 975772602 873946767 973679553
908367626 977332630 877545443 973601483
883994435 916619131 875361527 898245175
869862386 936779286 841256780 909388376
892849952 971292364 872929109 964719077
879109221 944825815 845447647 911785979
869629403 942876873 855248939 931213947
889919444 965753208 841677703 940182495
864459092 942310065 827859317 915374015
876126073 959063705 857803712 949662732
876552861 958396891 840334927 938928131
910959526 963656738 909148257 949447825
905766379 958623422 898761963 939381193
910169237 939412703 908868458 920186229
903790188 967025340 858887153 912823785
897516773 936595440 882262751 895325229
900000407 949517539 890422616 928256455
911841190 908093876 911655269 894139521
912315219 944412191 911745749 902595366
885205797 947449613 871423298 932241594
902399405 974729113 866099540 963751230
902725864 973988298 882636002 966233592
910733785 944614787 907678270 894738491
893077937 962456523 853692221 931638267
862368407 920773355 837167213 892227207
896725377 961948303 864634541 930113607
887539679 934790363 881231900 924021541
888664609 966200351 852505330 948702401
904877852 968372887 896984909 958880123
910937254 964358468 909103713 950851285
899105904 973169064 844446340 954382716
856889894 961964382 838262927 956663959
902102939 973028636 870099371 958517591
902568573 969836283 856658574 933704127
888384143 974796125 830626283 967526195
902120924 968412868 848871569 921148953
906617471 963945455 888157499 922184867
907431286 958170067 902091777 938474483
892934755 937418899 870619210 891916303
900855251 972165479 882981935 963615221
888900268 952709585 836606070 897599101
873003266 972486108 859747423 970692927
877964537 947041139 843158279 916216627
880974825 962568873 849178855 947272095
912596988 958330572 912423181 938795493
890310227 973548402 875336515 970670236
864768095 922140012 848767195 903564799
911142212 960877545 910599351 955214843
886594283 960017821 860417771 942169991
839099931 940618235 829891073 935962308
888063267 960895849 863355739 943926047
904963349 963942056 881541011 922171271
907279406 965521081 890805239 928487371
905713222 970079819 884540503 946722323
850086155 921287169 843121195 915000671
887068181 974570688 885436269 974361484
908125748 964247832 891093909 914315829
899321105 968983358 872421725 951218772
904715282 959698674 902030111 953643015
894905208 968825530 877039621 959785409
909031379 971536237 884725175 930395046
907721406 972642618 882474461 946527453
899796267 975557491 894119911 974547671
894230705 952053669 891140690 947751672
891662987 959381250 835375499 910089514
865813443 947486770 840528715 931128911
900012821 969064475 880875860 955862711
856811813 932511630 838158819 917393623
877611963 945054561 860032547 928649016
888374879 965607057 847715019 945176067
904483567 968004763 875478269 933491655
884137685 959016356 855504575 940167061
910574124 968560290 901787440 931338846
875388409 958680467 856697216 949087875
892546477 976603835 872322159 975342019
900870883 949406177 894920927 935176440
906301264 969603502 886892671 944817055
878129449 947412435 860808776 932185827
902732244 964191210 862578040 909493446
897270045 916272351 893549865 901489959
863816423 973727535 847498299 972348163
839071829 907389663 835721876 904186209
886078337 946637499 877180851 936228115
909747870 960109501 905757609 936671383
899256533 927572118 894751779 910807607
883016589 966593727 853262383 955321803
871769435 946992843 822226125 909688200
889857245 966438256 834864725 939012508
909901370 975494096 895554245 963636321
892929577 973828786 873088359 969791921
894703539 965865168 840501771 929863719
902598386 963413335 882253568 934508703
907514662 974663097 897002396 968257989
872082565 932498483 862835240 922187763
837955563 976994635 828603659 976885758
891638275 952467657 859939495 914370666
902632181 976880114 862077725 972937966
868314395 957159026 846975323 947219846
884599947 942937649 870514523 925473648
894844709 964927618 876918623 951989585
850648139 950585671 835117475 943765676
832216859 913780059 828860445 911109826
853893303 973076711 839173930 971879476
911107676 974330178 900020216 950760358
902923328 972511005 889793372 965371477
903453721 970588818 894136647 963311985
907305651 951421845 901840507 924978039
864968936 937229720 823995914 902398922
890371499 968352192 882905067 965181039
897588066 970962223 852039879 950251939
879254951 969751143 873668977 968398725
881179367 971855541 875914129 970853856
886998545 944982805 874112420 928541382
902977932 931214892 895032779 893366163
888014942 959360328 846755187 928518123
894027107 974821158 869035523 970761834
900392840 976210478 888014885 974555305
912122131 957741231 910500471 907430181
911688304 966537973 908440831 932554939
906928807 970714024 848508927 899197754
912229681 961260469 911959124 952957878
862940390 925448907 846330255 907976659
893253781 957369079 854219753 916375935
908421622 975401335 847533200 940900911
895181432 961697863 877592069 945530075
889575595 957738065 866380395 937610479
904061838 963180117 895352881 948494583
911515840 957765356 910762867 945705179
881016009 972081899 849261223 966298147
904040632 976228352 877850143 971316455
906142501 955058943 902828354 943655589
877863671 962292709 872876939 960068003
901746255 958895836 895131531 947513947
903889558 976563353 859483373 970051863
896567833 965223090 864161909 939937968
887880577 951662261 862990359 925458871
895141087 966100261 842251963 930804091
841866740 977175941 827685929 977037999
899157523 934825103 897724547 930294519
879434209 976186489 846097623 974507327
907886377 961115233 888348705 894113561
902425686 975870818 871390359 969886319
909771882 972267648 894777317 944277633
904620717 939277595 900545678 919983567
908686763 974224510 904602731 970583369
902208154 966312464 891645513 954759277
896111783 948357588 885005775 928685546
882772883 948192577 852774971 918519503
876542063 962152223 822198965 938582081
895384347 969110774 860611451 951601020
910685557 961667867 909642938 953568975
897916281 967016407 883061767 956167163
908506118 971742953 904241441 965620255
909626449 973450351 904909930 966827401
897829594 963054610 853005991 918621487
910629428 976359252 892784703 963805927
872502505 959396971 828207386 939081423
901909715 969491686 847604315 927621861
885860772 907355103 876500764 882829695
886053399 965520861 845977305 947003676
887938563 953713489 875522447 941637408
904664596 974327402 880345999 963712655
888159757 976704791 875854238 976124361
905557801 966613099 887525316 938481719
911858551 948264621 911402429 933464106
877144643 975621923 855402212 974252589
892002606 945429364 890405053 942934265
891221610 954166096 878292099 939946363
910178391 976372030 873884735 955461336
896712430 942251996 890289084 928006534
893354337 968574922 854521421 949993464
902950765 953576213 888220720 917142056
862480310 918907965 845716815 899255403
875591571 960669151 847707153 947771776
907904529 965130961 886006332 907824856
892915311 976871092 873059827 975876533
877567457 960732839 859965788 952166433
895904720 951706151 868919000 909850951
886323915 969127061 881034539 967379343
893754628 959220696 874738461 940575741
897920567 961258668 878120263 939116024
882020873 961802001 839312648 939491376
901185261 953665285 889599727 929464919
881913854 977285574 871628207 977092215
907072090 964428002 895674680 937552704
894678209 917930586 888647347 897952231
830679655 948794631 822470541 945887529
911676431 953218093 909487703 903922977
900249791 972217204 862686779 955271863
899465189 963242932 886159583 948620213
897308088 976764313 835457260 972358961
903881166 967188926 894991537 956512201
907884817 965709163 898112861 941396187
895355093 964925753 886647242 958455804
897683291 927751923 886996309 892254699
882806301 969060769 852841807 960255887
878676803 937819341 850265143 904447416
884299959 965765415 877182250 962740356
902560567 977012064 834006179 971280837
886546004 957647730 863423070 939821176
906968675 975270293 904067615 973972614
883867981 965089189 840513760 945924496
901990315 944120033 891209835 910374415
873323939 965557848 860174987 961455247
895680041 962698993 844407779 917199019
899137119 960804082 879660439 936430412
862734452 933780318 846055671 919085207
895454652 977570071 860822366 976978911
885883227 974980287 879161335 974258946
901212293 972422790 881948123 963351355
859961027 910922805 845291647 892327570
904504658 953226751 903753191 950986851
885832800 962275146 838883723 935103123
853914602 929232219 834295871 913021075
904098673 966459956 895426551 955054261
887934143 960407693 850679165 934220756
897294758 920764491 892136079 901730771
892834845 969534266 821065425 939541280
908361889 959342698 899544077 922296792
895714627 969734446 861602291 953472036
902179717 965207323 859815405 914574011
847457330 953819251 834394637 949009971
898891020 960333370 868996120 922571534
882254987 909783155 879394130 903400421
911254775 972340968 909233415 964974724
900776472 977773403 888782149 977681155
893805568 969470327 874840341 961075003
882547589 965114163 864077852 957321587
902778532 967487209 852817217 915594999
892591893 957326361 842144638 905978136
911141171 964204380 910597963 959650623
901451043 967708090 890131291 957550529
904860851 937918833 899587555 911287621
874088345 971566937 835405895 965268223
878388083 973758360 855466275 971020166
893954160 973579511 878900852 970150599
905755317 966415108 898739839 954964565
879061814 968210715 856589160 961774091
908945899 901535979 908467787 891994770
847146733 974282449 837771867 973770563
892907400 937702991 884962042 921637927
910156898 964067375 907543001 950269099
894158231 969178110 881749855 963386416
891406628 940876353 884285239 928546587
898592818 975143542 841880910 964255106
862144947 922012115 855816716 915030423
909771436 976442272 900773359 972172135
891500487 954197207 886182910 948280096
870568545 958614639 856743670 952308273
889181666 935633187 881318623 921555699
907116981 959401974 890155539 904010943
903507357 975367859 898875638 974118963
904268855 972155508 833419355 924570983
876354950 972227922 839939105 966590193
903692658 971593966 867380110 946507226
909889311 912324619 909168940 895939361
886384256 964447437 877588743 959974699
902506087 965103965 881976671 939580593
893770851 948041947 877145900 921946206
910862541 975131944 859339683 901321855
887205140 940915441 871865747 918745315
885749360 970636047 876742215 968226179
888292190 949358370 880132655 939855943
896973257 958926949 865378181 921049545
894668115 941820551 873850033 900368686
900442885 971977500 863459155 954313047
911024396 951492948 909860130 933911146
893591405 969189069 823266975 937374935
895852158 977794007 862014884 977650719
875699179 938964891 866431275 929239701
907307115 966926679 901843435 955987707
894389907 961499848 857628131 928768242
907614153 970998882 897300869 957265344
893555792 943479342 874340789 909093033
909230537 965322919 905690279 952780187
909223577 969851156 895034705 937793176
867800726 950164479 852810703 940930755
891549683 968499909 863254867 956012253
902214594 973867097 891658393 969868543
868035048 931451463 844489918 907022943
873820478 916644568 857127485 890406961
907853962 965506812 898020296 940789134
884631489 964317971 842422530 943996451
912093973 939282103 911417151 900698555
878828029 960148605 861856646 951290082
899121655 962421985 844525095 900647321
847237031 977440243 830853590 977333891
902603030 965116809 848374950 897122985
899500054 962328573 846417090 900180261
860546819 943626323 827906834 922226743
882866125 961511536 864923323 951699067
910423166 976595869 889294505 965167831
889213077 972307503 877434218 969528429
908783862 958325701 896509484 898169001
871977647 954683457 858379931 946956059
895723048 967950119 861627554 948119055
910984072 968469976 902050457 921491601
902069232 958727736 891367669 939589821
863846111 953396250 847537883 945239783
882891910 927652371 876916133 917609715
866968971 950187435 849793287 939808104
886441013 934707354 877664419 920321255
866925853 943075313 862758131 939912555
883105729 970793293 868273196 967257114
903453056 965856590 894135317 953847529
885020275 931382741 865594911 898844704
864742934 961935915 832724360 951316091
909316258 969990447 885134499 914864019
911967531 962755836 909901995 923902026
903349233 962165468 893927671 946465285
903602887 953494193 894434979 929122735
912274051 921645477 912041703 895348944
891495695 950362733 880858145 936611274
894273125 971000112 844946005 952692008
912244943 974847739 901464977 912980543
906093629 973434750 881610687 957188113
909613602 976284220 906456409 974702789
884249525 976642290 871573405 976098574
907741297 975373437 867505313 955435725
909497632 971882707 880039165 918036211
908516344 962706033 904261893 947546415
880855870 905170551 874472885 890631531
893977089 970329199 837595971 947719843
879324757 953470933 845878719 929076215
897366848 962367664 835751060 900375716
890782557 953669505 857800200 917375286
885708687 938084279 865412106 908248250
860993155 939144499 841576540 924624067
861087975 972974171 842998988 971262153
865353815 912042842 847116515 886726377
895600566 959653957 844089879 905018875
887339697 957847985 874624148 947839152
870027879 975181143 848656421 973838889
878528377 946180763 861407168 930338319
899309813 977045602 885848831 976225553
894615420 971807580 876460045 965749509
894844445 965326425 882893545 956966941
897082839 946591015 893160850 938772356
894760068 973033582 858738614 963369444
899970125 940195363 893569790 921360219
896591210 959426069 864232040 922546905
872961217 958747395 853056428 949188267
896836177 976588834 864966941 974035200
894556515 939266889 885449375 919967508
861329645 968529285 847712870 966057894
901678300 967320119 835123330 904046927
905817090 961783967 898863385 945702283
909998890 959067279 907226985 940268907
895571574 966957723 843973911 934233939
886408931 943963771 863342300 914299626
887645357 971791087 849957200 962679241
871004135 956052231 864043025 952416661
893467958 964308145 874165121 950750639
907567179 964388569 889354523 917218782
904201532 962096472 878493743 914788935
889396999 939898225 877710101 920914512
911112325 973120177 887893745 906683541
908615025 951661219 906537140 938559003
911130358 959540645 907849484 922890633
866442002 914727450 848792938 890674802
908630889 975853714 879651547 961770155
911742056 962000574 910713317 946135497
899882620 971994890 861218095 954382607
902530628 972018109 871810127 954475483
906099492 972519999 872742977 945791739
899381998 961974535 885993201 946083419
869009291 955620012 854422123 948204799
912629561 973554030 909899037 890196024
896791222 964794235 832872930 912508571
899664765 971174710 860346675 951101887
902117003 958833814 891463211 939801977
910245821 973947138 873212869 916475614
885905984 972930912 867996110 969641086
889282688 944156874 873623950 921684356
896460003 948659033 880149211 919452415
911675517 960678970 908389683 909118927
855959520 969554026 846869716 968224166
907374305 955882373 904676060 944890734
908461743 966112052 900627103 944741872
890041607 973378059 844583231 964402875
907559487 954753871 897136871 908530311
882217736 976377582 841480324 974393490
897975840 941548125 893748710 931171689
892205157 956225115 861356700 923764311
902607442 972378735 861954030 950431071
870864390 916825366 862483109 904617309
860297160 941887426 839307706 927496136
886502077 944322277 860233359 910778903
897313266 959186812 850940679 903150295
899579316 976277015 878849849 973780587
890182667 952384765 867594539 926903879
888651241 915482001 879044300 890634276
878920419 952029431 861995231 939111321
873408728 939241698 860288039 926367047
891250667 970824153 862557163 961435489
908306479 976555595 897145689 973280455
903615002 938403678 897511140 912095696
884822729 963815883 838242619 940399603
893267945 938211116 889367375 930280209
903903364 964052997 886168502 936427689
894653546 919469208 888614463 900003727
884042756 957455541 874466743 950652171
899345391 970875838 859069179 949906399
890239364 975195018 875218410 973414596
866925992 931397154 836362790 900418156
890697183 967114147 863105168 953674767
909197996 956240241 908007063 949031771
902544883 972239284 871867147 955360183
884330280 949753056 872954074 938508018
909100292 942956580 907876791 931320223
900682867 960611518 888594939 943357385
900531769 969082201 851575665 933948401
892245835 953007725 851195915 903291873
893114549 943291961 883286426 926005116
897404122 969144777 866670776 951703029
895393237 974263080 878015679 970660509
896207801 966950584 846518819 934205383
909164850 969161892 905558905 960458133
911441410 962846769 910112025 947827887
891140970 955171812 863331195 925994019
843408617 970938645 831848254 969784144
874298307 947908975 855062063 932930637
879927556 935043245 864998811 915578515
908909359 968880228 905047923 959894805
901643938 969732858 857136510 937201686
898370170 962855131 895490045 959853027
908722970 975557841 845846755 939709859
891390695 967258576 883693859 963440029
836907685 929017521 829321374 924132708
893578987 976676310 836003563 973108287
897325820 943977608 879674420 905248416
898080165 968606112 883389535 959346573
911717192 961990082 909609986 930238944
902721747 977571588 892672699 977277525
904659726 972768141 864104381 947280591
909739239 946639299 908981350 938832711
903584657 967278472 894398519 956691293
909507621 970111333 900319210 948276806
904774947 977404281 844806087 973944006
900601504 962966101 864093631 918267451
905634551 974913983 900282368 972700232
903576960 965750318 875995455 929404319
901511533 972387692 878993009 961431774
910870633 969452300 905170147 944212247
895381670 942520757 894044045 939801919
908562127 974723130 849640775 930727836
905888939 958683587 905176007 956696404
903895268 962061403 877268687 914648659
867487163 953298979 833524439 934873975
905383755 967740848 868448555 917116833
911775519 927769163 911526700 915245041
904110357 973735550 886789481 965475348
863727892 942378276 842709505 927169401
897011846 969082099 865493948 951514995
903997157 969556986 895223519 961248321
894370946 960809890 875971097 943754129
911636861 949458335 909935960 906847361
903369209 945907032 897101485 924601286
903874214 970172711 894977633 962479771
911707733 971549579 905784959 936360035
910397358 964528556 903277047 924517271
885841328 963623703 858911861 949381755
894835741 972940125 885868214 970477362
897713708 977724866 867599534 977443296
887779367 972000215 862787939 966134779
908651190 966122714 904531585 954379777
906085584 970743156 845918685 906640701
878254253 938336005 843737711 898806359
910183638 970681381 907596481 963497111
901660440 971792725 890550085 965719799
895352310 924270006 891868613 913550877
900254314 959168639 875221352 921774615
900858145 973437650 853207545 955725646
899920212 974773512 874219046 968589234
897147063 964764648 865899599 938562642
904820623 958750044 888920279 920518830
896928108 966153222 839353465 923588541
899640480 967723342 886510165 957581033
909329289 961980869 904167030 938153696
902566681 968138681 887260510 953548226
901706346 944218767 897376779 931052595
855932489 976766504 823453457 976138420
904521774 976801759 846778627 969354515
885002425 964033569 829465685 936369405
899616378 975794631 886461961 973723611
902181170 965313487 870412295 927656995
904240708 961156343 887180534 927737727
857080519 971289179 843157950 969645061
896161016 938214801 893085131 930872051
897543578 970975576 851861927 950305351
910947737 965782240 909124679 953698829
864343906 940734767 836671398 919517119
894146167 952461239 892453019 950151747
894370816 969202784 875970837 960539917
893494661 975258434 854942393 970044000
886073165 973093704 877173955 971503055
908432975 931760709 906987035 916392395
892849138 964747129 872927481 951628607
899966020 967204573 874356470 945882417
872496205 944997041 868468746 941710180
912037320 977706068 884898745 971801497
906989258 957938309 889644647 898156283
872315605 953015421 868270086 950530398
911311735 963499560 908393615 934767378
863886871 968114487 851665890 965676696
898876124 977831554 882996500 977792586
910349986 960842640 907929177 943819629
905251761 971975224 875175625 948413516
898585374 963759992 870214532 935548674
906634055 958438126 905406707 954552621
888026768 934232682 879778759 919688359
911412924 963312215 910055053 948758779
875449831 968529907 866119590 966195971
907937606 962787151 893438039 917551651
905390839 930736019 903545850 918953611
877597465 941208313 860010800 922879644
895693356 965819336 861538478 941726706
905856069 974567030 871282439 958073925
893968939 967578371 883392895 961791776
895547293 972873612 878323791 967881573
907690838 960615129 904304200 949114781
909353430 974362378 905936065 970859105
895862679 966177503 862046447 942801207
882971108 964663686 873037879 960263031
909508597 938641511 906246399 899417371
874767233 940504757 855765452 921824310
906503144 970827505 856361936 914522337
853496600 975335640 833738535 974492303
910999116 949349975 910492922 941202639
894160524 960849026 838329711 909799151
912438094 977404433 911772692 976481997
909800590 965135015 897919770 914212471
895791789 964937892 878812783 952010133
868326157 958113275 865151540 956702391
894516194 976558162 876261593 975250673
885692367 968401163 872153153 963668919
899365778 970379706 894897439 967884391
882544361 960807683 837204710 935220731
910516603 950109847 909953055 943170896
870978407 965080267 850082213 958687575
846598541 939592617 835569832 933213778
863402919 922311971 838718981 894535131
904756899 973953117 856673523 950477913
897473443 970190925 866878739 954841473
899471049 963366909 859571811 919870683
905016375 966536598 881753115 932549439
912470677 951222317 912020500 911257316
853490834 932709267 832210848 916499283
902341608 966273540 891912421 954681429
880688881 962788649 864647924 955250148
879396674 935189017 864226619 915790547
909108092 976669290 861492953 961116597
907913041 954996375 905484164 943561737
910883554 962004783 905221831 914422179
879382804 933718226 874613091 927411451
901907054 964791667 894368948 955719923
884612006 919258524 875225743 899722815
887260058 949071914 876326885 936731741
885428021 957996078 839856731 924880123
895735702 966569637 861665516 943977609
875643189 977098439 857079386 976714833
886030241 938503347 872659964 918822195
877859910 956198271 870877733 951864795
910961711 967119929 907343543 945628485
865907483 938682571 824902085 904397376
890747069 950376089 879735206 936631308
892569601 960799425 852167213 926666973
898286843 969593718 854834987 944777919
886498483 958958581 860226171 940051511
888145051 973815325 851206435 967739836
903940957 941714366 896262837 910278466
910734038 961073872 904623767 910698535
893596276 971994818 874421757 966123985
909005100 958585257 897708015 900744075
891813543 954284535 876095604 936598698
891715029 963490867 870659263 949116083
910516431 973221125 893608701 938387180
880826959 943160785 864855041 925808352
902119401 948358125 891468007 918850599
887859713 965804286 862948631 953742921
845210608 912432781 833110276 900713461
896566886 975402184 847955159 968011783
895560829 939450251 886955846 920242551
905438603 976675576 846781067 967154976
904322370 967209621 899253315 960816003
856355283 934453527 828147527 912747465
897037171 969632445 841969487 940816224
885632685 932341316 869349819 905026715
847382707 913874227 831035685 897876371
884245977 933137996 880171003 926748331
899952087 971486166 885302135 964195326
874876015 967837516 867297059 965831889
908458500 961652596 893796697 906528209
850648059 946229327 835117375 938320246
897689051 971356550 852443819 951829247
894449921 967410656 876129047 956955661
896929385 951358289 881087975 924850927
893157712 971987843 853931546 960232227
897621881 953772203 874898510 917632031
895984978 962777570 879199161 947689489
899888536 962675322 887006277 947484993
900720257 958747584 896703411 952374895
897910315 975083921 886021931 972858537
876666716 960142979 863537960 953698371
904760951 959253136 888741263 922028106
909631672 966435086 906492549 955004521
912359922 963766073 911127303 921467339
879474495 971546011 862826345 968386191
899371942 975729206 845776530 967183426
908052775 962208896 904278359 949683492
897398910 942798591 894324533 935785179
897149151 966419934 850284219 932082783
891276977 967141607 880530068 961779585
908891091 926424579 905981313 887843775
907856532 973669943 863628165 935908571
897604517 964596254 852105683 924788063
906292116 972877553 873898721 947937063
883792863 938025915 869303897 918106047
891840327 929628852 878960039 899944668
874849961 944936861 855889544 928472466
875350479 957330559 847285242 941929240
890365142 928171419 882896591 911606675
894670278 965071409 858469244 939482925
911693940 971141002 910617085 964416353
902969731 965403047 902619693 964957954
869225948 970515591 854710999 968065571
895803015 922453175 887319125 894746937
910629353 969529617 906703376 954246888
892754803 954624157 872738811 931382663
842128250 912375731 827999741 899277747
899683197 970840256 886595599 963814861
884815583 941336887 863849174 913940314
907973351 969325052 888783575 935162656
881202977 946035395 865419068 930120267
855673154 949791795 836640607 940433843
876854992 945887425 866593334 936750789
904669029 955370783 896567263 932875915
881236303 932345308 869769215 915792456
897835520 957243491 888874355 944870195
897810806 966267278 837970850 919873786
876834691 943685187 867850665 935140071
896740588 970565207 864680174 955964319
906265013 977651382 856387351 976008653
902846233 973966226 843298861 950569676
902544215 927652865 896644265 898683950
888576931 944421563 885552698 940241052
910170489 943578139 907570183 909290627
893884682 918460233 891786225 911859631
894434270 956477304 869985570 927959508
853613660 929590291 829950806 910280147
907424719 958565932 891386491 900666775
906208355 976902758 886521035 974014079
885066525 959253307 857362255 940640963
895920865 977486274 879070935 977106897
883747850 929015457 874073535 912732059
889452633 945520367 866134471 913175083
902180399 972191219 859818815 949493491
899919827 939966282 895636171 927333159
887589467 964215667 882867968 961656295
866312890 961483486 847729728 954930620
909727742 946727331 906684689 915589011
899512270 968415612 859736695 940065495
902425078 965409188 892079361 952952725
897870171 956972139 881106969 933466938
899784892 962794987 897929763 960642035
897174803 958785382 850386827 901544575
912585335 928443966 912548243 918559629
893367389 933507501 883665686 911328426
894236157 956580805 875701519 935295959
896631796 963200179 880492797 948534707
882461863 960738937 867307397 952175580
889618935 959608053 831739285 913964058
885941225 965809757 872526440 959781810
891414529 974320175 877926361 972080927
894896638 961276959 859148324 928099575
904366381 954514213 900164174 942838494
887086483 945153449 848560015 896085146
894193858 959476739 838463047 904310003
856803278 945543600 854730407 944346487
910096553 950600957 908759432 936968610
836002722 948587359 817125327 941387779
865499820 958832217 857804545 955733751
892381870 952393771 876070730 932016267
894767998 967737654 840759607 937353663
886799241 962848161 873813464 955339416
879307160 963067533 868152615 958134827
905085051 969011175 882027819 942447747
907450095 923462786 906869655 917527928
902512902 963915084 871739223 922063383
876999157 972053837 841227519 966242023
903162043 975273176 893553291 972680701
868347370 962062276 831031693 948787441
905604102 961686918 891270716 929329452
905426165 966267122 890736905 943070064
898960950 961058936 893437012 954336250
910945481 936258729 910032824 915455268
909242703 954491467 901304496 901899553
858539777 928251813 831424268 903444894
866293565 941528454 850801155 929416055
898691964 977750291 842376640 977288851
884721789 946511603 856672783 915157555
835413086 935370396 817441093 925497761
880660679 963554909 864605621 956399538
876983018 958995459 865053759 952705395
895158364 972027645 877545933 966189639
885618090 940849961 853034844 896431133
880922216 954002529 863228561 940745239
878832959 904459755 876004806 898342597
853304765 956057523 833482755 948788147
907641176 960365510 897381938 925365228
884746163 949014984 875404619 939398095
909384366 974000299 882292934 943077483
897152781 951750439 881534767 925635227
881788083 943951505 866296727 926994432
904039708 972447610 842922099 934521323
859045712 923114865 841137351 904864603
885464907 976172895 878638435 975749706
911043070 933372511 910697525 924473883
902201087 973063457 881061671 963459069
912702147 961372989 912393231 887156010
897115293 970786970 865804289 956629608
906741315 958008319 900711835 938150987
895705220 969445699 878639645 961025747
905429373 976700680 861380841 969710854
903061400 966881770 883642610 944914008
904671845 966539514 872276045 921234966
911321666 968512095 902626892 912390759
885088939 957173199 864327547 941653860
882581852 972738141 862455890 969319801
870073399 944363532 851774515 930005481
870592550 967911897 828414305 957958143
881187443 952675793 865395767 940080864
867234362 964969701 836876740 956372401
898563318 973496519 841733410 956019991
855909524 921781242 849591605 915549641
874058335 937825976 850830859 913802171
896635440 973120226 890181298 971222056
893471676 951517399 890714659 947753363
883586809 971750805 854402823 965635959
889177987 963671543 883279785 960123016
875959937 957633698 833139143 934098569
906348865 964917725 903137900 958443762
895976714 959595150 856790525 916963981
862151011 942091783 849496065 933148316
888433789 947663975 876265286 932563137
906067618 962476050 899364441 947086449
901524551 958707890 879032063 920392368
903876110 938852486 900318236 923247220
870754491 932763682 847836507 908162608
893166715 976127750 853958555 972651948
904342663 970121478 887486399 954633132
891872355 967801105 850075475 947672013
893504837 971449773 867816893 962895269
904400658 977295310 887660384 976154628
869593039 949065059 848004161 934664763
873294577 945159767 853556468 928806825
899691169 963445588 888480061 951085534
899669233 973087289 893118452 970698108
908594104 970899685 896064031 950001787
882864990 968003594 865273340 962202384
879215741 968166673 845660687 958467695
868652765 946098784 864642035 943210887
909809090 969032765 903885680 951366993
897341173 960632840 881911551 943400029
870244855 934133843 859613370 923200891
884395035 929400906 877909147 918323250
883027895 962683086 847336415 944464008
895815591 968372065 887337989 963625272
887870093 968127321 879569859 964881211
872276499 963143607 841905777 952102074
904986662 966168086 881634263 931075391
891218713 945195883 880442672 928860999
857628362 959993679 839247551 954036355
895054721 958622784 865527931 926551339
893895271 956716245 884457509 946141542
895590626 977083920 832596673 974217573
889426710 948575115 851774960 901332315
905061389 977706145 901206686 977626392
900198765 972004578 875054705 960282432
904203097 939345787 895635399 900825923
909847527 964361719 909116710 960985736
899453261 948735091 886135727 919604531
873034167 962631341 853165853 955014186
910019939 938067739 907269083 898269827
897141044 975317855 865881542 970222263
908874804 967232979 901082822 945967635
886769553 958563425 847767690 929610086
903827739 954474483 894325742 929621367
896461652 967455239 880152509 957044827
895757989 967520556 878745183 957175461
896228019 942312941 879685243 906760231
902708422 967004073 862458930 923557761
904065140 971895982 886653830 959956644
898384116 960377394 869610758 925400880
905660373 952099636 894671539 912279431
912195704 971689270 911045522 959336508
888315086 942257397 872011280 918518561
895366573 969509069 843153907 944439323
910303518 961649558 907836241 945433465
865030351 942467383 841160129 924768249
907582679 974913013 863483693 949815590
910494871 961726615 905943023 929448543
866924324 956608887 851642167 949523299
887361254 975549681 861951713 973233711
890135420 970406116 885608345 968914209
900660625 959805396 893394523 948969243
857870030 968932636 824929571 963572827
887354795 950674437 857702795 918951354
877706743 969997319 825110665 958194821
870317780 936660732 827864765 895455813
884204727 933564643 855638659 889263635
905281384 964960772 897791973 952055893
900454410 967285222 851188870 924963506
879757791 952174001 863251289 939328176
911378800 968714216 911100401 966883929
891920053 964883831 871069311 951902011
903204729 969728048 864940465 937177636
899956079 932889417 897820293 925393378
911144877 959801056 909518959 941736461
909215772 976117720 891440657 967378065
907520997 960610979 894396502 917474299
841803187 969815971 832932236 968809761
893900868 972679285 875030941 967492919
908545815 967107290 904320835 956348929
856884725 961377393 838256035 955881307
899600801 950107703 886430807 922349755
860674517 918508740 843309091 898723103
895367917 960359378 843159283 907840559
903387501 970403450 894004207 962941249
842384685 950766221 835346074 948056278
905783023 969841530 891807479 953793288
908104577 970011267 872330239 909794323
892698245 958186929 889352820 954907142
907328380 976006388 896443550 972287862
901988179 962445299 899292525 958590211
887984450 948404310 854935990 909122522
899205956 976636241 872076278 974177421
895538906 969430751 861075128 952560951
888305333 967885015 876072602 962894697
893887170 968733015 837236295 941335107
893353343 957943363 864227165 928059931
885259363 974143317 843992215 968559816
868438766 926574429 853661423 909477355
901195994 970087682 854896790 938975806
911492909 971018193 907446270 949334576
882421185 930901481 855106536 888633728
876557696 973659631 857058335 971394851
908611827 954954023 904452859 932042395
901211533 972261278 878093009 961052532
888614545 973548129 840302045 964913085
887281952 965035758 853296828 947929234
888264415 961553727 857631440 941163822
888050957 952514619 867451092 931388759
899214883 961354476 858547147 911820951
908618695 975807152 883706095 963456158
879712189 938756677 863182886 919202190
895462486 962005484 843537559 914424983
898318266 908932360 894188972 889237134
909317424 973572804 892050569 952108569
890103319 969725903 856102105 957516281
897405762 976473161 882040729 975080671
875028043 955345469 837285291 932825287
896278506 913919021 894779207 908105691
854852564 887020443 912770795 977865651
881978929 900007353 912770795 977865651
860897721 908402136 912770795 977865651
868303445 922068571 912770795 977865651
828516797 976370181 912770795 977865651
888826097 882111708 912770795 977865651
870981640 901254896 912770795 977865651
894928550 925369047 912770795 977865651
825147107 942956193 912770795 977865651
817499710 930682340 912770795 977865651
819998907 956020883 912770795 977865651
853237410 878226861 912770795 977865651
820223916 899773437 912770795 977865651
833771707 943051501 912770795 977865651
817580776 888734599 912770795 977865651
900957643 897926142 912770795 977865651
830235699 915192887 912770795 977865651
864301794 883613773 912770795 977865651
889473467 938382288 912770795 977865651
853648800 914257891 912770795 977865651
834270039 935094755 912770795 977865651
821915969 931264129 912770795 977865651
840477475 902100291 912770795 977865651
820040780 902544811 912770795 977865651
821370752 928879847 912770795 977865651
813164849 894846924 912770795 977865651
828640987 935259570 912770795 977865651
835864079 912568267 912770795 977865651
836674155 934636223 912770795 977865651
887878779 910090783 912770795 977865651
821158494 928950422 912770795 977865651
826778105 932827947 912770795 977865651
879345565 891499716 912770795 977865651
888920427 887788011 912770795 977865651
838520070 879169411 912770795 977865651
833769305 948574731 912770795 977865651
823286730 916180368 912770795 977865651
827634947 886952164 912770795 977865651
826466822 951641292 912770795 977865651
844788515 952926161 912770795 977865651
897538930 903344566 912770795 977865651
835722587 942687451 912770795 977865651
893445780 919573911 912770795 977865651
853752122 883876259 912770795 977865651
874955231 946646119 912770795 977865651
834221447 923439395 912770795 977865651
816558507 965477859 912770795 977865651
907594645 922262136 912770795 977865651
826119471 932686786 912770795 977865651
821201716 878848726 912770795 977865651
860275447 950545507 912770795 977865651
856162283 893493261 912770795 977865651
816544440 934364144 912770795 977865651
814968850 910630621 912770795 977865651
860653135 952656005 912770795 977865651
885621470 908705996 912770795 977865651
822327155 936956986 912770795 977865651
820880470 922454511 912770795 977865651
836736573 909701137 912770795 977865651
819351375 908165391 912770795 977865651
886920455 878272743 912770795 977865651
821662645 906083227 912770795 977865651
834056710 889185826 912770795 977865651
855387545 911207066 912770795 977865651
851519822 886184236 912770795 977865651
909168806 942038580 912770795 977865651
847182635 932792646 912770795 977865651
844673108 927846608 912770795 977865651
872703883 971364319 912770795 977865651
834635387 943546823 912770795 977865651
825024191 886869279 912770795 977865651
890949960 880413376 912770795 977865651
890470147 908682507 912770795 977865651
820657415 972797991 912770795 977865651
838822275 976449181 912770795 977865651
900461090 899528091 912770795 977865651
909792330 906131041 912770795 977865651
815402720 953148526 912770795 977865651
875252230 888433391 912770795 977865651
871955291 894486186 912770795 977865651
879178132 899253163 912770795 977865651
828077573 915957724 912770795 977865651
903152075 889897186 912770795 977865651
833245980 964288936 912770795 977865651
843606755 882270453 912770795 977865651
840598059 900794123 912770795 977865651
816561443 924096691 912770795 977865651
821672372 885695339 912770795 977865651
906611833 897328533 912770795 977865651
863709978 907192893 912770795 977865651
823448590 922967647 912770795 977865651
854103990 907121686 912770795 977865651
858261099 937962251 912770795 977865651
838213479 933248595 912770795 977865651
821844330 956023571 912770795 977865651
826399235 905115494 912770795 977865651
867168686 971689194 912770795 977865651
821513141 888966171 912770795 977865651
849668387 946718027 912770795 977865651
823007360 879065111 912770795 977865651
836246495 911148403 912770795 977865651
839099024 921584155 912770795 977865651
836740794 969692839 912770795 977865651
831845918 934840008 912770795 977865651
836133410 915363581 912770795 977865651
819676133 906015801 912770795 977865651
904019575 910371221 912770795 977865651
837858452 889488901 912770795 977865651
818751685 970310036 912770795 977865651
837831888 921232598 912770795 977865651
906548991 909210039 912770795 977865651
819982291 889421459 912770795 977865651
820773925 906182556 912770795 977865651
832420203 879323788 912770795 977865651
896111720 887161581 912770795 977865651
833255876 901211447 912770795 977865651
868718934 892874870 912770795 977865651
832580516 933358981 912770795 977865651
819198038 905720301 912770795 977865651
901537518 915150832 912770795 977865651
822771329 899176095 912770795 977865651
831290620 900315038 912770795 977865651
816787577 891941310 912770795 977865651
844829671 939664611 912770795 977865651
821606458 917699281 912770795 977865651
890929345 916044895 912770795 977865651
823922345 974534886 912770795 977865651
820500555 967443995 912770795 977865651
873274709 931036443 912770795 977865651
881266595 888308241 912770795 977865651
849494725 924286806 912770795 977865651
851935835 881670936 912770795 977865651
844401039 894211779 912770795 977865651
859184093 959983293 912770795 977865651
845631837 892996014 912770795 977865651
839956042 941492111 912770795 977865651
814443295 913484241 912770795 977865651
854534753 971586504 912770795 977865651
868739105 972535441 912770795 977865651
873922709 895182849 912770795 977865651
826953977 895692921 912770795 977865651
833087423 951572503 912770795 977865651
828616860 895266061 912770795 977865651
833678243 913719558 912770795 977865651
826443469 932107533 912770795 977865651
820539362 909986805 912770795 977865651
821158990 930860786 912770795 977865651
822225960 929193751 912770795 977865651
903714450 906821086 912770795 977865651
884753131 900896735 912770795 977865651
907567679 900959755 912770795 977865651
840925939 891143163 912770795 977865651
877178077 881568492 912770795 977865651
871267034 885734287 912770795 977865651
911469348 880185166 912770795 977865651
911517961 885868636 912770795 977865651
830075801 886617537 912770795 977865651
860913845 962182961 912770795 977865651
852501209 954601533 912770795 977865651
906659765 878113059 912770795 977865651
827435077 911092763 912770795 977865651
824566616 877954133 912770795 977865651
832543705 898278911 912770795 977865651
856000784 880946253 912770795 977865651
828399144 937037101 912770795 977865651
857520194 911416303 912770795 977865651
899936008 883315370 912770795 977865651
830781449 949686129 912770795 977865651
819635960 951363536 912770795 977865651
848763659 948843561 912770795 977865651
831153019 913630707 912770795 977865651
817149449 965829878 912770795 977865651
838221698 911696170 912770795 977865651
883542506 911744720 912770795 977865651
886073250 879387731 912770795 977865651
865660200 881804615 912770795 977865651
877024163 960765135 912770795 977865651
822009226 882216149 912770795 977865651
846491580 968899746 912770795 977865651
825755150 900804371 912770795 977865651
817382885 931975317 912770795 977865651
912249374 919260414 912770795 977865651
822928523 960596655 912770795 977865651
832766295 884989586 912770795 977865651
905713602 904250525 912770795 977865651
821153003 915398246 912770795 977865651
820682215 931306381 912770795 977865651
851001975 935441146 912770795 977865651
865926119 894324081 912770795 977865651
874331072 891453661 912770795 977865651
842195065 900007331 912770795 977865651
825708795 899284426 912770795 977865651
864221413 971641832 912770795 977865651
881803815 887080191 912770795 977865651
818622965 915689600 912770795 977865651
891289427 929420379 912770795 977865651
823442860 932665046 912770795 977865651
858549263 886089148 912770795 977865651
821881793 883851057 912770795 977865651
820124556 961383946 912770795 977865651
871570595 920505691 912770795 977865651
821303627 897766580 912770795 977865651
826080299 921781563 912770795 977865651
823464977 916257419 912770795 977865651
819505825 902275616 912770795 977865651
842453131 912243471 912770795 977865651
831451075 937003671 912770795 977865651
834042129 884187215 912770795 977865651
826871465 921317766 912770795 977865651
893000756 894117402 912770795 977865651
838006023 939495283 912770795 977865651
821761364 972187479 912770795 977865651
883021015 906716966 912770795 977865651
867484078 920030608 912770795 977865651
826167430 901732611 912770795 977865651
842500938 882144564 912770795 977865651
892929835 899026227 912770795 977865651
814862051 969589419 912770795 977865651
821205413 890304575 912770795 977865651
850488393 904999963 912770795 977865651
900920929 908261543 912770795 977865651
890247025 894043096 912770795 977865651
838385280 949685841 912770795 977865651
813684175 903256365 912770795 977865651
816533885 929870592 912770795 977865651
835296320 913833666 912770795 977865651
833405923 961718191 912770795 977865651
822434515 917863236 912770795 977865651
872081159 920056387 912770795 977865651
875977864 955447773 912770795 977865651
838792195 895379891 912770795 977865651
819251755 976776881 912770795 977865651
838806975 888972672 912770795 977865651
831661883 969981355 912770795 977865651
822079739 935624136 912770795 977865651
856429099 908009647 912770795 977865651
823140365 913175486 912770795 977865651
819586811 936945681 912770795 977865651
818791203 903099127 912770795 977865651
824454557 970682241 912770795 977865651
882834653 914227137 912770795 977865651
853685993 945737775 912770795 977865651
828917129 912374154 912770795 977865651
899107935 911756136 912770795 977865651
817167077 896593789 912770795 977865651
845572907 949325274 912770795 977865651
821674421 936445083 912770795 977865651
848532094 962312844 912770795 977865651
839057463 963842061 912770795 977865651
835454045 879217113 912770795 977865651
891891672 878402712 912770795 977865651
838503236 922349682 912770795 977865651
829465515 964334571 912770795 977865651
826125110 966279440 912770795 977865651
910013973 892336866 912770795 977865651
907358340 921227261 912770795 977865651
836824951 884894500 912770795 977865651
910065225 894839741 912770795 977865651
829720120 890504411 912770795 977865651
834702739 895879363 912770795 977865651
843184027 938436595 912770795 977865651
824823980 897026711 912770795 977865651
854782795 927546686 912770795 977865651
860517053 889752447 912770795 977865651
907248993 889424353 912770795 977865651
833383830 963406271 912770795 977865651
834199328 963129960 912770795 977865651
889571766 898042173 912770795 977865651
847943279 948944473 912770795 977865651
892926623 943719984 912770795 977865651
832839662 966144969 912770795 977865651
831755985 914652846 912770795 977865651
825655032 886153786 912770795 977865651
824622255 919038701 912770795 977865651
813505118 976900057 912770795 977865651
892171765 912738506 912770795 977865651
829429330 973667746 912770795 977865651
885906496 885738352 912770795 977865651
830009923 961906987 912770795 977865651
885780578 927483624 912770795 977865651
896470639 900689539 912770795 977865651
880098539 948736523 912770795 977865651
838832308 896993342 912770795 977865651
862793759 889341462 912770795 977865651
822777059 888846429 912770795 977865651
813141782 934653724 912770795 977865651
843225003 942846143 912770795 977865651
901301986 888777839 912770795 977865651
838498225 923619431 912770795 977865651
857329994 898270577 912770795 977865651
900193411 960204451 912770795 977865651
838064790 903810446 912770795 977865651
875653767 951754735 912770795 977865651
820153728 935387687 912770795 977865651
843259883 924272275 912770795 977865651
875330763 879764019 912770795 977865651
832618607 940831281 912770795 977865651
863106331 929561327 912770795 977865651
872239800 960174406 912770795 977865651
863548719 975543931 912770795 977865651
865886334 904724063 912770795 977865651
910490185 903863076 912770795 977865651
845447846 973625665 912770795 977865651
855258887 888042087 912770795 977865651
869672425 930466541 912770795 977865651
824629059 927082537 912770795 977865651
887077411 920883803 912770795 977865651
835104963 940702735 912770795 977865651
873490675 880707899 912770795 977865651
828953320 879602841 912770795 977865651
838412347 943472651 912770795 977865651
876273800 882355476 912770795 977865651
833348859 973887415 912770795 977865651
842364119 943600027 912770795 977865651
866895071 906711811 912770795 977865651
820206715 947280586 912770795 977865651
836706127 903285831 912770795 977865651
868220111 928044702 912770795 977865651
814257156 926402476 912770795 977865651
872221426 893164370 912770795 977865651
868199658 977027762 912770795 977865651
878578565 897239757 912770795 977865651
882616485 877973876 912770795 977865651
814261427 942980427 912770795 977865651
908393339 879275419 912770795 977865651
837644771 943974969 912770795 977865651
872853977 933997494 912770795 977865651
819994553 971257623 912770795 977865651
877212279 935158751 912770795 977865651
888340905 917083211 912770795 977865651
877939391 951985855 912770795 977865651
884796048 884946447 912770795 977865651
837859560 955853446 912770795 977865651
838900479 891098646 912770795 977865651
870064541 959715297 912770795 977865651
819420139 970061427 912770795 977865651
838608214 920690240 912770795 977865651
840244295 945423676 912770795 977865651
826062353 939536265 912770795 977865651
885819595 893501606 912770795 977865651
833877083 953250045 912770795 977865651
835862402 909615690 912770795 977865651
840707079 887683072 912770795 977865651
829376890 904390096 912770795 977865651
826190080 976387751 912770795 977865651
825386199 968488218 912770795 977865651
820302779 934322763 912770795 977865651
842357771 888608523 912770795 977865651
893984120 921868151 912770795 977865651
832726467 931539579 912770795 977865651
814677140 896809931 912770795 977865651
843393819 886620091 912770795 977865651
813424187 908033819 912770795 977865651
886977400 882697051 912770795 977865651
813091045 936208726 912770795 977865651
890726265 885250886 912770795 977865651
827489955 937209626 912770795 977865651
833337710 882928191 912770795 977865651
825064142 945574771 912770795 977865651
857251695 907736527 912770795 977865651
876533273 897017687 912770795 977865651
907717395 959450041 912770795 977865651
828810534 977219915 912770795 977865651
836909887 944284355 912770795 977865651
813705842 936069107 912770795 977865651
822840428 884459673 912770795 977865651
832055187 895708491 912770795 977865651
907338715 932328081 912770795 977865651
856172035 927077846 912770795 977865651
894314259 884656409 912770795 977865651
816064670 962118866 912770795 977865651
832544467 968281972 912770795 977865651
852557563 964150003 912770795 977865651
891724361 943514022 912770795 977865651
845352833 958555779 912770795 977865651
907989675 882453561 912770795 977865651
819022135 972746791 912770795 977865651
877016684 905572863 912770795 977865651
894473516 881277719 912770795 977865651
850728915 948907181 912770795 977865651
855799683 879227523 912770795 977865651
813524956 958810888 912770795 977865651
843160254 901067039 912770795 977865651
837786820 942281176 912770795 977865651
859595025 918694541 912770795 977865651
852377920 950316789 912770795 977865651
865592537 893400723 912770795 977865651
884501725 885547266 912770795 977865651
820136415 952887731 912770795 977865651
827751395 920764221 912770795 977865651
827800490 964710950 912770795 977865651
812911288 908877116 912770795 977865651
908448569 879554103 912770795 977865651
851202204 946556485 912770795 977865651
846050193 894914692 912770795 977865651
872395914 914490280 912770795 977865651
857431429 898588148 912770795 977865651
861639485 903965231 912770795 977865651
849720780 960996575 912770795 977865651
831175445 882841381 912770795 977865651
841681874 892641492 912770795 977865651
872944899 898566431 912770795 977865651
838803335 942536745 912770795 977865651
908113731 907538443 912770795 977865651
813677280 933036644 912770795 977865651
828177610 977507431 912770795 977865651
857163371 919514511 912770795 977865651
873159115 898558104 912770795 977865651
839247243 912402439 912770795 977865651
886987585 943531806 912770795 977865651
861530787 886168827 912770795 977865651
895069505 915151991 912770795 977865651
870204179 881691711 912770795 977865651
822830657 922463307 912770795 977865651
820812643 937280769 912770795 977865651
881102192 965869989 912770795 977865651
842135405 904580091 912770795 977865651
851563154 881661092 912770795 977865651
888186630 916071456 912770795 977865651
814283224 930448771 912770795 977865651
911078740 881406781 912770795 977865651
844885263 942431559 912770795 977865651
837700525 892925488 912770795 977865651
814470149 977227539 912770795 977865651
841596440 888623757 912770795 977865651
833146349 884643183 912770795 977865651
814850840 913666911 912770795 977865651
846980521 941886598 912770795 977865651
825908522 930883717 912770795 977865651
818539923 955633059 912770795 977865651
892925724 880605001 912770795 977865651
831184499 931501263 912770795 977865651
844579807 938203523 912770795 977865651
898477011 902700251 912770795 977865651
859262980 882176076 912770795 977865651
814921427 928926849 912770795 977865651
864964579 897524403 912770795 977865651
826892375 925968996 912770795 977865651
860111231 891549057 912770795 977865651
839835660 922517386 912770795 977865651
823775597 956648577 912770795 977865651
866182100 917820346 912770795 977865651
857269755 884899831 912770795 977865651
816715073 946006179 912770795 977865651
871316351 883363203 912770795 977865651
907721707 882889671 912770795 977865651
865662985 899364736 912770795 977865651
880683117 892565548 912770795 977865651
912025679 893535390 912770795 977865651
838307945 881605438 912770795 977865651
814116555 941249443 912770795 977865651
896600846 885064857 912770795 977865651
854902023 939464509 912770795 977865651
862255707 952562755 912770795 977865651
827206985 974195568 912770795 977865651
827269329 935498013 912770795 977865651
873492839 906070323 912770795 977865651
895752991 917227179 912770795 977865651
871919691 884815923 912770795 977865651
818802265 940183391 912770795 977865651
829155700 916878856 912770795 977865651
820347113 884877729 912770795 977865651
824817843 881081067 912770795 977865651
851881052 888357564 912770795 977865651
835104335 919783923 912770795 977865651
817157578 968816413 912770795 977865651
843469055 881663084 912770795 977865651
826919650 886807181 912770795 977865651
823761952 907803820 912770795 977865651
816599234 971825508 912770795 977865651
827164750 898653431 912770795 977865651
832004903 972945357 912770795 977865651
858304670 959691438 912770795 977865651
823139045 915169521 912770795 977865651
865706927 884041743 912770795 977865651
822717160 953705306 912770795 977865651
880769120 883689931 912770795 977865651
848052455 904107323 912770795 977865651
813246850 930070011 912770795 977865651
817163087 970204749 912770795 977865651
867235095 881368746 912770795 977865651
816949045 960474381 912770795 977865651
812938340 882955863 912770795 977865651
884955975 913538915 912770795 977865651
904455080 921470535 912770795 977865651
826774690 923326011 912770795 977865651
860047067 910061891 912770795 977865651
824831762 956604677 912770795 977865651
845248028 942600622 912770795 977865651
854862284 937193133 912770795 977865651
884150907 903741700 912770795 977865651
861355217 883250577 912770795 977865651
854336305 882947086 912770795 977865651
882089100 890074382 912770795 977865651
902381370 912354571 912770795 977865651
904568610 886240621 912770795 977865651
846586805 887668221 912770795 977865651
858952017 951710470 912770795 977865651
910370404 940847138 912770795 977865651
822553570 936770324 912770795 977865651
830849459 931085315 912770795 977865651
839386462 919063479 912770795 977865651
872604404 930192303 912770795 977865651
825247787 933374373 912770795 977865651
909616569 881572782 912770795 977865651
816893357 899437155 912770795 977865651
821028585 931029064 912770795 977865651
880809419 920770140 912770795 977865651
870687895 912557101 912770795 977865651
850086236 966351260 912770795 977865651
850135843 887975579 912770795 977865651
863838419 890245797 912770795 977865651
907294405 891932246 912770795 977865651
817327853 963902121 912770795 977865651
896581325 911915817 912770795 977865651
888483411 911618093 912770795 977865651
825642241 960663215 912770795 977865651
891925563 885418531 912770795 977865651
821111618 973401444 912770795 977865651
891635145 925983471 912770795 977865651
840791062 902123775 912770795 977865651
851790677 944944155 912770795 977865651
854101828 892409252 912770795 977865651
818318252 913104846 912770795 977865651
847099000 894007216 912770795 977865651
835483150 884471456 912770795 977865651
837390915 968787731 912770795 977865651
833712347 888682550 912770795 977865651
874138628 877946076 912770795 977865651
836607449 919734156 912770795 977865651
847167350 913492396 912770795 977865651
848210411 956741157 912770795 977865651
815671922 949371933 912770795 977865651
891407278 885787714 912770795 977865651
828926597 935716347 912770795 977865651
885466805 922349302 912770795 977865651
877301071 922615035 912770795 977865651
882575380 880538246 912770795 977865651
845738704 930242061 912770795 977865651
845643775 942916586 912770795 977865651
852686979 970743963 912770795 977865651
821081189 884928657 912770795 977865651
818957944 932171759 912770795 977865651
898479599 891364011 912770795 977865651
841189411 938481082 912770795 977865651
838825456 904772904 912770795 977865651
902982787 884774795 912770795 977865651
876507011 926103252 912770795 977865651
827097613 916381501 912770795 977865651
830670955 878433947 912770795 977865651
873458303 908718271 912770795 977865651
820570757 925540407 912770795 977865651
825883005 959852796 912770795 977865651
813392831 912375249 912770795 977865651
873105400 882124302 912770795 977865651
907453255 917790123 912770795 977865651
820071545 880606341 912770795 977865651
820287891 968629643 912770795 977865651
816589575 902973961 912770795 977865651
862013062 911685569 912770795 977865651
901186487 950909382 912770795 977865651
834882796 920936100 912770795 977865651
817726670 878796219 912770795 977865651
812924445 920939671 912770795 977865651
851196107 947317275 912770795 977865651
821735063 919247895 912770795 977865651
816811755 971918946 912770795 977865651
870848720 885883820 912770795 977865651
868698905 950087034 912770795 977865651
906449177 882612237 912770795 977865651
872574603 976689399 912770795 977865651
823549036 921793041 912770795 977865651
905949794 907606359 912770795 977865651
848467829 903755398 912770795 977865651
896626671 939502183 912770795 977865651
821389675 972592851 912770795 977865651
839755049 888468351 912770795 977865651
894930185 970486481 912770795 977865651
848413950 893058320 912770795 977865651
856474485 950475856 912770795 977865651
897569499 910558843 912770795 977865651
886018295 923488891 912770795 977865651
837014771 921300273 912770795 977865651
877642691 879951725 912770795 977865651
859517633 883040163 912770795 977865651
822203531 928732307 912770795 977865651
853674475 896867227 912770795 977865651
911277881 902720919 912770795 977865651
852147729 948954944 912770795 977865651
835703376 922099776 912770795 977865651
833976050 933947891 912770795 977865651
863053513 930783216 912770795 977865651
857571248 926698368 912770795 977865651
909368993 892643703 912770795 977865651
887699899 892642667 912770795 977865651
859391309 931708011 912770795 977865651
901760510 912449191 912770795 977865651
900903610 911180176 912770795 977865651
840958883 939887123 912770795 977865651
867933160 965551836 912770795 977865651
822428273 977020941 912770795 977865651
812805083 954403907 912770795 977865651
892172770 919150966 912770795 977865651
819177841 878150721 912770795 977865651
826479440 879041536 912770795 977865651
879137754 884470141 912770795 977865651
823887955 929282243 912770795 977865651
884901219 892112619 912770795 977865651
862704871 903077603 912770795 977865651
829382245 946869644 912770795 977865651
822816714 956220678 912770795 977865651
834652135 912360636 912770795 977865651
873019935 882287616 912770795 977865651
820805929 909876429 912770795 977865651
847119220 927154106 912770795 977865651
900725524 922268914 912770795 977865651
861750225 929230801 912770795 977865651
895452527 925200963 912770795 977865651
815333699 975981399 912770795 977865651
822031564 966162839 912770795 977865651
815581500 929453364 912770795 977865651
833844293 965439531 912770795 977865651
838643420 890000503 912770795 977865651
878650447 911028419 912770795 977865651
815312812 966356825 912770795 977865651
877705706 894158301 912770795 977865651
821407493 936525201 912770795 977865651
900009389 893281774 912770795 977865651
829753271 914212707 912770795 977865651
867055799 915509367 912770795 977865651
857570858 951877050 912770795 977865651
816390125 964829566 912770795 977865651
823778695 961959161 912770795 977865651
904095155 885655767 912770795 977865651
833084167 925391563 912770795 977865651
861551695 935221339 912770795 977865651
852358910 928562736 912770795 977865651
823286845 958396525 912770795 977865651
883863110 878228941 912770795 977865651
815678339 918225099 912770795 977865651
906934555 920401287 912770795 977865651
839444909 963238905 912770795 977865651
839327534 977685424 912770795 977865651
905508368 926796618 912770795 977865651
830061421 913070954 912770795 977865651
827658269 893231697 912770795 977865651
904179359 950667116 912770795 977865651
871530750 905144036 912770795 977865651
904623569 890545035 912770795 977865651
847459108 961528099 912770795 977865651
883771661 887394651 912770795 977865651
901700861 907171203 912770795 977865651
842424135 904550975 912770795 977865651
827383600 917634076 912770795 977865651
815964631 931684957 912770795 977865651
881042663 960505866 912770795 977865651
861100289 962889534 912770795 977865651
895837605 920363911 912770795 977865651
851258225 914806737 912770795 977865651
836684273 925268985 912770795 977865651
853171421 951461721 912770795 977865651
904615300 879805301 912770795 977865651
817761890 884463416 912770795 977865651
843826634 900446045 912770795 977865651
813980470 973648966 912770795 977865651
907961952 900465959 912770795 977865651
819719440 892782526 912770795 977865651
844567090 883315961 912770795 977865651
891979360 888751199 912770795 977865651
861833777 939082374 912770795 977865651
849278455 949647971 912770795 977865651
821497790 971328206 912770795 977865651
851844332 956570553 912770795 977865651
890429100 965389076 912770795 977865651
822091493 926691747 912770795 977865651
909389507 936231945 912770795 977865651
839634116 955491229 912770795 977865651
813512414 920456100 912770795 977865651
826377012 880646711 912770795 977865651
824617939 934827777 912770795 977865651
851581387 947166747 912770795 977865651
846272065 905371941 912770795 977865651
850735435 887233227 912770795 977865651
911870441 897935649 912770795 977865651
821570855 908394291 912770795 977865651
829337299 885128763 912770795 977865651
848606967 947711647 912770795 977865651
855124586 904151465 912770795 977865651
821203220 947956626 912770795 977865651
903055287 932127099 912770795 977865651
901447349 882700443 912770795 977865651
855534239 902184351 912770795 977865651
885057170 944513651 912770795 977865651
865839480 880187106 912770795 977865651
836238584 891484440 912770795 977865651
821628215 911633741 912770795 977865651
827595330 921385581 912770795 977865651
819951780 975947621 912770795 977865651
868203205 912261811 912770795 977865651
863895556 947531319 912770795 977865651
899202665 897272736 912770795 977865651
813186257 894601606 912770795 977865651
835687754 881652184 912770795 977865651
831966019 909600747 912770795 977865651
830695067 930991364 912770795 977865651
820817703 911690906 912770795 977865651
826580691 963689510 912770795 977865651
893959401 900847696 912770795 977865651
902587010 893906756 912770795 977865651
836072719 954382319 912770795 977865651
893942320 881463681 912770795 977865651
828941787 883541187 912770795 977865651
818019848 913179123 912770795 977865651
872192243 894264183 912770795 977865651
848883123 908455919 912770795 977865651
880816613 889343073 912770795 977865651
829733855 937661101 912770795 977865651
831093554 898760241 912770795 977865651
815547341 963084849 912770795 977865651
878350863 901034851 912770795 977865651
832116683 964774826 912770795 977865651
851942135 901142235 912770795 977865651
814043649 901894434 912770795 977865651
834102675 936699621 912770795 977865651
863922197 895921848 912770795 977865651
814688663 881878515 912770795 977865651
851646185 882020676 912770795 977865651
824871083 934120611 912770795 977865651
844560191 959815008 912770795 977865651
888621943 887072543 912770795 977865651
819586691 930411165 912770795 977865651
837362075 945320146 912770795 977865651
857808173 946500666 912770795 977865651
873167270 911597246 912770795 977865651
814705380 948476611 912770795 977865651
852175139 881491859 912770795 977865651
828841710 902425246 912770795 977865651
861241759 917104335 912770795 977865651
884652873 933256828 912770795 977865651
834010251 963122482 912770795 977865651
843844826 944031459 912770795 977865651
872721575 884803076 912770795 977865651
893936057 909282261 912770795 977865651
909894684 879168605 912770795 977865651
846178195 965226371 912770795 977865651
818978824 962910536 912770795 977865651
892011507 908975929 912770795 977865651
878952648 900718119 912770795 977865651
819040931 909191349 912770795 977865651
869783159 956417563 912770795 977865651
905496350 881413641 912770795 977865651
858713902 931712863 912770795 977865651
836939405 911518666 912770795 977865651
835026647 918008475 912770795 977865651
862059414 908146113 912770795 977865651
870909859 881392053 912770795 977865651
836929127 912008071 912770795 977865651
828575084 931661694 912770795 977865651
867959489 878477187 912770795 977865651
822268210 913894441 912770795 977865651
902002245 910619161 912770795 977865651
902269655 964512861 912770795 977865651
825681101 963165531 912770795 977865651
883077180 880893818 912770795 977865651
902777399 938964159 912770795 977865651
852722819 908141169 912770795 977865651
813871232 886179763 912770795 977865651
821157609 928687886 912770795 977865651
849871568 895675932 912770795 977865651
879188687 918081458 912770795 977865651
818067341 882374883 912770795 977865651
817608060 931075891 912770795 977865651
835808360 909340881 912770795 977865651
880363731 887886179 912770795 977865651
846835039 882686752 912770795 977865651
879913190 932496899 912770795 977865651
823010861 908275413 912770795 977865651
818438522 888141933 912770795 977865651
832619760 941363431 912770795 977865651
828195629 975080154 912770795 977865651
833374299 946670251 912770795 977865651
895857605 894821428 912770795 977865651
855310368 898435942 912770795 977865651
906270030 892146871 912770795 977865651
885490854 892057825 912770795 977865651
839424695 892312263 912770795 977865651
818119379 900625075 912770795 977865651
886040415 881367056 912770795 977865651
853708835 969199614 912770795 977865651
843510120 931334791 912770795 977865651
845371075 976348143 912770795 977865651
854724905 880165263 912770795 977865651
854475390 897002441 912770795 977865651
820104830 928214371 912770795 977865651
882785203 889433790 912770795 977865651
871851137 955684427 912770795 977865651
838438147 951654187 912770795 977865651
905670338 905209571 912770795 977865651
833219645 921165417 912770795 977865651
830005059 878213947 912770795 977865651
858756033 902126670 912770795 977865651
886798989 947724323 912770795 977865651
834790835 882464306 912770795 977865651
912399875 879022281 912770795 977865651
873963983 889149351 912770795 977865651
847899562 903368690 912770795 977865651
864353798 933869235 912770795 977865651
852152931 943612223 912770795 977865651
820163355 904835259 912770795 977865651
832282085 941697969 912770795 977865651
853198053 967975639 912770795 977865651
841274167 911510883 912770795 977865651
883355346 896135618 912770795 977865651
835717859 879729045 912770795 977865651
819886110 885921091 912770795 977865651
844366052 938360922 912770795 977865651
906085190 909703916 912770795 977865651
814608341 940427835 912770795 977865651
846811295 951307371 912770795 977865651
843448450 891261259 912770795 977865651
822756810 927225666 912770795 977865651
847841910 940321926 912770795 977865651
845843525 948269415 912770795 977865651
849363407 904816224 912770795 977865651
905418555 902690783 912770795 977865651
861481330 908112816 912770795 977865651
823341700 963336116 912770795 977865651
855118283 962310801 912770795 977865651
813262323 942466091 912770795 977865651
869770637 880793253 912770795 977865651
854013755 885077419 912770795 977865651
865817322 920722820 912770795 977865651
909424386 901586294 912770795 977865651
900422473 896056007 912770795 977865651
822385765 895175921 912770795 977865651
819816335 905191257 912770795 977865651
814218978 977058131 912770795 977865651
828623777 883803507 912770795 977865651
815096920 924210026 912770795 977865651
832495505 942088796 912770795 977865651
829265982 933835203 912770795 977865651
859933502 960351633 912770795 977865651
842173762 881624857 912770795 977865651
820763789 908927743 912770795 977865651
873176653 892225439 912770795 977865651
813660745 941518771 912770795 977865651
892252319 907865087 912770795 977865651
819355355 881696761 912770795 977865651
865360789 923750723 912770795 977865651
873725760 912577621 912770795 977865651
850805371 910037359 912770795 977865651
816728838 918267200 912770795 977865651
823228990 886614341 912770795 977865651
844506075 973633761 912770795 977865651
909660890 897777999 912770795 977865651
822928277 937047002 912770795 977865651
912358907 878909679 912770795 977865651
834493285 942472246 912770795 977865651
893174985 913329322 912770795 977865651
844508495 944185843 912770795 977865651
839356575 966215941 912770795 977865651
854514425 911962365 912770795 977865651
850678845 891031934 912770795 977865651
897796462 881212239 912770795 977865651
836645691 920961408 912770795 977865651
832266947 964192291 912770795 977865651
839575259 920433447 912770795 977865651
814354890 954640225 912770795 977865651
849604091 927485935 912770795 977865651
821697929 952073751 912770795 977865651
827525933 951650859 912770795 977865651
843273686 909318040 912770795 977865651
843088367 905794236 912770795 977865651
861137659 962680291 912770795 977865651
843845370 883764751 912770795 977865651
825218837 959521113 912770795 977865651
818399563 921089219 912770795 977865651
817363061 925427732 912770795 977865651
877450180 906652058 912770795 977865651
851192498 910873814 912770795 977865651
836841119 924204849 912770795 977865651
864096783 917462299 912770795 977865651
872551733 885528045 912770795 977865651
856539575 882076846 912770795 977865651
891423551 884234055 912770795 977865651
844016843 904062429 912770795 977865651
834354475 970914047 912770795 977865651
828489475 900423921 912770795 977865651
818727815 932575194 912770795 977865651
854972921 958618017 912770795 977865651
870920110 975013946 912770795 977865651
815620844 913064319 912770795 977865651
814080250 896100941 912770795 977865651
854846737 914005372 912770795 977865651
860364547 958752203 912770795 977865651
891887340 943035821 912770795 977865651
828330875 950019843 912770795 977865651
828883160 953618206 912770795 977865651
824534735 914331917 912770795 977865651
897962270 933701221 912770795 977865651
835622685 891701596 912770795 977865651
827718915 890402035 912770795 977865651
857640747 883705575 912770795 977865651
829490675 935354469 912770795 977865651
819517173 925650928 912770795 977865651
817318104 940535386 912770795 977865651
821658629 944741052 912770795 977865651
850497731 884285131 912770795 977865651
858890590 896191231 912770795 977865651
820866740 948079031 912770795 977865651
853717215 913722761 912770795 977865651
837268699 893268027 912770795 977865651
826869950 973956996 912770795 977865651
841232470 888104331 912770795 977865651
858804953 976749109 912770795 977865651
862482675 954421359 912770795 977865651
891351550 881565991 912770795 977865651
895962004 900218042 912770795 977865651
879476960 905039251 912770795 977865651
833297539 947397031 912770795 977865651
905893655 878370871 912770795 977865651
834622040 965126671 912770795 977865651
885498858 903436947 912770795 977865651
834767069 919958973 912770795 977865651
888177391 913539939 912770795 977865651
863843366 946634415 912770795 977865651
827706765 926140176 912770795 977865651
871413855 888983876 912770795 977865651
852396557 912696183 912770795 977865651
869242520 948017306 912770795 977865651
840837400 890424366 912770795 977865651
891439529 900567606 912770795 977865651
909320249 940807365 912770795 977865651
863859377 906649143 912770795 977865651
834451796 940261032 912770795 977865651
902901687 913001279 912770795 977865651
829225018 915918682 912770795 977865651
816790649 923241848 912770795 977865651
900822194 893135712 912770795 977865651
836360010 942437711 912770795 977865651
828072325 970145751 912770795 977865651
853918820 958470860 912770795 977865651
869174183 912848733 912770795 977865651
813949418 961786224 912770795 977865651
829462795 888738894 912770795 977865651
816344652 956227738 912770795 977865651
813713760 881720840 912770795 977865651
848497142 878188383 912770795 977865651
882813151 926246135 912770795 977865651
814239715 893222219 912770795 977865651
830238285 913636526 912770795 977865651
900521239 897333023 912770795 977865651
839793198 932429281 912770795 977865651
836242267 912764827 912770795 977865651
887141363 887913183 912770795 977865651
906267123 905607271 912770795 977865651
855890427 949898755 912770795 977865651
891771603 908846963 912770795 977865651
824061285 967803551 912770795 977865651
837291087 957120187 912770795 977865651
878970955 891798763 912770795 977865651
819627345 950385221 912770795 977865651
866675816 880712833 912770795 977865651
825943665 878937466 912770795 977865651
825756405 890334286 912770795 977865651
884620913 955479048 912770795 977865651
828307463 945346335 912770795 977865651
835905303 889600320 912770795 977865651
867664021 901939939 912770795 977865651
832480595 899150763 912770795 977865651
836576985 951835969 912770795 977865651
848075099 885343539 912770795 977865651
846673875 899302075 912770795 977865651
858511439 972948011 912770795 977865651
843843239 944126051 912770795 977865651
863839871 957904379 912770795 977865651
818352670 932202471 912770795 977865651
830246624 893195927 912770795 977865651
816480783 964837482 912770795 977865651
838884080 892380281 912770795 977865651
831747188 923419868 912770795 977865651
899140011 904826099 912770795 977865651
849036614 879240894 912770795 977865651
823630859 967512371 912770795 977865651
899254149 903402860 912770795 977865651
854974485 949843786 912770795 977865651
828223920 962754324 912770795 977865651
836304266 939375972 912770795 977865651
826998465 920773917 912770795 977865651
855091173 918713243 912770795 977865651
844991235 895309776 912770795 977865651
858793495 951105164 912770795 977865651
846653583 899647703 912770795 977865651
826229250 898564816 912770795 977865651
892124325 879389521 912770795 977865651
850610117 900594405 912770795 977865651
827767760 947341596 912770795 977865651
820580597 969510711 912770795 977865651
818413915 921565196 912770795 977865651
890281310 890665701 912770795 977865651
