5 1000
0 0
99731086 -211323436 -399979444 -117999710
10148902 198838610 -263414131 216096997
54597788 286042652 66782184 -290166049
-125173359 -309851782 -300558901 -733551776
273337531 76651141 295955631 465704917
553987068 -596478878 898307191 -649407482
64090767 748073560 602469993 -925466348
231824821 -860573837 -776075504 298769309
330342418 326911340 629487847 -935511428
-892265134 -828391153 -916098409 -136871770
-418367766 125853149 -128710438 928679714
277929518 -782940571 784499719 658951636
-283145278 700280048 -665828685 150646668
131295322 -552276481 316184649 -870753578
422499525 148498503 320656983 -637133169
673956834 448112949 615108492 120217170
538559492 488270460 285498062 -433470407
157099777 -105690907 -538265065 -715707096
-349197484 -312878225 130482795 -521830249
-372755134 -411162779 -778892719 -319760831
287832270 794677266 -278270677 820864141
94038564 -926940054 -501551069 -374196539
468969119 656255464 435595987 -94576585
935420579 -70073156 477199886 -196693535
173547079 -929555334 24631619 -934618555
411991898 846098935 -823647616 939282957
-578840894 -118906942 -673038267 606852395
666682430 -480649864 -166981887 -347163920
-472589206 981115996 717161988 37977691
-305473921 -248821381 -445229836 -350860855
-352808958 248407943 -604008861 906952858
-128320182 -465236483 -374900950 -541511743
-713284870 903057972 -121212855 -250771388
-892562587 -213476759 918463410 -4528377
390624132 -767856420 -719006199 -683094601
326379629 -681259547 -539657031 690061557
-230419901 972150249 -929901665 -991435903
-599870855 824573725 -996897106 -865793686
323637782 678802845 238837654 -846515143
-134015005 220785890 563779677 725559385
-251379432 -413843873 -739042068 746427142
584679418 166883357 -474488109 -167194902
525938289 -535451886 574595159 199592787
-546001867 432439378 577025821 -395696256
-506197779 -273117238 570794572 -735374188
-339875698 -582339805 130042810 721944649
-979246571 403355939 -503009055 -862675614
-487951493 297371773 894002374 990160776
-638316926 -696690346 -321672440 -554575949
861103829 -766957851 147329721 -510515830
711083133 796542070 -116175520 -228797770
-666860226 429500619 477183528 -314828212
367749210 492931254 -577790626 -584884168
540512890 -285588646 470641019 526942831
-132396310 -505370850 -412183495 435503171
-911835470 -507461610 354287867 994791559
-491415108 196241432 -327177473 -204923080
-71997722 -994235267 -704855390 436048847
207959626 -148855806 -325791425 -790491834
-890410014 -905731131 -866110716 6439580
-414967708 -166937697 638709539 497579810
203298352 -644630629 974741625 245096647
253699851 201585564 -631748771 350262757
285855512 93189102 355737643 48693471
803992079 230562862 568350324 -535659552
419401618 -718061330 140994316 -62173226
-258013815 969933511 457917547 424310273
780219816 920810039 -355154851 125520781
430781173 -2357779 177270713 -308621391
176774134 -145681025 -13829195 -390900683
-776791943 -915708348 486707001 740422001
905808215 -947997402 343676701 317752688
-288437314 -874560029 916763320 -237399551
-287357634 -787837370 961403638 -357605151
571453404 939273852 -43876573 -424578436
845564168 -510164556 -283959802 647310429
371652098 -311591233 -572841570 -873112543
-451824474 -698747375 180425946 49522029
202002355 -766115088 -851668247 344005189
-39232801 -436696180 215373072 -235097027
74989832 -193719245 -233177946 381281026
-424854405 -351106958 974984188 465636332
864454906 -88857602 744121767 452939170
-269133978 -827096620 -759736032 -482203994
-571893889 532949678 -163267636 -615664404
545999277 612439871 -987741684 867355603
211748945 656288242 -963314466 990750375
305530480 -435454361 -107809676 416028017
721280768 6995539 -505952537 -185399738
-977308944 -433993649 -178584529 228389163
-507825215 -115281643 679316951 115204258
-823210244 844503991 -872240679 788197394
-8212938 631725676 -534887439 249865379
325588672 -509006313 532359242 811882682
-824275062 670077020 914837561 -629072365
-411227408 -840919059 744376185 219229691
-752016602 846060265 -371468249 -857454379
-65760123 318802991 -721261787 -105350467
-229744493 -908709802 -794764394 -958365454
-691066114 503629861 776850106 105815567
653306315 211272558 621394666 -493281145
-641520715 695015346 -105561425 618543849
18149057 139984680 508910577 -795042205
-462562515 -380064462 -417678797 -133233578
-443667887 -834607212 -80814289 712319693
-685844066 636466336 -958862925 75915948
-797606300 908866560 757160025 -948814203
564851688 -465442733 412336012 -673127323
-120531742 467926022 -933326070 -83432266
-568138850 123767135 -627739399 245499798
-55029621 -992307876 63050124 100144875
851757524 -506436412 181918408 899529926
-446590860 672363990 658655026 30460523
461432909 355386071 366589640 -759124789
309875077 977037503 953408005 -803436319
489437280 415474543 -50544644 -549286529
774109068 351912282 -67086257 794899626
71383359 -864925700 295258956 240504343
-418645657 39629250 -141913990 326346384
516466193 558060506 -455897855 597278099
-400995004 -356487563 -240972262 -11371737
-502544087 -509301812 690169489 -763777575
565308896 274346246 903704230 693541905
-816271612 -58315499 783978262 -541135008
-591960448 168234817 -396915554 859920839
-758274513 -624490962 662074052 227234418
-930165830 -473418216 472171830 -238937438
-111791845 399977696 -915815387 -366741186
-982221384 448913133 -877325927 -856398925
875727138 -425116958 404010439 239699524
3875818 -910557500 -478820001 748168643
-831349592 -618763240 -100477132 -406077557
856119708 657384730 847140647 20875059
-228829945 -554281304 354294477 -352000488
-132705790 836706796 -857788414 672442571
-498640268 861095652 62294447 -668158856
-853872680 397509259 -837420893 922969319
-831380377 260735610 987522018 -225234260
-237580970 -246059785 -517521865 63698105
-821521293 -481285051 810636162 659097714
-720792598 990850015 939697151 -837583156
-497764653 858027383 -727128850 -382472488
882277574 -2787812 46820706 -399676621
-289439879 114737257 747180073 690696770
-384139952 -104252764 763199019 -330438006
-806039091 -595254820 189693719 863970756
-8398206 801108941 -596115716 521341629
-361979911 937973394 365804189 11539750
812097895 -103524111 316616990 395019225
-925672410 -49641857 -56889769 856237135
847518917 -96377525 690970746 -709392080
804326323 585572927 -297658938 -43117675
947933070 18533709 -453859369 279119188
-589569606 419361765 -801624531 -723925054
-885708377 699044988 740710449 450901424
-86165098 -400704897 237315557 -493726472
-103739308 -549709129 932272659 -561400661
398810605 446758977 -512041995 7117633
-182036245 302748465 480554640 955996675
236769376 474303110 539414236 -447936816
-992054940 -903822111 -595372218 -537431831
-781475336 -425836885 231027821 930256327
-706536962 409081547 -420599755 114906068
-436534507 -713081993 985393235 226498410
-616508998 289147861 -304242294 480586396
-293095700 -639360051 -208297694 52441033
355922102 811083257 309696580 823606545
-400165789 248286669 309013487 -204366407
-381481571 373665494 -370885548 944019445
162361700 512827246 437803971 140000217
554137509 -732999274 918520066 -280354382
266357437 -893726432 791167500 336096968
-645599600 994456147 782423424 -399648511
154575530 115834061 -970728117 317135080
660997774 -403482513 -150129094 -953210806
331024113 -686489106 -899091391 917836365
-733613683 677873055 -487644645 -345206719
447708543 -732848942 349272570 999435166
-477235740 555172757 -583544940 -661723417
-392919125 -145061906 323772035 267129799
-344223669 193685251 -134436500 836987083
-622828848 918490843 759853662 -256890350
-698965674 -258847300 308628356 -693069807
-346810798 60703500 56866945 -742309865
326212810 990551464 -740423151 -588430045
-131323097 420615882 544610891 -628238936
-680354182 717722153 -821622038 128500465
-490360989 690758588 6878026 311566196
286159941 -520310645 -464142289 505167764
896818111 177319495 -456309293 163384656
221429624 -723900590 -278400337 686936636
205478716 -453075114 -808898628 -289927780
682027101 8566846 334512485 -938207135
-674242297 -115064956 604854870 -59857670
-203562975 612597881 414373194 -150705908
690027119 330293997 481357456 -899871385
333402323 -231965523 376580084 -623064114
-331702713 -78836205 875832576 66763677
-656289370 923864342 -394321749 182199842
895768328 984267759 743969109 -427811660
-219867414 -12509206 102189288 -672813697
-275926639 579086173 -461582792 -798066782
960140427 -578952576 -175806569 655465530
-693738648 -123045535 125853614 -236058377
367149523 -576105285 -565605604 3424941
154717507 718993753 -339313387 935871724
89526739 -613253618 130308779 -979603292
742331019 -59022087 770764588 320895702
-340217437 626111325 -201734061 -700169711
334054158 555555423 315734331 -505904070
-347978451 -538593904 399683565 -798416956
-502517435 689088253 -273213542 630794514
832536496 -769196323 698289098 871839412
245976310 -351861209 755371352 -635677379
72596228 -137036459 950673984 -727401353
664120989 -838035851 724318539 -738916915
932708738 -49435418 -473277791 -796555529
-639857185 118181024 -958615595 759171710
561370844 310839761 -383460984 -844047732
213344807 -771711006 -800591499 43602648
576850099 761701668 780526132 -640215020
-227509715 -349608150 -571704121 -692744751
-726218380 691157245 -338576573 -494466406
-540180099 -735528925 -644513420 -725109814
-993308679 491162247 -380014750 190574091
354683995 -342187436 938331644 562493579
-605680918 -946570850 -688988515 467280035
903213809 865963081 -764937955 -492051630
-504392225 106440136 -243203923 -361306756
485022249 441913783 -268487299 161204110
742550920 676483677 940119846 46858851
268135281 -354708327 165985736 113571368
-857500825 -978144530 -555255399 56374553
-208423632 -714098603 203452943 38286976
792273644 495082076 695608945 -77197762
-439304346 -603142672 -598923449 -897475292
184291463 -691126659 507820182 616700493
-854170522 147797551 -926688887 -541078545
412923620 961903208 615703509 -305826636
-335561061 733921033 235953412 -549311603
-623421189 616515662 -595368397 42031609
-515616696 -416624107 -145735627 367042314
486661176 -764172035 756912289 501505534
208531455 -215109977 125336546 992330982
-154928154 688202768 -196453644 -690625374
-940231384 320111828 395660041 -630945685
565588930 469445424 905539561 -575569153
-694357840 139525231 -727095640 -725821419
193949131 859737492 -317597479 -731273655
422367690 -564605091 -391784866 923813764
479121928 -876845158 -646156781 -278010315
-298189121 5222975 -905913045 -414372786
522622378 867877761 -161232296 -122738967
-32656825 120373088 723347198 -80178904
599477956 466118510 -173620797 -343540292
961467505 -107448641 297121024 919741050
-980105836 -565357347 254719042 -93040755
770319957 -506450167 -859628964 93514442
325256157 878324121 824476621 355483658
-819087621 516588821 -878182654 -925054427
437477225 -187077651 450841122 -489266917
-707006690 -241835471 -388522163 -484801286
-365684985 -996837332 835049493 -66362006
-167972701 439118506 -173649692 -418556988
999290125 288751396 -121447236 835428397
914107220 -95466336 484655186 534438555
-17480513 -187893996 602214645 -855084979
78659958 192763544 -53749940 608324439
-630736584 335465743 -591954957 18208912
355240547 685919987 -422607601 535294884
854046909 503545324 468465665 -743085392
-79138807 -982946953 522831363 -743925779
75103988 577015458 -43293700 -22477580
-27484355 -197633498 212515644 -684412565
-357997669 137690395 -418493619 -167847811
754733382 18404212 -961989211 -174652586
-50870835 87653245 128605335 -539175329
879744676 -949950521 -84698460 -918715943
831283751 763913515 53503583 69582670
369157137 513018278 -197487796 269233784
953996797 -952573138 59449213 -495075809
83683552 763655876 -783157151 666863432
795034399 287489380 943998684 538774936
-225838161 954356325 170805139 178788258
789712618 -481026993 503852390 748416224
-736431231 489635402 -93590341 -218514653
-833722754 822288155 -219674280 360178504
-268886417 877554804 -61728578 -134714280
-15361118 722672817 -459539278 -964901968
-765033142 178762735 -91903296 490740240
244635206 89467019 888944295 657440562
782282180 774266174 -785363457 -999050056
-288887632 316404646 -234537810 -429108511
-695457567 901775747 222741147 293340954
962730970 -287132357 837946074 -750992631
969556685 -645919228 7178515 -370990386
-270047289 -258324779 478965166 -567973202
331115691 -615699712 -354116640 -837737136
-969049788 52985340 816049190 -546511787
231970369 -361043179 813625967 69266115
974962492 -212684897 192745474 839853677
789868918 -776325389 14791364 234419108
-614913526 991415808 -991453259 -169373356
-986854605 989080769 59146886 689442614
156239376 -366165162 -858122443 653887261
-905816824 -406954540 -694265047 -110333801
-664800307 -984701089 -88744910 -479291821
-329426286 -300921188 -870522295 101049945
-533022892 -620679816 75764197 -630586099
987240496 901792678 680074909 699706783
-903332096 -540726351 503457000 895518575
-839785454 -244367787 -171136462 -680134200
922601359 768573715 340910485 901262949
-36836488 -381485310 -957968755 -342299568
492748090 933331974 596436551 613092761
868116532 -250065122 403590895 -729476411
362751505 212298760 -207602145 906165367
-596044510 674804893 -162145340 631332034
-818134919 908991997 -78474161 -750378493
-194265661 299735690 935557529 -744788047
181815500 -612078193 496285642 -710952099
-683953895 89211964 -73023872 -630614139
-200510901 -75746625 383365736 -173119130
-239110010 634513001 771964464 791600273
386314616 -552119272 48052872 -601820227
-515799558 -969348854 -630758689 -397649158
123576877 653678910 -707317039 -481199242
-274972068 -215997076 644888745 163338199
297041684 -450928801 476722687 -367698971
-692793636 -674495781 255905019 139932874
444848957 809145031 860838381 126377790
-853830961 -529980259 948053664 599071618
545302995 -488095332 -744008146 -558724515
-837671305 436077214 968044179 -415395281
-428846268 -919694085 12089178 371882827
869642921 -408124656 157284713 59776083
-64257884 -513583905 910456181 -103721159
245764547 704274560 322332798 -863458913
710963022 371857974 -747612825 938271151
-655614316 726152640 228250215 -385187148
678044524 640342801 -906874663 -255677767
545941484 -537566273 634411001 403654473
-231582754 894006780 -726344621 -199518466
261085299 718153315 576476276 631358452
-851990956 896878184 -346575110 190869996
-657476897 616677622 39174634 337919696
-153408590 995797095 -764429271 815058700
662212889 953301679 388275992 87481717
157826420 476048100 282063370 -420452783
213312053 556912593 -164370545 758375730
-534911474 -561027516 301169390 153137451
-450621109 -122924252 847225046 -624087640
954642667 -663289075 -960458147 174590050
-683062169 607271296 -712103134 872028469
-750245300 -831566670 620912921 922258276
-973162912 -594719252 -507040635 -486783606
-37602579 -323262886 -771827339 904109175
772840418 576001257 -212171164 999519055
-586758760 355824672 -713273071 593021789
399894839 -47440677 -127229730 -560701372
-913435182 -15934474 -270382001 699953484
428038217 797625388 386582604 516653283
48359257 -898573086 -143836414 -104487141
347518574 229455204 -719589794 754040291
601767487 396827075 611590724 -608714983
957024066 348674192 847947539 -897048500
798852855 -649855292 -33383179 781284214
-686779305 66061922 -65310110 176437449
-788130210 -53589998 -28187152 41770820
-410234509 305691481 -341099531 -775697910
990000188 25861354 862375340 913585873
192978356 801642763 670476761 158102578
687177749 390055537 -688609431 665012827
683581311 939560728 -148239995 141604917
-852333030 -801339681 -389500183 591640264
661994421 -240086293 162861663 -261338657
-249771525 -992578783 539785273 370911574
-610777434 284492783 867819573 604358766
327969565 224439467 -854864922 749131215
-409205428 941686872 -721741467 121725088
442528532 736374575 870867534 615067198
-720672927 -104318528 6740928 -452842420
-531219738 -331178616 741371741 -578772470
-38435647 -354347613 976292074 -674187660
-771850860 -950466677 903139743 336355690
554237351 373468356 57998510 -492906403
-762208060 -796323844 -701948790 -397094766
643035566 117594854 576667321 -950427464
-634251178 -435256906 -666149093 -884490277
821673762 -155270515 -976826032 842147526
-939386994 590408761 -964556237 -177348511
26301882 103418951 78661245 -280625059
227202918 -333666968 893981955 -392886891
-244103046 121100027 464471565 699207346
916831180 537594615 386644163 -667083739
-772378558 340736125 526042663 -646224708
-23653926 -323404432 751346124 545074147
771198339 -734688374 -395527971 -116098391
22513485 852324167 903616407 159442442
189652213 -242708179 148733980 -243726563
461807134 -72630574 21242074 -717757307
431488703 542593634 287347022 721239302
-798731054 276144304 -173781013 -715877433
560878544 915675285 933656847 -214404309
-355666892 -401109531 -226486042 -589540619
479911288 495930339 886907993 -624583349
759004501 317657344 -601682970 882857825
226192084 795574383 703316136 781639980
49853780 -885167150 -746488060 -186332127
-13697004 387309420 -340033783 312576063
312946740 -773967200 -585832788 -781796185
602840558 976184751 832825660 -451313408
529148772 -708844789 2754084 -724616181
598950848 987542129 -21397492 60176243
-777612872 640301689 -266305754 -243322112
-952869575 -131969300 206509717 434908693
399289568 -653534314 248568721 129422745
-614142740 485031645 234787221 563219965
981603410 -727586339 -472155585 -72340296
-437696143 534475144 349648443 305207750
550221890 -449915103 -655272049 -511646866
571404013 -498516300 -926824506 983751656
167867222 817274330 429413378 -182913479
-347099607 848935065 647647590 -411309942
358366244 564044025 -313061390 -580698630
118348374 -182381413 86017602 263284740
572145696 -808318786 -71313549 -409377805
-504021792 -916332420 548236173 -171425605
-192122161 -67865405 -736207802 86405617
-548001807 -53638076 -935683581 -12333043
-934132298 337491608 787954249 439786933
-954404956 -843417833 290500776 -727364035
-800610994 871536204 -416706111 881896161
659793198 -686907915 148859791 -358394512
673491677 -798065174 80449947 181114111
-146977293 -890027938 237910680 -717968700
346423040 -315261042 235064572 355657053
737329737 718038138 -187095869 952473794
-142956246 -714423965 658877253 851718958
-353364659 829763267 -545671823 -77005999
-385446461 866130974 -729909775 -174059647
958731433 508002014 -484909032 -867950597
906014238 554415557 501267957 244614246
687388049 -418453685 -533042343 668270860
-510835766 22746608 30322403 -653497798
944419368 269812916 317385436 -521638428
372477692 194663214 36687152 350336793
-458357810 280037705 320040607 -534481044
-512531962 276531403 -505575535 896467821
418147607 -32272186 -16779000 -88259591
-631071265 -387723517 907301663 -266837018
578309502 755415485 533818000 780252489
78211368 95085107 444349767 17113143
996250717 -733903978 235959944 531517688
242356403 332098020 570853739 419831333
-777185811 -685262018 -356216241 743787606
-87621375 -733319250 691174510 -439224581
-60432284 610863007 316938888 99741173
-385216996 -284573586 -776347595 517660018
-278041667 -829460759 209490361 143740734
-197925875 -718320050 -228083225 828726987
-271219668 461590875 -163560742 600550576
-171434193 35475697 -908006192 -799224730
-479447916 149512872 813331120 54633478
-781872182 99972739 189322817 -695116900
21254690 -979277135 -923493575 933003042
751713835 25647573 -800809138 -387166288
-511278406 -160764989 -15440300 -207515843
-845361042 87884603 -537311885 -751745183
604560613 105643563 -941026952 952329647
880359812 -335236775 9122077 -265678846
-991223681 -364217028 -373354375 -209050744
-394898800 881333828 504551915 -463301012
863817482 635236944 -173758034 191354130
423799099 191876124 637500472 792261253
43233168 -51044292 657906964 823625577
-979365256 -350011771 288525059 928768821
941397978 404096771 -400026185 590789909
59918370 -211431703 646267098 89077198
-664112047 320814229 66414561 907842885
794473104 38672785 -425372302 -902996321
402675437 588623227 904550893 -814576458
-78767244 -101083364 -605621601 -196058833
566851854 990792114 -87927821 971121817
-403754622 -421984255 363061412 -413815708
827146204 134432709 -970946102 -876413287
-950482149 -458044908 -820276739 516696344
-642359574 -610455405 -600654254 -232973683
-302773616 -304945352 400909634 132024525
552457499 687173598 81107325 -117765827
-283065338 217824310 -488787776 283378654
333367940 718851681 -345587038 662553030
565847774 -760435413 328305878 -790521726
-501613239 -985138626 -361595850 -719344180
822635742 937699368 -99863869 -228956445
-765833181 585445098 -867249893 -159601716
-659391149 403764994 -418446981 566212848
-879308792 966427882 852103044 -608648111
273714231 707656458 530776147 -139920737
-341935186 -496563403 647199011 -311816713
-855236055 599752266 182464701 630220205
-536597078 -922676760 -931990496 -957029853
922703229 -783701677 -155084512 -60164234
346333176 125144946 65407770 59338955
-24579907 -911316457 475668269 576788984
-30530803 404854217 828422252 4348957
-90956412 258262066 -539202402 132494014
775030329 524584047 -164493591 598674919
-155705379 475278706 452492140 -184236748
-403797422 -895505336 -452473552 208154914
-799925467 -301283743 104980216 -958523975
-418496019 -74584798 -723949537 -549062400
258092719 -423869302 -17015900 -88275968
735249638 255386903 827157535 -102132167
442502331 956767898 -367472805 93948102
98262189 64111542 -216671257 553958007
159359878 335167954 213415609 -535348773
650026803 -269930578 -810367955 -946423195
689590347 928226298 616747834 46327491
-745875238 -681051287 -887059701 805396162
121517337 52667165 -360830614 717441410
-447593348 -657751743 -708285241 -341316669
-872912255 223294730 480697260 689189824
222250507 -306106866 -188692800 -457032953
174696877 -647436879 192008569 520090518
-765340699 432184075 -609250950 556379057
-830094534 105601563 194031400 -152055098
-300381170 65707781 330802625 -695120328
679285892 23661072 743588718 -498154016
386196470 605941042 -903008782 -385562859
-874403564 -947060641 821487362 407675560
966696350 85019151 616745212 -245233829
-759496610 448714602 642646777 845541612
-499853946 -856236286 114431915 844883635
190660387 -89296935 -162059148 -185369744
-262907951 -527569508 -957529498 880020640
717984880 825218627 -114633950 463213193
-300553439 -634062627 373502402 -557309153
944105083 52942731 -221247648 -58367085
877124830 -176645329 -516351323 316009233
-485340615 615872587 990543407 922825944
-563090323 -1073104 222634378 -835489308
-535127084 -755446588 644719198 505051606
186105307 -534630739 -266609759 -786758364
32970143 -960158085 -245310851 919231314
596320581 580403941 613356807 -953447381
529890945 -727623445 963932585 -521729770
963380532 -165504242 733021379 -836535464
-537332054 -169610752 -426459729 833615909
355739398 333911606 -549254790 -134571626
663491617 -357990973 638879071 327292756
-425540150 126595212 756412282 -596796665
653043845 -533233376 -538606677 -290839215
529884230 -32923632 -96108073 -777459640
-602436858 413467018 -751199608 -770108107
-943494207 75270944 -914392522 -227606911
-801285729 460650124 92182676 940298038
-65991896 -565524040 355666108 318868171
-160365948 -805616948 -654038909 320755595
615887328 -188294664 14658156 934070308
495614176 -627448656 628226257 -433579361
-788677363 351252287 948167168 148902643
647679769 -822697450 -653977686 463781632
407583155 979503359 655280434 511383686
-860953713 -836394694 -870192076 -980690088
-3013539 160289880 -174032478 372448069
-454000737 194848081 494455678 -97969593
-10368578 347790917 -441017771 -921609076
-738523148 -15463053 -124344801 -968131588
-328897622 -460083837 -696960884 -18656128
-204954587 407563774 242780360 435559739
762003343 454690456 -349327417 -756229878
-401334501 -414783361 -324785433 59813071
344704362 -969395367 6869989 442789963
-559585755 -670268488 -162841504 505136139
-876012905 -86014892 -351059954 586335873
-516858032 -898051203 -582153832 -226635729
-32133832 -686141164 337661649 432060048
-327447891 557992096 -456342300 10296257
-78581301 656490898 731521521 502633408
617312270 -222350074 -427514628 24555032
246193080 557197140 532867975 431690323
-819349475 298410670 418392711 586075328
-866476170 452162820 443692284 -942393577
746470173 -85093134 255650183 800988488
-790676260 709324807 -193870200 186418776
739514734 -258362612 458793166 -641704144
-492400977 -638064032 -695928998 -853854603
460081019 -212849615 884662108 250257331
-693145344 -466103438 -254594221 833735842
13329526 933605889 429868378 32341161
621395964 -533656790 521043904 -720403913
-110811817 -218049606 863382465 733433620
748144197 236832083 484591896 -563693339
-755377888 816808583 584527498 -396639652
-27362710 824690568 -277140304 -651296795
-795959145 -367145123 -6221200 -659285206
234230408 -472020913 79199984 58370377
91612898 -194426403 -774767114 356946658
-18700353 -624959322 -30335765 -937327565
-1768251 -824207324 445729634 579098152
-705360165 647988992 -662092129 -744693109
381390827 193476036 -685378771 -771421266
958326658 675600828 -167359935 -822998557
-286778345 126587875 469809049 147800133
-748984399 -201282001 -133922137 527162008
657277219 668590993 -112887990 -81911808
412706280 -673335574 -575212408 -260857634
-23630564 -656021711 -560260660 732971032
783024066 379151794 798971811 335331179
7437236 743905140 973242008 205947168
-852128805 976533663 -66743170 182168497
-989729651 -498471892 -245831474 -140387972
-135061908 -495806361 577792747 674581694
-70816997 -408899127 509607836 41177911
-203076691 -605771107 -943602530 202196012
590356700 -287753690 -234970169 -367053922
718192503 -442127589 -197111665 691437996
-383908998 -823601274 -548694000 -883622595
-23084195 -503150407 286498156 -977296464
-917999093 -798109938 568542049 463739914
-89972737 -740680739 -460413221 -285455400
711506321 520694431 494675295 -319679379
461704368 -315671211 571624524 650614280
484468766 143954717 -210551426 266393988
415037825 997878943 -968229964 980151011
910161197 -218804659 -345318169 602152457
-506365154 625437067 431405091 -616810190
-721933283 -984956531 420057933 120408796
945070909 -93324895 713414896 165945288
734225425 -66208930 783919075 115984345
315979062 105340784 828406435 -722075659
786526795 -713655136 36188169 -823969928
-718454898 778488495 -824572997 367951238
-941993468 -696817348 -817669970 -990095707
123915040 -126291515 774495239 250933426
135338386 515681383 631816671 937939661
801767976 -142401618 -19111236 82161563
192563824 -900105663 961033760 456193384
412968863 778497629 270040671 -700874174
887173572 662098552 -853038333 -515590476
-542420732 532263891 -170281583 991623450
440879949 -390502508 790067041 101973508
-539773189 -670492125 -172924929 -129226841
578939038 436116250 324047026 449479528
427103088 -179693893 -629786756 -262352253
-538090436 -319695765 -336683584 -28424486
-55861541 779636958 -427128272 323861422
-276456306 627272511 960406309 593755987
370570087 -586646725 70781399 639163339
638501882 488302765 597043340 -209642030
329885452 494425041 -557348102 -632277885
-270304838 791044490 869746731 -936407267
-962428158 42939215 -788985430 748451393
64775105 -488516726 -146999503 817726774
497719100 -797594212 -210764840 -119079905
808537349 721504070 -37185058 833885326
843877503 -865741709 783090247 -86156545
134859752 724345298 -935735048 -119487772
-782964033 -197768187 -40330452 718539672
-693396487 136849070 -487460280 -815491910
337192350 385704332 128587760 -613595693
-248403401 290221991 -582194664 -919254934
254525561 -674340993 656263471 -5428451
-903490090 -28714328 -617602376 486970283
25012485 -772681098 384699174 905346895
-338931576 -745047495 661455986 861226622
-671384371 389950233 -657713171 270748925
-249606913 627357856 37967906 117133866
984833452 403672458 317925608 668283894
334251933 595238015 15963208 275764111
-136188035 54375038 750457381 -7334853
141881844 -721127179 -488415914 457523379
750401006 421477317 -704640053 828012442
977720732 404394482 -266567174 -895219914
280017671 -662919806 -60508579 -196493871
-618017286 -255499759 -353041339 -690627671
-854092254 857591353 192049005 625813987
974310431 425550276 912830212 144502106
997121782 267387885 -266887589 -19910952
773472240 558474819 19669732 903410585
911377329 467635152 732915365 -434142705
-734893340 968226159 -56779520 -243215703
180577233 892417148 102834140 141751192
560952309 506057699 172382259 287637417
320103149 689827603 636803484 674788627
-166007423 -344552613 -964729031 398898919
612905296 896973566 165481216 -100965400
681489683 289731706 -88781680 334084018
25680452 -560924181 489503372 277947413
904193395 761822745 -214446198 -783404339
685961045 -937445667 401839798 -624834108
-739975375 -501885464 530813753 9329785
763278606 -94148303 424814708 472744955
-647276148 81584268 834204618 772797092
175201232 -981344903 677705296 -892585701
254276341 -570484841 141645 -590895245
-925470674 724378000 990893379 241667514
199708700 416572672 -944590294 -695936315
-932226942 -860704223 826600230 -905490165
-475963493 -275511721 -690278510 -282442177
-59767208 -892295485 -442124775 403035533
306429924 -380846990 -694540618 944479324
-575771436 -476578661 -604614823 295007658
542353229 112691530 -545126640 -887132466
28521980 -261550218 -166679486 854137901
406549875 -459167986 -323052708 -820448513
-106005091 427033652 170764188 -524424951
402472438 -719469462 -10057336 539181411
309703222 -800739097 793338507 -841248925
39216122 -224750202 -445286833 889460158
-136963403 77994764 10002288 -610062699
998332260 -137503621 919009158 -706445
-711900042 -145788106 -14194213 -510787637
635919609 946925005 -368154876 693284823
-747338012 972357828 529965969 623965261
767884759 -259175981 400572024 183560338
-637769197 93064374 -144680501 990139145
-262231303 -467430415 -335957516 343966523
109966487 -689098203 -921718609 717711441
675901536 -972063957 97440185 -269200502
-631336079 689758824 -718318057 -810012928
612184313 715135418 -252167002 -924506298
367613494 -369646268 687451052 -978659072
-80442517 402206870 930024736 954460289
-245652062 190361747 186045131 504749715
576952624 712006757 -888372093 -994574239
428807217 204553342 -296330012 -874700156
564669577 -990550507 -458115740 -879863961
-772716151 183847948 -727286525 -576066259
851943923 9019820 732744324 576261047
-566312976 977628126 -101071246 -123813597
504787796 709787826 -934180161 142041779
-7687009 74712363 333695643 -778710942
-473582369 382979205 498660854 -112346063
840070740 394804606 -423418485 905381038
-276938458 -595347148 88929800 365904293
762676295 -567069742 -374933402 -455915785
475441863 245157514 -445497355 181259639
-29731032 132609269 128729953 -211699465
484178697 -352985947 581133820 -623515862
149158520 -771095916 212667837 207713323
468199762 208062409 -750060425 963177930
-68054345 -309101266 -429558109 629148513
-83400635 275375066 17291912 -117747832
-319355601 -949335674 672914454 914767422
-215802431 53802973 662357571 865807455
471476168 755630049 925599852 -379272287
-195992318 295365134 518087854 800046316
947422931 449161047 -157140109 787373314
-274365917 -26881591 137473981 -633552198
-326694218 -818968118 -214020390 869149901
592275909 -670094667 588472413 376511187
491553593 -288874349 670578765 279136130
-764869230 -28438115 382529787 -433843087
432335823 -550725199 -373214776 -778593619
798111427 153537556 -848002554 -367719082
804353752 666585505 886888396 737847073
499279974 -190706689 913769426 630550621
-961708973 609391984 -87393145 914316297
267179290 529718425 498413815 897866536
62901990 -598234906 -881607830 -382473277
685928984 675624029 -88200659 703534413
-520141683 51858242 270660071 957783883
-175106915 -913048564 -521564618 -341608399
-894415842 -533196849 81044 -922855446
-902094445 162428991 -965075 -574986580
-241908411 -409365859 456760850 225926721
-447824736 698218285 700678211 -760183118
340668620 -746331923 885382372 571686593
-933563151 325057622 113102927 979211432
326501336 -196469532 -842587580 167523551
-128401275 868884157 905209604 199787123
597962342 470545075 594195870 2107726
310017278 -976164616 506979941 -410886368
133071629 840753852 -551769609 900694590
-638529921 637536157 -896369132 579249474
10154388 -862915889 -519582936 -188855915
323505861 508407784 486392194 -197862675
-39577498 -134314361 222368874 852341831
-767435233 -195021725 933740859 -816854808
-218296932 -526862552 124617611 308460274
-873268133 -186295870 -161071330 -136491997
230733981 133106706 -627160357 426887722
697689142 662260261 -223502455 702556818
242853108 983168149 -596438199 118176562
-165267180 610876209 645460546 53641294
-126838550 532441550 -51114511 -472968349
379335810 -693963866 -71208758 -888032635
-147471783 -236500540 270736807 394095454
149640795 -611379448 -532108484 649771444
-199840487 -786811261 999587773 793954244
894520764 -341434098 -117025061 -816753468
379981282 -336541072 -931281997 599481300
237924970 448232805 -575609378 -96408807
577184316 -871772535 116812125 -10118590
783792870 -158001840 -240667751 869795943
232090177 708809326 686116135 603513735
-931859292 454977773 510522711 112218296
-577709738 182887315 922183953 -398421868
403041893 -605837914 4912277 67889865
-347992109 688975304 400383401 684915439
-545373095 -349660089 241149757 372685350
-990711207 452662961 703235682 -551935079
-539696401 997331492 39024182 -359473607
137676710 -483946440 689143431 38603199
-900938044 62109681 -692294107 562006959
425611018 -885887509 -554225460 637294204
890573362 689183119 -170751912 989163017
-746315117 907889468 -328732985 58813472
230377985 108957819 -293909848 952553288
709015524 262188413 553683007 405303557
-375192776 -373312222 -1822190 -696599702
505465359 524101470 -456007334 -983097665
-650844016 469312320 -411182270 769277256
536469247 239054674 -201934315 -43580341
621208130 724217614 958544787 708091889
367647744 240483262 331184620 241448527
441504889 -670448251 -264372905 -188613931
117703823 -341092442 85445216 960106925
-178590374 203728318 -60677583 -428704010
-448548116 687590235 427204263 466691812
-388430432 -679119343 881805944 269916835
822975192 -803621396 -871705960 -200082488
-308812625 -238671033 -370678833 95695246
539198111 70820838 -566041560 -661190403
-22510547 -457228569 -938768151 -606867537
-937178705 -273126428 711832711 -174740355
-869153726 -10545004 -360348464 -762220232
485181311 -141964372 -645991518 512765552
293300393 -338996250 469082445 186532591
936667308 -833697366 -299752548 278059081
955993574 13122835 -768577275 902900317
462156326 943118920 476978223 -849345106
113828903 -135505274 881721003 -243419353
617477329 501059099 -616598899 89020447
929187129 478964215 71494978 925316946
-923540253 780703419 112163603 -255995861
-224363712 854723984 235440849 -775288669
-605382905 -983776081 -989605623 -982127601
-273912358 957415478 -301188658 100517449
368477865 378983261 601075015 -533995269
129977623 -716081364 60875210 -40181911
534815432 135450960 -201527366 311510456
-949573576 89735282 707523343 -56876083
540438015 615097191 477654706 542164657
-382042377 821488368 291676980 901852222
-106099182 571850055 5115411 -959518188
48889589 943243479 -981649655 85111283
186737283 470920039 -20615681 925558740
498723436 148113308 -622209199 -855981916
-108028150 -458471457 -189883937 -836088292
540963217 -667074997 848909457 -599300864
356417419 221540836 -536117396 749549369
-449555290 131311702 986469153 -621935243
-420757424 706196558 -809884016 -212503298
308163717 364397638 -396339361 99927696
412698884 -309386649 89561763 -389357558
485451504 503634506 928813905 -140763780
814482495 340819087 139480173 -453026601
-765771340 957308841 -752066008 619241231
-915909398 127440413 80742493 -360521468
-629608437 -435310654 145596980 845149271
997585379 -712287071 488674636 923373706
848254003 724067867 -231643430 -290482955
250090491 -628831480 23409723 616616835
587555288 -740534737 -691874491 98071267
-525775292 290747119 -487857669 713837533
-767565429 140499312 -136922882 -171990529
-222622693 658069814 -153231493 599827354
449396858 -705080777 261596377 -102868759
481735200 594183226 167523948 559807235
-110614296 844023918 -900793363 329753954
567948278 -594217782 329759710 -888009435
-195419151 -380473667 604501098 590936668
-289053208 942839572 756691552 -22572269
272200177 -965375896 159894280 -841478061
-729150523 596626327 822256877 -122171002
128686996 -572677603 -266114100 948847889
-70366066 -439362802 721982946 235169547
559093538 -301819861 712258889 -142734322
-974791647 -150447354 203658010 579826417
-391814888 -52391779 256990969 -582196365
47799833 -551055088 -909280197 -291695049
556550795 660044507 -982727324 461873247
-589141820 981675999 -115245933 272222033
-302815554 -623465874 -858832102 -887644276
885847421 -880897111 -155207025 376455826
783275655 -287493452 918420766 181717865
925384568 -288098229 588855564 -158146990
-644425440 515929472 -434351005 332820433
329371601 -277628017 -307161585 -101087533
898972098 652629251 946221576 -373312964
-759075002 649606701 702884787 305815821
693055411 300531235 -447861642 -683557841
523107972 290967905 788986904 -548675887
877775691 650442104 845929886 520958976
-557502004 -303410624 103246126 503246891
715707536 74672071 273750274 335581057
468429418 -378545130 -90388096 -191586506
717494352 55394468 -568752707 -933036017
-754086714 98758226 570659578 839282126
164478085 -199789846 -164159347 19650258
-142099933 270639477 -104171892 803055152
-229835664 -884694710 238605936 133403933
-593898837 538558837 -988164491 -372735652
-707567195 -685737806 -920441045 -152969407
567139056 231141989 527923417 65739406
313228909 834668903 -507847669 -476975436
567564967 -884761118 -253113084 -435288651
205083522 -369429602 -830666468 479042031
372917251 -967752087 272473841 117426220
-316968079 -896031835 849605749 181677762
985851455 -486381470 -546721053 171742634
-392162628 942804584 952796617 -532743501
109329009 -787762269 430294703 -946715361
736234701 -160517067 -779122862 163195494
472107894 557141200 -208987061 -505906592
-675262736 -368231920 -983559797 433879819
607460005 -300079177 583613875 -933461638
813388758 -740233827 603623572 -776069732
-882623065 682026627 177385232 808437333
-579311874 -502995543 -371197186 989133670
251859609 293875147 -640050225 408241047
70868146 -840868833 450397465 635043865
309450353 -109775965 262796297 -522820010
-131721368 748857398 218863110 -421007317
-514675520 821347599 96035772 -541367144
590644750 592536651 -346579411 -511160405
67191645 922731609 606832249 900207854
276535845 673978150 71901321 428208139
-333839185 545703316 83100107 -794362660
651737116 -336789528 -601841466 595011672
398779261 79333157 651348893 286866009
-424203133 -619305260 244831213 -890028638
-12433110 568918047 -408037206 304134589
807646408 -974580194 922448234 -751916789
15971062 89106486 31848546 433799249
-972620588 745366665 357770760 -607907986
-180582543 -216600655 961929494 -979872330
547590350 -149813363 809252253 843703931
556834001 -935104203 -968548258 679547545
-815153783 288356184 775514825 -204811040
868963637 -646909188 388869887 795297527
782329864 -652298605 274281165 -89612026
-878804764 -801402940 111591760 -938272001
473945201 389349857 811147415 -916228876
-604619173 -840929576 424323009 384503393
-920257106 -35576444 850532374 -97177113
-404378176 -892902803 219699487 809137809
686268869 274419658 659868293 -721243345
-885145572 615461560 523230559 -654627366
84878430 974157785 -806261621 151848423
653838815 -118584685 -398863941 -172940335
434642524 -401356507 -881461513 -780686089
-805854998 -673132582 385490797 771223891
171191717 -104041258 100073445 718040445
-656174409 -472427385 850873739 664997254
216307315 392604638 -391631795 -576650109
958525744 408928126 402705971 598270159
345928123 -210343633 289427862 751523768
105155325 611275336 -244001854 602187840
777643866 328488690 -944875264 -155271035
-28020497 -879093272 -545758739 992758423
518856405 979448253 -701839112 -19236544
180468707 -215484316 488970431 -567306549
253533869 215921138 -351123746 -367031942
121207746 332979602 437939984 588214662
726486756 -67881826 -271644895 73076540
207442324 95819569 -216441247 765272703
-775549071 -842121246 207930352 942504717
-540732586 -633488466 -321799946 -382112612
66388685 793521227 959290430 237062597
680995539 -49485828 -407608487 -988632518
-13929573 8987894 -801116735 -643808659
468105107 326880730 63518870 -703916756
-193463782 622601254 268279309 -398803888
614445272 -16946032 981624605 -789575819
562150859 -482608168 -631731765 -83406876
-59075766 790781156 629366297 342559915
-825812758 -880678437 564720931 733481511
-892167389 -217947654 -311539637 856870942
-301037481 -882429383 -534569304 305908258
-10630496 -485532724 331466229 218668346
-292084905 -421053478 -54273340 264826483
-167665821 472162016 -924074187 567475346
373950223 501967332 29297029 -315737366
232646420 -846029429 930079333 -890148292
-370023029 902560026 -55886674 -988366888
-194153454 774483516 692323163 27181908
-473154524 764240209 -913517285 340860210
-521580175 -99544778 -920751075 836383878
-402960667 -544419617 -410132199 -116105489
62366927 840284696 -428731720 -496125485
-694527214 22888343 391404091 134017535
-510122585 522329268 87204723 -764375567
428102142 840123496 -435133740 -980773027
853631844 343949465 371573398 -562504600
-539038634 -476189820 26769974 505733218
-677601289 -728621936 -902771577 989705174
526185146 539503726 34358714 -399632151
-252247575 -543702320 901397172 504128127
-95419741 211303332 -568194033 -570786366
424312073 -750814532 -761883737 741294003
-321282214 -212301272 283726789 678107288
