1000 1000
0 0
-401148881 769032170 -366346895 679123579
657362400 -75631964 655605965 -83756204
801878589 200203954 703729462 167250953
333437348 -734757622 361023016 -804974240
-109746664 34606516 -43584495 76447
271985791 -847838129 311218488 -811524341
-660231448 -813543845 -607248741 -817257068
-814640556 -114543357 -866371149 -123030792
-321765576 143774036 -292073412 156272375
-897200607 841963977 -823282456 805357189
505207579 505488749 533362748 604895124
657502023 -160706920 740955505 -65918960
-554864724 -806170505 -456550344 -777257875
229402237 514116841 173664704 517536951
593238439 -281989477 677103327 -226225465
138728741 -442524164 46055716 -352689294
75469516 438048081 136471469 518135845
-527612735 413338377 -509050146 397962119
342085661 -196138173 357496575 -143699095
752379368 449705414 691057403 487252016
22415445 -59386032 -13904097 -60431584
-81846704 -266024084 -117256270 -309284890
-352568939 -380743297 -308563728 -323130276
-100996711 78254079 -137064296 139134307
-174732735 439991503 -104775543 379307536
-208394205 -376926783 -269758803 -408019195
281957614 -528537908 325979415 -439383930
625724940 380858731 556525291 400820396
130412224 -460164072 216123629 -511437228
389186543 -131334693 451652520 -164474486
624523713 822605415 548359612 867780177
166726454 -448406906 145577470 -443801943
-312809291 198965724 -358576078 193978087
-26590676 -222845400 69600698 -317278850
-806955394 -487489254 -854073370 -425376379
885137753 -548769099 934715025 -525736045
-726192193 -361294083 -691578871 -384047529
578824720 144624091 591508001 128961495
546790028 695006610 634701895 782125089
-72428061 -783064094 -141548814 -867301404
-181356446 -557019136 -209918523 -491934437
646622818 299972541 664230669 282886602
276727902 -9079078 306037288 -8422245
-426731552 552547590 -502661260 647482530
-727820433 797324176 -659203036 721818068
186907893 -862355017 264104726 -805984939
201806305 -189330771 298550085 -129176460
-694344980 310134154 -731282506 215555727
-811417330 793713158 -885788384 889702047
-229793507 -703551616 -171928303 -698487170
624249675 -624278030 678806228 -560232688
240781598 -475149953 215332400 -495831587
-559095610 -505499253 -500618305 -544828597
-605999522 -620617865 -644712508 -651393937
165166668 793248906 146633902 732244164
677158676 423302047 649988171 378180030
-731556524 -607187412 -653358517 -597946068
-509164231 -472919376 -451112567 -568303482
-145269708 254964235 -68507497 283744113
556215300 -628995317 655205724 -656289055
-724844315 646689505 -637096948 712568832
584461519 -300274933 645288348 -202575346
-426321167 -891258628 -487819469 -935657045
689856649 340134045 771171043 241039912
-1927808 -626933427 -62877412 -596751169
256529430 -811815140 291638586 -826252309
-427578632 538405239 -480761596 560979773
-220094547 526279853 -201287928 488407267
494057953 468673708 591089090 442585179
550154012 619328573 500819986 546274966
-148808658 152575229 -175752060 147232366
256734191 364078612 232627275 322563336
-286381047 286207024 -281029310 203783275
-523759219 -93475642 -593212556 -35099597
499518615 -695546375 538275041 -758373603
636967762 89593673 575670915 103022419
-338223213 675304048 -294299580 627670917
735024241 799297541 682709680 897688747
-753040515 -330786790 -734796355 -342994563
-92186395 199239881 -178425617 191668471
889111881 -62439232 986574327 31353010
-75458914 280209162 -141671891 370756613
629969654 261972372 682771694 202759873
508885127 -825300318 490863181 -759756123
52780274 208634018 107252872 220265913
-448739463 106551016 -494127163 111623688
-711611236 -690470599 -667916361 -682528849
-638856902 188169811 -558068678 213412347
709363266 503267069 654441374 411932599
-467256927 -399615557 -502641527 -474077324
385290697 -88289938 394407719 -169589990
879327326 276750536 836401962 317849948
-473269654 -430787937 -441256780 -506398628
-488832126 -686026902 -451070078 -751069889
396639012 -480578484 444342108 -425737836
216250610 472313867 282953725 488180408
390116067 -51963899 462190518 -81608457
544515273 818954254 571039244 890766295
453562710 394637625 361314215 388802678
-158314367 751113825 -203041457 839570405
484040706 -825558086 437082792 -807301401
-437770040 212283272 -354668392 169202361
873120527 -884931615 811600375 -921419482
74401963 113268615 -1060717 175476475
-307154944 895144778 -232951981 872996121
-57793720 -193382438 40315459 -99934793
526533151 634425376 506381900 714506782
-709558338 419161989 -776141782 452397921
-104209321 415558346 -37413893 491134333
-710253721 -405869398 -773720735 -395983277
-384451763 -861714153 -354281972 -885770396
-590811830 210678375 -520797154 210041894
687439280 554203014 626520466 485275809
190655749 -209652691 176607209 -126183937
656246001 -737683485 652746997 -786245982
-470010704 -266076940 -430037820 -178892365
10200491 498066517 104992614 596076209
-86435855 -52256582 -176912084 -113944506
46774914 -734423081 24029062 -665456482
519941195 -567006152 561330061 -616532281
882622143 393565549 913962007 387497331
-566397242 357149022 -626506571 410861380
22111267 -331187452 121038614 -374386702
-649229207 -561176569 -711837153 -542677321
251539862 10139516 199716985 -79575670
-258163746 710729261 -231946295 764515396
-716856156 565568034 -718428566 639349594
-688423093 -683104835 -655742242 -717167090
217603994 -808245708 125686082 -717484115
567993157 826662992 626194310 749820101
99981835 864123868 69786752 961994424
358089409 -348406304 446723186 -297413759
802953785 -91751596 746567618 -127974143
442829231 -638066338 525050141 -582058697
662840270 774292233 701831756 717203919
166584606 496262446 235174871 461543632
-871743908 -413650714 -933212203 -323875045
390791290 549150156 329515282 620097524
-568543696 738968198 -509619108 805562996
-519224539 -754156013 -590876159 -779144829
-695001366 -321185968 -627776939 -295602860
339517830 775177135 308766668 830418145
1616056 -810871221 91734703 -890807932
-596433725 877057002 -575232581 792790750
-154742163 -185194603 -186575960 -114133766
-24269530 -61436522 -118317648 -81849547
502105415 -380595248 459093882 -456665226
372499879 647986354 311153484 614520006
222896908 -442589088 244492732 -456776085
-877061720 743289619 -909823813 756255604
341762536 215127569 388789138 149801387
626445033 -187275720 718572113 -134406454
508281492 245199630 512498611 199003016
-259535836 -696125044 -240039658 -621898051
465125544 -320869677 428718014 -247115714
-337738357 764232287 -355523103 686964696
-109892362 -588705102 -89112610 -681655006
-70389101 481524381 -50317835 395474759
456230308 768028021 432826294 805035416
435747899 757782014 449529178 783465310
412733319 321808026 512339994 360738903
-481979665 -555708656 -579960292 -584093232
-670269167 -73447738 -580228845 -104433658
-475142629 141093671 -448754796 112159060
206788030 -32076645 142412019 31313799
168177228 -324190299 114344734 -237900543
-866620869 -453863264 -875651216 -483609951
621490807 618187901 550822197 694697708
-832992581 36468233 -849740883 23065299
435808855 647414956 387493001 636112348
-18878392 773667790 -84648392 845727551
-633871820 -363207431 -637908772 -269659925
114425827 47913515 61070844 132387285
899246123 -139710027 914052645 -122575366
-19244493 -116961477 37542715 -188623380
-711457306 297516737 -689901612 232686706
-693712182 -866600096 -652810490 -778482859
-70520550 505704538 -41670082 469442804
-55380316 468098859 38114018 394037453
5930752 -776974092 87208552 -797428475
390169628 -534029294 371068712 -559253711
231379408 -632803799 281140214 -553277846
555517747 -175487885 455553791 -236712820
-896732700 -699919309 -905651662 -709258654
71381394 -473946529 36547103 -473421195
537642784 327284308 561451678 297487587
272223383 -532335024 292945642 -524874084
-868100907 -678263873 -966829871 -749504115
-192124986 656318687 -236364360 640196600
269891249 -652957656 304382899 -672094579
-701307117 -680190358 -655074684 -614696186
-280044058 690186654 -363689360 656177388
896732742 -661063068 980345927 -716891816
54706382 -544432408 -809670 -519545207
-346308305 881269308 -259939068 826314878
44585929 613188585 97847161 520504324
304132722 -87149177 208516720 -154211801
-684297331 -234699757 -762053597 -165497041
750404671 -80873673 706416472 -112022167
653254139 -75708101 614867345 -51391413
485411235 376857676 520884927 427113739
897315872 -109687326 847398587 -95478168
473955179 831385608 376201564 889498204
3935006 393802463 -33330058 369847711
-155225022 201907325 -170979018 228850943
450520589 739260337 548491616 764769171
698931792 641526797 666919995 634026115
-314133615 765162423 -370161631 715227076
-422741724 92725794 -435885572 165243578
-850127611 -100461584 -822817380 -33521743
793031971 609587670 769889460 690943662
-369152770 -854870916 -441795004 -831582601
665979242 211454080 614892889 164533194
853163052 -65330566 941071751 -3830479
-187525667 284810035 -251851626 193647561
155583423 -11064123 180941543 7278651
-110290051 -874421388 -157301532 -822191611
-461848872 -753711503 -430220463 -818405548
516678849 -711551075 609707954 -672229853
589252388 542654102 637952317 551356316
417349334 -300979740 373146937 -379849919
19280375 -850992205 65457924 -822901381
640693704 697087310 632694584 795525857
-893826107 -475477821 -828292700 -496245010
886238623 741863638 898681067 762358211
611737513 203436078 700053982 179551120
-762124170 -816487783 -839018877 -823573518
-86285571 481595926 -75552480 483860788
778467669 485104879 865181217 557004588
756520782 -401339759 732537227 -371227502
-39842116 289264876 -139665227 357816461
33988971 464099952 11441179 544849941
141772965 -569270482 148901644 -488189345
870666084 26719663 876667445 118422889
747736405 891001353 805091417 984752252
389941798 -251511276 416021964 -204498424
-106129923 -247047659 -93725069 -189795353
487929065 758733603 433543558 751789449
-819983375 11526170 -802099631 29870306
-233500968 -758642490 -150504113 -797772835
-188322794 -403848195 -187194329 -497395796
441970554 -172308949 383844112 -223171800
864774278 167538376 783329976 94271010
-519530419 396961209 -610944453 358388685
493680700 -515628171 396341322 -440016296
217099226 558296636 234474364 639537909
26646743 -514495836 4342662 -507966769
45781885 -231030483 88409729 -320867607
-557703152 128291137 -615330938 56909341
519400680 -649344224 546531624 -552577805
-292635315 675639670 -310692209 656655415
-59931913 -830622305 -2635733 -858896539
-187422928 732321007 -163592158 650524632
-771469487 743328150 -696762844 834215868
880162745 -269261834 839153037 -247182455
460635066 -235656904 507790707 -280399179
-89075233 -753878287 -75272276 -843022325
-808384701 806103865 -883840036 805115607
-884812087 -267372811 -901910426 -351803496
-897481608 -828927379 -829781743 -917356778
-565349133 375522312 -619918907 401615027
494500922 -725522372 551672428 -788141938
-856579810 694576565 -806065046 630803494
808520171 -681763981 729144599 -591444051
-759728336 404652806 -682281911 335739996
-466707170 862442953 -539833487 893232773
29497633 -727554340 -39597162 -700428621
641081992 57103756 675678554 152291551
-539108345 259332653 -611762432 196429541
-100037957 667381301 -86722222 704671501
-620823942 -726597271 -552641674 -690623045
-824633848 668565474 -776177491 635168297
-697579010 665898018 -696072805 665692740
235222440 -203899158 286000862 -116330510
328066209 273838870 333397809 256172070
-379932523 315449648 -293784575 240023857
-572540131 399121482 -563799029 396925925
678804322 -290921471 673535808 -255252708
-97584000 -854976918 -195442655 -954644368
-592645606 -346370383 -493848686 -263433946
587749304 -450126461 662898711 -513390126
-500106128 -651252559 -468693005 -554045179
139176333 531605098 72945392 505563736
-340044481 855233374 -402771824 766192888
-530220473 509901160 -535919753 496744010
-470276680 458918887 -544755250 493586547
803446396 162977960 742265173 232707074
-360308690 -210871021 -409435212 -140470273
-651450947 426248132 -571359581 511573377
-378249107 -142750013 -371037965 -215062286
-309791893 763637973 -305676346 813243978
-133526513 -831300902 -62324577 -842178059
-402710220 -53719753 -493651118 -40673570
253384131 -319811706 196130802 -349499685
-799766547 698845801 -827907978 792838958
-729140714 -180751109 -655044897 -168945046
-883282376 761205868 -801195942 732788835
-413100380 507999351 -322870748 456108275
-355841334 -106938483 -315239054 -36769620
-656464016 -532881936 -622938071 -579396901
317449900 410412726 376712579 330263706
-23802427 -287630989 62432198 -205530481
-808449933 -345829924 -907056844 -437765012
815471746 403066371 758068237 391488462
-530668013 -31261937 -567799202 25249236
278181052 857603485 231312172 766079054
480702152 266296339 431563436 288134298
274116105 513526678 294815192 572749613
429460182 -181121565 422512415 -183084207
-648676903 756532396 -744194365 768950606
-118992543 -500475875 -90171897 -539259933
651269697 561820856 748248779 632718810
829640650 706717909 924234807 776228091
-73145342 741096730 -12116811 645066500
532179156 -495859766 597170678 -463163640
-12268421 726898573 -6959867 670317613
-569600810 557557172 -554478394 559904773
55056796 876592866 152824314 970051271
480697486 708263279 438324051 676096561
-764346741 605522222 -821859207 658136461
-895234914 -254018277 -945686292 -327511530
-568809642 -362502631 -621465766 -355683830
-348938304 220149154 -275832943 233208779
-211878542 256370944 -116377083 270279802
153321468 96641361 85524755 63966747
399765803 -223282904 368756136 -255516532
649817460 -288187438 650592303 -224999934
203487829 -849934488 237690435 -776484081
203249934 178300795 157741134 191547769
-315341831 669823085 -239212858 678989277
651277394 -822151487 557064312 -810885822
293024027 -716082296 267716826 -624829329
842523651 -845345936 750393282 -813055503
557553007 838976906 562246872 882194540
-149066189 279606597 -122431796 320246703
55425027 293752635 155165412 390528643
610656456 119845342 665856161 69510820
831273884 360875596 737982085 423860356
-136039351 -448495899 -153398326 -432952576
-756795133 -429261296 -830651249 -484885970
792896221 402107183 814539463 470920127
-623585799 167528919 -638854840 185701435
592102462 -568147120 623297696 -600403209
154955608 -167405092 245398799 -126489152
653444766 819055871 613594151 731114476
-125252188 196700820 -154438180 202421189
846223893 249130201 920746699 308893482
-693423031 -241328816 -758597142 -206062075
-600084172 -587753462 -682944472 -596494720
-482176606 -804927653 -574934874 -773492213
111186954 -732553729 165180134 -692016197
-791464152 -600886524 -722652231 -575673780
309292483 -609271380 360461839 -639937234
-726159790 -250457659 -730396122 -315405717
104843164 -104097604 16321161 -115558337
-678271365 -683794211 -610701906 -602021591
-663656142 -241925988 -587195175 -259154225
345796526 -115541461 294247282 -213632845
511215379 720149385 538736198 728854364
-31124908 459075656 -73693385 383591524
-2864616 -327023848 27677141 -311076021
537472913 158280892 538611389 97318192
21729692 838985411 -23056663 852823672
448768925 755674251 400328556 727517312
-746010152 838074466 -809274328 862892427
-208831533 -120721925 -230616759 -99959999
-162143256 -371630088 -218584384 -347836690
-626083531 613747082 -634853402 572559633
167773373 -568538603 93784489 -524473296
358982234 398245990 378367038 493981484
-216993418 -525922380 -293510228 -448503354
-221154593 -549583339 -248056826 -553949937
522568851 631873239 453877400 562059219
-86444985 -208380985 -98467584 -225249648
-184286735 736538502 -283883152 687332507
513805378 494979178 494987031 566621226
-499381186 -535453460 -449654141 -592763129
120574437 -383018658 41877267 -291624640
224589318 -342500884 313877178 -414108884
-790505348 -86421132 -690731083 -162463120
-60184136 96136269 -30090191 174157451
-597607475 618025757 -659850402 533515903
-657243314 -575314093 -587548216 -643172664
893001489 -32289545 956079420 -107080099
-295887607 -724254010 -241077668 -668397494
-685959891 -434200805 -704857447 -426031852
-530419686 240446485 -508923709 329066678
-326987448 740820091 -336332395 809040864
-525088960 488982825 -516726473 459015837
-519460935 -552447255 -425010157 -629449728
-445975420 468572822 -406356474 464560376
551131032 679715315 573495085 756521252
892638634 -705019090 881762900 -666412044
11250054 811635739 -7606050 834756258
837046800 -779179202 774634840 -785457026
-523424224 172664852 -562709384 134715664
-760026192 -630165966 -741921400 -613609259
-686256437 -125361704 -725941438 -192859681
-207736241 -612279827 -254228644 -648697223
424861179 275189246 409273584 352442110
166398506 -162401355 224704828 -91276587
133355856 182985782 211319380 155448574
761479414 -264362242 666371875 -197132640
569688720 435176225 518059715 408080130
-479715436 174777647 -432496342 265133408
889373531 -663459857 873067061 -645425221
-526348778 -664460198 -613317039 -642236307
238521188 234847997 289240095 299308730
308608258 273741357 406530270 350627833
-93002124 1578860 -107774029 64844048
809487162 -174386045 770351985 -185568545
161680798 -588974591 201168846 -495183251
684163442 -844053432 782379893 -814711452
831148557 -599770468 731523931 -677209130
306867358 -859783722 243997014 -930419606
-781970742 -210365279 -798264050 -131187177
-483830623 744813428 -566996834 826068032
-797097038 728611138 -835422955 825095995
-519167710 785340999 -522572479 788101745
494632011 238518975 560955287 320658505
-109383969 -794758 -153065715 4468657
645591589 -814884876 705669599 -717089424
-421177977 321837517 -519204257 341539238
684642977 -876867752 696017958 -935671957
765257381 -467997006 682278965 -412597651
466070285 -622297393 451005465 -646982908
-266796995 768649519 -245355576 760521806
224546572 -12338840 256391787 -23837900
837242056 -328283985 875858512 -346582568
52767284 799431571 96169502 788574118
-38133426 540205060 -48116123 548543518
722898029 -298022373 809924615 -394191189
-440317358 632931179 -414977934 613133358
-34205525 20348237 64258541 118925312
877027593 845035686 960217192 779881252
-515838073 125043832 -564738368 70895964
441174550 -485614030 362093648 -512953682
179344319 187149794 123318174 244788907
-502807328 520269675 -472627796 452857429
133503098 -367174146 150010233 -417864593
-650402223 -783180092 -611920882 -872916911
609698276 683216892 533822880 777211733
-697132981 369765473 -760265519 309264040
308912718 -449322402 382345804 -452926852
-113576171 -685529149 -187859456 -684418471
148598521 -630246229 138699771 -576309046
221570831 -463705795 284573969 -503635597
739582841 382461221 792615886 401643875
395033700 -283715923 320655443 -346043260
-1559837 -694811371 -50962929 -602269752
-620285424 -517893392 -535642387 -546567342
-308098894 801815793 -226535824 788966507
-536765367 56906522 -446043928 47109488
273040098 -685163870 197291373 -678780671
-875264945 -766198618 -924634997 -774001549
34590802 -366932634 23414861 -352179381
365278823 -633911343 353382181 -716325586
134473725 405723940 166863511 385432569
-373841719 -76191537 -282031868 -160334866
-159399175 -187960736 -214028429 -263857195
303329350 -307116104 326326466 -405447540
800480882 842996903 867008793 910909688
-557061289 -596692610 -459865227 -546956985
318394186 -174696133 400961998 -74981548
75324761 588815191 -6527130 593387315
859138431 -316346495 884824751 -340316735
-837418467 -31392878 -931036566 -9085292
841758971 -661000177 777145502 -680313726
-192277109 -260424069 -129387042 -318669213
150544177 819098691 169913586 720955605
407842230 -202836857 349509591 -191676621
834099701 -842745886 814284710 -894856543
340434221 833399002 282490706 754405687
4474909 725392555 41894059 746945938
850255119 247186361 922487002 184408742
2282109 863933841 -6562437 799427927
585794721 306042557 582318239 364655481
-538102484 846876105 -615975004 771818891
-379658541 -658709154 -425374582 -630298289
641052283 505104827 592452855 412542831
803859846 -92073601 792392872 -121123292
-137545685 366824894 -169717711 385721753
214954495 709617197 125256306 693243032
57293259 30913184 17108986 128711103
699809949 117385559 603796160 157438568
860482091 380068975 956362203 386239177
632318569 818078470 622766967 775623682
308433536 -150765474 287255619 -207080510
-519762018 659801276 -427423260 635255130
-471138887 837066243 -539254918 831689197
680595237 -88288970 622027880 -107275189
842833226 -350960770 933618840 -283760145
877496007 -539879509 886408457 -632445752
532488108 869247065 453333758 819125256
-61773875 -15845191 -140749085 -95210072
552984318 322876942 520084271 366675803
-755266729 -436291675 -768289751 -337006791
72165948 298065574 164438716 361217078
805408197 -689262560 750920307 -746421214
744819677 400505751 802751072 463799783
-796169275 40385319 -826330179 -2222073
252386306 -769264827 284886172 -849597443
-863863852 493295140 -950770614 552806274
-496044578 -532054936 -463820884 -455278538
-472056567 218802922 -493967959 273122180
690499623 319574091 614026191 259931623
-99629913 271166699 -199409409 337661082
-181868709 507824481 -198706862 554538309
800783818 -414274027 856683291 -432725357
-873843423 332497294 -863084618 327534627
-747773677 -194076348 -772623235 -201205068
862452412 -684290563 843088517 -632869777
-579830368 -143853447 -669534937 -49703335
-868864544 898081555 -796552620 958331587
857324896 -39980633 759599753 -24024309
-398651377 862792544 -383049155 915874273
98632531 -268852075 -234326 -321740393
581748410 330276585 603700460 374675131
-754942265 491333604 -851266919 570873837
-806089409 812842546 -881690580 747031503
-55192073 -76085105 5265628 -129040193
676267618 -427807895 750994394 -380705993
-669119730 -835977511 -758142856 -830077579
-29456295 853116821 -53493540 799062086
-83329755 -843520249 -3361168 -857930404
453103416 1870528 492365180 -44176349
203562114 842809197 199198180 902757163
-371587167 555275071 -462930889 566729270
157520990 201448301 226704592 114250927
898320133 878560977 852001309 869371042
82955003 663235583 32358066 715682106
-476515925 -443959690 -566938203 -490264689
-644058787 -269365239 -657208338 -280794619
673892535 -245553062 612516070 -297100902
337770460 647409044 349194200 621419174
-781319667 -78401491 -851654498 -25701943
802229231 168782297 745798210 170785913
786609805 -423313941 796675210 -419389413
-623539113 302794861 -553932205 321594114
437750031 579058182 435096915 491407904
481532990 424642042 522410034 385769892
-436519959 201688871 -429259380 232211710
-418434461 327858917 -322786126 248861662
260266097 -661545446 201413186 -717194388
-248598948 -839497296 -262930741 -908952097
-618242895 429653889 -547076979 471459161
429443780 795299811 377682063 841996750
-6408437 -349357180 -102864993 -350993717
-604262415 -804461794 -565997823 -846435053
636096559 55089858 715159466 119671826
-320062148 773988004 -308189739 690086297
713745210 -364900444 771946234 -393427550
-485106817 -175811418 -406290667 -247618083
591170987 -324271768 623261738 -324654599
884887301 -269008567 800492263 -297910015
597047225 -668598892 593461795 -692183857
-481755158 -168687489 -519316886 -203945923
884087129 -472094235 834557155 -388202334
-87278752 -638696064 -43683911 -671201342
527644796 -537320916 520614649 -532450278
-842309771 245852737 -762713741 157591942
248158339 31411890 332014846 -39188915
-354667995 827700941 -264293434 781654695
197759643 -254457797 295454869 -331421203
-675415779 174008354 -662084705 254960276
287240948 -142106143 235416531 -202537909
812628602 -638201593 789700354 -541798365
814167720 687367006 793274162 634066553
143760113 -267632787 110089548 -222948675
346107297 581200383 310678330 502054322
125639834 819561123 77377526 815740674
15855925 -323261962 3824658 -395533546
799993828 -598370806 824435123 -529957305
-145716659 188011230 -210907889 104841670
744403034 89790214 752058785 119207603
-215182326 864214689 -151519349 847852074
139637112 -597290927 115713818 -685043765
-18090016 581694546 -100283336 606137565
374416416 -518797551 292708169 -588489523
-54118837 -403363436 -75768617 -335384105
-669702264 13396274 -601407535 70021562
-265838989 262207263 -357482736 314150872
-794690867 -31844148 -695559179 -21141493
224783801 -110202802 185807577 -144329006
-549842430 503270202 -474879921 432366540
-649459795 249549170 -586988269 188583748
-264446035 -130481908 -234148135 -93375003
-371273141 27889202 -431251561 88462023
385995725 -498627723 377708658 -549938213
733832267 513706673 639674473 503564493
-578265144 -679121575 -540455896 -694697537
402278914 -367687987 329710613 -270462355
699911088 306715128 627808730 404339843
567458948 125461378 607848075 190609348
599114637 159747457 576010469 149712177
423379678 -705416782 379422269 -794322621
461271851 -32448176 430777667 5047446
626105318 -169724173 585098157 -111806392
-169242842 -340892718 -75164297 -240959296
605128156 -757416460 625967150 -823241098
-817872218 541801520 -891873657 559711701
622145433 -296534187 612010419 -328290826
52784120 -861589714 44929300 -764933688
-210029042 470368857 -244932877 465090910
669221123 -122544102 665435258 -29781514
-94270463 -467617607 -189594528 -461906325
449633771 347749914 494171542 330482000
-39934251 804603537 21890834 710511819
270579886 -644840573 254937063 -738344940
32166922 -592103533 -42942404 -658539381
-791054813 509636608 -741716675 487972720
-476961855 718815000 -401126058 715844170
-379399868 313836524 -457157883 273701018
533847209 29723170 519044157 102664209
460061572 594949311 528856074 571896882
-855469016 -760496052 -831763428 -786668263
458766969 -80561506 416161695 -137496943
657524687 72606371 560441504 14976864
-894357571 -542008788 -840848291 -459534619
-793325608 -702795404 -794055577 -788219607
534117636 -418036408 494829993 -384787448
-351600263 -229782546 -299719537 -229242473
681426463 505860653 725410629 490015850
505521668 752434536 593066332 785884756
424404892 186239636 337813999 151678209
-621022975 691410574 -663862111 653716897
-689087581 -598428246 -760755891 -687279216
389502638 301773717 314074987 360142798
898492061 660210796 963541073 676628962
73146721 496764358 93919024 502923128
-869799328 680565146 -804335879 751266200
225427110 443755790 210998524 532540003
221258173 -447454723 155277891 -383543868
-256851359 289543242 -277957955 370148241
-37001387 377379747 3043124 290879939
83607512 325462554 135773047 291868178
-56777807 -333256424 -7339782 -255422252
-239545118 684725891 -307071997 669014838
331175244 613263872 299811346 700129650
203216839 -326182980 224606869 -306279160
-678267023 360925669 -694771644 347547544
577467242 -736283776 669725096 -719320757
-167949162 695794994 -266117675 624902076
635329683 -193307882 693397097 -264999672
296656248 -478229487 349899423 -397536729
534037427 -889231129 438947518 -984377761
-234009400 707899019 -209833020 637472547
209873519 530107826 115234445 564229526
690782223 -392080005 664426105 -353915341
-252786273 784272298 -281891169 738174905
698293203 -38037301 760270639 -18085940
123830490 -241130328 112678245 -337131777
729038265 337442411 791036462 398759525
763042436 -267763400 691693124 -276032975
589218726 -704215190 530441847 -700868335
80033206 -336800252 73629585 -362081099
441602559 571022542 401062344 661509333
-506872421 283639343 -484911630 308857564
-343673383 121678441 -418444292 43967709
575474421 -529614112 623860728 -615597155
765503159 -361029900 762185376 -371791905
-126962024 -777541770 -123911560 -697610830
-167251052 -526290690 -190819133 -498482520
-804832668 260917630 -769463832 242210651
-214468262 -319893881 -147958445 -251636669
-213123627 -738710463 -219427871 -833392211
835988272 63880836 903046228 10533143
-129293221 421828906 -150216960 508285314
-332141481 154679527 -431650874 174266551
-561204881 -376085677 -567901041 -413455272
-656225943 476126297 -743430826 478141003
56007494 800905693 57706915 874468782
385633242 894094628 295484376 881182206
-845280592 556390387 -941875134 579659493
-363032012 -444299517 -276042857 -497035657
99038344 -679468304 185749900 -581377026
-40482457 306817162 -125516975 277773413
-675171566 -605404328 -759496714 -702588201
-346751986 8617313 -305941116 85942658
763285994 875274008 819252185 851750398
822340978 -753461994 811868069 -724178539
354936210 -173134602 326204025 -183373332
-403015108 -798463122 -304431972 -758895020
-388725842 49632536 -348247389 139527952
-861680924 556585463 -858972359 542134002
-808438794 225986036 -853958604 318062255
687068823 -654781059 737773426 -689320645
-835322172 861510381 -738510533 906148460
-227931373 -578537100 -135906882 -613848502
328464803 157512514 373600736 190089882
30958604 -514120646 50870040 -543667996
-530704799 -817615072 -533881562 -736295979
-265372774 680826724 -273668823 748934865
-311273028 -408200582 -306297401 -506731540
-772617005 745759444 -690049001 672672335
-608465128 385432289 -619853496 436773938
-545618066 -858404188 -634456864 -815115510
-550757150 344152119 -609170087 265236914
-600319886 -575533410 -553282468 -625420994
-25010577 -64755277 -119983275 -65636323
-281067086 -160660958 -229802042 -256370898
-390516704 363127552 -487833545 361799467
764781412 752754901 763389455 744654734
-714714089 334110144 -633194596 418077706
-103376448 -115617083 -186004768 -105710272
-496867567 -124982265 -442475033 -157251824
817589782 -577205135 774712886 -536445699
-501640523 389109455 -565420583 424825106
783229101 -660447553 768779737 -604247450
351407161 301699984 419253921 368308621
-693705975 423839879 -749281080 419853230
-351503341 104944701 -381101115 124842189
-502880982 -51834228 -490516057 -55093612
-690829369 -218780975 -750640640 -249136758
798758719 -514899285 788994632 -494742347
754922379 -726254169 755362194 -725906673
-324315547 522647857 -329873930 462496191
-10892084 -455622024 -57278538 -513287312
350217576 87269015 409830052 101866842
514947061 809077044 572417065 897859037
-375524075 743592936 -475101664 741725965
-606910389 -833767938 -588506887 -823933480
318935497 836612558 244362575 750629207
-66063245 -278527072 1669926 -193340746
-471953141 25297175 -571127299 116031292
417106214 -407625922 425543085 -342672862
141541338 160212773 202578615 174345895
-33978381 -30170897 -117591642 -46963701
-521932468 -540626451 -535922363 -607915475
182280007 437663816 202881767 380387888
335295017 -62569391 296447036 30185690
-629971796 -351333353 -725199506 -328489210
793653697 754806561 777837638 783620353
-152408159 190976415 -193608039 174800931
318876351 889978659 226544734 921828135
593996618 -604907924 566809568 -649337631
-97261714 -866649903 -120245093 -799312227
26913457 673777315 -12254684 575572005
-426101417 809639981 -362592282 813510456
-614231995 -355615379 -520284076 -285015702
339613727 822062726 388253869 775626630
755417206 -630827104 760158539 -579269761
870597419 521280919 968865234 550238227
-124372828 868050064 -43556473 894112609
415872597 641697072 352122273 549959294
698753818 386901499 705114767 463377039
877923055 9460573 870525615 -7415066
812720581 -593972869 790600263 -560095335
-341072905 -47061394 -250618737 13604823
-382228290 807181527 -358226793 761417725
587666800 -507415609 620968605 -485010659
-818909642 682338626 -719715369 692409001
-465148624 230967810 -486640088 316238903
13405564 -677206920 -3619254 -704650392
-549781958 -576427220 -593594785 -593929362
-620007788 -548165503 -626832908 -592024556
338960964 373401430 281691681 289504819
-675053833 -628355052 -707305050 -574064960
-284511870 -291055527 -334657031 -374659228
-300788575 330283532 -301173605 259234672
-11670339 -340448004 -21922740 -248932979
379413024 304926573 420239806 372860933
-340236836 -668777958 -291333001 -619155425
837392742 -778500778 745359847 -786835591
664669814 10860014 727720279 40757689
806610455 -217921129 886303651 -160252216
820709398 -408449910 752739762 -394297311
5934798 533698967 -71619085 592772048
-362920215 749939121 -316489894 742237028
655688394 832031905 596022633 742858530
-880126027 -629305737 -876382872 -631314272
840995734 -839476165 841008495 -849579675
208856534 372331031 267875351 379441537
257649224 631756281 187477258 559951964
426751212 289322532 378573532 246026345
-206877829 479680949 -157912853 487709967
-590090413 -811879181 -667806553 -903107705
467352296 -138817129 423136164 -128298864
324300193 591748225 397623041 522848963
-16136787 -455070626 -25300394 -530771058
-678621783 658219489 -741731677 631590024
-393952208 511476423 -296566876 457419493
-437466857 -73889069 -420632776 -120476060
-463438328 -875504630 -423235482 -900201362
-936392 634871795 -43172033 671668113
-681509497 843817609 -616159490 841248357
462900026 -184948283 430338741 -148224404
-398625796 171126902 -343140502 128046887
315788200 -790144415 367768391 -712700865
-667687856 -330019223 -651669111 -258009068
-682134764 779223852 -772083540 706045896
-195996220 -189977759 -265258009 -123139900
-292224251 -689894717 -327656790 -708555125
794218980 325256889 711640733 251219983
-59122979 131176802 -119077517 118328205
-416848288 -619858221 -452956853 -682836430
-814976921 634159090 -761894118 548704886
104318863 123538990 151182278 171653762
-395065104 11210742 -428625998 -30411059
438279556 851621911 364399192 840859105
-524883863 637770485 -545597624 565154322
64602055 67909846 18791989 142213475
122190627 -337663145 150769176 -386495809
828502176 72173736 908107209 15054602
394295532 -440453927 447299831 -432009794
-146733373 23435469 -176363286 28284584
-541040900 -618928580 -446424463 -558790402
263230812 152662365 192737150 115587498
406888965 -158526794 490021745 -106637779
-306172590 -884105745 -324145062 -864366249
-445317965 -50733752 -484989101 -73062059
344072431 -223742225 250626368 -227017784
850317912 -824937141 864788842 -728676678
714572897 -845685893 768171286 -777901355
277679144 798531043 183566097 711482714
-785377118 -25951132 -718084607 -45215837
72894054 -187866618 145695503 -280817113
293579100 -79704926 222077225 -66760898
-312777559 807553737 -215087710 719274052
818290741 -171950236 730223060 -255177136
-150434158 503667926 -69438240 581911403
-645525104 432502484 -560317976 336238554
453351552 229061276 522572000 155434813
891584613 330155666 936717180 239394700
-444189874 371451317 -388239726 382012428
878033675 -299522372 805069259 -370450653
-511999514 -638890857 -570259775 -590005352
-386522436 -403170186 -356848685 -340836787
-341833253 -40710448 -387044146 -126994992
221099044 238072407 252104026 158247741
-409275580 -620675692 -403561029 -535167653
515906464 84055342 433719447 50157147
-409759230 743220029 -477966300 684942982
32014264 544391819 63781578 557232433
-349535995 406874992 -398007299 454353379
-820684789 286321662 -733494704 364611436
-61428561 -566771642 26620308 -534373551
692549857 330236762 629819536 243182417
-241328577 -70384941 -184832020 -41586359
530661034 79617162 590753759 178864710
824315692 3783713 813460181 75575765
244531989 -403209624 161754406 -422980761
248200649 177135217 211914227 168405700
872584969 652667023 854113033 617073746
197866657 32743683 170980571 11126104
792232710 -82674830 778740505 16843983
-212876047 883190012 -257126451 808816171
-248705977 -257295404 -296334698 -330029180
-379229864 -22536842 -335904811 -78554855
-222017809 -442947021 -209713709 -418171907
-374329723 -310352722 -334001925 -312494760
-57200452 -757891966 -88374 -729985218
44895726 559528015 -29135512 504259091
471718609 -641229136 512403052 -669649804
-331024410 -881480322 -326267567 -875975311
-472915810 -846716694 -410814062 -903005749
789467197 -770228648 801120386 -755992150
-184603662 16886925 -90912622 18843504
-812752884 -326675233 -785660199 -249188180
329571359 367962007 233378497 291103743
-823908191 -575767573 -758445175 -525654438
-391929880 -547412058 -297300363 -558239933
13155443 -599907422 48888114 -621558141
712454568 144666032 678695422 215890137
-739629542 -321466146 -800150830 -254968795
-484256556 -370792397 -548151044 -467236685
639867242 -840438997 658460730 -866317707
-252349468 664046916 -211126697 569504666
-81776578 102361596 -16437540 177421522
-539331491 -817367395 -594465898 -741851435
-880189417 220209309 -872959423 215318242
-703244435 -226968323 -796235701 -144989417
92500650 647099566 129168368 609420104
-343995707 -90342402 -428129163 -74136248
66865249 148849802 11347979 106876218
454782945 -663780406 500361367 -625343167
-696599341 224389674 -738185347 293168650
752766927 628999347 849971152 679089242
-41336560 -209120856 -66904700 -247129213
683764157 382802032 599701998 368337723
547844672 -300762920 471097589 -211129512
818566313 390557143 875706543 340348048
-669274577 85756119 -763122799 114077280
-138975091 -362800524 -122216081 -416270775
-820168385 631329404 -778738555 578678611
-555431089 23921309 -464037885 113006820
756565304 671991208 709912082 652714805
399668736 242355439 455020505 156099659
-782620324 -406066016 -876241424 -352433305
750897056 535844465 750101207 505032483
76699490 843354080 171279097 907469703
-294067283 -300809390 -253247377 -311954603
-95954557 -619273386 -178044958 -546612475
46979934 252590168 -22515514 349332729
-690875953 -570272435 -746732739 -579552284
-9124938 -434179058 35570287 -466766362
655690656 -144013445 723874449 -149004092
-354715641 190149399 -256156507 93068226
216083992 827212961 133039287 903384660
3055980 520085195 -67118218 574628754
873975868 626263865 886858391 649596932
797038109 -740889239 723795671 -647076318
78482935 895718016 146918612 835074317
-79919518 678059741 -130362857 687693159
305533195 -827036302 297930778 -812753670
-302098392 -292929534 -364218902 -370461984
462868207 316841718 481918595 363427983
-226607888 819192413 -166768163 769795128
303188161 530127141 383051758 607069931
-805345704 889571518 -846285491 908889407
684313895 653463605 753223352 689570432
-23059136 -606979410 25607402 -562059493
-826853315 644841048 -874030978 621008504
293618435 -457575418 264805623 -542768738
202640547 -113049936 289233311 -16947840
-289064952 -75196591 -353789318 -165321073
-485716278 441331227 -505060809 396902833
62455166 -267833354 -36682514 -356514719
19563223 37028989 67331306 122613134
-877798594 587735096 -933100696 669192330
-678268900 -111817545 -665784016 -149937514
743971506 -322766619 751769368 -288439324
-139473044 314198890 -197815904 408510702
-704016630 -196538805 -746307239 -118172921
-809900696 -55264309 -809051024 -80515003
-192606546 -480641759 -157289277 -388640398
724303657 -392143268 776773548 -334839778
319225215 -821620896 351083975 -855333350
-459039359 -296613484 -515905470 -347176160
68894782 -402792605 -19381489 -481752149
-402384711 -49803158 -395721260 -36322248
453232271 712127549 360637867 651198524
419933245 -281103997 510545987 -298291560
508353762 -804409890 560654738 -849638994
-259907446 144089959 -257305639 74384828
416886597 546809047 501958781 540418637
-708275629 529912914 -685384512 527556977
-419238426 429336077 -363078312 341227223
806564059 -682821901 802709160 -605949327
90143037 -490132837 73428269 -512504711
690381284 -687153338 591169784 -768881714
540106842 394340371 556919618 348194170
163642786 -461058995 194834395 -411279638
553932245 664819829 562739676 704195490
115281699 -554248773 56709213 -653076486
227125016 76678906 146979526 87489138
444398020 593359355 430317050 690025440
-515192369 -728033179 -463145701 -663658181
-169361247 77919704 -103150964 29696884
631545450 150723572 713412279 163433829
-790432524 -561479923 -823217742 -583158861
255832660 -267739423 335171855 -250787260
772989783 367159253 673508483 443276905
158864842 -752277534 185506258 -774110041
648585746 102655396 732221632 151430550
-112581595 130423936 -46333623 49189952
500127575 -238087208 456648517 -225749507
95076253 -144657676 113851107 -71286811
-589193906 771320988 -504114466 800626641
-124502620 -761777833 -155485895 -687885068
314242142 -450760164 371797587 -514401509
528539847 228614033 505327832 304666612
-725865863 -519434459 -630008849 -618294981
299640867 354983299 395561065 435744986
583761636 255102886 606123553 304170342
136898734 -303359582 85565434 -401966867
873080541 478380008 889796545 472858496
-251922526 38918656 -339112377 127227078
-829640758 -800423925 -862892052 -786813832
754502331 500000276 679092558 412524823
-93794300 108890660 -33555521 65229566
-648630213 -325763997 -743721698 -379102575
118209061 401064812 30870547 319052883
-859296090 -359980026 -920222491 -342480470
736492376 -559462120 694753636 -595268528
475833382 -429900778 520666374 -353229059
-861538140 -768001205 -840993134 -736853658
-187244988 -574479436 -113838184 -655185807
-767463017 515190826 -707457505 428060895
-779363774 468079508 -818062181 475878376
749109565 752583830 720012851 655178206
161650054 -338969228 88605866 -289812130
-578196051 -728134006 -578800738 -633499854
-216246753 450589767 -176008763 526738525
-469134523 247111450 -386985899 311650236
822650124 432977126 779397995 483606389
205490362 -258077925 246053367 -291520452
-560902875 -502042446 -565953972 -583959269
-682681811 -287391428 -671432121 -273739582
192085693 -353975183 234323588 -412898604
-661896328 -101435617 -654989556 -169088051
860372189 -499805029 773588610 -490154389
300382141 -833361649 352176275 -860361749
515944119 703557501 569677411 800197395
-222756893 -393321390 -318213970 -478479870
-828835553 -853219189 -866169357 -865295565
-659355878 453659367 -562037052 528177481
601871357 -703907413 578303000 -735225536
102112814 -776267557 30736545 -762630674
-397846034 -331272217 -425064652 -272629786
289618371 567126121 462233195 593760839
-762245532 918277776 -710093562 169161463
-746648270 -204781028 -223014880 977406777
693050588 -426032567 970594467 -214856732
-884087819 -865423982 -122368879 -374379135
716139423 -221944592 -399105565 863407611
927162631 -984785785 -704024079 50969455
-279615554 -526473584 -560897353 -837392864
-89096863 -254337215 146553787 419773421
-843321656 -652613731 -622100933 368666773
328175059 -498875699 804091500 188119940
-809322400 -384936648 515336417 75476753
635569144 663867887 -186261538 -874358038
344519144 -232691964 -537797042 -8151238
272351640 212724527 -566660354 3141358
85160438 -781298124 961939432 -49418322
920126503 -577697275 -245128480 863487968
305268405 -327568399 -266825088 543217970
497027492 783348871 293310057 328902095
932929144 872666571 706267882 -947147315
746909316 925867033 -89434333 615273875
902349776 389674473 565860037 -770760145
-322244009 -164536647 -93476839 -196941951
-486717758 -714976092 827229744 907725181
-198233740 -194302615 -167192585 518693226
201135313 901650788 -394071105 525802974
760099015 491014356 437589825 -593286996
700873030 -554228074 -853187055 717850678
-191098254 800777268 -554404380 -606562634
-584792755 -895519928 -276216411 735526914
831066748 -188868976 397101539 -864619769
945640128 820507428 -777228080 688778511
299414729 178044935 327705796 -900254486
-216454004 -671805326 -647514587 -231912189
-8659941 -108267359 -270695727 -355649566
648134801 -379062392 -307966327 -81798761
586642325 -632923783 -30190735 455171977
-703775259 423743326 -3631702 -700273964
-121192077 160702747 352275175 -243311125
-318862927 -738140550 -935516446 999156274
907702066 510993494 -688872189 495054276
-232549770 -301066335 428095868 -563012497
-737381082 529874300 969969461 -378256045
-220804255 321086017 -896149302 -798505692
499692608 -59590455 874426586 365105231
182334081 877082655 371664346 313384885
-505074479 -964561627 -22979097 22179486
-859150086 -490387860 -836696926 -560257683
-555338917 965423203 390896883 707414525
955749336 284911896 -575046726 -235306174
-202277771 -984296958 -362146950 492053000
-399163824 825935249 456656453 -979291705
-271882089 325567562 -872494123 -260076201
-646169261 -117963584 -831876665 574657318
431533436 -68907321 976507337 180193494
922921100 488572933 -687969729 417406280
-21447599 21726021 152655433 440352830
384818807 -325342559 -971122263 -195293254
-950238736 -823163319 -341310 43989439
519033154 -985122835 -468510856 130452739
-874833504 447470842 -766276535 977699025
-186596815 -786328300 -120011256 -726327261
825305183 23561834 234815305 218053408
963965769 -347427104 229557674 -170471945
-988003266 867400908 849014585 140940441
-932171255 230786800 -533931402 993458327
-643275302 278000278 -618920492 -7752808
-617243885 -28001628 -589676158 -976283798
85163325 647078645 -902690091 997604128
93191954 10731505 891505157 40931589
-165873863 -424449356 800670073 404706920
613907486 958890598 746998233 -24993089
-274115651 320837801 309446263 168207346
401982708 359240725 -786601011 632570919
-634577289 235671016 442849728 400404958
548168372 408676042 -912819269 -38933606
42080149 890216142 30093977 -425915091
-88522896 -516006563 638820449 705634022
-899735518 -932789850 573893313 996322443
581403449 -296973510 -179104613 43473261
-494446766 301691951 261947242 -950431124
148766770 347685294 -571176025 217394103
672326272 -281075887 885417595 -582762756
485890342 -664607131 686702502 -368085655
145768823 153389638 505173584 -609792600
-61698226 869743375 979241753 336405414
966173838 -772631828 504450604 -449681137
-176325207 -533933542 -865096894 323980491
-206235950 763010514 -148054266 -679428412
658443006 732945891 451867845 833520095
-117021753 735817314 149338679 51914628
900039460 -775735343 -432666481 -93389899
-232507999 695121829 831439556 -211751885
928677356 809240017 650023161 -142892701
-236143426 756470281 630185922 -116343735
442205966 -439167976 -984809710 -552538328
988015073 -17351390 -211962435 -538661898
-801422413 -319806895 -972757714 -194248449
848794235 980440842 -101281062 -563231307
259458854 -87075320 -466675126 396818368
352587657 918221502 570912386 494786870
381649568 432123338 -99522193 -316591129
-750903657 -963818114 -555379193 363703930
-360162578 -839769975 -540313363 -351938320
-816152300 -559703908 -656620098 -494434222
237085953 494383798 662173307 -66865096
369204350 -301265815 -370591300 931984552
750613355 -664272088 -483748367 393776188
118316963 61094336 -985015549 614788015
-717839664 43446660 376915971 334311891
-857445855 -993447574 -339343714 811564845
-48063636 556173000 -425154550 -575827415
105658231 166432415 -698564978 349355345
820773401 795185209 474114278 -268098265
-345061303 -708218349 -602783743 661804829
-304946164 -133638361 520860272 -364673190
-248179925 -31628512 34662095 827754594
-109581112 -618876098 276999875 -25254818
-550517801 -432932872 642001220 -99162417
400861721 745199875 -60865390 53378889
-867542010 -263966607 917131896 700043297
841282055 55275401 -263455440 344022255
-894827170 -305630639 61761922 -216404910
376194784 357964570 -57718440 939426021
-855346388 -799214788 785788368 607263791
844832722 148502750 -391664530 395061683
887695257 -365111146 339205013 -62899953
813124608 -267004854 901439795 406512265
388827309 -22680090 -760545767 -255783299
457660795 -40288345 387563014 -114371065
173379259 -929285758 -144679724 163246699
-245329404 369229707 -986061375 -239067040
662918276 931591090 -950656179 271047972
10055679 82132335 315737929 -85900193
-526589299 469939614 541323751 -873409339
-344650180 105667001 717756175 151981077
-581859651 299361453 155948619 880162896
-533018278 471297571 -753512129 85505858
-130492932 -746607139 179482698 -884682488
-436590516 -315518189 -270365402 -890392155
-30356219 471979961 566120335 659422570
-679219609 91759136 263474690 -961022058
283757502 399040601 718310953 300265593
309452736 -127038182 -462492590 35460394
-415061489 317419441 577382825 143224542
966470801 447555000 -520963216 -369223185
-651796003 -470511374 987333570 -568115334
53760659 587829036 -478733516 -476400780
646199237 -418553682 755982548 -258063510
-595401944 978546581 227184753 539303452
-300041044 -679903128 -865060696 692875724
-174426721 -584173503 635613467 -558592347
779967029 318016230 296174157 -552032390
792752014 -181266318 861268949 -649456760
43937895 480714937 -352694207 321087803
-829165582 948121700 597383702 -794960852
647599772 533530620 -339162240 -530906115
-937644329 -882892103 -249988576 -812697962
-33265792 -376715704 -330402592 57364490
-190955811 -408600400 -522140804 453078053
201321416 -201933514 140535752 985755598
307257813 -765505651 945837408 345530188
-303162454 -156613339 -207227942 -746022710
149090870 660968155 920889086 -687307888
333722412 20233675 309720641 835793080
259131380 890255607 -173964586 131323072
-247459375 713769355 -427268608 146516286
-679233536 463778698 -706445506 740083087
-836574914 -670616446 -799251311 -447081753
-903947553 485362679 928614288 386583936
-528103947 406177360 85604349 985831078
-235645339 564334713 -163251548 200710308
-251524196 862416520 591002805 -773175337
501170420 591826013 698226711 80465642
516753862 257792957 560294933 9359877
-946325765 662663168 -564952197 166180089
726629834 -118074589 -955592588 -114820915
428346348 -86852395 265219661 186393878
200219021 -475853113 -773772196 -827516250
847260836 -276315604 -108692415 142233763
-341817821 392814910 -539602318 59412869
-8068469 -629354830 354912118 382516192
923196095 432475015 253346209 260499226
-383979789 118808429 161732999 7056955
693520482 -217835045 -789663830 793076154
901192682 552400784 -996013873 -268697066
629143941 -254013065 -13592295 -675717753
142916608 -411923390 -890127772 -865327478
-30105381 -611499091 709883359 775140704
60449710 406430767 904799662 -352662335
367313827 95542033 -673058586 -656253708
272347419 -848833623 451738632 -482602195
995271489 75868467 473422083 524803158
-652777237 -11705914 -918392840 -740091715
734208493 110311940 -243338793 614077925
-278850864 -81863328 -249048002 -513430748
982035229 -758282380 795817646 -117367231
698370005 594671542 42660696 543767230
296652845 242056278 102404588 907788180
-808638140 230625707 292054944 529866622
273610198 4350937 -347865500 -934976127
-267369481 156388317 29195640 -745579422
414918738 758349567 442809463 720820356
204252143 544281563 -357925611 861764308
935245833 960437452 -779434637 318151235
694400917 -202243278 -910691270 952369180
667238894 258155330 639494229 -610088753
698738538 -332936450 423463511 877831431
-608795567 -269642192 766576324 25511941
-518873404 -186233802 779878721 -274719871
346196488 808939698 519200288 155491863
760952028 -970856576 -199809286 982309304
-272599790 218314440 891978206 -41484239
-561429508 -18142631 -105826391 215553269
590581211 679244041 235423381 -320682638
-75478960 -79589700 26476398 -590837469
-657117379 31262531 -890733125 668424277
-587766299 -908416015 63981034 820120294
-997232285 -657491995 -775767402 -649086323
115291623 -545085474 462054464 590682379
-759260277 474209855 -739266844 820685616
-80551402 -594099523 134607544 941829095
-953864481 -653759580 -188680745 -655163693
-744265943 -96108688 851457281 -279728895
102290821 631761333 -516066542 450792639
-18430357 -871896961 -761146257 -764234161
-572355626 127723980 -773958557 -776433258
206700731 543458353 -816733155 328751414
-829762133 -979725355 -613577006 -453621900
-16784562 246854669 126769054 960170687
-686113662 -336037168 412274723 -369460237
800495297 224960675 212407687 313788009
-521423681 -308299282 -402790080 637055993
-719198233 571992638 368989049 63751378
-643151776 -292760068 995309821 971911454
432640022 -571084302 -487638093 -727727415
599850187 332640212 970409205 -154482172
18801875 -185756746 -870176431 265234571
-608916194 308118884 698888262 -958799177
-395383259 -788682055 766990754 -897802474
-80063421 -927199151 -678588782 -546185073
958968977 954994813 -343760377 -835524693
429557054 -584896589 -957703563 238449742
-33803786 -186919002 -61252140 429727426
16329570 -555403757 -410727210 480363466
444208863 -839403479 533288946 -241015604
55857111 -82409784 -288466849 318917595
821204028 -962301261 411935363 -930975812
821527842 -752806377 272834691 291844189
10491211 -55816635 -580186595 488664945
868265331 -38824670 81703384 -983948205
-458879246 -472245427 -911056692 -509558768
788175056 613735337 967857380 -320821789
695239802 549395527 87521627 -406043794
616714417 -928850934 -160371140 -212357693
487686554 -553521486 -476832725 -594550561
-321658634 -962128557 341471111 527119231
-773889297 -894193752 -809973321 -529571687
720377725 -239217696 283936792 550947637
-771939830 149398291 -159138469 -413160620
348843862 -571396461 726542003 -598805215
-58609705 -30093532 -15347886 -529890128
880946392 951971922 262587268 -798796010
656723622 77427393 177856400 -609857769
486695289 -733003061 732839252 -267199565
790461757 254405942 -604435175 -843707104
513265568 -442772828 532603069 610693484
-69786950 944088081 -347885429 -555822297
-713998074 -766874490 472607207 -477538177
981620420 952435820 372702674 -547751500
-334853458 -457175312 679859723 -896326697
859091297 -770279926 751864679 -681628136
168489824 72093270 897269806 759888787
-434973895 517380144 -710741947 -820263006
-760838939 630285258 -568597408 756515081
328712990 84639101 -466538372 -522987554
-717766881 -27845794 -576061616 67296019
874861671 772571575 338813641 64368242
-779339161 856906839 -221561842 -88866700
169425845 -618588332 -997066834 -119840489
384711302 716524992 226312528 309031823
-725496038 961080131 271925107 523154587
-718041746 496000005 -162016017 983026643
-208655201 543823538 139518237 169386721
-573657324 861562657 539084383 977029871
-561506648 989685935 -229887300 -513965459
327128269 73056576 746084801 371453888
993283385 -892901939 664273268 -112062378
298596035 464441842 805513430 -3565887
-909758813 161117561 -310208435 -567631761
-322897617 804462791 -649622951 -938823186
-301612687 774396102 863468928 53639232
637855026 -842918996 195833123 687273049
914076439 979032859 936749389 310055723
650988744 -135766272 763210726 -339999317
230950760 153684350 -616941935 -516262274
426731310 -964052050 20992612 -752293571
500572708 529890425 -557643848 -41792499
-376962433 266761754 -345777192 -376499445
-984615306 510696438 316366745 -246236626
-419833243 429019204 -803981721 -967157598
275458900 -946320074 934660636 5607333
898567101 968644092 -899021685 -679260400
-815869509 -882524535 -448565477 -332069825
567025545 -841202447 983257750 -865744813
764350490 -827985378 -519074003 736062950
262849374 309371070 -925854642 689903729
804190839 350304419 -328068935 -283481802
297977202 782444996 695101191 306459315
-4664083 -948746111 142357889 779433875
446870989 305466526 575102145 46817807
564006286 798064922 -132076304 -377700431
836819296 313841113 -944306045 -487559765
-235620946 -247517537 779871776 -309948332
-633494013 -98832299 -591450892 -151700148
-886786985 731005836 -937289695 -424380523
904549624 654305951 299574060 168027480
-541390324 814134306 -358117985 -674226554
280155453 -974260453 550667883 -136801617
758187658 -446566341 -467723595 -958848322
-914292933 314982525 -618301974 610417217
-28015055 992943465 278227638 -679923986
790258989 -518648835 800956490 316589285
565072690 749897690 -294859109 -362230773
405444899 -159644314 77556940 496024343
660854275 -832507621 101354512 23398964
-527356941 -424451721 -433466398 -927940881
814354564 -214391485 238005128 -360505555
921174169 706811921 214008251 -451935866
-498787789 505061800 -340597834 -286377109
126563061 745916163 -372271184 -411716785
889503488 -188609352 41984389 -759431436
503018910 -834666014 -104506009 -576669341
394632826 -622653518 470278116 767934379
457643874 775356095 -551575540 -411186780
848969655 -202191361 397405863 125736237
-49756820 387479981 -53044907 507819367
328152407 981784334 670098888 -119256083
-548154055 664563579 163790331 -45279063
823863163 -265427077 -796796425 582677320
-534165017 318530773 25738478 -334548847
989033087 262030312 618800703 -773770569
787506185 965131551 -952381443 -932232321
-846881435 458863841 494719194 501806461
685766511 -497517409 189623990 -92237298
395269495 -311244233 79010450 -796022691
-804454734 36530510 -365272026 547391613
64068914 2501403 892370331 -871850621
-335294823 164426090 407921927 180932253
859120659 15980451 -203296692 333239415
17929442 -726803964 427147591 158873138
-513575914 365770179 -893782535 -34747994
216858035 -483717350 -463157904 272967538
-513128493 456024071 -925674331 -391118730
-764364214 -170896306 -276506335 -106088876
-257940217 -693845161 270271145 -175826724
-18689493 -723288812 -109325453 -660451818
-503850783 -918361748 -197561801 -9441643
781979980 412531788 -25142455 -755963211
468721058 -292771853 -442680387 283186184
-721037702 571983655 516876622 -361338142
-922396760 -580370242 125017976 -372113086
-438703237 -489266386 -825854877 -14839257
-756652842 141675973 45945397 605216600
-310725685 870608126 -613012869 -343222576
80824335 -776354172 -992746593 -563159934
-525653127 -220427751 155620360 893719805
859359769 -615330433 -198946228 728301163
-285534266 -503369683 -334327277 -583416780
854593529 375330656 103822204 630507414
930471399 -882540431 447535413 -187205760
-448910539 -378563291 -168115863 -421499195
-819084578 345094946 -876221852 -999113118
995602270 257758562 764316514 -715550650
-510852844 908492154 203419901 -998293007
158227847 553055679 -726165715 262905464
745933011 341379210 -381221226 979178352
421818743 -629757485 -655322110 254339528
44494784 -919403739 409233551 66993468
279371287 902754022 -331647306 850465654
191052888 886293776 -487508828 457378126
538980472 901712824 462155996 -232140654
-742702092 718915387 -548756683 793527117
-526206429 -670402990 -667233135 -399387817
107845358 24401011 -342737554 -40293274
-366431795 -586279305 -263013307 -556899939
-710045943 -8224149 26988829 688636808
907654193 -649214094 99599973 -522040589
638065327 -75606534 -164268335 -404860308
-532009418 -252222629 393049137 -340834490
-7094289 457085884 -715674734 502136411
-71232827 -190850982 -35937639 -121860572
564272003 -546916996 918204251 320897040
-890654423 -451260637 222245520 121167917
598509978 -892166860 413226081 34246413
238223026 857569789 -898992543 -114091487
335591241 282877915 -625987263 -940348047
-967183236 281955943 -458790093 917172872
-622142047 -852143699 756943308 -931628888
-414239978 -286222637 -952022546 521410237
-357389874 819607789 -158962679 -779641452
-185751010 -126224444 583077806 -289791412
613097419 -558472941 489476983 978223255
810026659 682297619 -465860181 -647368333
866295583 294088561 -47776333 768224375
891917562 -173759507 -325538321 769330510
-29546453 148686103 582517128 -682222346
745177849 222562375 -790553861 579045349
670720320 -393405649 -27999621 331425905
813390354 -750970996 -706767374 689865734
-347812208 148306259 -466762687 402454944
74348916 -267807207 651115211 458739482
-118846177 229630471 -279775910 650365135
-854801952 880640689 -219864951 58148807
-968780843 -759812653 -683834076 -707169210
427138165 -450292512 -406207796 893754320
-727079879 724016121 958727467 -485941265
-652392419 -250176163 -267374512 467412997
76519086 -523869248 852573816 622003100
-495660811 267030312 -902472686 814879677
104868429 434449859 -581428968 169031058
49465511 796009935 -199163108 -626085447
-152452169 6700289 64261838 -563544007
764050268 -39171797 173223676 -174716951
509088242 -351317241 -512345105 -740317853
108094614 562890727 -6343262 699266301
-109405888 333828634 838677713 572802783
-415059934 -321231019 -815364069 -790440554
644302589 -676686210 382283924 792684985
-513551514 62982777 145333935 -613695402
-873818470 -12794083 -601491090 130226638
603891963 32324030 -721945974 -944194321
-488820430 -598924709 -576961513 289094217
-932118043 -268738312 -249377002 667461428
33118557 -335000935 693333466 -293023587
213215965 -278600085 -306236518 -816610541
-350297309 364708169 -130317910 906131089
-841369632 481396687 675973813 52257277
972003274 327154393 374256199 -316742533
264973657 -247223174 686635200 -73872727
-797774585 603822639 -741565637 473687939
-965827113 -670710238 144058423 214059969
-212026355 723925769 907835927 -480228655
-947496401 -830031822 201940306 -778447076
413759643 -340283562 -85019930 -175222396
-375169355 791391940 -308561482 24821995
-872503414 640068732 -493719426 -413388777
501583867 -290938133 -111524430 693365968
851327086 -298865292 -879382335 -823377376
-832805516 -916073661 -327393888 846598132
223539119 786760853 -711000728 601262779
-887370492 891380701 966892133 -351009304
269679364 661181361 -432337420 896831684
741934352 290235558 824565956 715560213
562475965 790928716 -521133899 406552424
108077398 716719386 -307927375 922314888
187081303 -538785999 768318491 -555479014
-702299438 323952581 -38661206 892748836
-190412149 754331831 754195654 525830116
-666344825 -826565677 -433105028 600329742
556360188 554818688 -193537635 812616380
-295752156 458255504 -292952420 -370678364
366008263 895651381 -67053738 -289117853
902893153 741029602 390485217 -581566813
351088836 837231471 -962629990 706828376
627507357 895469038 726478293 389175734
-90222474 -688839467 -324173144 -842191216
-716653077 -503447184 135699322 -723566582
38145217 -332104969 256249489 -900627399
-43900788 536579070 -52440372 157972104
-684233384 396510014 77571760 837799832
-166911563 -816086064 308466205 824177814
304221534 -489391742 761414922 933243379
-17777096 365688715 -105192820 174900255
-297336132 195187093 -517716964 -905408230
773432939 916536915 -955029394 -409344598
314340956 -137964026 485575035 -689715281
-529235530 -506920089 378316940 743573224
942047701 824978715 331028737 -108954196
853887277 278659731 875714844 80157086
851351214 632123401 -623968011 -686580312
431741830 -891944301 589784379 -481628457
988001925 -790865844 258396444 -991300905
-488068971 255901878 -752629711 -863453555
393889896 -911188900 -587649491 -467996267
-669565343 -533432215 -277982407 -126028002
133279180 958541748 -123099921 -823937672
-207172426 265581226 -810812420 -323939005
382764234 705709587 -166346614 -736758276
97066289 -300076506 -888164130 -839313104
-895594525 -368603012 -360623535 526552783
-922523465 722175953 898075732 -635446381
-768914822 -198282339 -242587429 -388955588
-631551191 -25085293 410128808 -85181846
619912783 -592913969 396628715 582034077
-476288478 -799210997 -736573884 -108418854
-658478890 69332021 266737641 108694415
-25519332 886353616 158002736 491520180
127350151 951739446 -617014504 638342368
-999950004 534820194 913623401 -798551693
-962551116 32804347 -669871866 -555623347
891242739 -295064598 225596558 -890560798
-816086092 82977362 121967218 -451226647
726003031 -724221017 -441957272 -288730493
-86148619 -745283875 584241966 869566224
-157232948 492077496 -990941611 573619860
-388313008 186203611 990975738 477335929
-356665896 -107628623 305762936 -318068873
62588158 513376873 -340451808 -884276303
861530345 -963240125 59839902 545515838
-725712940 -737406989 418564919 -930053525
-548776445 -462788098 -512473643 -743005718
348663700 114364145 -520709729 996143176
529418267 -590709488 82860340 -365852198
-69760574 -367176369 725944852 811472354
-7003246 920926243 548040837 27009264
330443227 598392245 229236028 916074116
-101500318 -540989259 -562314997 455816502
791778128 -990438077 515517590 -536188397
-213718647 591904305 -643427868 -339629234
689851631 -533228828 -928169552 197023919
-65560337 906072806 -122323731 161422868
-271471879 -542325075 -722732724 -370306448
-812213071 -721565871 -872996534 -289386260
-891957522 -722079133 404478873 -856655344
140088019 -763915141 -761428261 553436996
-899290031 -744282018 -684610396 -190192379
848510509 318879389 -344861988 -934694360
-52721847 -780024305 -590567501 303858895
561011691 307090961 93450945 207900768
-973540807 731714227 -499040870 -645993093
-982748808 229827666 -60260598 -432528591
870831714 -375591256 891226848 278537685
294424888 801543202 -610933599 957236130
815916155 96357537 285315827 -155302829
939420943 -322664011 -774001516 -641591614
-743682903 182768972 -688758693 17566673
-665301361 -978337616 293027222 -927335973
-362208338 -533445124 -745067955 -442123093
-446090584 -33778871 42271162 937625024
731248859 983441081 -522117007 -420678205
898575492 457159553 299153570 194216799
-62322082 933164964 -20400768 -350353107
-46203922 -529287911 277524534 166643872
-99166238 -772631113 -102039111 -158042116
-569228355 -737861786 592874771 -218494720
747413055 355120903 398723145 400848807
208593139 -479507507 890603236 415421545
847086516 578057890 -957460824 74778673
458416444 -853148230 -955708159 540255603
-125767869 -233474493 -568569871 543252322
-559783638 -292549614 -64413406 -765966301
-901711142 861771657 555974164 933892971
55279109 -70599805 874136258 -342520570
-413273050 -163905998 306235454 -402174634
-177808161 244372276 -668612222 349261744
-731420452 -964330247 -852212594 -628597346
-909409402 -318163818 864868764 305012186
-218047948 137813563 3871228 795355742
-63631655 722111053 -564660926 -138653986
-869606044 -233208477 650766369 457384979
81186550 -175928211 412421441 411060613
-16202401 220304020 289039752 -135489147
224608346 -455953320 783330393 291442552
264272383 -763261434 365994596 -626719288
-384547522 -631984769 365812600 412095136
186810854 632291252 248487965 604857268
157747721 -130890193 -447044052 -701021916
405424365 235116387 -826624229 912783130
-332135459 -65552884 -347996769 611209360
-67138255 325517427 -994122935 68958419
-560494485 124081118 833935523 -389774776
700709310 -563960644 -971496222 618790113
302944654 450473511 106100557 -339652723
-790786637 -126990843 592823617 613767386
-222110131 572381211 -179200343 991172537
-214366344 553772853 306336973 560929577
790365891 -178428484 809113846 -548524038
-328765342 927514375 -982779065 -874058902
-780636874 337794861 81506904 504294629
369408146 395109688 -104034531 -763161049
-109608596 -278197793 347972947 -528342106
-269496487 -282515486 521837427 -253042196
-206594175 -684550254 -328874802 -270922464
-819441220 -453306067 -264408899 721942929
907604412 782213051 576315734 371621175
-411136930 368199490 -395094781 894719218
-673863525 -113929831 255768904 -149303716
-525976071 307791587 -775461523 -506342561
934783803 -422115029 -38182370 344340425
912148062 -722153779 712416346 -388744554
998923185 -702718003 -407175316 -898519026
-979806539 -486771075 -223070098 -283953185
414785517 344174128 -749416756 491961148
-30900212 368517583 -872169104 -412681131
-670246276 46275359 -535381870 -510574326
-283879246 -803180061 -771521500 -435975675
53536415 5485017 -344781548 -96703784
706523421 609528384 -219554405 244955281
166564766 -601739114 -804663803 663260619
-747876866 -729544420 -133826157 -415555583
-815569504 813995762 166775500 271210366
523655479 842550868 -377829475 841173404
120566801 -642502528 512020655 995874461
15735976 -109271862 890532413 -471986403
-197058047 -412398885 971718849 -418245807
892474494 803479025 783853476 618432459
-292767378 -624684485 -443208904 -533514003
-788749157 -374131712 673882422 -169763067
-140288781 -272337929 -1571372 568745561
-795269578 440467842 -851127004 996271981
807313293 822294313 199703594 -477268729
-645102372 -17353632 -593260780 249772589
-226548968 624532577 -429171350 -922766063
-706911522 695909574 -983681072 493231543
-209828543 -45878667 -386356967 420108294
622492088 214525891 -331960402 506887918
348213750 912848859 764985652 -293408994
-615791931 411011535 -968104260 243101356
-362786342 -648885611 -943845771 -54512030
-47578166 908388532 840332062 -741600106
918100500 -60671430 440734273 504931422
816659144 377070359 15385288 647774620
-823261188 -924247287 -1487890 444112301
542418164 -61890936 -516374236 -408151377
-725347021 270780208 26805861 -41401179
-815062699 392271104 865173355 -240884937
499366162 -110658756 768747615 160155959
-335085543 65988538 15996514 -31289090
-327138712 219088327 989989872 -336184954
-821713032 -753554125 -771508424 -836919706
940864116 -471125862 476790953 -88262034
-52460954 -853296245 911999259 268387985
-671080 800003464 380528996 -951357872
987090245 162307897 -617180054 -695654691
644237467 708431362 410744917 -116974828
811808300 204860563 466806095 -289262704
-642059196 999500508 478174060 -279439636
-662079407 -477541826 32618774 -158085315
-636212283 -792054054 -215034304 -657806415
-21585028 -791926329 527869963 -672931031
-286856813 668037359 -919753049 868454761
483695412 -753976190 -357975311 -330172259
740658187 -410727226 971140002 -626252054
256918367 432705825 963190254 982331733
-554709923 -156581093 14031091 530576818
196095413 -957271796 -421246492 358695796
668733239 -140995631 223131997 -759214811
-362178211 -206015460 159007687 185860552
-179803545 -380238938 -365675895 -828870826
-35750790 496724542 -515958706 -378601515
17741435 -955490669 -487859302 733978375
-961260680 -764369892 -952282342 -279949875
-90116603 -693270508 -358961871 -915796973
-778881537 753542917 700426510 -789339467
825274002 -338156296 6360204 766010368
-340158504 578651289 -699028953 -79827651
-453705858 646838006 -223297169 -442868132
-100865371 -94067094 241605712 742750538
109852487 -330817351 239917521 726250663
36111926 -61717691 -488441056 510890501
349925199 -615024614 432227784 -23600692
-384273668 -712013053 -790742819 209998183
-609081859 -722550928 -460525703 677691188
981336977 -395611883 -405144646 -772189835
-319678740 -760545502 -990797711 -577236775
-859445845 238606662 478697754 -317171411
138010306 -903411340 -427765095 294170251
399367736 44090875 -82067368 925507678
-741999685 -633988576 -448123649 470050464
514671828 -581255522 -502396344 284206663
-326051125 -613606394 777179612 -919691928
968423481 -887467093 -997530266 -580292895
879347029 -796574021 556513846 475574842
-893372657 899617033 991128101 63341465
-803401586 -341660244 -577970041 83265095
-235031990 537357526 928723721 356569600
-83821509 -656746902 858144999 659783469
-483428861 930334815 511207137 79079801
989944866 491168217 192973271 249048533
977500325 -643360638 -25066589 -173952339
-567440376 805453597 -884765657 138333401
641396549 326902071 328648885 -82446800
221412773 530356440 58325835 -677773324
-125964194 309344750 786907133 106457562
90574283 823010476 937627980 469999912
-834905784 -629885145 233310509 763416315
784381247 -636419777 -321142642 334455337
-655828131 315292195 -116385631 923265337
774718251 762009734 -225525604 375747492
323709255 -92796053 423998710 -104241759
-376560352 -556127110 -130071108 -125175871
256469107 -104665718 75166899 511908700
-517756477 554595805 -10977317 -815764207
-977942886 471009156 470026583 271929377
22277434 130542626 -923210135 -302743368
-276755732 669206195 676677905 952068063
-303607312 38752381 361240009 538466335
233388519 634130443 924884215 -393098843
636710103 233812578 864217692 879523194
138512124 -846882563 -868835527 776624187
-855410054 506520788 -365237693 776419048
-604055718 908160803 -413342099 597603087
-476972965 430286078 -811857660 -796551684
226773311 -591971852 -926961993 -348383784
-62162029 -449958472 -818632573 96177658
306223997 -929865864 -959424201 581747005
-721448875 431165510 -497835808 -819163103
-87481965 -718537297 517313546 660890683
272702947 599439353 307288004 950357736
841363371 -245664924 -835637583 -555467003
690584302 -508235657 15981446 674902819
216529341 -804884753 871416344 732232291
122482287 -520942540 843412564 92498598
-5897694 879686001 -660744566 -16904609
295595332 -195575529 -463172276 -700973239
-756976012 -343769047 43854573 902591126
82518750 429890489 527646834 -873268625
933569319 -134860604 -533336392 -72722736
772078045 960619027 -26012298 261876086
-729471649 682790828 612750038 760827627
-170994928 -916079008 202957492 687660205
-993086044 81267020 -468877857 148578206
243722443 -214255262 -933524000 668896103
-717511177 -808422278 126697341 -772604091
-526548881 509888642 512490074 916949063
-646517948 -165972758 -201840404 -556234600
-846210233 -121412787 -572515169 529856455
636144132 -691069671 531250374 -500584386
10790319 318422035 -118374891 -357658934
-241895124 -661676767 580026705 793554674
549487455 -407489674 -362272383 505212184
890091119 -147440379 -196310157 -487686330
857078292 -477209160 510517587 -572599107
-112857244 411261956 346527087 968314331
-706239145 -130458356 -394786591 614520304
958769464 768194006 929811309 -557132048
-637970671 803152513 -910502751 -317096733
427276501 -268923676 928850770 433462903
298611689 876454320 465612156 -925369573
-376633007 -597096102 770736091 46333350
-710212138 387783060 -902608836 515504108
-644244362 205903198 806489544 -551139610
-206530119 -10566662 -90067253 -510450660
135945911 -725094731 643343902 -611290242
768631263 448987735 35870577 126474946
321820343 745255096 -690908673 534127372
-955452751 284959890 -914092233 -135922187
-714938355 -866830840 788358472 786231906
851319045 -565224572 453000898 222531987
-178945732 -546878058 25444167 -991865217
671440560 -134018848 131322802 161294777
-733486938 -440330049 -5293676 -891300202
777500319 655392458 -323990380 38623073
834789832 -883422898 41253849 -704902086
877481577 508637775 -708311378 487923956
322055076 -242531372 -20098741 -297400587
415079413 -869764688 -820234654 -575448297
263023386 436563089 584199661 573117456
927698378 -997999807 -822560526 -111254932
659891161 -416815312 -554787753 -752196707
-275364141 -496681780 -282369182 719235873
26737289 192126324 -157933539 175729770
-587104749 -504536803 -159305072 772952842
-847824510 40595954 40856961 792172279
-963078557 -58581226 -576508199 -996266934
-576838533 -513189218 -336724628 307630103
108550288 -641686127 -803370877 40484427
623522908 284398483 -156012663 -161069181
-627118030 -938666716 981337898 -866900159
-832937090 738508081 -787848194 63087387
282838714 -795541204 -845114473 -559733249
-157270284 -310039156 -410917178 -881422060
610659189 303500111 359848953 75401106
256212220 670481044 457806156 23385891
122475593 169306496 594170611 726429658
772068548 776089275 455274109 -299127862
385291574 -790249642 415692213 927478712
-268538882 655485168 -442914984 -957871611
-419751094 -871088160 417626207 854603995
-927648755 -133962039 -251306529 -988305380
13916094 215332054 -246423434 946825543
-600935781 -475505041 648529377 585237654
980742082 -601700041 91653883 760103317
280053587 320789733 -645710812 754111842
-409016109 476244868 -58294490 785283624
-12712798 -704770255 -535599361 -419542785
757868514 -598809819 503678874 -734287507
418660770 -523175513 -700259578 -820923777
-421138332 -35167475 10176561 -258667175
395912843 -980949216 -690985041 -580148848
-247054141 508219665 -470266255 -906756288
965784654 -960059498 -446927752 839451156
-597366678 965040271 233178613 -920662462
-58382136 -441955294 -230320436 910728183
247636511 -772843729 346980815 403629870
-193371881 -419329067 -306318707 -137551721
-267725171 -192132833 -243608519 800829314
-318573909 -585229372 130166096 952693693
-347216535 421793136 510740976 50554040
821358012 545156846 871509944 -577551853
-898444269 -905395626 -401619800 858563617
900044940 -234061623 875697016 -664157987
338763998 602937302 250051294 17959248
895374096 -347500509 958703765 -177066877
-471870604 814192060 948756487 -947474600
687463947 -677670613 973458313 648789350
182084677 -413114983 -627857536 967342236
821571760 -128466290 896933585 -346753395
316458428 431977527 -433270340 -959615235
559516971 988786964 -254533624 -765645057
211023502 -212038563 469146685 -261951559
768321815 113915368 518220795 812878824
-297706086 511531409 998566110 290568690
-521280920 549307951 603987365 873587774
88990389 -489819480 -455734860 -961067379
101153073 -643136855 -323719375 526273550
118542250 604271037 -552130742 336357394
-432174943 -261431833 -474695006 850267239
741253938 -159186501 -259980953 840228471
162323112 -186621080 874672723 -311833017
-290222017 426160567 -64396590 -131200790
-371396794 758163484 -498675299 389820573
150646301 502831906 -772814284 -401417206
814479557 -816499199 -266340603 796404194
-13421854 957336159 859746285 -682838051
917238691 157247574 47532069 171877653
814781400 -821156599 -450171751 -543111853
-649282399 -745921457 -423448557 -301407035
179970949 -965810182 -268106645 90333398
-998719925 -670163191 -227556420 32912256
-780674009 283715680 -477804637 -168252134
426197164 -504223487 -432023408 -890653559
-987600587 291979471 772914611 -258221895
157543292 216775003 895351858 460981252
-423283590 861886447 -313223389 974831190
-933763431 90075596 654691210 921492082
306012497 -996164570 240219463 -167020873
-483887900 -10797319 475023143 440673133
987420605 784796501 40149218 -373118184
882833096 -727814932 -171703593 -941568490
-532510906 -511042686 -92279557 631059194
414335110 -861490787 723037102 -800713828
453819812 -332503278 -845719239 -274606717
708298219 514362761 -715413329 -78109165
-752910437 -757973595 -543986424 -779963548
-625883462 681865092 -585183039 -569412010
149547951 -209053435 847487870 -831859440
128310453 -463912026 411741055 679970482
962208005 449446859 -410961840 667066318
534193940 -580080495 74527689 -585973673
-410045008 709143298 780090006 -830431440
-546658682 935374870 749280878 939415539
325223466 507811226 707534175 495974055
820091851 29839127 -489017275 -848084134
267822223 -257357832 769629591 633649637
-996975087 262060293 815966093 -343200069
425732568 -630206691 939631664 -547608792
-961616345 147123595 393219552 503305715
683284117 4751025 676396773 609063373
516366212 321680930 358963697 131032605
-258253504 308875915 761713175 678597632
-513517048 -136526131 595593370 -700757054
278954200 -211488646 633000275 701565829
91062634 91147263 -656008291 64207069
-839876661 -553251618 71304986 -221655412
13411360 609304450 278933625 -104111369
-452795338 -622815412 586190375 -992354181
852473241 848096731 394335281 50710173
-432825008 -913004408 -846868745 290254327
406447667 561431911 -931028440 705183488
-260243344 773489480 202301994 979125025
37174428 825748263 -62773243 768911175
227378104 897032574 367158043 912592990
44925984 675196917 -734722839 -567173606
858914360 420002566 -894046369 -205512546
-164025907 908757788 -442048514 -260417133
132552921 281549292 -271495599 775852564
-698783139 -293784400 -678000919 -739508537
565401081 -233651807 -803898766 -419335942
951520815 -246122672 -142425652 -776598329
845754845 -326335792 255327671 -696051211
803607404 -163178108 85444402 -392391493
999838691 -456153173 -231962085 934614541
-651488355 211365938 -878469145 -761774758
-583625860 16183153 -800943548 -324900101
855613627 -524483086 -453137745 689932377
-48724157 -638564175 -80706014 342823711
-562893971 188748859 120924443 176761712
-23500912 -598173610 40763811 505981699
-719333034 16269270 33787629 198419871
576730816 993617664 -227411714 469433613
309363170 453588779 78782362 638657144
504015213 -928883974 -548598235 -646941028
-859418047 513630793 810129855 -324942688
-186401084 68882813 -147287476 337683197
126434271 -134001654 -923030613 269305620
-317481294 -691457023 -656881897 -436895647
370168952 507762899 -649854140 251429110
-637512890 825084918 -8765347 665241556
750791212 -785511651 275203248 581420042
-245643227 767519043 318020766 772827506
910785597 337991955 -518791867 155305962
372890836 309312368 -131823690 -311990270
-706244552 245814909 118637126 695839039
304016440 -45338321 131126796 -766996349
-145572672 801585718 -194336535 -371933971
-286837950 -50988754 208402117 413880276
825082169 725724789 374123005 -314898341
-170892738 -20927169 -771705634 833498534
-729705918 68356151 39735582 -51367686
-621037212 637085718 -539861826 591784159
-629014185 512826301 -758698443 354319287
787282536 511957520 348430055 -252285340
-724731565 685816293 782580395 234840584
107494181 -608399442 256177069 390242882
195976016 -49652068 -522899905 -520116706
195541911 -123504961 8953259 362032692
926561727 -613733836 -903939804 334627539
136733577 -427436615 -374503845 74569464
-797220915 705507185 -954280531 55659477
-406222559 -83797012 -915101028 911331679
541002520 -460794420 26547805 -909079227
760551221 173359358 790444973 15055025
622863653 34720943 244981905 138529724
-277391950 406814365 475283702 22095405
-91373536 169634052 -408214600 335409504
-918178838 879815266 -845474581 -811767758
-509873345 -596185121 -536380547 -411806860
377399214 805985584 385122310 -321022549
408539968 153808768 817411791 -624441574
166731820 -129924421 -510216454 -477533262
102478541 -810439054 -950825169 642159085
-213705983 -971765717 -613077739 -338029688
-136340371 19290483 -870918675 -688717590
439009601 920712900 480262632 -217558853
732459685 635229762 279696259 -735143771
-342951676 -687353046 -177395670 435943184
494231242 -98182593 422636043 838455442
46684719 7718741 -304779150 547849694
825595456 219294854 -635637360 -463741611
905347143 -261679378 922660547 -316348389
328858718 -631102705 236826148 -127127428
594388082 -179110604 -283753232 703870115
-298438482 815708014 599615671 165672145
750887016 -124872500 -693002070 -48218800
879995470 -829068715 399573290 478040519
-347380507 -177213843 -580271379 -946056558
491604239 120547236 644466436 -56836955
-524951994 -343302882 -977069798 418015777
-980857079 740253729 957144793 -372101737
323324615 745259381 -998678470 834733921
-867566767 288445460 -483382053 105493651
-288243507 -222727615 875944657 -246898169
689200299 -819142890 106867950 657877895
882937318 897652972 249242643 792934846
-398179980 -953459682 -707517036 -872623656
710560783 -851883324 924345126 875397563
182989546 -282824969 881730185 -836113233
703833121 267331689 573282509 -423281640
-689123356 -260014576 686557653 343830176
247016856 945900302 383364660 -471757485
275460139 -986916771 -60510220 171794731
-269827274 -81323134 602734799 -146388814
475209766 -173900033 -6082366 451755103
-749248236 130997247 -988651939 -51103894
-440470747 457774122 -755858095 -229103278
-840837684 52999475 -281286948 910777043
133127695 -151965273 945757024 -186565458
-782784624 147132854 340891509 -998735082
-614324905 -117497888 982811648 378884576
763381918 966805798 -130099609 -258772026
-928336407 -876483355 593828198 309021933
-659317058 -239657770 -615465471 697469126
-18066989 -375618321 322457228 37256761
401540977 530319985 -328400246 669309883
-359119865 401621747 -782669638 -219777127
-627779021 61041526 -921353838 506329947
-16853795 689015224 -73009412 -424764407
-207148896 -582267043 -984811493 -198944091
-469841226 309666732 910301662 135536497
-751968629 -557912254 701185016 -177286303
821455194 -338739061 -634347914 -936060105
-99684949 690454166 731204277 320610691
-199470406 323993946 -16084773 -617717866
243117544 941965568 -126876437 -364529884
-580691564 750551258 204140352 418374890
-425299308 -259988411 370343264 303976307
-328880323 -192870445 290278688 290735074
505998472 681199485 842903773 542317439
922659036 249534960 -99850173 544935621
667687668 725585567 -757375024 -189052739
-559395179 -922738329 484208909 717792527
-552237675 53394085 413480178 923468672
582153773 668967005 -275672457 90396725
-510127759 195635752 606967900 -463706309
54496022 618633682 531891821 872338826
592991271 23798684 -463948660 636040379
-764649365 -713058780 -678213568 575008739
-417260979 659861375 679565229 -319180213
