0 1000
969759993 979190102
953947574 975264216 969759993 979190102
922322736 967412444 969759993 979190102
906510317 963486558 969759993 979190102
874885479 955634786 969759993 979190102
958773467 979124076 969759993 979190102
931307152 978959011 969759993 979190102
920320626 978892985 969759993 979190102
903840837 978793946 969759993 979190102
962396343 969008613 969759993 979190102
947669043 948645635 969759993 979190102
940305393 938464146 969759993 979190102
932941743 928282657 969759993 979190102
964596912 971832935 969759993 979190102
957712804 962023379 969759993 979190102
955991777 959570990 969759993 979190102
912966102 898261265 969759993 979190102
940351344 956974499 969759993 979190102
930548461 949569298 969759993 979190102
901139812 927353695 969759993 979190102
891336929 919948494 969759993 979190102
955226779 950791294 969759993 979190102
940693565 922392486 969759993 979190102
933426958 908193082 969759993 979190102
918893744 879794274 969759993 979190102
941352389 947078108 969759993 979190102
927148587 931022111 969759993 979190102
912944785 914966114 969759993 979190102
898740983 898910117 969759993 979190102
957860632 959890975 969759993 979190102
945961271 940591848 969759993 979190102
922162549 901993594 969759993 979190102
910263188 882694467 969759993 979190102
939735221 960733230 969759993 979190102
917216642 946890576 969759993 979190102
909710449 942276358 969759993 979190102
879685677 923819486 969759993 979190102
965804505 971385618 969759993 979190102
962837889 965532255 969759993 979190102
926249625 893340778 969759993 979190102
925260753 891389657 969759993 979190102
953609380 964001153 969759993 979190102
921308154 933623255 969759993 979190102
905157541 918434306 969759993 979190102
872856315 888056408 969759993 979190102
953307233 970515139 969759993 979190102
936854473 961840176 969759993 979190102
887496193 935815287 969759993 979190102
871043433 927140324 969759993 979190102
952154837 963451215 969759993 979190102
934549681 947712328 969759993 979190102
899339369 916234554 969759993 979190102
881734213 900495667 969759993 979190102
949978564 959508104 969759993 979190102
930197135 939826106 969759993 979190102
910415706 920144108 969759993 979190102
870852848 880780112 969759993 979190102
969646978 960465534 969759993 979190102
969533963 941740966 969759993 979190102
969420948 923016398 969759993 979190102
969194918 885567262 969759993 979190102
959703213 973406393 969759993 979190102
946294173 965694781 969759993 979190102
939589653 961838975 969759993 979190102
912771573 946415751 969759993 979190102
936308581 957520922 969759993 979190102
911220022 941269037 969759993 979190102
902857169 935851742 969759993 979190102
877768610 919599857 969759993 979190102
954835091 953667726 969759993 979190102
939910189 928145350 969759993 979190102
924985287 902622974 969759993 979190102
917522836 889861786 969759993 979190102
962510211 962685159 969759993 979190102
955260429 946180216 969759993 979190102
940760865 913170330 969759993 979190102
926261301 880160444 969759993 979190102
949434186 933091106 969759993 979190102
942658917 917724774 969759993 979190102
935883648 902358442 969759993 979190102
929108379 886992110 969759993 979190102
946016609 976041874 969759993 979190102
922273225 972893646 969759993 979190102
910401533 971319532 969759993 979190102
886658149 968171304 969759993 979190102
959666493 965192971 969759993 979190102
939479493 937198709 969759993 979190102
919292493 909204447 969759993 979190102
899105493 881210185 969759993 979190102
945409493 948259282 969759993 979190102
944191968 946712741 969759993 979190102
916188893 911142298 969759993 979190102
913753843 908049216 969759993 979190102
948224331 962827614 969759993 979190102
926688669 946465126 969759993 979190102
894385176 921921394 969759993 979190102
883617345 913740150 969759993 979190102
963156570 971966279 969759993 979190102
938944019 945478928 969759993 979190102
927938314 933439223 969759993 979190102
912530327 916583636 969759993 979190102
949180166 932520458 969759993 979190102
944160696 921137618 969759993 979190102
942654855 917722766 969759993 979190102
930106180 889265666 969759993 979190102
963596226 972841811 969759993 979190102
940995747 949564744 969759993 979190102
922504446 930519871 969759993 979190102
912231501 919939386 969759993 979190102
966334784 966805903 969759993 979190102
956059157 929653306 969759993 979190102
945783530 892500709 969759993 979190102
942358321 880116510 969759993 979190102
965737506 965213116 969759993 979190102
961715019 951236130 969759993 979190102
945625071 895328186 969759993 979190102
941602584 881351200 969759993 979190102
952399437 970874874 969759993 979190102
939379020 964638453 969759993 979190102
913338186 952165611 969759993 979190102
882957213 937613962 969759993 979190102
964846207 948855170 969759993 979190102
962389314 933687704 969759993 979190102
957475528 903352772 969759993 979190102
955018635 888185306 969759993 979190102
961552250 971515949 969759993 979190102
912305792 925471031 969759993 979190102
879474820 894774419 969759993 979190102
871267077 887100266 969759993 979190102
960791933 975761917 969759993 979190102
957204709 974390643 969759993 979190102
908777185 955878444 969759993 979190102
883666617 946279526 969759993 979190102
950412709 957683652 969759993 979190102
940739067 946930427 969759993 979190102
911718141 914670752 969759993 979190102
892370857 893164302 969759993 979190102
941373283 970761196 969759993 979190102
927179928 966546743 969759993 979190102
912986573 962332290 969759993 979190102
884599863 953903384 969759993 979190102
968626995 954283886 969759993 979190102
968438162 950132850 969759993 979190102
967493997 929377670 969759993 979190102
966172166 900320418 969759993 979190102
968053325 972485390 969759993 979190102
962506654 950695076 969759993 979190102
950559978 903762092 969759993 979190102
945439974 883647956 969759993 979190102
934519110 952167062 969759993 979190102
922772149 943159382 969759993 979190102
911025188 934151702 969759993 979190102
899278227 925144022 969759993 979190102
966610400 970525726 969759993 979190102
960311214 953196974 969759993 979190102
957161621 944532598 969759993 979190102
950862435 927203846 969759993 979190102
951918138 942830087 969759993 979190102
943466733 925606922 969759993 979190102
932761620 903790913 969759993 979190102
922494728 882867957 969759993 979190102
952688480 969680570 969759993 979190102
935616967 960171038 969759993 979190102
918545454 950661506 969759993 979190102
884402428 931642442 969759993 979190102
946820097 974487316 969759993 979190102
912410253 967433137 969759993 979190102
889470357 962730351 969759993 979190102
878000409 960378958 969759993 979190102
968784233 963560138 969759993 979190102
967808473 947930174 969759993 979190102
966588773 928392719 969759993 979190102
963661493 881502827 969759993 979190102
957594375 970193523 969759993 979190102
908931903 934207207 969759993 979190102
896766285 925210628 969759993 979190102
872435049 907217470 969759993 979190102
948031521 962701544 969759993 979190102
919060225 940716800 969759993 979190102
911817401 935220614 969759993 979190102
897331753 924228242 969759993 979190102
949874569 966044745 969759993 979190102
929989145 952899388 969759993 979190102
910103721 939754031 969759993 979190102
870332873 913463317 969759993 979190102
955519241 969213251 969759993 979190102
941278489 959236400 969759993 979190102
927037737 949259549 969759993 979190102
912796985 939282698 969759993 979190102
958495683 961549009 969759993 979190102
947231373 943907916 969759993 979190102
935967063 926266823 969759993 979190102
913438443 890984637 969759993 979190102
949812092 970773448 969759993 979190102
929864191 962356794 969759993 979190102
909916290 953940140 969759993 979190102
889968389 945523486 969759993 979190102
959406578 977518696 969759993 979190102
928346333 972504478 969759993 979190102
897286088 967490260 969759993 979190102
886932673 965818854 969759993 979190102
947389077 949364662 969759993 979190102
930610890 926995582 969759993 979190102
925018161 919539222 969759993 979190102
913832703 904626502 969759993 979190102
968706084 952775645 969759993 979190102
967652175 926361188 969759993 979190102
966246963 891141912 969759993 979190102
965895660 882337093 969759993 979190102
963630750 970992146 969759993 979190102
960679633 967044982 969759993 979190102
956366462 961276050 969759993 979190102
953188336 957025258 969759993 979190102
963112560 967617557 969759993 979190102
952033505 948329982 969759993 979190102
949817694 944472467 969759993 979190102
914364718 882752227 969759993 979190102
963012983 976127384 969759993 979190102
946145458 968470589 969759993 979190102
932651438 962345153 969759993 979190102
885422368 940906127 969759993 979190102
934058683 939684554 969759993 979190102
916208028 919931780 969759993 979190102
898357373 900179006 969759993 979190102
880506718 880426232 969759993 979190102
955274670 963384046 969759993 979190102
911818701 915965878 969759993 979190102
897333378 900159822 969759993 979190102
882848055 884353766 969759993 979190102
946334287 952234002 969759993 979190102
922908581 925277902 969759993 979190102
911195728 911799852 969759993 979190102
887770022 884843752 969759993 979190102
960103380 966761323 969759993 979190102
950446767 954332544 969759993 979190102
931133541 929474986 969759993 979190102
911820315 904617428 969759993 979190102
932598672 961658603 969759993 979190102
898943136 945781019 969759993 979190102
887724624 940488491 969759993 979190102
871364294 932770221 969759993 979190102
969590017 962473920 969759993 979190102
969505029 954115829 969759993 979190102
969250065 929041556 969759993 979190102
968910113 895609192 969759993 979190102
957595144 971265970 969759993 979190102
945430295 963341838 969759993 979190102
908935748 939569442 969759993 979190102
896770899 931645310 969759993 979190102
911430290 950039726 969759993 979190102
897705654 943180814 969759993 979190102
880549859 934607174 969759993 979190102
877118700 932892446 969759993 979190102
959504200 967966046 969759993 979190102
918481028 923069822 969759993 979190102
908225235 911845766 969759993 979190102
887713649 889397654 969759993 979190102
958692818 965711610 969759993 979190102
925491293 925276134 969759993 979190102
914424118 911797642 969759993 979190102
903356943 898319150 969759993 979190102
962197667 949754046 969759993 979190102
954635341 920317990 969759993 979190102
950854178 905599962 969759993 979190102
947073015 890881934 969759993 979190102
955806434 976096846 969759993 979190102
913945757 966817078 969759993 979190102
886038639 960630566 969759993 979190102
872085080 957537310 969759993 979190102
940005135 950501982 969759993 979190102
910250277 921813862 969759993 979190102
895372848 907469802 969759993 979190102
880495419 893125742 969759993 979190102
966144737 972976453 969759993 979190102
955298969 954335506 969759993 979190102
948068457 941908208 969759993 979190102
915531153 885985367 969759993 979190102
968806209 970615431 969759993 979190102
965944857 944891418 969759993 979190102
961175937 902018063 969759993 979190102
959268369 884868721 969759993 979190102
965612802 964617041 969759993 979190102
952710430 919278629 969759993 979190102
948563239 904705568 969759993 979190102
943494450 886894049 969759993 979190102
965848364 962145969 969759993 979190102
961936735 945101836 969759993 979190102
954113477 911013570 969759993 979190102
950201848 893969437 969759993 979190102
960302366 967120061 969759993 979190102
941387112 942979979 969759993 979190102
931929485 930909938 969759993 979190102
903556604 894699815 969759993 979190102
961677144 970827597 969759993 979190102
913180050 920652567 969759993 979190102
897014352 903927557 969759993 979190102
880848654 887202547 969759993 979190102
955264572 956002319 969759993 979190102
945600958 940543797 969759993 979190102
935937344 925085275 969759993 979190102
921441923 901897492 969759993 979190102
964581031 961703841 969759993 979190102
959402069 944217580 969759993 979190102
954223107 926731319 969759993 979190102
943865183 891758797 969759993 979190102
946905071 961677578 969759993 979190102
935477610 952921316 969759993 979190102
889767766 917896268 969759993 979190102
878340305 909140006 969759993 979190102
969634010 966041345 969759993 979190102
969508027 952892588 969759993 979190102
969256061 926595074 969759993 979190102
969130078 913446317 969759993 979190102
969520855 968348700 969759993 979190102
969281717 957507298 969759993 979190102
968325165 914141690 969759993 979190102
967727320 887038185 969759993 979190102
957919223 973164031 969759993 979190102
922396913 955085818 969759993 979190102
886874603 937007605 969759993 979190102
875033833 930981534 969759993 979190102
928482133 928115217 969759993 979190102
920226561 917900240 969759993 979190102
911970989 907685263 969759993 979190102
895459845 887255309 969759993 979190102
958951107 973111149 969759993 979190102
926524449 954874290 969759993 979190102
915715563 948795337 969759993 979190102
894097791 936637431 969759993 979190102
944162723 963463916 969759993 979190102
931364088 955600823 969759993 979190102
905766818 939874637 969759993 979190102
880169548 924148451 969759993 979190102
966621687 973201739 969759993 979190102
943497327 929076959 969759993 979190102
930063175 903442563 969759993 979190102
925988883 895668197 969759993 979190102
964014722 978615380 969759993 979190102
958269451 978040658 969759993 979190102
918052554 974017604 969759993 979190102
889326199 971143994 969759993 979190102
955215894 960430053 969759993 979190102
926127696 922909955 969759993 979190102
911583597 904149906 969759993 979190102
897039498 885389857 969759993 979190102
953563102 978804230 969759993 979190102
937366211 978418358 969759993 979190102
904972429 977646614 969759993 979190102
888775538 977260742 969759993 979190102
962148237 972081476 969759993 979190102
930432587 942462201 969759993 979190102
916477701 929429720 969759993 979190102
893642433 908103842 969759993 979190102
938020135 955942076 969759993 979190102
922150206 944318063 969759993 979190102
906280277 932694050 969759993 979190102
890410348 921070037 969759993 979190102
935199113 970741762 969759993 979190102
923102805 967784843 969759993 979190102
904094321 963138256 969759993 979190102
872989529 955534750 969759993 979190102
959706667 960175285 969759993 979190102
949653341 941160468 969759993 979190102
939600015 922145651 969759993 979190102
929546689 903130834 969759993 979190102
965319357 961508399 969759993 979190102
959398509 937932795 969759993 979190102
954957873 920251092 969759993 979190102
953477661 914357191 969759993 979190102
962778749 961607468 969759993 979190102
959288127 952816151 969759993 979190102
952306883 935233517 969759993 979190102
938344395 900068249 969759993 979190102
959385840 941947928 969759993 979190102
949011687 904705754 969759993 979190102
945553636 892291696 969759993 979190102
942095585 879877638 969759993 979190102
939187302 947367410 969759993 979190102
908614611 915544718 969759993 979190102
898423714 904937154 969759993 979190102
888232817 894329590 969759993 979190102
952660025 970156034 969759993 979190102
922735081 954346415 969759993 979190102
918460089 952087898 969759993 979190102
905635113 945312347 969759993 979190102
962380997 935856614 969759993 979190102
960536248 925023242 969759993 979190102
956846750 903356498 969759993 979190102
955002001 892523126 969759993 979190102
959027577 979017727 969759993 979190102
937562745 978672977 969759993 979190102
883900665 977811102 969759993 979190102
873168249 977638727 969759993 979190102
944387011 947168504 969759993 979190102
931700520 931157705 969759993 979190102
919014029 915146906 969759993 979190102
906327538 899136107 969759993 979190102
964879217 962993314 969759993 979190102
962438829 954894920 969759993 979190102
961218635 950845723 969759993 979190102
957558053 938698132 969759993 979190102
947293781 968308788 969759993 979190102
936060675 962868131 969759993 979190102
924827569 957427474 969759993 979190102
913594463 951986817 969759993 979190102
959909604 963093088 969759993 979190102
950059215 946996074 969759993 979190102
930358437 914802046 969759993 979190102
920508048 898705032 969759993 979190102
965306735 973356437 969759993 979190102
945618647 947565497 969759993 979190102
939993479 940196657 969759993 979190102
926868087 923002697 969759993 979190102
955976730 975365638 969759993 979190102
942193467 971541174 969759993 979190102
914626941 963892246 969759993 979190102
873277152 952418854 969759993 979190102
967497909 963950062 969759993 979190102
966366867 956330042 969759993 979190102
961277178 922039952 969759993 979190102
958449573 902989902 969759993 979190102
948628239 956760682 969759993 979190102
927496485 934331262 969759993 979190102
916930608 923116552 969759993 979190102
885232977 889472422 969759993 979190102
962210539 959728193 969759993 979190102
947111631 920804375 969759993 979190102
939562177 901342466 969759993 979190102
932012723 881880557 969759993 979190102
962233110 975251271 969759993 979190102
940810443 964040752 969759993 979190102
923440713 954951142 969759993 979190102
902597037 944043610 969759993 979190102
959723193 973795410 969759993 979190102
949686393 968400718 969759993 979190102
927103593 956262661 969759993 979190102
874410393 927940528 969759993 979190102
928200954 969566177 969759993 979190102
895877257 962080902 969759993 979190102
891259586 961011577 969759993 979190102
886641915 959942252 969759993 979190102
949920356 978470968 969759993 979190102
930080719 977751834 969759993 979190102
910241082 977032700 969759993 979190102
890401445 976313566 969759993 979190102
958573876 971809522 969759993 979190102
947387759 964428942 969759993 979190102
936201642 957048362 969759993 979190102
913829408 942287202 969759993 979190102
959070469 975073731 969759993 979190102
937691421 966840989 969759993 979190102
916312373 958608247 969759993 979190102
894933325 950375505 969759993 979190102
968485409 974487933 969759993 979190102
960837905 946274919 969759993 979190102
955739569 927466243 969759993 979190102
945542897 889848891 969759993 979190102
958634731 963245855 969759993 979190102
925258945 915413114 969759993 979190102
914133683 899468867 969759993 979190102
903008421 883524620 969759993 979190102
966354649 953128708 969759993 979190102
964651977 940098011 969759993 979190102
962949305 927067314 969759993 979190102
957841289 887975223 969759993 979190102
965828158 971734144 969759993 979190102
957964488 956822228 969759993 979190102
946168983 934454354 969759993 979190102
942237148 926998396 969759993 979190102
965323277 976720745 969759993 979190102
929829549 956965889 969759993 979190102
920956117 952027175 969759993 979190102
894335821 937211033 969759993 979190102
938000485 961488470 969759993 979190102
930060608 957063062 969759993 979190102
914180854 948212246 969759993 979190102
874481469 926085206 969759993 979190102
948306671 977900624 969759993 979190102
926853349 976611146 969759993 979190102
905400027 975321668 969759993 979190102
883946705 974032190 969759993 979190102
941344033 927317854 969759993 979190102
934240043 914349792 969759993 979190102
930688048 907865761 969759993 979190102
927136053 901381730 969759993 979190102
946976903 955858766 969759993 979190102
912802268 920861762 969759993 979190102
890019178 897530426 969759993 979190102
878627633 885864758 969759993 979190102
968777969 971857003 969759993 979190102
961903801 920525310 969759993 979190102
959939753 905859112 969759993 979190102
957975705 891192914 969759993 979190102
959517483 969935263 969759993 979190102
949274973 960680424 969759993 979190102
898062423 914406229 969759993 979190102
887819913 905151390 969759993 979190102
961120130 966835626 969759993 979190102
935200541 929772198 969759993 979190102
909280952 892708770 969759993 979190102
900641089 880354294 969759993 979190102
962952230 963848364 969759993 979190102
956144467 948506626 969759993 979190102
942528941 917823150 969759993 979190102
928913415 887139674 969759993 979190102
956794210 969615202 969759993 979190102
943828427 960040302 969759993 979190102
917896861 940890502 969759993 979190102
878999512 912165802 969759993 979190102
956604966 962132148 969759993 979190102
930294912 928016240 969759993 979190102
917139885 910958286 969759993 979190102
903984858 893900332 969759993 979190102
964507616 965965873 969759993 979190102
954002862 939517415 969759993 979190102
938245731 899844728 969759993 979190102
932993354 886620499 969759993 979190102
959457596 947499933 969759993 979190102
943268115 897701096 969759993 979190102
941796344 893173929 969759993 979190102
940324573 888646762 969759993 979190102
957632586 964211549 969759993 979190102
949547648 954225847 969759993 979190102
921250365 919275890 969759993 979190102
909122958 904297337 969759993 979190102
949967184 951924821 969759993 979190102
943369581 942836394 969759993 979190102
930174375 924659540 969759993 979190102
923576772 915571113 969759993 979190102
968362615 946359832 969759993 979190102
967663926 929944697 969759993 979190102
966266548 897114427 969759993 979190102
965567859 880699292 969759993 979190102
949927152 964069815 969759993 979190102
941427363 957589692 969759993 979190102
884762103 914388872 969759993 979190102
870595788 903588667 969759993 979190102
955160421 975729949 969759993 979190102
925961277 968809643 969759993 979190102
896762133 961889337 969759993 979190102
882162561 958429184 969759993 979190102
951734027 965812544 969759993 979190102
924695078 945746207 969759993 979190102
906669112 932368649 969759993 979190102
870617180 905613533 969759993 979190102
946703901 978980404 969759993 979190102
923647809 978770706 969759993 979190102
900591717 978561008 969759993 979190102
877535625 978351310 969759993 979190102
959440866 943531801 969759993 979190102
950595900 912967543 969759993 979190102
949121739 907873500 969759993 979190102
943225095 887497328 969759993 979190102
967227413 967325352 969759993 979190102
965201349 957833552 969759993 979190102
964188317 953087652 969759993 979190102
950259127 887831527 969759993 979190102
952610808 974420487 969759993 979190102
945751134 972512641 969759993 979190102
928601949 967743026 969759993 979190102
880584231 954388104 969759993 979190102
943831875 943671582 969759993 979190102
930867816 925912322 969759993 979190102
917903757 908153062 969759993 979190102
904939698 890393802 969759993 979190102
934692961 956585798 969759993 979190102
908392687 939632570 969759993 979190102
882092413 922679342 969759993 979190102
873325655 917028266 969759993 979190102
956618844 955390448 969759993 979190102
939097312 923657576 969759993 979190102
934716929 915724358 969759993 979190102
921575780 891924704 969759993 979190102
969071509 952693436 969759993 979190102
968727267 939445103 969759993 979190102
968383025 926196770 969759993 979190102
967694541 899700104 969759993 979190102
955301658 971824913 969759993 979190102
940843323 964459724 969759993 979190102
921565543 954639472 969759993 979190102
883009983 934998968 969759993 979190102
943277519 971922372 969759993 979190102
930036282 968288507 969759993 979190102
916795045 964654642 969759993 979190102
890312571 957386912 969759993 979190102
960423841 966564559 969759993 979190102
940417801 939509824 969759993 979190102
929747913 925080632 969759993 979190102
897738249 881793056 969759993 979190102
957209477 941861950 969759993 979190102
950934219 923197874 969759993 979190102
944658961 904533798 969759993 979190102
938383703 885869722 969759993 979190102
965163582 966188986 969759993 979190102
951374349 927185638 969759993 979190102
946777938 914184522 969759993 979190102
942181527 901183406 969759993 979190102
953882120 971933870 969759993 979190102
938004247 964677638 969759993 979190102
922126374 957421406 969759993 979190102
890370628 942908942 969759993 979190102
940626033 963883307 969759993 979190102
909549809 947556059 969759993 979190102
888184905 936331076 969759993 979190102
872646793 928167452 969759993 979190102
966606775 973955991 969759993 979190102
938227813 926848992 969759993 979190102
925614941 905912548 969759993 979190102
909848851 879741993 969759993 979190102
949739653 965604667 969759993 979190102
941731517 960170493 969759993 979190102
901690837 932999623 969759993 979190102
881670497 919414188 969759993 979190102
965068417 966994451 969759993 979190102
946302113 918211847 969759993 979190102
941610537 906016196 969759993 979190102
936918961 893820545 969759993 979190102
952438950 968159896 969759993 979190102
935117907 957129690 969759993 979190102
917796864 946099484 969759993 979190102
900475821 935069278 969759993 979190102
932770711 960547814 969759993 979190102
914276070 951226670 969759993 979190102
895781429 941905526 969759993 979190102
877286788 932584382 969759993 979190102
960158448 943013048 969759993 979190102
950556903 906835994 969759993 979190102
947356388 894776976 969759993 979190102
944155873 882717958 969759993 979190102
955153254 963847555 969759993 979190102
911333037 917819914 969759993 979190102
896726298 902477367 969759993 979190102
882119559 887134820 969759993 979190102
946997118 966296757 969759993 979190102
942444543 963718088 969759993 979190102
906023943 943088736 969759993 979190102
878708493 927616722 969759993 979190102
965303601 978716617 969759993 979190102
916283289 973508282 969759993 979190102
911826897 973034797 969759993 979190102
889544937 970667372 969759993 979190102
969167789 960370795 969759993 979190102
968575585 941551488 969759993 979190102
967391177 903912874 969759993 979190102
966798973 885093567 969759993 979190102
964832510 973859746 969759993 979190102
954977544 963199034 969759993 979190102
945122578 952538322 969759993 979190102
935267612 941877610 969759993 979190102
951410352 960299193 969759993 979190102
933060711 941408284 969759993 979190102
914711070 922517375 969759993 979190102
896361429 903626466 969759993 979190102
960976070 964184264 969759993 979190102
952192147 949178426 969759993 979190102
943408224 934172588 969759993 979190102
934624301 919166750 969759993 979190102
911387826 932341713 969759993 979190102
894710064 918956459 969759993 979190102
886371183 912263832 969759993 979190102
878032302 905571205 969759993 979190102
965358776 973117453 969759993 979190102
956556342 960972155 969759993 979190102
916945389 906318314 969759993 979190102
899340521 882027718 969759993 979190102
969316855 970379077 969759993 979190102
968430579 952757027 969759993 979190102
967101165 926323952 969759993 979190102
965328613 891079852 969759993 979190102
952135633 970321948 969759993 979190102
934511273 961453794 969759993 979190102
916886913 952585640 969759993 979190102
899262553 943717486 969759993 979190102
963388302 965966892 969759993 979190102
957016611 952743682 969759993 979190102
950644920 939520472 969759993 979190102
931529847 899850842 969759993 979190102
945438771 972460252 969759993 979190102
921117549 965730402 969759993 979190102
908956938 962365477 969759993 979190102
884635716 955635627 969759993 979190102
964933821 954333101 969759993 979190102
961716373 937761767 969759993 979190102
961592625 937124408 969759993 979190102
956395209 910355330 969759993 979190102
937808485 961910790 969759993 979190102
929820608 957590962 969759993 979190102
905856977 944631478 969759993 979190102
881893346 931671994 969759993 979190102
959867462 970723485 969759993 979190102
920297338 936857017 969759993 979190102
910404807 928390400 969759993 979190102
900512276 919923783 969759993 979190102
945237761 968101432 969759993 979190102
908454413 951468427 969759993 979190102
896193297 945924092 969759993 979190102
871671065 934835422 969759993 979190102
945177507 974024872 969759993 979190102
932886264 971442257 969759993 979190102
896012535 963694412 969759993 979190102
871430049 958529182 969759993 979190102
956514302 960225247 969759993 979190102
943268611 941260392 969759993 979190102
916777229 903330682 969759993 979190102
903531538 884365827 969759993 979190102
918397005 954362622 969759993 979190102
905556258 948155752 969759993 979190102
892715511 941948882 969759993 979190102
879874764 935742012 969759993 979190102
947484478 916900602 969759993 979190102
943029375 904442702 969759993 979190102
938574272 891984802 969759993 979190102
934119169 879526902 969759993 979190102
954213694 974945425 969759993 979190102
938667395 970700748 969759993 979190102
907574797 962211394 969759993 979190102
892028498 957966717 969759993 979190102
956899646 967251382 969759993 979190102
918318605 931435222 969759993 979190102
905458258 919496502 969759993 979190102
892597911 907557782 969759993 979190102
937296552 939157415 969759993 979190102
915654258 912468957 969759993 979190102
904833111 899124728 969759993 979190102
894011964 885780499 969759993 979190102
963502940 970173275 969759993 979190102
957245887 961156448 969759993 979190102
944731781 943122794 969759993 979190102
925960622 916072313 969759993 979190102
952314714 973785161 969759993 979190102
917424156 962975279 969759993 979190102
905793970 959371985 969759993 979190102
899978877 957570338 969759993 979190102
959635873 974692318 969759993 979190102
939387633 965696750 969759993 979190102
882439458 940396715 969759993 979190102
876111883 937585600 969759993 979190102
952572209 965932735 969759993 979190102
935384425 952675368 969759993 979190102
901008857 926160634 969759993 979190102
883821073 912903267 969759993 979190102
951024080 965142012 969759993 979190102
897492900 925004612 969759993 979190102
878756987 910956522 969759993 979190102
873403869 906942782 969759993 979190102
935502347 969271806 969759993 979190102
918373524 964312658 969759993 979190102
901244701 959353510 969759993 979190102
884115878 954394362 969759993 979190102
965602722 975212228 969759993 979190102
942968691 953554914 969759993 979190102
928187283 939411362 969759993 979190102
915253551 927035754 969759993 979190102
928092906 958664506 969759993 979190102
910235583 949867822 969759993 979190102
904283142 946935594 969759993 979190102
874520937 932274454 969759993 979190102
962697414 968033140 969759993 979190102
955634835 956876178 969759993 979190102
927384519 912248330 969759993 979190102
920321940 901091368 969759993 979190102
946107711 968386706 969759993 979190102
934281570 962985008 969759993 979190102
883034959 939577650 969759993 979190102
879092912 937777084 969759993 979190102
951035530 970004097 969759993 979190102
913586604 951632087 969759993 979190102
894862141 942446082 969759993 979190102
876137678 933260077 969759993 979190102
964545296 964674102 969759993 979190102
959330599 950158102 969759993 979190102
954115902 935642102 969759993 979190102
943686508 906610102 969759993 979190102
966383150 972382758 969759993 979190102
956252621 951960726 969759993 979190102
946122092 931538694 969759993 979190102
939368406 917924006 969759993 979190102
942913014 963057719 969759993 979190102
916066035 946925336 969759993 979190102
907117042 941547875 969759993 979190102
898168049 936170414 969759993 979190102
968123270 974955245 969759993 979190102
959642069 953010986 969759993 979190102
958600518 950316077 969759993 979190102
936876740 894107975 969759993 979190102
966015438 973446193 969759993 979190102
939803553 933238830 969759993 979190102
932314443 921751012 969759993 979190102
928569888 916007103 969759993 979190102
936177600 967797251 969759993 979190102
913789338 960202017 969759993 979190102
891401076 952606783 969759993 979190102
880206945 948809166 969759993 979190102
956627891 950727926 969759993 979190102
936929738 908034662 969759993 979190102
930363687 893803574 969759993 979190102
923797636 879572486 969759993 979190102
960177993 970879459 969759993 979190102
950595993 962568816 969759993 979190102
941013993 954258173 969759993 979190102
912267993 929326244 969759993 979190102
951896824 979167666 969759993 979190102
916170486 979122794 969759993 979190102
898307317 979100358 969759993 979190102
880444148 979077922 969759993 979190102
962975808 966152088 969759993 979190102
956191623 953114074 969759993 979190102
949407438 940076060 969759993 979190102
929054883 900962018 969759993 979190102
918288845 961237630 969759993 979190102
905421058 956749512 969759993 979190102
892553271 952261394 969759993 979190102
879685484 947773276 969759993 979190102
936454116 961765634 969759993 979190102
929052810 957893530 969759993 979190102
895746933 940469062 969759993 979190102
892046280 938533010 969759993 979190102
955013732 962411197 969759993 979190102
940267471 945632292 969759993 979190102
910774949 912074482 969759993 979190102
896028688 895295577 969759993 979190102
957641797 959722435 969759993 979190102
945523601 940254768 969759993 979190102
933405405 920787101 969759993 979190102
921287209 901319434 969759993 979190102
958449137 964502316 969759993 979190102
952793709 957158423 969759993 979190102
947138281 949814530 969759993 979190102
924516569 920438958 969759993 979190102
945603645 970486833 969759993 979190102
899391501 953837101 969759993 979190102
876285429 945512235 969759993 979190102
873134601 944377026 969759993 979190102
953663166 967333348 969759993 979190102
905372685 931763086 969759993 979190102
889275858 919906332 969759993 979190102
873179031 908049578 969759993 979190102
946142274 968376842 969759993 979190102
930397128 961168002 969759993 979190102
914651982 953959162 969759993 979190102
883161690 939541482 969759993 979190102
941310183 956936014 969759993 979190102
912860373 934681926 969759993 979190102
898635468 923554882 969759993 979190102
884410563 912427838 969759993 979190102
946663385 940388798 969759993 979190102
935115081 920988146 969759993 979190102
926453853 906437657 969759993 979190102
920679701 896737331 969759993 979190102
944928578 968076442 969759993 979190102
915130880 954740050 969759993 979190102
905198314 950294586 969759993 979190102
895265748 945849122 969759993 979190102
960205569 949155107 969759993 979190102
953835953 929131777 969759993 979190102
950651145 919120112 969759993 979190102
947466337 909108447 969759993 979190102
952024618 934716482 969759993 979190102
944930468 916927034 969759993 979190102
941383393 908032310 969759993 979190102
934289243 890242862 969759993 979190102
936010951 949640594 969759993 979190102
919136430 934865840 969759993 979190102
902261909 920091086 969759993 979190102
885387388 905316332 969759993 979190102
953348652 942454532 969759993 979190102
936937311 905718962 969759993 979190102
931466864 893473772 969759993 979190102
925996417 881228582 969759993 979190102
956394338 965468522 969759993 979190102
924316766 932536730 969759993 979190102
913624242 921559466 969759993 979190102
905604849 913326518 969759993 979190102
956656087 970765995 969759993 979190102
930448275 953917781 969759993 979190102
904240463 937069567 969759993 979190102
878032651 920221353 969759993 979190102
966315097 971505574 969759993 979190102
948444699 931642085 969759993 979190102
940047765 912911048 969759993 979190102
931220219 893219445 969759993 979190102
968756372 979020655 969759993 979190102
958720162 977326185 969759993 979190102
887463071 965295448 969759993 979190102
881441345 964278766 969759993 979190102
957681613 968595171 969759993 979190102
945603233 958000240 969759993 979190102
933524853 947405309 969759993 979190102
921446473 936810378 969759993 979190102
954205908 965284967 969759993 979190102
922060799 936547688 969759993 979190102
905469775 921715544 969759993 979190102
890952629 908737418 969759993 979190102
949859733 964191210 969759993 979190102
929959473 949192318 969759993 979190102
905084148 930443703 969759993 979190102
880208823 911695088 969759993 979190102
934364013 971980922 969759993 979190102
933184147 971740616 969759993 979190102
930234482 971139851 969759993 979190102
927874750 970659239 969759993 979190102
952566689 957832066 969759993 979190102
926776733 925795012 969759993 979190102
909583429 904436976 969759993 979190102
892390125 883078940 969759993 979190102
954726627 951474598 969759993 979190102
947209944 937616846 969759993 979190102
939693261 923759094 969759993 979190102
917143212 882185838 969759993 979190102
963309044 959700871 969759993 979190102
956858095 940211640 969759993 979190102
950407146 920722409 969759993 979190102
943956197 901233178 969759993 979190102
960856412 962011023 969759993 979190102
951952831 944831944 969759993 979190102
943049250 927652865 969759993 979190102
934145669 910473786 969759993 979190102
956576547 976604839 969759993 979190102
943393101 974019576 969759993 979190102
930209655 971434313 969759993 979190102
917026209 968849050 969759993 979190102
954764011 974740243 969759993 979190102
939768029 970290384 969759993 979190102
909776065 961390666 969759993 979190102
879784101 952490948 969759993 979190102
936225006 976488761 969759993 979190102
925046677 975588314 969759993 979190102
902690019 973787420 969759993 979190102
880333361 971986526 969759993 979190102
966962564 971177438 969759993 979190102
947380561 915088790 969759993 979190102
944583132 907076126 969759993 979190102
938988274 891050798 969759993 979190102
961223986 964495659 969759993 979190102
952687979 949801216 969759993 979190102
927079958 905717887 969759993 979190102
918543951 891023444 969759993 979190102
958950602 960699009 969759993 979190102
937331820 923716823 969759993 979190102
926522429 905225730 969759993 979190102
915713038 886734637 969759993 979190102
952805536 951831339 969759993 979190102
943829647 937347288 969759993 979190102
930864474 916425881 969759993 979190102
912912696 887457779 969759993 979190102
962814342 960845866 969759993 979190102
955868691 942501630 969759993 979190102
948923040 924157394 969759993 979190102
935031738 887468922 969759993 979190102
925912873 954704674 969759993 979190102
914951093 948583317 969759993 979190102
893027533 936340603 969759993 979190102
882065753 930219246 969759993 979190102
938217711 953241202 969759993 979190102
922446570 940266752 969759993 979190102
906675429 927292302 969759993 979190102
890904288 914317852 969759993 979190102
968977893 969895754 969759993 979190102
967869918 956728761 969759993 979190102
965393268 927296659 969759993 979190102
964220118 913355137 969759993 979190102
953659018 948354341 969759993 979190102
952195293 945551090 969759993 979190102
947804118 937141337 969759993 979190102
928775693 900699074 969759993 979190102
959675735 973767903 969759993 979190102
929422961 957501306 969759993 979190102
909254445 946656908 969759993 979190102
899170187 941234709 969759993 979190102
961233292 968179282 969759993 979190102
935653189 935146822 969759993 979190102
918599787 913125182 969759993 979190102
910073086 902114362 969759993 979190102
936594548 973716232 969759993 979190102
916695281 970431910 969759993 979190102
903429103 968242362 969759993 979190102
896796014 967147588 969759993 979190102
968565993 939410020 969759993 979190102
967968993 919519979 969759993 979190102
967371993 899629938 969759993 979190102
966774993 879739897 969759993 979190102
945685449 964650708 969759993 979190102
921610905 950111314 969759993 979190102
897536361 935571920 969759993 979190102
885499089 928302223 969759993 979190102
951411867 967051533 969759993 979190102
914715615 942774395 969759993 979190102
896367489 930635826 969759993 979190102
878019363 918497257 969759993 979190102
954659652 970553257 969759993 979190102
939559311 961916412 969759993 979190102
924458970 953279567 969759993 979190102
894258288 936005877 969759993 979190102
965398282 969552456 969759993 979190102
961036571 959914810 969759993 979190102
956674860 950277164 969759993 979190102
926142883 882813642 969759993 979190102
925200357 955771040 969759993 979190102
895493933 940158332 969759993 979190102
888067327 936255155 969759993 979190102
880640721 932351978 969759993 979190102
