0 1000
80320666 118251968
-913060454 -443980515 97954097 43521778
-130410564 971893209 683194652 782095536
-348640892 23484162 -231094825 252803391
914826684 950157577 -530897812 83806779
-700911987 -394757831 -699898217 623077180
-796352494 327937310 716703952 -462041733
953665205 143671689 514345872 739928271
292574851 937386629 -684402796 -333963156
-787907338 567301757 -841639335 930240526
826378634 468844309 -290906865 13918763
202190735 -783745798 -240238909 -67623087
-320972758 311869788 375298783 960676318
-560887388 186535554 24370691 -49323255
858238927 119598413 -440597023 -866255615
728784093 972388339 178322771 967083172
-969845676 -799700194 545554038 804082152
-143532968 525257611 771341094 685877224
434848064 342748146 -997545822 314038990
59950399 778252349 863162773 -284597743
-476205387 568261309 -301628955 511060853
869322740 -864742298 -589686554 969283239
218720039 -523894505 -487576197 725170358
-693995623 724814782 166062048 -37992670
-804115231 -827243928 -312687983 879235632
90794219 50735361 -765800056 -352647947
183837403 -374887551 517329086 -731971036
175620405 -285423715 749054263 980516221
160250208 -563627346 716756643 295331273
175167699 261898043 -382260729 -44393342
-803221578 280516278 713552400 -173431086
-319147074 236201145 -480078844 -376522138
-605144918 -593285229 764087410 -599001382
-929192274 315920371 410165307 -441533543
23342526 -851640546 -807103664 457548605
626942044 -720345131 882850037 -678843108
982945636 -917017869 809169556 -827668052
928812091 501784276 982304445 781038885
160929500 467801605 -159698143 799301886
514584568 126513960 -408080226 120535699
742959378 -494263881 824257225 -537858750
922081539 459160067 266588392 772239432
-99295456 244885561 -408989280 -32423104
57969378 417866152 376959693 503722854
969116264 703652653 -232559027 -823105352
-303517702 315941699 -752288305 44630970
260733318 353231107 -280012133 814790273
-591164537 -478084970 -965191377 570861145
-417950401 -748456023 514691332 -526564598
-201006820 706353948 -633893184 -285884050
-84890356 752160033 -866442718 -783947002
681734193 -685697539 836791343 498236291
-530187357 -902860584 754752482 232367924
361947902 954244505 147181398 293151276
461554038 -841092865 -942669068 -732759143
363651928 -595155054 302101824 782596399
236849551 -742955925 -159884182 -803436840
-205130529 790667274 -750792806 -921848695
300310306 -953535941 -582119118 -602775787
542136637 -733937155 29146436 -547790387
561553960 719590221 -868821197 458887002
-951074791 168736654 -85990518 332728301
-782029938 795087285 -441826287 -849666908
-525772740 -845441977 389262412 -353475265
-247749428 -63549708 -612770254 -868912353
81551159 3156675 -915434875 280941623
-783273288 501784960 -159740764 -571886697
-441368094 -230008353 942181275 571095397
9781505 800292577 937683572 972425211
223568631 -636163431 498293054 444484617
-563170295 647868019 -875336555 693609305
452132272 -660249554 815535496 -652206276
-264889416 137037237 -461653033 -748287334
281599746 978730932 -50137854 429377621
-624578004 -971645146 12807866 463039109
-119734865 932945847 222160302 878628773
92210449 970340143 -331174816 393574049
-233022605 -165397138 798863668 412220038
-461126207 -670548591 203879803 483530581
-973293211 -16550836 592518861 -830190334
-278624697 587025037 -901867528 168917221
-396807991 -710438446 -484323888 636740427
34715789 -243601363 310256345 -381786890
446122918 -228621310 267611670 915434174
360963150 833466522 333752370 -715792822
536780855 -333641022 -166739333 607361186
-110044146 780055149 397652930 -826648434
-996726761 276844228 -587018405 500194903
-281877830 -656231294 -485858136 -520901085
368804791 -37636708 -186859464 525464955
879957416 446921217 220095877 878055299
-110069034 -932256596 -136138044 871936139
507167638 218637570 -101865315 658256192
422054832 522578874 -899541385 -644215709
-43613455 -862805195 -443314432 506494507
-661370662 -41439077 132954662 900406015
46394898 950000745 205607893 297031560
622391199 -999851482 898107440 -916441017
62108199 -300040789 -329860019 799026171
2643442 -892932922 737412744 766777583
879083250 744647790 -108499187 -596270290
178028059 359547746 -820755880 798406734
558116118 -719706687 -968369096 -137104950
457099877 -103457623 -321014763 -992713990
-541459270 -969309636 540441861 620821490
-994937171 766802249 451187621 134614344
314393056 -790009718 -590990411 -744655831
306442374 394286894 -573689331 876157302
-350566489 -398741637 478628389 -608683060
-784863603 21354979 833818123 981632906
-148101441 347844708 -825312034 -953087141
-410056528 962544736 -27236756 717610152
701540490 -751365647 849756307 -449194552
-713481546 403524416 118550197 755080872
397546352 384999545 -254709317 -752804576
872313342 -668342332 -402119473 828023443
-960111935 -909166582 -912676281 -558185858
462429439 -442364250 199059818 -324158482
-212101579 218627799 953890521 824153763
-909795962 817544088 608754772 506083581
304803536 407378883 61899897 529776403
383287524 938555281 -15025782 374692765
-64898388 -200171302 871340297 155193268
-617128752 -553658180 -193450409 260842427
-375006039 -980893649 -702665962 -675680206
-417229991 -284010942 -275200501 695702822
-211440842 542965774 -798764645 -273600834
673785085 332595449 -923408985 -911517341
-420990853 -648112157 -679131505 252951867
-378237221 -224958949 -152190677 177861063
-721598202 -369913250 -753261826 26636055
568783477 -485235106 -896370249 -338833239
-614340189 840472045 123241812 564787054
-847823117 -350019709 -134200852 794350879
-294507138 -357418128 -109392128 -766672860
-786539407 204373218 951327242 33309633
17917236 -276125052 805708036 713422142
744462517 -262013809 -733014517 28830476
-750874583 502369446 68876745 -84022363
-918772760 -351667986 -280417074 577865733
475558533 920708911 -665713903 975016754
-642323333 345918288 212227437 -193466676
731126275 371981182 -813336908 -858621110
734678385 -818173488 -574711735 610332647
-525280006 -868668158 -173622732 -983140082
-789382289 -154303863 195020123 114552019
-377614559 -36758482 976012843 49300884
692837244 256038918 534175995 458791156
-533451568 -91532646 -820334548 -209014223
-527257551 -439686002 256767528 668809881
-642269785 -73959903 -587801217 -230083339
-753012750 -862866106 765190091 854521651
831500083 507542443 -940688760 939200731
129180649 -30171068 615849159 453676714
-566878495 -744642100 67487222 -145401143
-449214096 -554972730 376531167 -909587878
712474796 -536370382 338773700 -685706120
-775309449 -574862576 -15576224 -188182538
-223379520 173366303 775940184 -675011910
-775059079 280416667 47760292 -681309089
210974877 -128321615 370875264 460137444
-91101429 884753165 119329994 63876119
458825081 969342722 906497081 -307521760
789999555 70393657 70835397 363791261
438960386 878401809 -566226969 165673601
309472410 999980311 -530188340 -979159393
-269382447 515251004 604253789 930605057
-316543064 756895847 -308886308 -923832490
127659521 -681384546 877938496 -448350292
294045117 683984893 -665195791 808897054
-186092730 251871687 -367818725 542175974
516924902 733138232 10243703 -857494850
717870587 -818230256 109235006 865938469
966051931 -915355141 -857504393 -516621497
-719765952 -912743385 -354792200 -967175423
629722603 812378894 -36662256 -290054014
850923433 -654920724 719373013 -680412580
865509407 408928942 -10578928 -202592368
84478586 -179161828 935077071 137753287
78957201 -927805872 232381764 -805337290
457220890 705413739 728960533 112392994
627462717 288795736 -836022224 604095965
-84384532 945149292 620530396 -557393243
-377950995 149797752 935180657 285514339
-102694039 773169972 35545733 815680198
698745911 -165554662 304445805 259259623
-498409895 828188485 857093905 713819664
-956015711 410863573 901070746 -999483106
590738641 -609224715 -350510655 88468812
224638276 -453552595 -285562651 -859080312
59804702 846585584 -437343119 771717687
-349731486 658888497 -123669547 -175023271
739542353 -176054704 -866300324 -648252002
376504503 -726580632 -486855135 -383482483
566483362 782284060 -282687522 -880756589
-922832677 33649197 -102639504 -697409074
56198938 911177732 853976704 292713655
540151111 -824723162 446424316 500439104
-674927309 740081294 -242428254 -117083149
-924451977 313767929 1326433 -169604566
-14557683 -898997581 -782072265 11226875
671060866 -674940222 -956560535 -930280948
284840016 325857325 -715024725 352842316
-304405662 -773885377 503409695 179277260
393700268 -255536177 -581297344 -176624546
682375131 667349030 669584764 52953490
-761635921 892527131 -870805610 310222165
504993961 3279473 319265439 357881043
-274439631 396878379 -733016701 465721192
532480601 335815242 -363515074 693433634
823496130 -727035233 958039767 -167537220
716572186 -369061726 969000717 601559157
873754044 462450197 740000457 -738968204
114559708 847764038 686825097 -593851848
-917999605 679577250 -158129733 -45272566
-202034498 624820962 -590952559 -21885114
-234306527 695564454 357238465 -838209475
-904134392 936874607 -914142153 44031609
-451562039 935036101 -942756674 116827175
431321803 222469568 227924335 880932147
-536187804 -506819135 -799261352 667183129
759635678 899848820 908623475 347390838
673739548 78923396 500022558 124661953
-97818247 89003395 -344348358 -756378934
-687132201 -85235871 915216340 215503600
-93640530 981870971 -819542537 -775019691
-107417327 -864874243 -786946022 -108447583
661763087 -664655468 576852864 -934070440
699395826 -40679110 -74249200 474071652
-104457414 -935287225 66493577 974143820
855549720 -303143426 551648797 -457575841
-831339763 -243005517 -848968619 -739342732
-228509381 485575825 -936912277 -258162288
-252938259 -617946208 -978601963 782991353
-505018907 758803503 -214445156 -848564589
281165191 918637251 -692284612 -553370557
-993059113 -560215105 415231426 446886745
572175946 934676485 -735455525 606267991
-984571263 -370222597 -207299042 480617985
-947064506 298901703 -499930294 845065576
-695299044 -598438374 -24939186 -758642096
23692372 -260300103 519302764 -445479249
-720488477 -940007387 -553065425 -222095808
-280564706 16555194 -371577592 -363600436
886371770 187997660 365618588 -297806903
-604765193 273499448 -826463965 -779710188
145098145 247364558 -339085057 -664126985
-191281429 927743059 -684476992 -731057751
727415021 -521503221 -321628343 91635618
-478507873 -491782551 621046103 -604982360
-374954443 -200144106 -98517768 424201533
-900666697 848928894 -716030058 291084820
-955870022 -154318420 -832665666 507897569
-842780241 -716488615 -97559292 -357072041
182784984 -105037647 591025149 989421126
-694448562 269327167 -93356573 -359989505
367874158 -238579357 -818418026 -467298417
-44775316 358882552 -207028691 368042656
136464025 -875752787 -191618965 -122481870
-981901844 -104015115 563755719 935446125
-311364261 -52321076 -561934222 -202002429
-370118030 11223311 -804457686 -601731545
710507295 -766750484 -405210922 -759140941
198685825 300399833 477898902 -669547727
708660724 508817904 -41869296 993440806
-143633107 -601898001 648495942 -94396893
-72895883 -624754719 -467514972 -26229914
-269022548 123882670 -693838645 -236854212
-6927642 356172256 368598900 -814243956
37853048 621425479 -562686633 -367075736
-996041847 782784577 501073276 -35590056
328724406 -7839259 -983299764 -530271910
-358847011 -754204992 650629501 350596234
-353266047 170825507 308162280 -664517723
-89017954 516754900 613517209 12398791
-801243849 456377761 68758797 632280488
-501004851 167674517 636371835 -129613910
-398514784 357350542 -953572722 -740516084
-420011043 897769991 435568484 -912925711
-999456238 -449007621 -144381074 129795246
912466925 249011234 524637623 -149091853
-45261945 -780888543 603205955 -457528259
-240172964 -391410649 871098240 621828735
444284520 951578008 -579026868 278633066
-816907180 -923869629 -848697611 701314873
-436313906 -343720554 145980273 -270090897
-746200025 138564552 845661778 -465175552
912761348 975637899 636383742 -648768830
-853771470 -109158503 848856893 -377891277
-392803533 116335247 -711334125 232616540
123262760 346772224 -548430694 141120862
-773856237 -117804057 362780267 167314452
-133677451 592202487 671923942 941423419
692598136 -401679703 -372388954 -50029224
-201556301 220270954 350361146 -704049369
-662694803 -735219094 496864682 -741189884
-180890130 -138394045 269297006 4899603
-700354951 201760095 435073961 -357985556
-239666539 357449054 15041584 594174763
-108563640 -531827182 23738205 49814909
491847504 77107277 -316584423 58107611
400276320 -870674003 -46556445 -355357294
-693314798 600325631 64127836 -887459240
905537897 333892718 -536757835 -945138660
-236781390 12600535 -160406816 908135940
-978288749 817253999 131354546 -857285055
475097113 862104068 -825253013 473810554
593333770 985604272 436682839 -151496016
-986205744 -224160719 -911571214 -750565250
333322787 -991967622 -419475610 875069415
375191063 502563828 -371804295 561435263
934294109 -513193328 -697892464 614078625
230186731 -381687683 -589391806 -773525801
-67951485 -10235749 538340772 -290909983
-175086774 -638674282 -289836779 -94384898
391580044 926724428 476334250 -65264196
-682130994 -39447980 522196023 -683244619
125629040 -321241198 -722495637 -551463501
955052796 -598797575 -46250254 -250169127
695089878 -164897011 -82401274 732688633
56472885 -163476917 567197365 -527211026
708502440 -578675163 -56670486 -561336278
259564130 524706977 -893069786 945238166
-166029882 -928533365 -497425997 359734674
-818200351 870478386 -598944829 -219153118
-877613875 595929982 370252686 454904295
-627682463 -499498500 311639797 -361065259
315348239 -813964231 513812143 865827249
99766421 613817037 -389204129 656634572
884325525 896124324 -241785630 -116455798
-15820428 -884164691 356950751 496377449
108368492 429428786 392669399 175063580
996644079 577147699 -75283868 247602394
-23748858 52700922 -452923791 512079344
21455900 -537389946 -275880848 -429044137
-909300782 -905924634 -887142613 -650266095
-248805414 -991679471 -377638426 405802026
-984688312 -698478273 -863226445 689381028
-81425532 461371208 -522901067 307039970
-148491622 197798732 978674070 -525464198
-25677708 -585861568 -270921274 306354716
-780228956 302136388 895867682 -816131298
706798866 -314887950 -306515297 150838972
-21296386 918723772 -301759720 -451318227
-938089939 120965653 -904753673 -591695122
-208213917 -827952316 -549906058 868198754
126386528 -257513507 -596734706 798068441
-567020934 -460386620 444543266 565571414
579694678 -352917334 -329486686 110035465
846823907 -173923678 -453166532 35268936
-261393666 872553557 530039991 -484685517
-904430746 -343267925 185354665 -844655893
-980224977 -10158088 63649798 556077021
-58975675 -898062100 969560584 737320032
-114978640 59959230 -11058706 -54873966
-746331416 -816141591 -825029487 -482146345
-787978007 774390700 643772838 -669726290
-110914184 898918537 974040320 -541584125
-53733292 315884982 -834336001 756660217
-83162802 200467440 620980548 903968296
780990707 -152879907 -915492903 -612616721
-463712797 52295880 -527445148 -724938539
804871979 870657213 -400860612 -243863387
-313670682 -66180292 -769606411 196264495
931931336 -386880990 310141105 161951204
694445595 -567958402 527006795 -362967767
669591997 -51276872 103882761 298518724
-7696248 151405622 362269775 -439532591
-414711446 -502239313 -964441053 -745028768
320426831 682539764 528807907 -787612221
-629395487 573858561 -109524977 -465762549
-531709614 -388918537 889331374 580727126
416524867 -986171825 593264408 150029265
106561949 -80297997 844894231 -893118966
-738449606 -173874641 385549927 -414843308
-746072288 583303969 212613049 -229258108
-507017859 449298287 538777817 510720201
173895090 418645862 -394050777 -524207864
588857819 786276654 936104138 -484311675
-860870581 112725729 -339609164 448790735
-297108478 -498341002 -198565722 349718648
31371265 -384035011 249965195 -631959149
-705176384 738922378 -966716670 187822110
84156493 -295872948 -211900871 257203383
363255963 -945697885 743747457 -721207538
883000779 -150496578 -666617920 -620400290
96235671 -835811542 -708842512 642912216
-556535534 678137921 965207523 663875007
66735410 222987727 647665259 494001657
-541602564 -494663032 573161891 -716255982
752720302 -498155458 632015722 -174063564
-240945267 306741825 269223076 -715370985
350744363 70447479 934474424 971102860
-768041936 322885942 790859142 -944134377
130511747 280170008 -229882043 50547149
-21600222 -337073396 -972865484 -527395560
192975383 401798775 -649880204 419163010
887806806 62357882 737822412 583493302
32757284 172588007 -325811123 512309680
820595489 -830837686 -443461792 -704840659
297737235 -137024625 510580484 -589687541
764579364 -320491837 686566548 -373518583
-175168015 -872911255 -551898725 -917777425
-323204823 560061795 604325122 -463968824
-263057978 853198345 -52540739 435448266
558639366 416844217 412681848 -514846551
-441425351 -260896893 442217477 -651394244
-345227031 -963543200 -234727222 231781817
158596001 -875053018 572631958 353854892
-675265661 -241037259 -952782832 54644455
348254561 -868309745 -947247750 -481453517
-903442162 -973282650 -515150652 404189892
-298486061 -857095492 762991409 -865984628
-259271679 425876819 -92359809 -708262782
916476534 979944568 -535017645 -35851033
-65386805 -694939291 -231125394 -330088536
-620033838 393879449 -293879072 563506039
686383102 604833873 -122472276 -178226121
-979312769 -121068369 913244431 -433620730
146124007 141036824 727866468 579768231
474562373 513835718 -6467046 630124828
-909936577 212745140 978922952 -736728245
-121821348 -161839553 -632102512 -993321079
74932112 -703159328 335399781 865848511
421583800 103666131 803997858 572891846
502382977 -681811883 -828958468 -291220852
-490229319 804179504 778665467 762350761
-621454835 -470013356 -952808391 731874629
924847433 -637410265 595176034 691532904
800329371 468147014 205616187 -638546814
541448317 -831446916 -82643800 992111983
856853603 283934080 -777395151 332535442
349761603 -17500886 524944292 -677725029
320567383 292720555 -913995844 -457818614
-269318021 730645584 584877204 573501971
-191434532 -941444176 343818318 910140864
-922011880 65892642 -807543978 -230416646
-371357313 442347614 -676140003 -16201618
-492882292 89714799 -235904938 -651496146
579473607 617008340 -130888972 -274911242
-420523541 725125011 57234445 -156912416
-968251774 -332638976 138900828 933898484
-381035694 182079053 6992735 -924991995
659816765 142017075 225137908 185615926
-436400252 474985533 -917749548 -20924146
-151603805 549168320 -742268516 -132891607
-255706119 65162711 -890151009 -955581941
-413630248 589048777 -926398124 -454710990
461846635 461134034 249843408 509056157
666270374 995276593 -377707360 473411754
636557290 -555260485 637665273 136602960
108662103 -269253444 -170917220 791855175
-461768066 -551240910 -750901778 215557840
-292527223 728293617 985404355 -478920402
258738628 447111692 546369596 144136384
463133767 880431348 -241174560 -650924363
967871475 864119669 931561774 -671315173
-289916354 817236131 605018343 761108664
-980474810 256133405 753117841 -889930945
213047694 -664634427 -260017545 -220048808
-374672915 343708603 -369876226 -306357558
62701884 681018812 -133150426 289999861
-74422470 -634851601 -997825053 692947450
-697722911 221065132 -906366749 -51050875
-729743804 -266964717 995839735 -979990315
549677328 31678054 954008308 426378019
757474015 423430717 672068858 -446810579
604775765 314716885 -597014845 -849147721
178704932 -89726278 -401480832 782721519
-626695325 137156214 -635230900 -864092280
414894840 373079784 -661982234 244868258
-763661542 82166829 357487033 710816414
166991740 299325680 -173865741 620821818
-66622973 -429287898 -331278371 -388046962
-970718807 -79365938 671883054 760401788
541717716 -397758020 -445539566 155068010
132293511 190908211 -317250290 -264994013
-592003288 515205819 680600161 -72939047
699763004 -695686025 814068837 -987270655
610725931 98097222 -666424894 685021909
419760769 506225517 983637476 678318451
209645663 -175055827 -224884003 -3287192
-921897811 206023913 959426547 -116017578
367228401 318841646 714716319 726845323
632594064 -509724994 932336498 -966301600
-222133263 136222627 -659588186 460842853
-582294201 354864621 -238774647 348222754
503429943 67277294 -958894011 569637179
578954969 -464859011 227413124 915027707
-480137865 -410574462 -602411413 627953005
989636535 -98095609 -832658365 230810008
-37541415 -491618533 597805746 532907857
-34375235 854916376 92852335 921910381
732641215 740130857 513959143 -784346177
-595673029 -646769015 -54042412 983328478
-859920014 992835296 -83567717 363112966
-152297472 -416200667 -457361838 -61084574
893623769 627212071 661034128 -235145498
309297158 -296136399 -805375170 -340681454
-935286969 57674518 -976443200 637513900
-461930671 -564516689 637139333 -145519562
-169729063 -64530487 665259161 364453502
343557008 445420656 -164066444 497009013
890100486 766410149 -917499609 251315568
-747965 -238538632 782094323 221464310
-727670119 212072601 525760422 -402248405
-295376606 765242717 -947813399 -145102423
17316540 977661364 120326637 -709359600
-910694207 -825018658 215302551 857463282
-253891512 -224712501 -990350908 -851021972
-590317281 540363646 -762035892 441812667
160976812 11684372 -907400160 -324547161
993149517 806817452 814756762 -945476493
-323969927 -156793510 944046923 -730983355
642248254 364879626 -409264585 -127226603
440723811 -694773958 279176886 -683268685
-131980026 861028817 -342659863 98420742
-871476978 -650149582 -730743197 917336346
-712331350 955543127 32709557 514648223
378455540 538186127 640824511 553863876
-899682964 567252804 769010854 115849995
-906646265 768438033 191739243 484316046
598045343 497475660 355537578 -168355649
-612977508 -259765934 718301611 258174916
745902967 -822190364 -826634881 202154017
-625424414 746545874 -429663873 -567057606
718417751 -439583008 -295758164 504109656
521863083 -454792628 680039880 -443274577
111185356 -19719136 954203182 -666713920
624941381 933084009 -36155721 186971090
-671823431 -917104680 358378125 257357504
-619968393 377717390 99989256 -927424294
924080220 627131013 -321222935 756212418
-846147298 -585778274 392428260 698699731
-19571747 311882029 -487349946 744331862
-15012858 121550825 -657713211 523705703
-283457923 959941163 407046971 -710355443
23244928 656828450 193829325 -877240080
167034523 -823011826 762212705 111689319
-262591043 -994716137 745822789 664010023
-828229034 -776701789 -81450279 304684079
-243398317 224654501 -30237967 -278859115
789948710 -188110640 100369340 -222493052
806705057 849972814 367020171 -744778559
-707709256 -319480620 987535302 -951197349
-607871042 575723481 -731350002 -958766578
-274387921 902538476 304548970 -584799346
-905211131 -111293338 385970816 -866771601
500751675 -331585219 711042869 -163522944
957800485 -887834843 289453905 648302471
706065790 527611892 -638876178 -231450776
972248018 793562338 990413818 -833737948
-123341100 -884022136 -53589620 -237685630
297384696 936689511 331730385 624502016
-450613124 443791220 -334832278 208465787
823411184 726073353 -25820001 -114749911
-612022118 -934096784 -25624277 723150086
-432743485 -590918480 -167508950 -862361879
-232039772 -793186102 -735074332 -943764553
-246696299 -954178879 -619708828 -132924886
322879624 482991959 403239599 926291159
-970694254 -306785255 -19725575 698135015
189819015 602047523 871882030 492173675
65219131 23345933 -827234003 842490799
-888923819 150221629 851365157 -136855117
698078467 683012770 843502891 987431042
-436838153 -940307213 391563735 107811717
-794447067 796584554 775052248 -828002789
-283571674 -230020540 -788503120 12286338
-928987661 -668703732 952182637 109383939
343320055 728172454 -383497643 -920964225
-998439838 -191072127 -274813981 -663144520
177422999 494598842 -684569708 -655203753
-625018700 673588879 977552160 -658603298
374647311 459938941 -479060387 887415378
341567024 -295044493 -948786584 37055916
906752514 343976357 456946978 -145077528
-905148746 -513754774 -483980098 365094721
-395319274 -294403264 -634891958 -488497409
-243909287 -514582469 -648625834 886228841
-96451033 -5932403 -219848309 882294824
214145971 -703651798 -169975992 213153212
655193237 -971078375 -651805178 997807067
253382032 -987894386 475192581 -162679706
542896346 721392747 -630713800 -680285172
-958103138 -945956196 769710100 -305668134
95405552 -992061183 -918004722 -898627398
668850915 987618931 -759691398 230510832
313130827 -682828062 671440682 -671108387
446525490 689745618 -184226106 691579144
-943217020 -100768604 -63130259 219864823
962143965 474099668 -285052515 527301611
-467512720 981132560 -704010533 -218258495
95758813 -534720071 145356694 -140173963
-843130094 -721261716 -124345326 215709626
414507659 -247107567 -792645935 -73272503
923510383 -63621236 -472480460 11752505
-180178148 -516744260 967819448 -152092616
-484486409 385695441 33332706 -147321841
976582674 248494924 -851785650 794399310
-458042323 -407562444 900608240 130834718
-201572828 164666408 -953341334 297151595
313410879 674166928 19089887 882809687
-491009619 -406689238 -913447613 312040696
-309433182 862583516 713845101 -160815719
344544217 -770949100 147769869 884716287
830864274 -895379588 -690317318 532177655
-157264304 -942456644 648718266 -95802696
569815832 868806491 -155806684 -70232750
985486756 -774903455 531574903 -10683563
297475862 -7889215 -653441133 -635767903
-268790871 18678336 -117177698 -658530084
267455287 972275248 856695639 -390737963
636019410 81393082 -758374496 -209119408
-258214496 -693568372 349918509 -232014115
645254957 15068983 353493927 113936868
617980077 -884239370 -579752481 883640949
-446738754 -620114863 553610951 253445780
-302773930 -364253337 -183712530 362413078
-910959922 -374845142 184197818 -73976366
-925050843 465061770 -118357179 -422179258
-194344913 563101563 -552948002 -255085862
-711887804 -716196929 -763134822 316683894
-233426283 -644037341 -932943065 -75341973
238445645 -144448076 -4599833 -836428651
378458342 526366603 518347432 462057485
-832872052 670302059 -86400530 170192061
559523959 189527218 -703001393 -636574888
-671503286 -554474666 -646800062 -509837943
-936171406 128080740 -708895462 758751704
58799831 -233403932 932430905 893805672
338635265 580286548 -381439916 538558520
703438260 -280223337 469292448 -745571522
723488246 963076250 835262363 799788001
-121962688 660908099 853746949 -437856413
931054049 -660011052 -264543495 348568692
77095089 -287486750 144890981 492839400
-689515745 958864398 -192247727 588706717
597253397 192881749 -344497029 -496336785
890844930 964569405 -187034436 -255840727
-161912152 12051637 98537541 -342529595
-119314411 -127480385 745779866 -790163409
467669879 -669256436 -682932164 -989440220
253039641 278763907 361614932 512816123
892981287 110506528 -770618826 496466683
673495985 390186356 499095360 -559937389
279440447 383623905 295215174 102629924
-761232113 -427310601 478635357 571785440
319210202 -637854227 -192858119 -816654269
703701330 -922645317 -977481791 -752183596
916439370 -222253320 755275726 551478291
32305760 -316340673 -767772936 451644414
-27987579 -207375530 254673536 496109904
-454789386 431388700 44818356 743945139
665864834 -508836864 981551454 -658448994
206123505 184618333 776488194 921304525
-832639703 676153905 839036371 90904718
977434217 902545613 -639219777 -944634609
777015573 381286195 824429468 -641767180
886905540 110548661 -121891001 306216041
418732313 -553144636 -59003937 520700921
468168128 -130231956 -432790342 -954539729
261514064 -711663573 974953200 -166308127
-632060920 900909163 -53039824 213204336
-884781299 967647006 -194590327 996051344
723020012 -813609170 383102253 263182984
-129864819 -281606508 -499431120 88334235
875647420 -21767936 -916020432 30670326
331446162 -781373684 -422988672 789197654
89848434 52868199 182817241 385100229
-153696409 15069896 -430257657 -611265998
-506571297 161789911 -217624048 -657391014
-350485805 830041021 307514062 785856037
968824940 -691538075 -18769731 -852158750
-852914736 26737503 -155514885 215734010
-119569496 194302461 -801913074 -429786018
35714041 -506832903 749065417 -761901631
-362855160 -697051885 -228059399 743463088
-797817145 -702286904 413983328 855558076
-878219437 767374908 429248669 -706205335
259488258 199852318 -573718145 -984848925
-928996523 851208511 -131658143 198890988
502781974 622081150 292189791 53008563
533555577 482669962 -770123636 999820789
15678256 201615482 -254220705 878415703
675089735 -263315522 873863322 -790550452
472613204 -988951955 -480976679 -513272229
68890765 800851507 -331068585 -410608403
-517640488 -980732636 64358225 -237932906
93022884 989679478 -267983666 -803148771
-833566173 -345520779 231940361 -93132280
-514116839 586916806 -210801640 -181460056
848407349 628188475 -687591013 -502580840
-381733581 -571981560 594266230 666970597
33196347 417349726 890804565 678407326
-228692636 -392479889 -174636409 315154390
-722181919 784886237 671936485 -743461979
-138445341 -237516648 74285184 865412727
11397513 -508983211 409139727 523211139
-196973343 357552129 966797222 -229587741
-72454016 -404262585 -228593860 -139120932
647815698 645607522 534096737 -392035658
860826044 -773894387 30206950 940463745
-374310574 -740954339 -42250082 -668715971
-261232239 -477018902 596271407 -598547450
996411208 -273945185 72249733 -508877136
-763830758 462662558 -175566842 -165236774
-1809969 102806996 -8344084 215248349
779188514 327341442 -526146175 450902398
-142535089 78513934 -331691156 45133181
-500374045 -324564985 112220788 468710764
-996475413 -802656396 13109947 -318935762
-153315051 913361873 -511709151 762582020
-73680330 -895568631 235624853 656496468
-913164399 -127041793 -799257101 -434218242
-569855517 557848967 -298177490 -616520432
-757101962 -611685060 711997093 500336379
-217984004 -939306659 -498060719 -906168128
-982621651 -178218437 147995277 -990321871
-721565602 -749836518 764169858 298466341
301114892 959545494 -571864933 -824841853
591416825 921597 -575430627 820563779
-996789096 117165426 925300799 334438269
817004672 -108356345 -856593796 153052267
-619604876 988526604 -496842577 -512629186
993554947 -107881597 -179813518 19378079
733839120 -999205761 -64097561 -548805937
-181283318 643572443 -911533525 322336668
-421644647 -938683408 251576235 -254675547
511512491 -210872530 776136683 -275599028
454231001 -25230856 375993871 -711424381
279690533 110315251 -802322085 -459439126
-778257331 535111318 -777762634 -414013703
-948177475 486811800 -695278022 333195294
658096744 414872713 -708147724 -186299170
-555280201 230885760 417397680 -313799677
-566946892 -95539677 90947811 74536698
-741568270 201727986 -773374991 488476406
956487692 19219285 -732536872 93062475
918276209 -38591984 8886102 -616296078
-23104073 176337231 -270252160 -723228523
-106179262 -453606214 -189899627 -831315381
213291632 85423741 -279318841 761128307
765179718 853863102 -498429963 -25468286
-466414466 -246128756 31976577 664772386
-118926357 -948641476 -40077813 553518902
907024308 -987100948 186407033 -130569325
641122563 664860377 -42052380 -518999084
-77679551 -482328710 -456221001 24847908
20260121 -697221129 -509816451 -53155364
-391142658 -226954994 402937245 44075209
287302748 996183792 -680436672 785804077
121802914 469951304 -811973812 -597117502
-355963010 111977548 354854831 445606304
-736383648 -873305054 -666909325 -263819201
-921220200 -281794814 868387407 335275228
729077312 -655640078 644431903 932811703
6312490 -161839614 455522984 -597063540
-116376573 65365803 -587572194 -640272672
-160562020 -898781824 690169687 721971839
658206864 -272080858 906250629 631744095
464765387 781996117 118650054 -597039391
554621443 -295514776 -606573296 114995873
982308936 165606585 530246533 828183456
276648014 251326598 -67902505 -673263838
360520204 479046528 326454960 59663655
930274531 424217929 225646883 994596582
-541776062 284332169 -52145026 -929332812
-478229094 47452262 943365688 297012457
811457889 -317771365 193612462 570026268
-578252308 -998895335 -906494238 -866287467
-711873287 -478484183 -48193856 877236797
447842228 309906472 -518967743 419124255
469996264 -765807897 851022206 626162844
107504232 -86186710 985577917 386690119
361645480 -384976906 901406931 466784730
-273829466 59632238 471986339 -587369181
-649506448 -199765504 196939665 810839566
-234349139 540832172 -59087949 -160725242
-57471903 424281895 -318115814 816762582
6250381 -855424485 -685211557 -528038549
619533974 -756697028 614141084 -665486057
-153771175 -3827416 519890436 160920527
-548985526 915820403 -209991638 512293470
-899920546 -954305574 -127824981 -554777914
-811948574 833725227 -114512803 257295451
223231789 876704132 698061374 -116527073
161453410 -548023657 360170012 -991107857
436159024 -707122888 139969502 380764903
946541045 51641880 -337218060 -183635393
168048243 153632839 -858168836 -831887337
298897793 568696579 58144514 615523916
-967166009 -562006699 -99466842 325026296
626078708 -226881171 -329805414 -820227214
599923441 -950103404 647898893 736228967
-486492164 318264635 858772222 -940109365
262495963 854578650 100905607 -210774203
-670620049 194472 -445105374 -763378460
274568679 -39746374 -402017803 885557843
800495548 -528566100 -178120700 -175234650
601976939 88372986 991577086 -270343111
-509715505 769833189 267511932 -433317288
-808922971 -905490161 -667601338 -322391226
346355107 254517511 210241570 41615366
-864067895 132398326 29590917 -66490329
-314013838 -172077590 565864320 872959574
-947833627 -749607770 -67457063 303855572
426817843 -713139911 635604674 -695613795
900864932 -933165712 -744651508 515047402
-77074650 -467681438 -931730577 351455576
-415896904 -432707870 -174728760 -752116963
-261649856 -373730197 -197397754 323230079
724601168 368285929 -592958154 599992582
770590832 163331101 163766678 -871997955
-272550379 106795835 185917280 -970034534
-653346039 949993907 63980967 759867081
-952855657 368281525 853224875 -446254212
-287935149 -704359910 -261173407 -786706154
317386159 205254446 -103095527 697922380
627435889 -854691137 -459857774 225148455
-776252336 118196811 -838762407 849473400
258855655 -724560201 42114587 -925570164
117176514 805253428 679111690 -520270125
-254134261 -792089485 197843640 796022777
519109040 -534070618 -619485174 489675464
424559612 -505748512 -143083877 -567485593
307347216 499764233 600508516 -57288321
-251782438 -660780072 -421951230 547818101
921108010 -251528998 175269525 830238006
-568800854 -535997253 147453 778587239
-326258794 -724124890 -405533098 204948625
426904979 666845870 652680282 -999019525
-821153268 417955613 759501661 -295450485
-337800371 873094853 516943358 679415359
-305786909 -924603945 -818389165 313643418
-969677219 -372065844 725177982 -753772122
-642481380 528696556 -408785937 -567478245
101037418 191150441 -256231487 857719162
-35587440 -809070507 -109614873 79602566
142250642 785598336 -121301569 -736486239
-827401454 274683122 -5804084 -303934822
-626048882 -363127385 -482370624 349315884
-61643520 446612046 500517552 -384247043
-932687260 -950811272 794217335 -982345683
371025221 816042878 -421696473 -836418158
870173093 419935979 -327593713 -319410289
176490319 403362960 -382739336 -895991004
682076467 521410593 -465678759 824101827
907653609 486739111 109400987 -699312751
-442573682 282369019 -879552474 687826035
-165457630 -101072119 -396823275 250755212
-515871560 -455681713 -328377615 955341775
736391158 144168225 51189247 909938327
-36184144 520990480 -736108962 -90209158
-195829868 -635924768 118239963 -889867965
-503904788 516568737 735028414 25036606
-176009001 -934271344 -487847064 -825836632
-337936168 -788641506 770521954 -607830152
941633343 -723661661 -60112871 -967370963
918811819 618975322 -222237732 128468372
-111146592 -732509269 132444520 -470573171
73383438 -395073540 -423290854 -131951269
-73351252 10866238 497621024 990474995
-874683465 -647313888 522929487 904640638
834178869 125783971 -232704267 -565213621
-464810144 -675407011 -524743638 715687157
-353952786 694084604 -687974935 -599966150
184719452 -462271163 168594945 -941477773
-610769563 -500423507 855833801 762294028
549989692 -103704282 986953231 897379649
514470115 -663179885 -477413455 628348246
202531695 -723360663 892076775 789431562
248590656 462883997 -639222132 599847531
-467524456 125314136 662044095 -357071616
714986451 863377962 837157503 707275987
522347521 593400016 -954828151 550359196
-10271864 696473128 943103848 819794148
-570964933 -866069102 -115148644 -639631151
-181773903 85615956 -166983671 -543682222
-173631586 145076990 129859245 59101014
-778732154 -727760397 837826848 -815399837
144198493 -974975810 930851153 771751590
919436639 -824461090 -977349647 603906190
-478097233 601370918 -149881528 -32809271
447616527 -407748796 -114265170 -258488356
421284858 -148962660 -445403343 559493568
-835427247 916685429 636493722 -661309560
258493080 -478868906 590790724 -549249832
842548856 -902620225 635536762 834381777
-884765550 97955858 737545525 -856043911
488469111 -41674118 -465302154 -32320704
525013320 670647690 926277409 635088569
420567081 -711187096 288108293 346205124
890077144 94542982 -379045163 -971026639
284980469 -682739727 -245802458 432046093
-231244976 -211818091 781752761 -361438481
77500698 377948571 478076852 -455595395
-713058297 -951677310 29607712 732833380
576513855 789888263 837017286 -571346315
306882366 -147649307 -271193067 16891507
-352706115 -54307488 -700807885 21003210
758190256 -364559119 736714564 505347635
960819962 -287298309 -250526646 832156437
369794079 295128082 -182440267 -149893178
242860435 -138277107 493658508 922700381
76998009 -360255443 448653966 749940686
625958104 212705058 810963588 -494823957
-594533849 -73738915 -535316970 -430579049
104604076 -640488653 94480114 -698782543
734577285 282829795 111072324 624759221
932847963 141885406 669889369 956942212
87304922 795714870 774521837 390428007
21892889 969390079 -266172278 -443857129
-69230246 -352208975 -20300757 946387606
397006721 131133002 -887993495 695347412
566607962 -582691941 -448114182 -14696770
484715108 -852312614 -960747045 -567805213
282455008 -778349550 837563784 -449484705
704902515 -997746360 772664030 875997333
-534891981 923990655 -602708897 327474570
-627225984 948227900 420104937 -226089510
308671790 743276347 -425173869 -980649724
448476782 410179057 -964587542 -955652373
304747910 968112405 993831964 -640343534
785119101 868633862 -333415594 765404255
-492899467 -155936639 767828893 73326100
585570831 -219866441 843056609 -238248737
-811426236 249997034 -72423977 679478216
-752307063 502145762 -946884558 649434854
-630223428 -969348395 275336313 141802864
-414718692 -242392244 585634838 -552003063
869609253 977514235 -175469353 -577357932
-314376480 -603843038 708590921 -615999658
65810277 413248059 -675415502 313701503
270046881 85839605 -124496331 260147171
347484191 955388117 849434585 -513182979
945479582 -994096939 -883696933 -63408632
927179254 298112308 -932674995 388094603
390802639 392104753 998946892 -708913629
79031995 -816995423 -99515722 -333615501
-287587427 359225836 967360489 344910902
988503842 774569364 329561912 -593986460
534224567 -868010100 -271730226 -703271952
-321131655 410944244 604222763 -410757221
43776880 33474575 307752960 960181126
-290073930 -421092868 923743761 387193232
-832710107 -15038818 726906845 620591876
-657306684 928531077 -768770890 100435215
-443921844 200284874 535076173 -131213712
305687884 -38375155 -95311569 440837483
-658450899 304547867 983742030 -99865873
645584893 -728550669 473746356 410639189
745708923 662679038 691267023 -758569125
255260031 660765540 -760690138 801149160
-600513540 603645985 35682570 -368196243
474130785 565442396 -785235292 470115625
641419158 -85668272 -436870150 -407027432
686046102 -762404721 364262178 -236147675
93237649 772135065 151088072 721886709
-839516805 -982654847 -912172401 305300474
-968163953 665464765 -702583570 907727663
-736146120 -123607759 -173083968 683240733
33654340 902507936 -941915288 -327216942
357033889 760503764 -698406697 -817296880
509473000 -158099781 382770474 243834953
609549135 -516570613 -895402601 -550664334
-114332618 964846585 974848374 938101108
-940706500 -898707481 286519613 679366886
-142308459 -715487491 203167371 570117153
510431360 -361767258 -126628241 -130868111
915667585 789597397 173267918 -882364068
594929723 797077571 -42892516 886290592
164794692 -687744580 203809475 936873026
-727025081 383497917 -554796413 263907433
-638461246 784093251 -808267406 238134251
8464515 -381936310 -424750013 -457297626
-545519456 -134266601 470264693 -980686609
857387074 366570941 851681847 -889296989
124141791 661834811 671105850 -849324723
881633310 -977978882 373270676 -388703737
-668200837 659343535 -697527968 788074392
635752509 89424388 -710986131 -754076569
-286564246 -986202760 589879404 762088327
-305675772 798644468 -687840172 -290761374
242020287 612891165 -865623366 -815023153
-198952471 -555243722 -454821035 -31348379
-287438383 465218596 41920885 10436917
150412240 130534413 -818843739 -826331342
-322408536 -57777189 -176017531 667619004
-133910388 164385257 30868071 183870453
-85446799 113794579 -841026992 946587649
-529004048 -691356761 383593719 -141841452
779757156 877944598 98310357 -326997782
-681764908 888291553 -848673257 -692537359
-665219753 -926026447 -175265028 384131265
213771550 -751151234 426481555 -853726221
126053065 -425307788 213952458 -349939676
-243584513 429358475 866930452 560920487
24267029 -136442288 270182653 750011229
-314569797 597581860 438115059 942922927
336461506 2334356 100394296 -258641551
