144 999
360.721768933472 -727.673284580015
275.947656656077 823.990658954182
275.345734920582 824.397209601359
237.255297281899 832.537812897356
198.134636043620 839.071178023047
180.347554220278 841.545660708340
152.259185927960 845.218967555253
133.914098729993 846.943346296051
130.114960443734 847.195030488506
91.586457870359 849.468259882285
90.357747507211 849.524570333938
79.743331596929 850.009060016200
56.084031506104 850.312443871050
39.475842650157 850.170988451784
15.032350910132 849.598141267938
6.538108522147 849.309789013523
-22.346058993184 847.121895104779
-55.365046468977 844.260171057824
-80.293567603866 840.736828137917
-103.685080140532 837.147719724201
-124.258290807297 833.401808651687
-145.042445946536 829.571107889429
-153.884161991271 827.558931575864
-183.778852348754 820.146716838853
-209.399141062803 813.064332726061
-232.174467849570 806.443125942465
-244.037625429795 802.410147874508
-262.862676374082 795.975737627886
-297.458377760454 782.626316169193
-320.703463995430 772.730982412256
-351.424879084842 758.363497480886
-366.300751344170 750.961110944789
-371.854505295154 748.081589280352
-383.548052023708 741.711852562630
-401.292331353821 731.861528708893
-437.567328052214 709.543679298120
-447.299631952119 703.218139244777
-454.602003584197 698.417156889337
-482.554870206961 678.340945827971
-490.999274173362 672.063333694903
-509.180908303779 657.601098054921
-516.491573224027 651.696092100004
-546.778324288520 625.155682407237
-550.990337594595 621.278249186583
-567.039621148469 605.858202849980
-601.341449626265 568.341122690257
-618.349711778357 549.711625794380
-625.938371401359 540.422648874625
-635.449115912005 528.414822244200
-650.962626168957 506.901227038385
-666.774832742792 484.602271281510
-676.650361784447 469.178082771450
-692.683612420704 442.013808516329
-708.084808446396 413.996808374690
-721.915552612930 385.299720984485
-732.730231743137 360.658097957501
-736.151619002726 352.405848898458
-749.105836583627 317.375164555941
-754.236917930071 301.914499065030
-756.294942525697 295.379765167279
-761.345920412753 277.195497181264
-764.228412785943 266.437670285272
-769.504341580591 246.019630904440
-773.016803587318 228.961926731909
-776.283189962027 211.635273185757
-779.014599077742 197.083794528067
-780.834218257975 185.298808617718
-781.541741337805 179.744887060794
-785.164663117210 144.870250593980
-787.466276869303 104.270700908852
-788.180827229894 89.387850916361
-788.081171492822 73.022538779141
-787.992429420850 69.487142933803
-787.060748384669 41.836751883812
-785.260851830273 16.641527784034
-784.265556077155 6.179592030205
-781.988803939572 -9.758958520091
-775.231487287869 -54.788751702040
-772.259684647871 -69.887685196859
-763.099635856759 -109.358907803082
-755.823387825463 -134.941784688768
-749.459888749097 -155.099049155638
-748.376429043510 -158.219603856552
-740.192534803505 -181.541179514915
-726.656947077127 -215.246100224447
-709.168292295452 -252.010551926212
-696.479305025320 -278.643608508567
-685.761893276729 -298.185405352836
-682.635010470960 -303.812652524868
-656.016889880454 -346.588173197518
-639.879278103494 -370.076515061859
-618.896341746291 -398.712158305608
-602.680678624380 -419.065241595424
-584.121008050237 -440.790050122089
-579.594929933035 -445.798586758165
-569.569590261862 -456.425687627163
-551.080541039878 -475.859117183476
-516.893419056697 -509.237993343108
-491.378272371356 -531.910444638037
-478.949716480758 -542.019379200400
-442.895142139645 -570.171254002850
-440.969155290989 -571.641531543792
-421.101159370041 -585.827239934887
-417.032393528433 -588.724774233348
-404.558434572915 -597.292202108383
-376.582780806181 -615.117843616791
-360.430688307071 -624.820726451428
-347.655876591060 -632.414645603529
-325.457090558670 -644.595698225429
-320.940581970981 -646.969003668511
-306.308454189283 -654.401742905204
-294.535523350729 -660.301320023208
-267.764432970434 -673.020664808649
-261.796735259564 -675.566412169054
-234.137690212969 -687.336007873260
-228.410491908212 -689.690128376771
-175.859678864151 -708.726797930853
-169.046338497748 -711.179650455276
-155.959448824986 -715.297176685610
-133.266395298704 -721.826043737233
-118.037842779644 -726.173454630054
-112.579467442403 -727.649497005494
-104.488162053434 -729.671892865961
-68.632780560627 -737.367345739279
-36.081195578021 -744.216336917522
-34.899923298890 -744.429070579958
-21.072965808483 -746.758393581101
3.023094206909 -749.932271362568
21.537567326919 -752.282185872566
41.096191566046 -754.730153782203
72.028250700929 -756.912066920932
90.425974027356 -758.075799982377
110.610296187434 -758.835621813995
130.329432905460 -758.720944847544
169.641693950083 -758.185051483282
218.971570775718 -754.670906117697
242.934646067257 -752.283711598281
287.066842623641 -746.175047406477
326.982408137715 -739.002271674150
333.120399617117 -737.635303375415
338.875129006668 -736.252735321764
347.951176414150 -733.826392714963
351.352406114637 -732.786028530560
356.085345570416 -730.320184256828
