200 1000
99.9506560366 3.1410759078
99.8026728428 6.2790519529
99.5561964603 9.4108313319
99.2114701314 12.5333233564
98.7688340595 15.6434465040
98.2287250729 18.7381314586
97.5916761939 21.8143241397
96.8583161129 24.8689887165
96.0293685677 27.8991106039
95.1056516295 30.9016994375
94.0880768954 33.8737920245
92.9776485888 36.8124552685
91.7754625684 39.7147890635
90.4827052466 42.5779291565
89.1006524188 45.3990499740
87.6306680044 48.1753674102
86.0742027004 50.9041415750
84.4327925502 53.5826794979
82.7080574275 56.2083377852
80.9016994375 58.7785252292
79.0155012376 61.2907053653
77.0513242776 63.7423989749
75.0111069630 66.1311865324
72.8968627421 68.4547105929
70.7106781187 70.7106781187
68.4547105929 72.8968627421
66.1311865324 75.0111069630
63.7423989749 77.0513242776
61.2907053653 79.0155012376
58.7785252292 80.9016994375
56.2083377852 82.7080574275
53.5826794979 84.4327925502
50.9041415750 86.0742027004
48.1753674102 87.6306680044
45.3990499740 89.1006524188
42.5779291565 90.4827052466
39.7147890635 91.7754625684
36.8124552685 92.9776485888
33.8737920245 94.0880768954
30.9016994375 95.1056516295
27.8991106039 96.0293685677
24.8689887165 96.8583161129
21.8143241397 97.5916761939
18.7381314586 98.2287250729
15.6434465040 98.7688340595
12.5333233564 99.2114701314
9.4108313319 99.5561964603
6.2790519529 99.8026728428
3.1410759078 99.9506560366
0.0000000000 100.0000000000
-3.1410759078 99.9506560366
-6.2790519529 99.8026728428
-9.4108313319 99.5561964603
-12.5333233564 99.2114701314
-15.6434465040 98.7688340595
-18.7381314586 98.2287250729
-21.8143241397 97.5916761939
-24.8689887165 96.8583161129
-27.8991106039 96.0293685677
-30.9016994375 95.1056516295
-33.8737920245 94.0880768954
-36.8124552685 92.9776485888
-39.7147890635 91.7754625684
-42.5779291565 90.4827052466
-45.3990499740 89.1006524188
-48.1753674102 87.6306680044
-50.9041415750 86.0742027004
-53.5826794979 84.4327925502
-56.2083377852 82.7080574275
-58.7785252292 80.9016994375
-61.2907053653 79.0155012376
-63.7423989749 77.0513242776
-66.1311865324 75.0111069630
-68.4547105929 72.8968627421
-70.7106781187 70.7106781187
-72.8968627421 68.4547105929
-75.0111069630 66.1311865324
-77.0513242776 63.7423989749
-79.0155012376 61.2907053653
-80.9016994375 58.7785252292
-82.7080574275 56.2083377852
-84.4327925502 53.5826794979
-86.0742027004 50.9041415750
-87.6306680044 48.1753674102
-89.1006524188 45.3990499740
-90.4827052466 42.5779291565
-91.7754625684 39.7147890635
-92.9776485888 36.8124552685
-94.0880768954 33.8737920245
-95.1056516295 30.9016994375
-96.0293685677 27.8991106039
-96.8583161129 24.8689887165
-97.5916761939 21.8143241397
-98.2287250729 18.7381314586
-98.7688340595 15.6434465040
-99.2114701314 12.5333233564
-99.5561964603 9.4108313319
-99.8026728428 6.2790519529
-99.9506560366 3.1410759078
-100.0000000000 0.0000000000
-99.9506560366 -3.1410759078
-99.8026728428 -6.2790519529
-99.5561964603 -9.4108313319
-99.2114701314 -12.5333233564
-98.7688340595 -15.6434465040
-98.2287250729 -18.7381314586
-97.5916761939 -21.8143241397
-96.8583161129 -24.8689887165
-96.0293685677 -27.8991106039
-95.1056516295 -30.9016994375
-94.0880768954 -33.8737920245
-92.9776485888 -36.8124552685
-91.7754625684 -39.7147890635
-90.4827052466 -42.5779291565
-89.1006524188 -45.3990499740
-87.6306680044 -48.1753674102
-86.0742027004 -50.9041415750
-84.4327925502 -53.5826794979
-82.7080574275 -56.2083377852
-80.9016994375 -58.7785252292
-79.0155012376 -61.2907053653
-77.0513242776 -63.7423989749
-75.0111069630 -66.1311865324
-72.8968627421 -68.4547105929
-70.7106781187 -70.7106781187
-68.4547105929 -72.8968627421
-66.1311865324 -75.0111069630
-63.7423989749 -77.0513242776
-61.2907053653 -79.0155012376
-58.7785252292 -80.9016994375
-56.2083377852 -82.7080574275
-53.5826794979 -84.4327925502
-50.9041415750 -86.0742027004
-48.1753674102 -87.6306680044
-45.3990499740 -89.1006524188
-42.5779291565 -90.4827052466
-39.7147890635 -91.7754625684
-36.8124552685 -92.9776485888
-33.8737920245 -94.0880768954
-30.9016994375 -95.1056516295
-27.8991106039 -96.0293685677
-24.8689887165 -96.8583161129
-21.8143241397 -97.5916761939
-18.7381314586 -98.2287250729
-15.6434465040 -98.7688340595
-12.5333233564 -99.2114701314
-9.4108313319 -99.5561964603
-6.2790519529 -99.8026728428
-3.1410759078 -99.9506560366
0.0000000000 -100.0000000000
3.1410759078 -99.9506560366
6.2790519529 -99.8026728428
9.4108313319 -99.5561964603
12.5333233564 -99.2114701314
15.6434465040 -98.7688340595
18.7381314586 -98.2287250729
21.8143241397 -97.5916761939
24.8689887165 -96.8583161129
27.8991106039 -96.0293685677
30.9016994375 -95.1056516295
33.8737920245 -94.0880768954
36.8124552685 -92.9776485888
39.7147890635 -91.7754625684
42.5779291565 -90.4827052466
45.3990499740 -89.1006524188
48.1753674102 -87.6306680044
50.9041415750 -86.0742027004
53.5826794979 -84.4327925502
56.2083377852 -82.7080574275
58.7785252292 -80.9016994375
61.2907053653 -79.0155012376
63.7423989749 -77.0513242776
66.1311865324 -75.0111069630
68.4547105929 -72.8968627421
70.7106781187 -70.7106781187
72.8968627421 -68.4547105929
75.0111069630 -66.1311865324
77.0513242776 -63.7423989749
79.0155012376 -61.2907053653
80.9016994375 -58.7785252292
82.7080574275 -56.2083377852
84.4327925502 -53.5826794979
86.0742027004 -50.9041415750
87.6306680044 -48.1753674102
89.1006524188 -45.3990499740
90.4827052466 -42.5779291565
91.7754625684 -39.7147890635
92.9776485888 -36.8124552685
94.0880768954 -33.8737920245
95.1056516295 -30.9016994375
96.0293685677 -27.8991106039
96.8583161129 -24.8689887165
97.5916761939 -21.8143241397
98.2287250729 -18.7381314586
98.7688340595 -15.6434465040
99.2114701314 -12.5333233564
99.5561964603 -9.4108313319
99.8026728428 -6.2790519529
99.9506560366 -3.1410759078
100.0000000000 -0.0000000000
