17 300
153.850053258089 126.933498436591
126.387973218734 98.109532269829
91.310384939642 50.633108478689
53.354711089533 -9.083818827889
17.647075741511 -72.976147714234
-10.990007087833 -132.414865124630
-28.688940678844 -179.372442911499
-33.059385976878 -207.506999993803
-23.511090126964 -213.018808538615
-1.333603392565 -195.163468259973
30.477881753142 -156.352441802362
67.627047967704 -101.827373348206
105.096694503209 -38.952175526072
137.826337968557 23.781507794662
161.395658652539 77.901145062192
172.621489194668 116.097579376275
169.987718975755 133.212170629045
