60 200
20.914685884719 66.809329831166
11.933131705325 69.007766185110
-4.533812457853 70.646052484883
-11.118021502172 70.992245062045
-14.449322286141 71.071366851249
-26.843611972998 68.830281691170
-28.077433694260 68.522143544363
-34.844385702614 66.716899249699
-40.946865103880 64.174306565100
-44.970343378589 62.442911614348
-50.244715119033 59.061824556231
-51.884803587730 57.876707304503
-60.373127202495 51.402401184881
-67.605421863746 43.459003961164
-70.947955291268 38.412152658020
-73.469201712048 33.556292560990
-75.837548308351 28.035121565484
-78.689357207003 16.497979531962
-79.568545185960 11.085279732968
-79.562667300025 5.732349097431
-79.139885557979 -0.798034295277
-75.879027100575 -15.252664059663
-73.392206621802 -20.933259034607
-69.135253724478 -29.398163858086
-65.807415597403 -34.511765639965
-58.695808429123 -42.997648225084
-57.293904790114 -44.387254230587
-53.639232137390 -47.723071184490
-49.762372455126 -50.948802048496
-41.088050897766 -57.013648380181
-37.069638617614 -59.383252978582
-27.995844874888 -64.035571919699
-17.576755679451 -67.709289610623
-13.718718373363 -68.855734780929
-5.127800092002 -70.391013767060
-4.558836407993 -70.467616966959
1.503270108878 -70.945337028176
25.689163629044 -69.491969209790
30.906392620570 -68.084350443144
33.488221471485 -67.341252469666
45.661976803935 -61.866528022858
53.815824872201 -56.830349737521
59.597807689599 -52.287586405232
64.040715987528 -47.763421916200
65.398791045717 -46.078465131503
70.292713742492 -39.450953730792
77.106956138102 -24.133937623218
78.099137091703 -20.950134544140
79.278005097577 -13.893474779009
79.365816953233 -4.921927241587
79.269279328098 0.448456522195
77.512874892322 9.827450852863
75.817499872782 15.465415807215
72.932149304204 22.316461967032
68.602717975824 29.858447271077
62.913138510338 37.795638821910
60.046112652334 41.558411114934
51.617979151385 49.664713683709
41.891748389766 56.746800582301
37.113096903870 59.418575891336
