180 270
-120.139086941977 186.792458842373
-125.840186688941 184.059148325810
-127.489342146884 183.226641745559
-132.799070081789 180.414060144498
-138.211581712742 177.331413637229
-153.194681437099 167.557026353087
-155.354918183263 165.983776243396
-165.484948407106 157.984427532936
-167.118392636755 156.591617178376
-169.156149803757 154.810910460199
-172.654270633111 151.637566119188
-173.168416929851 151.158281646403
-176.789122704631 147.684990151983
-180.202336466086 144.245177201211
-183.984525411393 140.230691243429
-188.390469838236 135.259746496290
-190.554507563254 132.691623285004
-190.833318403873 132.354305803110
-195.533025734177 126.431066703123
-205.437579812007 112.214155730663
-208.943174424592 106.475108237643
-213.443548927614 98.399565217500
-216.179377028372 93.016486385890
-218.308201868969 88.525930725305
-220.437497112759 83.720760055117
-221.222191899720 81.859244001782
-221.300177382702 81.671328875111
-224.831748780483 72.521165050626
-226.057283445877 68.994909759591
-227.612644786369 64.180929989973
-228.355452780636 61.722606572515
-229.189420978977 58.816473754536
-232.201893570653 46.519376211608
-232.680768429411 44.188598677548
-233.562841504666 39.466786547037
-234.341873903223 34.654207375029
-234.792131764964 31.464678101536
-235.288334402308 27.417434365996
-235.378978538084 26.594690603033
-236.405910873348 12.342753095378
-236.499174732518 8.991094628290
-236.449113016498 -0.822819739444
-236.411562782786 -1.976903576181
-230.716222222614 -42.795971812670
-230.251843510034 -44.640717892155
-219.533305518350 -75.594999517822
-217.680062489971 -79.673161744237
-217.455602155405 -80.151120802387
-212.563171095529 -89.842106254329
-209.151545728635 -95.911813112972
-208.682997330882 -96.708236429962
-201.860871916230 -107.448179653967
-201.166938509952 -108.460779358119
-200.050448003645 -110.062523256930
-196.667702036017 -114.721431417764
-182.408484691921 -131.722480841310
-177.280933782178 -136.991464834789
-176.362409456838 -137.895408800364
-171.776966844732 -142.239569749469
-167.797674230404 -145.795342970773
-163.802996760063 -149.179318997164
-163.606575845184 -149.341133798492
-162.408349853555 -150.319227965853
-160.859590040036 -151.560833870972
-160.368486014668 -151.949301961913
-156.390714021133 -155.005537463702
-153.916044494026 -156.828506847656
-144.942263851319 -162.968234643992
-133.398098366198 -169.875728926751
-125.238524112052 -174.150059972421
-119.899226131374 -176.694564312457
-117.693269300012 -177.689979188339
-112.208943396173 -180.027672658081
-109.501142366104 -181.111502448874
-103.904604199174 -183.208468309034
-99.011432790228 -184.887908822932
-96.894474827432 -185.570999828504
-70.461773252102 -191.997730568822
-67.472485550348 -192.488961469904
-51.128862536439 -194.362943854663
-42.934305318803 -194.793622281204
-37.417403531523 -194.894025810448
-33.953892365372 -194.879282629851
-22.337553915570 -194.391269800449
4.270937185289 -190.688497458671
7.066198716688 -190.085013972885
9.666707749636 -189.485845060254
20.731308497445 -186.521500764349
35.799218014577 -181.356357997083
37.536675445412 -180.672974799217
47.332378192923 -176.461201563732
48.007225686862 -176.147948978983
70.160843452202 -164.057367748700
82.204708853483 -155.832032266028
94.713071758658 -145.804649549853
98.131461613264 -142.762182222629
111.697580299586 -129.158853783724
115.261060682895 -125.116405908274
120.441955756521 -118.821839723647
122.226014288617 -116.527870557054
125.232905929808 -112.499166457349
130.063299509689 -105.550183840918
134.042734545108 -99.311339866509
138.756692167282 -91.187908122356
139.102407755400 -90.555858907457
143.591000983151 -81.809258450139
154.087597264296 -55.412750426283
161.968783852829 -19.298281081571
162.476478745737 -14.736695604960
162.703875777653 -12.305524462575
162.745231702233 -11.825568488269
162.847490530338 -10.575387673485
163.008398475122 -8.373847909232
163.430911041934 1.518787660604
163.435236690807 1.768769065868
163.462085640172 5.724680710735
163.327027634979 12.478987099187
163.306537955949 13.014774375808
163.260845617136 14.095160908369
163.116781466912 16.867835274401
162.789202178431 21.507831976091
162.518491155762 24.518742097434
160.156122017613 41.323297445339
159.212381676259 46.118650859301
158.876044102168 47.692311631881
157.158752669428 54.923452496806
154.050620179611 65.737175439365
153.598165664759 67.141422293697
152.271411591749 71.069194266634
148.877104761450 80.081551440757
147.219053091713 84.058015371060
145.568380201016 87.794109461399
144.294988001622 90.542960032053
140.907328575485 97.372814868063
138.719564261988 101.463538744747
136.861522831385 104.768318401095
135.434268363109 107.211330677198
131.893177051252 112.952503234777
131.295747073282 113.879885242722
129.391149851041 116.763631518976
109.564837455541 141.684661848893
109.367202481744 141.895768002269
109.149769814772 142.127316233278
95.772948877200 155.084335895186
95.107685892306 155.668605339392
89.447587013085 160.435604428197
88.098979515999 161.519779435640
85.604283994948 163.475493928990
80.997406392953 166.923919850794
79.264282793237 168.168668066364
74.606083928349 171.378585376776
61.705660622191 179.311926916141
61.348446094318 179.512891944356
54.316176529986 183.277292187970
51.763432929322 184.556097015901
49.120672848361 185.832482803355
44.836144740415 187.801653118401
37.684595615682 190.821999685186
35.184342312517 191.801802738493
32.852980614372 192.680786723855
29.608829030037 193.849197020235
22.088565303920 196.318702981289
17.850583041649 197.567009517110
14.222882948759 198.555423419813
13.683626543006 198.696116491024
12.295784753075 199.050843031197
3.562582313815 201.042872052883
-7.403693364481 202.970792565830
-11.118185361511 203.482175951488
-20.667940010739 204.473478379323
-35.155894994995 205.099267841550
-38.212649587482 205.097016155501
-56.513260337246 204.103903224176
-58.016468516701 203.947266757914
-78.248987125455 200.705943318248
-78.570857905131 200.637027525122
-82.646617037352 199.716211377000
-107.496693226263 192.092578710894
-107.600023695027 192.053333461001
-108.517814810938 191.701879952110
