180 270
-48.837888270638 21.572249339752
-54.628369118460 19.046054053851
-56.317079917975 18.305205705767
-61.797444176569 15.888025159302
-67.454493435685 13.372024920387
-83.520825342570 6.107719534900
-85.890936159619 5.020792777508
-97.208748782341 -0.226208701163
-99.067422690901 -1.097113457650
-101.400285465142 -2.193997026118
-105.443141083453 -4.105073724621
-106.041566243703 -4.389065947835
-110.287894250540 -6.412656200534
-114.345087068249 -8.360231200581
-118.907278485043 -10.567283704884
-124.318252770751 -13.209358153454
-127.017368310614 -14.537591007829
-127.367227851903 -14.710273372385
-133.342256431993 -17.678318899201
-146.502203295199 -24.351784767853
-151.391537810809 -26.884409354450
-157.900105227402 -30.306537564119
-162.011889167669 -32.501230838317
-165.310209159215 -34.281814752945
-168.711944164295 -36.138468878428
-169.995259188511 -36.844574621744
-170.123752494393 -36.915452261859
-176.152259188985 -40.279680077675
-178.359192019792 -41.531824785488
-181.270973504555 -43.202687404395
-182.713726632341 -44.039087435495
-184.381380659933 -45.013390916312
-190.994503883252 -48.967006683457
-192.168856278788 -49.686213213493
-194.472306773551 -51.114388218550
-196.716995000954 -52.530727669301
-198.147945977775 -53.447780112802
-199.899182202421 -54.586841151686
-200.246400761558 -54.815046803500
-205.794590631157 -58.590258380060
-206.972074646210 -59.429545601783
-210.142353163923 -61.781239165351
-210.487978240109 -62.047423413341
-218.962339305182 -70.032246016681
-219.167582471240 -70.325334211899
-220.098594212703 -74.285104056724
-219.842481697216 -74.662371447422
-219.806230413787 -74.704209662747
-218.778110743873 -75.440754665856
-217.835883758142 -75.788334470760
-217.694305133486 -75.827098513870
-215.352603596741 -76.184936169350
-215.088266928195 -76.202067854276
-214.653977203244 -76.223005846332
-213.274626042365 -76.239617441952
-206.596692004675 -75.673203210969
-203.918825267426 -75.265742211419
-203.426056080265 -75.183119970009
-200.910893379722 -74.729997183476
-198.658098985454 -74.285102773104
-196.335843849857 -73.793716622247
-196.220158269662 -73.768450292272
-195.511487116344 -73.612140628337
-194.588090985063 -73.404644407263
-194.293571332268 -73.337584234632
-191.878524324863 -72.772649904570
-190.350398033954 -72.402275071285
-184.654867280069 -70.945592940073
-177.003525402505 -68.832577834736
-171.396387532271 -67.192364918306
-167.644645642347 -66.058160417546
-166.076305840393 -65.576079526957
-162.132314379569 -64.344486867973
-160.161989074013 -63.719426822724
-156.042821891784 -62.393006426359
-152.390930736594 -61.196133674860
-150.796753464995 -60.667829403312
-130.203194897264 -53.564010180813
-127.797128209168 -52.703792580906
-114.376416129307 -47.804761806282
-107.480751663737 -45.225626420197
-102.776254977006 -43.443512636759
-99.797306219408 -42.305934158158
-89.662556350960 -38.384761993857
-65.601450622396 -28.779149970036
-63.003563662322 -27.718307160249
-60.574323601770 -26.722271209926
-50.102552496690 -22.384213153296
-35.472550677706 -16.204344084380
-33.756840756837 -15.470567229469
-23.966241504385 -11.246968098508
-23.284184088343 -10.950422453650
-0.302152012831 -0.779455317269
12.733065839329 5.148703362244
26.757173642242 11.663779213689
30.688712486945 13.517169986386
46.791950788543 21.241446709746
51.175492154132 23.383636948270
57.685296991566 26.598833449387
59.968360532867 27.736500706615
63.869458440362 29.693136602553
70.292555865313 32.951481924497
75.752420865565 35.759851327629
82.460072085324 39.263466294291
82.963883726444 39.529172958358
89.682051812758 43.109369034014
107.338223221673 52.915601934832
125.930388601538 64.210430195536
127.859898738009 65.477364014211
128.851177617207 66.138456655883
129.043836931234 66.267810141469
129.540980252063 66.602958673025
130.399979082803 67.186871741248
134.001832606990 69.712290646481
134.087395824948 69.774027135336
135.405693521748 70.737374327022
137.501210411616 72.322959034200
137.659043080261 72.445535085892
137.973546588377 72.691270386770
138.757666068564 73.313143690112
139.995598537893 74.325513010719
140.748969206841 74.963405640212
144.222538247158 78.244837303552
144.982239228579 79.092950874862
145.208672881380 79.362549699791
146.101648752990 80.545139924349
146.973314698139 82.136814101160
147.044569168295 82.327514621997
147.191312708970 82.840875771956
147.227438161173 83.904183687988
147.105638718232 84.320820862361
146.911473678395 84.681873063565
146.718037316293 84.928233732003
146.045277158171 85.467083168405
145.506023707873 85.737852889188
144.992570291860 85.926932983608
144.566874788535 86.049117768701
143.405906702454 86.275033004767
143.196535721211 86.303198871423
142.505250262743 86.375440887747
133.640000347720 85.897332449416
133.539411201599 85.883562551916
133.428514884635 85.868243151020
126.184201735985 84.614923568388
125.804240731682 84.538086973941
122.504714730582 83.835131100737
121.701643714258 83.655180773371
120.199784408763 83.310280261744
117.372934372256 82.633999547886
116.292253671038 82.366897270237
113.343241637568 81.616261158994
104.863161759636 79.306716451084
104.622221040644 79.238250061298
99.816139907374 77.844093003965
98.042801240660 77.316849001382
96.191373264036 76.759548139787
93.156988080920 75.831868474784
88.004863777854 74.219117785471
86.178699597352 73.636911389496
84.464552733092 73.085675882580
82.061355811190 72.305413392269
76.412259863589 70.439021245832
73.181818826875 69.352638106426
70.390333978017 68.403361474007
69.973339449351 68.260747485549
68.897742268707 67.891936122801
62.050759023586 65.513189670432
53.265242503583 62.387822276274
50.243040257468 61.295021443234
42.367225200600 58.407445881666
30.131295019582 53.814809612913
27.505718620472 52.813425334846
11.465795810149 46.581812323090
10.123703159139 46.051836532108
-8.311259326879 38.645189020399
-8.610214556991 38.523172971311
-12.411567366212 36.966498366112
-36.246485902073 26.990527124490
-36.348065568970 26.947224890190
-37.251246715987 26.561916941732
