200 1000
989.5114947621 31.0966514873
988.0464611440 62.1626143340
985.6063449570 93.1672301853
982.1935543013 124.0799012287
977.8114571892 154.8701203898
972.4643782214 185.5075014399
966.1575943194 215.9618089826
958.8973295173 246.2029882932
950.6907488202 276.2011949788
941.5459511322 305.9268244312
931.4719612647 335.3505410428
920.4787210294 364.4433071578
908.5770794271 393.1764117284
895.7787819414 421.5214986494
882.0964589465 449.4505947422
867.5436132434 476.9361373607
852.1346067339 503.9510015929
835.8846462470 530.4685270292
818.8097685318 556.4625440736
800.9268244312 581.9073997695
782.2534622519 606.7779831164
762.8081103480 631.0497498512
742.6099589342 654.6987466704
721.6789411472 677.7016348694
700.0357133747 700.0357133747
677.7016348694 721.6789411472
654.6987466704 742.6099589342
631.0497498512 762.8081103480
606.7779831164 782.2534622519
581.9073997695 800.9268244312
556.4625440736 818.8097685318
530.4685270292 835.8846462470
503.9510015929 852.1346067339
476.9361373607 867.5436132434
449.4505947422 882.0964589465
421.5214986494 895.7787819414
393.1764117284 908.5770794271
364.4433071578 920.4787210294
335.3505410428 931.4719612647
305.9268244312 941.5459511322
276.2011949788 950.6907488202
246.2029882932 958.8973295173
215.9618089826 966.1575943194
185.5075014399 972.4643782214
154.8701203898 977.8114571892
124.0799012287 982.1935543013
93.1672301853 985.6063449570
62.1626143340 988.0464611440
31.0966514873 989.5114947621
0.0000000000 990.0000000000
-31.0966514873 989.5114947621
-62.1626143340 988.0464611440
-93.1672301853 985.6063449570
-124.0799012287 982.1935543013
-154.8701203898 977.8114571892
-185.5075014399 972.4643782214
-215.9618089826 966.1575943194
-246.2029882932 958.8973295173
-276.2011949788 950.6907488202
-305.9268244312 941.5459511322
-335.3505410428 931.4719612647
-364.4433071578 920.4787210294
-393.1764117284 908.5770794271
-421.5214986494 895.7787819414
-449.4505947422 882.0964589465
-476.9361373607 867.5436132434
-503.9510015929 852.1346067339
-530.4685270292 835.8846462470
-556.4625440736 818.8097685318
-581.9073997695 800.9268244312
-606.7779831164 782.2534622519
-631.0497498512 762.8081103480
-654.6987466704 742.6099589342
-677.7016348694 721.6789411472
-700.0357133747 700.0357133747
-721.6789411472 677.7016348694
-742.6099589342 654.6987466704
-762.8081103480 631.0497498512
-782.2534622519 606.7779831164
-800.9268244312 581.9073997695
-818.8097685318 556.4625440736
-835.8846462470 530.4685270292
-852.1346067339 503.9510015929
-867.5436132434 476.9361373607
-882.0964589465 449.4505947422
-895.7787819414 421.5214986494
-908.5770794271 393.1764117284
-920.4787210294 364.4433071578
-931.4719612647 335.3505410428
-941.5459511322 305.9268244312
-950.6907488202 276.2011949788
-958.8973295173 246.2029882932
-966.1575943194 215.9618089826
-972.4643782214 185.5075014399
-977.8114571892 154.8701203898
-982.1935543013 124.0799012287
-985.6063449570 93.1672301853
-988.0464611440 62.1626143340
-989.5114947621 31.0966514873
-990.0000000000 0.0000000000
-989.5114947621 -31.0966514873
-988.0464611440 -62.1626143340
-985.6063449570 -93.1672301853
-982.1935543013 -124.0799012287
-977.8114571892 -154.8701203898
-972.4643782214 -185.5075014399
-966.1575943194 -215.9618089826
-958.8973295173 -246.2029882932
-950.6907488202 -276.2011949788
-941.5459511322 -305.9268244312
-931.4719612647 -335.3505410428
-920.4787210294 -364.4433071578
-908.5770794271 -393.1764117284
-895.7787819414 -421.5214986494
-882.0964589465 -449.4505947422
-867.5436132434 -476.9361373607
-852.1346067339 -503.9510015929
-835.8846462470 -530.4685270292
-818.8097685318 -556.4625440736
-800.9268244312 -581.9073997695
-782.2534622519 -606.7779831164
-762.8081103480 -631.0497498512
-742.6099589342 -654.6987466704
-721.6789411472 -677.7016348694
-700.0357133747 -700.0357133747
-677.7016348694 -721.6789411472
-654.6987466704 -742.6099589342
-631.0497498512 -762.8081103480
-606.7779831164 -782.2534622519
-581.9073997695 -800.9268244312
-556.4625440736 -818.8097685318
-530.4685270292 -835.8846462470
-503.9510015929 -852.1346067339
-476.9361373607 -867.5436132434
-449.4505947422 -882.0964589465
-421.5214986494 -895.7787819414
-393.1764117284 -908.5770794271
-364.4433071578 -920.4787210294
-335.3505410428 -931.4719612647
-305.9268244312 -941.5459511322
-276.2011949788 -950.6907488202
-246.2029882932 -958.8973295173
-215.9618089826 -966.1575943194
-185.5075014399 -972.4643782214
-154.8701203898 -977.8114571892
-124.0799012287 -982.1935543013
-93.1672301853 -985.6063449570
-62.1626143340 -988.0464611440
-31.0966514873 -989.5114947621
0.0000000000 -990.0000000000
31.0966514873 -989.5114947621
62.1626143340 -988.0464611440
93.1672301853 -985.6063449570
124.0799012287 -982.1935543013
154.8701203898 -977.8114571892
185.5075014399 -972.4643782214
215.9618089826 -966.1575943194
246.2029882932 -958.8973295173
276.2011949788 -950.6907488202
305.9268244312 -941.5459511322
335.3505410428 -931.4719612647
364.4433071578 -920.4787210294
393.1764117284 -908.5770794271
421.5214986494 -895.7787819414
449.4505947422 -882.0964589465
476.9361373607 -867.5436132434
503.9510015929 -852.1346067339
530.4685270292 -835.8846462470
556.4625440736 -818.8097685318
581.9073997695 -800.9268244312
606.7779831164 -782.2534622519
631.0497498512 -762.8081103480
654.6987466704 -742.6099589342
677.7016348694 -721.6789411472
700.0357133747 -700.0357133747
721.6789411472 -677.7016348694
742.6099589342 -654.6987466704
762.8081103480 -631.0497498512
782.2534622519 -606.7779831164
800.9268244312 -581.9073997695
818.8097685318 -556.4625440736
835.8846462470 -530.4685270292
852.1346067339 -503.9510015929
867.5436132434 -476.9361373607
882.0964589465 -449.4505947422
895.7787819414 -421.5214986494
908.5770794271 -393.1764117284
920.4787210294 -364.4433071578
931.4719612647 -335.3505410428
941.5459511322 -305.9268244312
950.6907488202 -276.2011949788
958.8973295173 -246.2029882932
966.1575943194 -215.9618089826
972.4643782214 -185.5075014399
977.8114571892 -154.8701203898
982.1935543013 -124.0799012287
985.6063449570 -93.1672301853
988.0464611440 -62.1626143340
989.5114947621 -31.0966514873
990.0000000000 -0.0000000000
