17 300
236.933498436591 -83.850053258089
208.109532269829 -56.387973218734
160.633108478689 -21.310384939642
100.916181172111 16.645288910467
37.023852285766 52.352924258489
-22.414865124630 80.990007087833
-69.372442911499 98.688940678844
-97.506999993803 103.059385976878
-103.018808538615 93.511090126964
-85.163468259973 71.333603392565
-46.352441802362 39.522118246858
8.172626651794 2.372952032296
71.047824473928 -35.096694503209
133.781507794662 -67.826337968557
187.901145062192 -91.395658652539
226.097579376275 -102.621489194668
243.212170629045 -99.987718975755
