125 600
254.709775775454 53.104134189463
-458.520553458542 115.602451184691
-461.698482424860 114.819650248739
-462.156846596235 114.486980867293
-462.890786760957 104.563287952946
-463.238664880779 98.151271518373
-463.328977399437 95.960136215352
-463.455295171686 78.565242447276
-463.272900247870 70.650746114601
-463.154842366739 68.215346065417
-462.525537295440 56.441416094474
-462.026344304452 50.701808008009
-461.737523798134 47.496860395718
-461.092147978900 41.578583579255
-460.312224355055 34.931640479144
-459.394496138858 28.673948438443
-458.892179359658 25.435151506708
-457.738376191795 18.279719878749
-457.116600376875 14.874164069451
-455.349113631414 6.149071122736
-454.841592206898 3.958467832070
-450.604831426572 -13.379354840759
-446.683964515518 -27.052345157359
-442.920946383936 -38.376926900430
-440.248627295257 -45.965663056203
-433.926607808501 -61.774452697959
-432.760442317387 -64.613169277576
-432.085288202506 -66.102379983534
-425.970735165859 -79.545896665003
-423.029076265612 -85.355163866652
-416.142052867946 -98.511959518456
-409.099412532641 -110.512502699409
-402.797278556630 -120.545310255615
-394.201934612567 -133.303482058192
-389.805194832247 -139.606985830572
-389.200239417583 -140.428348849821
-381.782016360133 -150.156266576931
-380.419890663677 -151.904410100909
-370.035560270326 -164.400898096753
-362.824979006132 -172.503197029649
-357.779684132866 -177.900390105068
-352.778942746011 -182.962902264013
-349.930917533609 -185.792899462827
-338.050667922282 -197.269903000493
-332.458319923003 -202.319106241582
-329.437721474101 -204.915837295126
-324.947669300454 -208.749775880766
-315.844075902722 -216.087488064883
-306.655547396993 -223.116619728326
-303.435728383177 -225.539076306670
-297.360583693333 -229.736531992285
-291.196216881090 -233.857257342876
-272.879506687491 -245.720020873847
-251.494856382048 -257.665627382637
-248.538614802035 -259.121281460253
-231.242185106552 -267.450624708476
-225.412955387748 -270.038367284932
-224.307209844318 -270.504503114522
-212.912876803018 -275.221898148007
-191.765144423915 -282.878214548502
-179.175896645146 -286.865501542073
-175.797809288996 -287.842841014781
-165.362115548556 -290.565199511415
-152.094511297090 -293.708349086683
-136.530873762010 -296.869951276675
-127.305850380063 -298.550329839600
-125.246050027022 -298.902210094640
-117.747402783889 -299.978880996592
-110.480040124910 -300.956123109745
-105.722788835302 -301.529231457657
-76.650194205263 -303.697410293458
-68.284362314005 -303.967350903811
-63.196343633163 -304.016715146669
-59.320752753769 -304.027185354296
-54.302399157934 -303.985684257278
-50.000053002314 -303.889708061473
-36.556366431884 -303.143817948089
-23.868882801623 -302.272807535004
-2.180546311113 -299.715181427882
26.755057259297 -294.614824975490
30.437385201505 -293.787074309662
38.701871362464 -291.820782647560
54.296600062151 -287.630183904649
69.130282177594 -282.960462437248
79.553215386910 -279.224357266680
87.239758814662 -276.424614248138
90.274680450884 -275.160361669153
97.903676265549 -271.958530961128
108.189397565314 -267.635966929595
115.885942969893 -264.008649878628
127.394323900573 -258.462657607671
129.025158103242 -257.581790514042
141.401662774550 -250.819899074557
145.592652915550 -248.402544570870
157.374310805467 -241.268376738887
174.712351419492 -229.632321910110
177.485559288436 -227.666542648620
181.818080041485 -224.510914991023
183.364439825695 -223.327793761322
191.892096402778 -216.718002986385
204.808091100815 -205.925651165320
210.975188036786 -200.577431281117
212.961454868170 -198.764103535251
233.015560684078 -179.030096472057
238.537666860192 -172.993545437140
245.760799714497 -164.800394612615
248.620150389093 -161.458935239516
261.161693861315 -145.637025260407
270.916004078081 -131.994663702933
277.151640458243 -122.572291958815
281.489968966182 -115.394582695366
292.811117199844 -95.731447003381
297.849070228602 -85.820499663370
306.388575080831 -67.250942197755
315.094422948904 -44.802105748886
321.495458402144 -24.842840471282
322.817429176650 -20.047707029420
325.925682549565 -8.173825319874
330.697657691915 14.769292313926
331.725989999362 20.982834063687
332.586707427179 26.948132908346
334.184555656992 39.978076043024
334.735974031638 45.223026000495
332.210300053013 45.651522714426
327.992055848698 46.222598156554
