100 700
499 31
496 63
491 94
484 124
476 155
465 184
452 213
438 241
422 268
405 294
385 319
364 342
342 364
319 385
294 405
268 422
241 438
213 452
184 465
155 476
124 484
94 491
63 496
31 499
0 500
-31 499
-63 496
-94 491
-124 484
-155 476
-184 465
-213 452
-241 438
-268 422
-294 405
-319 385
-342 364
-364 342
-385 319
-405 294
-422 268
-438 241
-452 213
-465 184
-476 155
-484 124
-491 94
-496 63
-499 31
-500 0
-499 -31
-496 -63
-491 -94
-484 -124
-476 -155
-465 -184
-452 -213
-438 -241
-422 -268
-405 -294
-385 -319
-364 -342
-342 -364
-319 -385
-294 -405
-268 -422
-241 -438
-213 -452
-184 -465
-155 -476
-124 -484
-94 -491
-63 -496
-31 -499
0 -500
31 -499
63 -496
94 -491
124 -484
155 -476
184 -465
213 -452
241 -438
268 -422
294 -405
319 -385
342 -364
364 -342
385 -319
405 -294
422 -268
438 -241
452 -213
465 -184
476 -155
484 -124
491 -94
496 -63
499 -31
500 -0
