148 999
655.792256768430 -732.857041238465
666.730339596468 -722.752618683717
685.626630928217 474.756904332565
685.423297638345 476.281520200933
662.287622185270 501.614397177925
646.918847027881 517.543207864713
641.585141651028 522.897300809235
617.283801678883 545.609352384770
597.699906525197 563.649227065675
576.984729113461 581.307333232632
570.477731637000 586.578850090828
538.608489901694 611.516336225148
522.629300737596 623.095941210219
513.640387340251 629.464193504999
496.798716170714 640.893847856770
477.666449350535 653.398082861634
459.280733725549 664.641682935450
449.679649072349 670.323832413405
428.295777712044 682.575924475781
425.211812198254 684.241223518653
391.135523125866 701.919548487093
384.281949667649 705.190022324866
355.693908791512 718.147236966377
329.327167979955 729.576011899604
284.754731486355 746.394049871295
246.892983718997 758.449911280772
221.210765816616 765.738302833280
166.478966139994 778.210344252909
156.585357549191 780.185178191242
151.307594752796 781.086201279465
103.587181233812 788.344906876437
82.548344788570 790.479129983500
62.798450315743 791.943665457860
41.368529225173 793.043712478864
12.470614750175 793.892384575692
-10.046242340084 794.077748970972
-56.735322538941 791.681514958862
-114.393848687480 785.491343175469
-120.472634908336 784.716744023559
-123.644543028322 784.209768539775
-140.862476308262 781.049162582842
-161.398427299272 777.146316057903
-168.189926001546 775.709439097985
-217.253462002568 763.102283440838
-249.325081387038 752.954354689520
-270.814994196226 745.234417655296
-291.159904280574 737.074095938514
-312.673920050925 727.332972302816
-339.697042211463 714.650616788600
-368.853990309249 700.100506021978
-397.188452985960 683.252159533527
-424.783237331588 665.601140132585
-440.344548989160 654.581311781127
-453.368130148242 645.180312733569
-463.142924345476 637.834338300614
-480.420552660033 623.630644890755
-497.342838336807 608.883385816778
-530.872743911062 577.131357766377
-543.710356177931 564.327853737829
-579.484552529718 523.682864268536
-590.057393687156 510.751992793769
-599.129076468849 498.893054950531
-620.585998473613 468.181621606192
-632.115826985656 450.951210877370
-642.243737748348 434.440630531410
-644.079771998286 431.289251401907
-662.310811481182 398.496834360561
-673.756942658819 374.688256468420
-682.731892647200 355.042453955690
-691.228946198868 336.206619970000
-693.550470274755 330.303885688811
-705.684995790184 298.367248253665
-709.170172049333 288.128883146557
-718.779651754771 256.295253780739
-738.805501215968 166.983997736374
-743.289181643035 138.064982033776
-744.557762187965 128.000054761186
-746.648766843730 107.967564058154
-748.558052115125 85.005911236168
-749.472616155743 69.944164941776
-749.514782869894 65.409572898862
-749.609393052320 12.997640639113
-748.915827102132 -22.455048664793
-746.960687313585 -49.101951513434
-745.299885975289 -65.308068911068
-743.863084153083 -77.650517017719
-741.738550569337 -93.626767493667
-739.656456811322 -107.316153496514
-722.204141615202 -190.200402527131
-705.040637168553 -247.192883956784
-697.996316692967 -267.512897380504
-686.212879179732 -298.404230599968
-679.074357277506 -316.379435118748
-666.142237367038 -348.154799496038
-648.389081287400 -384.623563352285
-627.953804840863 -422.036210116848
-622.672340723091 -431.600574839655
-595.283591396929 -475.515753954690
-579.226969113616 -498.703822433161
-574.199192192855 -505.855774603265
-558.133165015646 -527.946740295541
-551.322658760875 -536.583643465917
-509.875394038627 -586.689117790424
-490.562850055367 -607.672364663761
-460.769758217985 -638.426361217174
-456.258128761415 -642.706078077592
-453.917307195411 -644.861893116791
-421.351426859496 -674.632848334558
-419.043485907406 -676.621205790865
-409.029057101106 -685.192816226166
-373.049818929162 -714.145965097320
-349.349706382822 -731.170941311979
-332.969387376324 -742.757228755740
-315.949638227510 -754.529897160432
-306.412766910994 -760.727782284483
-291.223663567917 -770.247041108454
-285.635062164736 -773.582927468612
-277.811140346217 -778.038297193455
-225.469582897651 -806.386201199709
-213.209345803828 -812.586123664494
-188.665591115360 -824.392565569018
-171.618529484671 -832.047195812905
-156.174376126946 -838.135216724113
-142.685405166903 -843.236082124462
-73.509507427335 -867.241238974577
-58.388515296416 -871.918640808801
-23.615015699945 -880.899579840711
-9.553799899111 -884.153827501580
29.629590161026 -891.308011092495
55.417392424757 -895.813884129196
88.928933270338 -899.450457796505
99.735555738792 -900.516974202015
146.175716735872 -903.515932369695
173.233679704285 -903.624294893496
246.056905121454 -900.396005251464
281.346596334408 -896.251078625519
309.164242512838 -891.502698382849
324.443095048807 -888.670256693722
345.328258763223 -884.664981315543
383.482539572535 -874.525816243039
418.662495481426 -864.215804240556
480.237399989914 -840.646505129655
494.455114685818 -834.213893076740
502.971447360839 -829.820932019695
545.171061419559 -807.541712792420
553.485244411799 -802.937897169746
592.092048207488 -780.159626626350
623.573876809999 -758.091007635461
