50
19 0 0
0 0 0 1 2 20
0 0 0 0 0 0
0 0 0 0 0 0
-900 -900 -900
0 0 0 1 2 20
0 0 0 1 2 20
0 0 0 1 2 20
-107 105 0
0 0 0 0 0 0
1 1 2 1 2 7
0 0 0 0 0 0
1 5 0
1 0 0 0 0 0
0 1 1 1 2 10
0 0 5 0 0 5
29 0 29
0 0 0 0 0 30
0 0 0 0 0 30
0 0 0 0 0 30
-17 14 0
1 2 0 0 0 2
1 2 0 2 2 1
1 2 0 0 1 0
-15 15 0
0 0 0 0 0 30
0 0 0 0 0 30
0 0 0 0 0 30
10 131 377
1 2 4 8 3 10
1 0 3 3 0 1
1 4 0 4 5 21
146 -57 230
1 2 4 8 3 10
1 0 1 1 2 1
1 4 3 4 5 21
146 -159 230
1 2 4 0 3 27
1 0 0 2 2 11
1 4 3 0 9 21
130 146 -159
1 2 4 0 3 27
1 2 0 2 2 11
1 2 3 0 9 21
0 0 999
0 0 0 0 0 0
0 0 0 0 0 0
9 1 1 2 1 4
147 -158 230
1 2 4 0 3 27
1 0 1 0 2 11
1 4 3 0 9 21
990 0 -9
9 1 1 2 1 4
0 0 0 0 0 0
0 0 0 0 0 0
147 -158 229
1 2 4 0 3 27
1 0 1 0 2 11
1 4 3 0 9 21
142 -138 228
1 2 4 0 3 26
1 0 1 0 2 11
1 4 3 0 9 21
145 -148 227
1 2 4 0 3 27
1 0 1 0 2 11
1 4 3 0 9 21
141 -128 226
1 2 4 0 3 26
1 0 1 0 2 11
1 4 3 0 9 21
140 -138 225
1 2 4 0 3 27
1 0 1 0 2 11
1 4 3 0 9 21
149 -118 224
1 2 4 0 3 26
1 0 1 0 2 11
1 4 3 0 9 21
145 -118 223
1 2 4 0 3 27
1 0 1 0 2 11
1 4 3 0 9 21
146 -158 222
1 2 4 0 3 26
1 0 1 0 2 11
1 4 3 0 9 21
142 -178 221
1 2 4 0 3 27
1 0 1 0 2 11
1 4 3 0 9 21
142 -128 220
1 2 4 0 3 26
1 0 1 0 2 11
1 4 3 0 9 21
148 -148 219
1 2 4 0 3 27
1 0 1 0 2 11
1 4 3 0 9 21
147 -158 218
1 2 4 0 3 26
1 0 1 0 2 11
1 4 3 0 9 21
141 -168 217
1 2 4 0 3 27
1 0 1 0 2 11
1 4 3 0 9 21
146 -108 216
1 2 4 0 3 26
1 0 1 1 0 11
1 4 3 0 9 21
149 -118 215
1 2 4 0 3 27
1 0 1 1 0 11
1 4 3 2 5 21
140 -138 214
1 2 4 0 3 27
1 0 1 1 0 11
1 4 3 2 5 21
147 -148 213
1 2 4 0 3 26
1 0 1 1 0 11
1 4 3 2 5 21
144 -128 212
1 2 4 0 3 27
1 0 1 1 0 11
1 4 3 2 5 21
144 -128 211
1 2 4 0 3 26
1 0 1 0 2 11
1 4 3 0 9 21
148 -148 210
1 2 4 1 1 27
1 0 1 1 0 11
1 4 3 2 5 21
149 -168 209
1 2 4 0 2 26
1 0 1 1 1 11
1 4 3 0 9 21
143 -118 208
1 2 4 1 1 27
1 0 1 0 2 11
1 4 3 0 9 21
144 -138 207
1 2 4 1 1 26
1 0 1 1 0 11
1 4 3 2 5 21
142 -158 206
1 2 4 0 3 27
1 0 1 1 0 11
1 4 3 0 9 21
145 -155 205
1 2 4 0 3 26
1 0 1 0 2 11
1 4 3 2 5 21
148 -158 204
1 2 4 0 3 27
1 0 1 0 2 11
1 4 3 2 5 21
140 -158 203
1 2 4 0 3 26
1 0 1 1 0 11
1 4 3 2 5 21
141 -158 202
1 2 4 0 3 27
1 0 1 0 2 11
1 4 3 0 9 21
143 -158 201
1 2 4 0 3 27
1 0 1 0 2 11
1 4 3 0 9 21
147 -158 200
1 2 4 0 3 27
1 0 1 0 2 11
1 4 3 0 9 21
145 -158 199
1 2 4 0 3 27
1 0 1 0 2 11
1 4 3 0 9 21
148 -158 198
1 2 4 0 3 27
1 0 1 0 2 11
1 4 3 0 9 21
144 -158 197
1 2 4 0 3 27
1 0 1 0 2 11
1 4 3 0 9 21
140 -50 190
0 0 12 6 0 0
0 0 12 6 0 0
0 0 12 6 0 0
142 -158 195
1 2 4 0 3 27
1 0 1 0 2 11
1 4 3 0 9 21
146 -158 194
1 2 4 0 3 27
1 0 1 0 2 11
1 4 3 0 9 21
