818 1225
1 69
1 331
1 632
2 70
2 132
2 134
3 244
3 248
3 520
4 83
4 168
4 601
5 101
5 112
5 322
6 202
6 330
6 715
7 276
7 277
7 452
8 52
8 121
8 572
9 189
9 234
9 772
10 41
10 136
10 786
11 120
11 160
11 172
12 287
12 483
12 757
13 460
13 621
13 793
14 112
14 252
14 350
15 319
15 333
15 613
16 435
16 618
16 700
17 290
17 351
17 782
18 58
18 99
18 463
19 31
19 97
19 593
20 120
20 140
20 426
21 126
21 476
21 810
22 86
22 248
22 802
23 242
23 382
23 436
24 475
24 728
24 799
25 674
25 701
25 723
26 555
26 590
26 597
27 508
27 696
27 790
28 441
28 716
28 754
29 442
29 698
29 761
30 143
30 175
30 400
31 588
31 704
32 328
32 445
32 451
33 439
33 723
33 752
34 62
34 143
34 786
35 76
35 419
35 569
36 77
36 280
36 782
37 436
37 695
37 797
38 218
38 265
38 623
39 339
39 350
39 530
40 103
40 301
40 811
41 133
41 532
42 402
42 490
42 702
43 261
43 280
43 386
44 408
44 521
44 801
45 110
45 390
45 553
46 124
46 533
46 653
47 235
47 428
47 759
48 109
48 565
48 738
49 406
49 514
49 813
50 226
50 340
50 777
51 66
51 209
51 367
52 57
52 588
53 216
53 341
53 433
54 243
54 517
54 547
55 482
55 815
55 816
56 182
56 378
56 778
57 362
57 474
58 161
58 566
59 96
59 519
59 600
60 455
60 487
60 569
61 217
61 631
61 633
62 126
62 507
63 92
63 434
63 526
64 74
64 558
64 627
65 382
65 628
65 668
66 424
66 672
67 314
67 473
67 767
68 322
68 481
68 730
69 145
69 255
70 99
70 203
71 247
71 650
71 765
72 85
72 397
72 687
73 195
73 305
73 571
74 125
74 395
75 246
75 339
75 497
76 152
76 444
77 330
77 582
78 91
78 212
78 231
79 106
79 434
79 791
80 264
80 291
80 583
81 246
81 396
81 755
82 164
82 510
82 605
83 457
83 529
84 87
84 322
84 349
85 283
85 786
86 188
86 563
87 360
87 788
88 230
88 316
88 461
89 170
89 389
89 708
90 156
90 214
90 516
91 146
91 163
92 108
92 261
93 266
93 638
93 816
94 467
94 548
94 576
95 646
95 805
95 812
96 105
96 118
97 213
97 228
98 119
98 663
98 669
99 659
100 262
100 450
100 564
101 491
101 549
102 104
102 285
102 763
103 279
103 732
104 117
104 239
105 703
105 784
106 459
106 816
107 203
107 724
107 727
108 550
108 657
109 460
109 650
110 557
110 606
111 266
111 780
111 817
112 361
113 193
113 406
113 523
114 160
114 650
114 684
115 162
115 426
115 437
116 149
116 498
116 622
117 258
117 593
118 164
118 214
119 133
119 586
120 333
121 180
121 644
122 364
122 704
122 736
123 275
123 654
123 687
124 407
124 588
125 274
125 383
126 789
127 412
127 590
127 774
128 174
128 377
128 532
129 343
129 558
129 657
130 296
130 308
130 358
131 491
131 599
131 618
132 343
132 629
133 476
134 317
134 683
135 277
135 511
135 549
136 159
136 705
137 471
137 498
137 778
138 462
138 487
138 594
139 266
139 547
139 637
140 250
140 419
141 232
141 239
141 346
142 430
142 554
142 653
143 504
144 149
144 478
144 536
145 197
145 781
146 232
146 334
147 151
147 200
147 793
148 163
148 292
148 438
149 673
150 412
150 503
150 806
151 158
151 191
152 310
152 671
153 251
153 398
153 679
154 268
154 495
154 808
155 318
155 407
155 528
156 229
156 512
157 368
157 393
157 754
158 306
158 447
159 622
159 805
160 479
161 321
161 366
162 416
162 635
163 324
164 803
165 440
165 475
165 706
166 179
166 642
166 747
167 352
167 395
167 538
168 403
168 448
169 250
169 351
169 488
170 189
170 725
171 446
171 493
171 810
172 375
172 787
173 458
173 743
173 799
174 352
174 503
175 428
175 578
176 185
176 372
176 616
177 319
177 678
177 721
178 353
178 628
178 737
179 706
179 813
180 496
180 609
181 245
181 479
181 574
182 232
182 298
183 269
183 270
183 712
184 307
184 347
184 611
185 387
185 637
186 192
186 548
186 575
187 542
187 549
187 707
188 371
188 396
189 227
190 235
190 286
190 437
191 297
191 469
192 689
192 722
193 693
193 787
194 414
194 593
194 695
195 451
195 484
196 288
196 313
196 370
197 295
197 608
198 302
198 385
198 638
199 379
199 426
199 562
200 440
200 728
201 221
201 735
201 776
202 281
202 625
203 404
204 430
204 459
204 720
205 214
205 376
205 740
206 378
206 381
206 680
207 253
207 371
207 751
208 391
208 694
208 712
209 454
209 575
210 331
210 509
210 777
211 422
211 805
211 818
212 432
212 750
213 409
213 794
215 332
215 653
215 740
216 321
216 518
217 545
217 559
218 712
218 757
219 499
219 774
219 796
220 284
220 292
220 414
221 518
221 751
222 366
222 748
222 788
223 228
223 417
223 522
224 259
224 332
224 619
225 383
225 688
225 746
226 262
226 349
227 415
227 614
228 236
229 465
229 564
230 364
230 744
231 612
231 768
233 299
233 643
233 683
234 329
234 468
235 621
236 319
236 783
237 294
237 762
237 767
238 281
238 299
238 356
239 750
240 341
240 571
240 798
241 457
241 481
241 741
242 277
242 341
243 301
243 462
244 284
244 449
245 394
245 397
246 595
247 348
247 785
248 668
249 355
249 630
249 796
250 709
251 560
251 696
252 686
252 692
253 311
253 336
254 285
254 329
254 535
255 259
255 656
256 335
256 521
256 791
257 302
257 535
257 716
258 291
258 374
259 700
260 496
260 504
260 595
261 303
262 735
263 367
263 449
263 672
264 772
264 779
265 350
265 541
267 298
267 667
267 676
268 323
268 368
269 638
269 679
270 580
270 660
271 561
271 631
271 691
272 548
272 642
272 669
273 487
273 674
273 731
274 749
274 799
275 480
275 502
276 470
276 658
278 557
278 758
278 811
279 370
279 706
280 424
281 484
282 340
282 507
282 579
283 325
283 787
284 746
285 684
286 468
286 598
287 610
287 771
288 581
288 770
289 467
289 587
289 596
290 376
290 590
291 563
292 776
293 525
293 625
293 693
294 365
294 627
295 374
295 506
296 471
296 478
297 338
297 645
298 541
299 737
300 344
300 539
300 645
301 541
302 675
303 380
303 767
304 329
304 466
304 710
305 330
305 544
306 333
306 469
307 472
307 556
308 634
308 751
309 567
309 651
309 666
310 620
310 707
311 362
311 389
312 431
312 540
312 654
313 516
313 809
314 502
314 763
315 640
315 656
315 732
316 448
316 795
317 539
317 711
318 784
318 814
320 608
320 710
320 754
321 634
323 610
323 615
324 401
324 573
325 497
325 804
326 437
326 655
326 714
327 494
327 677
327 789
328 493
328 789
331 631
332 795
334 377
334 484
335 407
335 596
336 472
336 807
337 509
337 690
337 713
338 399
338 550
339 765
340 441
342 540
342 617
342 678
343 399
344 389
344 802
345 363
345 559
345 731
346 621
346 756
347 358
347 447
348 527
348 694
349 543
351 415
352 815
353 517
353 524
354 355
354 464
354 718
355 530
356 393
356 622
357 374
357 429
357 808
358 665
359 373
359 606
359 783
360 465
360 565
361 381
361 554
362 560
363 511
363 775
364 448
365 734
365 738
366 722
367 545
368 665
369 401
369 722
369 726
370 461
371 648
372 445
372 534
373 742
373 809
375 400
375 688
376 609
377 493
378 392
379 646
379 666
380 707
380 715
381 803
382 772
383 804
384 645
384 681
384 773
385 563
385 629
386 423
386 559
387 624
387 814
388 450
388 623
388 683
390 612
390 747
391 427
391 664
392 604
392 688
393 495
394 584
394 801
395 596
396 684
397 513
398 409
398 617
399 552
400 808
401 718
402 486
402 570
403 538
403 568
404 757
404 814
405 433
405 648
405 670
406 566
408 528
408 734
409 459
410 510
410 537
410 699
411 420
411 422
411 555
412 457
413 485
413 529
413 655
414 589
415 519
416 561
416 668
417 490
417 664
418 584
418 591
418 806
419 494
420 428
420 455
421 500
421 761
421 778
422 453
423 770
424 512
425 533
425 659
425 667
427 442
427 686
429 574
429 746
430 473
431 524
431 718
433 744
434 507
435 561
435 691
436 810
438 609
438 817
439 604
439 613
440 651
441 736
442 745
443 607
443 692
443 752
444 524
444 662
445 471
446 449
446 677
447 495
450 554
451 516
452 649
452 657
453 527
453 612
454 505
454 513
455 623
456 532
456 670
458 477
458 556
460 490
461 601
462 512
463 514
463 737
464 735
464 762
465 569
466 508
466 768
467 675
468 499
469 494
470 480
470 685
472 717
473 536
474 749
474 750
475 619
476 727
477 586
477 602
478 705
479 579
480 526
481 733
482 682
482 721
483 570
483 690
485 630
485 721
486 634
486 806
488 489
488 794
489 546
489 782
491 785
492 651
492 703
492 763
496 576
497 701
498 681
499 501
500 511
500 744
501 592
501 632
502 562
503 635
504 639
505 637
505 783
506 540
506 696
508 584
509 678
510 577
513 552
514 547
515 700
515 701
515 811
517 682
518 771
519 531
520 577
520 729
521 726
522 719
522 798
523 639
523 703
525 616
525 723
526 636
527 743
528 747
529 585
530 785
531 556
531 663
533 633
534 537
534 745
535 608
536 729
537 713
538 682
539 756
542 582
542 603
543 655
543 768
544 614
544 791
545 711
546 660
546 725
550 801
551 620
551 661
551 790
552 615
553 595
553 717
555 663
557 724
558 626
560 566
562 568
564 611
565 773
567 587
567 745
568 702
570 572
571 725
572 652
573 615
573 714
574 671
575 794
576 781
577 611
578 586
578 686
579 733
580 792
580 798
581 792
581 812
582 762
583 601
583 685
585 713
585 727
587 764
589 649
589 674
591 719
591 730
592 620
592 741
594 714
594 800
597 617
597 702
598 599
598 643
599 641
600 627
600 773
602 691
602 818
603 632
603 697
604 633
605 720
605 792
606 667
607 711
607 777
610 636
613 666
614 790
616 753
618 639
619 743
624 742
624 775
625 698
626 709
626 748
628 726
629 769
630 809
635 812
636 807
640 693
640 715
641 732
641 759
642 756
643 690
644 728
644 742
646 752
647 677
647 774
647 775
648 695
649 694
652 673
652 697
654 800
656 795
658 708
658 766
659 719
660 771
661 669
661 675
662 665
662 733
664 710
670 749
671 681
672 764
673 807
676 766
676 780
679 739
680 685
680 738
687 761
689 758
689 769
692 699
697 793
698 796
699 817
704 764
705 753
708 776
709 781
716 769
717 800
720 779
724 739
729 755
730 736
731 740
734 748
739 766
741 803
753 755
758 760
759 815
760 813
760 818
765 779
770 797
780 788
784 797
802 804
