90 133
1 2
1 3
1 26
2 16
2 83
3 36
3 57
4 17
4 23
4 74
5 44
5 60
5 80
6 10
6 45
6 64
7 27
7 64
7 70
8 27
8 67
8 77
9 10
9 75
9 81
10 85
11 34
11 59
11 63
12 24
12 27
12 50
13 29
13 39
13 86
14 22
14 76
14 84
15 54
15 59
15 66
16 20
16 35
17 58
17 64
18 54
18 61
19 23
19 76
19 89
20 37
20 80
21 26
21 35
21 78
22 76
22 85
23 85
24 42
24 48
25 36
25 73
25 82
26 67
28 30
28 48
28 86
29 39
29 74
30 45
30 84
31 33
31 79
32 43
32 50
32 60
33 52
33 88
34 44
34 90
35 53
36 81
37 62
37 78
38 53
38 73
39 87
40 56
40 61
40 80
41 60
41 66
41 84
42 68
42 81
43 58
43 69
44 77
45 52
46 50
46 61
46 88
47 72
47 75
47 89
48 58
49 54
49 65
49 90
51 70
51 83
51 87
52 66
53 57
55 65
55 73
55 78
56 68
56 88
57 72
59 86
62 63
62 70
63 87
65 82
68 72
69 74
69 77
71 75
71 83
71 89
79 82
79 90
