6710 99997 13773
99169
4520
78765
59980
49854
82034
99475
46085
13276
94511
6618
99028
81551
66927
87306
16791
35793
53193
12519
98883
41104
13991
19046
55086
78505
98331
53600
79219
96142
54458
7106
49701
96053
29155
48041
71661
16097
39644
12913
22750
93427
40163
63835
16520
11085
61969
56499
62773
77140
28260
23358
30630
88388
47960
92978
13473
14923
50325
41974
12114
99587
29450
21137
29173
53761
8203
55192
88371
4670
98382
35119
74534
1503
16924
28859
3554
20899
74624
18892
68109
88435
51795
13919
46650
12047
69698
54143
59456
25524
98518
30492
63111
6332
98320
75975
52132
10722
75339
97578
1955
43361
48828
50448
82177
18249
86226
19603
34398
12287
65360
68100
42350
51771
45097
30561
80236
85685
66634
51382
81044
64035
12044
85787
25675
54466
6029
59214
2838
32613
44329
26181
24240
22558
10271
70986
23921
74658
11978
48255
7142
60679
71015
49125
4806
55607
22990
8150
3297
83217
58144
40538
20954
7281
23122
39851
77078
35236
78816
8217
54100
92844
43927
85194
68182
31578
4587
72751
24126
22886
33682
80265
64090
94720
19136
46243
525
54323
44259
9660
723
99300
83261
73952
46308
74574
87237
8913
10239
83076
61507
64062
60606
62155
58241
58861
88917
85771
79277
14139
91882
47840
23659
89963
29656
39507
74279
42546
52885
69682
46090
80113
84973
56299
29124
30465
37031
24458
97359
51555
99130
85141
41968
74437
58173
20706
34449
28477
51552
91659
12406
95684
44370
3736
31522
30924
27751
492
45594
93812
10774
74978
16592
98811
83299
96883
98111
86996
83213
82828
90290
9675
8728
90507
54567
95908
91941
95965
49122
73123
95164
82286
28429
38566
49256
75870
34767
86166
85655
64865
58482
63187
49779
71436
63059
59714
36650
8415
74633
70833
45449
19738
5313
52466
58686
39588
43297
42204
98805
99113
58371
11529
19318
28481
60515
34726
44794
50659
14661
28624
61737
82384
5399
11945
83358
88723
8966
23173
55303
64489
1487
86322
82222
19757
27168
60537
67663
42899
32566
4381
59137
92979
70025
91927
41695
29309
60203
2747
58846
53372
65608
95698
80854
94654
781
32370
16619
82060
23796
82061
49797
36083
24767
1287
70330
40306
6779
75551
92926
7881
68230
8966
58348
98205
34398
80425
78378
49750
30618
80253
8082
46145
29082
43841
1864
30878
48214
30250
21233
3694
65034
69499
46900
7604
80238
93845
61853
87602
10216
72282
29200
22458
40250
51355
69415
60787
52636
24472
72899
27593
17158
45974
73536
17623
81499
86014
4212
24910
68558
69053
26722
60450
23884
97683
44750
14089
48250
64881
65354
44371
11043
24973
71287
97779
346
35222
48104
46111
70972
98528
7536
26663
55091
98589
50515
37469
19480
11285
26314
58700
26005
1511
52816
85552
85301
72119
97184
15881
87325
91110
6779
57959
27433
75293
754
20086
68329
81172
15110
67711
76442
3532
66587
5630
15315
68072
92977
84931
71443
63558
66002
54886
55408
25660
37149
88792
37820
34187
11882
10697
39931
92196
52089
49140
13318
50779
39499
83318
6763
68766
3507
55317
13384
84375
85360
96042
34652
50118
48555
6132
41042
74228
59619
70918
69656
98995
12774
75584
24664
25210
77594
69603
12951
81165
25777
35435
74622
45640
53067
3680
85404
53233
55974
8438
49200
44767
42700
64993
64067
35548
54054
64222
60919
98187
91579
38972
85285
68844
91732
73992
50925
13479
17405
51790
23265
10779
24374
2112
74819
33137
68513
4454
98450
12183
88662
85465
72758
90933
43947
18878
74241
54638
32407
5255
39334
19385
69013
77485
77857
41898
84122
96884
37537
68374
43462
13263
72583
18152
99248
97627
15673
41310
54779
10955
94659
25097
84860
50580
43799
61289
42771
18495
88863
14784
19236
31269
40402
24482
94551
72521
72117
61876
7381
6170
31397
83913
94077
52632
46648
90669
78040
85143
39192
85583
87068
23405
68170
40704
78572
81236
68398
23282
19839
22682
42748
66126
49577
30429
19243
29068
34470
54054
96926
6184
8163
21875
48380
24997
97979
30473
4745
11933
36851
14795
96509
31160
63181
81788
74723
68688
9757
34653
33898
59743
80686
81050
21382
10489
27992
53803
52470
18779
20465
46658
43077
37767
37588
35212
28754
52500
79373
11233
87550
12614
42510
2801
27674
48517
73720
67249
10345
27760
33757
8730
57979
79093
95245
96011
48045
22763
3836
98694
21750
35752
8613
23759
81544
18299
49374
36409
2922
5863
24653
40660
53690
17603
87309
1871
9580
2044
5945
60284
56943
95808
85855
97372
67199
78071
72306
14305
1740
37973
23048
90966
8496
10575
50301
35652
42016
7178
90653
44415
94828
50088
77451
79714
2197
90764
37458
58862
18811
25085
4880
81597
92320
26721
11785
67019
72317
80870
61443
91962
38612
6504
82107
19311
66855
41619
52788
19643
3460
30396
17655
81881
39496
64096
40347
41966
2625
7834
65998
78957
7656
8772
30413
264
44650
18279
19285
555
58404
20825
32399
76219
73910
24463
29614
8702
78241
13945
71830
75869
77449
63880
37550
52055
9443
6465
75288
88614
70230
45135
38772
40384
27209
46466
15
87650
35441
20373
90734
44352
57060
20761
37816
41403
13737
18280
45889
10111
27285
39006
35865
31271
83851
88587
23159
19893
75612
66370
14645
28511
87861
7571
80352
20012
42397
90197
47373
12861
68270
34311
61123
40209
60480
7945
75951
63591
72064
80999
93975
6858
55031
16691
53517
6482
45861
65486
88633
49219
68251
85773
74732
28255
23014
2082
81979
12070
94661
60203
5946
47733
80662
37937
28662
49355
81774
4290
25631
42343
9245
86149
46598
36025
53466
24503
24429
78908
90390
37827
20605
64848
53112
56178
42308
38303
34633
4563
59727
70462
25463
15813
82752
79884
92838
9032
53992
57496
7272
29674
89012
85662
70497
48561
68840
86357
22287
2742
3590
40260
76045
22174
10029
37303
8073
54036
87619
35219
25953
61877
91439
71082
28930
23016
20967
12419
44665
91736
79417
53050
7802
72968
3709
70702
36243
85391
64420
74757
29548
17812
50064
82140
21212
2988
27739
842
50671
39299
99142
70723
79989
22787
46588
73246
20145
31962
22177
20421
92781
64777
36126
35607
14015
94018
69046
27609
4750
6500
63884
48015
24264
3364
63400
93456
16173
57087
24756
53986
91352
67456
81305
45945
60992
51440
9860
84826
38459
76271
4125
71341
60763
92979
72156
37626
30024
12661
95189
70127
41246
21476
28031
18257
59861
40626
54366
7047
88946
59212
36722
71297
69579
64008
60678
57374
46896
13481
44058
77588
65497
91054
85255
59257
79230
16578
31360
7950
69719
33707
46377
87806
37178
59429
25906
60053
78452
13731
83452
49612
1263
40514
61741
49383
64544
20699
32289
97433
8371
73149
48318
59254
95724
28510
75327
90406
23562
47384
355
23491
81808
6730
14941
99449
67947
84508
21443
63251
77931
71175
93321
46903
37250
65098
45578
63496
98375
16706
23834
25081
14110
63702
33256
9194
40333
93157
37063
71415
42800
91774
14921
46877
5144
13119
73673
16483
11688
25922
95410
92776
12817
61741
88344
86263
56323
49374
56107
72524
74085
13204
41424
65177
2443
98318
18553
84758
11119
82409
47815
77775
19720
19750
77418
33124
30470
69895
61843
59280
37900
15503
89793
38442
49032
2328
81939
43177
93850
75146
98592
80769
29864
79567
10209
98939
24160
71840
99487
63812
52804
4989
80983
46653
2934
16767
8362
99618
64644
54869
78648
21047
37870
30029
12014
50732
54669
12821
3477
38630
3491
81634
33760
47218
73638
78338
80880
84098
69074
9213
12446
99244
28382
85904
93174
88274
81350
98742
16418
37598
27010
65114
39232
40409
94821
67253
89235
11743
80295
51720
24422
40789
9803
28600
52443
27900
29718
86863
94231
14934
41028
36768
64039
81709
87740
59631
97732
49987
38438
95590
14561
71675
13068
94074
6473
16767
54893
68487
38059
88264
41076
31092
14385
50146
49880
14350
38339
20721
36855
20705
82795
21349
16
62878
87667
93913
4131
47307
87049
18322
21914
66556
39279
69709
28907
29394
68367
78629
38348
40163
22028
80986
68313
57374
71847
31677
67305
16497
97951
86039
10753
25426
70980
4865
14640
3987
52000
34281
17906
10599
32200
35646
37222
13302
56882
11211
48781
59996
24659
96027
81418
55213
9203
82969
96571
61925
54012
44878
69956
41121
3788
90101
80255
61578
4113
74679
90966
9204
52055
11261
50630
82333
19660
74199
70539
62600
54893
72978
650
18143
58901
19459
3444
12137
22793
62933
80129
94202
91186
64726
12250
71404
2717
81691
6373
65188
22205
89047
65887
99099
11799
693
99928
98033
83947
80679
22670
48804
49249
2464
41489
99612
66675
54800
41267
28514
2593
40928
19126
32852
55743
46953
94075
82592
46204
9363
55309
80523
50361
56287
17074
26501
44545
33000
77874
82034
41153
995
25971
15074
98681
34115
17213
36573
73726
86674
83317
67337
83320
26361
49774
1010
58947
66512
28448
52745
5366
40008
87660
70671
85859
51814
23173
67339
87848
99583
18861
7369
82919
89192
64472
62490
46756
50008
96140
58917
83965
23315
92065
77374
54048
74465
2654
58091
63607
33879
17243
72647
68600
54714
60663
46434
92044
36329
34967
19484
13472
58087
58214
85312
76034
57606
61946
42000
89626
42857
56604
12130
94116
68344
8277
98099
64177
53751
97471
10324
93013
13783
38684
45491
15482
32341
46024
23230
9975
55471
92376
11360
30498
655
21841
33557
15819
34883
59538
10748
45558
69904
74664
45504
97858
6757
34969
14868
327
32754
3392
62117
56283
20111
80908
68919
80201
60895
58413
57605
37443
28128
20049
64036
62290
48058
47529
55224
48609
80929
24059
53246
54980
98643
21791
76145
51700
38214
84567
2807
13984
73680
5474
64423
63678
69504
67340
41560
88981
19413
76686
46621
5740
40371
51380
40383
16366
45390
96558
91202
45505
13803
35401
75274
74638
8569
91883
58205
3735
17671
45380
30392
66155
64080
8931
8240
44224
885
85752
52375
45924
97502
56915
91272
15375
13989
42624
43038
34743
96620
95357
22401
16549
51843
86717
77161
93414
51122
17401
25285
80472
24254
75348
23879
39166
56466
78600
18423
92510
66832
94018
30449
15854
68867
79642
45147
47532
80446
31715
63864
45372
13021
70400
41265
71407
33171
93400
23493
32333
75844
89610
54436
77991
91877
41864
67758
2674
96611
10612
51721
46748
75130
96259
41178
91236
87561
52388
62741
23849
16131
78470
42585
84545
27248
30006
67474
99532
24472
22964
29081
96800
51902
17591
40133
42721
26146
42904
54969
23731
52829
51670
43748
36152
42079
42854
67062
99853
62397
16348
29845
40177
91363
30638
2273
38956
83634
31522
89446
28691
28703
5649
46395
58757
68319
48124
45887
56633
41879
24931
76530
85919
85448
57936
91010
46974
24067
72114
53546
3732
57042
76064
41812
54199
88290
22509
48815
89507
50118
36883
16820
63306
92179
49463
10553
23123
64955
37653
57176
29105
71697
36020
97661
17758
72017
31000
84216
95186
29133
21832
27108
51280
70439
38210
91363
67423
62855
60415
33385
23680
24296
10438
60604
80231
95194
9426
39650
75657
42440
17427
37673
83109
35968
22230
43743
62979
66839
17882
86448
51338
18815
56782
68392
3394
84478
934
68146
61153
67507
98466
36299
69726
30914
28889
30289
54768
44407
96103
92034
62868
9374
27222
33122
67311
17941
28120
11390
5342
47446
61331
50107
12585
53111
84955
64868
72519
36213
17826
76197
37356
16644
31337
10894
729
11596
30253
11464
58226
58335
1473
74501
35201
41170
89460
28779
25808
81703
93274
21073
16029
42476
67112
72904
6782
94640
62379
19612
14983
26711
82898
51648
93372
34005
63498
3087
91189
15074
57512
74082
61750
35551
2919
26722
89374
47256
26112
62457
43378
12918
79077
97279
86565
82237
38382
71442
8764
16195
89735
70290
34604
64007
26910
74547
39005
43262
92318
66637
56400
34450
4254
96602
5941
5577
63265
46355
72744
31668
54800
88827
63342
68559
63234
68225
40280
20624
42595
37018
70028
20641
41908
888
9064
91431
88753
45849
33270
90407
36164
47249
3912
47441
67012
53838
53189
34467
78444
35946
41991
81049
92216
4698
26790
59590
15630
44462
3254
63468
28319
15058
82763
81912
71946
39347
25020
51855
96015
701
40467
26995
62882
22816
71048
19021
41444
67608
19753
79930
43241
89644
18330
47087
48297
21497
21803
74762
94285
73363
449
25119
80910
71326
58396
26294
55055
18058
65604
67221
84625
72410
70
11331
30876
97809
11143
93658
53347
84484
47613
42721
690
55131
21878
14007
31763
20929
94586
83833
72600
26868
6557
85249
59833
20165
57426
90234
78890
32313
32184
99014
84818
80394
84272
62742
87754
6635
79461
83766
64787
60669
98775
66320
34068
46764
9615
27882
2545
93676
17439
75391
94393
38605
73745
14527
7694
3260
74740
43612
19660
17475
74076
12160
36343
7286
20425
7698
82590
99433
52104
96443
7311
33591
45154
9560
90816
23728
23465
70682
92394
91151
76837
35715
67964
38491
47855
70141
96561
50041
38460
18488
72969
32579
90141
53761
79950
18674
61480
32036
76745
56534
72363
5357
27403
56873
96728
26426
14952
56630
60122
90941
48015
49171
25055
1062
35733
93645
72873
93903
34784
67907
84403
28735
94180
37934
36826
24377
92155
59472
81080
73609
18416
84236
58586
9358
43260
83836
50382
90248
97173
49952
38174
30105
78968
31652
44910
95814
83837
85872
76158
79747
60987
21702
75217
4590
53115
58930
33458
93805
42978
79925
95183
51753
6576
86406
26213
45813
20319
78780
66958
59864
76357
34059
26236
31503
92403
23729
41202
67591
440
9638
72640
67559
47870
666
61440
70734
74693
93304
91594
70479
58487
75752
90759
59996
21736
57570
60042
13423
93240
10227
97115
64820
40924
63354
21129
76429
90893
45150
16051
71426
74240
90332
86941
35927
83852
99971
56347
59927
54993
20327
14442
34816
9553
89197
86479
1244
65001
79502
49691
72238
87527
18112
72086
93300
13128
94692
74077
44097
46906
34697
75884
99548
2697
86473
79719
78375
74370
82806
76324
1120
60212
92920
32097
96417
23015
16498
47385
8917
16892
43729
56532
32719
41405
363
95469
80989
48526
6727
66627
49823
56804
38314
49050
81200
27602
3446
85848
10549
34507
83350
48305
23032
92930
73706
8927
33605
98725
75523
99059
69093
6737
24116
6746
63985
39782
54546
1568
57047
13537
14943
28020
30940
16949
10569
9151
42740
67641
38521
37880
77899
28586
80302
83929
64959
93081
44691
84459
3446
41424
96176
10660
17318
3719
88676
19643
57545
25441
54125
28725
89500
95716
47107
48238
80685
54252
24114
45804
94760
17887
64449
21481
45574
42774
15327
19677
72134
44573
81851
89292
53204
61564
10357
2745
36708
94970
49744
93903
87742
67113
12295
93734
13425
66021
42395
84091
63845
95757
82314
37574
94972
4706
47548
12255
44445
72559
9449
77502
11409
98815
13112
42558
99442
10264
33996
17693
38990
17259
15643
41105
85802
84849
74554
48823
47533
32417
10412
68735
94580
93950
68475
8960
63566
37655
71430
78045
58995
20647
31745
81966
9260
63530
46278
94532
41753
15604
29046
62620
54432
78872
65515
98114
79888
39606
43695
92225
83422
38581
83014
1454
85071
93704
77124
71229
75219
70586
86779
60561
93024
32441
92800
80091
27095
21205
348
70825
88908
13341
16585
97117
27550
71988
42688
18664
16533
58083
48509
15690
50766
81430
95530
24750
30613
34298
80043
33492
8069
36327
38695
58420
39714
63296
79523
69556
42578
21450
48093
16246
81849
3473
18058
56377
26226
73161
3088
92032
33293
90017
35892
57105
85865
33374
18615
1380
1680
23590
69997
63079
77420
80426
98946
31155
57685
50911
56729
50682
68190
74294
47300
69952
56769
16382
2465
14139
11948
46448
98718
73867
39948
52968
63195
96382
82250
11954
18916
15273
25637
55533
35205
57111
60247
71196
45237
94424
66224
69882
26263
16189
85786
99524
67027
66149
47677
19969
96822
65783
10688
246
74155
66967
94782
45620
69899
96836
29692
94510
83200
56147
52319
13373
4722
88193
7704
7214
23081
49744
92870
38568
92742
20612
10999
21023
72277
72715
42527
84047
80916
98134
51264
29830
61064
6025
47025
77280
46295
58674
95818
43825
59103
65834
66344
48198
63901
5282
94165
74691
76435
97088
6747
46935
28120
54535
13544
9367
46461
30678
40326
26079
57660
10906
14316
1635
64396
68610
95254
73964
19645
55002
44161
37079
99176
60636
47085
36890
64170
18593
98170
75936
9442
37906
83902
16126
32800
47972
77228
74645
74558
90336
45215
27853
44281
88220
61310
54534
95329
99203
82945
5790
23439
25840
93111
91440
91841
98360
14504
90307
29200
76174
53699
23989
83380
42297
9282
30770
89164
8936
39757
26445
20698
54412
12445
44850
977
9537
67255
88990
37121
52535
52132
80770
47410
21870
44257
99927
6762
47529
93275
46391
54067
74115
60673
97500
9929
13460
91890
79431
68926
7190
17249
26220
47216
36957
99916
28813
85301
74112
62057
32256
25647
46218
28501
17418
16907
10137
41339
67290
85676
65100
10417
16542
81612
75098
84680
2321
7521
27679
64742
14429
71399
58364
96252
232
92335
52390
21280
38063
88706
33584
64604
68525
63683
53626
96094
71889
33018
56181
33416
27376
26554
77035
64635
17468
12084
42399
27753
11181
12638
93448
53539
87810
6776
65490
97185
69393
54804
12549
12721
86222
68133
64374
52330
48949
89253
95179
52992
56279
24423
97842
93155
96526
67671
21497
54182
11398
94187
55721
57059
58019
62552
50062
72603
91056
67209
1961
30589
19275
44199
32697
84692
87746
80352
63209
80223
13272
32544
94794
16862
35426
8735
50512
75021
50774
2450
85607
10124
20238
58028
85777
77066
63671
59775
52752
1498
43598
52123
64887
12856
58948
34488
89897
34696
7190
5648
29099
72513
25934
94412
58944
37404
39993
46460
16081
50978
49326
35930
19207
37016
7477
84451
84171
71033
19492
10619
98998
14837
9697
34877
53637
22060
30257
36168
12553
99912
84955
73120
84683
36716
26251
55878
9855
53132
47105
61217
18327
38781
32184
92915
85458
72622
24232
64021
75201
86788
78703
84044
8029
20321
22132
95127
68357
4675
34002
55872
2333
26599
15394
1618
37386
67243
30707
85208
51361
28370
98989
41299
20566
67039
28231
79218
30646
27615
52752
84287
60190
6099
92459
73515
28971
61334
97267
40889
35036
80960
64610
13744
46219
89895
84763
14796
23806
27801
87408
19920
1331
11769
72936
25128
39440
13316
74157
35435
68651
28164
1119
87519
72940
46157
44516
88893
63858
61775
4728
25183
57583
40355
71817
57463
84088
29740
22830
5406
40049
24164
89608
43685
40571
89263
65627
97788
38219
78211
27398
3333
53090
60949
33043
47480
15378
2532
41598
405
40307
30773
68509
63305
84550
48116
33702
64319
27856
53827
29844
90465
27990
79582
99209
53842
68481
84564
1218
85238
50936
8266
12294
16808
97613
46075
69545
31679
84689
97838
36124
89764
40514
68865
29268
76012
73705
84297
94027
5685
97452
34415
16115
65216
37365
65217
89103
96977
83796
81233
66668
87815
13258
54751
66933
96946
66758
84200
93638
92617
92944
43765
34674
99287
21308
60006
30153
8965
37173
50919
59194
98939
68808
91854
2140
81668
60350
91953
67084
86457
77899
28042
31546
9457
38368
64987
85658
60493
21514
76586
18793
80928
95702
10369
44028
12504
18015
58028
93237
44453
89094
5695
51966
15091
97641
24155
61455
25391
33524
2560
18115
6435
84963
53350
41861
98699
39167
95001
812
11597
13483
99587
80579
65736
69479
44692
63438
18029
24237
91476
77201
35678
98227
32503
80687
86858
72543
28321
79667
25844
17889
25598
33441
19599
93878
63777
43784
8428
30645
40596
31912
55002
13144
60334
54648
57261
65519
65223
63957
15416
5135
35442
71705
28311
34977
13175
96362
7007
5421
56939
88830
1795
90297
28821
48984
83619
62545
97390
50339
60033
24028
2977
2101
3450
40048
19620
31493
66217
78849
67385
22901
64772
7840
94054
59247
67813
28529
25286
29903
46500
54295
8796
90921
61936
61387
27246
33179
35700
39695
59027
49171
83069
48902
29780
3227
77789
40977
83992
79106
1206
99915
96466
88308
50077
4240
38783
23588
86777
5221
8409
84919
96661
86696
85466
38608
42017
69056
75895
12132
45095
22097
12354
27904
57627
66865
81206
19177
6944
46124
17864
39043
50858
95077
62506
6320
41738
84535
44270
9168
25770
80958
28535
82523
3817
90563
44715
55900
41088
60410
14288
54935
36958
35159
52198
44216
73056
32731
61802
10798
54966
47639
77018
23422
443
80996
94306
70648
98662
81947
76113
18092
49345
32469
87883
68583
90111
42519
81167
78190
39369
89819
92466
76117
79467
42923
14214
94073
67321
72370
83519
99038
70748
61104
11572
13928
81716
69414
73275
76499
78486
8673
92398
48494
5827
64935
85569
2837
48378
26196
47127
2107
51351
26089
93669
21009
74984
17145
38456
96913
93017
46763
13696
19347
37139
35625
21424
68761
93896
79476
53818
16070
4135
48622
98407
88636
10498
51080
84787
40993
8723
47281
47827
73721
82277
10265
81908
8852
8524
63174
80175
52033
71274
8435
30861
55900
45334
45444
7869
42997
74114
30713
58753
21552
9360
39420
91923
59964
94324
3210
60939
42228
36637
8892
12730
45784
97354
54873
69191
42279
69810
78431
42754
84209
19973
33829
93960
58717
58648
11114
31134
86689
53674
43514
17612
19302
6105
85957
22236
21200
60884
61972
54590
7908
25593
10518
75334
95045
77952
2687
60367
52252
99519
72141
54488
51917
21938
74385
44043
30432
66929
9986
53199
21784
39757
65666
18436
68922
15151
88445
86098
1400
20511
80015
75319
26936
8604
6262
77697
44573
14749
52189
34202
30857
18391
49494
38089
85451
32154
26292
46115
90049
61854
78126
61239
73468
76150
35469
19770
55599
39903
96913
93557
85791
98757
61135
54194
32070
30986
19605
50265
87355
75237
99644
12216
39331
16242
99390
58775
45760
26052
63258
69512
20833
37772
44572
56933
44507
34093
87905
94385
51672
92515
1038
64905
59652
41505
4817
35966
95683
36584
16014
87270
96380
97206
62411
53179
8950
33577
87837
65391
70970
19587
52990
43568
52251
32995
22401
92508
85031
32309
19265
38775
66414
10032
29832
65954
49900
23716
20922
44266
29661
88850
33145
25552
66333
78231
56909
42102
52161
14063
30422
20452
7664
23002
21823
41460
59285
78542
85536
16786
99619
21755
94617
59795
43099
89990
87728
81448
65301
45244
1580
32204
77967
39052
4597
94504
26909
26917
10652
15880
66213
52932
67715
32343
92352
48389
21670
78936
64341
89489
51063
54750
53638
7292
64501
27529
9106
73574
51655
24805
69063
58581
36229
49627
40572
25104
22415
61221
70853
97280
75626
67805
30561
74580
92269
13501
93582
90233
77977
47176
15873
84442
57383
59571
27976
73814
27935
69241
98686
61603
35780
25690
90266
49711
54557
42863
98062
25832
17621
95710
25802
73347
13830
50530
20542
23889
53849
38498
48356
84654
26417
71994
28338
85199
85426
95802
63564
27750
88416
35312
40217
83452
18443
1577
4903
12672
22851
30695
98647
41603
42991
91056
39233
77369
62167
74870
286
49505
37303
33643
47458
79717
69445
89986
36952
85309
71332
32291
77068
77538
61755
87269
18179
55278
58739
78299
81837
25483
38624
51220
53739
79627
13777
13966
75349
78157
20479
71748
32734
16664
94722
78443
79199
24671
57658
17030
90144
12191
66638
36201
42001
20546
43458
45960
96311
24545
65206
42738
94232
34205
60748
62097
67046
38457
72869
67490
3444
80828
79583
82618
9126
41100
49150
36843
39838
36548
32578
63195
85195
47124
81345
79582
94370
30526
81954
57709
84337
52832
32503
7489
54897
85932
89345
65651
33852
99239
43372
53338
88818
13690
49763
50583
77150
41134
34305
22083
73485
13567
93593
85242
44279
34439
85018
6121
9846
27374
53163
92407
387
51521
94905
14231
21750
9506
10048
59047
56491
36528
62991
42287
89324
22773
79707
51303
29201
43117
57820
85463
91723
14263
35733
9625
97501
48539
8936
35288
84493
69753
91963
10057
60495
57276
63025
20527
90102
744
95060
48712
44027
47858
51595
18606
79731
16932
13017
65984
68662
46897
28106
12671
99035
94240
76112
70575
87698
35895
45055
73565
34332
86680
54935
29454
1640
79844
19598
71707
97703
40464
82000
47587
31688
537
8276
77513
94979
74808
38278
65300
94097
87194
46451
48882
29025
28564
96057
48831
65204
41520
90801
97426
11138
97351
22819
43219
97890
55668
69762
19111
82270
22888
8213
16184
4857
79031
77171
4231
26058
51901
13221
458
511
52861
44619
78037
59208
91637
13112
41994
17497
7117
68653
51486
6049
6552
13993
16639
17200
19319
63838
62498
71697
54371
79829
89257
99111
63039
68928
84869
981
2486
97723
93811
2462
85376
53386
42290
16219
86499
44160
19219
7836
29604
76450
26038
46211
97007
47001
88430
95621
46253
65553
78239
88129
74759
83563
15747
13751
95843
39630
11651
30174
82222
4987
3764
59774
54800
13470
74314
647
55945
92262
10671
5350
18795
95096
48098
76995
28770
86463
78422
76845
60804
76401
99798
22468
89982
64183
63370
11576
69973
64851
766
8030
98601
67542
39408
30309
49999
58710
90956
16580
85065
99662
22907
48159
47941
80232
86997
12509
71226
2112
17286
65059
96734
41185
87359
91409
14888
54558
3797
44540
18531
20903
13411
89238
71618
77952
32642
68506
98554
54621
63596
85511
88441
89585
62317
49540
4281
61835
86884
11231
28597
62392
62690
38722
63246
96695
88400
25618
9568
97434
34938
83
88524
90482
97313
50020
66099
61303
12925
68668
12745
46069
58276
75457
71424
7790
431
938
52031
10586
87364
87760
63560
82342
49116
99740
65750
22497
35654
46855
31185
93595
45452
60308
3456
16138
95657
69924
79992
91469
43307
65145
98089
80826
25391
11531
92720
34529
92886
43593
16164
40063
45169
5667
51553
13811
87497
4988
54966
51493
6573
98495
95658
80573
60431
70973
42503
35180
67132
88046
51844
42843
44229
96142
63951
13649
3695
18588
31676
6986
1859
99984
5368
49951
8447
76582
97970
70035
22401
77848
45424
77929
53557
54912
22436
7693
96582
74011
59310
94147
3838
24155
53167
87558
74287
57799
43378
15869
82599
83477
7821
68541
97950
73936
37045
50959
77327
17844
523
73209
48773
74817
57827
81536
73428
15635
7248
24010
61584
56813
82390
76854
76049
49414
74017
93773
11525
34518
98120
620
58861
2367
46384
22261
63187
81006
65991
34260
51025
8918
43827
34503
22453
43928
51538
36967
60680
98657
68693
47201
13431
90667
75946
23350
16077
80854
95097
60275
95869
52509
83777
1294
26841
79826
52149
85761
94465
37827
87486
85521
17717
13897
48841
1114
11908
89032
1008
48271
6878
32011
70943
56312
72069
63276
87371
17768
77403
48553
30594
155
43049
60766
74019
34313
5457
96900
67228
43711
11074
17862
61176
1827
1374
71576
54968
34121
41107
19663
89183
92184
1208
70771
11111
88955
18184
61012
8285
55829
21957
4319
38373
63635
76646
92618
46041
76442
85269
48740
84521
98737
28711
51871
23728
37098
75680
64432
59704
4736
23668
76713
161
37899
85615
41351
34576
48324
5981
61855
98358
36344
24534
32144
40855
81843
1104
73356
2664
60492
44112
25657
2298
80992
38029
95773
84562
37188
58746
26016
71207
35158
6832
72390
99897
39412
12971
19606
78617
55903
38303
77402
63727
50415
87494
32192
27415
38413
43370
63645
98522
53942
23731
28566
36921
55
52917
95870
57467
74233
37511
4331
26266
47829
42952
89164
44035
23716
65374
40094
11382
77048
53030
82155
13467
83118
58781
11137
51519
72544
65200
31600
80941
26601
39489
55636
14649
47833
15679
37127
53681
90312
61112
55135
82053
21761
60945
27315
27519
61985
5954
27181
85195
21699
36988
29575
16694
31961
67286
10982
16064
54548
84188
27345
37112
68238
64390
93960
41800
12663
16593
16364
27713
64592
17414
82696
15646
28744
81630
88055
10827
38496
55402
16730
89869
46152
91604
92876
44496
40205
23955
61094
44833
60662
24059
4004
82179
50431
51636
79899
18536
2318
40873
4708
49612
98771
49965
20244
82393
29839
8028
10181
91568
37838
27964
49356
38006
94249
72534
87978
40832
60016
30336
49965
71392
19837
48001
58911
3130
23156
162
55485
93516
76831
32099
95956
91603
85670
91021
95240
5821
69871
65046
87155
62139
8737
76895
65651
66564
70269
72754
56210
89079
17622
40652
95119
33561
95876
90355
95064
26789
56299
57142
89017
70555
82719
70449
90538
92013
63355
70366
45531
18187
11933
71995
94598
22568
74355
20226
13573
2730
79188
76391
52965
65171
75523
52352
62067
55269
6000
30728
23399
62074
85912
76424
72078
18640
59170
89878
27035
37172
76756
97934
77658
6476
42392
16358
80214
192
31257
50633
56793
94080
12906
54350
1404
20416
92316
40420
87966
29699
25615
51062
68374
41445
91132
18880
78388
24993
30506
62667
82668
26211
27139
89759
71415
73402
54000
30356
50029
84075
70831
73630
17355
75137
92595
28043
95316
95273
69269
67454
43368
25352
29075
81218
52595
94158
35418
37463
89722
59909
81253
49861
12922
43188
93127
94908
94782
64119
78196
26304
42
80046
9134
26256
8329
18747
71611
91444
27962
10142
25255
6075
5184
7212
23177
27822
72976
38402
7960
18523
11701
1329
94478
27044
50442
46091
84830
20118
17479
55095
83604
82684
45125
11844
70414
88054
98111
41218
73182
73604
92694
33117
80185
94416
19360
27170
2815
58844
19803
13206
19130
67441
33556
23970
80034
18432
40129
90620
75261
31327
7485
16692
19395
78808
8288
74836
37847
18820
77607
24184
21087
46781
35882
24998
42916
26327
34277
62643
65185
74838
53101
42481
69070
22469
51058
22844
99564
72807
74583
5516
98103
48504
87126
85759
81838
7428
6459
6966
92812
51029
74371
98111
75999
60266
43956
63863
84189
17836
81365
64778
24010
37195
28605
83867
78157
69739
85054
37197
49882
94914
53545
50698
41723
44133
46190
33840
42432
34353
63243
51472
10655
88365
36140
51036
90858
4077
50124
86436
23837
55029
57199
28080
26057
31590
98355
33075
43085
84723
54293
57645
33679
82337
45316
23771
75770
39035
55668
82732
98697
63916
9330
29579
42396
71109
14091
98489
49487
98448
90985
38634
39687
14362
11796
72028
28755
95180
10961
38962
79927
48861
96834
13447
70651
23702
88588
74358
51781
41622
17224
88585
93727
34062
47253
85386
93114
9690
63395
75978
47806
31634
20566
54709
93751
29728
84081
93933
8301
79978
64557
85521
89971
47121
85989
84092
57032
1369
70919
84355
84279
16120
13972
92733
66142
63234
12696
30286
30333
59975
65478
32195
50804
11277
31188
40035
94036
15383
51510
98761
57651
68544
3732
61916
62929
37610
47660
68809
85624
36242
86127
68738
2760
41220
45779
65115
83329
56138
31837
44243
87500
51021
84978
97610
92570
16384
7364
64659
84029
39472
19346
10997
33447
62260
21134
65295
88969
9240
71738
74407
56659
74550
76769
17298
78504
38913
50109
81674
13756
51402
91273
33205
8790
42477
31143
98008
58648
3837
69542
2571
96487
30473
60537
23763
34166
85427
96876
73780
87441
38582
57059
73916
88178
55918
79063
14297
41835
26214
59886
98879
69186
48333
95483
42374
53285
69975
1733
30709
15511
45812
89350
90533
47476
83464
95869
12496
30970
88175
55999
89154
33096
72317
55871
61319
15360
86766
11771
40658
32900
21596
66487
30381
84764
99149
19377
7567
90201
46048
35642
49476
10518
58753
95190
44572
77370
10703
92434
7583
98218
15883
76462
87234
48578
54782
18694
44281
5673
4339
91044
37317
45469
50749
40294
26325
86386
79614
7494
54987
37375
30363
74025
18765
17632
11732
78146
63670
19138
32369
74248
22791
20366
87948
56373
3401
47410
98109
8730
86817
6180
27197
39238
4403
64013
16394
36621
81408
90570
45617
64220
89547
31998
45777
68777
31073
92459
92107
98074
38633
95216
5745
75604
89714
87384
1172
16717
92496
20038
68673
78739
50256
24588
14751
22366
23264
3975
38738
51032
39814
35819
16485
44617
6548
93006
54288
32041
35420
54682
53144
17985
28119
14233
49567
73977
88358
74927
3232
77770
61605
8413
80219
61411
22545
35420
51137
73298
42964
74810
98734
54498
46194
13836
36827
39382
5843
45661
40198
39339
88201
10405
16647
70960
78363
95343
17511
74450
22837
79656
5652
47124
40799
71972
96648
68527
83344
11340
78164
89971
77814
94411
34215
22469
56861
47204
26883
17629
96764
91674
73522
9537
70022
39727
51155
19160
58626
98852
43570
12510
89573
58162
79017
18334
57190
80239
18161
50487
15591
74802
33775
30910
81816
85124
67296
66800
97641
79395
93726
27228
62410
41781
73609
33716
74924
78815
57891
43695
22821
51366
36587
75791
41725
40164
60680
26043
36090
60846
98222
71495
45627
9528
76401
9277
79814
92446
27931
27936
83924
59556
76268
70323
11917
24334
88328
52298
13822
72223
83655
8781
64048
59025
80914
99006
84026
10813
92154
66454
62468
75736
31555
5558
74127
24348
77825
38140
82862
69082
44024
27965
13086
32521
97009
21656
37411
9640
1805
29418
78430
35809
86309
63719
79521
90858
31187
46404
40725
68379
90404
97457
48327
52758
67337
12014
15070
24363
41558
91508
61374
4435
14478
33819
93185
17950
35877
52516
8292
24719
66434
25633
20552
82853
25087
19595
55158
94750
51695
92325
37816
83997
71434
45520
77423
26945
85741
72684
72319
80839
49876
67032
74593
75283
33414
9122
95782
13207
25416
26311
56780
88915
9016
95484
65592
94267
43844
46210
38041
54838
52029
57192
38302
92498
68430
41444
78369
45725
59631
69871
70250
66371
81698
3881
9247
30899
14836
78119
36109
59892
63795
74034
80586
48168
85744
289
48361
19131
36808
65539
27506
99969
94059
68919
14794
30699
20432
47498
57532
12037
33261
81012
81970
65092
25847
40154
15513
31665
72908
47549
16254
84527
57951
17828
2009
84239
65473
73799
25930
89632
69910
3887
55933
50251
49191
16753
73630
59073
53287
59090
90760
41337
574
79684
985
2950
36043
63593
21370
82545
37525
46129
84113
17637
58108
90453
92562
12383
8092
84440
37400
647
40534
1367
84160
16969
8643
95445
70128
41480
98805
85531
68205
20011
58229
37106
36717
98975
95097
88313
18815
57099
90273
41466
79006
33822
80298
60491
33321
38918
74431
66394
2558
61369
96381
60367
71076
86351
11117
10248
28639
15648
40478
90128
47883
31161
49421
35652
72038
23378
8524
51408
82061
25722
21115
10748
7450
56523
1665
61217
17986
7225
13718
6720
97756
67633
89912
25086
8724
82415
86847
84880
99522
37780
57601
28663
44967
7632
69753
99648
92024
98312
67485
20173
90988
34326
45891
31324
22198
70908
14588
25565
64101
84587
64558
17918
31175
48720
80442
95029
57950
9958
30484
39742
87154
93461
24701
94463
94175
18030
97437
31757
91058
94068
53085
92713
55451
71744
46084
22897
19372
53169
68999
16435
40162
93427
67460
31565
71463
62055
28068
23686
12422
48618
72695
68727
13201
64643
66901
15148
1852
545
91047
16487
17861
36204
67905
24388
57920
7243
93425
56011
75898
74088
11649
41856
27302
75492
20441
4587
22812
67201
60111
65751
19294
79470
8312
26073
6305
39137
8963
82773
28605
96814
97634
11950
10709
58195
39812
39604
48154
17365
53825
59012
99484
75743
18393
45099
38502
43541
65983
77838
90314
74233
35354
25726
17246
89804
30978
83997
2740
27346
64021
78748
74147
39415
70268
80621
74595
32599
72922
97028
14164
95696
82841
53228
55693
26079
4349
28143
45662
93693
39062
42052
96799
56578
45315
75362
36768
51033
42054
47912
26046
35783
83825
84860
83608
39361
1884
42400
47976
53473
17273
35073
28839
92843
8999
59060
9008
29390
3274
69411
98170
21221
38191
21592
8597
40887
99724
66533
58737
95132
61055
45003
450
74662
35012
3536
48551
40714
16776
83899
51081
55986
77987
16787
98354
25096
99376
34658
81159
40654
2555
12234
11501
87267
19202
40164
80365
64126
52119
58551
30186
83390
82209
16537
51985
87740
63049
33281
66675
47571
62460
95018
72009
93607
61333
44341
91699
4049
12642
11502
47716
84532
69315
687
96905
14349
26998
23325
95191
51439
38957
30998
27762
46604
74409
98561
41565
97613
4331
3027
22649
20741
47987
59953
39495
75127
79256
1435
64471
59384
44364
44810
32817
63563
58885
28596
37671
18377
85359
81722
90942
31860
42255
28973
89430
25047
55507
49236
71988
42957
32118
63702
36854
44554
80115
68799
58153
39913
37876
42072
21836
9120
41691
20296
33609
75281
54224
19209
28528
14441
1201
8922
10124
13415
60884
81977
7207
29095
37257
4785
12907
19123
74139
44008
3458
9854
29436
28382
91916
40012
53525
58549
66085
13489
44292
20532
86588
31330
49094
61831
42312
479
55599
64816
72398
77368
76091
35068
3794
93775
53564
81479
87857
46466
24610
40667
41701
69430
95768
87174
74682
15910
5871
98948
79123
6170
60674
44882
92288
84235
9341
45774
13529
35696
86442
95797
94917
23844
20907
5405
47884
95702
28945
91050
33079
8112
10145
33458
67128
71435
54283
11355
26074
57603
66244
21506
4322
87849
26621
78929
23417
95303
84406
79962
92821
23674
33192
99619
10478
46021
95536
74984
28875
29331
35871
53897
20311
85170
37227
3752
93530
52161
29406
98128
10820
56310
31119
94533
17890
3172
19267
91823
64346
94245
72763
26214
66054
29048
40373
99805
1305
48213
73576
73296
18550
14668
34193
83173
44541
16802
83710
90309
22488
33261
84289
63943
79032
66050
68044
26358
35409
99193
12502
94363
75124
54725
51313
219
1905
82709
95402
22329
91482
89300
71112
39391
69406
39755
98174
87214
58360
7806
77958
54112
60767
29386
25496
41803
3983
76241
77466
59205
70331
5007
50719
9529
14396
68851
74599
19793
32605
62062
18251
38859
4484
94528
93101
36022
28361
84745
22847
71263
47138
75364
79521
81109
5996
53752
48337
98472
45491
18176
3992
76400
64460
72840
51989
92189
25709
83210
92436
26747
70770
80263
64082
97330
77526
32215
90803
58807
6769
99574
85385
52384
7496
91708
77351
26936
15030
18121
92235
89080
53212
70442
24862
11037
35068
71317
63906
9800
69465
5909
79373
37329
43114
17095
81575
53027
30938
54356
94419
59107
50483
38468
39605
10142
15984
46856
28760
8123
3048
4468
44671
29514
22669
83240
48165
50070
9552
50820
27770
18232
71498
46279
69720
63494
86062
2778
11553
66851
45997
45291
41164
25772
29645
24568
37620
22343
67537
33120
11465
76749
16248
67699
37108
32558
30006
8820
40483
16405
20239
6503
92284
84213
14199
75688
57117
95484
23851
54013
9768
12622
92736
95277
90913
83569
80093
34468
85346
23571
79118
709
39113
66094
44803
69249
1099
83891
60995
16378
52681
35183
70362
86588
11779
21974
94903
48512
43360
14359
71036
34037
89057
8537
56764
83248
8074
46069
62808
54457
19730
98606
47206
59574
69565
7694
47931
69314
32258
19969
47016
60937
77447
56350
52485
90167
71106
21002
59403
56638
10682
91913
21047
39082
833
35223
76262
70523
47944
10720
62642
12872
60513
34054
97917
96543
6186
43100
75965
37343
20398
67334
21770
37666
28689
76981
87505
55045
61394
41303
32845
77184
13316
29495
50434
38906
5510
12310
55489
24320
87852
47757
9755
82445
96545
64451
53319
94912
94914
52456
27026
32250
94519
28065
9313
29730
99454
5752
75212
10389
6567
57583
87950
29634
47084
87205
82306
47833
765
52337
52559
68605
14905
73270
81507
34560
22119
60954
29504
58271
49824
26485
64221
16808
88973
46842
5722
22277
98289
4565
67195
43769
25400
30926
38809
21710
28981
66571
24641
39460
39047
271
73395
57782
44241
1630
60587
80336
82659
76790
39011
30172
9881
46910
96738
7492
7806
35150
97179
91986
83367
83584
97487
63416
42452
61647
4526
26216
38311
13364
45482
49440
34550
59559
20742
82730
52748
41601
94963
57384
90065
83191
41982
12057
48280
56771
44299
84982
64314
50785
31260
25833
78732
32284
71804
14313
82301
7030
23216
2027
29120
28035
65358
64299
77118
85200
12448
75319
61889
93950
73094
69232
58479
5988
51956
2324
27058
92035
21007
66305
60421
8600
2401
79908
38188
32366
95266
6419
77489
47904
23608
37628
45944
19586
87967
61364
33212
13431
44547
38062
43605
53599
82398
99758
43395
78253
76613
6088
53808
54269
74162
73148
6970
79405
75292
74019
20896
30435
55559
68351
11789
25609
39230
20949
95729
73620
40152
96542
5062
85429
2571
55149
23483
14904
15243
46323
30569
29992
18611
3140
53427
37318
14479
97549
36064
75333
12452
17589
80619
32937
87605
93450
67098
3526
44927
27443
97120
27147
60959
57664
3763
48328
20030
21696
75378
17559
35057
78671
57917
99502
98903
80573
81390
69215
51012
62216
77178
63434
17793
60797
778
68463
39787
14369
87476
33197
91123
40306
28682
75177
32596
89524
55591
77603
30527
32402
96006
2060
73650
51819
67101
27383
67422
79087
48093
97216
23089
57648
35367
11689
75355
27083
34002
48854
75022
60430
84912
17335
8402
12491
69865
34082
19343
37236
87161
784
91989
1808
37814
52957
33668
41446
34889
91081
70530
26989
16948
99207
86544
90120
77578
16049
71772
55564
65614
1402
36354
40294
93230
48159
85267
65558
60196
65180
91232
65626
11314
63480
49596
80458
37822
48174
84853
68896
33612
58461
3475
2901
92784
34886
47263
54407
7670
75347
15858
46369
32946
45840
23454
47864
88736
60146
68886
78279
59299
73717
54054
69659
80861
31737
6033
83870
69938
9468
73076
26560
19372
21151
76894
13085
57144
96242
94510
89577
51983
91808
11332
90088
40421
27819
95942
2235
36240
33516
22995
62369
96935
8698
773
15371
12543
29019
20372
70137
66843
62826
50030
81689
19251
5896
42121
49475
4215
46964
9854
68204
53312
79779
17425
1126
83524
62691
96108
14525
17517
7709
72697
51684
8309
51126
79035
53257
16370
88263
18330
49641
37758
35774
83216
29148
30469
27803
44898
85327
91651
82714
3383
41646
14615
90926
30504
55098
11435
4998
25842
60024
56770
35287
52976
38366
29157
99658
98606
45030
35390
15605
9100
56794
57982
31004
96768
9661
36220
4006
46086
86077
54761
72285
35718
62371
70202
5141
85808
41057
18909
81384
2595
78802
94517
95556
86682
63490
95157
4903
44384
35738
82104
63060
35486
48297
63431
5295
86883
27455
95454
64072
84821
73856
19585
46553
41731
16781
39008
57167
43692
54832
87460
73139
31044
79856
92304
65166
15951
39532
49324
34773
94221
43669
8157
60484
14704
9562
85013
66867
52298
25378
42441
14753
97642
30997
64702
9204
30974
47482
39693
45753
16049
90014
87810
69519
76132
56918
40335
19505
31516
3654
39416
47313
45029
66982
58333
20101
50104
28357
62048
65874
56698
94125
25376
50033
46552
48347
31913
7830
4332
15770
6764
73326
64981
63886
98347
5225
67291
14311
75160
43346
55003
69705
57676
9853
28031
18730
41570
28560
89387
68652
86836
88818
6744
68226
57127
29718
96119
71034
43661
22307
26424
18536
82048
49427
2796
91775
26397
20123
1208
68423
62541
67907
32102
17642
87585
40813
13945
36352
8201
90494
31087
36097
57021
36009
31907
85444
30408
80621
35743
71622
75832
67624
80411
34486
66840
49498
64351
60861
98259
1468
24406
91481
48039
42370
80326
2829
54697
61793
49125
42105
99996
31841
44000
16698
21129
87687
6808
65396
24894
33730
14510
93598
92215
47916
5048
41220
74506
7697
69087
5338
62570
49987
79609
84046
49567
95999
78322
45674
35884
92606
1077
87620
10198
84771
11680
42250
75815
23834
98437
64126
3695
37817
43566
77800
78493
50000
89354
96525
8046
28584
23348
44846
14087
73550
25393
17613
45931
58298
50700
46679
78923
92119
39165
69328
60116
46282
98696
26934
26277
80084
43093
19220
81337
54842
94100
17216
52663
74457
41364
11816
72346
95702
95814
42297
11604
98840
65673
53199
37106
28733
35174
14657
32412
52372
97424
81406
27031
27910
65921
96156
76955
58538
64431
57940
1847
81570
96987
76197
60914
75040
12110
32148
57503
34875
4351
90789
42012
34691
15380
25103
7567
745
6930
96294
8783
85078
36596
67468
99450
72535
74152
10287
28435
82708
4860
16159
39357
82603
42849
26861
6938
63563
38216
83933
49922
37320
29014
201
66940
90133
98683
62284
40083
93019
80105
60002
84050
64414
83797
47598
5009
30594
42258
64080
71143
34774
71289
90465
21109
16897
45328
66529
90691
23223
59406
52384
11124
21406
80270
33232
37381
48145
91164
18334
72012
48414
36531
99529
58454
64148
37007
78322
3702
56389
84072
29352
58204
89429
11255
43189
84481
21675
97977
11541
43839
95590
2623
15293
76900
19966
84899
84104
11720
38565
77673
85611
54840
39489
15398
55552
12783
29416
23549
98018
17150
35927
91756
77317
45345
78128
91116
35501
46083
45550
2127
13637
8083
77637
74616
45619
86342
33379
81119
710
52634
93999
40647
87458
51078
27651
80124
26337
4254
9400
61069
86412
75793
63641
23077
40442
67910
62625
90405
36734
49067
26059
12605
41277
40485
92321
56503
85873
54909
15148
39581
38939
50075
85662
44070
8336
43803
57174
52837
39746
48179
13888
6615
93213
51219
15032
32709
51724
30098
98884
57873
79210
76760
60247
57044
25715
30695
37357
28242
63313
65214
80024
57824
12788
22603
93947
45523
34231
84210
69359
76915
48251
83188
30998
92751
5530
41283
13148
13374
86039
64407
88535
51017
94707
31427
88589
95341
37677
47894
47725
40958
28606
45244
44372
77598
17370
88504
98123
15414
80459
46448
76651
81828
41423
2239
27589
92680
61879
1421
62454
96934
19187
46592
67448
84282
34788
27678
49869
80358
32413
13070
12288
22579
66900
63172
85202
85039
18907
78170
71138
23027
10814
12368
67265
54053
9820
2355
13043
47272
53209
58056
85352
89169
52740
33430
55597
55095
21281
24182
17105
967
65395
67727
43552
13144
28999
34310
89539
73953
36139
61551
97156
15723
9696
93115
73472
74192
57704
39749
84486
95922
40231
72602
86275
97470
90664
93779
23878
47802
33709
51299
91091
33927
76559
50930
60800
60331
53130
94348
42107
31761
83378
69722
34266
84711
88315
4560
76386
39790
53112
29334
97254
46005
95855
47428
38909
46355
29335
29472
13953
89269
20948
54535
71323
21733
45954
81861
44108
52462
37228
10065
57698
84397
65947
72520
52085
20545
37282
30541
47955
89276
18129
50533
73486
79596
5270
41780
79947
77160
21800
484
940
3363
35373
48673
27755
16245
18983
82651
17094
47550
91496
79813
5389
82592
62497
96990
86390
39420
47006
77798
18012
10942
80539
51367
33419
65871
40794
65170
31327
32772
60920
51320
51342
63188
71970
29078
43493
51590
55929
18416
69921
12090
52261
33613
41071
33540
25428
34737
42072
75511
57716
38872
30287
69411
31636
25849
29529
46047
3712
17744
83830
72161
25653
64655
24597
79910
42624
80680
69999
10347
17748
98954
6158
27592
51509
86725
78113
42107
53180
6000
26439
93020
3764
10336
66193
7216
38472
15094
37645
44058
68167
80573
51598
85302
300
34328
96043
57486
56912
45172
15901
58907
89748
23224
34176
34878
77430
95604
78975
59967
11138
64562
71691
54340
64899
41415
19104
11019
56578
77856
42064
36051
9219
24518
77007
44359
38901
37020
83144
80232
3313
5723
86008
12726
24616
98253
91401
86143
9461
14078
37887
25127
11660
38448
38631
63841
43523
42172
93293
75677
64406
57518
2333
78801
65883
62879
67337
4955
5868
25418
1440
76530
26956
38541
91772
93658
36827
2332
23343
8741
88403
37964
25701
61523
49586
21902
13846
53690
47670
93450
43311
86427
375
69779
75306
69746
53404
30008
52521
12069
9839
25657
41941
37982
38610
86640
45771
80571
75596
58893
70487
49806
90071
89289
2528
94233
74484
54160
24652
32173
85555
73053
72152
9726
87112
7919
29736
41463
56651
73578
45573
29848
62646
75208
86827
51077
85064
29392
38187
21115
82476
15588
63211
35905
29315
17601
79054
7838
18196
2974
89150
85346
90988
40875
16505
37109
28154
81950
96936
27865
64292
69990
99679
25009
22213
13797
72563
86613
94400
30785
53944
78878
56130
47292
4953
96903
85149
40698
49242
41064
32283
43880
41033
31995
79428
57396
55775
55710
43487
22487
42421
79989
91905
58713
18306
79840
28463
67705
63308
94645
4607
92197
64613
26769
7910
93391
53641
75163
61472
90975
30913
99706
89371
53245
50394
93772
90411
31717
31268
5107
15942
7421
72707
39207
24307
53888
71399
38998
50630
95085
98204
15838
70004
6709
60870
68554
29979
75484
22067
76917
64943
20110
19282
45258
80880
5808
23488
52840
37336
2091
41308
3040
29440
8590
16357
19408
62778
41729
86237
27221
50854
78324
44834
97127
42387
14030
32191
86901
77642
34582
92172
2511
79471
82242
81234
49741
44463
3675
28889
35350
6628
59883
43387
16195
59697
94829
70956
81782
27955
46330
58357
19376
39344
17460
94846
53575
51198
21980
53041
60299
54380
64478
12467
53427
54698
27149
86136
86187
42177
62132
14739
91102
75579
47566
2566
62040
23590
78994
74775
29417
66880
23500
89350
12776
24307
57593
99311
40912
18024
31567
77586
73574
79860
39448
70017
16996
21117
34599
37975
69677
97668
37330
51444
7011
6689
33170
74952
61185
25033
40500
6435
65867
52673
37323
56153
39689
32078
4695
88057
75060
24791
43155
49699
19548
84509
51230
49609
90438
93429
94994
66644
5623
44979
98951
67640
15978
77233
88590
71286
60053
84083
32277
96424
34900
94569
37603
574
77839
8783
18192
39385
77541
30354
83634
69016
1849
20834
69484
16551
18588
73921
25326
27469
84774
44375
39074
30598
8316
93075
24440
42803
17956
21090
2124
59772
87524
96460
98918
71328
48190
25847
67064
53173
54914
33555
253
95529
8586
80278
85521
48394
56069
35398
92669
27142
7543
74322
53877
90760
25329
56350
12769
52153
7827
4077
82457
93027
29316
1357
9512
82620
95564
82961
23681
69601
90735
5731
6789
80853
3763
34912
96552
14038
19901
79391
40289
5582
12636
34350
1976
9561
76406
9895
39361
13840
39379
32321
26978
44696
1660
27992
84830
47926
62589
76353
53728
94409
74536
29841
39466
56136
91123
75413
28572
88014
82796
46011
23411
50423
67417
55397
29263
42886
63490
44624
42439
29983
43808
1646
81161
63986
62185
70576
44261
45683
26664
33499
92462
86751
81623
48321
30440
13582
74145
65074
86735
95216
34240
88097
63895
98166
65595
6761
62774
88270
40960
14223
51257
40129
84658
75087
69732
1543
10479
86471
75469
6666
64028
35933
12819
98667
91226
78474
40557
64166
65919
12668
37119
70450
34670
78689
3824
24975
40045
30839
57789
75211
9459
2168
87600
61642
92112
24680
88721
20146
57159
63332
37486
55402
53819
98006
36796
43464
37928
66793
68107
22761
69984
88344
6455
2524
64551
84871
89140
64111
83641
30716
59314
12584
48002
30902
29377
71386
81409
51659
78326
18867
80555
39232
16414
44222
39041
41783
99918
17844
19527
15342
22456
5556
15690
29776
68427
25552
77108
19337
92420
653
21408
36195
72311
39450
15973
10550
15991
19744
48238
96660
86305
28593
8145
49313
70300
76757
43794
36580
90335
3173
98732
61860
10125
96388
26765
49834
92146
19753
14148
73122
74856
43147
36530
91201
40376
61852
80483
1500
86079
32236
11480
27108
95441
10724
88883
77701
68751
64530
78388
62473
45779
58240
82320
2312
10650
50194
57672
66696
64803
85320
36024
48488
61898
95442
8030
31085
75484
78668
95820
17012
48053
17318
68804
12656
81676
10829
13835
10583
39993
40493
80972
39551
38765
54162
86113
77883
79388
63302
82852
96773
84839
87294
3451
80004
55432
90562
77063
69423
52787
20789
92290
98849
39176
3444
84205
77181
3551
46994
25007
90283
77207
92254
28239
44593
41977
22638
3399
44130
89791
97965
77989
35698
69689
74613
99919
93492
13999
86270
17693
91945
74573
85481
46295
72121
15852
96223
43545
78889
55697
51416
88132
5529
24708
13642
10267
72372
58254
74390
63160
12100
91037
27037
16945
54939
19178
48639
61090
25490
77644
60704
11645
42864
70574
89665
90790
3195
26779
71291
8351
61478
68652
57526
35799
61086
10147
60979
24266
34788
65689
48998
65472
16934
44955
72123
46030
38815
75653
69017
55774
20669
9765
81494
36288
27705
73227
31258
36917
38402
67576
96217
7471
30627
30540
31937
23557
69691
23035
4906
50369
24233
31344
17019
85909
85848
14628
5664
79514
90092
69571
44732
43661
27241
63745
40225
79676
47564
4693
32651
53171
17019
85708
51822
9734
20305
20826
47535
21646
52733
58868
87717
3501
33624
14804
66800
72472
33175
59061
50920
57982
52423
75182
73354
77768
93342
97912
64198
11998
60651
88030
80844
35551
82833
77069
2178
43982
47198
28010
83620
17769
70583
7374
48587
68264
2541
37166
92433
95249
86491
29626
32484
72295
9134
41825
95558
63695
54695
18463
27040
68391
80574
54720
15581
83603
64467
24422
69208
59818
89414
56495
30409
33301
95605
7832
75364
88752
15590
67390
72292
47830
28001
99418
78170
87128
28496
50241
31677
74754
36786
25366
63466
76526
19180
5642
45141
36893
7347
95881
75454
57217
24227
98928
26026
96703
97557
95615
27762
18877
56995
61147
13520
77367
27708
23400
92945
32560
36710
56780
5725
96238
33466
41179
60249
57436
30965
50517
70305
42164
11405
65503
90513
68827
54340
66195
61091
48492
88405
36449
9166
79471
59853
11294
37813
36089
36046
77621
86966
9566
85564
2365
75036
8598
76319
91414
46319
99607
33875
33123
85799
80543
13780
64241
65887
13101
27571
80627
52340
70921
26702
66483
9024
49105
65172
19733
36816
5012
71290
54030
39610
10987
34489
26844
2110
10643
75291
31023
97591
34839
46996
79911
63767
87760
67904
9123
58178
7975
84609
49364
23875
71568
33019
20858
97080
18888
78931
27205
26057
13026
81744
38188
49420
9772
62987
61748
53615
97063
39295
95759
76866
16719
3833
94873
67920
61099
83978
83348
76337
72062
12752
5389
37766
14383
8162
9515
40568
11000
39490
58030
41688
98009
84306
79078
35002
92465
8867
34100
12436
22084
17646
93500
70225
45664
65278
3411
78715
14645
95281
26618
82345
73675
93241
92997
3067
13855
24440
22721
14646
52726
59951
96647
23085
50375
86372
98253
14267
55478
89128
54314
72835
75188
93976
72820
43638
92774
26329
76356
5858
87695
63870
85901
970
16381
27193
21179
75972
7416
86879
26757
49854
41428
2235
21992
6413
2144
63866
15792
82964
34595
87915
89069
33725
99506
25236
34066
64433
19117
10777
14473
60899
52674
70502
98320
72813
47140
11687
65892
78587
7647
77128
7309
35304
52397
52347
77815
45062
35097
65403
50960
37729
54896
87716
34063
50321
52026
21180
50757
96128
16813
20160
7209
82500
38925
14518
19747
20441
54458
15116
91078
72997
45856
73536
54667
15821
61287
17872
29441
38414
89034
36474
10407
43943
19365
29808
37600
69016
46403
63857
9456
52386
69416
8176
54629
66115
64905
79210
59215
62454
86550
21836
88762
85829
31450
14133
10647
86788
83390
51498
33223
17730
45400
72775
8490
44215
61382
13527
34546
21125
98187
27559
3417
33970
63550
14361
73822
73007
1558
25150
77056
51280
2632
42951
15387
32652
30784
37069
45750
86872
95456
85374
81211
29061
11082
25119
13908
14346
24656
20061
95875
98706
19285
84271
38481
42612
74810
13797
87651
64155
97979
76190
96861
45635
79229
18693
97440
91295
65166
9315
87410
19227
95573
43594
86785
74851
4625
78137
62365
16772
4469
19728
78041
6164
67943
22169
62413
56174
27014
7905
51275
37901
22518
82135
55937
62632
25776
5554
15333
7341
53752
14361
57278
61445
75094
53636
63526
80009
78228
73068
72407
90218
77107
47949
47185
69864
87594
59486
80825
94753
33069
1627
20451
33873
20877
48275
9877
22931
94094
38939
90896
68530
13783
12195
14041
43755
97019
47491
65478
14855
54679
36065
68610
97840
50631
32217
81082
27474
31509
75142
55598
77700
56371
18625
359
53312
37446
57992
2569
20556
55089
3236
5006
84785
47235
94472
16996
43511
9519
3082
50254
28927
28463
89350
30938
25595
30117
56041
8641
13652
70222
42159
81475
63543
11101
74879
59703
33500
82717
99748
54273
16564
24970
57048
25695
45632
93631
67595
12485
93898
35403
96868
26002
12328
30951
39641
28607
81603
93988
27232
39490
91687
49684
32164
21012
99643
37524
91103
41642
42095
44358
88670
53436
67416
22693
55222
71439
28483
65589
60641
70440
4043
12110
96768
99185
7015
59499
69243
50138
24563
6996
9235
84133
55467
11656
8364
53805
64608
33951
9984
5747
27497
43745
83205
26698
85665
98484
81546
38364
46975
79698
76166
42120
36337
75583
36027
46474
87211
1696
83575
64106
82352
79936
16849
74076
3324
18818
12277
42777
40707
24865
55448
85173
15993
93228
49927
48007
4849
88933
39471
34559
1984
2116
24827
90350
75844
42334
15509
3610
16537
11976
53319
63075
43258
53994
35751
68359
4098
3122
87845
26884
31889
23122
99734
61210
4504
19460
22824
58074
39917
96408
83711
6222
59754
19649
6758
84878
26128
88849
63428
48961
86930
73152
87671
60437
79272
45754
78012
59768
15036
14028
4516
49756
51422
19569
65566
58270
75267
47682
18762
35057
25821
73905
82567
11648
67102
5802
31965
30956
51681
71115
84917
96757
43655
71052
26042
42731
14054
4435
72053
88194
75395
13339
12751
59571
57819
85370
5213
73743
10833
52569
33952
47555
83854
55292
95647
83563
77528
93322
24234
78857
40049
67341
9206
68786
16248
78374
17942
69540
30338
81440
23856
58663
54549
51422
68307
61684
532
99541
57826
66740
22462
63945
84845
83185
72253
29957
57679
70159
54787
95580
83059
98774
37380
37565
91629
74040
46505
35719
5280
72813
29099
55423
45201
71629
68386
83038
20867
39980
41468
57857
8557
86456
5959
26759
3920
17917
30361
47541
7462
63493
41128
1891
31925
3419
55389
45867
1513
34474
84070
62027
81481
25964
9884
11684
96429
70526
29597
16290
31805
5004
37008
82558
89311
7553
93128
70485
79683
97202
96880
77206
64841
12539
20446
32554
80711
87043
56843
746
43744
97071
97397
55622
5175
69117
68159
79767
61862
14825
21694
68908
58126
16878
36326
66520
85971
66701
77968
93694
88096
33286
69573
14046
26013
70575
24605
15460
9677
37102
8481
80912
4245
24215
19746
62614
63050
70752
14964
33844
39710
88144
92320
26652
84705
75181
34616
98818
18763
14122
41632
49580
70159
83926
73250
1917
80190
83282
88523
67136
50731
17834
80084
3358
70317
72606
54601
63713
3873
96552
71949
7904
36721
32077
2649
70989
65278
85082
80117
34251
44383
94814
85560
75163
92723
80191
18962
4355
39066
31932
57425
35881
74936
50702
28765
12039
70717
95518
59114
72486
83221
69935
16922
1509
54483
50947
40018
76393
29330
93168
89227
618
70630
45897
93287
50458
12125
74184
48281
53502
69524
33044
24642
97391
65250
40468
56597
59373
3511
46069
35189
10500
72125
57931
73195
5105
90773
86145
32704
83151
81509
78374
31351
497
74126
66481
20191
19626
48320
90248
71853
49380
52954
81105
76685
84695
6374
55030
33289
37265
57213
75095
56738
80562
11302
74017
18191
59648
17271
43394
64285
57467
15352
66393
58212
14715
54495
89534
96618
55305
27817
66155
59928
46845
58669
99374
23537
82025
76740
43189
29191
96999
40664
28988
52917
7669
9938
83350
52196
84186
34647
90859
51771
12887
35482
7181
49913
36425
50575
73557
41819
49448
84570
23528
67924
48166
45955
41422
98408
86999
76897
77176
54899
24253
79785
25140
10958
51081
23159
88329
40557
8228
12350
82525
68404
78109
24429
31005
81042
63696
71226
56660
93283
83281
2704
26758
41434
12322
56643
99212
43744
48453
12301
25631
93982
82457
24420
33571
56595
47618
28695
54160
22415
78420
23930
98941
31823
27938
30101
97218
79375
97279
47880
46371
88347
34959
72563
7500
73117
34067
69807
42924
60006
31114
51358
32261
1488
40817
81833
6676
27058
3995
66636
99208
79541
96188
16337
17968
95131
67651
98904
10414
60597
33572
43798
4782
95907
22489
82116
76694
4872
94495
39773
98995
65193
67689
6027
85659
22598
93984
25457
87624
10138
3184
56414
73371
28182
2264
69889
79740
83014
56169
66257
63009
28617
33543
40210
50493
51751
74539
16166
84556
9818
57651
48760
27814
75774
18135
53556
15874
14136
43991
19585
39965
94737
73793
18615
18827
10534
34628
81435
2625
72519
69526
20963
70114
65568
56491
39209
43918
10683
92362
52265
57090
10616
46207
49654
52632
16610
90219
17548
81356
11613
61483
39735
47465
24802
32210
56773
92662
43229
84121
23747
11186
92269
7528
43784
87827
9365
23967
37012
66536
76779
6918
7526
51157
76666
68591
51120
63069
74811
2825
68739
16649
79861
80522
89067
86536
84922
99566
27926
17208
24662
73886
12802
98938
31897
16807
80821
78647
18101
78781
98959
48820
64679
19124
58598
67957
83315
91423
99665
24630
17836
36431
89821
74760
70306
60834
92339
83831
13472
54254
54204
43293
17578
39590
16178
34679
31655
20860
17817
31230
91389
27557
88375
16925
18228
44350
75606
45989
55124
55510
91240
18937
43442
16435
76889
10723
84082
74039
68506
22815
13492
96359
7598
33349
6894
7576
36677
91578
13854
92831
35756
80277
4125
1255
63835
9491
2158
85729
74151
6153
17659
81792
54079
87210
65488
68540
73407
26672
27232
80673
71544
78346
82880
5879
24161
88491
19983
98405
28402
388
12914
60614
33809
58327
91573
62
39765
84462
96319
36404
19671
52996
53038
12864
2081
21797
98973
16395
47371
51039
15813
13503
85768
59579
78707
6231
35268
32610
94711
27659
76318
66020
60066
11556
35038
56404
34802
10521
40570
92611
12225
32313
73931
79939
5260
72832
42402
64962
72035
79710
46116
55654
7321
71291
31585
94117
65219
83070
18014
25894
4957
97236
39162
71612
56519
49230
2082
16073
74315
65913
30470
57158
7954
16675
55450
5546
54182
82795
44621
80589
23829
18742
72852
79417
36789
17506
40011
29802
31253
36006
73315
73800
10029
79438
65016
40943
55051
31487
80978
87909
3315
20330
86125
72347
84753
73544
18575
79998
11628
46099
91837
2077
74514
92748
68859
13324
88581
4820
11480
20368
21407
67297
82953
36606
47395
73401
25831
18406
508
94581
37734
45755
3102
59171
3685
84252
79519
78074
77915
17221
79406
18988
40265
8290
99761
50577
3679
69917
5008
8613
92721
17429
38472
20817
38618
22004
42140
18893
27404
77497
94977
72519
16932
7684
53048
76404
14534
94731
30089
18266
36344
48626
7928
36353
93888
13527
56878
21229
5682
96836
83364
30605
51294
41005
62266
45707
27037
57545
17266
90047
62713
3217
56462
29532
36860
93615
27432
23767
72362
21135
23665
74312
52162
40881
14319
4134
62737
47412
85005
10777
52119
86543
56557
7982
32990
98178
37588
76085
86351
59130
19313
37369
21640
75415
109
93719
3204
70625
34162
9056
29783
68230
70969
77667
36229
27266
81662
35474
16831
55884
74879
99468
10826
92081
85788
83953
61673
63557
10095
92199
14079
76502
78118
80420
59641
87680
76975
64820
75811
136
63790
31754
70805
68748
44756
31533
58132
97343
95989
20482
66009
85326
82778
59745
4749
76411
50168
72108
89059
23770
81852
50829
6132
94132
99669
8509
72189
97433
29755
50999
38102
16366
8695
26083
2373
27843
43952
24185
60121
39920
72144
56957
39396
39114
73866
96719
52955
48072
92167
25370
67504
97104
13506
5404
52307
61190
34344
34681
46203
67376
16482
41559
98534
68364
35732
97673
47601
68768
56855
17973
63179
81880
28760
16610
80096
22208
61652
58144
331
98217
10147
47175
28569
69962
99939
61047
85429
35563
17785
94070
68604
68663
45377
59046
17604
54264
78161
80705
40353
5036
32199
95633
62636
9533
29358
19044
48537
80387
76050
71042
28030
97122
90807
33761
83059
19415
94975
70881
16237
67749
93956
24391
59112
44181
79855
43950
44975
65151
3986
44355
30053
60670
87269
33794
8231
87631
73902
87206
71865
84220
95387
51912
70378
36484
618
85043
35542
28579
29591
35110
75734
9395
60853
539
32049
99234
64284
59141
70521
730
41565
53599
33161
5978
95122
64070
39221
84854
15207
42873
72567
67663
96743
86861
65864
26283
83947
49333
13620
1321
83779
72640
49444
85169
52397
91483
39435
45548
24694
76768
71646
78052
10497
95732
71434
87948
92538
97515
63491
62621
67843
35629
95868
92298
90649
54751
69326
89398
66912
87272
47819
91307
96272
67064
33619
28985
76424
89184
57272
3248
38920
37750
45402
14949
12726
31950
4191
23452
88244
60085
28823
27593
99809
6311
91294
33409
40654
50088
87240
90579
63656
65474
96508
4392
2115
71865
11021
86262
8420
54147
76576
55353
59230
31848
21147
22825
21745
6436
62781
57734
54785
57467
18622
42258
98621
98383
43389
55
45788
53673
88188
66655
86346
67522
4898
19184
14315
6351
75340
20539
19478
91475
25494
35567
51802
59307
4837
74426
26025
21858
45596
26880
9256
64702
432
69562
69016
8367
58300
2224
51341
94106
70367
6535
43028
56692
83813
68429
46909
25856
4729
46641
91120
16525
57543
83654
58655
59577
73070
61366
73491
34308
51485
89625
78119
56311
97512
57767
39245
99512
60478
62352
52577
42107
2732
32996
83342
28973
12022
34086
41486
94040
72518
11936
55177
31142
43064
67406
11576
10431
17245
28859
72702
25766
72552
24782
69000
40869
41574
68918
76588
77526
12327
38403
20870
13943
26350
82637
46047
6393
64773
78270
26925
43888
66562
72189
75448
5348
72647
37337
46616
9369
91366
87243
58288
7099
7303
57847
10447
19091
84979
45257
94243
6129
77927
48708
55637
12632
55947
78844
61766
90169
74464
67895
35326
76326
23815
7656
98787
86580
29425
79561
80563
70622
49372
22690
83428
67604
56547
99516
8393
30457
42223
97625
16682
76685
3828
14434
94166
83321
12695
49852
21244
36048
68707
99914
87000
58389
8952
89159
73214
82345
69837
63030
40400
75853
11371
72790
78870
68196
92910
18383
97753
29748
62963
15105
49644
5401
91761
74561
90955
75798
37932
97008
52020
3945
47582
26264
74298
22139
17811
32386
2658
97317
1435
65786
15969
74570
1312
54550
23774
45720
68009
43526
18052
92725
71291
92476
36606
16525
48471
56178
19426
18725
68424
7944
44809
78035
86482
51741
30203
75858
17138
51758
72621
10541
37012
43801
74513
8797
77600
81328
24711
73229
91391
62608
1825
91926
68146
58368
39342
34213
67942
31326
98069
47054
26008
40911
97984
10661
35440
40371
57808
88198
80758
5885
54211
37426
52522
76204
42859
68754
59928
24780
88129
99088
25178
48799
8174
76672
20730
24146
88710
27413
71972
90465
42978
3087
20148
50877
10875
63289
17033
95476
39898
56929
88765
18790
73060
69209
64749
13718
7686
12609
8824
87987
36507
17822
33566
62638
63111
8421
7099
50097
6388
24895
84418
50714
82831
75143
97827
24153
92942
74956
14771
90376
91617
73153
73086
66697
62422
73043
94369
85944
8688
29370
13563
11489
96983
7366
54069
70890
34933
84959
18379
32494
45810
23831
30016
86669
83047
43887
87302
92423
94466
6735
80584
80927
41809
90428
67980
70803
14970
25468
38501
82990
31104
19295
16662
86170
32615
21633
26638
89110
96116
20665
34408
62521
24851
65161
13348
68154
51588
68959
247
84312
57082
37435
18911
39697
75649
42198
30397
45547
1116
36538
38970
37906
89827
26765
60490
75092
39309
59175
57469
502
5346
58904
55131
98580
93227
20833
3960
89935
96383
91836
49945
77204
53380
50298
47710
52748
66410
15055
326
55844
68098
67625
68424
44693
66902
50687
98823
79643
89177
52661
34606
38166
37696
54783
31767
56290
63870
35954
7358
46229
95293
63413
29045
53278
95051
16677
92590
11624
18032
76125
50436
1865
49120
21386
30658
40841
61397
3480
45587
84797
19825
49408
46797
94359
37322
77831
95734
25025
15321
56305
94430
18987
17167
33156
15484
9162
20190
44022
28270
21352
12932
54627
88543
20721
31690
36434
33398
18814
87920
47293
90982
20220
33469
92697
90898
63513
71510
11332
71182
98431
56261
95995
30228
44726
95273
51114
46434
22065
24209
13111
48018
23014
48750
7226
74246
12597
81309
35915
67897
5952
63979
30488
43935
77889
63759
12233
5198
31321
46681
77140
67049
75228
96862
93131
63735
7770
49360
12377
21763
76229
73920
92449
76019
97491
64271
27364
80496
96537
56785
35030
9717
96729
49738
29240
15195
18102
16389
86033
6360
4621
84105
58474
66406
75958
31542
31776
63147
83570
58991
85024
14055
40530
1702
67430
94019
13885
7789
36239
13653
49507
82073
72388
29577
25149
56874
22717
55591
38104
96470
18205
38285
70646
52485
98451
4995
82541
81364
52705
94597
53030
64687
34731
87068
1272
45483
50140
76245
89273
90534
29319
16287
9633
39078
1055
14006
20077
9529
90571
79071
33247
29693
6309
33416
63914
83683
43824
38906
32302
10793
81123
92035
5127
89444
80880
49794
39778
28282
94809
82147
48149
96882
69578
59827
9605
49884
72954
51034
42318
57845
36274
78161
35137
546
85966
8013
19384
62969
33749
91097
1399
89007
82890
61100
80857
17258
71199
60216
34793
56630
28157
20363
63658
23086
93193
71236
88040
27535
16712
77707
4867
28305
90859
80032
96527
51898
77679
17568
52076
8395
75769
70913
53667
69428
442
36179
84274
11364
15707
71728
12969
74890
65724
79527
42511
31042
61972
92015
69083
87036
40819
81624
93944
16193
63883
93959
53555
4189
90817
19341
73719
1324
70254
75006
24128
96229
57491
78002
73838
38279
41013
7036
33648
78010
62128
41236
30953
19695
54169
56547
5706
72473
69192
57139
87344
32802
53407
47338
33803
51726
41496
97375
84012
88442
63440
15583
77917
39429
44421
51792
36339
2609
26402
35315
20823
38739
85080
31980
61463
84680
43735
92399
33140
47794
47166
60894
34813
49563
29085
14434
91766
96741
2869
10993
91440
74153
24007
12722
31073
38471
65234
67516
44701
93928
77658
50444
63380
50511
62511
24971
52161
54628
15992
18139
30640
42883
80548
60667
20575
52108
59684
56867
96858
40558
60130
60574
3594
63908
81865
89835
34356
34560
29073
98893
77291
12164
15551
35833
68746
96450
75701
75536
5532
92858
94582
13550
7196
63493
8390
69569
21972
47794
77653
60049
408
30246
65728
43606
32693
64421
38226
94460
17606
23398
14595
66597
75606
38165
22649
64888
65353
43011
17549
94205
17686
38777
93273
25340
4380
88512
63929
94892
381
74634
81249
27578
82781
21005
53801
43521
92563
94866
40496
35409
65066
81948
53302
15694
68095
55256
27824
76111
83701
58102
89396
53424
51113
46446
74483
9294
98358
72200
440
89626
85392
19996
44314
37091
66489
75132
5605
94923
67135
68605
19514
55983
55708
16113
30783
81555
32951
11445
83316
48432
70336
91946
40424
57966
36184
42002
41354
6556
31356
2703
54610
66812
60734
67855
44505
7680
7846
45294
18181
98489
37327
98949
42829
51707
59765
35234
70879
84632
65026
1433
39682
67047
82343
10922
35870
42737
78823
41768
97576
17560
95195
99748
65243
34708
19763
34360
84145
18790
14863
53944
63780
17519
24954
57213
5657
44150
37405
44294
12826
45439
22176
55651
52158
2422
32295
36799
79895
23047
86535
82629
34878
76932
13875
98051
3098
88538
35045
23445
86740
84499
33870
3401
51683
63740
94750
92421
25727
72707
31851
78269
86764
7004
85868
83204
93761
84416
80898
18111
3786
98229
25601
65809
33630
33281
85949
15974
48831
33003
51711
4263
56363
22390
45079
47562
25789
42042
21440
67033
88184
52454
25158
59605
78300
74344
59672
39596
21262
82502
21291
94845
13044
18939
35667
32039
99960
42932
77081
93596
72950
62684
59392
5888
23557
99868
15165
71896
38649
86956
25309
62884
92643
10844
58387
499
79317
83638
81825
76364
1804
51534
86709
39400
67283
48899
25307
2766
41654
85318
24435
3487
88151
66475
45857
74112
72121
57856
91088
72953
64346
46811
59060
34859
21348
33474
37630
18543
2483
44159
8732
40225
27836
61547
3931
44884
26571
54316
65197
83388
18818
61649
32489
84331
10392
65494
47872
92410
34989
87365
70036
95663
48640
69378
35252
99539
72923
6294
71334
39290
70682
12559
68184
64575
82466
29741
21348
84421
2063
66007
21106
41861
80718
49807
65004
22279
5920
54227
70304
33332
57194
47488
59111
66917
31454
81258
71540
3682
54153
79384
9835
45404
67435
71044
64157
5969
47486
42555
16380
19362
73539
44939
79622
49360
45662
36818
86200
73460
61241
95240
71212
14992
77039
4331
38308
87738
32929
4896
71294
83314
44183
24550
10601
49580
38088
27378
58697
88779
92725
82346
50188
86351
80560
90509
72193
84648
64977
35549
58851
55728
63870
9800
83648
39906
42466
36913
66938
83300
10135
68802
49233
96206
93470
83516
47029
58247
18384
40924
94629
19375
25412
46643
28607
67377
493
95893
28707
53827
30088
31246
77453
49825
19344
73598
61456
56421
17820
13561
70261
53972
406
22857
76523
71368
37684
50114
38219
53916
88873
6862
62908
81461
13779
45016
81519
92960
65872
59014
97462
41431
21155
35904
51987
91323
90790
74610
11196
32142
16329
76359
31032
3331
89407
68091
84657
63928
51945
96273
49387
89766
22221
74917
63970
29083
90942
31501
41902
79500
14337
76465
29704
90662
64799
50793
45769
49094
39740
70635
17795
24275
80656
46882
3012
54099
22316
6892
41853
31014
67758
41746
31132
86923
91128
58174
6425
5460
5333
89743
86824
70887
44048
62581
92038
94705
9277
35704
64950
31457
84761
54945
18622
28132
49597
86149
87379
41778
25550
49451
69561
57165
86104
35828
88958
35342
4303
6965
16330
30673
41770
16217
84391
158
91975
65663
66174
18416
70696
16188
17279
84801
59261
26926
89348
12583
12659
57445
19551
80077
42570
8575
24140
20683
21881
62944
32912
63089
78368
907
77058
99190
91112
22303
41923
97253
2563
35183
88825
63234
17062
28898
86674
33004
52171
86608
1970
59015
35017
59127
77799
47729
69625
3468
76793
77763
15544
52452
70063
11538
94555
90949
50388
83990
43928
61672
98996
23245
39313
52523
22744
86553
94451
67030
94163
35271
12385
58371
8186
39989
99254
69029
12013
1440
34035
78946
91935
91605
20448
72318
86089
89207
55439
64475
10056
4675
58584
62196
78910
10069
94607
74548
37970
67595
66149
2578
96501
37431
8445
20706
26097
30421
20571
14486
10340
16770
89807
49540
77946
27624
45545
60091
66496
30704
18275
67785
42275
27396
11156
5934
25272
83305
85575
5466
41846
51924
40608
88101
93801
56545
46263
99801
75277
86839
18181
29934
16095
98332
96886
57094
68
95599
52595
75671
45455
98542
89364
81577
9573
96406
82762
8053
99599
81783
30719
96915
51181
34604
93307
64204
24868
55271
17038
56269
20047
59062
30901
57590
52114
10753
50878
46271
62819
53751
75459
9619
68832
23326
15408
78496
87448
66140
95773
42682
78571
8987
82588
71430
83468
42699
75278
86422
29413
23081
77911
36151
55310
57615
23515
56972
53418
11113
81690
96296
93981
34627
6123
99445
4536
23179
29345
38530
23274
89292
36948
33959
36485
2345
43162
9461
86615
97163
94180
11918
19092
28510
44128
54506
11847
92406
53887
69948
90076
26046
54639
49066
13002
39226
39289
84995
56458
58884
59204
60438
65074
63869
19850
14770
64394
12345
82510
21078
34684
4915
81336
3897
54728
89244
80308
51995
6384
75829
48134
82422
83263
50239
30950
45286
23058
45541
33294
59275
95421
95696
94047
65273
84619
83511
52075
43853
23343
65134
72410
50555
9002
44957
8685
89121
75890
64913
71189
60984
84693
37033
87481
17902
79483
83132
74103
8591
75694
86742
34262
25692
40342
95434
46603
25275
7023
89377
52476
87474
31876
90550
51572
43217
41496
33936
39177
78813
5390
67949
29364
29490
94591
39437
18682
16643
36121
13367
57583
16433
33719
39146
63293
78012
78816
49491
20749
76315
15614
97405
72568
17400
52244
26868
4066
88940
51127
77587
38246
93726
87741
81065
55381
4962
91900
71097
90091
75727
26567
30781
96415
71705
65336
96850
48717
54566
48456
47098
61662
9093
88190
23268
68025
19893
95457
81101
72876
63636
89704
58610
5743
90424
84255
27816
21850
68112
31019
36219
3756
51574
73411
67328
64479
20738
39667
92974
86660
76136
88034
21097
20537
17066
24599
6423
40220
19882
23058
32227
2147
73755
43958
61664
8869
7386
94791
15284
2333
36907
41528
62285
14026
54394
50266
30626
23567
16327
67255
38070
12763
61349
97633
61005
76003
58233
45453
71507
18248
56827
46646
93001
90845
44778
25539
4506
63314
93801
56071
90055
76557
56705
25966
56856
13851
99294
85462
97396
35824
61748
10287
49547
11124
12448
63981
83349
170
38598
33016
54828
87438
83959
12232
79652
19123
49014
86485
81809
52337
88434
26911
60387
51647
61486
12343
25065
50786
54445
96489
26916
80570
9183
14692
29077
18595
23896
52255
6551
65659
27413
15573
60743
84658
98085
40954
48252
61484
78616
91984
4450
9402
79898
23984
19839
86658
78193
28168
77947
35519
54872
10920
8240
1662
30630
170
93896
83238
57529
90851
30662
71932
66431
78260
96815
75086
13226
23768
79194
80807
41711
69897
59954
76286
97270
87585
33342
71502
6266
6760
74102
40854
16700
77084
92533
57827
1049
2892
79806
14211
49212
66210
96620
68743
90598
43213
72511
16439
99473
68652
6889
41668
2555
50851
78209
95999
44648
45354
33089
88476
63997
73146
50029
93973
95145
11491
19472
79080
188
46849
77272
10890
82944
99113
52446
7727
30712
99490
33279
32521
18914
44811
20196
51649
98046
78610
7619
13789
62413
16104
89317
87080
17909
61478
47760
98554
70605
17067
50045
23358
99495
52282
74104
31750
51051
40791
21392
23238
67017
15229
74686
98672
95888
94910
2113
79231
53696
52175
93642
74467
23286
87919
99031
94846
75014
85410
77933
22281
59971
12364
81843
22807
7256
62331
84373
25037
35469
16555
74100
14306
27562
8048
51740
42335
81585
97758
23213
73119
59806
99988
81019
7529
57210
57796
37612
23104
6716
9511
82535
41828
40899
6061
57471
41251
81752
43400
51735
2031
52276
38873
55707
19487
3095
88599
15324
98098
84341
18450
52351
7335
75136
91287
32226
40034
81679
28577
40470
10218
51467
2850
78189
60743
69103
7925
80044
55846
25957
53567
23030
61607
60925
74656
74256
58559
61908
48127
4268
61537
97709
22050
55735
64780
30890
24282
7483
82464
89838
35853
69556
97110
78411
17771
24162
20785
65904
68799
71622
99491
6339
45836
819
9340
13211
77521
79237
55085
10621
82332
41928
8463
19863
84468
50353
44709
12717
57987
2353
81222
22049
10709
49337
81814
29121
99263
24977
84948
94029
48041
38494
61077
48314
53375
371
76500
52761
92699
53518
6086
7360
5871
5702
98183
62529
13564
6267
85931
14686
39652
82123
89033
16556
2483
54307
15159
29646
57724
2334
22015
97040
22525
97380
51856
17633
7923
97839
65607
90915
8507
91428
74922
84134
82866
55534
79721
48624
80373
92457
64727
7198
97127
65170
19410
89063
75087
18531
21152
68425
9570
28912
58996
25090
77516
62438
36093
2017
47736
68765
16193
33755
74493
90840
30923
37177
74861
72310
95288
81549
8017
28899
16045
21099
52569
24911
25104
94916
10741
42149
84601
36314
36610
54710
94325
67510
8304
70203
50789
16022
16112
47823
61035
97978
77541
33680
20734
97519
29385
6593
48480
76101
1980
10889
43647
69008
74977
57557
11714
81730
94014
22229
51429
13798
67805
23788
94094
36832
86086
33191
44639
52665
89973
25347
99858
45370
19798
18804
49077
10391
12514
9508
96821
75954
79742
37049
75752
4775
62346
24439
38174
58005
44872
92570
14884
31070
5659
84926
5693
84900
38624
47266
98693
45931
49862
79950
61972
22376
51454
7426
52156
69122
17890
51317
26404
42916
17816
73217
73366
17807
15899
25165
45674
65982
38164
98913
20937
4566
78252
86400
85016
98824
99495
26883
33236
6933
17307
2670
56660
23278
41609
58846
26999
19924
18657
32717
20467
98023
45523
78423
42088
27090
2880
75736
8217
83753
98606
64196
6420
96797
5010
25061
19302
37363
24298
93604
49411
90459
2109
15543
28608
74219
55191
2740
71346
62171
49475
44291
33052
42022
81535
52466
50927
93150
14284
99930
89192
92238
60935
42634
67965
5753
88221
17249
72981
79016
64403
54524
79918
2701
10222
86952
58777
40634
36635
9631
34089
22775
66113
90899
14523
3263
67349
46384
3534
86369
68566
98463
45480
14211
60841
5915
28399
13676
32120
25486
90561
65894
72981
34534
31953
68839
69682
24153
12214
22537
44769
87707
78165
37146
10852
86311
51763
77684
18942
3673
15448
42904
93513
30981
32196
76714
66902
69433
65102
52986
24175
99645
36019
36897
14488
10683
52532
9456
40227
1574
10086
95720
52906
18879
97687
57734
80234
79758
21993
13962
45805
38303
74194
72405
87063
12918
75682
67951
98203
86777
59126
58588
83183
27796
62330
47279
81149
36410
13231
24593
4451
68387
38031
81908
17199
92589
36316
52069
16442
78722
83514
85107
36080
56437
49911
54254
93779
81095
43898
80833
63138
27513
17414
17389
17291
48593
93054
83347
22757
89316
5623
45543
66657
17823
61030
3209
7159
89757
93722
81835
8823
17939
64314
98732
77952
58056
89601
57086
72810
81284
53023
98504
83633
98994
16692
13840
71935
31695
56537
53566
75864
75752
81948
41096
43972
40589
90876
64664
35950
67792
61398
7634
3659
106
18324
79942
61427
97399
21213
1069
19770
61166
99807
54134
64699
43384
64811
90198
34172
36846
47427
67686
64782
50055
57191
20128
17931
80961
23308
87726
69334
9795
85056
33683
51152
60228
62282
12446
41644
64073
24616
59574
4579
56263
93343
71901
35507
88830
33654
82274
36953
95634
42298
60000
50175
95171
77682
91516
33339
50926
83623
77458
52816
17997
60861
45697
9826
80618
72816
72434
73089
35694
87705
46574
20343
77423
41883
80888
84353
78809
16545
35076
11204
62117
62042
45465
5251
81190
92966
16025
29948
43433
21518
23326
3581
82054
20459
61000
70530
95154
82941
51012
2605
47521
8629
5695
57360
25505
74209
79046
14360
7661
46051
65945
66183
43467
38380
3562
45659
49587
64314
92469
56268
94876
82675
81919
75623
39071
54137
10747
51160
16501
20209
32758
60849
54301
3679
37481
14252
12579
32394
43434
27299
20213
87133
89230
86539
85562
32086
89118
78397
40362
95386
40983
51140
10456
95156
34521
5088
22880
38436
11411
37488
69476
25417
50911
61068
22035
45564
96611
81203
46463
6455
3467
95316
90758
81066
61512
97266
96913
79384
47417
46769
64185
38891
31813
10766
62169
24647
76512
3753
65344
51293
69254
48107
27537
5399
59800
83503
9089
94494
49704
93784
83078
21492
83908
46524
87885
9973
70792
21025
46219
27730
51725
89260
90216
76480
12254
99935
71288
4222
30586
69629
50736
48428
70685
64290
97406
7271
65114
41267
89140
28090
28683
65731
5815
52296
18722
49874
63143
29624
52698
67910
51925
36645
94183
16562
12091
59225
74070
35171
65561
20683
67395
48516
86663
95413
4991
80161
36320
49871
61100
32739
36419
52650
87819
55815
36558
6929
7412
17060
86617
2397
44542
55289
80284
44901
91503
39244
49598
70942
31770
86828
29749
59564
14498
2839
68624
17704
72852
43114
57932
71737
82352
52693
20992
20475
42597
95955
86256
92037
4313
40892
71865
80820
87694
73543
23407
94424
27584
81380
13998
44225
19995
73329
21544
76946
14516
47477
49955
40934
27593
22823
27964
70495
90844
64627
98271
22956
60323
16468
26660
6587
9563
83976
68472
70476
20984
55087
13516
94059
41272
33239
90386
95092
59469
52482
12465
32533
43879
28342
66957
8932
23926
39168
22593
66265
53547
78014
12892
81405
21491
33043
83243
99716
27771
84576
33750
80140
22629
87932
16843
28734
48713
60838
50682
93789
76161
41807
80123
29882
91519
34501
25445
9378
86883
9995
80496
54841
29645
2420
27388
83477
9968
44474
51386
43963
65966
8434
32626
16453
57372
69589
70614
58386
43402
77154
53774
68940
87779
6172
22064
42504
37965
5751
69701
5370
73530
40699
24531
77114
1864
79035
12179
39244
44290
40630
12191
91576
17151
92858
55624
19929
4130
24635
85117
89961
35809
58278
59325
12116
12879
25261
72853
63705
95475
95083
92409
9782
21803
22525
49774
47530
61798
99149
76693
37871
21281
91478
87184
67808
46812
19966
5704
46045
70656
13560
20114
15486
91574
47708
39332
70742
93497
9275
25752
77566
60748
14105
3237
31661
35729
45806
51836
94696
8673
36763
99089
72788
92183
6572
97538
44350
48375
9476
88574
1495
83250
13341
57674
7885
35592
97366
68064
29546
76236
63449
34067
87974
35135
99051
85310
66962
6684
66832
31661
7846
2037
74551
15048
63376
78278
9590
49108
57035
3904
72569
27661
19915
36099
32213
2953
17373
10779
72848
86714
14620
91720
78050
16423
23427
77969
26722
79995
4586
48297
62585
35960
19857
55428
75679
9086
90075
27571
87131
39604
71480
22991
27918
83828
57535
67761
43458
13440
93329
82501
51949
52274
62014
14811
85342
19863
42268
27491
36878
4363
8755
13243
59750
54188
33084
3665
65871
70051
91326
31468
84350
57196
65102
4933
78454
61167
83445
9768
66948
74998
23325
52965
783
10248
33077
95065
38550
15420
31507
23975
1246
74238
17121
48595
78397
42482
40360
39330
18489
22470
77413
23371
62521
48337
46111
4444
32453
58112
16743
4756
30405
74372
26897
33938
37589
91919
53936
72467
21559
28601
92101
3364
75135
49586
29182
55054
79825
12725
56736
28237
77869
35002
88263
80863
26845
54971
21077
34235
39274
94317
35218
72642
13115
79919
8016
94275
67799
82761
72806
55240
93463
98720
61412
97993
47210
34262
37990
14120
45199
60338
66038
16718
52757
75822
30867
88048
95498
76544
95293
82989
771
75493
52709
60405
47642
59079
31621
71954
75235
87072
17554
37501
93778
16139
61502
87923
67358
37714
28137
81327
18970
91145
58199
12894
77436
48654
75643
14523
58563
20925
20930
65789
62954
52274
60053
30070
7787
40739
21516
52753
20344
2072
83940
24531
22687
53904
57283
25668
4562
36074
92594
28666
25842
11068
65683
40030
93569
2512
38004
89769
22998
84063
60066
81010
38796
45870
85133
76491
97051
44349
58529
66608
35573
34003
89898
65457
89331
5201
61896
74163
74110
60637
81321
54680
34624
44063
72739
88746
11320
77355
98414
30045
30566
93241
63035
35457
4406
79322
18240
47175
15720
91153
54328
93780
95241
58075
70824
43033
43682
5879
78609
62122
15858
89311
17553
24978
70190
72740
79988
13278
64919
80608
19529
10032
46662
6801
2114
76743
7119
7970
42712
67196
40543
37209
50182
30044
23092
93943
93008
54200
24999
74966
58482
76579
31610
86112
54229
9556
40959
79813
46271
6383
9800
79271
22442
23705
99204
18802
53358
68088
27694
27861
51195
22117
16128
98765
81696
69035
49443
12471
92995
42325
66550
51575
35390
81792
97026
9378
90540
99489
57690
87843
85417
78132
41218
14734
33902
20061
36535
13933
9852
49509
41788
33176
45137
33601
83637
93746
2548
20247
94457
88985
53149
62480
86527
61478
11106
22604
91107
38382
50334
29907
94511
81025
14007
69201
36442
68699
71891
3839
77714
29313
64335
49471
28757
84152
92332
19199
19386
64744
53289
85676
88199
17027
89625
39324
864
86920
77798
44746
64488
94252
11617
50577
53577
15051
14534
62270
13460
56549
98688
63335
47687
47536
60859
22808
95078
49212
88453
84540
23216
47722
30539
23745
47110
27591
25949
41601
9088
23089
80297
79668
77567
65830
97051
12461
77726
45335
79389
14607
72968
33080
24378
75240
97200
82911
55276
85809
78659
16902
23425
74494
64786
46722
36094
28084
66320
31024
66502
42083
92656
2820
70884
20694
8514
258
50092
47035
43232
41544
12066
20435
10327
42161
41407
50134
5064
72541
165
26681
41790
18131
99234
64823
95471
79471
17286
45902
9252
46534
71517
31888
94201
92685
24301
44876
41671
7545
79890
12884
20255
64807
2570
10539
5458
87139
51433
19462
22775
29722
29678
86344
39480
96598
79769
47064
50726
6408
99269
27169
49730
36707
84715
73454
43830
44899
67423
39449
47726
65913
36064
70240
43730
16564
21636
37186
99792
2809
87005
19887
62186
