8613 10978 1092
2228
9140
4044
6598
3561
6731
1423
1297
9811
4908
1082
5925
1892
8654
10664
7666
719
1319
8091
2288
701
7956
8020
4954
5500
1462
2220
10359
4378
9290
3157
848
7383
6756
6564
4354
252
7701
9168
8605
2797
7101
5521
3773
3292
6018
2897
3146
2219
5239
3305
3641
7601
10954
5267
9199
3845
207
9265
3985
10437
8390
9710
8338
4311
2323
6427
9921
3999
9075
5056
9961
5626
3933
9978
7253
5131
10530
2573
2746
5940
2356
4393
4577
847
6680
70
2966
1631
7869
861
3354
5172
8198
7946
166
7287
5745
7972
3913
8277
4496
988
10836
7488
4337
6866
7252
189
6636
5338
3638
6392
2961
456
6308
3888
6989
7710
7713
7797
3856
7212
7209
751
9560
3347
5594
1984
2272
1874
3090
1852
5044
9827
546
8635
4898
7431
1018
7521
2360
480
9575
6346
5958
8022
4600
4110
9323
7866
3340
7605
6960
8499
10961
2004
7280
883
9551
4554
8641
1676
10053
29
10053
1253
7856
9513
8765
1965
551
6751
10859
3973
2320
1889
1147
4761
402
6456
3954
6951
9017
5434
3126
8650
1249
6470
2375
10956
807
3903
2550
2115
9610
5586
4668
1962
1664
4715
6336
10125
6756
945
5511
6967
3762
7254
5229
5982
8499
6468
7101
8175
3806
2315
5292
2447
991
5013
3272
5422
3289
9135
9942
5080
2294
6895
8617
7302
1268
8320
8937
10539
1455
7134
5501
5480
219
10441
299
7967
6972
3842
1175
3530
5687
5748
158
10828
4997
8372
5585
9246
7343
962
5181
9579
7948
2505
7349
6319
5512
7426
5780
5558
3282
807
5934
7714
2154
9068
5542
2521
1818
3212
5496
6167
2862
2487
7434
2537
10182
3812
5136
3140
6307
7152
1243
9787
6445
275
2501
2445
710
3438
270
8563
4934
10753
5341
3840
5275
9928
2356
7875
3759
6068
9068
2811
4619
6090
2914
3105
4536
7252
7087
5820
3166
10201
9139
1219
1940
1542
8081
8148
10403
2959
5936
6525
6208
7374
2588
4886
9493
9429
4914
229
3486
3743
3444
6479
3258
7476
1421
283
4204
10793
5183
5891
9802
5189
6348
5957
2051
4626
5439
4109
7658
4637
3790
602
7745
3045
8272
3566
7152
546
10344
7530
624
7574
1401
4648
7033
6796
9551
7972
2379
3013
10536
7120
7322
10025
10741
10186
6149
9942
5157
8294
10104
5204
6327
6818
8041
6046
802
3997
1304
2717
5510
7831
2277
2298
5184
4112
10302
5870
5830
4644
2673
2458
10502
7205
9751
5326
2675
516
3299
667
10251
10928
9798
2541
7631
10389
8376
6043
3212
5418
1668
9413
2439
9967
3226
919
8726
10154
4827
834
8451
341
10085
535
9785
9213
8644
1678
820
9638
254
8971
8498
2904
3193
5285
4556
10440
3891
334
10977
4879
8814
3091
6225
383
1255
1543
7717
2039
1269
7550
9486
3104
7747
4844
7092
3595
1469
64
1306
4721
10388
1979
86
8944
8242
1380
2750
5304
3177
3910
10549
8134
1484
5627
4847
5911
4529
7495
4853
7357
619
9644
4462
10238
2079
1411
9482
7066
3418
7200
891
9753
5904
1201
6413
8148
7314
10570
6324
3397
772
7553
7573
4507
6394
5331
2176
7006
2987
2747
3037
4237
8279
1500
3571
2925
520
5306
3037
7073
2644
2472
4232
254
1437
9558
1511
7465
3328
6613
10393
10031
10576
7400
4847
4
5946
10019
1585
3380
9010
6965
8843
1734
5297
3025
4135
10246
9536
1501
9354
1587
9206
3335
9541
4287
62
6492
10223
5681
5088
4174
2626
6359
5101
3806
9274
5426
9617
6832
7370
1019
548
3917
1922
1073
7315
5250
10015
7203
10788
2413
7331
9740
655
6634
881
2677
269
5662
1729
6278
610
10094
3549
1029
8580
5375
2020
6475
5953
1602
383
5652
9462
9858
10553
960
1050
10101
9267
3724
5492
6933
4842
7678
4888
2751
149
8475
7237
7447
5472
6174
1763
8820
6678
10185
1
1140
1660
9784
10538
2713
5948
865
5022
1904
657
3508
5566
8382
122
10339
10746
5597
393
7086
7914
10057
3822
8680
2765
2854
10087
9002
34
6857
3544
6793
6739
10098
993
7716
1866
10062
3611
8424
112
10183
3098
6752
8569
7548
3469
4719
1025
4904
2016
840
9833
10213
2081
7437
795
9741
10028
3429
2250
1235
1836
8838
365
6709
2232
5817
3249
9425
8830
6973
6524
5934
9601
10014
5225
2575
4266
7182
2120
1173
8476
6206
9331
7837
8826
9130
5236
10313
5124
2320
310
3015
872
131
10082
3819
6750
10688
5236
769
9932
3243
7894
4402
1120
232
3351
5573
5850
6360
656
4276
2189
5501
7561
3173
7823
5715
10445
8714
5788
6769
8989
9848
5839
2585
1702
878
747
8504
6011
1267
8902
9019
714
9433
3922
3551
3272
7813
8913
9199
1376
3599
3897
1058
3098
8341
10691
8482
2131
6121
8983
1869
3161
3725
8755
4973
3859
4661
8081
8868
6138
5241
2055
7606
5431
8427
4374
5516
129
9328
10808
6170
1077
2251
1801
546
3477
2643
3699
9145
4099
3358
7401
9051
4672
3897
2640
5103
8231
4204
7079
5393
1694
3724
5997
1665
2509
1406
5269
4142
1521
126
10215
8826
7164
8536
7677
6712
1607
2725
193
3754
8028
6552
8935
8801
8418
1714
475
6273
382
2147
5541
1194
8203
10206
4797
10668
2234
1779
6089
552
9864
2691
775
4415
8819
10644
6291
4485
6620
3966
9103
2040
7772
8094
5536
9534
6469
753
10705
9363
8966
8950
3519
7425
10751
9680
811
5628
5025
6162
9700
6987
5898
8902
1919
10141
10431
3654
5717
1564
2612
2024
1684
5564
5620
4413
9691
10135
1459
2471
4298
6759
8613
8928
780
6833
10330
9686
632
8900
2936
7675
6223
1714
5160
1538
7586
3844
9924
10964
131
7899
1675
878
1686
3753
5191
1102
9945
1941
4598
4461
7708
5088
2882
7355
3916
2218
10762
545
8885
2163
9996
7536
4147
3611
9094
10214
340
7844
4430
6491
518
6186
5246
3855
4816
2854
8115
6209
6970
6148
5792
6991
4985
5988
9183
5084
7747
10700
1430
9330
7104
2026
6613
74
5972
5239
596
7435
606
5218
10001
7872
8713
9089
4198
49
4959
5680
7184
9269
7986
231
9051
5483
2798
750
2283
1920
10099
2227
5249
7646
5116
1542
10192
7041
2346
8435
1471
9433
4713
2737
5444
3273
3596
9535
3647
520
5464
10822
2564
9247
1148
5061
2047
5909
10330
3568
9797
6869
7660
10588
9230
4297
6886
10165
4399
1617
6332
9006
3371
375
8274
1798
7566
831
7597
1706
295
9468
9407
9905
6198
