9299 99823 895
91375
35682
55871
84801
55729
64654
77029
82971
76987
63226
53035
76936
11722
11889
73410
50582
88350
27617
88137
13912
77630
89953
63006
12426
10626
21384
15635
53732
75283
45312
6835
55757
2934
62525
46092
50083
14053
65049
73167
40373
59196
92350
48796
47793
60116
20341
60986
77476
78168
28405
23089
13314
376
86977
1624
21869
20201
97801
53690
33917
72348
67573
36626
67301
21905
80001
61363
13625
13533
92402
95358
3894
94407
63446
42713
72064
43530
8806
7703
22763
55046
1720
62335
39091
68221
39019
23334
37924
35135
27830
25959
62283
49734
76110
63591
64204
69608
21773
37898
57481
97352
56475
68357
25380
2111
27847
45840
1012
48264
16359
62950
72008
30765
93472
6999
21574
77044
55081
24854
8459
49654
75329
99227
37389
18229
17749
56455
9475
80214
33349
14807
72422
33532
55101
49761
9464
40832
43063
79719
83668
73913
52587
35212
10845
77271
65581
14001
6147
90180
11962
84796
48516
61343
64905
57915
61485
84566
53230
64314
23563
26875
19444
49763
48896
11387
89309
92284
43689
97982
6572
50690
87091
30737
12137
12028
72734
61535
16178
33847
38923
25671
43956
85282
63903
66063
27681
58289
6094
36291
83249
8004
45890
68440
84089
52461
82732
83304
64185
65009
26750
2522
15426
30187
97546
64834
17436
88432
19043
16891
15912
86215
52375
1297
72641
40203
60498
2444
15110
70662
25108
8804
93996
99341
27775
38721
90522
45823
38682
23950
26558
15908
93457
36277
13664
38269
74567
67028
85618
11627
92458
91268
27074
60062
59738
38698
23688
57739
12252
41712
47229
84334
76966
1332
25775
75969
85852
2073
86310
7466
42547
8411
29944
3436
78462
80380
92007
90969
67103
17378
92619
44819
26530
84351
81887
78203
26582
38004
48744
90067
90520
82214
50975
96912
49958
9260
20043
28350
31410
5746
50399
4282
44486
89911
542
55920
2007
68868
70414
62017
89134
99186
7583
36017
17634
23215
34381
68016
31734
48703
32072
96200
83114
1501
50650
92538
35592
82752
39530
70137
68184
41601
25131
29103
32285
32709
1212
63229
42537
32913
83419
45587
19148
68957
62103
48841
66379
67763
91700
90074
56313
4213
86599
17841
80138
21060
69748
38304
28416
39028
89525
58186
72794
47938
75279
24685
31975
26838
8576
83348
72380
70510
67565
98383
32135
86632
71753
47945
56007
2371
72671
57341
80568
43311
28188
97199
4179
27328
59964
48183
5816
37709
6945
6228
6708
96816
69598
13401
17845
61627
68435
21682
61911
732
6424
98498
53473
56566
41996
31213
99165
57258
76019
12675
11432
41404
24564
73403
29811
63882
95085
74666
65688
22000
30370
29486
42152
89943
9841
64058
74655
63536
36243
5587
78510
10256
26449
31498
65949
28792
13082
6170
41563
62655
71213
55618
37533
41006
73874
49025
64943
75460
56338
26886
13686
98322
77281
11822
12686
68649
3641
45523
12338
44025
12907
58070
47207
74291
59470
30734
99114
22062
34222
69994
56705
75005
61770
88071
69903
39864
83910
65489
75524
90840
65906
98177
76193
86414
14863
8659
21369
58824
88962
83081
1403
60151
729
23920
27698
80779
29624
83591
56483
47217
73231
55487
14976
50214
37396
86623
50911
54630
46732
52679
86824
40244
5119
59427
16804
70980
6919
40069
51162
45919
64763
97568
13241
85782
97880
71290
36050
97647
67634
7555
4694
58230
28871
23608
32890
13223
55812
12314
27246
96420
45829
85844
43900
40404
13755
65962
66723
70364
14016
70762
19693
65711
91895
65556
65724
88355
70750
61208
98064
99572
17912
65893
69888
11031
2488
40720
95231
12793
15992
70481
78010
20271
37844
86887
65675
39004
57091
16672
86664
11232
12074
18685
12471
78327
81919
23801
96593
30771
96594
73458
88540
35974
51640
53465
3240
55243
75549
99822
92041
69816
59561
37030
13081
87132
31139
66039
25104
45572
366
8963
65244
28062
22230
60037
73831
3930
34044
80571
34880
75190
86954
37329
15536
81070
41309
83584
65557
63958
18544
76698
48153
79688
54065
31797
57805
52366
62318
17688
5313
62348
15527
14505
7883
14620
81550
23255
50659
63938
67349
39846
35037
90624
996
12892
5402
16627
93437
18905
80580
94457
97200
90049
34471
22202
28094
85373
86628
10031
89714
6353
31544
32658
93866
25813
39760
73965
41963
27310
86864
62468
98707
19238
69255
84643
5798
30141
78800
74663
73562
67175
63578
40183
80388
90218
13604
27567
92417
78004
90455
68912
93756
3109
44410
69462
62019
20997
55300
6402
43690
14283
61211
20239
27946
78840
97058
61034
82629
37431
24455
48344
10383
41058
11743
36261
33320
81708
85425
71617
42218
38943
83483
8660
50018
64087
4863
38628
18769
26695
86008
23877
95459
65592
34883
44643
81536
14701
88776
91191
26565
2017
82224
60538
468
3528
55377
29810
68785
41672
17980
80966
25667
2413
5957
30345
11844
68767
2361
27552
31590
59953
89390
21854
72210
56763
79922
38130
99615
87155
55196
59264
14186
60529
15685
84698
46691
44464
28133
89376
79969
29062
42657
10333
79555
39442
88986
90970
37879
21144
94719
56459
36932
1055
34776
60828
23781
84322
41183
49797
36213
74690
74320
84654
16066
92736
98864
85965
88754
75841
30694
83729
97498
72302
23223
47640
40128
20190
3470
98392
75060
11683
82799
73164
2683
60896
75610
41517
45021
32021
86600
96011
63233
28377
95865
24630
2408
45731
36741
38358
21397
11601
82895
45622
69643
73644
51766
43605
38921
35192
32535
14256
87529
37664
6417
59901
92572
68931
8578
21755
56187
10569
58330
2352
21333
20295
19964
14024
41490
45724
39949
73686
28939
31312
93603
2503
27198
13028
27105
48333
39955
19960
1957
2494
45443
41767
12115
85111
55425
95991
56886
88508
58119
12331
