3232 99955 3261
45343
32719
17595
62629
1830
80137
95468
75108
59031
73919
12684
45736
9048
13945
29037
39090
22891
16689
88201
18533
5773
68993
91885
7656
96566
20075
3823
63563
20019
52857
67912
42534
63045
89331
60375
24414
67767
51188
60945
66143
92413
21885
71133
2801
90535
24747
38702
25473
27491
15288
11877
33693
15580
63663
83545
83931
9529
21880
58847
76877
34695
97991
79933
51698
66939
21389
21536
12703
41876
20054
52292
77914
89445
15810
65762
15009
98502
65626
27767
21840
91439
31929
44808
86258
97360
20007
40479
19479
64412
14386
99566
27409
3736
58386
25149
79227
2092
40896
1698
68793
88160
61790
36493
83946
76990
45897
41613
36371
65498
34710
54887
45125
7898
78639
79750
48494
34805
36956
42974
6633
86227
40673
12670
56050
5137
45306
18796
72554
67837
15476
41870
18482
28480
96515
42851
76126
42234
93840
38296
13775
67568
36445
9870
98592
71364
89103
68999
68105
82484
17490
79791
71104
35036
48723
63183
73462
54587
51557
73469
71371
42133
50883
48453
48881
30386
77701
70879
25125
63441
90059
14367
15029
8047
82612
27938
21320
50374
29980
32621
31068
7311
17439
77960
56484
99787
16802
22177
62593
13562
41930
69698
53713
51221
81211
20971
97583
96198
11619
22525
60805
42013
76742
48474
35149
34216
67390
67620
52604
20432
7534
61641
26687
7255
57153
58264
8327
81674
50643
12334
8097
87502
22363
54342
72921
70259
13776
77746
56245
448
6522
49739
84872
25857
85955
86751
6319
26283
78101
56305
87334
11445
4303
3335
48654
82398
6360
3546
65376
61351
64370
32999
17663
73839
27125
25061
68861
13035
11270
97710
81597
35186
54788
55765
89696
18500
97893
89306
54873
32598
96098
73540
65990
55267
10362
25275
98175
26016
14589
15996
68845
99954
11602
99077
82028
36386
12109
47328
53112
51652
40474
6105
57214
19044
66016
8569
5633
31009
27081
39961
79420
96351
76837
9035
43194
91511
67696
16238
22088
87554
60079
14344
52854
90717
23546
15149
46604
47416
98458
94241
74947
48401
35658
46244
67107
11050
35514
31908
48079
75764
51977
81485
35775
16928
67251
46247
45429
40840
92963
19661
44118
68769
77890
10959
19245
41945
98989
73806
41823
9766
65971
103
51057
31818
96070
65008
23686
36140
79428
13303
82962
3783
92647
76909
20705
10125
37394
25664
74180
46402
37695
16408
32990
7882
50294
26140
9509
12631
66339
13898
20136
87393
859
94487
52323
82781
31236
61356
93552
12473
64855
41619
74011
410
48668
64722
97608
49551
40392
82405
70005
47841
99434
4140
24424
63578
67832
99619
87401
99225
96076
67228
47882
87346
62507
3406
37921
17890
10181
87455
37497
3888
77696
82097
44755
37713
70878
78835
12941
49491
48379
53770
84989
31341
1088
83549
58268
84341
23987
54975
86374
60010
88810
7534
29094
52031
74059
59100
63429
35261
84188
37243
24328
61602
39486
97262
23668
45309
41115
55946
96153
62976
70288
34531
89287
88367
47206
18775
74532
46565
48818
1657
94446
96886
27375
50548
90251
84552
19849
65366
37303
69141
1285
49667
47282
71175
87451
1249
51432
46004
8010
15017
57120
44244
77962
28230
29966
66370
37285
80621
41037
5196
71037
75079
97885
54866
65604
96278
4820
90384
69063
19492
20521
27268
68789
50837
65855
88481
11849
88258
94463
59505
95346
34111
69652
89254
75008
81034
9816
62003
69160
41203
40912
16477
79777
33060
82981
94807
12311
47821
74218
89380
79393
37310
58327
33928
57840
44018
93967
53203
46731
6594
47626
57646
79773
54468
75127
37840
3999
77526
51710
26934
97536
39469
79187
78450
14108
44191
2889
83740
17428
2628
11011
43572
55270
5199
42320
46247
86482
78228
15662
25265
84771
88117
35307
99462
54606
43013
38743
5175
94891
37556
10001
33000
79337
6292
55668
84933
21538
35793
95548
8244
34597
7666
84914
39044
54177
70566
47312
46562
65755
10918
73263
8151
48479
57615
43166
87916
49181
43263
9174
86241
31574
90376
1205
2117
74120
99299
53843
92335
63507
37172
22899
48867
66495
78236
87111
8223
41502
33338
40633
48881
61380
55200
50322
49582
49845
35295
33132
38271
83120
60480
32889
47470
38074
42685
22183
93715
13306
26002
24262
72009
63841
54205
28617
23269
73602
90198
1147
81096
9634
48339
69234
93520
35482
86752
81557
53518
63479
86331
92507
47993
83264
76228
33931
34999
18095
94986
72261
78495
75741
98818
2933
42435
80628
31958
41059
7269
96066
91314
47254
78951
91042
26023
92927
26705
75946
16095
64785
36342
26337
74396
49069
62538
78268
45757
14082
37085
48492
19170
83841
98582
42198
30379
80307
59894
49726
45497
89924
83947
73908
49391
99369
77926
47376
26849
58709
62445
80074
44080
79095
3193
77322
15850
72739
32108
38143
21183
86652
36794
34698
5378
80944
68413
6883
56795
15056
11625
97874
57877
55514
99776
47868
9965
56240
4301
48509
56825
35736
32644
15544
40256
30972
28742
32763
33488
86032
85899
81571
8418
41672
77605
22914
55596
38478
41441
10873
58149
20346
10395
1510
49195
15921
16341
76410
78004
84467
62430
79249
51559
94220
14411
20260
64511
68104
1126
89155
29727
26122
44307
49205
83741
49240
28301
59770
80268
73238
66742
63814
15981
67819
49588
62437
60992
33936
58418
81237
70044
40165
73068
79299
37452
76049
31269
72595
92915
65891
90704
97592
99174
72923
21745
56126
6526
18902
87138
28138
94990
87439
892
95647
92307
72536
86364
49081
57230
53290
49470
80967
16981
89992
47946
97278
37207
62497
71484
8968
71062
48604
84677
16494
79614
48106
38568
57768
25792
48519
31552
70663
76318
21096
47
51280
66368
27279
75182
93616
50192
82797
79564
83314
5427
80016
47549
35993
99822
83172
45254
68104
24932
94089
44617
91514
86533
87940
73619
72656
78033
36319
87656
85656
20796
99252
32113
93901
72495
79947
99171
41680
70808
1988
83046
28697
14903
10184
71055
955
22664
76511
85015
42505
13868
95528
27213
80524
56485
6594
92440
21378
49076
96408
63846
60656
38017
59359
6567
49211
5052
27549
48119
10897
95306
41823
78617
77532
21510
68701
61138
52717
1025
5603
90896
68437
28242
61234
50656
37873
77032
2012
87037
85754
34064
84209
17645
43923
11162
41400
18414
78645
60850
62776
85519
13662
5061
1708
18950
74167
83196
13861
7990
3667
13713
42606
56700
43101
47448
33287
71008
73026
53920
17347
25589
10676
38
9788
70895
68883
14087
15348
91850
79581
190
17664
17101
87155
79518
45706
72731
11002
60105
25778
70767
13280
13310
30683
40862
30761
14572
78683
13585
7837
93493
40523
96387
5481
48865
13576
52861
26860
43202
2288
55239
22787
56743
66488
3294
24230
2973
20487
95540
14585
52045
71133
94169
14431
97825
26164
77920
52722
24365
48269
6025
66647
30474
71694
67060
37721
65176
65396
76867
41505
19281
61221
83276
42362
97080
11501
99500
41342
26932
6675
81361
44636
27317
27270
65300
41243
52173
94966
71361
27250
88418
55244
81555
80011
21194
65291
71007
45625
62995
23939
98888
42294
20529
30049
60587
80476
62634
52737
1138
56975
88015
58990
79318
60790
54353
7720
50500
7399
58464
46383
64777
13257
69230
54401
15027
43004
90100
78662
2689
40856
86765
49143
10082
70744
30725
17369
60247
58640
66265
27785
47684
52427
32737
55730
74926
21207
75403
99000
62148
85104
80655
45915
96838
85439
2104
53754
79540
54232
40305
98981
46820
49208
75183
73369
90459
26838
86180
47512
18521
45089
70268
43334
11970
20688
6292
65843
9869
8964
25119
38057
65460
37879
73021
41962
57240
63115
6884
48855
26312
11647
28102
32535
44836
17594
87510
44019
31721
3637
80406
4084
80574
6406
72770
44270
23576
13965
27236
99068
42443
94022
52946
58061
43468
17916
43872
42440
52667
52482
97309
82818
56168
89653
26036
50733
30738
98012
49765
31729
82519
74851
4957
33741
76761
41771
45731
7805
38714
91320
23745
21953
81678
63472
26860
84551
59880
32370
98205
28310
38588
25268
90836
42103
77303
32185
41586
96134
4566
79328
16720
32083
34088
97304
21479
32579
71795
47503
29556
98925
21229
64670
48527
69696
71623
95064
96185
97539
32232
91090
38775
51233
51125
80003
51517
86420
95275
63577
37718
47642
63323
57228
91040
29168
53148
71961
69328
30865
76099
17140
37697
4702
65522
58181
22822
26460
39214
11935
19667
38535
23893
80285
12013
17472
49786
55259
41957
44756
96401
84169
63478
24508
2861
95060
53289
13672
35163
85885
13189
5682
95010
59788
52454
58212
58150
62088
41234
96238
80719
28799
29115
62013
13795
56197
18308
33911
22548
83452
70452
74958
75938
86324
2308
27419
52827
60453
96686
48621
79556
47061
72964
51051
60123
29330
33413
41596
7754
75688
79012
98076
26680
72953
48001
13601
95904
7332
38395
68725
89916
9709
82693
77113
76802
47354
47019
19133
32210
47065
20296
33619
96383
55483
97926
72232
95723
50037
61094
61637
14573
58902
31475
88215
56391
28730
1717
10228
57869
40333
61884
22050
88863
98588
32096
77355
24902
62579
72624
97783
96356
34369
16440
52397
65734
51185
25108
11017
5984
9118
50381
29263
75913
60116
12871
88553
97659
78236
51881
48053
34432
44397
99463
19927
88950
24650
50362
93146
35
2688
84103
84478
14751
5487
56125
86839
9350
59312
30386
92333
49319
21020
39447
71611
43144
77894
59552
35444
58686
35908
35644
51691
51345
72576
99350
99218
30564
80164
77292
96244
24085
21188
35409
82698
39119
26832
48187
60265
17581
79559
58518
47567
32735
40143
64186
99295
61350
65278
28527
58501
2170
65139
97909
40467
52350
10208
56175
60345
49438
98656
16529
33549
17965
23902
5501
12480
26721
56901
2558
10785
69734
13366
37465
17231
11964
35336
77492
29615
83321
92173
79719
7673
79419
10655
87358
10754
53378
11716
16624
59438
37135
69162
37695
79112
39495
22798
12921
49500
78534
22623
81262
18866
96671
87483
29831
38844
35031
67059
71446
89968
94773
42181
2896
28942
65930
29425
31653
36324
24160
41727
76591
67729
96264
4440
99137
12064
84997
58599
63287
24357
52218
85274
57916
14440
88469
92172
78785
50314
58325
57654
67989
8388
70585
20812
64314
38375
20225
6918
1878
76510
40666
97461
93109
42053
64718
9988
19400
5688
51410
73592
75071
7295
45290
78263
10491
74918
11206
41991
3842
15421
85824
69277
40554
91708
80699
30715
54668
78942
38641
58085
62580
69836
29532
43839
47402
92941
82380
9837
30567
62614
84627
46459
88956
77064
62573
14303
98126
48001
30840
70777
41335
42089
19534
49078
94799
18890
19955
65398
4528
24635
77809
29285
21958
54119
67335
11948
13805
38261
99670
17931
66070
38707
65029
40913
25472
79226
55541
81957
44107
9120
21703
90349
62888
83876
56433
64953
16812
58386
5696
85469
16306
97087
15568
18271
24777
78009
67810
99509
4312
77966
20170
1707
72126
89578
68987
94029
74202
36492
49944
89694
48607
855
98757
92022
36227
70085
95405
24924
2875
77397
63192
29033
97136
43243
72455
34658
94021
90688
92984
85291
22286
30937
93667
86748
36862
87487
12455
72961
99352
97797
72504
85428
40653
67417
38939
746
13648
69430
27346
24297
19586
65540
89257
63457
2551
87136
33085
45476
9983
36668
80055
72721
86617
1993
87089
96826
79314
5242
32330
84420
80913
68143
47130
63551
79994
94223
11776
21399
40364
74541
45527
8794
46175
98887
34789
44322
16346
2740
88507
18638
61963
13298
52305
42478
37220
63947
56874
92804
55448
60165
7988
14678
50259
16650
13186
43404
63317
55382
11408
92887
72104
17058
38085
98134
24582
28322
73161
10911
99486
60398
16412
52912
8163
99343
89299
64712
50174
89375
97713
69510
35976
35654
30540
6608
78478
31137
43737
37698
94197
59888
70044
84020
15944
97743
47456
7551
99953
82190
49592
27573
38076
20722
45805
75336
62857
64848
58764
76835
35629
74113
85544
94173
55435
22774
18822
62482
94772
25270
54166
95092
98484
35912
21881
8926
44177
55980
90606
36984
83682
53450
47367
48505
89063
61478
60728
66218
24390
42939
75580
8238
22462
35342
82758
68139
91941
80949
19345
86758
16430
98775
14890
49021
35169
70295
33583
9576
72369
63240
30456
73347
20406
76088
54268
93966
69881
35554
80722
84866
47218
69909
56743
73093
62014
97308
54012
9514
21878
64531
93278
48867
63126
40160
59302
37313
53794
45735
47093
2231
21391
74289
33115
20195
78341
74058
18657
44189
69076
81809
73502
51217
54992
68300
23872
56693
9638
43496
16581
8486
12561
48065
62657
64937
30234
6519
39981
44581
10344
22413
27551
28873
9662
47727
39328
25002
11217
32095
36414
78709
18741
40461
51253
99034
4016
73749
11056
94249
55359
65945
73699
72251
72543
40383
16396
67193
99099
36661
26895
87296
12313
44493
20939
89766
8324
45126
60822
3286
4281
98462
5523
15699
64522
67824
38145
61349
47735
81458
49062
23169
85269
18466
28077
14143
95094
20424
12191
45336
10984
36001
8082
25983
66923
71837
42445
80387
35825
51603
32443
17509
25968
58550
61426
31084
76953
70427
35798
41646
10055
75983
674
25391
68008
43706
37749
53586
48423
94904
2030
75482
77601
64116
94064
23656
60994
985
9532
55826
51415
38629
17870
75207
5138
95083
1696
84718
23040
63279
78968
41659
17662
11455
17924
67605
11395
82416
94062
43668
60067
70984
15918
50682
78476
42764
13046
20879
58288
72225
42522
66624
52106
8737
73926
75377
92516
49688
50980
8525
86569
75698
27195
2337
53517
69849
91748
4528
15197
24475
50010
57086
38609
87817
14036
29093
79733
85676
46932
62463
12220
64091
23043
33429
40676
84953
16485
77750
36164
35989
14262
76980
44693
63036
45033
86648
76213
34813
68539
89089
16355
80217
88778
67599
600
68138
5489
11783
46072
72818
64264
46625
84292
61788
78071
61000
61719
87413
59609
81958
3617
27189
68900
52201
71937
51641
19959
8865
7115
17082
51013
71325
68781
87711
23013
58322
57225
4300
36556
93688
90221
40461
36332
12080
13067
61992
43992
35346
38401
6107
39295
50677
77966
61910
10737
39868
28484
43348
34505
37283
95530
38427
30353
79694
91717
95109
52643
68234
19502
22591
60756
85498
78440
35451
60802
5692
60539
43755
79214
38886
58184
96783
30495
4316
58558
70917
29244
43011
93588
93545
82736
34199
79371
77018
84456
30465
69720
45467
83139
33994
55363
97207
84205
31071
51270
80381
98914
43186
23777
30192
52439
3137
31518
28371
73498
3411
36017
89995
12067
20617
72063
78206
23017
62782
65366
26210
22723
75571
88856
85876
64142
48441
45850
78921
16148
41255
81239
99823
40791
8091
13637
20549
36294
40241
55571
97886
10531
25000
67872
94771
19233
83716
89900
72705
19123
49964
33924
16006
19784
67005
34197
36055
14726
86717
80084
80704
34109
74447
84415
26049
96733
83511
26778
45192
22488
6278
14438
34310
2236
80195
1579
14948
26663
56153
48137
64596
5543
20388
15864
58809
35525
58104
29978
21538
95496
34711
22663
80872
93055
5663
12766
46422
68553
55817
24381
68753
42239
58357
34784
58180
45981
24615
45130
54476
52912
3341
42919
40559
74188
42686
96680
7465
92281
85531
99287
91141
34419
96083
50874
6928
81611
32714
37365
29455
79831
97771
12642
1531
92621
90710
62405
14986
44788
29848
26998
45188
17829
11104
53885
71822
80476
65415
58644
8428
50342
10626
92001
85823
78236
10395
36438
34486
68137
97741
48586
60306
87925
23784
26716
83641
34149
62781
66423
85748
36098
48481
35163
96372
3365
28392
32743
7514
50733
57971
16726
88042
67875
9157
62691
86010
50453
52443
9786
3376
3467
73555
36320
18358
88213
25623
38007
90997
38033
27609
11543
79374
34319
36926
11619
40088
30731
19197
75852
18710
17397
30638
65915
96898
51857
85269
86244
77467
64076
39525
69404
29282
51098
45796
52335
7393
62325
30529
7579
16543
22366
85735
91844
87375
22926
58587
63973
24804
9813
25132
16552
73397
30977
63275
8178
40204
90122
92274
19377
20765
1588
59740
47294
26717
54480
55087
61444
86213
58197
25035
2313
74566
18269
9254
45939
47188
53062
18050
6561
43616
52989
57728
17022
54956
55015
56550
1815
97815
28832
66976
15275
47942
75649
71025
68723
39822
57363
2833
53692
10115
98713
36151
52131
2306
29019
6545
59667
18109
72189
8065
28607
29132
78089
29248
5000
62043
14290
66433
8205
80774
82405
13901
54397
50061
86423
54815
278
96746
51395
68909
31521
28720
19539
66500
4861
22580
51015
22907
80275
59408
58068
91400
55805
60866
77411
25021
95463
53497
47639
60278
37913
81432
78433
87809
55564
96718
18240
9682
90258
78933
74534
61597
81652
52011
27095
76109
73384
24394
38544
99664
60471
27126
59676
89404
4929
18089
25944
15301
76719
28832
24192
9749
4525
13773
86319
27794
91586
85913
69580
3418
72120
81981
87176
88434
46144
53412
65760
67622
92877
41826
17519
11030
17760
27988
81692
64359
59052
96716
96944
93017
2823
96361
95680
28938
99498
42545
36180
54422
17817
21875
25740
19709
94038
55547
65484
50027
50310
65276
68915
3759
5170
75535
89099
95838
33581
91056
1568
46949
15080
55101
62320
34417
37967
34249
59127
27443
18077
34384
88014
33214
11989
95924
99277
85908
42030
82283
21592
74713
90369
90444
9652
6561
54198
74247
80259
81557
1090
4043
65553
24800
75157
82497
27332
82829
87773
89048
37501
41601
80115
7381
88744
44443
43099
97505
51241
64134
86387
85352
40368
76867
56273
80786
24178
52289
61685
10481
5573
27382
50552
4405
475
39221
37767
46094
71641
98570
77538
73979
23717
71143
27719
7789
74250
52825
62318
42068
87478
40723
51906
77869
91858
13060
56691
57928
26123
81301
18229
69469
70851
6494
17768
78698
85945
89965
78059
80967
43307
15920
65745
77043
73325
86818
21948
72874
74944
62142
80294
34033
78519
3632
26390
48388
70037
8259
69358
63642
6501
74660
2404
6370
10069
50271
55835
80252
52625
45979
73818
20417
96122
46460
41607
91638
54229
78179
53789
43075
9862
30774
3859
84890
58813
7333
83933
1173
11655
67952
2764
25028
69456
7755
55526
3624
65079
37224
35994
2894
88925
50218
48629
58728
24054
11514
47962
80651
33545
4925
2459
40329
31377
88202
10316
70090
30360
30214
9966
66386
92080
60008
65909
6916
16587
96055
18115
50538
3836
69835
10905
67021
73471
89230
47715
15045
74832
26920
58928
85431
83611
79241
76562
23551
42124
62091
39528
60810
58350
93355
58956
81348
25455
14964
93243
81010
64013
54994
60374
74372
63437
11052
47169
14562
97584
33212
31691
16955
91465
71719
2706
30550
9250
94211
86397
28520
46126
41183
16102
56811
21962
7451
13826
38973
59128
3765
6389
90375
63978
65064
78227
54704
77963
51865
34464
81389
20716
65748
1913
26357
73293
35233
82600
32629
46638
95643
4284
26884
86326
20891
86422
60146
22544
12494
51548
5067
352
9941
82961
64492
15879
82397
3413
68704
51458
87461
37548
16454
49908
71288
94917
1286
81197
99672
5529
17742
81509
42513
57620
76001
70376
85012
86432
92339
83904
19050
58515
843
93314
46121
48035
2262
27613
67003
78044
19569
7184
41057
4666
36212
86438
77598
64369
33385
48819
90838
49277
22945
97253
40496
22510
65215
12086
50707
87238
16074
54332
2141
73919
35292
66423
82292
70914
56948
70144
15847
24599
24996
32028
27666
29441
94722
94920
45382
19291
39517
92956
64000
11313
81602
33941
51251
18447
44295
58848
90015
98743
21681
37495
20887
98585
9333
43240
73551
8568
1485
65849
69538
44550
57892
36344
24950
71947
47560
83531
84159
90896
35536
48217
73179
89600
39984
24929
31888
72923
41659
7932
69652
2482
74905
55415
70874
69708
15896
10861
41324
22719
41768
16385
64483
43948
57766
2396
11514
8012
862
1498
29034
24597
25654
18121
37259
84742
10376
59657
38909
84723
52927
36459
20347
24278
79948
93871
14014
81197
49601
70122
68986
57058
55113
11191
94632
91145
15129
86014
56251
24103
96634
5188
3554
48075
49203
77841
54480
18426
92972
63268
17666
67442
91328
74364
64465
52560
65871
34184
17668
39964
78788
10760
7499
24700
44908
92529
29014
31936
47301
46155
32824
53735
86888
67590
65782
40719
29241
7332
74250
12473
28307
41161
47139
59896
96005
61538
13533
61213
62328
49517
46536
59910
73713
209
72717
7044
54061
2239
90193
34780
84387
74007
42382
31153
68835
5870
21658
46317
99673
47735
99661
9859
8827
9453
70893
1184
74944
61642
8359
91368
31200
95322
80176
78526
77611
26611
67643
54858
62339
5440
45096
66045
82313
61795
67186
86754
80436
27807
97628
35251
66891
70819
54680
12453
46702
69665
26872
26305
76106
67833
42987
91857
95903
37370
87039
60980
98079
25157
10718
11891
12800
74591
31463
56574
41081
85492
76199
49543
66925
81167
64883
39438
76545
17287
30031
87811
49380
86015
63891
52322
4653
93615
