100
13 1 8 74
13 1 8 66
38 3 5 61
50 24 25 61
19 15 4 84
24 20 3 72
37 35 1 54
29 18 4 70
27 23 3 83
32 8 18 56
34 21 5 97
44 40 1 78
24 1 0 84
35 23 6 85
20 2 16 97
17 1 9 87
22 0 22 75
42 13 20 67
34 10 23 64
41 31 3 65
31 13 0 57
17 0 15 99
41 1 9 61
34 2 5 54
48 7 34 87
20 13 3 63
40 22 11 52
39 29 8 58
40 15 2 99
17 11 5 96
11 9 0 53
43 21 5 85
34 0 31 89
23 13 6 93
7 0 3 83
34 19 1 71
16 15 1 82
23 13 9 94
41 26 5 52
17 16 1 61
4 0 1 51
30 2 28 74
45 9 0 51
20 2 18 58
6 0 3 93
48 8 29 73
28 4 23 56
8 7 0 55
27 5 12 79
33 17 8 85
30 14 5 72
16 10 1 57
20 15 5 73
28 1 27 68
12 3 6 90
43 5 38 50
3 1 0 64
32 12 10 70
22 19 0 68
18 14 2 52
1 0 1 92
6 0 2 83
24 17 4 95
50 3 31 81
17 6 3 58
33 3 30 53
34 5 13 52
31 15 5 61
46 23 19 80
4 3 0 74
20 16 0 70
49 12 26 97
42 13 24 91
6 3 3 65
13 10 1 68
24 8 16 53
8 0 0 80
48 22 9 55
45 8 28 84
41 12 19 52
30 22 7 59
50 16 29 71
27 17 3 92
42 29 11 71
5 2 3 57
40 9 21 70
36 22 9 87
40 17 20 66
35 3 19 82
27 12 12 81
32 8 23 84
9 6 1 93
21 14 3 51
25 20 1 76
30 5 3 55
1 0 0 99
37 3 26 72
10 2 8 61
50 27 13 57
40 11 18 53
