0.15
0.25
0
32.3
68.7
3.3
65.6
87.9
82.2
53.0
56.3
64.0
65.2
42.1
107.7
5.2
55.2
96.7
49.9
68.2
16.9
112.3
65.1
60.9
91.1
108.4
30.8
43.5
96.3
106.1
23.6
67.2
73.6
27.5
54.4
103.6
39.6
14.3
31.4
115.2
51.4
14.4
21.3
31.7
7.6
74.8
2.3
99.4
67.2
70.6
85.9
55.6
14.4
84.5
7.4
40.7
48.7
112.7
85.2
58.1
34.6
104.5
36.4
94.0
74.1
88.7
82.1
19.9
66.7
5.7
56.6
113.6
82.9
45.8
4.2
4.3
108.0
66.8
65.0
102.6
68.8
33.6
77.1
1.9
28.4
80.1
34.3
51.4
45.4
36.7
63.3
78.7
21.9
60.2
48.7
79.5
106.4
30.8
46.9
72.5
19.8
31.3
99.8
41.6
51.3
65.3
100.6
30.4
32.8
61.9
6.7
70.4
15.0
41.0
113.2
118.4
9.5
49.4
96.9
6.2
22.7
6.5
79.8
107.2
117.9
64.6
62.0
109.1
106.5
2.1
7.8
87.0
14.4
116.2
89.8
2.2
58.4
107.2
35.0
1.2
17.9
29.8
72.3
29.1
32.3
23.0
33.9
47.9
118.9
30.3
30.0
73.6
31.4
88.0
37.6
90.6
19.5
7.9
11.7
23.8
68.9
65.6
29.2
11.6
20.3
100.1
55.9
2.1
115.9
24.0
34.5
70.7
98.4
17.0
105.2
16.6
78.0
18.2
66.2
9.5
44.2
9.0
35.8
58.8
74.4
46.9
60.9
34.2
57.4
12.9
92.3
79.0
110.0
31.9
109.3
16.1
12.4
5.1
18.6
69.4
9.2
74.4
105.2
100.8
32.2
78.8
21.6
38.3
8.3
53.3
101.0
14.7
77.8
33.0
74.8
60.9
100.3
24.3
106.3
1.6
108.2
6.5
109.7
6.6
105.4
97.0
110.8
65.0
2.6
36.4
82.9
40.9
94.8
12.0
61.7
73.9
75.5
53.9
114.5
45.4
100.9
52.5
6.3
32.7
96.8
76.9
27.7
105.2
54.3
65.9
105.2
38.1
89.6
109.1
13.0
58.3
41.1
77.0
108.6
47.7
40.0
8.4
113.4
61.5
86.2
35.0
9.6
5.6
37.8
46.6
13.7
36.1
86.1
83.7
76.2
15.4
118.2
56.2
0.0
23.9
97.5
30.0
4.7
68.8
13.0
84.6
91.6
62.9
88.5
116.7
12.5
43.3
26.3
114.9
79.7
104.7
67.1
27.0
34.8
105.5
81.4
56.7
44.3
103.0
118.7
59.9
94.2
13.3
64.1
19.2
8.2
54.7
3.1
20.4
48.7
66.1
49.7
55.4
104.8
107.1
112.6
106.1
12.6
80.8
110.8
73.0
86.2
66.7
81.6
117.6
74.7
3.7
50.9
89.7
71.6
2.8
106.3
24.4
90.5
48.1
76.5
81.9
111.3
5.5
106.2
75.7
50.3
57.6
0.6
8.3
86.4
18.9
109.2
54.8
19.0
34.4
86.6
10.7
7.3
24.3
10.5
46.0
40.7
24.3
112.0
113.0
34.1
24.3
36.9
88.4
52.5
22.8
110.5
98.5
39.9
102.7
93.3
92.6
115.5
46.6
21.0
60.1
25.2
63.9
35.0
108.2
35.4
98.3
27.8
15.3
71.0
107.3
10.9
41.7
59.2
96.2
110.4
9.8
104.0
70.9
86.2
98.1
53.3
20.2
17.4
19.1
16.5
115.1
78.9
23.1
117.3
90.7
29.8
107.7
25.4
25.4
100.1
114.8
64.2
97.9
32.6
42.6
114.9
65.0
67.9
73.1
89.8
37.6
7.7
4.7
75.2
16.1
15.0
63.0
8.0
42.3
29.4
71.1
113.0
79.2
97.7
118.6
70.4
57.2
53.7
92.4
72.6
38.7
111.5
39.2
24.3
24.4
37.9
60.2
95.1
85.3
45.2
22.5
112.5
56.0
114.4
37.6
1.2
28.8
57.5
96.6
21.8
117.7
78.2
72.0
69.8
10.5
114.7
102.8
85.3
25.7
42.7
21.9
0.1
28.0
107.9
2.8
116.3
50.0
40.9
12.1
33.7
96.7
36.2
16.1
101.8
84.4
76.6
59.6
26.4
14.8
84.8
6.5
117.4
29.0
41.7
20.2
54.2
102.3
68.9
85.1
13.5
57.4
27.2
46.1
67.2
40.2
59.9
104.4
84.5
78.1
47.0
81.1
87.7
56.9
46.1
78.7
72.0
21.0
115.5
15.9
111.1
77.1
93.0
91.8
60.4
56.2
21.4
72.9
66.2
17.9
31.0
35.4
94.9
65.5
107.6
26.3
118.9
22.2
39.3
4.9
37.1
69.4
62.8
39.7
23.3
103.9
23.5
21.8
59.0
81.3
21.1
18.7
74.5
85.1
35.3
75.0
32.5
3.2
40.9
94.9
89.9
100.1
80.3
93.3
81.4
49.1
17.6
105.7
99.2
68.2
42.1
70.4
32.8
40.3
97.7
118.3
76.2
33.3
93.6
31.1
45.6
21.0
11.5
26.5
69.9
107.8
100.2
58.9
113.1
68.0
96.6
12.9
39.8
73.8
45.3
51.0
56.5
34.3
70.8
49.1
26.9
4.0
78.5
12.4
25.4
18.9
11.9
47.3
68.3
46.7
96.4
75.9
41.9
92.2
41.6
3.9
33.6
66.1
53.3
48.2
31.3
80.9
88.4
84.4
110.9
22.8
99.2
112.5
79.3
4.4
89.5
60.7
108.9
98.7
77.7
1.9
84.5
23.4
72.7
73.3
110.2
32.2
57.3
94.1
92.8
10.0
89.2
57.9
78.9
111.3
54.8
17.6
56.7
56.7
20.1
64.0
88.4
85.3
103.3
44.7
22.1
10.9
116.6
52.9
95.5
103.1
28.9
33.1
33.2
85.0
90.3
38.1
108.7
77.8
47.0
40.4
39.3
53.9
110.4
103.5
22.2
90.7
80.8
7.9
84.3
30.8
114.4
107.6
64.8
68.5
59.1
61.6
32.8
15.6
92.5
82.6
79.1
36.3
58.5
17.6
9.4
71.6
106.7
90.3
115.9
34.0
12.2
34.9
73.3
49.5
32.7
32.7
66.6
14.4
95.3
21.2
60.6
90.9
23.5
90.3
84.4
66.1
84.1
3.9
13.5
76.2
55.9
10.7
40.4
110.1
38.1
111.8
95.4
19.3
118.3
9.7
106.3
42.8
48.0
101.8
88.8
89.3
29.5
9.5
115.2
77.8
3.2
6.3
16.7
88.7
6.6
89.2
54.7
47.3
48.2
27.5
69.7
14.9
87.1
41.4
15.5
101.8
60.3
117.5
114.1
91.5
57.0
96.8
55.9
68.9
36.6
102.5
83.5
68.0
13.2
117.9
99.2
38.6
69.5
108.8
106.7
57.6
115.2
9.9
50.0
36.7
53.5
56.4
0.0
51.8
96.4
23.4
21.8
108.2
81.6
36.2
33.7
94.4
118.6
81.4
53.4
0.5
111.6
106.3
43.7
115.2
78.0
87.9
63.1
71.4
38.5
84.2
81.0
91.3
17.1
2.5
26.4
39.0
40.3
10.9
46.4
103.3
117.2
105.5
21.8
87.1
36.1
112.8
85.3
61.9
1.5
35.4
48.6
36.2
83.0
44.3
34.7
8.3
82.1
86.4
34.1
25.6
89.3
60.7
85.0
21.4
56.3
96.7
114.9
65.3
51.2
71.9
0.5
100.0
56.3
58.9
113.5
23.3
84.2
112.7
76.7
9.0
63.6
91.5
109.8
118.9
9.7
109.0
22.1
84.3
30.7
31.2
98.1
89.3
10.8
105.8
89.8
74.8
82.9
73.3
75.4
96.7
15.3
85.6
40.2
98.2
56.5
76.4
48.4
81.1
111.3
8.8
45.3
96.9
111.4
55.1
105.0
14.3
101.0
30.0
13.2
74.4
3.9
96.5
50.7
100.6
117.0
115.4
45.7
35.8
6.0
95.3
104.2
104.4
73.8
90.7
7.8
37.9
49.1
52.4
63.5
24.1
116.9
88.0
95.2
71.9
76.0
76.7
29.8
20.7
50.9
61.9
19.8
59.8
94.5
40.0
118.4
82.7
67.0
30.1
37.8
8.0
20.4
47.5
0.1
15.2
31.1
108.0
37.4
101.2
22.0
42.4
78.8
9.0
39.4
60.5
3.2
62.5
17.5
56.2
30.6
59.0
11.9
94.2
78.9
52.8
98.8
95.7
90.6
83.7
7.9
78.5
85.2
26.3
112.6
101.7
16.3
66.4
80.0
67.0
117.2
113.4
94.1
26.1
66.0
58.0
7.5
76.6
29.1
57.8
65.6
18.1
72.4
100.5
7.6
46.9
48.4
