3969
6 7681
7 4486
10 7520
16 15332
21 16888
34 17446
45 18702
47 9580
55 5261
55 8158
56 1756
59 4574
74 15031
82 17889
88 7188
96 473
98 12089
106 6619
110 5164
111 4624
112 19800
114 15665
115 1653
120 14510
127 19913
143 15186
144 10809
162 11903
168 8253
170 11754
178 10397
193 1575
200 14216
203 12941
214 3625
216 1855
219 1759
225 2228
228 4870
235 7570
236 10640
238 4208
238 10670
238 12745
241 2643
241 15176
244 17484
249 16242
250 9058
250 19686
253 3409
258 16497
265 10681
266 7321
267 7257
269 19978
276 17097
289 10169
307 16802
308 15224
310 450
311 18177
313 11091
317 16997
320 13698
325 4961
326 514
331 14509
341 19885
343 13153
349 12558
353 14861
363 6750
363 11355
363 12516
367 8365
370 13066
372 18307
375 17377
377 12658
377 15792
401 11327
412 1897
414 11469
415 17177
426 4886
433 7637
440 12471
443 478
449 7238
465 14445
469 1915
478 11543
479 16144
497 11715
515 7864
539 5542
542 10310
548 5199
555 8156
562 10467
565 19841
566 19471
569 10581
577 16302
586 4112
594 17680
594 18330
594 18440
595 14520
595 15706
597 15364
606 18116
607 5067
608 1887
617 599
626 1585
626 4696
633 16545
638 5970
638 11338
651 10025
657 7846
662 17572
670 15154
675 8692
692 15814
693 6252
693 9760
720 7046
726 10958
728 3115
734 1254
748 12365
750 7142
752 8829
759 1119
764 11037
773 10831
774 662
774 17951
788 16979
797 13490
802 2126
806 8940
822 15915
823 14388
831 9446
835 12946
839 11556
842 1950
842 4255
845 7547
850 3154
850 9736
851 19970
856 3277
856 6713
864 7237
868 2667
873 19317
879 2038
880 3450
881 9183
882 4416
886 14781
891 347
894 11410
897 4927
899 13291
913 5194
913 11739
932 8145
941 1985
941 3498
944 2370
953 37
960 1373
963 4754
965 13021
973 16252
977 18175
979 19858
986 2974
987 12106
989 6238
991 12186
998 1296
1009 11394
1014 10120
1017 6046
1020 883
1024 18105
1028 6016
1031 8384
1045 2902
1051 17664
1054 17844
1058 7339
1062 14847
1063 15646
1069 4701
1069 7754
1075 13810
1078 10554
1078 11069
1079 3672
1081 6873
1084 18510
1097 12414
1101 8939
1111 6273
1112 1596
1115 6383
1116 656
1118 16322
1123 7347
1128 17080
1129 11015
1131 3309
1132 14587
1139 7086
1143 11172
1150 12265
1154 4440
1158 443
1159 6901
1170 15705
1180 14029
1182 17315
1192 5870
1203 12137
1205 15256
1207 1446
1215 4765
1220 18117
1228 17620
1238 6574
1240 4759
1240 10787
1241 18462
1252 7337
1256 13283
1260 898
1261 1131
1262 14447
1268 3896
1273 15934
1275 6185
1275 7880
1275 17833
1280 18575
1282 4768
1289 8727
1290 6653
1292 8070
1299 14712
1307 5803
1311 7008
1311 8897
1320 7240
1323 11000
1328 18938
1331 14985
1335 2721
1339 13455
1343 9097
1344 7402
1345 17201
1346 8163
1356 9664
1357 5159
1361 5367
1361 19913
1366 5458
1373 12418
1377 2475
1379 14978
1382 10330
1384 19269
1388 17956
1389 4901
1391 3987
1391 4329
1394 15381
1404 1386
1405 723
1406 953
1414 3559
1414 12333
1421 4627
1425 15199
1438 5764
1447 10341
1447 15568
1452 10390
1452 14643
1473 5738
1475 15409
1480 4626
1480 5988
1484 14971
1493 14254
1496 6161
1505 16784
1514 17140
1516 8004
1516 17984
1524 19256
1525 3559
1536 4758
1539 3353
1546 14289
1546 15937
1548 832
1549 5951
1551 11959
1555 19361
1557 4819
1564 1080
1575 7305
1575 8051
1575 13439
1582 8188
1588 11170
1595 2839
1599 15076
1600 384
1612 18668
1621 8358
1631 17196
1640 8368
1650 6164
1654 708
1662 4896
1662 12753
1662 13421
1663 3427
1668 4701
1677 18295
1681 5194
1683 14847
1688 6719
1693 7874
1700 11882
1708 14133
1714 15701
1719 3314
1719 13338
1721 13940
1728 452
1728 2113
1735 199
1749 9488
1752 11846
1754 12100
1760 14023
1763 1571
1763 18889
1764 12321
1764 15127
1765 18882
1770 7281
1771 9954
1771 18959
1773 12593
1781 10540
1789 14925
1802 10364
1812 10777
1819 19866
1821 6714
1824 6439
1826 8662
1829 19936
1835 10614
1837 10056
1838 15099
1841 9282
1844 10227
1875 12067
1888 14720
1910 908
1912 3881
1913 3830
1920 5770
1924 17523
1928 5177
1929 9740
1929 12015
1930 919
1931 1732
1941 7515
1942 4823
1953 3866
1957 9781
1962 15602
1964 10120
1967 15572
1970 1407
1971 4086
1971 10818
1983 14475
1986 1053
1995 6004
2012 11052
2012 19134
2021 8060
2022 4886
2031 18515
2033 12277
2034 12614
2035 627
2044 4181
2060 2166
2067 7957
2072 18288
2079 17570
2080 2905
2082 3261
2087 16244
2093 7699
2094 6264
2096 10174
2098 18396
2098 19478
2105 6757
2105 6874
2105 10945
2106 5775
2111 2776
2112 9793
2118 14476
2120 10117
2122 15622
2125 2231
2130 14156
2139 3400
2147 11967
2150 5761
2152 16684
2153 265
2153 13675
2160 14565
2161 16014
2162 10345
2163 7474
2166 19040
2169 16938
2176 7610
2179 16991
2180 4057
2183 7934
2194 11897
2198 7716
2207 3152
2210 4203
2218 8880
2228 4871
2245 15639
2250 16986
2256 12644
2257 15080
2265 12266
2278 2656
2278 5248
2278 19854
2279 13924
2285 10970
2291 6272
2295 7621
2296 349
2299 11427
2300 7652
2309 4538
2318 3659
2327 1974
2328 3253
2329 7290
2335 6405
2343 3814
2343 12197
2346 6762
2349 820
2355 6748
2364 8248
2365 12557
2372 17961
2374 7374
2375 12059
2384 1670
2385 15426
2389 9649
2397 1146
2406 11868
2418 13279
2432 8394
2436 2842
2441 15181
2449 6799
2455 15135
2456 11538
2466 7741
2470 16476
2472 3156
2476 245
2479 7593
2482 6496
2488 9784
2505 19541
2509 4821
2518 12910
2521 3358
2531 4736
2531 10143
2531 11640
2534 18981
2547 6400
2557 4708
2558 15469
2565 2111
2566 18437
2570 1830
2578 1750
2585 1079
2587 7054
2603 546
2607 9231
2611 19194
2613 12425
2620 15547
2637 11644
2638 9639
2643 17895
2648 4907
2655 11658
2658 2509
2662 7529
2669 6248
2670 1432
2672 19677
2676 12243
2678 8761
2683 18737
2701 4822
2706 14839
2711 11194
2719 9486
2735 8907
2749 5425
2755 4673
2757 2984
2760 1421
2772 1628
2774 11302
2793 4516
2795 13876
2796 15510
2799 6156
2803 15563
2804 10802
2808 10936
2811 17649
2817 7261
2823 13645
2825 1156
2826 12270
2844 19854
2846 14772
2848 18064
2851 6288
2855 12653
2857 46
2858 10222
2859 9950
2859 17550
2863 13419
2880 1272
2895 11406
2899 14760
2902 7678
2905 12459
2910 717
2911 18357
2919 5492
2924 14140
2924 16111
2926 17133
2933 17111
2937 2075
2941 4364
2942 1976
2963 8589
2967 6067
2967 8443
2972 15209
2973 9692
2974 14123
2979 16368
2980 6639
2982 3182
2984 12015
2984 14196
2990 4079
3008 235
3010 7294
3012 11984
3018 7035
3023 13813
3029 8583
3035 8198
3040 12600
3041 13298
3046 4639
3052 6106
3056 3259
3057 17002
3060 6023
3063 10837
3070 13455
3078 2413
3081 11383
3082 8020
3082 11578
3089 8049
3093 15073
3096 2469
3105 5085
3124 18200
3133 9109
3153 2096
3154 5769
3158 13384
3158 18320
3165 18367
3169 14831
3170 6901
3170 9682
3175 2457
3176 16421
3177 16071
3177 16573
3186 15612
3187 18152
3188 2207
3200 3134
3202 5266
3207 13512
3208 6342
3213 1992
3222 9212
3233 3043
3233 8001
3237 8590
3238 9803
3238 17943
3243 15079
3247 7806
3248 10653
3249 7673
3249 11254
3251 19386
3256 14840
3273 17814
3282 15714
3287 15167
3290 3986
3290 15621
3294 17278
3298 2782
3299 2657
3305 15194
3308 5345
3312 6114
3314 17533
3328 19646
3340 1271
3341 5838
3348 4820
3356 13820
3357 1892
3363 17741
3393 15490
3401 2765
3410 19300
3414 12423
3421 4379
3424 6411
3427 11047
3436 9065
3454 6482
3465 15020
3466 7711
3467 9663
3472 14561
3477 11793
3514 6153
3514 6522
3519 16007
3525 10343
3534 1753
3541 9656
3545 8520
3546 15715
3551 11330
3556 14358
3560 19933
3565 13039
3567 5054
3571 2475
3577 8394
3584 5857
3605 525
3610 15204
3612 17601
3624 10413
3633 12581
3636 19897
3648 7106
3651 11759
3653 13772
3659 17505
3662 16681
3663 9590
3667 8923
3676 14336
3678 12415
3685 11889
3705 12453
3706 12555
3707 439
3732 5635
3733 16167
3735 426
3738 15699
3745 17416
3747 14712
3750 9429
3751 2292
3754 19380
3770 8047
3773 18652
3774 6935
3791 14462
3793 7128
3795 589
3798 3022
3798 12741
3803 10515
3811 420
3825 697
3828 9914
3833 5162
3838 19046
3841 17439
3861 7089
3864 18436
3871 15580
3874 6894
3874 16084
3888 8773
3891 3667
3897 5703
3897 19644
3902 13448
3904 19255
3911 4719
3913 3369
3913 17479
3914 627
3916 3637
3918 19968
3922 15060
3927 9254
3929 19444
3931 2443
3931 15205
3943 17004
3946 4935
3946 5010
3947 3067
3951 8267
3952 10094
3956 14144
3958 13649
3962 13827
3966 19640
3975 2869
3977 17154
3984 14044
3985 5380
3992 6293
3997 13441
4006 18561
4009 8339
4013 16315
4016 6043
4025 5599
4027 5455
4028 16708
4030 12720
4036 17712
4050 5765
4051 7935
4054 9916
4056 2709
4057 1691
4068 682
4087 9252
4092 9696
4098 14677
4101 14587
4103 4811
4105 14591
4112 14591
4124 14123
4133 1480
4133 3800
4153 291
4153 13351
4159 11899
4163 8472
4164 4594
4165 15176
4171 4897
4177 12078
4183 13464
4189 12811
4192 1675
4199 4902
4206 6357
4207 13882
4216 17987
4223 5389
4224 2354
4231 13066
4234 2936
4240 3812
4248 18522
4252 1127
4259 12331
4261 5827
4263 11067
4264 1569
4271 11470
4275 17233
4280 19043
4281 2704
4284 6699
4296 7631
4297 1497
4302 14424
4304 3027
4309 11772
4311 5402
4315 7295
4327 12697
4328 11921
4332 832
4334 5471
4334 11787
4335 2038
4343 14607
4347 19955
4348 361
4352 15822
4358 975
4361 14504
4363 7713
4366 13016
4368 12615
4371 11356
4374 11603
4377 17294
4384 7345
4389 10355
4405 14242
4415 17360
4427 925
4437 3230
4442 15332
4444 6438
4445 18747
4450 722
4460 19729
4464 16898
4472 17665
4473 16104
4474 8231
4475 1613
4476 18410
4484 19984
4486 8654
4486 11052
4497 8625
4499 6517
4504 15398
4506 12299
4518 7291
4523 11070
4523 11197
4529 13960
4529 16356
4531 18343
4538 10665
4539 11019
4544 17402
4544 17704
4548 14349
4551 17500
4552 731
4555 19041
4556 18669
4569 5560
4577 18811
4583 4357
4585 1334
4586 4150
4589 9230
4609 12663
4627 7969
4638 7484
4642 5542
4648 7110
4652 11686
4670 13042
4677 16992
4680 4719
4683 4613
4689 12706
4689 18409
4695 3175
4697 11748
4707 9805
4712 11303
4719 14620
4720 12475
4725 13269
4727 8315
4730 5055
4744 10788
4755 9846
4757 18225
4760 4950
4769 8893
4770 11641
4775 3971
4779 16134
4788 6884
4790 18832
4791 11338
4799 3798
4800 8543
4808 13258
4810 7086
4811 10566
4813 12554
4817 12406
4819 10802
4824 4157
4824 18977
4825 15151
4827 1109
4827 4945
4829 16065
4837 14408
4850 15706
4856 12936
4862 4066
4871 4680
4876 17521
4894 16288
4897 16598
4899 5368
4907 10825
4924 15779
4932 6398
4933 1249
4947 15617
4957 17089
4960 11700
4963 1467
4963 5991
4964 8920
4964 14531
4965 12553
4967 6008
4967 9075
4976 1020
4992 10374
4995 3978
4997 615
4998 9170
5005 16555
5016 879
5018 1149
5028 7502
5031 16735
5038 16079
5044 300
5044 3662
5044 9112
5044 18758
5046 8771
5048 5298
5049 1461
5060 12991
5061 866
5065 12674
5075 2272
5079 18626
5089 6266
5093 324
5097 17999
5098 10222
5098 19361
5099 15134
5104 2578
5106 11210
5114 14679
5126 198
5128 10186
5134 4195
5143 5373
5145 7462
5148 4907
5158 12
5168 13463
5182 534
5188 3555
5188 14492
5189 10277
5191 1329
5194 16683
5196 6314
5201 9755
5205 18887
5223 8196
5231 10419
5233 19813
5240 1349
5244 19606
5247 9273
5248 388
5252 14486
5256 9074
5258 15220
5258 17509
5262 14266
5272 12453
5273 19751
5275 12198
5282 14495
5298 19985
5300 12394
5318 18680
5319 14128
5327 6768
5343 13020
5345 3856
5348 5538
5359 14593
5373 9051
5374 15229
5378 18733
5387 3314
5395 12560
5403 5
5403 5187
5406 8395
5410 16791
5413 4031
5416 7413
5417 12078
5432 17893
5434 960
5439 19135
5447 15980
5448 18734
5451 433
5455 7098
5457 6757
5468 6959
5469 10300
5471 3334
5483 15700
5485 3587
5486 13234
5492 15946
5497 1579
5498 7642
5503 14024
5504 4396
5505 6167
5512 1949
5513 2875
5533 1591
5536 11574
5544 1482
5546 11269
5547 1298
5549 19566
5558 7579
5562 19387
5568 8645
5570 8225
5573 13353
5584 356
5585 4928
5590 3875
5596 727
5601 7447
5603 13447
5605 11118
5616 16668
5616 18673
5618 18027
5632 8258
5636 13201
5644 16355
5645 5775
5645 11359
5649 633
5660 6629
5666 801
5668 14202
5671 12325
5682 987
5685 5240
5686 9950
5699 325
5715 5353
5719 15694
5724 2090
5733 185
5733 14060
5734 29
5753 5078
5755 13144
5770 19610
5779 11893
5782 12058
5783 18594
5784 6423
5786 16540
5788 9665
5802 10566
5803 18271
5809 11483
5811 19934
5816 8984
5822 10814
5829 8596
5830 14388
5832 1654
5832 3842
5835 8945
5839 2516
5845 14601
5846 3432
5856 11812
5866 5190
5882 6626
5885 8297
5886 15976
5887 2957
5890 6911
5895 2427
5903 10061
5904 3954
5906 6653
5906 9875
5913 4744
5930 12528
5931 8853
5933 7848
5934 3211
5943 6162
5945 4263
5951 5911
5958 12870
5976 7875
5984 10435
5986 11466
5990 19011
5992 13956
5993 10472
5996 3409
5998 6662
5999 6471
5999 12004
6003 5750
6003 7277
6005 16121
6008 6297
6013 16572
6018 10752
6023 1340
6026 5654
6031 10581
6031 14630
6044 17177
6049 19440
6059 895
6062 18962
6078 5570
6082 13115
6098 15976
6127 3323
6130 18324
6135 5696
6136 1828
6142 2033
6147 16824
6149 19399
6157 8752
6158 14612
6158 18710
6161 1112
6161 12527
6168 11726
6173 5061
6185 8398
6193 8413
6194 5335
6210 10848
6220 14804
6222 12365
6223 14177
6226 6846
6235 11735
6240 12579
6249 17259
6253 5050
6254 16767
6260 8071
6265 1573
6265 1918
6269 12631
6279 4015
6280 3933
6280 5761
6292 18834
6297 16962
6301 13603
6303 7360
6316 13498
6319 12389
6330 14318
6341 1399
6371 9128
6385 10328
6393 13586
6399 15032
6401 17980
6416 13253
6432 15055
6434 6568
6434 18406
6438 3041
6442 19071
6447 3044
6448 12589
6450 1387
6456 9843
6456 10064
6458 13380
6462 15899
6464 4729
6464 10678
6472 12481
6478 14644
6482 15178
6483 3163
6487 3724
6489 5017
6493 11730
6494 1151
6496 2573
6497 21
6497 6573
6506 1731
6514 11464
6531 1944
6531 2378
6539 16946
6546 5707
6556 11484
6561 5949
6561 14024
6565 11358
6566 12303
6568 13276
6574 2197
6575 9860
6593 17752
6600 1369
6600 11589
6608 18989
6618 5707
6621 10656
6622 17103
6624 3530
6641 1913
6645 14913
6647 10904
6649 5035
6650 10943
6657 8262
6663 18097
6666 18860
6667 16380
6682 17689
6685 10365
6687 19092
6707 7118
6708 10615
6712 18844
6713 15045
6719 15525
6725 17457
6730 3611
6739 16830
6741 14476
6745 14889
6751 16941
6752 7171
6752 10824
6754 5655
6756 6983
6758 19114
6770 4149
6772 7780
6774 7381
6777 6203
6785 17848
6789 13345
6790 3487
6793 9819
6799 6684
6808 12040
6809 7828
6816 10609
6822 11080
6833 15275
6838 8809
6839 2030
6843 18559
6848 7746
6852 7412
6854 12872
6861 3227
6863 15467
6865 4440
6871 10703
6887 16069
6888 4865
6889 12395
6890 12016
6897 1736
6897 9683
6898 2189
6898 14954
6901 5467
6902 62
6902 12014
6906 8406
6906 8568
6909 1842
6909 16950
6915 1359
6923 15214
6924 1049
6924 9003
6928 15208
6928 18204
6930 16562
6931 935
6936 16088
6941 2289
6945 1617
6947 4660
6949 4217
6953 5354
6963 18201
6964 18567
6970 2820
6971 3765
6976 7035
6981 17948
6982 13765
6991 9315
6992 1709
7002 6806
7002 18553
7016 14876
7030 8070
7033 505
7039 3935
7056 13681
7060 8491
7075 8441
7078 18540
7083 2592
7085 17500
7086 9213
7096 5939
7101 16753
7102 17811
7109 3986
7109 12716
7110 47
7118 12553
7125 4285
7126 12283
7129 16993
7136 9748
7139 18826
7140 16507
7146 5031
7157 6127
7159 5964
7169 6893
7175 11719
7183 19127
7200 8578
7200 9889
7200 17627
7201 3798
7209 759
7220 2616
7221 19297
7225 3079
7227 769
7235 11085
7236 1116
7238 14210
7248 5411
7261 17198
7265 2404
7284 8722
7295 9035
7298 14785
7301 18264
7303 395
7303 6523
7329 15619
7331 6268
7334 7974
7342 4276
7344 18712
7345 10465
7347 3354
7354 19173
7356 5916
7359 5740
7360 8883
7368 4434
7376 12615
7389 18537
7390 810
7390 13916
7394 14244
7404 7444
7406 4676
7409 2530
7410 16592
7417 15112
7446 14145
7451 3696
7455 17474
7459 13309
7461 18520
7467 4928
7473 18337
7474 12775
7479 18718
7481 13860
7505 12920
7506 4912
7510 9061
7511 15814
7513 4100
7515 460
7523 9730
7526 388
7526 2449
7530 3796
7538 2045
7542 2747
7544 6715
7544 10660
7558 17613
7572 2800
7581 10113
7587 2827
7589 7762
7592 9190
7605 5790
7606 1001
7607 4248
7608 2339
7615 4955
7619 12815
7622 4854
7641 8873
7644 12477
7652 11905
7658 7899
7669 7633
7680 7205
7680 15781
7681 17203
7681 18711
7685 782
7688 11500
7692 276
7704 563
7732 7147
7732 15756
7750 11658
7758 15421
7759 14205
7761 10286
7767 10446
7769 16481
7769 18901
7771 2276
7773 16608
7775 17781
7781 8253
7784 19570
7787 6251
7789 13805
7797 12535
7800 6032
7800 6483
7807 12320
7807 12329
7810 6174
7813 13043
7819 4162
7833 17314
7837 8675
7845 15818
7845 18702
7846 2950
7849 3058
7863 11534
7866 6747
7881 5530
7882 16335
7883 16764
7894 18229
7897 16595
7901 8750
7904 57
7907 11562
7908 11865
7909 18833
7913 8626
7919 6815
7922 18866
7923 15832
7925 10237
7926 6284
7927 15948
7945 19782
7961 1242
7968 13710
7971 7169
7973 19417
7974 4145
7974 9516
7977 5198
7987 19252
7989 19456
7990 10061
7998 14969
7999 1834
8001 9942
8001 19825
8011 1465
8012 18407
8014 2849
8020 16776
8021 1354
8023 19918
8033 9305
8039 19310
8042 2307
8048 1066
8050 16827
8050 19967
8054 3966
8057 5325
8060 18784
8080 9489
8081 9625
8082 18431
8089 5201
8091 5045
8116 10779
8120 4655
8132 12722
8141 394
8142 18486
8145 18380
8151 1082
8164 5430
8167 15486
8168 1318
8172 18425
8177 1662
8180 12446
8191 2027
8206 3917
8208 9913
8212 12431
8216 15945
8221 8892
8223 2105
8223 4118
8228 9570
8233 2982
8233 17359
8239 16315
8252 12230
8257 12513
8261 3548
8271 7324
8271 16381
8274 2740
8278 15071
8279 8444
8283 12516
8289 14386
8297 305
8306 8885
8310 5230
8312 9991
8314 1767
8318 8931
8329 2380
8330 14337
8331 6352
8333 4987
8338 11201
8341 16649
8347 7407
8348 11789
8350 643
8352 9958
8354 1637
8359 16419
8360 14158
8366 19620
8367 12955
8368 12202
8369 10465
8371 5075
8386 2241
8397 5540
8398 608
8399 1817
8403 8368
8409 11527
8423 11971
8430 7968
8432 5516
8452 17562
8453 9243
8458 2378
8461 12720
8463 4754
8464 19898
8467 8779
8471 19181
8474 10010
8475 15402
8480 19960
8484 3137
8486 17564
8487 3767
8511 8753
8514 7334
8526 15321
8541 2280
8554 19603
8556 5518
8563 472
8570 11887
8577 5181
8586 12032
8587 19336
8588 4453
8588 11640
8592 1073
8593 1037
8593 14094
8596 4802
8596 13528
8615 18790
8624 10051
8630 4688
8634 4
8639 13837
8646 7496
8649 2931
8655 11944
8663 8176
8696 2834
8700 5285
8708 9384
8708 15880
8715 13496
8718 6491
8726 13337
8731 10805
8732 911
8736 8581
8752 8257
8755 768
8755 6023
8759 12338
8767 9074
8768 18210
8769 8897
8771 18322
8777 8699
8782 6006
8790 1857
8798 6049
8801 3209
8801 19894
8802 6131
8814 15965
8818 5765
8822 5235
8832 15401
8841 4712
8842 19786
8844 6326
8849 10954
8850 4692
8853 2227
8854 5979
8862 9003
8866 14104
8868 7827
8871 2743
8871 3748
8876 7721
8878 8776
8884 830
8884 19504
8889 1077
8889 17277
8890 5061
8896 13504
8897 6816
8902 11043
8926 7348
8926 8753
8938 5987
8944 2606
8966 17026
8982 2946
8994 7786
8995 4705
9002 529
9002 710
9048 14665
9065 4083
9066 9699
9069 8214
9071 14837
9079 14010
9079 18783
9083 11440
9083 13991
9090 12016
9091 10241
9096 2497
9099 6269
9101 11911
9102 2216
9108 16755
9111 11586
9122 13468
9130 5665
9141 10566
9151 11499
9158 10242
9160 13070
9165 8058
9166 2482
9166 9506
9170 16091
9176 14689
9182 8379
9194 118
9194 5731
9217 9479
9226 5487
9235 8380
9237 16325
9241 16937
9259 15770
9262 15903
9263 6050
9271 8678
9271 14191
9272 13395
9279 17925
9282 3523
9283 19408
9286 9516
9286 10379
9288 5646
9299 2136
9300 14443
9302 6533
9303 177
9309 7230
9312 212
9312 16596
9315 17215
9317 9871
9319 14865
9320 13096
9321 2123
9322 10767
9323 352
9324 2659
9328 6935
9330 9546
9337 12052
9338 3697
9338 17585
9341 10236
9342 4971
9348 4114
9349 5439
9361 12460
9384 2080
9397 1715
9397 10706
9397 12880
9402 3881
9419 3593
9420 5408
9430 2012
9430 4542
9431 5661
9438 1958
9440 18812
9444 12405
9448 12859
9460 12733
9474 12325
9478 12174
9482 6405
9486 1196
9488 16894
9489 12739
9501 5995
9501 14769
9503 4538
9503 8349
9504 1456
9507 16640
9527 18058
9538 16257
9539 5399
9549 11837
9551 2906
9553 3882
9558 14875
9558 17892
9559 6704
9563 53
9565 4795
9570 12141
9576 16007
9577 8214
9580 589
9581 11554
9585 14616
9586 11465
9589 11526
9594 17022
9599 11189
9599 14735
9605 8432
9606 10358
9614 14073
9617 487
9618 13516
9618 17171
9621 9811
9626 3209
9636 3024
9636 8743
9645 7958
9646 7843
9648 18111
9664 283
9668 13506
9669 15578
9674 19824
9676 6227
9679 1849
9685 17233
9695 6109
9707 10720
9713 3420
9719 4005
9736 7359
9747 12471
9752 18094
9764 1606
9764 15692
9766 18532
9767 9817
9773 8390
9773 18463
9774 15815
9779 13848
9789 16686
9794 1803
9794 8466
9795 19123
9796 7752
9797 8171
9806 834
9809 2758
9809 17041
9810 19865
9812 11234
9815 16179
9817 17436
9823 19096
9825 11428
9825 19567
9827 4154
9828 10354
9831 7507
9839 11153
9842 13955
9843 11089
9844 18790
9850 9261
9853 463
9856 4272
9857 11929
9857 14237
9861 5736
9863 14411
9867 2918
9870 7490
9870 10276
9878 13066
9878 17072
9879 13708
9882 18756
9885 15528
9890 2318
9902 4409
9905 16445
9910 2376
9911 1732
9911 10408
9916 2211
9916 12751
9918 10230
9919 10948
9928 13713
9929 12385
9929 14444
9931 17362
9936 17420
9939 3516
9941 14127
9943 5583
9966 6862
9971 2707
9982 14076
9984 19252
9993 8608
10000 13478
10004 18150
10031 4524
10035 9152
10039 15517
10045 14721
10047 10522
10052 16591
10057 2902
10062 3087
10064 8263
10070 15888
10071 5050
10073 14936
10078 3280
10081 2961
10086 6098
10091 9565
10099 12154
10108 13642
10109 11684
10115 2935
10117 4564
10122 4530
10147 10258
10149 4673
10157 9661
10158 7793
10159 7803
10161 1077
10177 8866
10180 12833
10190 15131
10208 343
10209 7922
10219 11598
10221 15799
10228 2659
10228 4748
10229 15432
10233 4839
10239 18817
10249 9859
10253 15694
10254 10809
10260 730
10263 16742
10269 14197
10275 5870
10277 1062
10284 5923
10285 18011
10299 14705
10304 6856
10305 5033
10308 9557
10310 16968
10311 12483
10318 9226
10321 18525
10328 18179
10331 7902
10338 613
10351 19462
10357 16124
10361 9723
10362 7002
10382 18381
10386 19256
10392 5570
10403 18187
10405 18946
10406 11871
10407 17510
10413 12390
10420 14261
10421 4724
10422 6607
10425 7613
10426 18347
10435 2793
10446 16713
10447 5405
10464 17633
10470 17685
10471 17010
10476 15676
10477 4937
10480 9040
10482 850
10487 8492
10491 7397
10500 19632
10514 4507
10518 4399
10519 2621
10541 6952
10545 18567
10551 8396
10561 18226
10561 19367
10565 5158
10565 19958
10571 15619
10574 6327
10588 10744
10593 767
10598 9455
10599 1456
10602 17428
10625 10493
10628 17536
10639 19022
10640 185
10643 2508
10653 10466
10666 10823
10669 10080
10670 3135
10676 9563
10682 7152
10690 11499
10691 19996
10699 4764
10711 15586
10714 11760
10724 17218
10728 19445
10733 7938
10734 19825
10741 6883
10751 6304
10776 12742
10782 2306
10787 1077
10788 17443
10800 15383
10802 18483
10804 18103
10806 12057
10812 19045
10818 10276
10822 12882
10826 17750
10853 17976
10865 8537
10866 6749
10868 7966
10868 8155
10879 1704
10884 3337
10890 7484
10892 3473
10900 10418
10903 15313
10904 16853
10912 4963
10914 10131
10916 10217
10920 11847
10923 19849
10925 17367
10938 10287
10939 4512
10940 1117
10940 8776
10941 5725
10942 18702
10944 8063
10947 17622
10948 19793
10951 1673
10954 16466
10954 17744
10957 9206
10960 11318
10960 11939
10962 16843
10968 13389
10975 5000
10976 5833
10984 17091
10988 3679
10994 17643
11023 4298
11033 1853
11042 2411
11042 6611
11042 16690
11052 15196
11056 7080
11058 16185
11059 4401
11062 10481
11074 13131
11088 6465
11096 7709
11108 19254
11116 6526
11117 4497
11120 7870
11121 7091
11125 794
11129 8879
11136 16490
11139 4991
11141 10185
11149 7507
11151 17960
11152 5082
11154 224
11154 19564
11157 14196
11158 8907
11158 12761
11163 5088
11167 6486
11167 12106
11174 19720
11179 7708
11187 13478
11187 13828
11195 4706
11197 7431
11202 9508
11215 18043
11219 3949
11221 9477
11222 11991
11234 376
11235 5161
11237 322
11237 19312
11238 14985
11256 15049
11257 1464
11258 12096
11261 11651
11262 3615
11262 9100
11264 5915
11270 15117
11278 6921
11286 5209
11290 13484
11291 8438
11294 16424
11298 13230
11299 12547
11302 6295
11306 1411
11309 1107
11318 12464
11324 17890
11329 11913
11335 13087
11352 270
11353 19516
11359 10042
11367 5082
11369 9140
11373 12580
11379 19176
11382 15424
11384 6164
11385 1301
11395 9843
11395 17008
11404 4155
11413 8691
11422 3057
11423 18449
11425 6994
11427 15057
11428 6276
11431 18261
11441 1814
11445 226
11446 3460
11455 5510
11465 19940
11469 3118
11484 15994
11486 3173
11500 5025
11500 9974
11501 373
11504 7689
11506 8771
11508 15596
11509 4634
11513 19813
11514 16551
11520 14096
11533 15743
11535 5998
11536 6748
11538 14780
11539 2502
11541 4828
11542 19036
11553 13197
11554 9480
11557 18564
11558 3856
11563 7487
11564 7268
11567 11545
11573 16326
11575 2719
11582 15005
11588 18607
11590 2736
11593 11811
11602 1818
11605 9919
11609 11406
11621 9201
11648 11991
11649 11098
11661 4088
11666 7712
11669 12337
11673 6182
11674 9521
11677 2588
11680 3453
11681 18122
11683 17424
11689 3440
11695 12480
11698 5853
11699 5358
11699 19829
11703 11177
11717 12941
11724 16080
11725 2660
11728 2000
11728 7345
11730 14039
11734 9707
11737 15459
11743 1604
11746 7285
11747 15228
11752 18108
11758 19707
11765 1575
11766 13646
11767 10356
11767 11512
11768 15431
11777 4349
11782 5962
11792 15376
11794 6927
11795 14968
11797 3559
11810 13059
11815 13840
11819 1965
11822 11692
11829 1289
11829 8546
11831 16202
11836 16201
11839 11278
11841 15525
11848 4251
11849 6846
11852 3930
11855 1019
11859 13179
11869 2534
11870 1760
11872 10803
11878 15381
11880 3886
11882 797
11886 1110
11888 16967
11892 3366
11894 3503
11894 7513
11894 14031
11902 12572
11907 11544
11910 2722
11933 9678
11936 3718
11944 17745
11956 4009
11976 5250
11978 18104
11986 19995
12013 19463
12015 18173
12025 4529
12027 13693
12032 4613
12039 770
12040 5728
12041 19873
12042 1825
12043 14982
12046 16310
12047 12311
12047 17618
12054 1029
12055 9975
12084 15515
12086 7044
12102 10448
12105 11745
12106 4970
12114 2069
12117 3200
12117 11836
12118 14129
12123 10837
12126 7078
12129 19597
12135 11178
12147 3367
12148 9972
12149 8816
12150 4618
12177 156
12180 1511
12180 10727
12181 96
12182 250
12190 3915
12193 12675
12196 1172
12196 10625
12197 1534
12197 15160
12200 2087
12206 10736
12210 18902
12219 4361
12221 2737
12226 15358
12238 8308
12248 14874
12249 18432
12253 2453
12263 15725
12275 15221
12277 19792
12291 864
12305 5632
12314 914
12317 3514
12317 15201
12332 5877
12332 9092
12338 10615
12341 13075
12341 18858
12342 8358
12344 11249
12350 11425
12355 14476
12356 19302
12359 18942
12363 285
12363 6221
12374 13518
12381 3029
12382 15352
12383 16200
12384 15923
12387 19953
12391 16210
12395 7568
12398 3526
12404 15843
12405 187
12410 575
12411 9751
12412 426
12415 13911
12427 4880
12431 3494
12443 15140
12449 12990
12452 7685
12452 12524
12453 839
12455 15931
12457 15911
12458 5599
12464 6193
12466 3506
12468 9806
12469 1350
12476 18007
12483 6025
12486 17167
12487 7690
12489 8158
12497 7666
12500 2566
12502 11699
12503 4205
12504 9275
12506 15352
12524 7302
12531 10380
12531 11656
12532 542
12535 12323
12541 7389
12543 13268
12544 8765
12552 1755
12555 3195
12567 2688
12570 16414
12572 5524
12573 14468
12575 8341
12580 16132
12581 9053
12586 5454
12587 9573
12599 13856
12602 4605
12612 3592
12612 18969
12620 13494
12622 13428
12627 9498
12637 3166
12645 17654
12654 16781
12663 11769
12675 4788
12678 2749
12700 7659
12702 2556
12705 13632
12708 3616
12708 4314
12708 6961
12713 19550
12714 4355
12715 3329
12717 16341
12731 15788
12735 5761
12742 7120
12748 8394
12748 10423
12752 18550
12754 18523
12755 2374
12759 7592
12760 12968
12761 9555
12761 11329
12762 5334
12774 8868
12779 17265
12780 8178
12784 1810
12784 3362
12787 7948
12789 13476
12804 13106
12807 10828
12808 8967
12817 3800
12819 12435
12822 2102
12826 6853
12827 11861
12833 7975
12839 1894
12846 19767
12856 538
12862 18956
12865 5555
12891 13839
12896 6132
12902 5555
12916 3128
12921 17184
12926 17337
12939 18763
12943 3790
12956 6908
12963 16479
12964 14554
12965 11515
12969 7205
12991 17449
12992 18773
12998 14780
13003 17378
13004 14032
13006 15596
13010 3284
13021 3587
13035 2000
13036 14242
13040 814
13042 1351
13043 4647
13051 14308
13052 17337
13056 9549
13058 13340
13063 9312
13073 4841
13078 7512
13084 5820
13087 13090
13091 10986
13107 17564
13119 7499
13120 6704
13122 6603
13123 14725
13127 15155
13137 15313
13144 2484
13153 11630
13155 14592
13159 6090
13168 14300
13171 7352
13176 19250
13190 3828
13190 13008
13196 17956
13198 16299
13206 18964
13212 1805
13213 15844
13219 12573
13220 5701
13227 8395
13252 3208
13256 10958
13265 12893
13268 6096
13273 4572
13280 11709
13298 11414
13300 15947
13306 2737
13317 4599
13317 13170
13319 4524
13322 333
13323 6695
13324 6120
13325 18880
13326 9765
13327 13523
13340 13164
13341 12227
13341 17165
13342 9484
13353 9493
13353 13412
13356 8061
13357 7196
13359 12253
13361 9264
13365 11348
13368 17337
13375 14636
13383 17391
13389 14279
13390 3505
13394 14941
13402 11882
13405 14021
13409 16937
13416 5442
13422 3161
13422 18965
13422 19734
13425 1137
13425 1824
13438 3558
13442 14441
13449 15876
13457 597
13459 1010
13464 10587
13472 3253
13473 7702
13480 19070
13487 8508
13499 604
13501 5313
13508 13229
13516 5212
13524 713
13529 15503
13535 7131
13544 5267
13547 13180
13551 12481
13561 15509
13562 10282
13562 17014
13565 2952
13567 9960
13568 1292
13589 2978
13590 16547
13592 19697
13596 1422
13611 7791
13614 17664
13617 5092
13620 11386
13628 12706
13631 18119
13643 12393
13645 7710
13648 3414
13652 16816
13654 12281
13659 2150
13660 5956
13666 9465
13668 12009
13670 12281
13674 9340
13677 1971
13681 944
13692 6098
13692 10244
13698 19482
13706 13842
13708 498
13712 11464
13714 13733
13715 18550
13719 9335
13725 7818
13749 18099
13755 19068
13761 13867
13768 12813
13789 3747
13798 1990
13798 2624
13804 19183
13808 988
13811 7956
13814 1365
13820 4053
13825 12255
13829 5046
13833 10284
13835 474
13842 7033
13846 2120
13853 10588
13872 7668
13873 4674
13881 9048
13881 18333
13892 19996
13907 11699
13920 17578
13925 5714
13925 13510
13927 5381
13927 15912
13930 14553
13932 6680
13932 15818
13934 12074
13934 15062
13938 10393
13939 2690
13944 17052
13945 15583
13946 11142
13947 10769
13951 4776
13952 10410
13959 4109
13962 15279
13965 12877
13965 15296
13967 14755
13981 16335
13985 15748
13988 1240
13988 14626
13988 19964
13992 13117
13994 2301
13995 1338
14003 5563
14003 10292
14010 10712
14019 7460
14024 10469
14025 19574
14028 2661
14032 11734
14048 11558
14048 12950
14054 5361
14057 7177
14067 10756
14068 1206
14071 1461
14074 6129
14086 2031
14089 4284
14100 4510
14100 11266
14102 1301
14105 2568
14109 8270
14113 6417
14113 16968
14118 15247
14124 8014
14134 4148
14137 18029
14147 17141
14150 2559
14157 16717
14159 17106
14176 14319
14188 904
14191 15790
14195 6156
14219 4596
14222 12729
14230 17691
14232 10880
14234 2470
14236 4135
14240 14260
14242 7460
14245 12290
14248 7736
14264 7568
14289 16992
14307 5016
14321 18308
14328 12106
14332 14392
14337 17018
14339 12654
14340 18331
14342 10026
14343 7295
14343 7541
14363 1502
14369 17946
14371 1336
14383 13033
14399 10097
14403 12628
14406 11035
14411 10096
14415 13115
14418 4791
14432 17981
14434 11281
14435 360
14437 2521
14437 18516
14441 7043
14442 2844
14443 15506
14447 2683
14454 14020
14455 2861
14456 8885
14460 19881
14478 9915
14479 473
14482 1495
14491 12647
14501 15697
14506 13017
14510 7083
14518 6954
14519 15925
14521 6086
14521 19532
14525 19685
14533 13719
14534 19124
14544 11414
14553 179
14553 7302
14575 485
14582 8548
14586 8347
14590 961
14594 12605
14600 2033
14601 13441
14605 5181
14611 10459
14614 5480
14616 15769
14623 294
14624 14108
14631 13913
14636 9867
14661 13200
14662 17411
14664 12467
14668 11610
14670 7410
14677 18958
14678 17313
14679 13801
14679 13889
14680 6198
14689 16851
14693 361
14695 11301
14698 3406
14700 19725
14704 431
14706 12919
14712 642
14714 15821
14715 17233
14717 3112
14721 17319
14727 8263
14734 12288
14735 2567
14741 14569
14742 12907
14742 14926
14743 7299
14757 12057
14759 5514
14774 8832
14776 5843
14785 8317
14790 15568
14794 8844
14802 662
14802 15138
14804 9401
14819 6251
14822 1038
14823 6332
14826 7818
14829 6829
14832 15001
14842 7256
14844 16285
14845 6194
14849 4344
14849 8798
14858 2136
14862 16966
14869 8871
14869 18241
14872 16369
14872 17677
14887 6350
14907 4465
14911 14576
14918 19718
14918 19946
14924 3793
14931 10715
14941 948
14942 11742
14945 19855
14954 11010
14961 2896
14961 19983
14983 19411
14984 1360
14986 2950
14986 9230
14986 14705
14987 17481
14996 14949
15006 494
15028 4220
15030 5511
15034 9881
15041 6443
15041 15128
15043 7822
15044 9155
15047 19882
15050 264
15053 1901
15059 8011
15070 10389
15076 7730
15080 18137
15080 19256
15088 11189
15109 1789
15109 9444
15114 3679
15119 1888
15141 9651
15143 7640
15147 11794
15151 16289
15159 3446
15167 15016
15188 5515
15192 9691
15198 14211
15199 3977
15201 17929
15207 8099
15208 1012
15211 13601
15218 5418
15219 10358
15221 12180
15225 1567
15230 8354
15235 6431
15249 7074
15257 2679
15259 18314
15262 19293
15263 1783
15267 15665
15273 7088
15284 18851
15285 5513
15289 17360
15291 6194
15299 4162
15300 10742
15313 18959
15329 3267
15329 16375
15330 17422
15351 223
15354 5127
15361 9916
15372 11633
15374 4744
15390 5596
15403 1143
15417 3634
15439 4194
15439 9622
15442 14980
15442 19271
15443 15610
15445 10206
15454 14789
15462 16815
15466 2596
15470 5291
15478 10742
15490 7903
15490 16377
15494 5472
15495 4664
15499 15978
15502 4125
15509 311
15509 17457
15536 18032
15543 964
15545 11625
15549 3468
15564 8
15564 15474
15575 8515
15580 1656
15585 7038
15585 8256
15587 4456
15588 17370
15595 2171
15600 6490
15601 9560
15602 3398
15602 4685
15606 5973
15619 11761
15621 8881
15622 12699
15624 7818
15628 16433
15643 19897
15644 6470
15646 11520
15651 9121
15651 9459
15654 2063
15659 7873
15665 8750
15666 5843
15678 8277
15685 6771
15688 15040
15689 2804
15691 1285
15691 4927
15699 5779
15718 304
15722 11436
15723 16385
15726 12163
15729 17490
15734 1819
15740 15473
15765 13926
15766 18477
15777 5969
15778 14701
15780 18433
15784 8208
15787 9334
15788 14162
15794 14820
15798 11083
15812 17911
15814 17890
15817 11438
15825 4249
15830 15055
15832 129
15832 18030
15833 15173
15836 6151
15837 17026
15838 122
15840 9169
15842 10478
15851 15568
15859 14994
15860 7721
15864 10758
15874 2829
15877 10844
15879 16646
15881 12342
15889 4596
15895 9931
15896 344
15905 19786
15908 7152
15917 1637
15918 11851
15921 3819
15922 19203
15923 322
15924 7895
15928 12145
15942 4523
15946 7341
15958 10527
15963 15756
15972 3090
15973 1183
15984 9314
15984 12190
15985 14765
15996 15685
15999 16703
16004 9569
16016 15103
16031 11340
16033 11833
16042 13778
16049 11842
16058 14525
16060 14400
16071 7282
16075 541
16075 5386
16077 12243
16091 7268
16092 7025
16100 3448
16108 7759
16109 12934
16113 322
16113 9585
16119 2295
16123 9447
16123 15453
16123 16010
16126 483
16127 1784
16127 3903
16128 12342
16128 17916
16129 13725
16129 18211
16130 2656
16141 3449
16143 6159
16146 17598
16154 13256
16157 12236
16158 5572
16159 15591
16161 17570
16169 139
16170 17310
16172 10558
16175 9582
16175 13157
16184 19407
16192 2232
16196 8356
16198 19278
16204 14343
16206 6588
16217 4862
16217 9032
16222 3145
16223 10622
16227 1714
16229 11521
16235 423
16235 9971
16236 8044
16236 14574
16238 8999
16246 13468
16262 10607
16264 6692
16265 12711
16267 18024
16276 10128
16288 10886
16296 9856
16304 12189
16310 4125
16315 4107
16316 9574
16319 13519
16331 16027
16333 9156
16334 13422
16347 19096
16358 2285
16358 3691
16368 3700
16402 1473
16419 399
16449 14866
16454 2683
16455 14152
16464 19543
16472 4908
16476 9793
16498 15238
16499 3512
16500 6399
16503 12301
16510 12371
16521 6908
16525 15197
16530 4298
16533 5966
16536 1777
16543 18793
16547 2893
16561 6879
16564 14835
16577 7574
16577 12160
16582 12672
16588 5960
16589 8549
16595 18338
16603 13344
16605 12996
16611 11133
16617 1058
16617 12807
16622 6545
16623 12446
16630 6577
16632 13483
16640 4047
16640 10075
16641 2964
16642 723
16655 19244
16660 11311
16666 17063
16667 18888
16668 261
16677 3232
16685 2896
16693 8376
16699 4041
16703 17925
16704 10657
16718 12770
16720 19191
16723 880
16729 18546
16730 6007
16731 16279
16750 9462
16751 430
16752 15705
16754 7276
16762 2984
16762 15871
16771 15751
16772 11428
16772 12337
16775 17062
16780 10398
16782 14627
16784 6695
16784 14706
16789 2579
16794 3061
16795 9122
16803 14817
16804 3732
16807 5313
16810 14207
16812 14517
16824 9188
16825 9703
16839 11395
16845 13794
16857 7327
16862 10435
16864 15882
16885 4906
16907 19597
16909 2667
16913 7892
16914 7129
16920 11145
16924 8831
16926 4241
16944 1761
16952 3020
16954 8650
16955 19889
16960 8143
16961 879
16967 6674
16968 12636
16972 19713
16973 992
16975 3281
16977 9281
16979 6228
16979 19828
16980 16736
16988 5446
16999 9829
17004 15294
17011 5616
17016 13588
17025 5210
17026 18870
17033 15005
17034 13977
17035 7907
17038 18900
17063 13233
17079 2049
17096 16603
17098 9764
17103 11809
17111 8815
17113 17106
17114 3972
17118 18990
17122 4343
17126 1053
17126 2222
17127 11201
17134 345
17141 8465
17142 6845
17145 9930
17153 3420
17153 17394
17161 14405
17175 10366
17176 1315
17177 11445
17181 1728
17190 10259
17191 14878
17200 4691
17207 11295
17214 6230
17221 19528
17225 18541
17235 15266
17236 17575
17240 7709
17240 9651
17248 2060
17249 4007
17249 6152
17254 19214
17262 2795
17277 18434
17279 11789
17281 18408
17286 8998
17286 13736
17289 13872
17296 12418
17300 14933
17301 8198
17304 10330
17305 18439
17322 16907
17325 8690
17329 606
17330 13007
17335 15033
17337 17584
17340 8850
17341 16260
17342 11458
17357 10253
17358 17945
17362 12537
17370 15788
17372 6845
17377 15629
17383 12848
17387 17433
17394 19820
17411 2924
17411 11914
17415 10810
17416 14945
17416 15499
17418 6037
17427 15008
17429 5286
17432 12196
17437 12424
17449 12561
17454 13210
17455 9759
17458 303
17459 14899
17463 9743
17487 13600
17495 17265
17497 18985
17503 8943
17505 9209
17509 3236
17513 11481
17521 7155
17524 15623
17526 15378
17528 17745
17530 17045
17534 6180
17536 9345
17548 6955
17548 19477
17558 2442
17559 17885
17567 12474
17573 12795
17578 8570
17589 2202
17593 380
17594 684
17594 7919
17598 3850
17600 8466
17602 11447
17602 17666
17603 16203
17616 12822
17616 15781
17630 9002
17631 7650
17633 14819
17634 5214
17635 2192
17636 16580
17643 9414
17647 3347
17650 256
17650 7508
17655 2924
17655 9698
17658 5951
17666 48
17674 12181
17681 16884
17681 19629
17683 7811
17686 3654
17687 14665
17702 11480
17702 16451
17708 9629
17709 3384
17710 9778
17710 14195
17711 4237
17715 4099
17731 2185
17731 12355
17733 8257
17736 3522
17737 15224
17739 6168
17744 3079
17745 15268
17749 9597
17750 10898
17759 6159
17759 17431
17761 7923
17764 1416
17767 1446
17776 5743
17777 16052
17778 18866
17780 15198
17788 7526
17792 13913
17794 1679
17796 6907
17796 12200
17797 7149
17803 8970
17820 18944
17822 9938
17828 3059
17834 11447
17836 13509
17844 5215
17861 3070
17870 5560
17891 1870
17891 6216
17894 17779
17895 12092
17902 1678
17904 1566
17907 9166
17912 18056
17913 4284
17913 13233
17925 16302
17926 10728
17932 3061
17932 19027
17933 13781
17939 8073
17945 19902
17952 8801
17955 17470
17956 6285
17957 8194
17958 5306
17976 10149
17993 40
17994 9836
17997 14983
18004 15504
18007 4827
18008 672
18014 18099
18021 13628
18022 13877
18024 8379
18027 266
18027 3883
18039 8198
18040 16099
18041 1037
18067 1460
18071 2241
18076 11700
18082 376
18089 9643
18094 12677
18098 8617
18100 69
18102 3979
18103 5840
18104 5774
18110 9016
18113 1369
18125 566
18132 16864
18147 10136
18151 7879
18153 403
18153 6665
18157 18103
18158 6266
18159 10759
18162 10946
18167 4132
18168 16075
18171 479
18171 16515
18172 11050
18180 15565
18185 5351
18193 4586
18194 1742
18195 6631
18203 18980
18214 2055
18217 12222
18222 5565
18225 13019
18230 9007
18242 264
18245 2276
18245 13476
18247 11744
18249 19211
18254 17604
18261 3500
18261 15508
18262 8206
18265 3200
18275 2497
18280 8738
18282 13035
18284 16987
18286 2863
18293 14238
18295 13625
18298 15981
18298 17648
18299 4361
18299 5698
18303 19639
18310 6876
18311 11653
18311 16824
18312 14682
18313 9571
18313 17813
18316 19954
18318 17001
18322 5645
18326 8519
18331 19652
18332 9270
18332 12086
18333 7432
18348 5481
18352 12249
18353 15638
18367 1557
18370 6965
18373 18941
18386 12219
18393 3226
18393 6850
18395 17671
18396 18811
18404 17337
18413 18972
18416 14088
18421 274
18425 19456
18436 2896
18444 19916
18447 16437
18457 16711
18475 12324
18482 6542
18492 2717
18497 4650
18498 16630
18507 7507
18513 13351
18514 2408
18525 10481
18528 14039
18529 14841
18538 11554
18539 16918
18547 15255
18551 9439
18565 11694
18576 5219
18578 12898
18606 17657
18607 943
18607 9015
18610 14186
18612 4181
18621 12159
18625 831
18639 12940
18643 3890
18650 955
18651 917
18656 8003
18657 19393
18658 106
18664 4672
18665 1081
18675 13822
18695 18352
18698 9127
18713 168
18720 59
18727 7766
18729 10179
18732 19949
18735 5198
18738 16599
18742 14639
18746 10005
18748 10743
18755 7977
18756 18297
18757 12306
18761 18107
18763 13184
18771 11827
18774 323
18779 9342
18781 6641
18781 16526
18781 18404
18785 9946
18786 12698
18786 13974
18787 10318
18791 1647
18811 233
18811 18817
18813 1844
18836 5842
18836 15601
18837 17328
18837 19283
18839 14230
18840 15905
18848 699
18854 17938
18858 7067
18859 14921
18872 6611
18874 10371
18884 899
18888 9830
18900 5071
18919 18369
18920 11582
18927 5882
18930 5204
18931 890
18948 12110
18951 1711
18951 17287
18952 5986
18953 14661
18955 19643
18958 1074
18968 13324
18974 12780
18984 10429
18991 10921
18993 7744
19010 9363
19011 5672
19038 6709
19040 290
19041 14649
19043 5821
19052 6516
19059 12360
19069 17967
19079 7155
19089 7105
19096 8486
19096 13062
19100 2433
19104 10727
19110 15597
19112 17056
19112 17184
19118 12114
19119 12663
19120 5139
19121 13755
19141 10880
19160 3311
19176 19762
19190 6036
19192 4027
19192 5389
19212 1796
19220 12360
19222 9635
19225 9883
19226 4772
19227 2107
19228 1765
19244 1205
19256 7540
19263 8794
19264 17044
19274 11079
19280 883
19285 10501
19316 3613
19327 5991
19331 13364
19334 3868
19338 16604
19343 19739
19344 18614
19347 11979
19356 2615
19359 2317
19360 880
19360 13679
19360 16164
19364 12076
19375 19497
19376 16422
19378 19904
19381 11194
19383 17090
19383 19204
19384 15239
19387 13426
19392 10785
19396 16179
19399 1712
19399 6704
19411 5193
19412 13289
19414 6711
19416 17738
19423 13807
19423 16716
19427 17750
19431 2524
19433 12876
19438 251
19441 15384
19447 3004
19453 3297
19459 11621
19459 19959
19463 10732
19467 17316
19471 8744
19477 5389
19478 13026
19483 12031
19486 2233
19486 19792
19487 2866
19487 12376
19500 5339
19509 13654
19511 5652
19513 13471
19515 18655
19517 15430
19519 10237
19522 7529
19526 2669
19528 734
19528 11471
19545 19648
19550 17129
19555 91
19558 5422
19559 12993
19560 3174
19565 1985
19566 878
19571 15020
19577 7120
19581 9378
19584 11163
19591 14168
19595 6138
19598 15991
19599 2925
19602 2249
19606 4501
19617 8365
19619 451
19627 1557
19627 3496
19640 18029
19648 19655
19652 1414
19659 3040
19674 3277
19678 12324
19680 2782
19680 11948
19680 18574
19686 16657
19693 16253
19720 15751
19724 16525
19728 6188
19731 8768
19740 19427
19750 10190
19756 13546
19761 2748
19784 15192
19785 19822
19796 9264
19800 14568
19803 11351
19804 2225
19812 12472
19818 5350
19826 4793
19830 4556
19831 10043
19833 15728
19843 928
19845 6870
19845 13328
19848 11702
19863 12539
19864 1528
19869 493
19871 6968
19877 14625
19883 16982
19888 161
19902 13398
19906 6874
19922 19702
19929 5826
19933 8052
19944 10572
19944 11584
19947 11871
19951 10835
19956 5636
19973 5524
19974 16054
19975 15962
19985 9365
19986 3407
19989 2999
19993 10937
19995 10570
19998 14831
