7681
8224
37600
122656
177324
162826
420795
225130
107844
123724
17556
134933
556147
733449
316272
22704
592361
194146
284020
256632
1108800
892905
71065
870600
945852
1085799
778248
964143
693252
999090
925333
113770
1421600
983491
215060
200340
144211
250650
555180
186295
1255520
500752
1269730
841144
238501
657102
2133048
2022129
627994
2460750
68739
2128113
115261
349923
725667
2687041
2359386
343824
2579107
2344496
69750
2117582
1300381
1177013
2191680
352201
83782
732682
1481401
688317
148309
1146122
1225125
1544235
2271654
468415
1341402
3405102
2441422
2386033
2976792
1701832
216845
2374083
2670972
374234
722611
2743620
105877
1624931
1467930
137050
2758777
3866488
2181857
2024980
1493569
2794010
1424526
2263290
2941227
2450311
1982103
1315959
4703127
1204816
5250960
5444010
5476680
4319700
979851
4586154
1974596
1152667
573648
138442
496105
528720
1226364
1904430
3616822
2446019
2577411
5816332
2818570
2933550
5471644
2166318
3381840
2536560
3977754
1133860
460218
4624510
2678250
3319704
318261
4216134
3138186
256194
6947037
6689726
5375765
852526
955254
6541065
5920662
1412111
3001222
4847742
820950
1791355
2390407
744250
2297602
8497235
294160
2873164
3126384
1157478
3687051
895701
1518000
3032576
1947456
2356021
115787
5100270
1656592
4478955
1316578
4017559
3795570
408326
1645809
95090
7621
174705
2289051
2747341
4390641
6656472
5397958
1466182
5974311
3084691
2172685
646704
5748273
5130840
3074391
450330
588105
3092224
4321952
841948
9282432
9403788
3882331
7883757
4618060
1098759
4144513
4122166
5688606
5966191
1981044
870235
10032420
6809079
3689435
2612566
153896
2667955
131636
9123998
3092947
9633120
4661958
1402875
417773
4035477
6384798
3916496
2561880
37887
1221397
9187425
4596705
10233165
3498520
5473637
9191740
872661
2170306
11051370
6008284
4069306
1638545
6687940
11455671
4592962
8341724
565740
135381
9116057
2470064
5632528
2956271
5023500
8524015
11888000
284008
4217162
4291185
5213220
9555444
2843307
4593744
4372712
4778400
7276500
12574832
7477349
1361694
6754243
4580172
4974144
1400230
5493699
6552192
2624472
2738342
3174805
2070250
8524957
1277547
10327331
7138030
13334148
1276732
1488549
2079047
2257400
10720557
972972
380665
669959
1397344
8719431
2464857
8119888
2301598
5609812
6255581
7543140
10630818
4226037
8520993
3423240
4431120
11108482
10640611
1658422
12629960
12974980
6067032
13631872
14673072
828845
3654144
1934489
11045397
6842114
643968
3455850
6953965
11287269
2812897
844560
4313406
4753919
7935533
3597086
4925794
1697523
12053262
307200
15046408
6774159
5046896
6861760
5085300
585516
705846
10597743
1934996
870343
3920634
11502772
2424546
9368247
5670836
6665341
10099700
12069582
13455757
2848383
11464011
11995370
67688
316687
52615
8297256
200454
10611700
12340240
1038211
12485409
10867122
13342014
16663365
6443685
8814267
12588555
4882770
9385870
5839239
9337964
9763962
18068127
1621320
5872368
7908406
18231472
9738345
9236436
13875981
8544081
9429294
8482867
13895680
867140
3710236
3663395
5539200
16857126
4990628
9394230
8689608
492370
1672246
5468799
4683133
3775149
9781
15305562
9937840
15315062
1385895
1449147
10661139
10761915
1045629
5988990
11118312
19248804
8144630
4939746
14098919
5458471
12828438
478147
4272982
2230980
6166417
18946368
18264015
180256
3394701
16950614
6041529
6558408
10662352
19297404
20432422
3110557
7234885
2699196
6081075
1054434
10341408
15330084
10724020
9206330
1777284
15076140
3636300
9633167
6193075
9971232
66729
11038875
15730200
17303127
11182945
340204
20620320
18369261
8279680
13881375
4422130
8659961
13051009
8479884
3478232
4644315
9847920
5426294
13163848
19109250
14262432
17017780
13891245
634672
120110
22613706
1811286
12533225
7184576
6557584
222291
9849787
8799800
5239121
4240781
2296749
3786492
8489205
5607286
4468101
10714772
7931826
963090
7945770
9749136
6494887
21301746
8752938
10738243
1990640
18395505
1840456
1373481
14277204
16054311
1771034
3461556
1806102
2543223
13931461
14168664
3435259
20347860
3900816
303310
7057384
4477634
6760468
10705791
2645289
9028114
888067
2157046
1140111
14730420
24048927
8150400
1262926
19784851
2029934
23654671
2351550
1252714
1045498
5068012
710619
9022977
25057767
7100643
11312743
15352614
12713841
17733615
6496868
15475995
3334461
10021099
8337956
1911720
26288472
16381134
11730979
18849087
3617004
20077167
15173467
12896217
9133787
1190683
4826865
4113444
1960980
2256408
15675874
6306594
19391710
3206892
8615322
16356363
15144404
15354144
18601695
459475
14442880
1632850
17337510
28232388
21020556
14288308
8963544
13544680
36184
14607238
14223525
25087725
14404939
1831680
16510185
21394620
6188146
13570603
1043235
20036302
8015574
20672680
23554282
25065579
18817456
2284727
6417262
2906696
9542009
6749167
9392467
22600574
14407158
21000901
24380136
9892110
4744362
17926380
21180432
6098105
353440
426170
18047904
10615815
15656658
9747764
12440465
19152000
20219609
3924256
5175514
4979752
25987557
9215190
12445912
1310730
3713607
2415127
6864778
9910426
1505073
10196595
3822012
3453060
28428400
781561
3304344
9097713
21133336
7673270
21796642
17622540
10938085
15345970
2924662
9385990
19144182
11515866
24869916
28925212
3517958
5014400
4682874
188778
10172568
555183
14840532
3688473
795551
13902915
2347327
29049717
18335659
12673041
17300472
441101
18282123
11342489
24159520
29152611
25786674
18692917
6556970
4458950
28456866
2547946
3286297
25108085
8840630
10124784
29052181
32690944
2122570
9752379
8068680
23189960
3175722
22370981
26278785
2056496
8728906
21206061
5616735
10975632
5782867
15573670
11194414
26022150
1722016
12561467
3738694
921156
10810821
11459154
21120797
13670420
3097551
6153486
15101700
27862695
20116415
25528524
35480740
7100575
9013809
3313579
15012669
10495744
413625
27443220
31787406
18868356
9996837
36172746
3438066
16097615
25154558
24016403
30542911
17564085
4998113
9484404
22831185
9582189
10091253
23264415
609747
10514910
22629292
795555
29341431
6843336
27562932
17679375
4298646
36376260
15168595
35186998
13086345
27412721
13518252
153814
5738778
24195159
14993915
800310
312178
18975396
9892973
36549274
25116040
5986299
35618352
6327886
13353678
17305954
17054712
5349667
8333022
38276334
26237048
20878405
6919925
1544473
10447801
1227039
1494210
39117312
29532660
18170229
38197738
1466749
9130330
33523386
9736755
9884730
4538667
12247067
19945744
27976832
27011371
27391287
38946120
4275748
34110729
27975648
5954321
1857746
4289767
13382161
12535101
24549495
12134344
8449788
3355455
33649912
644670
35742816
11674125
12052759
11164966
5493852
20259
1387188
18906462
19838016
30073173
22430647
7401211
22458684
29999096
29121626
3058420
7852700
452641
8469809
2672539
17634468
9564708
31604020
3119916
25224903
28159956
8197682
1949793
10291749
13368771
16220650
37916596
8532954
4971648
3562096
6215512
8081440
39340728
2396002
19692075
3792596
17690067
135084
24494185
27623965
40752020
5787912
14349258
5899946
753505
31026024
6514104
25362774
11644011
11802771
8392417
25797044
1802112
11855657
25542429
4417365
23786957
32526107
164482
34428672
2124525
31625972
12617923
10227624
27551160
8933416
25375761
37847919
3378484
17041193
17424598
38322200
1534947
7165755
34052372
14305236
31246007
1606450
43995670
37716336
39498940
36016596
18412747
2706055
41201580
44804128
19410922
24789636
2348025
10993617
34676296
27709647
16470369
25034805
18989547
31612420
37038162
12696099
24198885
18753771
39537344
10670176
32629626
39821250
1663756
32521459
42527982
12701820
3824092
7486932
3058195
9515950
21178235
21884254
5632434
17355396
7144970
16523640
27181636
377070
39735792
11042460
8099843
29789217
10114339
5589001
27590178
17305237
26629868
34495890
1757016
13713069
14737747
11955075
25589136
23408865
18962667
11781000
9276064
27763785
7109479
38552193
16480296
45102640
27160179
9113301
20503200
31872232
17041830
9148715
30211201
29879851
26027419
10026684
45772524
11167215
2006687
8949847
16968204
34845748
38087050
11305676
9884446
11398140
5504947
22140278
40640203
13148916
2359252
38847898
15777468
491814
28968917
6764207
29016000
2729467
11148631
22139440
36065942
13632093
14920868
1700075
2537760
2202342
9935055
1151732
22915830
12657330
2204532
2882841
18860028
31569949
40503001
756600
9235564
12765352
47307676
7965419
13372152
1613019
32867230
788435
32096905
5765200
47300727
15943837
84429
34399952
14473786
49351189
38584133
3654178
28619130
37534203
507474
14507690
5981500
10361188
19195995
12630618
30948
34788392
1383594
9221670
37592248
11663909
2586250
43325751
16403772
19024039
36862052
21403854
20436215
8279158
3534380
51406932
397122
213400
38040236
23846472
40013380
46031161
37533846
32826108
39052006
32172225
38281295
52940265
32844100
49670120
37573416
18026568
34782930
10305160
14808612
682904
18234831
2974636
50373037
8926259
33880600
9455
10508187
22691685
45419655
8181246
20074404
32713263
48597388
2608320
39025153
43521530
7548168
884371
19359795
8064813
76474
28165350
9120157
43041550
7376877
36300862
43787716
1325584
21007858
38587036
12097792
12729542
5371444
5942655
1344409
32036832
4108104
31248937
3600003
54285867
21062041
53915247
24067680
22906625
16276785
993952
13761440
10830625
1129379
15639862
28251447
31158195
46803744
52433784
50637843
23254528
13390644
46153810
12223526
24043458
418698
18760070
816407
40248468
10677165
2804067
14894700
28287850
693813
11470765
24929284
5981580
231453
40302990
21706
14606867
21010045
56574850
10499136
19364506
53764551
18575316
47850220
27970510
30651966
16196839
25012119
57918237
26125472
31479554
25053042
41941020
4823064
11203272
19570931
7345462
18666831
10031736
34585536
15222270
19487066
10679762
16924504
6526842
20352895
5364147
22269286
11672208
19646309
29160875
14025636
37145520
19688331
23281092
9527037
18310383
9502550
3341221
38339730
23530500
31221520
12352990
56937945
41812176
31379348
10220182
19979338
14555765
36005998
17258625
16379777
21174371
18916188
49823718
32352768
4035410
17035502
6061584
44116765
51908894
15597453
2032683
57473822
16927230
39882715
48710824
7633827
56163060
17472480
3114840
6243343
51708564
1119898
14966695
44990348
57608090
594211
28939732
9593166
6833037
25970815
4160343
16522495
33683040
46040440
38467515
33081252
7671130
27435651
39246480
40441371
8770314
52430409
25262230
786720
436660
29691540
9452533
12349620
10048407
59251764
53404857
13093584
23195040
23679290
29354946
45316470
3325680
29077244
32972140
43427649
48094884
57544990
42515624
48416880
21129256
59212102
9788979
61427691
9812334
22546183
4473075
31773204
32486592
43204020
51369669
15284128
34511296
22435959
26348718
49191898
7688443
6709307
3814447
38081445
3737297
8357104
29235
9340446
2026481
20741474
6348132
7765359
55404947
18679011
37644552
8536944
46005732
37282635
40390749
24219120
4010992
32414750
58519468
4517700
38243700
62739656
18884463
12698226
56628033
11691360
1488310
21675423
36239444
5113840
36385475
27500067
45214522
62860380
9475555
32830042
15155595
63834102
23870213
35602710
35130752
22091073
39114398
25678617
12151015
56708685
17563192
11767525
10863960
24209296
36541824
19096935
23588574
64586206
14044365
14633428
24999447
2895026
60549340
19816689
6575728
25010599
22722258
22766884
26650426
36155472
37793880
7188298
16730468
6941585
47621539
26522304
25393512
44112344
8301407
39803467
15240300
27575421
41497332
16755060
32018523
41395120
5986596
25041797
7549861
5285674
5763106
213962
41460314
10448106
29585304
6363189
58553775
3523023
52663261
3631638
8268189
29264492
63058656
57387330
2429199
55793184
3474624
679695
16186510
6409189
18613181
47521941
64650294
9827700
9840839
24538080
62647494
26694148
24418399
5974664
23827806
64954053
18784852
28366050
144753
10385553
17374306
16650067
22393089
65613060
9179568
61993750
32641659
21071572
26020932
63246861
14168237
45199022
167085
44676127
6677505
24311360
1670694
34780864
67199407
58929990
6470301
16442442
21348138
10808414
31529073
51517677
30880800
35600400
63457200
13674699
2050866
9443760
30478935
3397945
2083087
30072701
1452900
51425990
19609464
62437339
8732530
31765524
24714331
53950465
66672732
1080795
7276987
42924001
22975354
29240658
8719374
18227712
1584501
12320919
70499121
7832196
21120330
32689440
16334856
46524120
29959734
2992950
51419620
52660068
27557688
6232516
9372385
61473360
11760968
52661835
4956110
65134335
15165088
69088860
18398688
8296128
26520070
69995961
51843330
48482300
18434736
18900412
59389477
15401650
197146
36599395
67030
9215587
14291940
7707605
10358937
25328980
4120744
66559527
10600800
16769172
8041867
29452909
34885240
22016475
1369761
16157268
8897556
14148051
36611503
18498594
7944245
47687094
45548530
30245271
1603251
27667200
60599040
20185754
13652136
3004835
44206000
1061496
2168676
5798218
60912696
45174750
59818059
41328478
14367893
40567041
15003466
32119159
497979
64546992
51839534
14045877
76166440
18251947
23519539
36648232
23524800
25283700
48091120
36092172
24109470
38211753
9038302
67810281
25492677
62046105
73358595
6428162
6666078
45345921
26535951
21790965
64376235
66075306
39969244
49140957
34566875
59277
45710367
46914210
32580349
2902860
20236153
74728226
62718468
17745097
24903492
63209898
78583995
4943781
54620640
21427145
33862501
4383738
37940292
20732223
42709675
77716992
40193695
59861031
4073954
39772971
9603120
1792360
73738442
11415943
11674240
5430217
44386372
8758474
77616545
9276447
4289584
67728675
80367175
15971082
9383892
75699520
38335560
9113832
74479671
4929456
15305519
43741182
18899300
51727652
1603777
75256506
74852550
4409691
22165260
63237081
5382712
75284550
6795087
50904140
6224907
16071451
40682952
51041686
65502060
36550566
6489740
16931157
39370980
12275403
21832711
20534575
50460980
3177982
14655014
30288402
12870180
11335380
62378869
34953938
51835014
15816900
296083
36899405
5764446
41522596
7345419
37144029
5505205
59713605
26459256
15582087
12387796
30375319
23182867
49207286
1490404
41584608
6837749
51464311
8753704
82070460
40645267
28360586
5302240
15929379
3381895
23259690
2552992
5721592
35158152
36346462
37809351
33585120
23255456
74217012
29296943
10056562
53811960
20116551
84208336
11355049
2304401
42412370
65265975
84630400
13307154
74524052
11987417
27934136
31220838
23510925
9736740
46575778
23606004
1121701
50935795
9719400
51653376
46118629
19121182
49982160
4609608
1948366
60554871
20638996
12201832
80937925
43339912
20228720
17268
44823882
11664584
9504885
51687660
35414344
12322232
22989750
40857936
69141520
58808820
28294269
58189331
35374479
3977426
13492066
20071795
3361920
19772415
54034271
39775879
79832640
1209369
80351131
28629487
26372346
8161515
26609551
3309001
87543547
26982531
70357755
25417885
23091585
68010816
20829396
48593434
27973572
48465973
20762100
7391977
26469033
39892293
13120984
34704918
9123481
16624254
12334360
21640630
3686860
18181624
2093259
33592134
22496145
33367396
30320976
49152393
18217150
39064639
26755903
11654032
27475842
13230486
35013642
6464830
2381029
3195710
66344460
13878005
43965567
37246383
50466922
63598395
63945589
51954760
47652211
54612720
8843719
11356356
21388691
10297246
10085016
76302270
18999153
61427548
14365426
17383509
39457675
46898118
59860600
36925785
6318154
15682266
73777235
67393132
38467989
542446
26345407
32760642
25311531
451195
32983797
18340149
73007215
73646793
28020575
40226869
4312023
62099220
62368878
16350243
50042497
15904300
48189697
26220024
9931332
67159950
849778
616302
33652035
987072
77270976
60130831
34485642
51944578
61027360
7419251
50184987
1640848
12396258
32344840
44532090
31255825
17261293
82104365
17209040
23219541
19228836
19066606
32397037
1693300
6042057
50302141
1484880
18244581
12689299
25471680
9486580
21415530
5071266
9239802
88792640
15539343
33745253
33457029
58383525
57692586
30366105
2041292
80145136
45327361
21357499
30692784
21562307
29750474
6918912
20983647
86019283
77529633
19311031
2539469
4994941
18542373
71087625
85505868
32041768
188863
7006030
58094685
76641516
39332739
1566265
55349437
70047180
54951745
55261407
81654534
40273606
53037433
40494680
49749474
67648911
1755042
64998444
82575339
8966331
15444917
14569632
1773241
38377455
21012940
87367464
758593
65288004
75311841
95888688
30126226
2733383
13327920
22208058
52029520
16609230
14595008
35823612
45580287
88226344
7840492
11331692
18990700
35953542
40997735
67661058
77287905
67709796
81669627
8829291
41458002
70237555
37969296
30016987
4089102
13526611
10119937
97437825
55114004
59545583
85584606
52102345
56140050
72088492
20410679
50879556
27673327
41147764
68672555
7517224
51377030
45610425
696247
21052416
2080779
30695828
10180038
53297851
14395953
36963150
50712060
64532974
84318608
67710666
92673396
76747140
11462510
21828959
35629220
11773080
8582926
51576844
3945400
8147581
50730570
30162463
68071332
14409405
71707238
47891974
86542560
17472762
9672125
20814973
34193346
10120227
70253316
96105984
43009872
67390000
90786300
22690122
45920160
23797209
32344776
52857267
83386366
8105620
15530697
41579416
79996080
25429275
75225164
9180694
370711
30752214
36192699
34092874
38301066
15666791
11131191
4844694
22926330
28911046
10373109
21463375
39580647
29724259
2392815
25061574
65319970
77092445
1750672
40437849
59259981
60552340
7553083
24281272
78926964
18567174
72246592
15436018
80455291
55417743
3744900
85911573
31889049
30157125
5457087
8079189
69462639
56789423
35322112
6077099
49256778
87470040
48264231
26440570
41821536
93876356
40817781
3168597
55955344
83498134
37774991
36277362
95415771
35996336
28941720
13030641
20685361
22233551
91113285
64508535
6319887
24614402
34429077
17359518
95642911
10927705
83547
21172782
92255856
92580975
89055855
6436992
11313388
26314276
4454850
11812337
29098487
103068000
23693299
23134341
10337220
36640516
73417242
15944000
12403680
76696842
27247135
105428135
61912395
33450849
31596928
3045392
50102045
7716072
92385828
24386048
93186304
101187529
984200
13346322
55747149
57719059
53771760
16725225
13541921
38198832
61462155
38477448
25485018
10757644
62998320
92322916
104302980
42599277
106400775
11293684
33887152
68653896
12431646
4355117
94087542
83068200
99826683
54325903
65143971
102957270
55582884
69704502
96080750
97546764
119440
36667317
43287244
44314270
9268908
18159954
40750380
18913958
56778100
25505597
91882556
15041641
55284867
55764386
64684620
81300139
71146892
56259603
24678384
6109990
48004720
13700331
102318642
44120736
96454017
108346882
6868806
90184282
97183888
50435071
62022640
65425720
92316483
73425276
27437500
32011504
93863772
20212426
96983571
23688427
4470950
13311131
36499331
92145490
83973096
39138240
89486865
18249565
57970411
72706347
35841960
42769532
106936716
1593964
10934538
43757200
7490787
4416625
37052896
91816320
20846015
24819801
12785524
100135980
28337232
1249248
109108428
79192386
49692153
71193619
28398672
36214581
37549554
110175640
23933383
75389193
77346918
26341835
31199512
53254308
30912895
16612041
23260245
67281501
2111992
21741889
1809157
108504472
84200715
84695772
2185377
68088384
12463151
20356065
51242100
33313280
85184295
39027519
29394387
76117180
47636729
92746328
74736270
21657429
19760848
2870481
4693097
70533776
3000898
15814633
22661535
1532520
61542445
31682922
28883547
51956330
71536170
109101852
87777984
35085488
3238911
42057715
53831889
23691810
37193881
17458527
79024864
3714055
64517817
35861064
19829106
10376987
1293285
10999222
31558525
114306050
17880171
91837548
18222539
28893750
57350500
937297
44227128
18163821
89739384
26666353
49895485
95284107
81192960
68083098
34593465
21621560
85265820
14435289
27859974
61028134
33349386
54765960
107272074
22283824
32462187
42023576
50074992
94470399
1699525
86893955
107808958
15855120
51343921
10546218
17584755
66206127
5212091
69835584
64640301
23835084
44984096
31489099
36081243
55574077
15110038
20165520
105841541
101782296
20105080
72976800
9081468
31341621
86988361
49048802
33166685
94260960
15594250
11728000
9038668
82338735
56950969
68037457
9417886
23767222
89441658
106402608
115857453
6947036
28898558
60929526
37625665
90796004
11202464
19510330
90656896
40848519
88273780
6413389
77113395
45419261
8707403
69111412
3334179
50545317
95842931
4213572
37086388
40210581
25182924
40559127
23289180
4528483
6942081
15038023
10445600
64126608
91347759
6123054
4734977
6596730
100851848
20014236
20832341
44679811
83442357
74815972
68727204
16209510
57743787
5885926
105973140
13312561
31437000
108424856
119830035
87674448
81876950
6381270
11342296
27751808
4635015
19155004
28040145
10988325
90214113
98235130
55613437
106122023
6201783
45090481
93741630
42566892
63220848
16659621
30083410
12531933
19387200
71708406
85607611
49263487
42913914
51992154
67822515
15335167
60569928
53552792
28054350
949806
9201990
65327430
209506
1522750
23861925
57951745
7146856
64791250
9355099
92453260
12730700
23586016
115396710
19980575
7315540
52154410
28240302
91088376
112886784
6573505
72309880
70060729
25496988
5309712
34650880
5627498
21640969
40954140
36237582
56061272
65483935
60506289
116363289
51577218
69428828
70549375
49677847
119247756
117052089
1319715
28839011
83635866
8202129
52799270
100302300
98595216
92680137
55790742
46902680
21857674
98258286
868327
3567875
11495871
2643756
64761109
30321880
21716957
94193510
80856255
47846810
77974424
3916364
74404179
74322702
34876171
38594776
7865766
61130604
8416575
112327666
28201465
107173581
26671378
50942631
47901001
16037500
73130449
19713580
57987300
95996056
12129942
65035890
4113229
3396172
57922695
20268699
83210262
54974080
11014380
15040491
16890048
103161990
34723864
90953082
39330414
56369188
24912677
34322022
45182987
87285872
29016105
22651152
119618514
85147140
84744108
59965623
11111784
111617415
106173387
55883514
30343950
17425911
48634650
16233156
86597280
22976064
27411156
44230194
124269575
27684735
1596405
45455385
100498514
27510064
25198638
14193474
36906427
118274800
24789319
4015858
48433164
82735840
45721469
16940406
34036254
56639916
82732283
7729644
6425890
21489904
28228551
86172282
83904612
69337098
57424668
24352300
59773443
13475922
24413530
57049807
38376090
12158533
126963441
1919770
121906036
26797101
66896115
39539136
35835305
20200624
111017232
19445276
91036459
5146813
44750024
80102799
52407514
55981431
20438469
34629547
121949408
96055220
112983067
91236064
36509196
21362420
17512797
13035000
51568834
5307280
640242
22726847
51867435
113141262
16536705
87096860
60821328
7415395
49120968
38074440
47582878
25885265
115105674
36889691
43978240
43322283
10436409
74598847
12179193
2414364
76484695
95978880
40069155
94151200
48416596
126819000
25245660
85787760
6672780
107557101
125219292
2068805
58148653
62322709
37683610
41637547
11807176
72629624
37409408
40440864
8048847
77747760
75891686
106047550
10114474
22964592
87692445
30127578
2218113
33446555
40771440
125788000
65064195
67579527
87803880
61166957
50090511
35146222
27726615
89545218
19377576
48058486
61379734
61888152
75833010
115880508
97878250
87275061
71689616
13034776
100059877
79621282
41111821
26612587
36504936
21213471
127274115
132434874
923775
12243600
23906202
97057961
106758162
1756083
6796795
71271684
21912208
51884523
128531800
57373698
4076698
15689352
89348666
19566084
4821306
78648904
36191699
35668124
89274730
16066182
46004239
69722242
115371934
20021940
67563660
8764928
20234021
112436865
133860812
9666756
10073151
120238848
34668882
77538660
86578684
92613565
63400883
52601475
23297136
114786016
83842387
14683425
22597532
64674345
2064399
83940635
11081770
10107057
6457432
41746908
70130424
133432218
94859226
3413292
78597184
94167181
127206625
48022193
53651025
93312201
11154909
71555467
88204692
19373077
2880618
18102976
73552483
6821152
19776716
9428055
28006230
63531256
34890567
1554561
3278895
48675393
2170552
73337782
9229608
32421201
62797644
55664562
138892216
61008547
7765290
39783725
94063375
28100532
110803212
101361645
46532880
110188188
84119558
104936954
72428817
18747955
118886544
5111990
77693166
56320127
2611536
19265082
21506816
106662699
39334707
106804320
77277567
85638574
110117890
8672560
102294244
139628216
91766532
16100097
9362655
29209563
72059438
75037560
52290870
73408628
137262675
18664254
45733662
81183392
90960800
37671747
11821545
75652326
8483004
1952286
43129773
5148271
30178638
31795500
79425300
9173351
18110820
58340715
5482713
119734692
107628573
56594868
29313916
55751104
90931237
18104925
51767043
121101927
101493072
3561088
62239972
43692210
32675262
90515919
125871465
77422080
17578990
1489801
101531200
53122660
87535525
55111264
53974976
121399344
35881956
131094434
86727384
57292960
32363712
90722853
19441632
71896446
39234365
40557476
10786613
128933037
1236823
10124092
54516952
90940542
79485105
26186862
70891331
34538319
129750896
45227686
2598300
996721
133657746
38137801
20536524
111976579
14533347
101322540
1836709
64220780
143739630
71774685
2566344
2271187
68721987
49789525
94412301
51387165
50479086
86701848
15905817
141812086
62542805
74763304
138974108
83002608
975029
53133003
2648946
16533382
60874671
3892992
91978685
14840900
4844631
16550631
23345217
40042360
115239852
2149581
103157696
76331846
72206706
96762600
127640041
91408044
85147740
54352350
77286976
127060107
75965770
76450166
45493320
92817685
1158877
62272324
13903930
144978750
3168712
94993407
4722552
116395097
95089855
22899652
95603370
45630577
90525696
14182117
46976359
95137497
110019546
40350679
38918613
40690563
65241984
43168084
132997
115125360
65419068
4899462
112036338
69586202
34734955
7692618
46929618
57954834
22150179
111247416
53846776
120867270
45974965
32252028
65320751
15868344
126074346
49460620
21659100
67618687
73022035
47266225
24957487
39119334
147076562
148777214
28303366
59991419
7082034
87724482
111270516
82321770
7797442
112107756
44430739
10189120
12278202
69160390
110184565
98241347
112087602
3706482
31709080
4244256
74275477
36338251
113770124
32682556
68863910
149582227
1986600
6258107
45236235
78281115
58268740
136752980
145190240
84409816
2158001
71344698
27802203
14272336
13880835
57846260
89321859
92544060
75749
113873836
41880910
73612836
28648446
22665012
31936321
46182647
4273336
19652761
41225562
78819201
92695890
8944492
63615710
36738399
53935713
15325322
139726663
147224883
10203093
89680217
54127512
9763264
18431283
132708520
8217962
31837219
82176300
108865404
18777617
94125678
133539630
1281781
39359979
9815371
89411238
36467128
43061220
6600043
28012689
32375583
41262232
64252498
148791391
120532615
11658237
114274603
129996765
2586866
40925885
83132338
12845123
126839865
42391584
36134340
123821511
31972875
1806760
59221419
20719604
7491726
21175541
26961966
62256
120418668
49729911
12900240
54843615
64334880
34727836
23494650
12694059
50622000
74572780
26507798
36547685
46607319
28062622
6762511
99191889
61074216
128407462
47549428
50608340
90120960
13560399
55512915
16147101
46228299
68534375
45768219
64883403
39823369
8576420
21995978
3079270
11809751
34019011
1325518
89898396
96603995
95637669
137550105
14310073
121772510
109771695
145654191
5701239
64427830
145436370
64777536
15462029
111794828
117033540
87544617
141604366
78583050
90457423
7878640
119160325
1021164
142725480
52548305
17531544
134820381
966118
72618480
82996238
123384184
118894923
61227530
85332456
22453773
22837267
132160917
98001651
36512922
24114675
2734112
157348165
56887008
5698133
94322109
22798395
152875083
2563603
62859990
53731759
3694656
21068863
83994933
10696965
24676740
2885707
74437488
97422480
51626170
125448630
100207649
11326184
120944824
90895770
7739695
110513338
95026129
116621225
115632000
58514511
469287
24047602
73807977
58474694
56523150
27756400
34714563
104176903
2594193
9350295
13870113
57114547
93426823
129064615
3894429
14385284
23601377
99525888
144474624
48422004
44872302
21420640
12176044
37281489
142068654
107068712
98848526
45016188
94471645
141974385
840771
14343210
85371988
77494425
79801762
157041444
18070272
24358116
156132522
116206986
14161326
39423527
73235972
14169568
86160353
13906539
40898029
2573195
60701419
65301192
118311732
73062881
60774790
86245517
54419344
77525534
146598204
82421664
88655584
28908316
99364728
33639375
25124587
78104692
82727481
98147307
74772474
109617474
156081156
18689015
30188689
30280800
12080073
2454591
122265417
22073041
116435580
160877976
10722972
80674734
26379550
28972244
14004573
76122676
102122605
57063534
54931807
35522970
49317939
14692236
16791112
17948997
42718240
122863470
62777099
26737957
105063552
49432240
31020629
152159555
110775216
107899290
8214276
8790393
79801542
54395495
103444929
30379508
112124628
8931867
83824000
24661962
6016083
160254410
52341687
142185979
157403148
2175174
26950032
24159880
69910284
25302655
112271150
89007264
106744430
160436760
4085889
155128017
50248555
102132355
79244250
3601465
131545080
60951052
25008904
73893514
8658055
95835208
103458082
143107525
87239220
122735157
56184440
123412752
16234641
25703217
76601995
93359817
31356264
33483082
119409835
122029902
77289456
24939585
71951623
116179965
46313692
87977485
133917024
8691781
124242867
16908667
66738698
60289953
25013121
74727922
12919277
14919192
25597520
40733850
126452143
38359789
5588540
56618879
593064
167284518
8418608
674944
9539211
7820568
168329806
142088640
46258324
25524733
130029588
17194270
115606704
44350125
160640310
55905158
119042109
50507787
161009100
84669218
13120686
141922444
83472436
75734884
56559309
146367489
33988404
162535410
5499301
9016839
19026986
71936282
2955615
31737911
58668495
85124925
29331630
149179641
4707919
89018025
6271957
43001547
14844384
88176105
26838237
10701799
72878837
53621610
93410275
69858556
131554755
84141327
66451580
83191620
17765440
25916122
53057924
165759178
24123645
159242109
76384666
159054324
77769714
42736808
119916504
59658290
129170450
70916799
15510250
7506448
146431527
75277125
5250687
112705655
97719850
152426904
76729500
140982330
99352318
38926451
155744655
108833697
137118780
4029292
59406154
111668392
113660987
172374540
25454882
103717327
94128075
130141060
9811705
52576233
130772208
46064847
106300336
60173707
25683151
115283670
63875353
2644887
97541571
63799853
118911600
113264846
13551777
58695193
18889580
28329562
23560925
855625
136888726
134757414
155517180
149399425
54180060
81936960
33899039
94935441
21438318
117761588
109565379
84313655
75321730
19365489
3342670
6017148
69663443
33876150
74500800
100745047
155478466
106953803
112936176
50036986
79352630
67438575
97984729
45971838
19327960
146202440
83045601
22146567
1253122
66258100
25811610
85609095
52541379
423984
59798626
149263002
75915954
51792531
32312322
97263402
101609480
145607801
85255166
29963628
48099274
125696725
28137822
27227443
5917570
33466405
32027241
31233096
135014044
14512659
27316888
135465330
37258689
96719750
41013641
116079525
52766941
12576912
12845541
10711732
142678202
167699874
135110220
17757046
123770048
14938063
61458486
108555600
27829389
79846455
168791040
88557518
27267926
102072899
120473262
46528230
27416635
49678600
16728085
20015954
159068713
108193170
760126
14018832
82067781
161709536
38369646
27776742
146106675
96155064
15244849
94771495
54057737
54304829
178570695
78997776
156836925
56426730
73569829
47642574
91219212
52594
88494492
11977497
139567008
32592067
1049348
163017693
122795094
125045647
75511548
2397591
26246827
73941861
80670085
4090700
13188910
3846312
105744600
1886514
65408619
114688819
77975233
624450
36013929
52860760
52266248
81639880
2904798
5129375
152889024
91968996
21847207
2741053
14177129
50214953
56889014
73261141
17250146
37533022
146025300
3261635
6452505
55774698
141485850
36487534
41716549
15846974
45241039
172746470
2767755
19319452
50702715
88972823
82098805
2407944
20762810
122934810
107146384
131463395
160671708
31956750
141595794
41624274
29224000
17109657
79865320
119152935
155295154
328162
130227867
93472026
146210169
161461552
29922895
52133851
134789989
62949780
80013036
154032132
134428392
26775994
71354935
38350684
155712159
51713845
78059597
180120406
7227398
110780276
68125428
50282694
112396824
143502107
10721542
63973525
76122157
112329267
29667909
62996025
121892259
62285512
27686429
174665718
129722304
1399966
179238400
3440068
183665352
113700642
47119561
113842950
60454622
25121382
43005525
153810870
52096267
1384590
22290856
42469896
130057296
32223436
59493338
156821401
106096207
65660085
108549555
48474072
119809522
164263071
2679343
62899837
132000730
38908386
84900930
5801584
120594330
36260635
8905375
6411167
74651984
11129482
547290
24219132
2363397
129062925
171545320
85328323
1571892
552240
72716941
71487321
186842334
48692265
155516031
137182069
93776865
100704882
56099897
171589266
115411821
127384927
123685696
83247907
3032001
87716709
6079722
55864641
172822762
93417805
119272314
131257782
53842396
11603237
1641231
54075616
17345586
55019956
52892124
163203768
136207937
134039485
149825100
6587376
169101526
66634743
105518955
62381396
97871127
8488358
92834520
47920950
130316506
109565720
55664307
49255860
8424295
114730140
3079461
122847697
31510194
60780897
139620075
10180446
126364816
121243860
98992068
6797653
73540896
88995315
53915196
63862971
2760800
32685456
41565381
62071416
117784620
128475142
51188063
8211045
29166552
124715976
23235150
102464304
149029335
162987136
164210304
115797726
90784989
49128840
98624399
18070395
31719380
189478056
57915420
21465805
28726627
17252376
118779600
92601985
3485688
45873236
15189067
9424729
3074843
72595120
84699411
91200304
106768323
8512120
16171679
34894354
43417357
129169742
37391956
160544076
143174419
180034608
86905227
25307970
16817842
4730196
132412720
156467520
116919832
141653032
159096336
192849856
60260746
165627735
186115566
147696388
72299094
104571360
156903942
16605544
65025448
37797421
128983034
65143677
172200504
1143521
162337434
172414625
1661644
125109654
2439469
149540172
2715104
14027736
84796005
145638391
104438458
168545286
85127212
8381397
126860214
35808919
4565027
40469280
27924871
120585556
5943338
133187943
55138086
40156819
136514851
150573655
30525379
73490569
26057447
7166776
112002844
192010080
167435975
270505
29453746
17502779
31041720
8493470
8589474
146978210
69694120
91815309
109308096
138782644
60137055
156695809
21494838
22042449
5686254
35893422
3315555
11457067
19057429
177044780
193090720
13893964
29881680
32235849
121255836
27374880
117568320
182768160
163954851
70012015
4890907
162969550
61038432
86500704
191744490
100626250
5880556
27151614
150279264
196089135
91695072
144223200
84290051
22031950
123547632
53013150
47513009
45172740
74682291
155966712
5112777
68167575
132247080
116130648
93394259
8428788
2140839
69230564
63587637
168826553
1600984
133323498
38006426
34058562
58053177
80250258
18295464
20046868
88792587
81059559
20242916
55165426
160331298
159420475
40938395
34046151
22477256
25622931
15631101
148295169
