255.1819781817 255.4886872901 255.7953963985
378.7037813365 379.1062295632 379.5086777899
51.4128166691 51.4755917810 51.5383668929
1.4134664670 1.4878594389 1.5622524109
72.1296422533 72.2461683312 72.3626944092
5.9975533510 6.1739519790 6.3503506070
28.6477189995 28.8452894753 29.0428599512
68.6441043796 68.7856386154 68.9271728513
4.6470184372 4.7185110286 4.7900036199
17.1606413230 17.3471700330 17.5336987431
55.1410764177 55.2024807344 55.2638850511
158.7626018506 159.0940477835 159.4254937163
17.5446873507 17.6921216982 17.8395560457
5.6447079687 5.7455063253 5.8463046818
56.4289643755 56.5989311357 56.7688978959
1.4618580576 1.5254171036 1.5889761496
921.7447274995 923.2533113415 924.7618951836
40.5362441713 40.6355977109 40.7349512505
93.3683558824 93.5224290769 93.6765022714
51.2467771471 51.3226982985 51.3986194498
28.3573620494 28.5251570911 28.6929521328
5.7832914285 5.8497660426 5.9162406567
94.3406704782 94.5489280290 94.7571855797
183.5416215689 183.7448791786 183.9481367883
14.1843021780 14.2451790114 14.3060558448
154.6781434644 155.1755008389 155.6728582134
42.5439865603 42.6114096769 42.6788327935
88.8784069481 88.9704135805 89.0624202130
37.3914551348 37.4554815991 37.5195080633
78.9538895697 79.1684381826 79.3829867956
391.7898936717 392.8182136026 393.8465335335
11.7663352891 11.9134144802 12.0604936713
66.2421235379 66.3238030984 66.4054826588
309.3734550440 309.8831312467 310.3928074494
55.2543304143 55.3207418691 55.3871533239
66.0233168510 66.0975837991 66.1718507472
119.3924892851 119.9720644758 120.5516396665
45.7922028422 45.8828804716 45.9735581010
3.8761308554 3.9453474778 4.0145641002
722.8980315147 723.6646253975 724.4312192803
33.3459522924 33.4954857107 33.6450191291
69.9663532593 70.2283995262 70.4904457931
1576.9279419825 1579.7388652303 1582.5497884780
215.1390417041 215.3624467319 215.5858517596
356.1521575295 356.7881435251 357.4241295207
76.3111894243 76.4047080388 76.4982266533
1230.0874147227 1235.3218292534 1240.5562437841
94.5053995695 94.6039453459 94.7024911223
259.5715648964 259.8993067713 260.2270486462
28.3098635028 28.4604478831 28.6110322635
33.4226727785 33.4921585847 33.5616443909
24.9898236917 25.0827226645 25.1756216373
52.1739473703 52.2397404944 52.3055336184
57.9105105040 57.9829892405 58.0554679771
77.7950979970 77.9045144499 78.0139309028
230.8970914618 231.1671465395 231.4372016173
27.5481970864 27.6150616424 27.6819261985
11.5261711779 11.6359442367 11.7457172956
102.5909169142 102.7262611318 102.8616053493
68.0300100125 68.0985886516 68.1671672907
19.8856904229 19.9851188750 20.0845473271
82.5103800816 82.7224890278 82.9345979740
8.1085335161 8.3470197960 8.5855060758
36.0823402631 36.2636585559 36.4449768487
26.2840020115 26.3617653310 26.4395286506
32.2103127827 32.3816442337 32.5529756846
44.6700954497 44.7516102224 44.8331249952
18.4154467232 18.7031880783 18.9909294334
850.5715978653 851.7849667638 852.9983356623
84.3813288844 84.4724534297 84.5635779749
35.5008240581 35.6916887036 35.8825533491
127.0670401881 127.2179511622 127.3688621363
49.0630710509 49.2658110139 49.4685509769
46.4959291297 46.5578411525 46.6197531753
62.0963163860 62.2278763783 62.3594363707
153.1959638445 153.3577336056 153.5195033668
2.5120587543 2.7213969838 2.9307352133
220.1015943859 220.3364947001 220.5713950142
161.8896850785 162.0766246686 162.2635642588
14.3382994845 14.4069037883 14.4755080920
13.8132815914 14.0556198650 14.2979581385
0.6418361649 0.8022952061 0.9627542474
40.7084900977 40.7954740509 40.8824580041
22.3433277238 22.4183053336 22.4932829434
79.3939240465 79.5009239441 79.6079238418
30.3032419231 30.3780647427 30.4528875623
211.1293396877 211.3821891963 211.6350387049
58.3489360107 58.4128450315 58.4767540523
592.7124123324 593.4239518430 594.1354913536
50.3518053028 50.4832721574 50.6147390120
43.4435602888 43.5094837490 43.5754072092
32.2770242557 32.4179719599 32.5589196640
76.8174531844 76.8983988674 76.9793445504
33.6905371028 33.7806187528 33.8707004028
144.2326472600 144.3828896009 144.5331319418
54.6666656585 54.8934982961 55.1203309337
3.0422676283 3.2762882151 3.5103088019
52.7350372295 52.8058225144 52.8766077993
113.5983571433 113.7194641339 113.8405711244
78.5828252577 78.6707255096 78.7586257616
47.5494601518 47.7984102050 48.0473602581
53.6070742529 53.7481455009 53.8892167489
1.9119542185 1.9988612285 2.0857682384
42.4381559782 42.6779195713 42.9176831644
125.5724811454 125.8721768045 126.1718724635
182.3545554336 182.7661909989 183.1778265642
78.8399319661 78.9777640150 79.1155960639
13.2499721365 13.3388981240 13.4278241115
518.6740386355 519.2060120084 519.7379853814
617.2040473373 617.8913569669 618.5786665964
38.0429380110 38.3653357907 38.6877335705
10.6314968161 10.7523092799 10.8731217437
178.2036348581 178.3944310410 178.5852272239
59.6673783951 59.7413156669 59.8152529388
852.9414661532 854.9113078764 856.8811495996
26.6591045416 26.7897864266 26.9204683116
130.9080286124 131.0458265372 131.1836244621
96.2933454176 96.4303203044 96.5672951912
10905.5276961208 10917.0557380829 10928.5837800450
327.6240682348 328.1296609327 328.6352536306
43.2954115416 43.4023137923 43.5092160430
15.1746687074 15.2465865685 15.3185044297
7.4419366376 7.5141884496 7.5864402616
11.7999661599 11.9016900061 12.0034138523
66.6117912386 66.6849910092 66.7581907798
121.2906510198 121.4552244947 121.6197979696
49.0022910900 49.0704444851 49.1385978802
114.7977146672 114.9399671018 115.0822195363
38.9541806962 39.0276791503 39.1011776045
149.3328219568 149.4858268974 149.6388318379
45.4112193783 45.5178184848 45.6244175913
112.7302366040 112.9108940345 113.0915514649
15.1416949137 15.2083984156 15.2751019174
58.9938566908 59.0623745267 59.1308923626
472.4217985607 474.1586434084 475.8954882560
214.9025022645 215.6811345191 216.4597667737
40.8016863125 40.9196102613 41.0375342102
154.4120555314 154.5702646047 154.7284736780
69.7267835080 69.8124429472 69.8981023864
334.5040976752 334.9960154659 335.4879332566
64.6906308270 64.8306538374 64.9706768479
36.4977808637 36.5741360537 36.6504912438
74.8889271810 74.9766191332 75.0643110854
28.6873081298 28.8142431216 28.9411781133
118.2276699515 118.4147390495 118.6018081475
19.0334106332 19.1033864076 19.1733621820
53.5450257309 53.6057343768 53.6664430228
62.4492026247 62.6787952814 62.9083879381
103.8804060341 103.9934423845 104.1064787349
156.1601261516 156.3300501191 156.4999740866
65.4507500482 65.5665920837 65.6824341192
62.4388369566 62.6789863295 62.9191357024
186.7311203033 186.9696019384 187.2080835735
469.6399985109 470.1984289490 470.7568593872
125.8915403029 126.1978457538 126.5041512046
65.6636074883 65.7329460390 65.8022845897
55.6032538361 55.6753721938 55.7474905516
75.4092115850 75.5646944955 75.7201774060
40.1603868429 40.2492372562 40.3380876696
21.7049369865 21.9177304864 22.1305239863
5.2727120574 5.3925464223 5.5123807873
46.9872990454 47.1471197904 47.3069405355
343.7472618172 344.1149059474 344.4825500777
99.1770114325 99.3030305067 99.4290495809
72.4125874076 72.4981814825 72.5837755575
79.9812208324 80.0647085368 80.1481962412
24.4431446705 24.5165475074 24.5899503442
36.4483158875 36.5284220763 36.6085282651
63.7103383842 63.7774725659 63.8446067475
31.7833617652 31.8721421054 31.9609224455
294.0731870775 294.3827378007 294.6922885240
46.0284102283 46.1225378566 46.2166654848
26.3310084295 26.6917071751 27.0524059207
5.0922301903 5.2619711966 5.4317122030
132.7024497158 132.9878313281 133.2732129403
80.6148435472 80.7023732362 80.7899029252
73.4119544909 73.5169787462 73.6220030016
1365.1877133106 1369.1106665097 1373.0336197089
14.5458189256 14.6266290307 14.7074391358
4.5574917765 4.6360692210 4.7146466654
98.2029768285 98.3044261847 98.4058755409
81.3509721168 81.6239619561 81.8969517955
44.1106292174 44.1708074291 44.2309856409
66.8556883719 67.0167864162 67.1778844605
65.7405415060 65.8084552886 65.8763690711
958.7146273823 960.7587950313 962.8029626803
21.9877085266 22.0614927834 22.1352770402
52.5147297413 52.5947826829 52.6748356246
51.2563739855 51.3171763271 51.3779786687
171.5112042777 171.8848670321 172.2585297865
239.4089191667 239.6876257083 239.9663322498
23.7670725751 23.8513529743 23.9356333735
52.1116713217 52.1721256967 52.2325800718
133.0309467504 133.1655934576 133.3002401648
94.5445253609 94.6391645255 94.7338036900
86.0125451728 86.1382945079 86.2640438429
33.1673535304 33.2430780819 33.3188026333
622.3045657830 622.9694210883 623.6342763936
154.2358168777 154.5551456911 154.8744745045
78.4089557368 78.5080821031 78.6072084694
23.4230385103 23.5531665020 23.6832944937
458.6538108324 459.7033618870 460.7529129415
90.2526124786 90.4106730959 90.5687337132
17.2745136145 17.4406147069 17.6067157994
43.0396177329 43.1101744833 43.1807312337
360.2912716184 361.0147480674 361.7382245164
26.3922322221 26.4593880293 26.5265438365
43.3745563268 43.4933907277 43.6122251286
51.9708445887 52.0580439924 52.1452433961
96.4176260603 96.6931049919 96.9685839235
69.5285398362 69.6014973806 69.6744549251
16.5912438647 16.7507750557 16.9103062467
122.7600441676 122.9765521820 123.1930601964
508.3224578457 508.8427469531 509.3630360604
39.2114419625 39.3070796258 39.4027172892
1341.6688076275 1343.0961148697 1344.5234221118
62.0786732149 62.1575533588 62.2364335027
60.6652119406 60.7484289666 60.8316459926
89.2996666044 89.4010283145 89.5023900247
18.7006651713 18.7734304054 18.8461956395
3.3088522521 3.3701272938 3.4314023355
52.2225475685 52.3300013700 52.4374551716
24.5182913552 24.6334007043 24.7485100534
140.3776782921 140.6144028760 140.8511274600
73.1392966801 73.2541150423 73.3689334044
21.0919937660 21.1566931334 21.2213925008
408.3496950667 408.7693761511 409.1890572354
141.6421357965 141.8377741056 142.0334124147
67.2918017535 67.3953276024 67.4988534512
146.1534578742 146.3488501976 146.5442425210
89.3838624578 89.5311175854 89.6783727130
25.9504005551 26.0292771525 26.1081537499
45.3916354246 45.4976906475 45.6037458705
1.8280462512 1.8889811262 1.9499160013
238.4941577118 239.0399109331 239.5856641544
2366.4928378111 2369.7933857020 2373.0939335930
126.6212993948 126.7697417153 126.9181840358
66.7293656547 67.0715675298 67.4137694050
6.4895905765 6.5616971385 6.6338037005
241.2436560927 241.7441616032 242.2446671138
17.0970996530 17.1809089651 17.2647182771
184.0622560665 184.2697670654 184.4772780644
2447.1161162685 2465.3781768376 2483.6402374068
62.3694975357 62.4482469013 62.5269962669
76.3703748777 76.4609684422 76.5515620067
696.3700244768 697.2732281402 698.1764318036
47.0852878219 47.1597898596 47.2342918972
36.5605343709 36.6272506745 36.6939669781
48.3722034533 48.4639913156 48.5557791780
281.8740371507 282.1851563971 282.4962756434
12.5932180677 12.6812825297 12.7693469917
51.5373452223 51.6168781624 51.6964111026
57.8447347393 57.9151054628 57.9854761864
74.0871669376 74.2365362258 74.3859055140
143.8078093937 144.1124869560 144.4171645183
18.1076814081 18.1714408497 18.2352002913
378.8137528323 379.3992454951 379.9847381579
48.3694902069 48.5576983400 48.7459064731
118.6712898267 118.8073807554 118.9434716841
64.8608304184 64.9659533202 65.0710762220
26.5346381693 26.6230869631 26.7115357570
150.9541030810 151.2866011054 151.6190991299
51.3261993234 51.3972882421 51.4683771608
85.6412358618 85.7800385131 85.9188411644
71.5230532588 72.3847767921 73.2465003253
14.6472256392 14.7212015262 14.7951774133
0.1222806316 0.1834209474 0.2445612632
41.4425989032 41.5045459867 41.5664930703
39.7746282362 39.9081001431 40.0415720499
92.4005303866 92.5269333010 92.6533362153
34.6641351743 34.7300365720 34.7959379697
50.4684549766 50.5410714586 50.6136879406
653.6847539747 654.4790246356 655.2732952966
30.9014785788 30.9685099857 31.0355413926
25.5711830274 25.6572812867 25.7433795461
136.2714793765 136.8254284796 137.3793775828
627.7344493057 629.0314213084 630.3283933111
26.5676835323 26.6589814139 26.7502792954
104.6228683091 104.8478637248 105.0728591405
6.5408086736 6.6103917446 6.6799748156
52.7555972812 52.8239335471 52.8922698130
18.1380623239 18.2340309076 18.3299994914
2.2886448409 2.4316851435 2.5747254461
130.2856904620 130.4345883940 130.5834863260
158.5941684263 158.7924111369 158.9906538474
172.7961293667 173.3721164646 173.9481035625
177.2277955876 177.5894849664 177.9511743451
41.3883749004 41.5002353731 41.6120958458
60.2395432942 60.3110018272 60.3824603602
59.3458235686 59.5312792672 59.7167349659
54.2205549243 54.3759146806 54.5312744368
294.6494926027 294.9768809278 295.3042692529
9.2764938505 9.3648414110 9.4531889715
6.2579387026 6.3425054419 6.4270721811
61.7627333649 62.0746663617 62.3865993585
52.7019270249 52.7700173698 52.8381077148
1173.4873725026 1175.7615728370 1178.0357731713
71.4890396476 71.5865690332 71.6840984189
206.5066780672 206.8883909656 207.2701038641
192.3242550993 192.7736108355 193.2229665717
35.9887836132 36.0592117611 36.1296399091
551.6157429622 552.3713809662 553.1270189703
19.6807658296 19.7536575549 19.8265492802
7.6758103234 7.8128783649 7.9499464064
170.6494348660 171.0760584531 171.5026820403
143.8658789441 144.0100331314 144.1541873188
54.2267070732 54.3362559763 54.4458048795
117.7289080908 117.8871458704 118.0453836501
213.8044462407 214.0201924024 214.2359385641
161.6351543186 162.1036620123 162.5721697060
123.6796056911 123.8910238205 124.1024419499
139.1468455057 139.3464822999 139.5461190940
26.4023345222 26.5092265648 26.6161186074
58.9846030871 59.0588910003 59.1331789135
12.7952297539 12.8643931580 12.9335565621
68.2205184354 68.3556085709 68.4906987064
2.1286881450 2.2212398035 2.3137914620
48.4963484791 48.5669399616 48.6375314441
80.7954911105 80.9129264174 81.0303617242
43.4584468763 43.5429963838 43.6275458914
103.6683476777 103.8646892453 104.0610308129
46.0750976096 46.4350593097 46.7950210098
28.2606595460 28.3294202749 28.3981810037
31.7936320999 31.9192986300 32.0449651600
56.0363613723 56.1228372386 56.2093131049
315.4743959688 316.5511003919 317.6278048150
161.0795331697 161.4398900671 161.8002469646
235.4912292178 236.7573110953 238.0233929728
521.3384650462 522.0190635645 522.6996620828
14.7504844005 14.8744380510 14.9983917014
71.0262289717 71.1691388891 71.3120488066
48.9910289484 49.0518118627 49.1125947770
12.8903775058 13.0054701621 13.1205628184
72.0259705071 72.0994663954 72.1729622836
41.2558468217 41.3231483663 41.3904499108
69.8153964559 69.8866366563 69.9578768568
31.8272670562 31.8878904221 31.9485137879
26.1000575695 26.1711748926 26.2422922156
57.9570780752 58.0336396050 58.1102011348
78.8695026130 78.9557930973 79.0420835815
37.6668311342 37.7283782439 37.7899253536
83.5365236423 83.6348019054 83.7330801685
10.0662912600 10.1953462761 10.3244012923
374.1583293534 374.6532477784 375.1481662035
190.0895941012 190.6374027297 191.1852113583
1348.8457155719 1350.5338829256 1352.2220502793
233.7563851933 234.0169831701 234.2775811470
136.8227115678 136.9897722656 137.1568329635
168.8483263457 169.3538602569 169.8593941682
34.2304553945 34.3113784569 34.3923015193
7.4603870931 7.5380994586 7.6158118242
7.4494469457 7.5165590803 7.5836712150
139.6149884956 139.7583303729 139.9016722502
37399.1031390135 37443.9461883408 37488.7892376682
37.7885028480 37.9384572244 38.0884116008
23.4247964294 23.5102883872 23.5957803449
189.2269996199 189.6002284160 189.9734572121
16.9966856463 17.0966661501 17.1966466539
53.8588469308 53.9291587415 53.9994705521
2.8696899865 3.1305708944 3.3914518023
139.3182767228 139.5429836207 139.7676905187
1.6500385991 1.7678984991 1.8857583990
32.0554875167 32.1783054765 32.3011234363
940.6091150020 941.6952687144 942.7814224269
91.8228785525 91.9225776606 92.0222767687
70.6465307625 70.8108250200 70.9751192776
54.1956188432 54.2563762634 54.3171336836
424.8085822088 425.4060626339 426.0035430589
15.2553711333 15.3240890213 15.3928069093
289.7491336149 290.6298300696 291.5105265244
19.5109995275 19.5916234925 19.6722474575
29.9865983808 30.0952454763 30.2038925719
44.5502331560 44.7456289154 44.9410246749
49.6953417394 49.8244205491 49.9534993588
35.3483109322 35.4138922141 35.4794734960
77.9063465191 77.9901167841 78.0738870492
77.2257192613 77.3708803877 77.5160415141
123.8122418830 124.2319443978 124.6516469127
50.2913042685 50.4264959466 50.5616876248
601.1608145533 601.8525991500 602.5443837468
42.9165573255 43.0070985857 43.0976398459
43.0114038371 43.0715596466 43.1317154562
71.1834193450 71.3034588380 71.4234983310
113.6242553398 113.9148544583 114.2054535768
136.7272099880 136.8831133061 137.0390166242
33.5463439491 33.6243587025 33.7023734558
57.2993570852 57.3995307864 57.4997044876
38.1784566907 38.2540575950 38.3296584994
72.0033561648 72.0782037283 72.1530512919
33.0810365029 33.1586915182 33.2363465334
148.3309768519 148.4808061214 148.6306353910
59.5955683119 59.6965777497 59.7975871876
196.4038130254 196.6351484942 196.8664839631
9.2898553699 9.3978769440 9.5058985181
32.3263646154 32.4149299979 32.5034953804
30.3739778847 30.5114166987 30.6488555126
68.0665911668 68.1962418166 68.3258924665
151.7444376699 152.1006452701 152.4568528702
56.7126088546 56.8991634890 57.0857181234
64.0217192479 64.1019469663 64.1821746846
5583.6123248028 5594.9611303410 5606.3099358792
13.2843306300 13.3615651104 13.4387995908
1.0006664695 1.0776408133 1.1546151571
21.0152166875 21.1031464645 21.1910762414
41.9310261568 42.0388179978 42.1466098388
31.7409254195 32.1698568441 32.5987882687
3.0950957863 3.3014355054 3.5077752245
79.5535600298 79.6488337543 79.7441074789
43.2449397734 43.3216151985 43.3982906236
32.8388333725 32.9505300847 33.0622267968
27.3907209247 27.4814186761 27.5721164275
80.2104408527 80.3192745581 80.4281082634
1945.3254558499 1947.6777236321 1950.0299914142
76.0770662569 76.2658430962 76.4546199356
158.9609563839 159.8960208332 160.8310852826
92.6615591023 92.7897217013 92.9178843004
182.5772416168 182.8893394657 183.2014373146
14.0406096478 14.1156931218 14.1907765959
7.4464844262 7.5154333561 7.5843822860
44.2590958205 44.3513022701 44.4435087197
41.2327227063 41.3371093460 41.4414959858
6.5769743321 6.6408284519 6.7046825716
31.1326461304 31.2152260936 31.2978060568
394.8928016508 395.5069428664 396.1210840821
202.3975785684 202.6092915167 202.8210044650
116.5154450423 116.6481505606 116.7808560789
404.2890081209 404.7906073866 405.2922066522
52.7050336379 52.8893169722 53.0736003066
98.2861931562 98.4085919024 98.5309906485
225.6529504269 226.0027999624 226.3526494980
59.7074147729 59.7703972779 59.8333797829
36.3507293857 36.4760767285 36.6014240712
3.5912626213 3.6728822263 3.7545018313
44.6301983697 44.7799641361 44.9297299024
269.4171520028 269.9506513137 270.4841506246
21.1228823682 21.2905242917 21.4581662153
82.1507080609 82.2453517337 82.3399954066
11.3749508499 11.4377958823 11.5006409146
34.9456817761 35.0235118023 35.1013418286
63.5725259543 63.6439557588 63.7153855632
112.1716306648 112.3733782020 112.5751257392
167.9327819253 168.1575915397 168.3824011540
13.6840229995 13.8131175561 13.9422121127
31.4794494249 31.5500311501 31.6206128752
305.7790770748 306.2706833081 306.7622895413
128.7756016805 128.9274597013 129.0793177222
30.2427625882 30.3105714729 30.3783803577
89.8881583875 89.9841927448 90.0802271020
3.6363526171 3.7662223534 3.8960920898
1335.3360143418 1337.2740927371 1339.2121711323
60.8237553085 60.9321755497 61.0405957909
44.8204245463 44.8809926876 44.9415608289
53.2598355546 53.3313252668 53.4028149789
117.9443479594 118.2392088293 118.5340696992
66.1527076887 66.3472744760 66.5418412633
66.9786414529 67.0674725423 67.1563036318
5.4011091336 5.5599652846 5.7188214356
95.0637645152 95.1627892699 95.2618140246
6.6399140557 6.7037593831 6.7676047106
9.9786026729 10.0525182482 10.1264338236
14.6622753312 14.7341492299 14.8060231285
407.2460807507 407.6853969112 408.1247130716
42.1537272303 42.2643669344 42.3750066384
29.3141082045 29.4599495389 29.6057908732
123.5329848907 123.6791777722 123.8253706538
167.8562193720 168.0431416653 168.2300639586
25.7448294508 25.8068651845 25.8689009181
60.2959441477 60.4226162993 60.5492884509
96.7495636342 96.8698989123 96.9902341905
48.1773919455 48.2548475596 48.3323031737
83.1811839968 83.3209843060 83.4607846153
5.7676717725 5.8388775968 5.9100834212
445.6592786262 463.4856497712 481.3120209163
66.0772585230 66.1900183498 66.3027781766
13.9655148574 14.1037872817 14.2420597060
9.8611193466 9.9255711070 9.9900228675
7.4793863579 7.5927103936 7.7060344294
137.3511006432 137.5330226308 137.7149446184
0.5998016156 0.6747768176 0.7497520195
496.5720029404 497.3221117062 498.0722204720
55.3938331967 55.4566379963 55.5194427958
12.6692419491 12.7887630995 12.9082842500
43.6629696237 43.7318386610 43.8007076982
62.3933803595 63.8789370347 65.3644937099
58.1215521078 58.1871520538 58.2527519997
415.6245469876 416.1750430763 416.7255391650
2.8922836641 2.9538216144 3.0153595647
5.9294873831 6.0141943457 6.0989013083
52.7818279521 52.8469103540 52.9119927559
40.0411889924 40.1071547074 40.1731204224
75.7492684785 75.8574817192 75.9656949599
26.4158507021 26.5151584115 26.6144661209
183.3607149668 183.7106399954 184.0605650239
22.9242924119 22.9917168014 23.0591411908
58.6902213662 58.7633100603 58.8363987544
82.6051983632 82.7481139313 82.8910294994
67.6162964753 67.7742784765 67.9322604776
61.8592383213 62.0065222221 62.1538061228
15.0707362643 15.2310632458 15.3913902273
88.2888919562 88.6537220882 89.0185522203
47.1596156491 47.2200766948 47.2805377405
35.5019914608 35.6359612399 35.7699310190
42.6769891233 42.7595364910 42.8420838588
98.1412239844 98.2691786441 98.3971333038
56.5463480033 56.6544672156 56.7625864278
62.0880506304 62.1699609875 62.2518713445
1.1396069567 1.2108323915 1.2820578263
38.8260969307 38.9662633456 39.1064297605
95.5313602913 95.6425725850 95.7537848787
155.0231955628 155.2162506009 155.4093056389
303.1155979299 303.4803579755 303.8451180212
4.5637703422 4.6750818139 4.7863932857
3.5683438833 3.6426843809 3.7170248784
256.6211969393 257.0481872837 257.4751776280
29.6924932770 29.7948811848 29.8972690927
97.2697451243 97.4055967236 97.5414483230
278.8022125895 279.0867046432 279.3711966969
342.8788746168 343.4825346073 344.0861945978
384.9630508565 385.4503458576 385.9376408587
16.2249278345 16.3052492595 16.3855706844
261.5475720490 261.9271766528 262.3067812566
26.0807865147 26.1505212380 26.2202559613
18.3561624420 18.4598695745 18.5635767069
14.3573175223 14.4225780565 14.4878385907
50.9613106182 51.0214774548 51.0816442915
200.1543826440 200.9301748248 201.7059670056
86.5513304024 86.7871650902 87.0229997779
37.8845733418 37.9594440401 38.0343147384
18.3330099594 18.4475912717 18.5621725839
83.2504869749 83.5199060266 83.7893250783
546.6199687413 547.5978219949 548.5756752484
17.8504563309 17.9158426178 17.9812289047
16.5597392594 16.9360969698 17.3124546803
423.7338916919 424.2475085303 424.7611253687
152.3719498054 152.9010190756 153.4300883458
13.8039321807 13.8785480303 13.9531638799
474.8470525373 475.8552203771 476.8633882169
19.9999298248 20.1503052370 20.3006806492
12.0284089149 12.1499079948 12.2714070748
200.2451000024 200.6455902024 201.0460804024
26.6270895133 26.7221862616 26.8172830098
124.9751676611 125.1036107933 125.2320539256
28.2528973346 28.6296026324 29.0063079302
27.9439084969 28.0125667487 28.0812250005
33.1162219970 33.1886863778 33.2611507585
61.6465522126 61.7598730806 61.8731939487
28.0583994242 28.1939472475 28.3294950708
102.6832425914 103.2152801178 103.7473176441
8.1325419507 8.2249572002 8.3173724496
172.8117467959 172.9951987564 173.1786507169
6.4886341305 6.5541758894 6.6197176483
121.9361305721 122.2947662502 122.6534019284
48.2477121577 48.3201561700 48.3926001822
7.7303731730 7.8592127259 7.9880522788
1.1001460821 1.1648605576 1.2295750330
88.3520176125 88.5589310027 88.7658443929
158.6135722420 158.9245792464 159.2355862508
21.6575978755 21.7250670278 21.7925361801
340.0891649411 340.5090281077 340.9288912743
6.0798766829 6.1719960266 6.2641153703
29.6328018543 29.6990944759 29.7653870975
61.5857586556 61.6506540810 61.7155495063
321.7357563215 323.3525189161 324.9692815107
45.5538919823 45.7238691912 45.8938464001
161.1022714210 161.2751279354 161.4479844498
44.6166190185 44.7466966250 44.8767742315
80.9862086797 81.1176797977 81.2491509157
170.3838369215 170.8014443649 171.2190518084
12.7884183683 12.8571733058 12.9259282432
181.1202780610 181.5882891154 182.0563001698
66.2922128924 66.3982804330 66.5043479737
48.8873568065 48.9557307321 49.0241046577
93.7264567442 93.8315312472 93.9366057503
35.9767600869 36.0534695967 36.1301791065
19.8537998883 19.9304554863 20.0071110843
62.8736382120 63.1581343125 63.4426304130
56.3107006388 56.3853832656 56.4600658925
219.9057056354 220.2276759219 220.5496462083
884.8620634471 886.3392956065 887.8165277658
12.0972635399 12.1743161739 12.2513688079
100.6921416369 100.9470584512 101.2019752654
3147.3351031244 3151.1639779457 3154.9928527670
3.1057196089 3.1970643033 3.2884089977
27.2399021140 27.5359880065 27.8320738991
84.9078872733 85.0840447158 85.2602021583
91.3642119436 92.1656523992 92.9670928549
56.8493011879 57.0072159134 57.1651306389
14.0206200112 14.2851600114 14.5497000116
55.7635042488 55.8609928926 55.9584815364
18.7015676612 18.7936936103 18.8858195594
76.1509023998 76.2500572206 76.3492120414
82.0097916431 82.1038395693 82.1978874955
116.8240627664 117.0190945908 117.2141264151
70.1304045299 70.2148989932 70.2993934565
32.7245507568 32.8533875708 32.9822243848
28.6433291732 28.7322836117 28.8212380501
125.3778456293 125.5885646976 125.7992837659
26.7027065144 26.7636715978 26.8246366811
57.1313768943 57.2079605094 57.2845441245
23.3224520629 23.3877810603 23.4531100577
1137.2398975778 1138.4171645525 1139.5944315272
141.8213656577 141.9912116046 142.1610575514
94.2423736203 94.3646075679 94.4868415155
27.1886125028 27.2493013700 27.3099902372
27.4203795212 27.6134807855 27.8065820497
84.4610242343 84.5700062011 84.6789881678
175.2785828684 175.6414784851 176.0043741018
30.5352459931 30.6297823584 30.7243187237
88.3930521456 88.5650230642 88.7369939827
23.6413011451 23.7106304740 23.7799598029
148.0951637358 149.1026138293 150.1100639227
60.5536900427 60.9119959010 61.2703017592
7.1546403536 7.2190965730 7.2835527924
50.2650131220 50.3885143828 50.5120156435
119.9974372407 120.1481877900 120.2989383393
504.9269169019 506.7174378838 508.5079588658
96.3718247901 96.5357224513 96.6996201125
99.8715936653 100.0186799593 100.1657662534
0.2439662074 0.3049577593 0.3659493111
427.8273040180 428.3236233962 428.8199427744
7.3531934919 7.6473212316 7.9414489713
206.5080175544 206.7429527279 206.9778879015
177.8445152721 178.0745857964 178.3046563207
53.6716550854 54.2426301395 54.8136051936
19176.2951919493 19232.2027581066 19288.1103242639
53.0714536815 53.1686541462 53.2658546108
130.0305742252 130.1616534331 130.2927326410
63.3007378492 63.4655835207 63.6304291922
555.0746555203 555.7482898109 556.4219241016
149.7517765015 149.9853986177 150.2190207340
155.2189180478 156.4912042613 157.7634904748
1386.0990537767 1388.2784548047 1390.4578558326
25.9843455177 26.0609955045 26.1376454913
218.5048312595 219.2557069683 220.0065826770
174.3375887802 174.6445211548 174.9514535294
73.3742150313 73.5142421592 73.6542692871
75.6252923858 75.7348942589 75.8444961319
3.6233483570 3.7482914038 3.8732344506
49.7631573461 49.8307703316 49.8983833172
326.6271522899 327.5657360609 328.5043198318
98.0119820063 98.1778229234 98.3436638405
8.6165042511 8.6993552535 8.7822062559
113.1750822584 113.3104591510 113.4458360437
68.6562156649 68.7514392650 68.8466628651
85.9621540306 86.0952223805 86.2282907304
90.4250172386 90.5560679883 90.6871187379
9.4717354803 9.5500142859 9.6282930915
52.0068520452 52.0678929513 52.1289338575
30.5390693027 30.6485283325 30.7579873622
19.4297528126 19.5100410474 19.5903292821
21.3356752190 21.4100155508 21.4843558825
60.2412354666 60.3072171046 60.3731987425
47.7673895508 47.8961426224 48.0248956939
46.0318497489 46.2268999597 46.4219501705
62.6949367158 62.9004938854 63.1060510549
54.4893579733 54.6212934648 54.7532289562
15.8803268690 15.9435951035 16.0068633381
24.7143045221 24.7807408246 24.8471771270
41.4827120314 41.6277564791 41.7728009267
41.6155947050 41.6838169914 41.7520392778
17.3476971143 17.4319092362 17.5161213581
208.3698302095 208.6013522430 208.8328742766
13.2635345410 13.3640158633 13.4644971856
49.0074866590 49.0745283644 49.1415700698
9.9097207438 9.9825863375 10.0554519312
264.7775883796 265.7099038317 266.6422192837
56.5839319427 56.6660566625 56.7481813823
38.6182004045 38.8075053084 38.9968102124
25.6142428936 25.6935439552 25.7728450168
41.5648477219 41.6608404419 41.7568331618
18.5666235103 18.7323969345 18.8981703587
370.9699619199 372.2808098418 373.5916577638
58.2776241393 58.3564842531 58.4353443670
22.6054087163 22.6730895807 22.7407704451
31.1756779020 31.2601648340 31.3446517660
350.4983648625 352.0630897057 353.6278145488
96.9672429723 97.0844947776 97.2017465829
78.2943589827 78.3812561625 78.4681533422
287.9510863705 288.2682131176 288.5853398647
26.4463719552 26.5992411573 26.7521103593
60.7263595836 60.8510543671 60.9757491507
0.6259717052 0.6955241168 0.7650765285
25.5689316402 25.6605765565 25.7522214728
75.8234252140 76.0382224526 76.2530196912
75.9417856564 76.0466776255 76.1515695947
34.2316875920 34.3179135053 34.4041394187
17.0809398063 17.1558562090 17.2307726116
71.0144824699 71.1847809890 71.3550795081
60.7947136992 60.8597347833 60.9247558675
201.6618971452 201.9036979811 202.1454988170
12.6852729906 12.7660709077 12.8468688249
145.7939122477 145.9842437258 146.1745752039
4.2067019361 4.2891862877 4.3716706394
46.6297083053 46.7206044228 46.8115005404
33.8231379319 33.8845229372 33.9459079425
27.9497463561 28.0767906577 28.2038349593
37.9683009567 38.0356206392 38.1029403218
52.7354705345 52.8420068386 52.9485431427
557.4024901583 558.1143707332 558.8262513081
21.2616955936 21.5274667886 21.7932379835
21.1389912160 21.2060991246 21.2732070333
64.0541582550 64.2282184676 64.4022786803
49.0555485833 49.1436195861 49.2316905890
63.2841621146 63.3614321538 63.4387021930
245.6221953899 245.8700482611 246.1179011323
2.3270352832 2.4021009375 2.4771665918
40.7736307631 40.9166961342 41.0597615053
195.5402151952 195.7422195498 195.9442239043
10.0679587214 10.2653696767 10.4627806320
31.1658292654 31.3281512928 31.4904733202
24.2232905758 24.2941189109 24.3649472459
46.5160927214 46.6159126629 46.7157326043
116.4985313699 116.6388910463 116.7792507226
62.6956420959 62.8547680911 63.0138940863
45.4707578132 45.5492910737 45.6278243342
22.0727025960 22.1569495525 22.2411965090
233.2835638059 233.6386377234 233.9937116409
61.7415429838 61.8442743365 61.9470056893
18.0138739582 18.1230489519 18.2322239456
2.8217075846 2.8922502742 2.9627929638
150.9891685804 151.1997531948 151.4103378093
48.6103046321 48.7608009313 48.9112972304
67.3753301183 67.4887566000 67.6021830817
41.4138337735 41.5432520040 41.6726702346
253.5603495366 253.8501327932 254.1399160498
55.8213464613 56.2944087195 56.7674709776
32.9405700106 33.0099185790 33.0792671474
114.9623719525 115.1273107932 115.2922496338
60.9577224152 61.1172976048 61.2768727944
54.2520891957 54.4154991029 54.5789090101
82.3449700082 82.6047333205 82.8644966328
41.9655603068 42.0305224745 42.0954846421
39.6234425224 39.7851708592 39.9468991961
60.9239560380 60.9876174341 61.0512788301
45.7268525776 45.8166892232 45.9065258687
45.5470257993 45.6473496447 45.7476734900
125.6358696884 125.7977715823 125.9596734763
40.4204146373 40.4909563731 40.5614981090
67.1852891205 67.3273299008 67.4693706812
31.8681452717 31.9346758464 32.0012064211
21.1646498364 21.3503046596 21.5359594827
106.5638703733 106.7295995651 106.8953287570
43.0909104950 43.2453582028 43.3998059107
72.1625907516 72.2406887935 72.3187868354
36.0373549708 36.3188968065 36.6004386422
108.5185192021 109.6258510306 110.7331828592
38.5159652332 38.6378511992 38.7597371651
19.7570608365 19.8231379631 19.8892150896
93.4444207512 93.6728912176 93.9013616840
66.8988878060 66.9738865591 67.0488853123
583.2754123246 583.9858574066 584.6963024886
67.0091852977 67.0909038164 67.1726223350
7.5424822872 7.6417254751 7.7409686631
85.9332938458 86.1072478819 86.2812019180
220.7795775947 221.0739503648 221.3683231350
104.5787066021 104.7809864988 104.9832663955
17.6592256599 17.8622052652 18.0651848704
584.2259006816 586.3581119980 588.4903233143
29.3594843591 29.4489949822 29.5385056052
117.8054731065 118.0478711993 118.2902692922
3.9775207276 4.1868639238 4.3962071200
72.0189306904 72.2827362973 72.5465419042
45.4756768646 45.5613184406 45.6469600167
15.2575089418 15.3244278406 15.3913467395
46.2167364668 46.3322783079 46.4478201491
30.7058159782 30.7737491994 30.8416824206
285.5506077178 285.8459030723 286.1411984267
563.7705164885 565.5774732721 567.3844300557
157.3704329318 157.5586750765 157.7469172211
51.1201674910 51.2727650059 51.4253625208
36.7423159622 36.8199952771 36.8976745920
36.7479772081 36.8424450158 36.9369128235
269.9893653707 270.2787430399 270.5681207091
24.5435602822 24.6273266995 24.7110931168
112.0326983359 112.2197312213 112.4067641066
527.5237278343 528.0837317917 528.6437357491
45.6891293016 45.7713039946 45.8534786876
59.5500117249 59.8585610084 60.1671102920
163.4010543704 163.5710866850 163.7411189997
184.8011550072 185.0636566479 185.3261582885
42.5270474247 42.7177516732 42.9084559217
44.3391502414 44.4000556676 44.4609610937
25.0394828303 25.1698968034 25.3003107765
50.0491245718 50.2956719835 50.5422193951
12.4084104206 13.0288309416 13.6492514626
338.0606299587 338.5705253282 339.0804206977
34.1644922057 34.2246409596 34.2847897134
260.1192849689 260.6283246655 261.1373643621
3.4490026634 3.5535178956 3.6580331278
30.6628173927 30.7416421160 30.8204668394
114.2355126469 114.3694347016 114.5033567563
61.9396950684 62.0274283475 62.1151616266
216.5983529500 216.8358511440 217.0733493381
31.7504313674 31.8144443338 31.8784573003
29.1509072397 29.2670463124 29.3831853851
101.5792098201 101.6923269802 101.8054441404
117.9981703816 118.1418953151 118.2856202485
101.0547969773 101.2185810891 101.3823652009
38.9612967526 39.0536221003 39.1459474481
5.1638171983 5.2291819729 5.2945467476
143.4846671702 143.6303368831 143.7760065959
37.1759827543 37.2469292863 37.3178758183
187.1748659250 187.9060177451 188.6371695651
32.4678701820 32.5421673678 32.6164645536
12.3465219754 12.4868233615 12.6271247476
476.2717271156 477.1619546429 478.0521821702
6.8388704204 6.9509830503 7.0630956801
75.5928044448 75.7085667793 75.8243291139
183.2869717639 183.6680257593 184.0490797546
59.0743673187 59.2981338616 59.5219004045
32.8519755029 32.9343112811 33.0166470593
58.2345740906 58.3092338010 58.3838935114
145.1838798551 145.5784012677 145.9729226804
40.7428128622 40.8201237025 40.8974345428
73.0004373007 73.1408227570 73.2812082134
1230.4010131347 1233.8865684127 1237.3721236907
8.4897279345 8.5571067277 8.6244855208
48.7681352047 48.8394336479 48.9107320912
51.8927271313 51.9571101674 52.0214932036
28.3488332072 28.4099298305 28.4710264538
91.8052406684 91.9074736759 92.0097066833
77.8125715040 77.8937107861 77.9748500681
36.6698605085 36.7549413913 36.8400222742
63.0889613873 63.1739869418 63.2590124962
2.8559259232 2.9544061274 3.0528863317
27.8581202324 28.1858628233 28.5136054143
39.1991261782 39.2624527149 39.3257792515
47.3930102793 47.4927850378 47.5925597963
8.6090220077 8.6832377146 8.7574534216
23.1457371339 23.3386182766 23.5314994194
117.0798718886 117.2533235507 117.4267752127
28.0515952499 28.1157865434 28.1799778369
247.1843083534 247.4604919382 247.7366755230
40.8528626054 40.9527473550 41.0526321047
57.5848434280 57.8863347549 58.1878260817
30.3076381497 30.3857506192 30.4638630886
55.1560032266 55.2206644262 55.2853256257
40.4815751351 40.5512508238 40.6209265125
1110.9942135718 1112.2567069963 1113.5192004208
42.4005327280 42.4650693074 42.5296058869
88.2703456773 88.4770677983 88.6837899193
126.8765582327 127.0277817824 127.1790053321
189.6290945211 189.9172846343 190.2054747476
76.2682418346 76.3551077137 76.4419735928
146.0310399886 146.2828176437 146.5345952989
46.0713391859 46.1543506079 46.2373620298
51.4648011453 51.6292254301 51.7936497149
88.8382334965 89.3547348540 89.8712362116
13.7761509665 13.8390557654 13.9019605644
17.5021877735 17.7294889134 17.9567900533
55.9195537053 56.0965143183 56.2734749313
68.6454778940 68.7211619931 68.7968460922
10.7751712364 10.8353677238 10.8955642111
2095.6101971294 2098.8391804840 2102.0681638386
20.5497326262 20.6406606466 20.7315886671
7.7072443870 7.8048044425 7.9023644980
66.1698414405 66.3202274438 66.4706134471
23.7504432856 23.8114984098 23.8725535339
220.0089164959 220.2898985093 220.5708805227
7.7457508220 7.8168127562 7.8878746903
20.2066077532 20.7839394033 21.3612710534
199.5253615440 199.8535282571 200.1816949701
124.4671694470 124.6007179120 124.7342663771
61.5870045487 61.7650016717 61.9429987947
145.3478876342 145.5046814720 145.6614753098
1268.7846032165 1272.0801476404 1275.3756920643
82.4015063155 82.5010250429 82.6005437703
61.3857567912 61.4827327103 61.5797086294
100.6603421934 100.7797494795 100.8991567656
3.0286253949 3.1263229882 3.2240205816
67.0324113109 67.1236118705 67.2148124301
211.3993292964 211.6625912257 211.9258531551
38.9795530240 39.2939042580 39.6082554921
142.2210687098 142.3964337760 142.5717988422
64.5776157970 64.6563689870 64.7351221770
10.7306047715 10.8664352116 11.0022656517
223.3251556423 224.0796325195 224.8341093966
21.1295133521 21.2255565946 21.3215998371
19.3346884141 19.4022922197 19.4698960253
86.9855580976 87.1208389033 87.2561197091
51.2750520736 51.3372790786 51.3995060835
10.6693593781 10.7690730171 10.8687866562
23.4478096838 23.5278363380 23.6078629922
75.2122044337 75.2922174171 75.3722304006
1.4486220980 1.5116056674 1.5745892369
99.1398145790 99.3168499622 99.4938853454
37.9808018134 38.0880922140 38.1953826146
99.8749864116 100.0602832324 100.2455800532
128.2828929770 128.8480158536 129.4131387301
21.9466480904 22.0446241979 22.1426003055
16.6598052950 16.7708706636 16.8819360323
23.1770071310 23.2641387368 23.3512703425
57.1081547755 57.2323029381 57.3564511006
37.4912040782 37.5863594185 37.6815147588
22.6708828696 22.7580785729 22.8452742763
113.2313767048 113.3869143102 113.5424519155
42.5052002625 42.5863170569 42.6674338513
62.2251869915 62.3682333983 62.5112798052
68.6872788278 68.7833449520 68.8794110762
90.3756104951 90.5507570271 90.7259035591
174.1968195155 174.4257246660 174.6546298165
15.6571312989 15.7320458027 15.8069603066
2.8715379705 3.0226715479 3.1738051253
53.1283210090 53.2221873005 53.3160535920
26.6011285675 26.6686441222 26.7361596770
2.0091781771 2.1347518131 2.2603254492
73.9151848868 74.0615515895 74.2079182923
53.0946818776 53.1726476366 53.2506133956
1.7152467970 1.8105382857 1.9058297745
67.3921362056 67.4687181786 67.5453001516
35.9000184486 36.0150826103 36.1301467720
26.3982973768 26.4652981316 26.5322988863
4.2963146158 4.4615574857 4.6268003555
168.7962321879 169.1246295268 169.4530268656
142.2018737716 142.3515599546 142.5012461375
2386.7311767424 2389.9177337207 2393.1042906990
82.5821435140 82.7230686735 82.8639938331
14.4904035577 14.6054067606 14.7204099634
97.5982439238 97.8578137215 98.1173835191
90.1625774938 90.2864271881 90.4102768825
12.7413809109 12.9234006382 13.1054203655
60.1689612779 60.2299845652 60.2910078525
772.2507791314 777.1077022706 781.9646254098
58.6749048475 58.7387513163 58.8025977851
49.7047993902 49.7719680380 49.8391366858
43.5008722768 43.5611227925 43.6213733081
62.7197602711 62.7944266524 62.8690930337
165.7130035910 166.0148487705 166.3166939501
73.3427462430 73.4186704109 73.4945945789
45.9588623280 46.0381017458 46.1173411636
79.2286786967 79.4024257991 79.5761729015
58.5084586515 58.6370486705 58.7656386895
311.7841689997 312.1190606958 312.4539523918
25.5209694510 25.6046447607 25.6883200703
24.1666242752 24.2502458125 24.3338673498
10.9834094193 11.0484000075 11.1133905958
70.0037661857 70.0882098120 70.1726534383
127.7558912227 128.0198496757 128.2838081286
151.2916822350 151.5538861904 151.8160901457
25.4278241832 25.4903004096 25.5527766361
46.6292160437 46.6993351655 46.7694542874
2.4574553050 2.5691578189 2.6808603328
1.5016983270 1.5955544724 1.6894106178
12.1310399891 12.1929330503 12.2548261114
34.9573956740 35.8313305659 36.7052654577
49.3962175678 49.4593840864 49.5225506051
23.0020199934 23.0745815706 23.1471431479
170.8840918867 171.1757029650 171.4673140433
97.5465074699 97.6688995746 97.7912916794
32.4179643597 32.4829302202 32.5478960806
176.3417647180 176.6589261653 176.9760876127
20.8732479218 20.9452246387 21.0172013557
57.4509337971 57.5184437075 57.5859536180
336.9640080237 337.3571982314 337.7503884392
2.7610278616 3.1061563444 3.4512848271
57.6734111828 57.7354256034 57.7974400240
17.2162007469 17.2985749132 17.3809490794
661.3701086169 662.1826026078 662.9950965988
149.6951847525 149.8524275936 150.0096704347
55.5753423208 55.7163964892 55.8574506575
62.2694682285 62.3362809627 62.4030936968
66.8627847296 67.0543686400 67.2459525504
191.9927857256 192.7200311261 193.4472765266
13.3422522082 13.7028536193 14.0634550303
16.1163910412 16.1803449739 16.2442989066
8.2019724408 8.2636414065 8.3253103722
136.1283132785 136.2693788881 136.4104444977
43.7159320345 43.8220386656 43.9281452968
49.3548726311 49.4605575832 49.5662425353
316.1102573635 316.8206174924 317.5309776213
203.6428712322 203.8632639500 204.0836566678
314.1740573932 314.8511566548 315.5282559164
66.6220214597 66.8525474855 67.0830735113
113.5151349917 113.7309432331 113.9467514745
117.4083787297 117.6332989955 117.8582192613
64.8228500546 64.8978765015 64.9729029483
165.2488348295 166.6733937505 168.0979526714
11.5808683193 11.6455659076 11.7102634960
258.2552245582 258.8448483586 259.4344721589
439.8540336244 441.4831226378 443.1122116512
8019.8943114703 8028.3720010173 8036.8496905643
89.3710166804 89.4740974378 89.5771781952
14.9490014814 15.0984914963 15.2479815111
7.2457364056 7.3280743193 7.4104122330
9.0954903576 9.1774317121 9.2593730667
9.8176117273 9.8857895865 9.9539674458
41.9419181695 42.0522916383 42.1626651072
2536.2060355283 2546.9073268174 2557.6086181066
33.8568378286 33.9284167669 33.9999957053
49.8613581914 49.9455834586 50.0298087258
116.1626981791 116.3447713737 116.5268445684
44.8482973278 44.9084156888 44.9685340498
85.0554623453 85.1639514555 85.2724405656
49.4398279080 49.5194411574 49.5990544069
14.1391433093 14.2401371901 14.3411310709
17.2994151416 17.3791359487 17.4588567558
447.4268739045 447.9889679672 448.5510620299
82.2634651686 82.5762540096 82.8890428505
55.6498867101 55.7222532728 55.7946198355
59.3543578954 59.4178384920 59.4813190887
