200
151 127 2 22 47
64 89 1 94
22 90 0
122 9 0
120 127 2 9 175
111 8 0
74 56 0
176 150 0
4 118 2 179 191
22 156 1 127
111 52 0
173 136 1 51
148 192 3 113 140 86
16 139 1 199
123 60 0
198 176 1 78
21 132 0
49 171 2 48 56
95 108 2 68 174
159 78 2 97 82
114 1 1 33
43 186 1 154
93 156 0
149 102 0
116 114 1 184
36 37 1 151
101 158 3 32 20 128
156 54 1 179
108 142 3 184 105 154
88 144 2 51 79
47 163 3 97 121 17
111 17 0
27 175 0
10 68 1 4
48 4 1 194
128 77 0
191 188 1 5
110 27 2 97 10
187 116 0
172 93 0
82 124 1 126
119 69 0
158 181 1 69
102 154 3 11 172 103
27 89 2 33 75
101 17 4 200 161 67 68
75 46 1 146
108 69 3 9 101 190
80 37 1 139
65 196 0
6 97 0
137 103 0
42 83 2 154 69
33 116 3 120 151 159
79 171 0
167 14 0
181 26 3 161 69 70
146 1 3 33 122 199
120 123 1 48
32 65 0
91 187 0
150 23 1 92
49 69 2 89 86
165 17 0
160 159 0
147 181 2 10 21
41 116 1 120
94 77 0
52 117 1 48
119 137 1 38
88 86 2 196 38
167 173 1 119
173 63 1 42
173 182 2 129 134
35 49 1 179
172 6 1 28
116 83 0
140 63 0
60 132 1 95
3 26 1 49
181 100 2 36 151
106 3 1 109
160 191 2 65 37
56 81 0
23 91 0
1 100 0
195 56 4 154 107 31 191
129 1 2 73 23
64 60 2 178 165
83 93 0
177 11 3 72 113 15
180 184 2 186 117
132 4 1 97
110 113 1 184
19 93 2 11 4
152 7 0
180 112 0
120 162 0
32 150 2 105 55
119 96 4 107 50 99 82
6 46 0
31 46 0
90 198 3 8 35 6
192 27 0
23 116 2 176 166
132 19 1 109
107 147 3 194 76 69
127 141 2 153 67
143 176 0
41 97 2 196 119
128 106 0
2 136 1 95
61 150 3 100 77 198
178 108 1 169
195 196 0
98 34 0
192 35 2 145 71
102 62 3 66 21 119
82 176 0
72 156 2 77 191
180 68 4 50 42 4 109
2 53 1 97
30 91 3 112 72 131
35 37 2 24 148
65 81 1 64
182 60 1 148
71 100 1 181
173 4 2 194 98
103 187 2 4 189
184 192 0
107 25 3 66 93 130
144 50 0
45 67 2 96 148
100 90 1 67
14 152 0
38 140 0
14 80 1 160
76 64 4 64 1 162 10
144 76 0
32 85 3 152 169 114
67 181 3 19 91 147
121 133 3 152 97 5
132 142 1 167
23 117 2 154 189
66 29 2 9 94
21 150 1 178
30 191 2 120 191
180 129 0
28 104 2 194 117
131 186 4 125 140 5 6
2 53 0
200 159 1 179
30 145 1 162
126 69 0
155 190 1 80
125 8 2 171 127
89 53 3 154 20 61
157 82 1 21
86 18 1 168
55 153 1 42
184 25 0
14 174 1 42
152 72 4 153 4 25 111
20 184 1 56
14 164 0
46 191 0
160 66 0
37 15 1 154
20 135 0
41 48 0
75 106 3 56 163 191
71 36 0
66 45 4 105 90 85 23
186 105 0
118 50 0
106 76 4 33 179 189 151
16 65 1 107
37 187 2 17 51
22 172 1 119
61 150 0
156 79 0
143 154 0
57 96 1 76
83 64 0
119 55 5 83 11 84 197 111
182 88 1 122
88 85 4 160 97 75 124
183 186 1 184
28 189 1 178
82 191 0
65 154 0
185 153 4 193 35 158 167
73 159 3 137 43 20
34 198 0
123 26 0
46 159 1 94
134 190 0
61 50 3 80 67 95
25 43 2 129 63
60 144 0
