100
37 185 0
71 95 2 88 57
168 68 10 64 33 72 8 46 48 23 26 60 94
112 195 10 35 39 72 41 10 7 12 77 92 31
166 60 5 41 58 2 95 39
53 59 3 41 43 39
149 25 0
150 200 2 88 94
170 143 1 77
34 54 1 8
163 104 10 98 45 77 48 82 85 23 59 62 31
172 108 3 32 88 29
14 16 13 32 35 3 37 6 7 72 75 79 86 62 59 30
142 108 10 13 79 48 81 80 49 51 86 27 92
15 174 5 81 57 58 52 92
63 146 3 98 29 78
38 139 6 70 7 43 89 62 31
73 76 1 31
165 173 4 24 1 58 89
125 28 7 5 6 76 79 85 24 92
18 94 12 65 2 41 9 12 46 85 86 30 24 89 94
25 19 13 96 1 3 39 9 74 76 77 45 49 19 88 31
120 8 6 69 75 45 16 81 91
165 94 0
138 151 8 98 2 68 39 81 52 56 89
179 69 6 47 18 55 24 95 31
137 65 1 78
67 35 14 35 99 67 72 10 75 45 78 49 84 85 87 89 27
53 158 0
114 189 6 96 68 70 12 84 95
65 136 1 88
186 73 3 72 18 88
4 65 5 9 19 43 78 55
200 125 12 35 3 70 40 46 81 49 84 23 60 94 31
64 119 4 75 92 70 23
29 83 7 98 5 37 75 78 49 95
144 156 0
15 92 5 24 26 52 20 55
111 7 7 98 9 44 45 58 91 29
102 92 11 2 35 99 69 72 77 48 50 87 55 62
123 28 1 24
8 168 4 24 75 44 93
23 192 3 72 57 37
186 47 5 9 18 37 77 94
90 104 2 91 93
121 166 5 19 91 44 77 47
1 30 7 32 1 98 9 78 27 95
61 67 4 36 23 94 55
77 143 7 2 41 75 44 18 19 29
84 34 11 2 70 75 12 46 47 16 83 55 25 57
11 4 6 69 9 47 16 87 88
4 161 5 16 66 74 87 55
2 85 11 32 97 6 77 46 21 85 54 24 60 29
196 71 10 1 65 36 37 8 45 47 83 56 60
12 144 3 72 67 92
20 63 0
167 134 2 10 31
113 20 0
12 13 7 2 9 45 19 52 56 29
1 90 3 8 94 95
66 52 10 1 2 36 7 12 80 21 86 88 29
17 72 2 10 45
164 69 6 37 12 48 18 84 91
44 188 5 32 1 19 23 39
68 28 7 26 70 10 56 58 60 94
197 80 2 10 27
176 130 2 8 31
155 179 6 5 6 8 12 19 27
108 187 6 32 7 42 87 60 93
152 5 2 81 78
96 14 6 8 9 47 49 26 27
16 51 2 89 58
12 23 5 56 10 36 5 55
46 101 4 72 2 44 60
164 47 3 27 93 94
195 27 4 72 8 32 26
90 38 0
196 106 2 24 57
168 153 10 1 66 65 42 45 83 23 87 26 63
4 186 5 91 2 43 4 5
92 167 0
152 93 8 69 38 72 8 10 79 57 30
56 197 5 42 75 4 37 94
134 131 3 72 24 1
40 108 6 74 42 47 56 89 29
165 30 7 98 67 7 42 92 63 95
11 191 8 8 44 77 18 55 57 91 93
199 81 0
123 133 0
126 56 9 32 67 5 39 7 29 53 23 93
111 12 3 44 77 94
116 135 2 89 27
143 17 4 72 56 29 31
176 161 0
45 40 0
37 14 11 32 65 66 5 7 42 49 51 23 89 26
197 1 12 33 2 99 100 36 38 71 13 79 50 88 26
142 39 4 58 19 84 37
58 74 11 67 3 36 68 9 42 76 17 86 57 63
55 59 5 10 58 19 95 87
