200
132 68 0
123 23 0
134 153 0
183 103 0
119 169 0
63 183 0
76 192 1 55
192 16 1 157
48 65 0
139 194 0
179 86 1 104
179 182 1 77
163 4 0
103 132 0
80 157 0
54 32 0
159 71 0
50 193 0
8 149 0
62 121 2 50 86
157 31 0
175 192 0
0 105 0
5 24 1 192
60 72 0
124 147 0
173 83 0
84 39 0
24 181 0
116 163 1 3
48 110 1 7
120 64 2 178 22
66 176 0
98 144 0
176 66 0
95 128 0
116 146 0
58 34 0
18 107 0
84 57 0
32 62 0
64 56 1 107
101 187 0
119 125 1 129
156 57 0
90 2 1 42
151 88 0
59 32 0
120 157 1 26
131 23 2 17 58
149 66 0
123 100 0
109 9 0
89 126 0
139 52 0
171 53 0
190 126 1 58
146 137 0
74 90 0
91 158 1 124
46 89 0
186 118 1 19
180 135 0
170 121 1 155
65 172 0
55 107 0
141 85 0
130 134 0
26 90 1 170
187 19 0
159 41 0
12 48 0
87 104 0
57 52 0
148 140 0
17 11 1 34
195 181 0
110 33 0
146 152 0
192 87 0
152 56 0
34 133 0
199 194 0
103 10 0
25 118 0
96 55 1 118
165 157 0
32 93 0
55 187 1 185
172 72 1 66
83 64 1 109
127 58 0
4 111 1 8
186 144 0
30 60 0
192 88 0
48 17 0
138 90 0
18 34 0
93 83 0
196 51 0
164 73 0
19 98 0
169 130 0
52 198 0
43 35 0
119 191 0
156 75 0
149 185 1 149
76 154 1 4
99 177 0
110 49 1 108
56 111 0
190 95 0
49 3 0
91 105 0
15 79 0
61 95 0
39 31 1 85
124 74 0
134 73 1 154
1 192 0
56 45 0
37 189 0
25 170 0
5 41 1 82
131 29 0
24 104 0
113 141 0
159 142 0
10 128 0
197 117 1 52
198 77 0
71 92 0
166 122 0
160 104 0
147 50 1 12
150 60 0
113 86 0
147 148 0
64 0 0
85 125 0
125 151 0
187 178 0
180 22 0
51 33 0
7 193 0
88 188 1 17
174 173 0
183 167 0
190 21 0
91 0 0
142 48 0
51 79 1 47
46 117 1 136
98 83 1 39
63 129 0
145 136 0
166 199 0
182 27 0
83 66 0
121 31 0
29 33 0
194 164 0
97 79 0
164 22 1 171
35 190 0
170 101 0
35 166 0
139 189 0
49 151 0
130 187 0
127 106 0
65 101 1 141
122 35 0
109 194 0
21 116 0
9 176 1 92
130 200 0
20 72 1 5
190 128 1 13
49 163 0
169 179 2 129 166
68 168 0
191 189 0
163 87 0
162 154 1 105
190 68 0
20 132 0
11 59 0
138 109 0
90 8 1 55
68 3 0
146 117 0
8 76 0
189 104 1 105
38 164 0
112 97 0
73 101 0
162 86 0
