200
98 18 0
194 165 0
107 77 0
10 89 0
66 111 0
130 46 0
124 15 0
103 128 0
200 119 0
77 10 0
122 152 0
91 25 0
149 179 0
55 100 0
129 51 0
35 66 0
72 91 0
35 187 0
193 120 0
24 145 0
158 43 0
64 178 0
136 172 0
180 52 0
154 196 0
37 14 0
79 173 0
25 40 0
186 41 0
18 87 0
175 135 0
84 64 0
120 30 0
143 152 0
25 113 0
90 170 0
111 44 0
80 3 0
156 120 0
163 174 0
52 104 0
141 145 0
122 130 0
113 79 0
133 166 0
66 91 0
15 99 0
140 168 0
3 64 0
23 39 0
184 143 0
102 176 0
181 3 0
200 117 0
171 189 0
160 20 0
0 85 0
156 189 0
126 11 0
85 139 0
62 71 0
186 34 0
83 61 0
180 195 0
16 123 0
48 90 0
145 156 0
56 73 0
61 172 0
36 91 0
139 151 0
114 162 0
23 158 0
20 33 0
81 183 0
130 79 0
125 99 0
27 191 0
77 106 0
141 166 0
74 20 0
180 0 0
31 152 0
140 49 0
85 178 0
138 85 0
52 40 0
154 61 0
140 57 0
150 163 0
73 114 0
113 96 0
23 181 0
152 172 0
98 145 0
81 106 0
147 8 0
61 102 0
74 179 0
47 145 0
48 107 0
47 197 0
8 169 0
156 181 0
168 11 0
66 42 0
121 114 0
17 16 0
22 66 0
173 179 0
193 40 0
33 114 0
38 135 0
9 124 0
20 143 0
179 154 0
138 193 0
174 0 0
100 9 0
180 126 0
134 83 0
70 79 0
133 119 0
60 12 0
55 106 0
173 48 0
150 140 0
107 162 0
148 21 0
70 185 0
115 33 0
126 3 0
169 102 0
164 173 0
179 106 0
91 80 0
21 0 0
83 54 0
156 3 0
29 183 0
124 193 0
150 0 0
161 172 0
85 135 0
48 156 0
62 25 0
4 48 0
187 30 0
69 155 0
29 166 0
180 50 0
56 77 0
95 71 0
43 176 0
85 46 0
109 25 0
15 121 0
25 101 0
200 160 0
37 20 0
178 5 0
56 70 0
11 115 0
146 29 0
162 65 0
136 34 0
154 167 0
174 133 0
18 166 0
6 165 0
31 88 0
162 29 0
48 39 0
155 71 0
147 4 0
30 10 0
100 10 0
23 52 0
94 174 0
29 66 0
9 142 0
155 80 0
5 93 0
49 145 0
47 10 0
183 191 0
31 179 0
122 155 0
53 167 0
186 126 0
15 182 0
173 164 0
5 117 0
139 163 0
108 111 0
158 95 0
25 137 0
66 45 0
17 53 0
56 96 0
