1052 0.139354
3278 0.463522
2449 0.225989
608 0.681755
3423 0.935281
2612 0.523742
1079 0.043261
667 0.533933
2314 0.0166289
1025 0.0752407
1725 0.689592
305 0.931063
1590 0.531186
3359 0.657034
3792 0.70388
3371 0.764338
2683 0.0560373
4873 0.33428
839 0.758603
4313 0.371051
2475 0.982707
3474 0.755576
2206 0.0810317
4885 0.885745
1380 0.441484
1602 0.482432
705 0.281433
2123 0.174009
1841 0.898577
4070 0.0690192
2343 0.508982
2197 0.325162
2068 0.498531
4096 0.0989163
2109 0.0820853
4795 0.389685
1427 0.914593
3089 0.469266
4766 0.0586332
3641 0.772273
3418 0.133237
1210 0.691259
3250 0.632878
4908 0.727883
3873 0.889575
1166 0.312565
2403 0.517654
1275 0.847368
162 0.842937
3142 0.420656
4893 0.472706
2537 0.185723
740 0.57551
1818 0.0417563
2142 0.502994
2020 0.750558
2724 0.891721
2151 0.843461
4043 0.219837
3869 0.138253
940 0.281117
1105 0.419565
786 0.712431
2908 0.246752
4506 0.323682
2199 0.65519
1826 0.684214
652 0.393236
4592 0.155205
1311 0.846965
3598 0.95581
2134 0.155818
1825 0.414088
1567 0.568815
1761 0.493118
418 0.961445
2037 0.206959
3468 0.632606
997 0.654392
2100 0.804845
734 0.481144
5194 0.210421
4537 0.902558
1374 0.149743
1731 0.41562
802 0.886678
2698 0.169739
4356 0.371051
2853 0.142893
1460 0.46021
2944 0.457229
3694 0.932289
1869 0.222311
3034 0.909742
725 0.862112
1094 0.510402
4538 0.819203
2452 0.467085
1051 0.636044
3849 0.826275
