500
500
453 417 400 489 2 9 93 329 366 477 329 166 156 435 330 485 428 24 92 24 409 63 427 453 427 411 92 381 13 197 128 442 311 355 41 482 77 66 445 52 432 65 336 13 265 65 108 37 141 496 211 301 467 129 77 431 387 58 290 256 434 83 138 109 354 293 163 151 139 231 139 374 0 54 483 297 418 5 36 486 124 416 424 238 278 200 125 415 292 208 254 318 279 232 280 393 485 453 158 323 293 288 498 13 381 119 4 62 59 417 219 15 285 235 314 62 193 85 119 236 119 180 459 34 210 287 148 350 369 421 83 340 101 192 187 248 265 462 157 362 484 140 212 4 314 171 321 171 314 17 322 353 160 109 319 359 34 474 381 250 330 80 295 449 351 472 368 36 456 260 334 52 84 401 453 160 168 376 392 330 435 305 347 390 51 434 117 371 499 281 322 248 351 162 260 2 472 488 158 452 92 482 428 200 395 176 357 262 473 413 218 318 405 276 476 79 346 15 427 478 339 484 446 200 438 298 389 298 453 210 235 307 130 8 440 5 94 77 259 20 209 181 308 52 430 392 35 461 325 130 392 96 230 16 230 164 174 199 168 296 133 258 69 205 199 469 64 470 64 212 221 276 252 110 99 193 350 289 332 21 74 219 74 199 469 38 103 350 413 131 383 312 380 36 489 442 457 10 443 400 283 87 319 78 108 48 55 297 94 18 340 115 195 188 413 217 474 2 474 140 163 9 93 242 206 388 203 390 44 149 379 338 199 469 166 9 349 165 54 496 206 108 36 211 301 257 301 333 272 330 272 211 302 145 438 410 64 5 64 41 487 411 405 372 356 425 210 126 137 119 298 402 345 465 435 393 125 415 173 339 450 136 64 185 168 148 350 413 33 406 494 472 132 4 132 473 79 207 366 378 448 318 448 298 261 147 261 126 387 207 211 111 293 178 353 74 219 355 282 311 462 394 40 302 416 424 220 233 220 233 406 345 119 258 25 414 26 427 15 339 37 350 415 464 415 179 254 318 322 318 365 464 62 303 290 145 362 14 142 109 497 490 245 128 388 333 345 119 31 227 358 227 458 25 414 420 185 64 103 473 161 482 205 407 431 387 75 144 215 478 45 71 394 403 281 464 281 4 124 416
20 46 54 55 101 136 151 154 208 250 253 266 309 324 374 390 405 406 442 466 467
22 26 47 49 71 105 168 182 187 221 239 246 247 248 299 331 340 387 394 411 420 438 452
22 9 44 51 110 169 174 190 252 258 260 272 297 328 332 354 397 464 472 474 479 486 489
18 12 149 188 194 242 295 300 350 354 393 414 418 423 432 440 443 470 489
22 20 55 62 66 108 119 124 132 185 212 213 214 228 281 314 390 392 415 431 433 441 495
29 12 36 44 46 47 56 64 69 94 98 125 152 205 275 294 300 312 331 337 347 364 381 418 439 440 456 466 478 486
18 34 42 66 77 107 131 133 175 209 268 291 294 307 344 360 447 457 493
15 30 57 80 86 127 181 299 313 345 370 377 408 424 473 493
25 33 35 40 59 63 93 95 96 98 107 130 135 136 153 274 316 345 361 384 403 440 443 447 449 456
25 2 28 73 93 102 103 110 145 154 163 164 166 193 194 203 235 269 325 349 383 394 433 437 443 471
23 13 35 58 107 127 128 141 177 180 196 267 300 314 340 348 358 412 415 443 446 457 475 478
19 13 17 60 62 67 80 149 186 222 281 301 315 334 335 351 376 418 476 492
25 3 5 22 42 74 89 92 125 136 143 154 160 260 299 305 317 320 333 338 347 391 395 405 417 479
21 10 11 66 73 129 197 247 265 290 308 336 371 381 386 402 407 420 430 455 456 498
20 20 34 36 50 86 142 162 183 200 223 235 278 337 346 360 362 369 378 400 461
18 76 83 90 133 219 238 244 252 277 285 339 346 368 417 427 447 478 494
12 43 60 80 190 192 230 338 359 385 416 481 492
23 11 73 75 98 101 139 157 159 195 204 216 218 231 245 314 322 348 362 365 423 443 452 466
18 37 77 94 101 128 213 232 234 261 309 317 340 370 396 447 454 461 495
15 25 39 111 198 217 224 244 250 254 258 314 379 453 463 477
19 4 14 69 131 209 247 252 259 276 293 303 337 354 403 407 428 442 474 491
20 40 43 74 96 133 145 149 175 193 252 265 277 283 332 334 359 376 455 470 489
18 12 39 66 148 218 227 236 245 268 276 296 301 326 334 342 344 362 403
14 79 81 113 169 226 233 246 247 275 325 340 375 398 498
26 51 53 59 72 92 96 105 107 115 132 202 205 244 276 281 321 324 339 347 387 406 409 428 480 485 496
18 19 65 97 122 142 176 204 206 218 238 246 254 258 282 359 414 458 475
17 1 53 107 121 122 130 164 173 209 266 316 354 379 414 424 427 433
20 44 86 89 91 109 134 147 160 187 200 218 242 243 256 258 338 409 422 433 451
15 9 86 183 196 199 204 207 226 252 299 303 375 401 433 459
19 77 80 178 197 199 240 241 245 256 335 354 370 378 393 394 399 441 471 487
15 7 41 130 153 160 175 233 246 267 276 282 369 371 433 471
17 68 70 108 119 168 193 213 227 238 254 265 267 320 387 417 451 480
14 52 97 103 107 133 136 152 172 278 282 285 293 308 388
15 8 43 47 63 73 92 115 135 160 163 221 331 406 413 425
19 6 14 74 174 184 210 271 307 315 321 327 359 363 372 375 384 459 474 492
20 8 10 42 52 90 94 147 151 225 229 241 286 384 389 392 425 429 461 462 491
29 5 14 62 65 107 108 131 151 157 160 211 217 247 253 270 292 299 323 351 368 380 381 386 394 407 434 456 486 489
20 18 55 64 84 108 124 141 158 160 179 183 189 286 324 339 350 356 380 406 451
13 54 60 103 150 157 165 167 229 406 432 446 469 496
15 19 22 50 52 79 176 199 212 239 286 300 397 418 426 433
18 8 21 57 88 136 172 186 204 259 302 307 340 357 391 394 411 474 480
22 30 61 64 76 82 149 154 179 201 203 214 351 355 378 391 433 467 469 474 475 482 487
20 6 12 35 43 154 178 187 216 243 245 301 322 338 345 351 410 428 443 456 459
26 16 21 33 42 82 113 120 124 128 130 198 225 255 297 325 326 345 357 365 369 383 395 406 443 459 495
17 2 5 27 45 56 59 149 180 199 261 284 291 303 346 390 400 468
19 44 64 71 81 87 117 162 163 177 186 192 206 228 291 311 325 420 439 478
26 0 5 48 49 66 101 134 137 144 148 195 209 221 223 236 238 249 262 265 272 293 316 331 353 378 390
28 1 5 33 81 85 87 92 114 117 121 127 133 136 153 192 201 225 238 244 262 269 291 346 412 429 447 450 471
18 46 55 69 74 108 140 174 188 227 250 318 389 398 412 422 465 475 494
19 1 46 51 94 108 115 166 167 168 202 255 293 320 328 342 353 447 481 484
17 14 39 67 120 130 131 157 191 192 212 228 229 282 294 323 402 462
19 2 24 49 106 118 133 138 172 174 177 213 228 315 320 363 380 390 434 491
16 32 35 39 84 108 143 144 185 234 235 308 334 341 430 432 445
20 24 26 117 127 177 232 304 336 368 369 384 403 411 419 426 451 454 473 477 491
15 0 38 60 165 199 263 293 330 332 424 452 457 481 483 496
19 0 4 37 48 68 70 113 118 122 171 236 272 286 295 297 350 431 477 488
16 5 44 127 136 149 194 251 262 295 305 314 331 350 432 456 475
17 7 40 66 73 171 202 258 267 287 303 312 323 338 364 427 457 485
15 10 122 171 200 224 259 290 291 294 325 361 387 409 414 417
17 8 24 44 62 169 241 253 314 364 395 404 410 417 424 432 473 493
23 11 16 38 54 67 114 141 145 162 193 203 209 273 280 281 291 349 380 398 419 443 474 484
17 41 68 93 112 126 161 237 250 260 283 292 328 332 334 350 480 483
24 4 11 36 59 83 137 151 180 191 193 251 295 303 314 334 335 379 384 392 408 432 440 464 483
15 8 33 98 133 134 167 190 243 251 269 330 333 409 427 485
21 5 37 41 45 97 103 136 185 212 237 246 272 291 307 321 410 414 437 469 470 491
27 25 36 68 75 85 95 107 108 109 119 126 136 172 194 265 304 319 320 336 337 345 365 370 386 432 434 467
32 4 6 13 22 46 57 74 77 79 88 89 101 108 128 159 167 168 172 204 259 298 321 353 354 361 368 386 407 429 435 445 488
18 11 50 60 81 86 89 100 130 213 234 284 301 348 371 405 410 436 446
15 31 55 61 65 128 148 149 154 179 182 292 355 376 401 438
17 5 20 48 139 143 162 163 175 205 258 268 355 403 409 422 426 445
20 31 55 83 105 170 191 242 246 253 283 308 329 358 361 398 425 429 454 466 498
21 1 45 94 95 138 153 169 197 202 207 221 305 323 355 359 369 394 439 451 466 471
16 24 88 102 147 150 184 218 286 295 311 323 334 363 416 450 481
26 9 13 17 33 57 80 130 161 171 194 207 242 282 286 294 302 335 357 397 405 425 438 460 473 487 492
21 12 21 34 48 66 93 105 119 188 196 199 219 224 289 315 353 354 383 389 442 450
17 17 65 136 142 144 149 159 231 259 310 346 372 386 387 424 429 430
21 15 41 127 168 173 192 212 229 248 255 281 300 314 320 382 450 453 454 455 484 498
25 6 18 29 66 94 103 129 142 180 198 199 255 259 273 278 315 329 337 376 421 431 463 471 482 488
15 105 108 119 194 265 270 290 301 317 319 360 400 429 458 490
26 23 39 66 86 111 166 192 207 282 298 302 306 322 329 344 346 348 371 373 409 443 459 467 473 476 490
30 7 11 16 29 73 111 149 164 189 193 208 210 221 252 282 295 322 330 342 343 360 364 384 390 400 401 402 405 447 479
23 23 45 47 67 85 106 132 135 186 233 261 288 328 366 370 388 393 407 429 441 473 476 480
10 41 43 103 104 112 172 284 391 461 482
17 15 62 70 96 112 129 138 190 221 248 340 395 417 421 434 461 477
20 37 52 89 98 100 119 153 176 189 191 210 213 214 288 309 396 401 407 431 481
17 47 65 81 88 105 119 159 163 193 217 316 329 350 358 446 490 499
14 7 14 27 28 67 79 200 221 251 342 353 385 412 429
25 45 47 89 90 118 128 141 181 196 199 217 264 275 283 312 319 329 344 379 383 404 468 485 494 497
20 40 66 72 85 126 183 184 193 209 210 215 247 262 375 376 396 409 418 435 489
28 12 27 66 67 84 87 102 189 225 241 243 259 292 298 305 308 314 318 319 320 358 367 370 409 417 426 450 487
16 15 35 87 101 163 179 197 213 248 260 310 329 382 443 445 479
15 27 124 138 242 272 311 331 337 364 381 384 386 409 427 469
15 12 24 33 47 98 101 110 298 369 381 411 452 457 475 482
20 8 9 61 74 135 163 191 199 215 217 242 290 310 317 325 329 349 378 427 450
24 5 18 35 49 71 77 101 134 156 170 275 281 296 297 303 311 327 347 362 377 418 425 429 460
15 8 65 71 102 136 211 225 229 240 321 380 401 436 481 488
14 8 21 24 83 171 230 257 287 349 392 417 422 456 484
16 25 32 64 146 153 164 195 202 231 242 245 308 363 404 414 443
17 5 8 17 63 84 92 121 131 177 207 249 293 327 333 336 454 455
14 110 180 189 193 200 247 260 297 301 340 452 463 471 474
17 67 84 152 163 193 201 218 229 280 292 305 314 363 374 387 403 464
20 0 17 18 46 66 90 92 94 155 166 174 177 181 192 305 324 340 444 459 470
16 9 72 89 95 210 216 223 275 280 291 293 305 308 314 401 432
25 9 32 38 64 77 82 136 137 140 172 200 256 278 281 290 293 305 326 342 343 350 383 442 470 473
15 82 106 126 152 215 219 220 272 273 308 360 401 409 452 481
15 1 24 70 74 78 85 116 132 156 199 200 285 303 379 408
14 51 81 104 150 156 175 232 277 290 291 332 333 435 472
23 6 8 10 24 26 32 36 65 117 147 154 244 256 354 358 372 376 396 428 439 468 484 486
30 4 31 36 37 48 49 52 65 66 78 129 148 158 169 197 206 215 226 267 300 329 347 373 380 397 400 430 432 478 481
19 27 65 138 142 149 156 160 230 281 307 314 319 354 355 386 446 448 469 497
19 2 9 92 99 112 121 151 184 230 249 252 295 307 324 365 454 470 481 489
26 19 79 80 113 120 128 144 164 175 181 189 192 211 230 258 293 304 305 346 360 421 436 438 447 466 470
15 61 82 83 110 113 154 177 213 231 245 405 429 476 481 490
18 23 43 55 111 112 180 255 256 306 313 343 395 408 446 481 482 488 492
19 47 60 116 123 128 146 179 228 234 239 271 294 330 371 378 391 407 426 474
17 24 33 49 128 138 171 180 187 195 213 231 294 340 342 354 400 499
18 105 114 147 151 163 184 196 220 251 278 359 360 365 382 400 412 461 466
13 45 47 53 107 202 241 260 280 328 348 371 434 466
18 51 55 87 130 157 180 217 231 248 249 277 285 335 340 370 388 409 486
27 4 31 65 74 78 84 85 125 137 149 180 183 212 236 258 293 298 312 345 370 371 381 401 439 463 465 498
15 43 50 111 122 146 264 274 305 321 354 359 362 393 478 483
18 26 47 98 110 132 229 241 249 257 260 272 314 315 339 411 414 461 468
20 25 26 55 58 120 133 142 156 170 217 277 299 347 377 378 386 408 425 432 460
19 114 130 151 191 201 204 213 227 234 327 344 361 378 385 391 406 408 468 479
16 4 37 43 91 247 274 284 285 309 339 416 426 428 430 449 486
14 5 12 119 142 194 200 254 261 347 393 399 415 418 428
26 61 65 88 104 137 150 179 193 196 198 210 213 245 261 282 287 335 351 367 368 387 398 426 485 486 498
22 7 10 47 53 56 76 137 186 196 210 229 242 327 331 359 380 381 398 441 471 479 486
35 10 18 43 66 68 87 111 114 115 130 147 169 184 187 197 232 233 245 254 277 282 348 355 362 374 388 393 402 408 436 442 444 453 483 489
17 13 77 83 108 156 160 170 238 292 320 361 381 387 389 422 454 467
20 8 26 30 43 50 67 73 118 123 128 148 157 264 267 307 325 350 392 458 483
27 6 20 36 50 98 135 143 209 247 260 269 272 288 309 347 349 357 379 383 413 460 466 468 476 479 483 487
24 4 24 81 105 121 148 173 182 209 263 290 293 294 316 327 348 351 379 402 408 415 454 472 473
27 6 15 21 32 47 51 63 122 143 176 195 199 258 296 309 336 343 357 394 405 443 444 445 452 466 467 493
22 27 46 63 94 141 143 171 172 173 176 192 210 217 249 284 335 363 388 400 424 445 450
15 8 33 81 93 131 160 222 236 239 269 289 386 470 473 477
30 0 8 12 32 40 47 56 64 65 75 95 103 173 246 247 257 260 285 293 307 309 332 341 346 353 416 443 450 480 490
17 46 62 103 119 126 127 160 200 222 289 312 327 347 375 393 436 446
16 51 71 83 91 109 115 177 271 303 321 326 345 358 366 451 480
12 17 69 151 159 174 214 231 349 374 430 449 490
14 48 103 152 163 212 224 279 382 391 399 436 437 474 484
17 10 37 60 87 134 153 175 225 276 289 302 308 333 349 415 439 496
17 14 25 75 77 109 122 125 151 183 290 300 305 323 337 404 412 467
17 12 52 69 131 133 134 168 182 217 245 275 280 311 323 338 415 437
18 46 52 75 111 179 180 191 215 230 233 240 250 257 300 325 332 408 444
20 9 21 60 168 172 178 223 226 278 290 297 302 346 352 360 362 369 395 438 473
15 97 114 120 164 169 221 232 246 296 311 368 369 373 391 428
17 27 35 72 107 116 128 159 261 295 329 367 403 419 447 453 461 477
25 22 46 68 108 130 132 152 168 170 177 178 212 228 258 286 287 291 304 325 350 356 440 449 461 495
21 3 11 21 41 44 56 68 75 80 109 119 171 185 241 248 268 290 309 335 379 484
18 38 72 106 126 195 230 236 238 244 280 309 317 352 354 369 401 461 478
26 0 35 36 62 110 116 123 139 142 152 163 164 174 184 290 340 348 351 392 399 407 411 416 421 469 470
20 5 32 100 104 140 148 151 196 208 238 339 405 407 409 412 418 425 445 455 479
23 8 30 47 71 84 97 141 176 184 207 228 240 293 338 347 365 369 401 433 439 443 472 474
25 0 9 12 41 42 68 107 112 162 170 172 188 259 273 284 293 303 312 321 343 363 364 366 404 447
17 101 158 162 169 197 216 224 228 236 270 293 302 317 321 423 431 485
23 94 105 106 109 122 129 166 170 178 202 233 322 348 369 394 402 415 429 432 435 441 471 494
20 17 36 38 50 118 130 223 276 280 305 327 331 335 362 374 382 391 462 470 478
18 37 108 155 187 194 198 206 236 251 323 415 426 450 451 452 453 464 488
24 17 66 75 85 139 147 165 171 208 209 216 223 231 274 286 297 304 315 320 422 444 463 477 480
21 12 27 30 33 36 37 109 129 135 137 168 175 201 208 255 321 333 353 378 451 453
16 61 73 229 247 250 265 279 343 382 393 447 465 473 482 484 491
21 14 45 60 69 154 155 164 192 206 215 217 253 260 296 337 351 367 413 438 447 458
27 9 33 45 69 85 90 93 100 116 140 151 186 187 198 203 220 237 258 270 293 323 388 407 428 441 447 485
22 9 26 80 97 111 146 151 162 174 186 193 230 275 294 303 315 332 342 351 387 388 439
14 38 54 159 199 206 211 225 254 261 264 314 349 356 442
16 9 49 79 101 156 299 329 331 332 337 373 383 407 457 458 469
15 38 49 63 66 186 201 213 297 298 304 329 355 383 491 498
25 1 31 49 66 76 143 145 148 160 185 190 199 208 210 240 263 272 296 308 339 357 376 416 480 486
22 2 23 59 71 108 128 146 155 176 218 251 256 270 276 303 316 326 346 381 416 425 492
17 70 94 122 129 148 154 156 208 221 225 228 297 305 312 375 386 452
23 55 57 58 73 96 115 134 149 159 176 213 217 256 282 313 314 321 363 391 412 416 443 484
17 32 40 51 65 66 82 103 134 145 154 179 230 254 257 324 414 471
20 26 76 132 134 136 217 242 277 297 302 336 339 360 375 384 407 415 428 471 495
18 2 34 48 51 101 139 151 164 195 199 231 279 280 324 334 360 455 472
18 6 21 30 69 106 111 141 160 212 214 221 302 359 362 404 439 463 468
22 25 39 84 133 134 153 169 171 189 259 272 275 290 312 313 357 384 395 399 444 466 481
22 10 45 51 53 98 101 112 138 148 187 196 205 230 245 259 295 304 305 409 449 457 497
20 29 42 145 148 156 187 218 252 258 293 297 299 306 349 353 422 429 471 486 488
21 37 41 68 90 114 126 144 172 186 228 254 299 333 384 409 415 418 455 493 495 499
20 10 44 62 77 99 113 115 118 119 144 189 209 261 334 410 436 448 459 473 486
13 7 87 101 111 209 221 308 338 371 393 441 477 491
10 1 68 132 143 201 239 268 322 345 445
21 14 28 37 88 119 142 187 208 214 224 230 248 252 258 284 309 367 388 434 459 475
27 34 72 88 110 116 128 151 153 200 217 218 224 233 258 268 279 291 302 325 364 375 434 455 474 488 489 492
17 4 52 64 149 168 186 270 298 355 364 369 401 420 438 450 482 499
26 11 40 45 81 127 163 164 167 179 185 198 209 270 276 295 298 323 337 340 344 359 360 363 398 406 436
24 1 27 42 115 128 158 163 177 178 183 192 226 248 261 284 345 357 393 418 424 440 456 479 482
17 3 48 74 154 195 214 235 248 254 273 314 321 411 413 436 445 481
19 37 80 84 89 99 111 176 180 225 257 259 268 289 294 335 344 348 372 454
18 2 16 63 83 168 203 226 229 237 242 248 261 345 385 405 422 489 491
19 50 62 70 84 93 123 144 211 278 294 298 307 322 326 341 410 428 451 469
26 16 45 47 50 76 79 101 111 134 162 187 196 222 239 240 249 256 271 312 323 324 329 345 372 386 423
26 9 21 31 60 62 80 85 88 99 100 126 164 198 221 225 250 304 350 362 381 395 406 427 449 477 485
14 3 9 56 65 73 78 125 158 197 384 395 409 428 466
17 17 46 97 115 133 150 174 188 216 243 299 319 330 374 383 405 490
29 10 28 74 87 116 126 127 152 177 192 211 215 224 241 253 262 287 307 310 319 325 338 343 384 414 420 441 443 444
20 13 29 71 90 108 128 155 194 215 228 234 266 294 314 345 350 388 410 481 492
19 19 43 77 126 158 163 186 193 203 211 262 289 333 341 369 375 408 471 485
24 28 29 39 44 54 74 77 87 93 105 133 165 168 174 205 262 275 283 319 338 363 386 469 490
24 14 27 58 86 99 103 105 125 137 184 278 284 285 337 348 395 411 428 437 438 446 453 475 481
14 41 47 100 123 160 167 182 265 319 352 367 375 399 416
16 24 49 57 71 97 117 156 239 260 275 322 362 406 415 431 469
20 9 41 60 163 190 198 213 223 231 273 291 321 365 380 388 390 409 411 441 475
20 17 25 28 40 66 123 226 245 255 264 273 295 316 328 333 345 372 383 400 414
14 5 24 69 177 199 235 239 241 295 344 407 426 469 482
18 25 45 108 158 162 165 230 242 250 261 281 347 357 361 388 427 451 496
16 28 71 73 79 98 153 211 235 270 363 366 374 387 422 453 468
20 0 80 152 159 160 168 170 183 212 223 227 254 263 266 292 300 335 370 439 486
19 6 20 26 46 60 88 131 132 159 180 181 186 253 255 267 272 304 310 336
30 34 80 84 88 102 126 127 134 168 235 249 261 269 276 287 295 300 304 358 383 390 396 409 425 432 436 447 452 453 465
20 36 95 111 165 191 196 198 207 236 255 264 272 289 301 302 303 321 380 403 496
23 4 39 50 64 76 119 140 148 175 208 221 251 259 292 301 325 344 355 379 425 469 470 496
22 4 18 31 51 67 84 90 112 115 123 126 167 171 203 286 304 341 367 374 395 415 488
20 4 41 84 139 175 183 188 235 261 266 288 294 333 390 399 423 424 457 482 487
14 88 93 104 108 144 162 196 197 234 308 379 415 470 478
17 17 42 102 155 159 195 249 261 302 305 332 406 423 425 458 462 469
24 19 36 85 87 93 118 122 134 143 162 171 173 184 251 254 272 357 378 387 413 474 481 486 495
18 17 22 25 27 72 100 169 178 184 247 318 319 344 385 413 449 454 490
12 15 74 104 237 247 253 347 355 417 479 480 491
15 104 116 163 233 239 245 249 319 329 343 344 364 407 424 493
29 1 33 46 71 80 83 86 146 170 175 181 193 212 232 244 254 272 276 277 292 311 361 409 423 428 435 456 459 484
10 11 135 137 192 247 282 294 299 317 451
17 14 46 102 145 157 159 203 208 227 269 294 328 342 375 383 428 456
22 19 58 74 140 155 183 184 196 251 260 316 373 378 385 396 409 433 457 472 475 485 486
28 35 43 47 89 95 141 165 170 189 193 246 259 266 267 269 272 295 304 307 346 354 406 421 451 457 479 481 485
16 23 28 108 145 187 190 204 250 271 305 331 357 369 421 473 485
18 22 31 48 123 208 223 256 266 268 279 302 313 347 358 376 404 452 458
25 4 45 50 51 114 148 153 155 170 179 197 255 281 298 345 356 368 379 385 391 400 407 409 468 498
18 35 38 50 76 95 100 121 127 161 190 381 400 403 404 445 489 493 499
19 16 96 109 110 111 144 150 164 172 177 183 206 245 335 423 437 453 481 484
19 17 75 97 112 115 118 139 159 174 203 241 278 323 363 376 402 413 481 489
18 18 53 106 128 146 221 271 279 280 294 306 338 347 397 426 473 484 495
16 23 30 81 128 144 156 184 220 259 310 406 434 444 446 478 491
14 18 52 67 114 123 197 215 237 247 249 319 334 398 440
18 9 14 52 188 205 207 210 214 269 277 283 285 307 312 314 330 437 461
16 22 46 55 119 135 150 155 158 211 271 344 377 384 393 439 467
18 61 64 163 190 219 234 250 252 259 265 296 306 339 375 406 432 433 472
20 15 25 31 46 47 129 150 152 264 270 271 278 329 340 392 408 418 424 495 497
21 1 39 114 135 182 192 202 205 220 287 300 302 325 339 346 381 396 411 419 425 434
12 29 95 144 153 168 192 295 302 375 379 461 486
17 29 35 59 89 117 121 149 196 205 231 274 308 322 324 358 378 438
25 3 27 70 73 91 93 97 127 173 190 206 253 255 266 309 313 341 346 357 380 419 432 451 486 491
14 27 42 63 89 195 249 286 290 403 412 443 457 460 497
15 15 19 24 47 107 150 221 245 246 295 298 307 313 329 396
28 17 22 29 42 97 112 126 128 143 177 204 220 230 244 271 282 297 314 317 362 378 386 397 413 423 441 490 498
15 1 23 25 30 64 70 136 146 225 244 282 323 335 378 453
24 1 13 20 23 36 88 99 124 131 136 161 218 219 222 234 252 262 278 296 303 355 402 442 454
20 1 76 83 90 118 149 183 187 188 190 257 260 265 277 322 340 351 435 474 481
21 46 98 110 118 121 134 192 210 216 220 234 243 270 286 312 366 380 412 423 428 436
20 0 19 48 61 144 161 193 206 226 237 272 301 310 330 367 381 385 420 451 471
20 56 62 63 86 116 158 169 212 217 224 258 272 284 295 297 307 339 385 389 392
20 2 15 20 21 28 80 110 178 183 237 247 276 289 293 296 310 324 329 342 371
17 0 36 59 70 162 196 209 219 242 258 279 281 305 341 354 381 446
22 19 25 31 125 128 165 172 179 188 208 217 221 318 322 327 371 415 440 448 466 477 488
19 43 49 76 77 113 160 204 209 211 228 242 270 275 299 314 350 389 410 454
16 27 29 103 107 113 169 171 192 227 265 290 344 378 392 434 453
14 96 121 136 144 172 189 248 258 261 301 377 444 459 497
29 2 19 25 27 57 69 111 119 133 148 163 178 183 184 251 253 257 262 296 313 317 320 350 366 430 436 451 473 488
25 20 40 58 66 75 77 89 154 176 177 189 212 225 233 237 266 307 339 346 372 400 437 445 483 487
20 2 12 61 90 99 117 121 131 136 162 202 224 248 299 334 336 342 445 456 495
23 18 44 81 125 126 147 165 180 187 190 206 210 214 216 257 278 294 298 313 314 331 458 473
22 46 47 56 88 196 198 199 247 258 270 271 331 357 377 401 423 432 459 473 484 487 489
10 54 132 168 208 330 349 352 365 383 404
20 87 120 130 165 204 211 238 317 330 340 342 353 354 366 368 380 458 478 486 492
18 13 21 31 46 65 78 161 201 237 248 256 292 342 380 415 416 441 462
18 0 26 197 208 214 225 227 242 259 273 291 321 323 362 378 421 447 465
16 10 30 31 57 108 130 209 225 275 303 356 367 410 418 429 498
17 6 22 69 149 182 184 189 227 290 352 353 375 392 408 416 431 447
22 9 47 63 131 135 210 223 225 235 277 301 306 313 347 355 415 417 426 452 455 472 488
23 36 78 155 163 169 185 186 207 238 249 255 262 276 310 334 356 373 383 386 439 455 468 475
26 34 114 138 192 226 232 236 238 245 262 284 295 341 368 375 382 383 385 417 427 438 442 476 489 496 498
24 2 46 55 64 91 104 121 131 168 176 209 211 217 221 225 250 251 330 333 360 375 451 458 463
14 60 77 104 154 188 203 204 266 303 322 338 389 401 472
21 8 120 124 159 241 297 310 312 313 317 322 323 341 343 358 408 419 440 445 464 477
21 5 23 87 94 102 143 164 176 199 202 255 267 283 315 327 350 356 369 392 412 444
22 20 22 24 30 141 157 169 186 210 221 252 270 284 297 305 371 378 393 405 422 429 476
18 15 21 106 118 122 128 173 221 235 248 269 323 329 372 377 423 443 489
19 14 32 77 103 116 145 191 200 231 238 247 261 281 288 314 372 468 472 495
18 140 161 174 184 227 232 253 288 318 319 321 358 434 445 449 453 475 488
17 60 100 102 117 143 150 157 174 232 286 322 362 384 393 394 445 464
28 4 11 24 60 76 94 103 109 206 228 253 278 286 297 312 322 339 357 403 409 420 421 437 464 468 483 488 499
26 25 30 32 50 73 79 80 126 128 171 222 245 246 289 301 311 353 355 366 397 420 432 451 471 475 496
22 21 61 70 87 199 235 275 289 312 351 360 368 375 376 390 391 400 432 437 460 462 486
21 44 67 82 124 134 154 183 187 200 251 271 276 322 324 343 366 382 419 431 440 486
17 15 32 105 118 124 136 200 235 337 342 362 375 405 410 469 474 491
20 35 37 39 55 72 73 148 159 213 243 249 280 281 326 334 352 353 428 481 494
17 57 96 126 148 196 210 239 326 341 377 385 404 406 411 420 430 468
15 81 84 131 214 278 279 293 305 317 348 400 417 475 493 498
19 74 135 137 141 189 198 211 252 282 283 325 332 350 357 421 426 446 454 484
19 13 58 78 93 103 106 132 142 145 149 151 176 243 256 268 298 303 347 455
19 6 44 45 47 58 60 64 102 106 148 184 203 266 325 373 374 422 425 483
18 36 61 68 89 100 129 208 212 221 265 340 368 387 402 403 415 439 499
31 20 32 46 49 54 98 102 103 111 119 132 136 153 154 155 163 178 252 288 317 323 345 348 354 378 388 400 420 443 450 496
25 5 6 50 58 73 114 115 132 164 189 191 197 214 222 223 232 261 326 339 353 364 387 391 434 460
30 3 55 56 62 72 80 110 147 177 186 204 205 210 225 240 244 251 271 305 319 327 349 352 377 388 400 411 449 451 489
15 22 94 133 146 162 168 237 247 252 258 301 389 444 445 483
25 2 43 55 94 99 145 159 167 170 173 178 245 251 274 276 281 323 332 335 348 361 403 418 483 494
22 66 79 89 92 119 167 185 186 191 228 244 261 290 367 389 402 404 432 438 448 453 469
18 1 7 12 28 36 122 166 178 179 195 222 255 260 304 317 326 336 442
18 3 5 10 39 76 108 142 144 208 210 239 330 363 374 402 434 460 488
16 11 22 42 67 78 99 211 212 250 257 269 282 296 333 363 467
20 40 73 79 141 145 155 173 175 184 211 216 227 239 240 340 341 343 378 416 430
21 20 28 44 57 62 94 105 138 154 164 169 211 247 267 273 290 391 405 444 472 480
23 53 65 111 148 159 167 177 193 209 210 213 225 299 306 317 318 343 368 398 402 432 482 488
31 12 56 71 89 100 101 102 103 111 120 142 157 170 177 216 226 253 276 288 295 347 349 363 395 401 402 422 435 444 457 459
18 79 113 178 232 237 269 304 308 323 344 350 401 405 408 438 461 477 497
20 6 34 40 64 109 110 130 136 191 196 225 235 244 251 259 349 421 428 479 491
24 13 32 52 70 89 97 102 104 141 168 181 215 241 306 334 342 375 377 395 399 404 430 450 493
17 0 18 84 124 131 133 136 149 150 183 242 326 334 395 398 402 429
17 75 90 93 196 209 233 250 252 270 274 311 312 348 354 370 421 456
19 45 72 91 94 143 146 221 282 310 333 355 401 421 433 442 451 452 462 494
23 5 57 87 119 137 154 170 176 192 235 249 274 281 283 310 318 367 380 383 399 400 438 475
17 7 113 171 176 227 242 244 258 261 269 274 342 351 379 423 426 480
28 4 10 17 19 56 59 62 76 89 100 102 109 121 165 171 188 197 235 245 255 261 278 350 359 396 425 436 466
16 11 34 51 74 77 121 159 164 275 360 402 418 424 429 456 486
20 8 26 46 85 132 169 204 224 326 346 348 370 391 402 431 433 436 451 459 498
23 12 18 78 93 150 155 222 245 258 264 274 288 293 299 304 342 366 375 445 446 447 451 498
15 48 89 218 254 279 304 312 321 322 365 384 391 397 405 448
20 65 78 87 89 109 195 196 199 201 218 220 234 279 295 357 359 377 387 456 470
12 12 31 49 51 65 76 89 129 159 258 460 461
22 24 34 64 66 95 120 138 154 155 160 171 188 203 211 266 279 318 323 376 425 451 470
19 17 42 79 80 156 182 191 202 241 248 254 273 274 280 281 284 318 353 395
30 36 50 57 71 72 142 143 158 163 186 192 231 246 266 274 277 293 297 306 321 331 336 367 371 373 385 412 425 427 438
17 0 24 37 101 110 172 174 192 241 252 284 346 375 394 395 403 490
22 9 23 43 45 58 93 130 144 148 184 196 212 239 289 291 356 363 392 407 461 474 486
14 22 43 103 138 169 191 286 287 294 299 309 316 443 471
17 34 94 98 123 127 132 137 157 254 275 295 357 387 390 444 464 496
14 2 49 61 81 117 204 223 333 375 377 388 390 391 495
30 70 77 79 85 87 90 93 108 147 166 167 192 220 238 244 252 277 330 334 353 363 366 375 407 416 419 433 464 477 484
19 54 63 80 114 195 235 250 263 264 272 300 329 345 392 408 435 462 485 498
21 1 5 33 46 56 91 127 157 166 226 261 262 323 334 369 371 379 412 427 430 439
17 2 21 54 61 106 136 144 164 166 216 289 297 371 417 421 452 477
23 12 63 98 106 141 160 179 198 204 214 272 301 311 328 345 347 388 411 415 471 488 495 497
24 11 21 22 52 61 62 72 174 180 234 260 270 286 308 309 329 331 376 383 395 423 453 471 495
20 11 29 62 73 118 126 134 149 157 189 208 230 246 297 365 370 410 411 460 478
16 13 53 65 98 133 173 209 260 299 323 361 414 433 460 489 494
19 5 14 20 65 77 91 142 162 166 186 200 285 341 349 373 377 420 427 490
17 12 16 27 42 57 143 153 181 196 199 232 273 363 379 451 470 477
20 15 24 37 121 124 152 168 173 237 239 251 259 281 294 390 392 450 478 484 490
21 1 10 18 23 40 83 99 101 115 118 151 186 238 248 264 292 302 385 420 480 495
16 52 136 191 198 213 242 253 271 274 287 302 337 358 373 374 450
20 22 49 80 86 103 115 164 223 252 260 264 265 285 308 313 317 351 374 409 456
22 80 103 113 133 154 161 196 220 274 284 302 304 344 364 407 420 426 427 442 457 465 480
23 6 22 79 87 123 186 189 205 212 218 220 236 256 306 343 384 410 419 430 447 462 493 495
26 7 8 42 43 65 119 138 182 187 190 192 197 204 228 293 330 333 365 382 398 402 406 407 412 465 485
20 14 15 44 47 75 79 111 136 145 169 225 239 242 259 316 324 386 387 398 486
23 5 12 24 94 108 122 125 131 137 153 206 219 227 232 269 290 305 333 369 390 413 478 497
18 10 17 67 79 117 128 132 151 156 189 200 288 293 297 310 316 408 493
18 9 60 93 96 131 139 141 165 178 263 295 305 307 337 426 444 447 486
24 3 37 55 56 61 85 103 130 148 193 197 255 258 275 289 306 314 369 381 409 413 415 426 433
19 11 36 41 42 126 132 151 162 164 248 283 313 342 366 375 449 472 477 495
14 145 150 201 263 268 286 295 358 373 390 402 450 462 473
22 46 49 66 74 86 136 160 178 264 268 282 286 294 322 329 361 363 370 380 392 460 479
19 2 3 20 26 29 66 74 107 109 115 120 150 225 253 264 293 310 443 479
17 41 68 69 71 109 128 167 185 212 219 247 269 282 311 367 381 476
19 37 148 165 228 267 270 275 325 362 372 385 407 425 435 446 457 465 476 495
23 40 43 73 131 133 168 176 187 206 217 226 242 262 281 289 319 327 360 380 385 420 426 494
20 10 70 85 89 107 138 210 227 241 274 279 341 352 361 362 417 454 460 486 492
17 16 21 25 34 71 116 120 127 175 186 314 319 415 442 464 465 491
22 6 14 78 80 104 111 116 145 173 174 186 272 283 315 357 364 372 405 409 423 456 490
16 8 58 66 70 123 129 206 221 297 336 353 358 372 381 429 436
21 14 17 22 94 120 128 145 157 175 193 202 245 266 280 285 356 358 388 406 475 484
27 34 51 72 97 100 134 154 171 186 199 207 231 300 301 305 325 329 338 353 369 383 403 406 418 426 451 484
17 5 57 59 80 91 154 184 185 220 294 343 360 415 419 465 475 490
18 17 43 65 110 116 153 203 263 318 335 345 369 426 458 464 472 476 494
16 81 138 154 207 249 258 264 282 284 317 329 351 368 378 459 477
14 89 126 147 162 183 201 213 250 267 298 312 323 355 397
19 15 36 53 66 126 146 228 264 271 283 292 304 366 401 417 439 469 472 493
23 14 30 43 53 71 92 145 146 150 153 156 185 198 226 275 331 347 350 363 365 403 421 485
14 7 18 29 65 81 89 118 119 208 310 316 335 353 460
18 13 30 67 79 114 117 119 181 252 254 276 323 331 332 405 429 459 499
21 34 75 107 189 192 204 259 277 278 356 360 361 385 405 409 422 429 440 487 491 492
18 79 108 146 166 224 270 291 323 337 341 352 384 388 422 437 465 488 497
19 0 100 128 139 157 195 207 213 291 300 341 342 385 393 398 400 407 465 497
26 23 28 34 88 137 170 173 184 198 201 223 237 240 268 271 272 283 285 308 317 324 328 329 351 407 479
14 11 21 68 77 88 107 168 227 231 283 321 334 392 493
17 7 94 122 236 257 262 277 287 295 308 319 328 337 380 455 465 493
25 14 29 41 46 93 114 122 123 160 217 224 241 245 246 256 266 276 293 302 366 381 393 399 448 491
19 19 26 62 87 105 131 132 149 212 215 228 240 313 331 338 425 479 490 491
20 36 37 51 60 95 108 127 203 211 242 249 264 265 312 353 357 377 390 463 489
25 5 13 36 91 92 119 127 129 169 193 229 239 250 253 350 355 361 378 420 426 474 484 488 494 499
11 76 90 116 140 157 161 271 284 345 457 480
21 9 43 74 87 103 131 166 167 195 204 210 223 263 270 271 312 334 363 386 406 453
21 8 34 35 53 62 80 91 173 176 179 194 196 236 280 318 344 373 422 426 475 487
20 16 86 123 190 218 224 228 250 251 271 287 323 340 356 357 372 374 386 391 408
23 13 36 65 66 75 91 109 122 135 170 192 199 245 270 346 383 385 389 436 439 463 472 489
22 1 24 31 58 75 100 126 129 164 207 217 292 294 319 327 346 399 431 443 444 477 489
26 32 81 118 128 134 163 164 183 197 203 206 293 295 328 333 362 373 398 426 441 468 476 479 480 483 496
13 35 48 74 129 251 255 273 296 298 386 397 433 450
18 0 4 44 46 51 80 203 210 214 283 327 328 339 347 352 380 490 491
23 12 40 41 82 114 123 140 146 157 171 228 283 294 303 316 318 328 385 402 437 449 457 488
22 4 35 62 96 130 151 238 251 256 268 275 325 330 339 353 376 402 424 430 434 451 454
23 3 29 81 120 125 128 137 161 181 187 236 276 280 374 378 416 421 435 438 458 468 481 485
14 1 9 29 36 40 71 133 156 280 324 403 421 451 462
19 12 43 59 83 113 145 176 193 194 200 213 305 308 309 322 324 334 406 485
11 18 84 88 107 210 224 239 244 314 478 484
15 2 39 73 108 232 245 282 318 367 389 400 418 442 456 479
17 23 48 60 70 126 127 186 234 304 309 345 346 374 388 426 484 493
15 29 125 140 151 176 201 214 308 312 378 387 426 477 487 494
25 14 44 78 80 108 115 116 134 204 228 229 259 283 288 293 295 312 374 397 417 443 445 451 452 489
21 28 68 80 84 95 102 104 119 150 153 185 262 273 305 306 311 368 406 419 453 471
23 13 50 80 128 132 156 231 247 292 298 300 304 305 309 315 316 345 352 391 392 449 464 486
20 8 20 22 53 69 100 147 211 229 243 281 292 297 324 363 369 394 405 470 472
14 59 87 97 142 154 175 227 229 263 287 298 308 432 450
27 0 12 67 73 80 112 133 152 190 195 276 285 303 306 318 360 371 372 403 411 423 431 434 459 464 483 499
23 0 24 33 37 38 43 123 186 193 202 216 225 233 237 287 345 362 363 383 395 401 462 494
27 13 20 36 66 81 84 114 151 152 163 166 173 205 220 228 325 329 343 345 356 374 375 431 445 464 483 487
20 7 62 105 113 122 123 128 132 144 198 238 268 274 306 330 348 385 411 425 456
26 24 27 58 63 69 79 88 89 91 104 118 152 177 179 194 203 210 221 224 228 281 342 350 360 372 498
16 42 59 64 67 180 191 197 255 267 285 335 344 412 438 448 492
20 1 40 53 92 121 151 188 200 203 239 287 295 333 335 405 408 427 483 487 499
19 10 47 48 86 116 142 152 171 243 249 275 323 331 345 410 434 451 457 479
12 33 131 162 188 217 218 231 245 347 350 435 473
16 3 25 26 58 64 97 121 172 196 204 336 420 429 447 448 476
23 4 10 125 132 141 143 156 158 173 179 202 213 215 254 265 269 292 333 350 359 364 464 480
15 16 72 124 136 151 168 169 171 201 265 268 302 329 393 424
21 12 15 31 58 59 83 89 96 219 269 271 288 332 358 368 400 418 427 441 453 458
20 3 5 11 39 88 94 125 152 179 187 238 267 297 315 363 397 417 420 424 462
13 53 60 147 239 242 274 284 329 344 364 401 422 460
19 1 13 45 185 196 250 281 282 287 293 337 340 343 357 381 414 418 443 471
20 77 83 111 151 225 226 266 281 289 307 310 311 332 369 393 394 446 449 468 479
19 27 48 69 96 129 159 178 190 207 276 291 305 372 373 384 419 469 480 483
20 3 17 155 192 214 216 221 230 245 249 262 277 313 334 360 405 428 471 484 487
14 7 26 54 59 75 134 187 214 220 238 315 392 416 418
20 33 35 70 73 94 122 152 169 210 212 216 239 291 314 321 323 356 379 408 470
27 39 53 69 89 114 124 126 158 205 232 269 289 313 343 349 350 357 363 365 381 384 388 398 399 438 449 471
19 15 26 57 63 91 93 193 206 271 323 331 337 343 411 417 435 451 453 478
22 20 24 42 107 124 125 146 163 173 191 194 200 221 223 249 286 307 423 463 482 485 492
24 35 47 66 70 75 78 81 86 94 112 156 178 267 276 309 315 361 371 372 414 466 483 484 487
15 13 52 75 108 124 139 258 287 302 308 331 344 392 450 492
12 4 55 77 84 155 202 268 284 316 387 405 407
24 3 38 52 56 59 62 65 102 108 122 156 210 237 242 262 282 283 298 304 404 443 444 463 477
20 4 9 26 27 28 30 39 41 153 224 237 311 316 329 336 350 389 447 466 471
18 36 51 65 83 117 183 184 233 239 256 279 294 300 392 405 412 471 476
14 66 88 106 156 221 248 305 330 356 393 413 427 465 494
20 67 95 111 128 137 140 180 186 188 210 249 258 314 316 361 386 451 473 484 495
14 9 64 140 143 200 230 235 259 281 283 373 391 445 450
19 1 68 73 111 145 162 185 200 241 271 298 306 312 323 393 410 426 457 465
19 5 45 71 107 119 141 153 164 175 208 236 270 292 331 368 386 463 480 492
15 3 5 8 62 148 187 234 254 274 284 372 450 457 473 484
14 4 29 81 127 156 163 181 196 203 245 265 388 417 499
18 0 20 74 103 128 165 247 271 299 311 343 359 397 444 452 457 489 496
26 3 8 9 10 17 42 43 60 79 90 97 133 136 153 171 196 243 277 293 326 354 387 400 420 432 468
18 101 128 133 144 159 176 196 233 257 275 296 303 305 327 349 387 432 442
22 52 66 69 90 133 134 152 182 188 229 259 260 274 279 280 296 317 400 407 437 481 491
17 10 38 67 85 109 113 137 200 233 253 289 317 356 421 484 492 495
24 6 8 15 18 47 49 80 111 147 154 161 162 163 210 266 268 317 344 349 414 433 467 478 482
9 109 180 254 298 318 378 410 414 482
16 8 124 139 148 177 193 218 279 295 351 391 402 421 426 461 487
21 47 72 74 76 89 93 134 136 158 185 293 308 339 341 352 389 404 430 437 440 451
32 27 31 37 53 71 138 158 160 191 206 222 225 242 250 258 272 282 295 311 316 317 321 338 363 392 394 400 412 427 436 450 467
18 1 17 54 92 99 104 133 158 170 210 227 269 311 332 400 442 482 495
21 19 76 128 147 158 160 200 207 210 230 246 256 279 298 334 383 401 417 427 469 485
16 18 53 70 76 98 110 129 132 189 218 247 255 289 358 392 486
12 13 21 76 98 152 174 179 184 269 270 290 377
19 5 8 13 36 42 56 96 187 221 223 260 310 315 319 342 360 397 408 470
20 6 10 54 57 92 166 177 214 224 225 243 305 343 356 382 391 412 438 440 442
14 25 78 130 162 166 216 227 261 264 272 365 393 417 481
17 28 34 42 43 79 101 180 183 221 257 262 305 316 366 371 405 474
16 73 94 122 131 243 283 294 300 320 335 336 353 358 370 419 491
17 14 18 35 82 83 116 121 147 148 150 235 240 306 320 325 449 478
13 35 50 157 216 265 283 311 330 344 352 394 406 418
14 19 77 99 119 159 175 272 380 386 428 432 439 495 498
16 2 62 100 158 274 280 281 327 329 359 365 402 405 407 415 473
16 48 119 161 210 266 343 345 356 359 364 373 374 377 435 438 483
18 0 5 17 70 71 111 116 117 131 133 176 194 254 314 429 433 481 491
11 0 41 65 79 129 133 142 236 301 447 451
19 44 87 107 121 123 131 175 207 228 270 278 281 287 388 393 421 443 475 488
19 38 41 64 91 109 151 166 191 199 202 205 212 216 285 298 368 422 453 474
21 3 21 64 101 103 110 111 135 151 157 212 215 319 321 338 403 425 456 478 496 499
25 9 29 30 47 71 77 99 127 156 172 173 178 198 250 282 326 333 334 401 420 423 426 433 434 478
19 2 106 132 153 174 224 237 269 273 278 303 351 365 368 386 403 474 488 494
24 7 53 59 73 79 81 103 132 135 145 161 180 226 232 258 261 262 352 413 436 440 464 479 482
19 2 20 34 40 41 60 99 114 140 153 184 217 248 285 325 381 459 469 472
21 10 25 41 48 56 92 183 200 203 224 270 279 282 288 312 362 364 384 468 477 493
14 11 79 81 112 131 271 276 355 356 365 388 414 434 480
22 19 53 55 83 135 147 159 181 193 254 274 306 329 332 338 351 366 387 399 432 475 499
21 5 10 15 45 108 120 150 157 215 233 264 335 339 347 396 427 447 461 470 471 488
23 2 12 80 90 123 127 131 152 187 219 225 307 353 354 375 379 388 397 412 421 473 492 496
20 24 31 40 61 81 136 138 159 168 219 303 313 340 343 382 388 415 422 439 476
26 16 49 54 72 84 95 104 108 110 112 113 176 188 197 200 217 225 230 231 248 286 393 445 458 466 489
17 41 77 82 92 113 161 185 187 205 214 304 428 447 448 452 473 499
19 54 61 62 120 128 130 131 259 281 291 296 297 388 405 407 411 422 429 465
26 49 60 76 96 107 140 149 161 171 221 230 232 262 289 329 339 362 363 381 396 398 423 429 436 440 446
20 24 57 63 87 126 155 163 193 198 224 225 226 330 345 369 393 395 428 453 490
27 2 5 36 107 118 124 126 127 168 178 180 208 217 224 240 242 264 283 284 315 325 346 349 358 402 454 490
16 29 41 73 89 131 214 259 262 372 384 399 407 411 423 429 449
23 55 66 77 95 113 158 178 184 213 254 258 269 279 281 300 304 333 373 381 391 468 472 478
22 2 3 21 36 88 110 128 184 190 229 231 262 271 277 295 336 380 386 387 400 442 481
21 78 79 85 112 136 139 195 199 218 245 324 337 339 360 364 379 390 485 486 494 497
22 20 35 51 53 64 161 167 181 190 219 233 242 285 307 359 372 378 379 390 445 460 466
17 11 16 34 73 113 169 184 197 264 358 372 410 428 430 439 446 479
16 6 7 59 133 179 220 229 288 308 344 348 368 376 377 398 475
16 15 48 87 156 286 297 311 336 357 365 381 399 406 435 472 490
22 4 18 43 148 173 179 217 232 238 260 278 328 333 334 340 344 351 356 436 446 452 463
16 24 38 54 141 206 211 212 271 282 293 327 388 442 470 479 497
13 87 109 177 238 243 257 306 333 347 373 374 490 496
17 13 23 70 76 119 126 167 228 245 267 271 288 316 317 330 409 463
15 85 115 179 185 229 281 292 371 381 405 411 441 470 477 482
