300
50
115 0 31 234 31 0 76 0 188 0 31 234 31 234 31 0 15 0 269 0 283 0 84 0 72 159 72 0 177 0 239 0 23 0 169 0 34 0 299 0 188 0 123 270 123 270 123 0 5 67
199 1 2 3 4 5 6 7 8 9 10 11 12 13 14 15 16 17 18 19 20 21 23 25 26 27 28 29 30 31 32 33 34 35 37 38 39 40 42 43 45 46 47 48 49 50 51 52 53 54 55 56 58 59 60 61 62 63 64 65 66 68 69 70 71 72 73 74 75 76 77 78 79 81 82 83 84 85 86 87 88 89 90 91 92 93 95 96 97 98 99 100 101 102 103 104 106 107 109 110 111 114 115 118 120 123 124 127 128 129 132 134 135 136 138 139 141 143 144 145 146 149 150 152 153 157 161 162 163 164 165 166 167 169 172 174 176 177 179 180 181 182 183 185 186 188 193 194 195 196 199 200 202 203 204 205 206 207 209 210 211 212 213 214 218 220 222 226 227 232 237 239 244 246 247 248 250 251 256 258 259 261 264 265 266 268 269 276 281 282 283 284 285 290 291 294 295 296 297 299
1 0
2 0 293
3 0 142 158
2 0 287
3 0 41 67
1 0
1 0
1 0
2 0 125
1 0
1 0
1 0
2 0 147
1 0
1 0
2 0 184
1 0
1 0
2 0 116
2 0 257
1 0
1 215
1 0
1 41
2 0 253
2 0 223
1 0
2 0 191
1 0
2 0 278
2 0 234
1 0
1 0
1 0
3 0 108 133
1 292
1 0
2 0 131
2 0 148
1 0
3 5 24 198
2 0 112
2 0 263
2 108 208
1 0
1 0
1 0
1 0
2 0 137
1 0
1 0
1 0
1 0
2 0 80
2 0 117
1 0
1 293
2 0 221
1 0
2 0 240
1 0
1 0
2 0 105
2 0 267
1 0
1 0
2 5 242
1 0
1 0
1 0
2 0 236
2 0 159
2 0 245
1 0
1 0
1 0
3 0 190 271
1 0
1 0
1 54
1 0
1 0
1 0
1 0
1 0
1 0
1 0
1 0
1 0
2 0 160
1 0
2 0 235
3 0 216 238
2 184 187
2 0 170
1 0
2 0 288
1 0
1 0
1 0
1 0
2 0 168
1 0
1 0
2 63 252
1 0
2 0 219
2 35 44
1 0
2 0 113
1 0
1 42
1 110
1 0
1 0
3 19 121 286
1 55
1 0
2 173 217
1 0
1 116
3 151 168 217
2 0 270
1 0
2 9 140
2 215 260
1 0
1 0
1 0
1 137
2 38 201
1 0
1 35
1 0
1 0
1 0
2 49 130
1 0
1 0
1 125
1 0
1 3
1 0
1 0
1 0
1 0
2 13 274
1 39
1 0
1 0
2 122 229
2 0 280
1 0
1 298
3 189 224 231
1 236
1 0
1 3
1 72
1 90
1 0
2 0 225
1 0
1 0
2 0 243
1 0
1 0
2 102 122
1 0
1 95
1 286
1 0
2 119 249
1 0
1 277
2 0 197
1 0
1 255
1 0
1 0
1 0
1 0
1 0
4 16 94 254 255
1 0
2 0 273
1 94
1 0
1 155
1 77
1 28
1 278
1 0
1 0
1 0
1 0
1 176
1 41
1 0
1 0
1 131
1 0
1 0
1 0
2 0 275
1 0
2 0 262
1 44
1 0
1 0
1 0
1 0
1 0
1 0
2 22 126
1 93
2 119 122
1 0
1 107
1 0
2 58 233
1 0
2 26 228
2 155 230
1 162
1 0
1 0
1 223
1 151
2 224 288
2 155 289
1 0
1 221
1 31
1 92
3 71 156 241
1 0
1 93
1 0
1 60
1 236
1 67
1 165
1 0
1 73
1 0
1 0
1 0
1 173
1 0
1 0
1 105
1 25
1 184
2 178 184
1 0
2 20 298
1 0
1 0
2 126 292
1 0
1 207
1 43
1 0
1 0
1 0
1 64
1 0
1 0
1 123
1 77
1 288
1 186
1 147
1 205
1 0
2 175 286
2 30 192
1 289
1 152
1 0
1 0
1 0
1 0
1 0
4 116 171 277 292
1 4
3 97 230 272
2 231 279
1 0
1 0
3 36 260 286
2 2 57
1 0
1 0
1 0
1 0
2 154 257
1 0
