500
500
248 188 195 46 137 46 137 200 453 200 137 46 49 51 106 51 49 115 195 17 195 299 195 405 285 105 74 105 74 188 248 90 479 131 98 84 98 84 210 358 486 264 486 283 486 283 486 490 136 103 140 484 232 338 232 484 423 192 45 162 155 101 305 177 101 155 158 464 329 464 158 323 36 62 36 253 446 109 142 290 142 290 103 350 55 350 55 118 335 149 335 149 335 149 21 193 198 193 477 254 25 458 78 108 347 94 347 227 266 26 121 315 77 18 396 239 39 433 4 495 278 238 278 495 4 433 41 433 316 436 316 85 193 198 408 62 440 5 478 471 9 2 472 494 472 403 147 477 181 308 181 209 186 359 186 185 438 298 244 150 244 298 89 358 486 490 324 490 390 380 60 114 391 457 224 183 142 183 224 457 305 422 48 174 231 489 231 174 231 241 231 174 231 174 279 434 279 445 188 248 90 15 478 471 478 447 111 447 478 471 9 349 178 218 385 357 385 372 75 372 34 6 294 6 34 6 307 479 307 225 47 33 73 207 235 314 235 207 235 207 363 154 42 154 363 171 57 364 220 364 220 104 401 104 215 234 123 151 351 162 45 117 45 162 45 117 53 403 100 363 325 43 325 363 171 363 171 412 345 228 50 120 50 228 50 323 71 323 158 488 254 25 475 92 101 155 158 323 36 292 61 292 61 334 308 375 240 375 317 375 317 304 299 304 299 179 299 195 46 195 17 195 188 74 389 397 389 74 289 74 188 445 152 445 296 445 188 445 188 314 102 314 102 223 102 275 392 339 392 402 156 402 392 353 178 353 392 275 102 314 396 314 59 24 105 24 59 24 406 362 120 50 294 460 491 460 491 307 110 230 172 471 9 93 9 349 178 218 178 297 145 473 161 473 145 297 159 304 398 70 329 70 398 70 329 192 79 39 433 237 433 316 436 473 352 358 85 316 433 4 392 4 433 39 239 302 141 415 333 98 63 190 63 251 86 412 479 375 308 13 456 13 456 319 470 499 405 285 32 308 32 308 181 477 254 128 66 259 75 310 233 310 75 372 34 372 75 259 400 80 400 80 189 80 189 176 153 176 153 176 84 309 398 70 31 451 242 357 242 3 418 5 478 157 50 157 374 157 374 157
17 27 54 55 58 139 144 246 257 263 309 337 356 366 439 455 462 466
3 182 331 411
3 9 110 472
3 242 350 418
3 392 433 495
6 152 381 418 440 466 478
4 34 294 307 344
4 30 127 313 473
6 95 130 316 361 403 456
7 2 93 193 269 349 383 471
5 127 196 300 358 412
5 13 62 67 476 492
6 22 92 260 299 333 338
4 11 308 420 456
4 86 360 378 400
6 76 83 90 427 478 494
2 359 416
4 157 195 218 423
3 77 317 396
2 224 453
5 69 252 259 293 474
4 74 96 149 193
6 12 39 148 296 344 362
4 169 340 375 498
5 59 105 132 321 406
8 97 218 254 258 359 414 458 475
4 121 122 130 266
1 0
2 226 303
2 399 487
2 7 153
5 70 168 267 320 451
4 152 172 285 308
4 47 73 160 163
4 6 74 363 372
3 94 389 461
11 62 65 131 247 253 270 292 323 351 381 394
7 64 108 124 189 286 380 451
4 157 446 469 496
6 22 52 79 199 239 433
3 204 302 480
4 214 433 474 482
4 43 154 187 456
5 42 113 130 325 395
2 261 303
5 117 162 192 206 325
4 49 137 195 236
4 33 133 153 225
2 174 422
4 46 51 115 328
5 120 157 228 294 323
2 49 106
4 39 143 185 430
5 117 127 403 411 426
4 0 199 452 483
4 0 118 272 350
3 262 295 314
3 171 303 364
1 0
3 24 253 314
5 67 114 203 380 443
5 112 126 292 332 334
7 11 36 384 392 408 432 440
3 98 190 251
5 37 97 321 414 437
6 36 95 119 304 320 467
8 128 159 168 204 259 321 361 488
5 11 60 81 89 234
1 376
6 20 143 205 258 355 409
3 31 329 398
3 202 323 369
3 88 363 416
6 33 207 286 302 405 438
7 21 34 105 188 224 289 389
3 259 310 372
6 15 127 212 300 453 484
3 18 259 315
5 105 108 194 270 458
5 39 111 192 282 443
8 189 210 221 322 330 364 400 405
2 67 388
1 103
1 15
7 89 98 176 210 309 396 481
3 193 316 358
4 14 221 251 412
2 89 344
3 72 209 215
9 67 84 87 298 358 367 409 417 450
7 15 179 197 248 382 443 479
4 272 331 386 469
3 12 101 475
3 9 135 450
5 35 170 347 377 425
5 8 65 211 481 488
2 21 287
3 25 64 195
6 63 84 131 207 249 333
3 189 297 471
3 229 363 403
4 92 155 177 305
3 223 275 314
6 82 136 140 278 290 350
4 215 220 401 452
4 24 74 78 285
3 51 332 435
3 117 396 428
7 37 78 206 267 300 347 400
3 142 307 446
5 2 121 184 230 307
5 79 128 175 436 447
6 61 113 177 245 429 481
5 43 112 306 343 481
6 60 116 234 239 294 391
4 49 195 231 340
3 114 196 360
5 45 53 107 241 280
2 55 335
4 65 137 293 463
4 50 362 393 478
5 26 110 272 315 461
4 26 347 378 460
4 151 213 234 408
1 37
3 194 393 428
7 61 137 335 351 368 486 498
6 7 10 53 76 196 331
6 66 111 233 245 254 483
4 170 238 361 389
5 8 26 43 267 350
6 36 98 143 260 383 479
5 24 173 348 351 472
2 47 309
1 400
4 93 222 236 477
2 103 490
4 46 119 126 200
1 358
1 0
5 103 212 391 436 484
3 225 302 415
4 109 183 290 300
9 52 69 131 168 182 217 275 338 437
1 0
5 172 297 346 352 473
1 169
3 329 403 477
3 22 291 449
4 21 241 309 335
3 244 354 369
5 123 351 407 411 421
7 5 32 339 409 412 425 445
3 30 47 176
5 42 321 343 363 364
4 101 158 162 228
3 233 394 402
8 17 38 50 223 327 374 382 478
5 155 323 452 464 488
3 66 297 304
5 33 168 201 255 321
4 250 265 382 473
4 45 155 260 351
5 33 258 388 441 447
1 387
4 225 261 264 349
1 469
2 304 491
5 31 66 143 160 357
2 23 146
6 94 129 208 225 312 386
8 57 256 282 363 391 412 416 443
4 32 145 230 471
4 132 217 339 407
3 48 231 279
2 111 221
4 84 153 189 444
5 101 112 196 305 497
6 187 218 258 297 349 353
2 90 299
3 189 334 486
4 209 308 477 491
4 1 143 201 322
2 142 224
4 110 217 364 474
5 52 186 270 420 438
4 185 209 359 398
3 42 178 456
5 74 195 248 314 445
9 37 80 99 176 180 259 268 294 344
2 63 203
1 211
6 45 79 222 239 329 423
6 9 21 85 198 406 477
2 78 125
7 17 46 97 115 188 299 405
5 10 116 127 177 211
1 90
5 193 211 262 333 408
3 39 54 262
2 137 453
3 160 182 399
3 71 322 362
5 60 190 321 365 441
7 40 66 226 245 273 400 414
1 69
4 45 108 242 388
4 73 98 235 363
1 170
5 88 181 186 253 310
4 80 84 358 390
7 95 191 196 198 264 301 302
6 76 140 251 325 355 496
1 123
2 41 424
5 88 104 234 308 379
2 249 406
4 143 173 184 378
6 17 25 178 319 385 413
3 247 253 417
2 104 364
5 80 86 175 276 311
3 135 192 247
5 102 157 294 342 383
5 19 74 183 385 457
8 47 141 165 170 259 307 451 479
5 28 204 271 305 485
6 256 266 302 313 347 376
5 50 155 298 345 468
5 100 403 404 489 499
4 110 172 245 453
4 115 174 241 489
2 338 484
4 128 156 310 406
6 67 114 123 215 319 334
2 207 314
3 46 135 467
1 433
3 129 278 408
6 39 114 192 302 325 396
1 375
3 117 149 231
7 3 206 341 357 380 451 491
2 286 460
2 150 298
6 112 128 204 230 297 441
1 0
4 36 219 222 303
2 90 188
5 98 216 270 286 423
1 161
3 63 86 212
2 20 293
7 36 59 209 219 341 354 446
5 25 128 318 477 488
2 160 410
5 171 227 290 344 378
1 0
6 25 69 163 178 436 473
7 20 66 75 77 189 225 400
4 12 131 162 336
3 44 165 278
5 56 198 199 270 432
1 0
5 165 211 330 340 486
1 161
4 26 227 321 362
5 31 108 130 275 367
2 189 290
6 9 277 415 417 452 472
6 36 78 185 249 262 310
5 226 295 368 383 417
4 55 91 121 360
2 204 389
4 297 317 408 477
4 102 143 267 392
3 221 371 393
5 269 329 372 377 489
4 103 238 261 495
3 174 434 445
1 117
3 339 468 499
5 79 171 301 355 420
2 289 486
3 324 382 419
4 32 105 405 410
6 37 73 243 249 334 481
1 96
2 305 348
3 74 283 332
4 103 142 256 268
2 148 483
2 36 61
4 20 119 252 345
6 6 50 114 189 223 460
5 56 271 352 400 449
4 22 301 444 445
6 99 145 159 178 245 274
7 89 228 244 389 402 438 469
5 12 179 195 304 336
6 10 76 108 142 402 488
4 211 282 296 467
6 40 73 141 211 227 239
4 28 44 57 247
7 65 159 167 299 317 398 432
6 101 177 226 288 422 457
4 113 405 477 497
7 6 109 110 225 421 479 491
6 13 32 181 215 334 375
6 0 84 133 149 395 398
5 75 209 233 270 456
1 221
1 170
3 7 227 342
6 56 59 102 188 235 396
3 77 121 429
4 8 85 433 436
4 18 274 304 375
2 254 322
5 218 234 387 456 470
2 31 65
7 24 64 66 154 160 203 266
5 80 182 202 318 353
6 36 50 71 158 412 425
2 284 490
5 43 45 212 239 363
1 443
2 157 464
2 49 333
7 70 147 192 277 416 419 464
4 80 264 408 485
4 1 91 127 379
3 61 106 289
5 12 98 198 328 415
6 61 180 234 286 308 395
3 118 126 149
2 260 299
1 0
5 12 143 232 379 470
5 152 173 281 392 490
3 23 115 264
3 242 253 373
2 223 313
4 113 154 407 427
7 6 22 87 189 256 419 447
4 228 293 412 465
2 145 398
5 94 108 122 227 497
2 132 288
4 9 165 178 486
5 3 55 103 130 369
6 36 126 132 151 162 375
5 145 295 358 402 473
4 178 322 370 392
2 150 253
3 69 212 282
1 0
4 168 242 385 494
10 10 85 89 138 210 352 361 454 486 492
4 16 25 186 442
6 14 116 272 405 409 456
6 8 66 129 358 429 436
5 22 120 202 266 406
8 34 72 100 154 171 207 325 383
6 57 80 154 184 220 475
2 203 476
1 0
2 89 267
3 126 271 472
4 71 150 350 403
1 353
3 276 459 499
5 34 75 277 385 405
3 341 384 488
2 157 400
6 23 240 308 317 351 479
3 68 227 493
3 94 277 380
4 14 122 217 256
5 215 331 338 425 491
6 37 60 242 377 390 489
2 5 36
5 90 157 161 284 457
5 9 131 223 271 363
3 62 373 487
4 218 224 357 372
4 91 170 463 489
5 164 319 399 431 477
5 81 163 206 398 483
6 35 74 129 273 298 397
3 210 380 490
4 114 140 171 457
7 4 62 275 339 353 402 451
4 120 125 276 438
3 36 156 421
3 43 309 334
5 18 84 107 239 314
2 389 456
6 70 186 304 309 346 388
4 29 201 387 426
10 14 80 108 134 204 259 295 374 443 452
1 104
5 156 298 300 352 392
8 8 53 100 147 229 369 405 472
1 229
11 73 80 195 285 306 360 372 403 411 423 499
6 24 193 216 233 362 494
4 151 173 343 483
6 62 123 198 238 274 330
4 69 89 152 360
3 255 285 492
5 1 53 151 405 499
8 10 86 152 171 323 345 451 479
2 218 435
3 25 64 204
4 141 269 333 480
4 16 72 171 329
6 89 219 269 271 427 458
3 3 5 424
3 284 329 344
3 13 185 282
3 151 307 394
2 48 305
5 17 192 249 405 484
2 214 418
5 94 152 323 379 470
3 53 399 438
4 15 343 417 435
3 107 125 482
5 112 315 361 484 487
1 52
1 387
3 62 262 304
5 4 39 41 237 316
2 279 471
4 106 413 427 465
6 111 140 258 316 361 473
2 64 143
5 73 185 298 393 426
1 0
2 5 62
3 163 203 245
1 359
6 60 79 90 171 326 400
2 176 296
5 152 188 279 296 491
3 38 109 253
5 111 163 344 478 482
1 482
3 148 295 487
2 89 93
6 31 37 225 242 392 412
6 54 104 158 269 400 482
4 19 76 200 230
1 358
1 0
9 8 13 42 187 310 319 360 397 470
4 224 305 382 391
3 25 78 417
1 371
4 122 243 294 491
2 35 121
1 0
2 119 386
3 158 327 329
2 345 435
3 0 5 491
3 65 236 301
2 228 281
5 38 91 166 298 474
5 319 338 425 456 499
5 9 99 172 434 478
6 2 132 269 368 403 494
6 7 145 161 258 352 436
4 20 41 184 469
3 25 92 364
2 11 365
8 135 147 181 193 254 274 306 387
6 5 15 120 157 447 471
7 90 131 225 307 375 412 496
2 40 415
5 84 95 112 113 286
5 41 428 447 448 452
5 54 128 291 388 407
5 76 140 232 423 429
2 226 330
7 126 180 264 283 349 358 490
4 29 384 429 449
6 66 95 158 254 300 373
5 229 231 277 380 386
5 136 324 339 390 486
8 167 181 242 307 379 445 460 466
3 11 358 410
1 376
4 15 357 406 472
2 4 278
3 38 212 479
3 177 306 347
2 23 126
6 229 281 371 405 411 470
