300
50
48 247 48 247 159 49 13 60 180 198 41 24 140 125 242 67 106 27 88 131 72 131 72 251 282 190 262 190 166 106 194 132 31 132 185 266 94 135 265 210 143 158 122 151 173 105 230 97 35 108
10 42 96 122 126 146 158 167 207 216 295
8 12 36 154 157 169 236 250 272
10 72 88 118 212 217 252 270 277 279 293
8 82 129 134 142 158 214 232 267
5 69 193 219 272 287
7 41 67 107 143 145 153 157
6 100 172 235 239 258 286
6 9 81 99 118 121 279
3 13 143 227
10 7 13 54 71 125 152 171 228 252 297
6 121 145 163 168 195 276
8 59 81 120 135 153 154 214 291
5 1 14 22 47 290
12 8 9 49 60 75 106 120 147 153 193 250 280
6 12 37 104 139 196 237
11 44 65 81 104 175 184 205 237 251 281 290
7 31 101 184 197 233 251 298
7 19 56 82 86 96 229 278
1 27
8 17 62 82 92 116 173 186 278
5 43 62 207 219 257
3 54 115 233
7 12 26 40 137 206 215 232
7 93 112 169 177 200 203 258
6 41 55 57 125 140 185
2 124 253
3 22 223 239
8 18 58 62 88 106 125 161 175
6 60 81 131 155 191 283
10 37 63 69 100 102 185 193 195 273 291
8 59 70 125 136 160 225 278 279
6 16 98 132 195 234 262
2 141 258
7 36 47 54 85 110 164 206
5 40 164 257 262 275
7 56 93 97 108 133 148 207
10 1 33 41 64 71 105 158 192 267 292
5 14 29 106 147 270
3 131 220 288
5 40 56 148 207 228
10 22 34 39 48 54 69 105 113 181 221
8 5 24 36 147 161 198 221 281
9 0 50 70 110 112 117 156 161 188
8 20 62 78 125 166 243 251 263
11 15 69 108 115 122 130 144 162 204 208 240
7 47 127 166 188 234 241 264
4 81 88 91 109
5 12 33 45 53 81
3 40 70 247
9 13 107 136 137 159 230 265 286 288
3 42 57 239
4 54 66 154 184
7 93 122 134 170 177 199 276
2 47 278
11 9 21 33 40 51 80 98 99 101 168 172
3 24 117 227
9 17 35 39 150 177 196 201 215 245
6 24 50 81 176 224 293
6 27 99 221 240 243 285
9 11 30 170 177 189 217 238 245 289
8 13 28 71 90 134 178 180 240
4 71 152 200 240
6 19 20 27 43 77 201
8 29 105 202 216 233 277 278 289
6 36 102 126 131 267 271
3 15 102 294
3 51 86 271
7 5 106 189 222 242 290 299
3 168 243 277
9 4 29 40 44 106 118 147 256 278
9 30 42 48 111 147 160 163 247 257
7 9 36 60 61 72 236 243
8 2 71 97 131 159 194 226 251
1 245
4 164 187 261 280
2 13 264
8 82 147 173 194 209 234 253 266
5 62 112 190 229 271
8 43 128 137 157 165 173 220 260
6 125 158 186 200 270 274
10 54 106 114 186 203 211 212 214 261 297
9 7 11 15 28 46 47 57 152 156
5 3 17 19 76 115
3 132 160 259
4 111 274 286 289
6 33 112 131 258 281 289
7 17 66 109 189 207 254 282
7 94 130 133 156 159 191 250
6 2 27 46 91 131 239
1 118
6 60 160 180 194 227 246
5 46 88 97 107 181
7 19 146 147 158 198 204 235
11 23 35 52 162 179 215 216 228 238 262 295
6 87 135 149 184 187 266
3 170 215 265
11 0 17 135 169 199 218 227 235 242 257 266
10 35 72 91 131 151 179 224 230 285 288
9 31 54 115 141 162 185 205 215 234
6 7 54 58 186 215 241
5 6 29 167 237 292
12 16 54 116 130 138 151 172 173 177 227 244 289
5 29 64 65 168 240
2 184 243
5 14 15 137 165 199
15 36 40 63 122 132 138 145 158 173 179 218 230 244 252 294
11 13 27 37 67 69 80 162 166 186 194 247
5 5 49 91 219 223
5 35 44 159 184 205
6 46 86 111 152 158 208
9 33 42 113 130 193 199 227 246 286
9 70 84 109 118 171 204 223 254 277
8 23 42 77 85 183 256 270 286
4 40 110 132 178
7 80 124 148 206 255 290 297
8 21 44 82 98 163 233 257 288
6 19 101 121 221 239 286
7 42 55 144 145 154 173 180
7 2 7 69 89 111 220 222
5 139 173 202 217 291
7 11 13 139 222 233 251 291
7 7 10 116 157 172 200 217
12 0 44 52 105 151 158 167 168 199 217 254 288
4 142 158 220 270
2 25 114
15 9 24 27 30 43 79 140 175 206 217 224 242 243 268 272
5 0 64 171 215 260
5 45 246 247 269 277
2 78 214
3 3 139 274
8 44 87 101 110 137 152 172 174
12 28 38 64 72 85 88 97 201 215 225 226 291
13 31 83 105 113 151 185 194 204 221 236 243 244 253
8 35 87 189 204 228 232 244 250
6 3 52 60 157 186 263
5 11 94 96 223 265
7 30 49 144 181 225 238 277
7 22 49 78 104 130 199 294
7 101 105 150 155 179 238 276
5 14 119 120 129 205
4 24 125 208 299
4 32 98 222 229
4 3 123 152 193
7 5 8 158 176 184 210 278
6 44 117 136 176 246 275
8 5 10 105 117 243 255 265 298
5 0 92 178 195 299
14 13 37 41 69 70 76 92 157 187 190 260 274 280 290
4 35 39 114 243
5 94 178 256 292 295
7 56 138 152 193 235 247 284
8 97 101 122 132 173 229 242 271
12 9 61 81 109 130 142 150 188 226 267 280 282
7 5 11 13 181 189 230 233
10 1 11 51 117 170 172 202 275 280 298
7 28 138 163 189 222 224 231
4 42 81 87 236
11 1 5 78 121 134 147 207 214 231 244 254
13 0 3 36 79 92 105 109 122 123 143 245 261 288
8 49 72 87 108 227 247 259 283
5 30 70 83 90 169
6 27 41 42 212 219 244
7 44 93 98 106 164 169 225
6 10 70 115 155 178 256
4 33 34 74 162
5 78 104 179 206 243
8 43 45 106 169 184 190 208 279
3 0 100 122
8 10 54 68 102 122 189 190 203
7 1 23 96 160 162 166 174
10 52 59 95 154 209 225 235 238 244 254
9 9 111 126 193 222 264 284 286 290
9 6 54 101 121 130 154 208 251 252
12 19 76 78 101 105 117 119 151 230 238 249 288
2 130 169
6 15 27 125 196 235 277
4 57 143 144 197
6 23 52 56 59 101 264
10 60 113 146 149 163 196 255 257 268 284
6 93 97 105 138 165 186
8 60 90 117 189 198 209 280 296
6 40 91 136 153 269 294
1 291
1 112
16 15 16 51 94 103 108 143 166 222 238 250 254 255 258 289 293
8 24 29 98 132 189 222 266 278
13 19 79 80 99 106 134 179 187 195 205 239 273 296
5 74 94 147 186 208
7 42 45 152 195 214 254 264
12 59 67 86 133 153 155 168 180 185 204 213 285
10 77 147 166 168 196 262 267 271 273 282
5 28 87 275 282 286
4 36 214 242 278
7 4 13 29 110 142 150 171
6 72 76 90 106 132 197
6 10 29 31 146 186 188
9 14 56 175 178 190 283 286 289 290
5 16 176 194 206 272
4 41 92 180 264
8 52 96 104 110 122 137 200 220
5 23 61 79 121 199
6 56 62 131 219 233 256
4 63 119 154 248
4 23 80 168 243
8 44 92 111 132 133 189 206 253
7 15 98 108 139 186 273 275
7 22 33 114 125 165 197 204
8 0 20 35 39 86 157 235 262
7 44 109 140 166 172 187 253
4 76 170 180 256
3 143 257 265
3 80 248 298
4 2 80 161 224
4 189 254 273 298
9 3 11 80 128 157 188 192 221 239
10 22 56 93 95 98 99 126 131 241 267
3 0 63 93
10 2 59 119 121 122 125 253 265 285 290
3 96 105 221
6 4 20 107 161 201 249
6 38 78 118 123 199 278
9 40 41 58 116 132 214 218 233 290
9 67 118 120 141 155 171 184 185 269
8 26 107 111 135 228 230 244 261
9 57 97 125 155 212 230 238 289 296
6 30 131 136 162 170 261
5 72 131 152 278 290
7 8 55 90 96 101 110 159
6 9 39 93 133 223 263
4 17 77 141 151
8 49 97 105 153 173 223 224 288
7 155 157 237 261 289 296 298
4 3 22 133 280
9 16 21 63 115 120 153 201 221 259
5 31 45 76 98 295
7 6 92 96 150 170 175 207
7 1 71 132 156 241 268 285
4 14 15 100 231
9 59 93 136 138 170 173 184 224 285
7 6 26 50 88 116 186 214
5 44 58 60 61 102
4 45 99 215 236
6 67 96 125 151 192 293
12 43 58 68 71 103 125 132 145 148 165 203 282
9 101 105 132 133 157 161 170 223 291
4 56 59 73 158
4 90 110 127 144
7 48 70 106 127 150 159 261
4 202 211 252 275
3 173 219 274
6 1 13 87 133 184 265
9 15 16 43 72 120 172 263 282 289
6 2 9 105 172 248 293
9 25 76 132 204 208 217 262 287 290
8 86 111 122 157 170 184 188 213
4 114 145 178 184
6 69 112 149 163 201 209
8 20 34 70 96 115 178 210 298
6 6 23 32 85 184 265
4 83 159 233 292
6 78 126 147 269 274 292
9 74 80 158 223 225 231 247 269 296
6 31 34 93 190 207 253
4 43 134 228 251
7 45 75 171 177 188 198 289
8 49 95 135 145 210 217 250 258
5 76 94 96 185 279
9 3 36 64 152 190 215 280 290 297
3 125 178 236
7 127 181 222 260 261 274 292
7 2 37 79 112 123 277 288
6 64 66 77 151 190 294
6 1 4 125 197 285 288
5 29 186 190 205 213
7 79 84 129 147 249 260 269
7 34 144 154 191 205 248 299
3 10 52 138
10 2 63 68 111 127 136 175 270 279 286
11 17 19 30 53 63 69 143 185 192 220 226
7 2 7 30 166 266 277 289
8 13 74 147 152 154 180 232 267
3 15 41 85
6 86 152 190 191 243 251
3 28 159 196
3 150 171 178
7 58 97 189 217 236 238 272
11 6 49 84 110 112 116 171 191 196 277 292
2 4 253
10 38 49 97 115 122 158 173 230 270 272
12 59 63 84 85 101 184 196 224 231 251 264 279
12 12 15 67 114 147 171 196 217 221 226 253 267
7 11 29 119 120 131 182 244
7 36 100 149 259 260 269 286
6 2 57 184 242 252 294
6 65 105 137 181 271 293
4 0 93 149 234
5 180 186 224 231 261
5 9 80 114 267 298
8 16 145 154 211 213 231 257 297
4 67 140 146 275
