500
200
160 201 367 355 282 32 282 432 38 432 122 386 75 372 405 285 405 403 292 499 477 181 111 304 209 186 436 111 144 179 254 318 254 415 143 338 451 272 2 472 368 126 335 410 59 395 324 284 67 410 59 395 334 180 44 5 466 17 245 297 245 128 393 276 252 293 378 266 421 266 362 94 296 444 296 483 131 135 93 450 451 338 451 338 12 338 379 215 108 197 314 436 316 26 427 93 135 473 258 313 342 313 426 69 205 295 352 263 404 97 25 206 108 37 451 31 480 382 90 260 162 60 203 441 163 33 63 243 457 438 457 54 0 442 0 46 195 46 144 180 44 291 483 128 483 54 452 311 452 495 179 90 213 167 491 445 152 339 173 471 250 61 250 237 259 77 18 461 121 110 249 423 249 98 336 260 334 174 472 273 389 74 389 298 402 391 457 6 294 391 318 397 245 17 195 188 248 188 413 218
8 46 54 55 208 309 324 442 466
7 47 105 182 331 387 411 452
9 9 110 258 260 272 328 332 472 486
6 149 242 350 418 423 443
8 20 212 213 214 390 392 433 495
13 44 56 64 152 205 275 347 364 381 418 440 466 478
10 34 107 268 291 294 307 344 447 457 493
9 30 57 80 86 127 313 370 377 473
10 63 95 96 130 316 361 403 443 447 456
9 2 28 93 193 203 269 349 383 471
11 13 127 177 196 267 300 358 412 443 446 478
8 13 62 67 222 334 376 476 492
10 22 89 92 136 160 260 299 333 338 395
11 10 11 73 129 197 308 336 386 420 430 456
7 86 278 360 369 378 400 461
9 76 83 90 244 368 427 447 478 494
4 80 338 359 416
8 101 157 195 216 218 245 423 466
8 37 77 213 309 317 396 461 495
4 111 224 254 453
8 4 69 252 259 293 354 407 474
7 40 74 96 149 193 376 455
10 12 39 148 236 296 334 342 344 362 403
4 169 340 375 498
10 59 105 107 132 205 244 321 324 339 406
10 97 176 206 218 254 258 359 414 458 475
7 121 122 130 266 316 354 427
11 44 86 91 134 200 218 242 258 338 409 451
7 9 86 183 226 299 303 375
7 77 178 197 241 354 399 487
4 7 130 153 246
9 70 119 168 193 238 267 320 451 480
7 133 152 172 282 285 293 308
8 43 47 63 73 160 163 413 425
7 6 74 321 327 363 372 474
9 90 94 151 229 241 389 425 461 491
17 62 65 131 157 160 211 247 253 270 292 323 351 368 380 381 386 394
9 18 64 108 124 183 189 286 380 451
7 157 167 229 432 446 469 496
8 22 52 79 176 199 239 286 433
6 21 57 204 302 307 480
7 61 179 214 433 474 475 482
8 43 154 178 187 243 245 410 456
8 33 42 113 130 297 325 395 495
7 5 27 180 261 291 303 468
8 117 162 192 206 228 291 311 325
14 0 49 66 134 137 144 195 209 223 236 238 262 293 316
8 1 33 87 121 133 153 225 346
5 108 174 188 422 465
6 46 51 115 320 328 447
6 120 130 157 228 294 323
7 49 106 138 174 177 320 390
5 39 108 143 185 430
7 117 127 368 403 411 426 454
7 0 60 199 452 457 481 483
9 0 118 171 236 272 295 350 431 477
11 5 127 149 251 262 295 314 331 350 432 456
9 7 40 73 171 287 303 323 364 485
1 361
6 24 253 314 395 404 410
10 54 67 114 162 203 281 380 398 419 443
10 41 112 126 161 237 250 292 332 334 483
9 11 36 137 335 384 392 408 432 440
7 8 33 98 133 190 243 251
12 5 37 97 185 212 237 307 321 414 437 469 491
9 36 85 95 109 119 136 304 320 467
14 46 79 89 128 159 167 168 204 259 321 353 361 386 488
12 11 60 81 89 213 234 284 348 371 405 410 446
4 128 355 376 401
8 20 143 205 258 355 403 409 426
9 31 246 329 358 361 398 425 429 454
7 197 202 207 221 323 369 466
9 88 102 184 218 286 311 323 363 416
14 13 33 57 161 171 207 242 286 302 397 405 438 487 492
7 21 34 105 188 224 289 389
7 231 259 310 372 386 387 430
8 15 127 212 255 300 453 455 484
10 18 29 103 180 255 259 315 329 337 488
6 105 108 194 270 458 490
10 39 66 111 192 282 329 346 443 459 490
15 7 16 149 189 193 210 221 322 330 364 390 400 405 447 479
3 67 370 388
2 103 482
4 15 112 340 461
10 89 98 176 189 210 214 309 396 401 481
8 65 105 159 193 316 329 350 358
10 7 14 27 28 200 221 251 353 412 429
9 47 89 196 199 275 312 344 404 494
5 72 184 209 215 262
14 12 66 67 84 87 241 298 305 319 358 367 409 417 450
12 15 35 179 197 213 248 260 329 382 443 445 479
6 27 124 272 331 386 469
6 12 98 101 110 369 475
7 9 135 215 242 378 427 450
7 35 170 296 347 362 377 425
8 8 65 211 225 229 401 481 488
6 8 21 171 287 422 456
6 25 64 195 231 308 404
9 63 84 92 131 207 249 293 333 336
7 189 193 200 247 297 471 474
5 218 229 363 403 464
8 17 92 155 177 192 305 324 470
5 72 223 275 308 314
9 77 82 136 140 278 281 290 350 442
8 215 219 220 308 360 401 452 481
10 1 24 74 78 85 199 285 303 379 408
7 51 156 232 277 332 333 435
6 6 24 117 147 396 428
17 37 48 52 78 148 169 197 206 215 267 300 329 347 373 397 400 432
8 65 142 230 281 307 354 355 446
8 2 92 121 184 230 249 307 324
10 19 79 128 144 164 175 181 304 436 447
7 61 83 113 177 245 429 481
7 43 112 255 306 343 408 481
9 60 116 123 128 234 239 294 378 391
8 49 128 187 195 231 294 340 354
4 114 151 196 360
7 45 53 107 202 241 280 434
4 55 157 248 335
11 31 65 137 180 212 293 312 371 401 463 498
5 50 122 362 393 478
9 26 47 110 241 272 315 339 461 468
10 26 120 142 277 299 347 378 386 432 460
7 114 151 213 234 406 408 468
3 37 91 274
3 194 393 428
11 61 137 150 196 261 335 351 368 387 486 498
10 7 10 53 56 76 186 196 210 327 331
15 66 68 111 114 115 130 197 233 245 254 393 402 442 444 483
10 13 170 238 292 361 381 387 389 422 454
10 8 26 30 43 50 128 267 350 392 458
11 36 98 135 143 247 260 272 309 383 479 483
12 24 173 263 290 293 316 327 348 351 408 454 472
10 32 47 63 176 195 199 309 394 444 466
5 27 46 192 400 450
7 93 131 222 236 239 473 477
9 12 65 103 257 293 307 346 480 490
6 46 62 119 126 200 327
2 51 358
3 159 374 449
7 103 163 212 224 391 436 484
6 153 225 276 302 415 496
6 109 122 183 290 300 467
10 52 69 131 168 182 217 275 338 415 437
6 46 111 179 180 191 300
7 172 297 302 346 352 362 473
7 164 169 221 246 373 391 428
6 107 261 329 403 447 477
10 22 108 152 177 212 286 291 325 356 449
10 3 21 56 80 185 241 248 309 335 484
6 126 244 352 354 369 478
9 35 116 123 290 351 392 407 411 421
10 5 32 148 208 339 409 412 418 425 445
9 30 47 141 176 228 347 369 433 439
10 42 188 259 284 303 321 343 363 364 447
6 101 158 162 228 423 485
10 106 166 233 322 394 402 435 441 471 494
12 17 36 38 50 118 223 305 327 362 374 382 478
9 155 198 323 426 450 451 452 464 488
10 66 85 139 216 223 274 297 304 422 463
9 12 33 36 168 175 201 255 321 333
7 61 73 229 250 265 382 473
9 45 60 155 164 192 260 351 447 458
9 33 140 198 258 270 323 388 441 447
8 111 146 162 174 230 294 351 387
5 225 261 264 314 349
4 156 331 373 469
7 38 66 213 297 304 355 491
11 31 66 143 160 190 199 208 296 357 376 416
5 23 108 146 218 326
10 94 129 208 221 225 228 297 312 375 386
11 55 57 73 96 256 282 363 391 412 416 443
5 32 145 230 254 471
6 132 217 339 375 407 471
7 48 51 164 231 279 334 472
4 111 160 221 359
10 25 39 84 133 153 189 312 357 444 481
11 10 51 101 112 148 196 205 230 245 305 497
11 29 42 187 218 252 258 297 349 353 429 471
6 41 90 144 254 299 495
8 44 77 119 144 189 209 334 486
5 111 209 308 477 491
5 1 143 201 322 345
8 28 37 142 208 224 248 284 388
8 72 88 110 217 218 364 474 488
8 52 64 149 186 270 364 420 438
9 127 185 209 337 340 359 398 406 436
11 42 115 178 192 226 248 284 393 424 440 456
11 48 74 154 195 248 254 314 413 436 445 481
12 37 80 84 99 176 180 225 259 268 294 335 344
4 63 168 203 385
4 144 211 294 469
12 45 79 101 134 162 187 222 239 312 323 329 423
12 9 21 31 80 85 99 198 304 350 381 406 477
2 78 125
9 17 46 97 115 133 188 216 299 405
11 10 87 116 126 127 177 211 241 262 307 325
7 13 29 71 90 108 128 314
9 158 163 193 211 262 333 341 369 408
9 39 54 87 105 133 168 205 262 469
11 27 86 99 137 284 411 428 437 453 475 481
4 160 182 367 399
6 71 117 322 362 406 431
8 9 60 190 321 365 390 441 475
8 40 66 226 245 273 295 400 414
8 5 24 69 177 199 239 295 469
8 25 45 108 242 281 357 361 388
5 71 73 98 235 363
5 0 152 168 170 183
9 46 88 180 181 186 253 272 304 310
12 80 84 127 261 295 358 390 409 425 432 436 447
9 36 95 191 196 198 264 301 302 403
12 4 64 76 119 140 148 251 292 325 355 470 496
6 4 18 67 90 123 167
6 4 41 84 399 424 487
7 88 93 104 108 234 308 379
7 17 159 195 249 406 423 462
8 143 173 184 251 272 378 387 474
14 17 25 27 72 100 169 178 184 319 385 413 449 454 490
5 104 247 253 347 417
7 104 239 249 329 343 364 493
11 71 80 86 146 170 175 276 277 292 311 428
4 11 135 192 247
7 46 102 157 159 294 342 383
9 19 74 140 183 251 385 409 457 486
13 47 95 141 165 170 189 246 259 272 307 354 451 479
8 28 187 204 250 271 305 357 485
10 256 266 268 302 313 347 376 404 452 458
9 45 50 153 155 170 298 345 409 468
9 35 38 95 100 161 403 404 489 499
8 109 110 164 172 177 245 423 453
9 75 97 115 174 241 278 363 376 489
9 106 271 279 280 294 338 347 426 484
7 128 156 259 310 406 444 478
8 67 114 123 215 247 319 334 440
4 207 312 314 330
8 22 46 55 135 271 377 384 467
7 61 64 250 252 259 339 433
6 31 46 129 278 340 408
10 39 114 135 192 205 220 302 325 396 411
2 295 375
11 29 35 89 117 121 149 196 231 322 324 358
10 3 27 73 93 206 341 357 380 451 491
5 42 63 286 457 460
6 15 24 150 245 246 298
15 17 42 112 128 177 204 230 244 297 317 386 397 413 441 490
7 30 70 146 225 244 282 453
8 36 99 131 219 222 234 303 442
8 90 118 149 183 187 188 257 322
7 98 110 216 220 270 286 423
6 61 161 226 237 330 471
7 56 63 86 212 217 224 389
7 20 178 237 276 293 329 371
8 36 59 209 219 258 341 354 446
10 19 25 128 172 179 188 318 415 477 488
7 76 77 113 160 299 314 410
6 171 227 290 344 378 392
3 136 248 497
13 2 25 27 69 163 178 253 262 313 350 366 436 473
12 20 66 75 77 154 189 225 233 237 307 372 400
8 2 12 90 131 162 299 334 336
6 44 126 147 165 210 278
11 46 56 88 196 198 199 258 270 331 432 459
4 132 352 383 404
7 165 211 317 330 340 486 492
3 161 292 380
7 26 227 321 362 378 421 465
8 10 31 108 130 275 303 367 410
4 6 189 227 290
9 9 277 301 415 417 426 452 455 472
8 36 78 163 185 249 262 310 386
10 226 232 236 295 341 368 382 383 417 442
12 2 55 91 121 131 209 217 225 333 360 375 451
4 204 389 401 472
9 124 159 297 317 323 358 408 419 477
7 5 87 102 143 267 369 392
6 141 221 252 371 393 476
8 106 122 221 269 329 372 377 489
6 14 103 231 238 261 495
5 174 232 434 445 453
5 117 232 384 393 394
10 60 103 109 206 286 339 403 421 468 499
10 32 79 171 246 301 311 355 397 420 432
6 289 368 390 437 460 486
9 67 154 183 187 200 322 324 382 419
6 32 105 362 405 410 474
11 37 39 72 73 148 243 249 281 334 352 481
4 57 96 406 411
3 305 348 417
4 74 283 332 357
8 103 132 142 151 256 268 303 455
7 6 44 45 148 325 373 483
10 36 61 129 212 221 265 402 403 415 499
12 20 32 46 98 119 132 136 252 317 345 378 400
14 6 50 114 115 164 189 191 223 232 353 364 387 391 460
11 55 56 204 205 210 240 271 349 352 400 449
7 22 94 168 301 444 445 483
12 43 99 145 159 167 170 178 245 274 335 348 403
8 89 228 244 389 402 432 438 469
9 12 28 122 179 195 255 260 304 336
9 10 76 108 142 144 363 402 434 488
5 211 269 282 296 467
9 40 73 141 145 211 227 239 341 416
9 28 44 57 105 154 247 267 290 391
12 65 111 159 167 193 209 299 306 317 398 432 488
13 89 101 157 177 226 288 347 349 363 401 422 444 457
7 113 304 401 405 461 477 497
14 6 40 64 109 110 136 196 225 259 349 421 428 479 491
11 13 32 97 102 104 181 215 334 375 395 404
10 0 18 84 131 133 149 326 395 398 429
5 75 209 233 270 456
6 45 72 221 282 421 452
8 87 119 170 176 192 235 399 400
7 7 227 258 342 423 426 480
10 56 59 102 165 188 197 235 255 396 436
4 77 121 418 429
7 8 26 46 85 132 433 436
7 18 245 264 274 293 304 375
5 254 322 391 397 448
8 89 218 234 357 359 387 456 470
4 31 49 51 65
9 24 34 64 66 154 160 203 266 323
9 80 156 182 202 241 248 284 318 353
14 36 50 57 71 72 158 163 192 274 321 367 371 412 425
8 0 24 101 110 241 284 395 490
10 43 45 148 196 212 239 291 356 363 474
3 169 309 443
6 34 127 132 137 157 464
4 2 49 333 495
17 70 77 79 85 90 108 147 192 220 252 277 330 375 416 419 433 464
7 80 235 250 264 329 408 485
9 1 56 91 127 166 262 334 379 412
4 2 61 106 289
10 12 98 106 160 198 272 328 345 415 488
13 11 22 61 174 180 234 260 286 308 331 376 395 495
7 62 118 126 149 189 297 410
6 13 98 260 299 361 494
3 77 186 490
8 12 16 27 143 232 379 451 470
8 24 121 152 173 237 281 392 490
7 23 83 115 186 238 264 480
6 198 242 253 271 302 373
3 22 223 313
6 113 154 220 407 427 442
9 6 22 87 189 256 419 430 447 462
6 182 228 293 333 412 465
5 47 79 136 145 398
12 5 94 108 122 153 219 227 232 305 369 478 497
4 67 132 288 297
7 9 165 178 295 305 307 486
11 3 55 56 85 103 130 193 258 369 381 433
9 36 126 132 151 162 164 375 449 472
8 145 150 263 286 295 358 402 473
7 66 86 178 294 322 370 392
8 20 26 29 109 115 150 225 253
7 68 69 109 167 212 282 367
5 148 325 362 425 495
12 168 176 206 226 242 289 319 360 385 420 426 494
13 10 70 85 89 138 210 241 274 352 361 454 486 492
7 16 25 175 186 319 442 464
8 14 104 116 272 357 405 409 456
10 8 58 66 70 129 206 336 358 429 436
13 22 94 120 145 157 202 266 285 356 388 406 475 484
14 34 72 100 154 171 207 231 300 305 325 369 383 406 484
10 5 57 80 154 184 185 220 294 419 475
2 203 476
1 258
6 89 201 267 323 355 397
9 15 36 53 126 271 283 417 439 472
11 14 71 92 150 153 198 275 347 350 363 403
3 7 81 353
7 67 119 252 276 323 459 499
7 34 75 259 277 385 405 409
9 108 146 166 291 341 384 465 488 497
5 139 157 400 465 497
12 23 28 170 173 240 272 308 317 329 351 407 479
9 11 21 68 168 227 231 334 392 493
6 7 94 236 277 380 493
10 14 93 114 122 217 256 266 293 381 399
6 105 215 331 338 425 491
9 36 37 60 242 265 377 390 463 489
7 5 36 129 193 350 378 420
7 90 157 161 271 284 457 480
9 9 131 223 263 271 363 386 406 453
6 62 236 280 373 426 487
5 190 218 224 357 372
12 13 36 66 75 91 122 170 245 270 383 463 489
12 1 75 126 129 164 217 294 319 399 431 444 477
9 81 163 183 206 362 398 468 476 483
7 35 74 129 251 273 298 397
8 4 51 80 203 210 283 380 490
9 114 140 146 171 294 303 318 402 457
11 4 62 130 151 256 275 339 353 376 402 451
8 120 125 128 187 276 280 438 468
7 36 133 156 280 403 421 451
8 12 43 59 308 309 324 334 485
5 18 84 107 239 314
8 73 108 245 282 318 367 389 456
9 60 70 186 304 309 346 388 426 484
8 29 201 214 312 378 387 426 477
12 14 80 108 134 204 259 293 295 312 374 443 452
9 68 84 95 104 119 273 305 306 453
10 128 156 292 298 300 352 391 392 449 486
15 8 22 53 69 100 147 211 229 281 292 297 369 394 405 472
7 59 87 97 227 229 263 308
13 67 73 80 195 285 306 360 372 403 411 423 459 499
13 24 123 186 193 202 216 233 287 362 363 383 462 494
7 20 151 173 343 375 445 483
11 62 105 113 123 132 198 238 274 330 425 456
9 27 69 89 152 210 224 228 360 372
9 42 59 67 255 267 285 335 448 492
10 1 53 151 200 239 287 405 483 487 499
9 10 86 152 171 323 331 345 451 479
5 33 188 218 245 435
6 25 64 204 420 447 448
7 141 143 254 269 292 333 480
6 16 72 168 171 302 329
8 89 219 269 271 288 368 427 458
5 3 5 152 315 424
7 60 274 284 329 344 364 422
7 13 185 282 357 381 414 443
7 151 266 281 307 311 394 479
7 48 96 129 159 305 419 483
11 3 17 155 192 216 230 249 313 405 428 484
3 187 214 418
11 33 35 70 94 152 210 323 356 379 408 470
11 53 69 158 232 269 313 357 384 398 399 438
6 15 26 93 343 417 435
8 107 125 146 200 221 307 423 482
9 70 86 112 178 309 315 361 484 487
4 13 52 75 344
3 55 202 387
10 38 56 62 108 122 210 262 282 298 304
8 4 39 41 153 237 316 329 350
4 117 279 300 471
5 106 156 413 427 465
10 111 140 186 188 210 258 314 316 361 473
4 64 143 200 283
6 73 185 298 393 426 457
4 153 368 463 480
6 5 62 187 234 457 473
5 156 163 203 245 499
9 0 103 128 247 271 343 359 444 496
10 3 8 10 60 79 90 171 326 400 420
8 128 133 176 233 296 305 387 442
8 90 152 188 279 296 407 481 491
6 10 38 67 109 253 495
15 6 8 15 49 80 111 147 154 162 163 210 344 414 478 482
4 318 410 414 482
7 139 148 218 295 351 402 487
5 89 93 134 158 451
12 27 31 37 158 225 242 272 338 392 394 412 450
10 1 54 104 158 227 269 311 400 482 495
8 19 76 200 230 246 279 383 401
6 53 70 129 132 218 358
4 21 76 269 290
12 8 13 42 56 96 187 310 319 360 397 408 470
9 6 54 224 243 305 382 391 438 440
7 25 78 130 162 227 417 481
5 79 262 371 405 474
5 122 243 283 294 491
6 14 18 35 83 121 306
3 216 344 406
5 119 159 380 386 439
5 100 158 327 329 359
6 48 266 345 373 374 435
6 0 5 17 71 133 491
4 65 142 236 301
7 44 121 123 228 281 388 393
9 38 64 91 166 191 199 205 298 474
8 101 212 319 338 425 456 496 499
9 9 99 156 172 173 178 250 434 478
10 2 132 174 269 273 351 368 403 488 494
8 7 135 145 161 258 352 436 440
10 20 34 41 99 184 217 285 325 459 469
7 25 41 92 200 203 362 364
5 11 276 365 388 480
11 55 135 147 181 193 254 274 306 387 399 499
11 5 10 15 120 150 157 233 347 447 471 488
9 80 90 131 225 307 375 412 421 496
9 31 40 136 313 340 382 415 439 476
13 54 84 95 104 112 113 176 188 200 286 445 458 489
7 41 82 428 447 448 452 499
10 54 61 128 131 291 296 388 407 411 422
9 76 140 149 232 362 363 398 423 429
5 57 155 226 330 395
10 2 126 180 224 264 283 349 358 402 490
7 29 73 214 384 411 429 449
12 66 77 95 158 184 254 300 304 333 373 472 478
6 229 231 277 380 386 481
11 78 79 136 218 245 324 337 339 390 486 494
10 35 64 167 181 242 307 379 445 460 466
5 11 73 264 358 410
4 6 220 376 377
8 15 87 156 336 357 406 472 490
10 4 18 43 179 278 328 334 356 446 452
6 38 141 212 442 470 479
6 177 257 306 347 373 374
3 23 119 126
10 229 281 292 371 405 411 441 470 477 482
