150
30
67 0 145 0 114 0 21 0 64 0 140 0 73 0 100 0 117 0 53 0 54 0 103 0 59 60 59 60 59 60
110 1 2 3 4 5 6 7 8 9 10 11 13 14 15 16 17 18 19 20 21 22 23 24 25 26 27 28 29 30 31 32 33 34 35 37 38 39 40 44 45 48 49 50 51 52 53 54 59 61 62 63 64 66 67 68 70 71 72 73 74 75 76 79 80 81 82 83 86 87 89 91 94 96 97 98 99 100 101 102 103 104 105 106 109 113 114 115 117 119 121 123 125 126 128 129 130 131 132 134 135 136 138 139 140 141 142 144 145 147 149
3 0 90 137
3 0 42 56
2 0 118
1 0
2 0 122
1 0
1 0
1 0
1 0
1 0
1 0
1 137
1 0
1 0
1 0
1 0
1 0
1 0
2 0 124
1 0
1 0
2 0 43
2 0 127
2 0 47
2 0 107
3 0 58 146
1 0
1 0
2 0 116
1 0
2 0 88
1 0
1 0
2 0 46
2 0 41
1 124
2 0 95
3 0 65 133
1 0
1 0
2 35 111
2 2 78
1 22
1 0
1 0
1 34
1 24
1 0
3 0 77 93
1 0
1 0
2 0 148
1 0
1 0
1 90
1 2
2 85 122
2 26 143
2 0 60
1 59
1 0
1 0
1 0
1 0
1 38
1 0
1 0
1 0
2 108 133
1 0
1 0
1 0
1 0
1 0
2 0 92
1 0
1 49
1 42
2 0 84
1 0
1 0
1 0
1 0
1 79
1 57
1 0
1 0
1 31
2 0 112
2 1 55
1 0
1 75
1 49
1 0
2 37 120
1 0
1 0
1 0
1 0
1 0
1 0
2 0 110
1 0
1 0
1 0
1 0
1 25
1 69
1 0
1 102
1 41
1 89
1 0
1 0
1 0
1 29
1 0
1 3
1 0
1 95
1 0
2 5 57
1 0
2 19 36
1 0
1 0
1 23
1 0
1 0
1 0
1 0
1 0
2 38 69
1 0
1 0
1 0
2 1 12
1 0
1 0
1 0
1 0
1 0
1 58
1 0
1 0
1 26
1 0
1 52
1 0
