50
4
15 41 14 41
2 25 40
6 5 16 20 28 34 39
5 24 29 32 38 47
5 6 7 17 34 41
2 36 42
7 1 17 28 35 36 40 49
3 3 33 44
4 3 16 21 39
5 22 25 26 35 47
2 27 36
6 27 30 45 47 48 49
2 17 28
1 29
4 16 19 21 42
3 15 34 41
3 14 17 41
6 1 7 13 38 43 48
8 3 5 11 15 18 30 34 35
2 17 45
3 13 25 45
2 1 26
4 7 13 24 45
2 8 27
3 27 38 42
3 2 21 26
6 0 8 19 30 34 46
4 8 20 24 48
5 9 10 22 23 45
5 1 5 11 34 39
5 2 12 30 36 40
4 10 17 25 29
2 40 43
1 2
2 6 37
6 1 3 14 17 25 28
4 5 8 17 45
7 4 5 9 29 38 44 48
2 33 43
7 2 16 23 36 39 43 45
5 1 7 28 38 46
4 0 5 29 31
4 3 14 15 42
4 4 13 23 41
4 16 31 37 38
2 6 36
7 10 18 19 21 27 35 38
2 25 39
3 2 8 10
4 10 16 26 36
2 5 10
