100
500
48 90 56 71 33 45 18 44 82 33 97 33 53 4 77 67 27 52 88 75 57 42 34 15 70 49 33 91 77 66 37 52 99 31 41 66 49 70 89 86 0 46 56 73 86 82 2 55 59 55 19 31 94 93 45 63 33 53 62 23 44 15 31 86 13 42 99 8 45 93 21 36 78 84 82 9 28 74 23 58 34 51 75 7 0 23 82 7 13 98 67 52 33 49 12 53 30 12 86 73 9 29 76 16 11 16 9 29 76 69 63 69 80 60 5 95 23 77 67 60 80 72 58 69 13 95 61 58 45 70 15 34 31 94 25 33 52 75 93 45 30 22 46 13 95 45 33 6 49 30 47 60 77 4 77 91 39 65 22 40 33 71 88 71 17 0 19 3 50 11 10 35 58 18 6 43 5 80 85 52 31 77 65 25 77 42 43 5 66 41 15 73 66 8 36 48 90 94 19 54 71 95 68 49 41 93 41 66 41 95 25 33 40 6 79 71 64 16 44 22 35 37 1 96 88 15 31 57 44 18 25 26 68 57 2 15 2 90 25 77 71 64 94 67 34 88 96 59 47 4 86 12 13 78 4 12 73 56 4 56 4 86 4 65 48 25 38 25 90 33 45 8 45 18 65 72 80 85 52 60 47 49 9 59 24 90 37 52 15 61 86 41 31 77 67 43 56 4 78 95 41 15 27 43 6 95 71 56 83 50 29 11 29 30 45 70 89 75 39 99 61 15 71 26 64 94 17 4 53 30 47 53 54 24 91 14 51 54 20 90 78 16 76 8 3 5 2 16 57 16 9 21 47 86 73 56 24 87 1 37 61 9 32 97 43 24 59 85 49 18 38 60 52 77 38 46 0 38 4 33 92 26 38 25 90 25 38 11 16 78 27 43 59 47 89 25 11 16 44 23 4 65 18 86 91 53 96 84 71 62 56 46 51 99 8 36 55 18 96 46 19 0 50 0 79 78 27 52 60 10 35 33 35 37 70 73 9 21 66 4 77 5 47 21 11 90 20 57 2 6 36 27 82 21 93 21 86 78 46 20 50 29 50 14 96 74 24 52 99 8 66 62 44 91 24 77 5 10 60 40 15 31 76 32 97 0 24 36 27 89 98 67 82 21 61 62 24 87 16 68
17 7 12 16 17 18 19 23 24 25 38 46 50 59 79 86 93 97
14 9 20 22 26 37 47 57 81 82 87 92 95 96 98
20 3 5 6 15 16 21 30 33 37 38 39 42 55 57 64 72 79 82 89 90
17 2 5 8 18 19 23 24 32 49 50 51 58 62 70 71 78 96
21 12 14 17 23 31 33 36 38 40 41 45 47 53 56 65 66 73 77 78 86 94
24 2 3 10 12 17 18 19 30 32 37 42 43 47 55 58 60 66 69 73 75 77 79 80 95
23 2 7 8 14 16 18 20 23 28 32 33 36 40 43 49 53 63 65 67 69 79 93 95
22 0 6 10 13 26 28 41 43 45 55 59 61 63 64 71 75 79 81 82 86 97 99
17 3 6 9 13 25 36 43 45 51 56 66 68 76 78 85 96 99
23 1 8 11 12 16 21 22 26 28 29 30 32 47 49 50 59 61 65 72 73 78 82 87
13 5 7 11 22 24 28 35 38 54 60 69 86 87
24 9 10 16 19 21 23 25 28 29 33 34 35 38 43 45 46 50 51 65 69 72 77 90 92
21 0 4 5 9 13 20 30 38 39 49 53 57 58 61 73 77 78 86 88 92 98
16 7 8 12 28 39 42 46 55 58 69 78 86 95 97 98 99
16 4 6 15 19 23 25 28 36 42 50 51 56 91 92 96 99
22 2 14 27 28 30 31 34 40 41 44 48 52 61 66 70 71 73 75 80 84 88 92
18 0 2 6 9 11 21 31 41 44 48 57 64 68 69 76 78 80 87
22 0 4 5 21 26 35 40 42 57 63 65 68 71 76 80 81 84 86 88 89 94 99
21 0 3 5 6 25 33 35 38 43 44 45 49 55 56 58 65 72 81 86 90 96
19 0 3 5 11 14 31 33 35 42 46 54 55 60 66 82 87 88 89 94
20 1 6 12 30 45 46 47 50 51 53 54 57 68 69 79 80 87 88 90 97
19 2 9 11 16 17 25 36 39 47 61 66 68 79 82 84 86 92 93 97
15 1 9 10 30 33 35 40 44 46 52 54 65 75 81 88
19 0 3 4 6 11 14 39 44 55 58 62 66 69 71 74 75 77 82 95
21 0 3 10 36 38 43 52 54 56 59 62 74 77 79 80 86 87 88 90 91 98
19 0 8 11 14 18 21 26 33 38 48 54 65 72 77 81 89 90 94 95
17 1 7 9 17 25 36 38 42 57 60 64 68 71 82 92 94 97
15 15 30 36 38 43 52 54 67 78 79 80 82 84 89 92
16 6 7 9 10 11 13 14 15 43 53 63 66 70 74 89 97
13 9 11 30 32 39 40 50 51 53 76 79 93 94
19 2 5 9 12 15 20 22 27 29 39 45 47 49 53 60 61 75 77 93
20 4 15 16 19 34 35 37 41 52 57 63 69 71 76 77 86 88 94 97 99
13 3 5 6 9 29 33 36 76 80 86 90 91 97
30 2 4 6 11 18 19 22 25 32 35 36 39 40 45 49 52 53 60 63 71 73 79 81 82 86 89 90 91 92 97
11 11 15 31 37 42 51 58 67 74 87 88
18 10 11 17 18 19 22 31 33 37 42 45 58 61 62 66 68 77 81
24 4 6 8 14 21 24 26 27 32 33 48 53 54 55 58 63 64 68 78 88 89 96 97 98
15 1 2 5 31 34 35 46 52 61 66 70 72 78 80 90
21 0 2 4 10 11 12 18 24 25 26 27 43 46 58 60 77 83 86 93 95 97
20 2 12 13 21 23 29 30 33 44 52 55 59 65 71 75 80 82 91 98 99
18 4 6 15 17 22 29 33 50 51 56 60 72 87 88 90 91 92 97
12 4 7 15 16 31 49 59 66 75 86 93 95
22 2 5 13 14 17 19 26 34 35 43 52 54 56 57 61 66 69 77 81 84 92 99
21 5 6 7 8 11 18 24 27 28 38 42 47 56 58 59 64 67 76 81 89 97
16 15 16 18 22 23 39 51 54 57 58 62 74 82 84 88 91
16 4 7 8 11 18 20 30 33 35 58 63 67 70 86 93 95
15 0 11 13 19 20 22 37 38 51 56 62 67 69 78 96
21 1 4 5 9 20 21 30 43 49 50 53 55 59 60 63 71 72 78 86 89 95
7 15 16 25 36 65 77 90
16 3 6 9 12 18 30 33 41 47 59 62 66 68 70 85 89
17 0 3 9 11 14 20 29 40 47 51 52 58 63 83 84 89 93
19 3 8 11 14 20 29 34 40 44 46 50 53 54 59 75 79 80 82 99
21 15 22 24 27 31 33 37 39 42 50 60 64 67 69 70 71 75 77 85 88 99
21 4 6 12 20 28 29 30 33 36 47 51 54 62 70 72 81 83 90 91 96 99
18 10 19 20 22 24 25 27 36 42 44 51 53 63 71 72 81 84 93
15 2 5 7 13 18 19 23 36 39 47 59 63 68 84 85
19 4 8 14 18 24 40 42 43 46 57 62 70 71 73 76 83 84 90 98
17 1 2 12 16 17 20 26 31 42 44 56 60 66 68 75 89 94
23 3 5 12 13 18 23 34 35 36 38 43 44 45 50 61 69 70 72 75 88 89 92 97
19 0 7 9 24 39 41 43 47 49 51 55 61 73 83 85 86 89 91 96
22 5 10 19 26 30 33 38 40 47 52 57 62 64 66 67 72 77 80 84 89 90 92
19 7 9 12 15 21 30 35 37 42 58 59 62 73 86 87 92 95 98 99
15 3 23 24 35 44 46 49 53 56 60 61 66 71 91 98
16 6 7 17 28 31 33 36 45 47 50 54 55 69 82 93 96
12 2 7 16 26 36 43 52 60 71 86 88 94
15 4 6 9 11 17 18 22 25 39 48 69 70 72 77 79
24 4 5 8 15 19 21 23 28 35 37 41 42 49 57 60 62 73 77 80 81 85 86 88 95
14 6 27 34 43 45 46 52 60 77 82 94 95 97 98
19 8 16 17 20 21 26 35 36 49 55 57 71 75 78 83 85 86 95 98
23 5 6 10 11 13 16 20 23 31 42 46 52 58 63 65 72 75 76 78 80 82 91 98
16 3 15 28 37 45 49 52 53 56 58 65 71 73 88 89 93
25 3 7 15 17 23 26 31 33 39 47 52 54 56 62 64 68 70 74 77 78 79 84 88 91 95
17 2 9 11 18 25 37 40 47 53 54 58 60 65 69 78 80 87
13 4 5 9 12 15 33 56 59 61 66 70 83 86
10 23 24 28 34 44 71 76 80 83 96
19 5 7 15 22 23 30 39 41 51 52 57 58 68 69 80 81 88 89 93
13 8 16 17 29 31 32 43 56 69 74 82 89 96
23 4 5 11 12 23 24 25 30 31 35 38 42 48 52 60 65 66 67 71 84 85 91 92
25 3 4 8 9 12 13 16 27 36 37 46 47 68 69 71 72 79 80 84 86 90 92 95 96 97
17 0 2 5 6 7 20 21 24 27 29 33 51 65 71 78 81 90
23 5 15 16 17 20 24 27 32 37 39 51 60 66 69 72 74 75 78 82 85 88 92 98
19 1 7 17 18 22 25 33 35 42 43 53 54 66 75 79 88 92 97 98
20 1 2 7 9 19 21 23 26 27 33 39 44 51 63 67 69 76 80 84 86
10 38 50 53 56 59 68 73 74 96 98
18 15 17 21 27 42 44 50 54 55 56 60 71 77 78 82 87 90 96
11 8 49 52 55 59 66 68 77 80 91 99
28 0 4 7 10 12 13 17 18 21 24 31 32 33 38 41 45 47 59 61 64 66 68 73 78 82 89 91 94
13 1 9 10 16 19 20 24 34 40 61 72 84 98
23 12 15 17 19 20 22 24 31 34 36 40 44 52 58 64 66 70 71 75 80 81 89 96
24 2 17 19 25 27 28 33 36 43 47 49 50 57 58 59 60 70 75 76 86 88 94 96 98
18 2 11 18 20 24 25 32 33 37 40 48 53 56 60 78 79 84 94
15 14 24 32 33 39 40 44 53 59 62 69 71 77 85 86
19 1 11 12 14 15 21 26 27 33 40 42 58 60 61 77 78 80 81 95
14 0 6 21 29 30 38 41 45 50 54 63 70 75 94
14 4 17 19 25 26 29 31 57 64 67 86 89 90 93
17 1 5 6 13 23 25 38 41 45 47 61 66 67 68 71 78 92
17 1 3 8 14 18 36 46 53 59 63 74 76 78 83 84 88 89
18 0 7 13 20 21 26 28 31 32 33 36 38 40 43 58 67 78 81
17 1 12 13 24 36 39 56 61 62 67 68 69 80 81 83 87 89
13 7 8 13 14 17 31 39 42 51 52 53 61 85
