1000
762 190.0017
878 892.0048
560 771.1340
727 149.2595
542 30.8977
290 771.7714
52 705.1197
298 356.8284
308 380.2064
172 159.1192
538 85.6577
357 631.9193
787 304.0939
787 856.3998
428 26.5023
319 256.0853
36 785.7867
886 433.1464
401 93.3261
73 19.4807
27 763.9132
529 631.8752
106 256.7418
966 138.6433
658 128.0045
978 971.4798
334 554.8245
634 105.2351
218 127.7791
335 165.7691
259 295.2991
661 99.4190
620 74.0736
264 738.7051
214 10.4222
107 655.2580
121 593.0020
799 326.9588
189 90.3568
508 694.7642
548 963.4426
878 960.4517
828 305.4785
886 622.9554
924 145.8074
285 943.2877
996 450.5301
413 702.3258
558 12.4933
891 200.9970
18 203.1552
651 444.3792
949 356.9215
245 714.9632
996 45.0669
112 363.8835
918 59.1265
172 10.7740
531 745.3997
540 691.4909
332 735.1992
49 902.1598
284 495.1366
490 425.6225
2 685.8564
195 807.4979
513 754.1267
258 431.1346
468 908.7456
880 829.4377
32 119.8770
124 387.1689
389 414.2275
683 470.0929
188 721.4455
947 547.4595
743 697.6903
334 838.6563
179 916.1093
558 753.4461
255 179.5655
54 163.7736
478 823.6945
997 603.2423
10 964.9127
4 145.9635
710 137.3939
269 953.6347
416 512.8498
925 73.3960
965 972.4440
958 78.0654
128 947.9357
915 911.2703
488 132.4293
77 63.7154
225 423.9470
188 869.8673
348 92.4469
227 635.8509
902 446.2060
544 590.8547
268 428.7829
296 185.2625
214 148.1147
335 971.0049
975 117.3847
402 737.7093
710 797.5865
542 273.3105
7 574.1750
957 691.8690
90 529.1037
46 769.4078
972 270.6810
820 318.2809
636 291.6105
246 56.3917
558 566.6715
48 262.1967
90 659.4136
60 759.4911
918 607.0535
122 894.3251
753 154.5483
984 400.0978
114 959.2814
142 771.4342
153 342.0063
784 750.4874
136 452.0878
437 196.2495
291 122.9336
317 328.0229
710 213.6560
83 741.3488
927 307.0102
505 230.3347
815 6.2646
60 888.7774
518 725.1919
441 574.9457
696 454.5441
196 476.4665
673 50.2598
984 940.7977
714 392.5693
251 498.1314
657 439.2740
301 599.4898
303 472.2691
218 626.2865
438 363.0851
580 970.9436
828 860.1306
931 181.1585
11 863.8582
915 773.7146
236 416.9584
185 274.9553
798 680.6433
559 992.4498
292 447.3856
142 612.3068
42 220.6290
52 125.6671
139 235.8625
342 961.6160
623 740.4191
495 619.3991
422 249.9453
496 24.9967
632 128.0810
132 434.9931
305 8.0874
611 251.4343
718 23.5342
16 827.9187
363 250.7981
963 752.7172
409 685.9761
376 848.2576
790 365.3790
44 608.0317
810 747.4587
382 266.9818
229 89.3373
453 648.5649
490 382.3378
29 810.3576
614 10.4473
99 517.1626
860 558.2520
208 741.6980
756 352.4419
33 752.2274
291 381.0944
814 982.4154
279 424.8819
545 539.7314
83 889.0284
596 189.5380
950 212.5981
43 936.6869
727 460.4505
482 850.2246
669 501.3615
121 904.4284
56 3.9111
918 144.1127
860 795.5425
770 834.6353
728 128.3170
508 511.5674
577 968.1974
433 110.4683
63 957.6484
527 495.8179
229 36.0482
953 379.8835
246 963.1959
629 770.6654
588 234.3255
894 112.3154
877 913.2465
767 464.3063
319 806.7822
80 223.3735
739 642.8396
134 655.4985
876 34.4719
644 199.7390
635 325.1010
273 309.4345
5 349.0467
743 152.1195
684 309.5917
980 712.9122
144 73.7764
6 895.2956
391 190.7948
261 267.9186
653 796.7609
87 939.4256
639 130.9410
258 161.1610
176 821.3412
95 538.4217
384 882.7117
458 998.7716
261 248.2917
961 471.9744
802 168.6336
611 436.4860
919 112.6183
801 700.5214
414 869.3346
944 456.5578
736 464.0662
551 293.9658
968 744.2047
299 867.3539
56 94.2961
292 311.5313
358 906.4605
824 725.6892
605 260.1988
595 317.7738
104 414.4604
31 615.1765
397 168.7826
503 683.0289
529 75.7882
412 794.3718
225 5.5971
299 534.8489
420 726.4062
488 757.6180
475 718.9210
982 905.7676
42 147.1499
636 407.2346
665 947.9001
660 860.0345
248 796.5773
746 740.1521
464 699.8993
337 259.9165
161 825.7291
370 76.5651
943 488.4138
267 658.8344
942 333.2445
22 309.9562
426 909.1276
850 397.1838
174 845.3236
472 153.8801
858 484.7221
22 933.3299
911 731.8214
212 790.5147
255 919.2220
542 990.2855
963 886.5503
215 163.1491
577 696.7315
573 597.1736
71 127.8707
511 582.2444
778 135.1626
509 63.9465
392 329.2031
144 835.1329
123 365.7431
443 783.9832
248 388.5084
556 630.5383
222 723.3403
650 599.8464
470 802.2507
867 285.4058
465 333.3768
210 156.0578
979 224.4536
368 311.9602
916 669.6313
777 804.9143
312 153.7675
430 618.8728
402 983.8824
548 657.8966
49 636.5077
149 406.3081
752 211.0032
203 731.6676
158 539.9852
74 999.6785
810 812.7002
487 463.8096
867 495.6883
568 56.4467
35 388.4333
771 177.0031
96 462.2386
569 187.0520
159 755.8889
566 189.7663
564 222.9752
298 541.4445
489 386.5345
732 834.6528
647 926.2529
569 747.4639
889 974.9905
273 102.4568
791 8.9055
869 763.4712
310 262.4623
989 738.7683
22 534.0868
336 75.5095
943 962.1320
183 338.5978
506 936.0981
26 632.7848
199 115.3807
61 942.0796
267 753.9261
822 294.7744
429 783.1682
936 883.0658
416 158.2041
670 266.5074
766 866.7196
131 451.3696
764 518.2876
602 130.6076
459 612.2846
955 769.0696
287 892.5214
887 22.0260
452 412.7855
522 166.7068
952 206.0164
976 766.8764
653 796.4502
554 323.2645
72 893.9612
638 771.8206
808 906.0347
465 512.3424
380 945.9332
115 222.0764
744 655.8350
129 184.4375
712 633.6034
729 298.0096
587 839.7247
619 984.3440
81 860.6268
180 418.1774
466 126.6039
802 882.6318
987 326.0527
376 294.0308
790 603.4401
560 685.3310
348 774.0578
808 449.1152
277 201.9067
770 601.8361
518 103.7317
824 97.4929
560 231.4594
457 111.0232
629 850.0770
9 858.3016
670 297.6753
252 513.1973
697 796.4632
913 988.6144
115 226.7805
587 388.5861
717 50.4795
242 416.5265
917 711.5878
222 837.9576
687 300.9093
165 558.6543
656 550.0144
758 613.5609
750 887.7828
98 303.5209
367 507.5404
377 711.1588
52 502.4019
854 379.0661
480 300.6782
127 47.6677
602 321.9243
45 714.2107
144 583.1083
967 727.6909
399 396.5032
947 852.8329
756 119.8790
767 344.3415
310 721.9905
339 214.2563
830 676.0964
153 327.7140
749 306.1082
456 788.8624
693 9.0551
462 442.4209
17 909.0113
470 594.8413
166 220.4545
839 21.9272
420 822.7521
605 977.4249
240 584.5773
437 975.9027
315 404.9100
621 927.7399
543 216.2031
520 7.7800
184 373.3128
940 159.4242
401 539.9690
750 865.1424
728 565.2024
2 1.7928
340 397.4330
660 385.6301
2 204.1818
865 829.4717
455 223.3948
704 148.8655
559 458.0400
14 26.3108
75 508.1131
415 993.7604
107 498.8505
438 328.3885
970 244.2404
254 101.1262
325 226.6298
87 128.6731
919 510.8691
235 558.1988
850 928.1431
388 44.5486
49 401.0880
494 214.8691
568 463.3770
992 634.1008
650 721.3402
311 413.7459
195 911.0493
42 672.0636
723 169.3038
395 912.0970
377 608.8927
643 41.1689
440 412.1358
902 944.4103
642 158.4966
491 417.5609
116 266.0203
676 256.5993
708 817.0529
606 391.8871
675 438.5772
770 412.0412
981 855.6053
675 836.0746
25 411.8005
133 686.9274
987 61.7166
203 982.5138
750 247.2102
439 803.8694
157 284.1681
914 629.2792
396 481.0410
76 838.8389
391 605.8809
631 365.7222
865 613.4495
486 334.2261
117 343.0978
296 552.3712
882 703.5909
209 959.7688
31 134.6713
907 814.2341
385 122.8864
183 114.9825
235 97.5737
216 985.3632
916 826.0885
222 815.7819
807 500.4973
18 865.2940
970 583.8693
740 706.1685
189 123.3114
969 936.5617
400 23.0792
109 169.8489
498 120.2048
488 212.9966
109 615.6812
512 698.8112
307 319.5592
618 151.6869
284 668.3789
768 653.8344
826 427.2125
544 152.4848
695 778.9167
254 685.0895
331 695.8800
142 229.6192
135 253.8451
61 221.8360
520 327.8172
111 467.9583
193 436.0783
839 91.1139
19 735.9992
933 204.1532
933 553.4639
809 728.8130
804 983.1677
793 847.1731
362 66.9657
356 706.0857
947 573.0600
781 897.7683
176 88.4061
65 190.8249
363 538.1532
497 906.6952
289 778.6648
576 491.4970
150 205.7662
188 631.0113
558 392.9356
221 140.9001
399 788.8550
203 369.7317
632 700.0884
130 89.8370
531 706.7789
508 579.2641
141 234.2858
797 48.6744
742 835.2788
139 317.5975
168 205.5230
847 246.4268
247 809.2336
635 163.9981
876 572.7886
960 706.3524
532 87.5110
833 876.0388
81 956.6022
293 510.0188
172 897.5320
567 411.8631
44 548.1613
332 474.9746
352 459.5416
651 589.8812
180 655.6159
693 746.6259
333 849.3786
925 747.5282
66 714.2513
184 506.5347
781 862.5347
287 753.6042
267 330.4608
959 652.5049
63 978.3346
41 490.3641
881 509.8470
76 592.3648
73 237.2364
271 659.4522
639 267.6544
918 418.7079
614 457.6032
511 436.9721
931 990.9999
172 220.6859
94 959.4863
582 490.1193
409 882.1020
883 64.2310
295 40.9760
176 509.0891
182 725.0775
13 826.1348
679 128.8060
492 528.5216
831 12.5299
181 166.7008
781 771.7298
582 978.7998
310 497.7044
879 483.4991
600 598.4666
177 906.3733
229 813.9726
478 154.3768
288 198.9552
173 866.3569
922 977.5088
363 44.3117
532 183.3047
467 821.3144
196 920.9162
721 980.0090
268 159.4179
201 371.6375
199 173.3688
304 961.2131
496 473.6618
60 926.4269
178 656.0872
78 913.0557
975 872.0960
454 615.4610
573 656.7619
344 544.0431
792 994.7039
567 436.3584
323 104.3633
448 571.4806
459 751.0364
123 228.6533
425 472.7405
546 221.4381
131 725.2669
996 298.0122
752 122.1997
244 681.9424
641 849.5262
81 10.4129
781 214.9641
51 383.8725
952 9.1469
768 456.3597
212 903.6432
674 848.4067
172 690.4227
716 64.1660
127 748.4765
59 528.2679
456 258.8377
629 403.9334
43 809.4680
683 925.7696
573 496.1713
351 251.9861
140 875.5073
774 468.6793
104 255.0584
701 384.5486
593 70.0687
475 144.2895
779 216.2641
590 975.0442
296 601.7501
723 175.8177
815 820.5283
43 761.0745
155 327.7755
455 644.7850
840 781.6788
932 714.4029
737 276.4197
691 897.2743
153 719.8839
126 0.2325
151 264.2642
364 168.0061
174 677.4653
842 73.8387
908 536.4119
599 363.7157
759 783.2099
997 347.4018
332 168.5561
580 68.0733
45 193.3945
597 259.6346
450 873.4667
303 205.2837
697 35.6292
701 406.0929
666 958.3376
267 312.5156
435 296.1621
951 71.8958
282 491.8240
364 268.4272
305 180.7634
506 78.5764
954 965.7884
749 741.0576
990 698.3001
548 738.8366
654 392.2349
407 571.9503
713 318.2118
17 878.6764
666 970.6387
281 559.8674
790 471.4200
517 642.6102
888 421.8269
47 17.1559
281 829.9751
526 653.9272
891 893.8804
673 430.2562
107 757.5415
958 730.0373
543 870.5392
402 325.9508
991 862.7671
883 47.0096
918 475.6152
979 233.4016
510 271.0594
523 472.8486
881 155.2007
503 553.8462
573 37.7225
316 777.2588
994 378.5223
268 619.8676
944 672.8472
43 490.4179
747 992.4067
823 187.4179
128 813.1950
177 273.4813
462 234.0945
299 652.5032
85 481.1967
261 78.9145
863 203.2879
819 743.8439
156 773.8855
936 842.2790
446 447.4433
286 895.1849
235 271.8760
743 583.0583
692 460.2837
863 86.4113
102 900.0355
31 46.1125
317 491.4529
625 309.1088
772 486.2546
4 317.1714
953 513.6006
481 186.6978
881 86.6250
799 886.2549
22 660.6194
896 84.5510
573 525.6658
882 721.3738
598 687.6494
626 334.9595
715 151.0471
235 761.0950
708 846.2155
874 187.0181
317 914.5978
379 120.9266
999 906.5086
385 720.7530
194 503.6935
94 21.0406
658 429.2691
870 937.1949
96 34.0292
791 614.4679
359 141.9943
528 595.2453
261 888.2428
601 337.0694
142 813.2754
124 204.7014
262 736.1124
887 998.7168
684 929.5120
587 593.5072
294 144.7521
233 262.1028
915 982.6160
937 292.0128
874 203.4951
945 876.7810
340 968.8649
854 874.9503
25 290.6334
4 222.5338
472 77.2075
521 420.2564
999 303.0727
582 549.0011
536 941.0821
265 655.5949
457 652.6943
527 304.0422
347 95.3535
409 110.1439
797 0.0120
216 817.2128
535 225.3948
862 329.1091
700 684.7973
555 83.5512
250 335.0222
456 632.0068
78 280.9239
136 133.2972
196 301.8200
756 400.1812
110 473.1647
833 697.0122
70 720.9511
721 567.4526
54 738.2089
395 737.4691
364 891.5973
489 50.9471
664 499.7560
951 101.0493
885 355.7691
754 956.0177
225 929.8358
567 392.0348
861 590.6684
680 511.0578
478 375.7528
531 455.3199
453 899.1562
603 187.2208
793 811.9574
104 647.6822
297 138.7335
354 84.1893
140 469.6280
546 207.0002
210 692.6024
778 664.4402
691 975.3841
85 668.1199
457 589.3820
867 563.5256
657 834.6347
482 550.9305
920 310.6803
887 153.1754
890 986.1595
425 252.5203
601 234.9642
560 578.2256
552 841.8177
452 731.7448
586 910.7718
806 996.7243
485 736.8343
132 893.9300
491 487.7235
577 170.1225
710 75.1048
170 902.6970
394 886.7046
425 860.0438
39 787.3614
279 156.9714
895 260.8964
160 958.0052
878 398.4591
912 262.6209
610 409.3302
114 253.7252
871 481.0676
491 695.0692
199 809.1571
557 944.3466
603 49.6937
732 159.1237
578 700.5604
720 237.0071
23 505.3471
945 197.9403
213 651.0178
504 771.0649
573 761.2557
675 371.5155
871 371.2891
396 309.6855
307 286.9448
353 817.4160
680 466.8458
342 612.8605
382 841.9419
25 721.2747
407 696.9965
994 453.9811
487 496.8015
866 791.3466
431 847.9976
915 700.5211
605 778.0584
688 201.5546
386 664.2879
321 253.0714
458 720.4093
327 66.5853
831 645.7308
456 470.8265
174 449.1648
924 27.5367
752 460.6570
297 242.3018
82 540.8215
163 716.8512
483 636.0568
383 365.3875
20 722.4847
381 525.4696
308 458.9307
32 357.5297
987 130.7609
5 163.2393
952 66.7600
550 84.9233
471 932.1263
761 460.1779
701 152.1861
596 694.1823
509 136.9983
144 947.2636
661 767.2621
215 717.7005
