48.7968108288 48.8610171588 48.9252234889
37.0451463747 37.1097975900 37.1744488053
15.9058973626 15.9896126119 16.0733278611
224.5427657391 224.9239928456 225.3052199522
82.6736474894 82.7878376102 82.9020277311
65.8590682093 65.9325716337 66.0060750580
100.6515094202 100.9334464214 101.2153834226
423.3777914532 423.8215836874 424.2653759216
274.1753337081 274.5025119106 274.8296901132
343.2964336566 343.6716210157 344.0468083749
187.2925126775 187.5060731252 187.7196335730
41.1395965054 41.2286432511 41.3176899968
78.3101406685 78.4514947130 78.5928487575
157.9616816393 158.2280588427 158.4944360462
72.3193557003 72.4837178723 72.6480800444
59.4550240265 59.5260575080 59.5970909895
34.2894004522 34.4459730570 34.6025456618
57.9457565038 58.0479536052 58.1501507067
74.9754253134 75.0819244970 75.1884236807
66.4932201095 66.5738179520 66.6544157946
136.5992983763 136.8692574640 137.1392165517
19.6728092351 19.7736954363 19.8745816375
74.1987581774 74.3220119285 74.4452656796
31.8164745848 31.8878119718 31.9591493587
84.1483377416 84.2798195193 84.4113012971
116.9149783947 117.0714910833 117.2280037720
33.7105219593 33.7706120162 33.8307020732
43.9798750015 44.0454187794 44.1109625574
72.8997049947 72.9970343738 73.0943637530
33.2695238147 33.3508673937 33.4322109727
23.3651497301 23.5566673508 23.7481849715
242.6049266308 242.8550348026 243.1051429743
311.1437921070 311.4689162366 311.7940403663
23.5518861135 24.8603242310 26.1687623484
33.7088444488 33.7729297045 33.8370149601
76.2216211001 76.3659802310 76.5103393619
24.9336460813 25.0966110884 25.2595760954
28.1843213547 28.3383340397 28.4923467247
112.6035280198 112.9396579542 113.2757878886
279.6837708831 280.6160501193 281.5483293556
45.4981215704 45.5985589248 45.6989962793
5.7011317425 5.8368729745 5.9726142065
137.3500321182 137.4996508895 137.6492696609
91.5443368071 91.6520360268 91.7597352466
23.8303947622 23.9103625299 23.9903302975
546.9624844410 547.8547560306 548.7470276203
40.9375812528 41.0067325725 41.0758838922
141.2623539501 141.4460501191 141.6297462880
175.7188229532 175.9712925264 176.2237620996
71.3400238781 71.4217421185 71.5034603589
17.2732894599 17.3840156744 17.4947418889
2.0906082907 2.1901610664 2.2897138422
48.5556239930 48.6975995018 48.8395750105
75.8352019880 75.9342035571 76.0332051263
80.2886939706 80.4325805189 80.5764670672
119.3694340412 119.6770872217 119.9847404022
37.8041725762 37.8720436221 37.9399146680
34.8264584469 34.9388018612 35.0511452756
69.9189625209 69.9968232810 70.0746840410
162.5795962607 162.9211500343 163.2627038080
60.9372760531 61.0321939286 61.1271118041
118.1819278125 118.5264815380 118.8710352634
14.6176928365 14.6818055244 14.7459182123
70.0555938250 70.1433827897 70.2311717544
72.2799702364 72.3593115868 72.4386529373
546.8294920898 547.4480774881 548.0666628864
33.7083409097 33.7905563754 33.8727718410
189.9485555995 194.2655682268 198.5825808540
31.1343471376 31.2384753889 31.3426036402
182.6904004154 182.9430842334 183.1957680514
1.9671964342 2.0350307940 2.1028651538
15.7822560522 15.9955297826 16.2088035130
62.7396044998 62.8225933947 62.9055822895
128.5220064252 128.6644920199 128.8069776146
17.3205784292 17.3822174984 17.4438565675
65.1726756926 65.2734062578 65.3741368230
70.5052119650 70.5770095332 70.6488071014
142.9918101476 143.2039641686 143.4161181896
34.5622520671 34.7942134903 35.0261749136
36.4979080918 36.6995539929 36.9011998939
165.5129339510 165.6966331007 165.8803322505
35.6643701211 35.7582237267 35.8520773322
103.0847188236 103.2309382830 103.3771577423
9.7210504652 9.7914928598 9.8619352545
24.5708798218 24.6355400318 24.7002002419
31.7063009549 31.7698406361 31.8333803174
38.7148875378 39.0173475967 39.3198076556
148.1795088908 148.3955140058 148.6115191208
4.5407996826 4.6602944111 4.7797891396
37.1263823902 37.2154144822 37.3044465743
24.0523196950 24.1430831655 24.2338466361
11.4398510576 11.6641618627 11.8884726677
96.6361189711 96.7358466481 96.8355743250
3355.1058286041 3358.6750901239 3362.2443516436
611.8238516446 616.5666722000 621.3094927553
11.2154371933 11.3202543633 11.4250715334
53.5636394045 53.6766428631 53.7896463218
18.6992561571 18.9519488078 19.2046414586
78.9468540656 79.0318345328 79.1168150001
59.3394078122 59.4281064786 59.5168051450
478.4308879218 480.1963155525 481.9617431832
103.1847997958 103.2988161492 103.4128325026
101.1679863404 101.4586989448 101.7494115492
83.7422631026 83.8523054982 83.9623478939
5.8235778567 5.9022748548 5.9809718528
8.1157330137 8.2487778172 8.3818226207
71.0323111737 71.1075572660 71.1828033584
252.9325321036 253.1946383545 253.4567446054
22.1657413791 22.2669548101 22.3681682410
42.0478983327 42.1822366661 42.3165749994
70.8962673523 71.0708887004 71.2455100486
13.6099190468 13.7821965031 13.9544739594
10.5187091425 10.6342993528 10.7498895632
119.3846649608 119.5061142640 119.6275635671
8.1467303312 8.2324853873 8.3182404435
48.1889438371 48.2660461473 48.3431484574
60.9504527024 61.0674401356 61.1844275688
36.0070240568 36.0965937684 36.1861634800
16.9236860252 17.0009631303 17.0782402355
47.2399884103 47.3054177571 47.3708471039
18.8947930311 19.1024281193 19.3100632076
8.3724798008 8.5143862381 8.6562926754
37.3531666068 37.4589829428 37.5647992788
20.5593279384 20.7734876044 20.9876472705
50.7614374951 50.8570334226 50.9526293501
15.1509787607 15.2252482644 15.2995177681
37.9357388475 38.0209876989 38.1062365502
113.0827801850 113.4417731380 113.8007660910
0.2136467198 0.3204700798 0.4272934397
21.8014585233 21.9731235510 22.1447885788
14.3392857085 14.4368318698 14.5343780310
41.6942292266 41.7949399252 41.8956506238
11.4704233011 11.5311133715 11.5918034419
73.0202349704 73.0984150935 73.1765952165
385.6940892266 387.0666660566 388.4392428866
50.1927281798 50.2686627156 50.3445972514
53.3972315246 53.4716009278 53.5459703311
34.9445634887 35.0530869778 35.1616104669
13.5386877537 13.6022496680 13.6658115824
49.1163577430 49.2099127101 49.3034676772
42.2590135177 42.3659983621 42.4729832064
63.5627400779 63.6274020718 63.6920640658
22.1675116129 22.2558283923 22.3441451716
267.5019955327 267.7703024490 268.0386093653
46.6521917728 47.0923067895 47.5324218062
79.9741098904 80.3032214537 80.6323330170
9.7530188116 9.8370965599 9.9211743083
8.1114381067 8.2512904878 8.3911428690
43.7206872665 43.8626375498 44.0045878332
546.1861624783 548.6029154096 551.0196683409
15.1647428154 15.2437258509 15.3227088864
106.6095146698 106.7930078104 106.9765009510
57.0525130560 57.1232100982 57.1939071404
42.3885910684 42.4610501985 42.5335093285
140.1725214757 140.3138244207 140.4551273658
13.3310831566 13.4039306055 13.4767780545
196.7699761497 197.1476536471 197.5253311445
15.4495179120 15.6071660539 15.7648141959
72.1538205527 72.2329365840 72.3120526153
102.2710607632 102.6569892943 103.0429178255
121.2329083366 121.3648266264 121.4967449162
430.7406763529 431.4910956497 432.2415149465
44.5677488689 44.6539534122 44.7401579555
211.9963689686 212.4153341247 212.8342992808
77.4009328216 77.6014533730 77.8019739243
88.1386378803 88.7681995795 89.3977612786
76.1711311413 76.2663450552 76.3615589692
34.4246779209 34.5088458376 34.5930137543
2770.2358532448 2773.0397356873 2775.8436181299
12.6054253087 12.6883557384 12.7712861680
63.9585472722 64.0334401847 64.1083330972
163.3228187597 168.1264310762 172.9300433926
23.8645553901 24.3948788432 24.9252022963
58.4484957094 58.5174208223 58.5863459351
10.6944368071 10.7702838766 10.8461309462
54.9828937000 55.0748383383 55.1667829766
79.5407206309 79.6612368743 79.7817531177
165.7145349091 166.3375218824 166.9605088558
55.0235931422 55.0912728385 55.1589525349
27.4207449199 27.4984240840 27.5761032480
23.2698227354 23.3481723069 23.4265218784
40.8104651338 40.8744313800 40.9383976263
5.0038636604 5.1602343997 5.3166051391
59.4867301216 59.7054313353 59.9241325490
67.3660235651 67.4412088592 67.5163941534
97.4490942458 97.5630697946 97.6770453435
98.3593360871 98.6108944914 98.8624528957
69.3972839893 69.4691982732 69.5411125571
356.9143206903 357.7092300905 358.5041394907
43.8289708285 43.8895918116 43.9502127948
57.4814556258 57.5615133634 57.6415711011
79.1199847150 79.2108228145 79.3016609141
32.4977384255 32.6618684175 32.8259984096
11.0604191236 11.1468286480 11.2332381724
147.3952437563 147.5846977971 147.7741518379
13.3089724656 13.4090399278 13.5091073899
78.5017447740 78.6761930957 78.8506414174
7.7415533765 7.8167140889 7.8918748013
1896.2698975046 1898.3745255818 1900.4791536589
35.0111915500 35.0833795738 35.1555675976
114.6749538433 114.8182975356 114.9616412279
4.4541115161 4.5713249771 4.6885384380
21.7972148880 21.8958448196 21.9944747512
102.8225054141 102.9261571332 103.0298088524
77.3405153981 77.4184796274 77.4964438566
89.1440639491 89.5266564982 89.9092490473
224.0919958778 224.4002379629 224.7084800480
123.8085546623 123.9390167853 124.0694789082
3.2307497375 3.3317106668 3.4326715961
26.6858833266 26.7917796890 26.8976760514
91.2478338501 91.3793148787 91.5107959073
69.6084772647 69.9827163897 70.3569555148
24.4223607238 24.5267297868 24.6310988497
0.5217762597 0.6087389697 0.6957016796
68.8028307450 68.8833961206 68.9639614962
56.1532631969 56.2326878973 56.3121125978
3.4570769912 3.5457199909 3.6343629907
91.3248343003 91.4373033081 91.5497723159
41.0672689001 41.2619005063 41.4565321124
12.9686179709 13.1037077414 13.2387975119
172.6008814470 172.7846949523 172.9685084576
129.6093945564 129.7421910672 129.8749875780
59.2693743523 59.3594493893 59.4495244263
81.1811173807 81.3168717576 81.4526261345
90.6824301794 90.8320711533 90.9817121272
744.1281639298 744.9805444154 745.8329249010
69.8346599763 69.9838793353 70.1330986942
34.3661387244 34.4350087419 34.5038787594
22.1038614218 22.1760962630 22.2483311043
26.2847468610 26.5585463075 26.8323457539
140.9493335455 141.2335055890 141.5176776324
50.7778291483 50.8393780321 50.9009269159
5.4021158078 5.4649311078 5.5277464079
21.7155700237 21.8355455487 21.9555210737
62.4352243248 62.6440377841 62.8528512434
20.6180482309 20.8606135042 21.1031787775
32.0905249022 32.3373750938 32.5842252854
58.2605755598 58.3241094481 58.3876433364
39.4002208386 39.4761364857 39.5520521328
156.9251390804 157.3337982967 157.7424575131
65.5909239424 65.7130671900 65.8352104375
39.2843956709 39.3678020311 39.4512083913
47.4027921929 47.4629480206 47.5231038482
52.8670066795 52.9503931254 53.0337795713
275.2454271726 275.5582060671 275.8709849616
20.2416733117 20.8550573514 21.4684413912
150.2041581479 150.4384860077 150.6728138675
113.8190334755 114.0103259688 114.2016184620
41.7006291121 41.7906952657 41.8807614193
42.4771405245 42.7827314635 43.0883224025
23.8409478242 23.9112751039 23.9816023836
53937.5114196967 54047.1405079481 54156.7695961995
100.6915654220 100.8040699643 100.9165745067
238.7009950786 239.1219844879 239.5429738973
88.4815652562 88.9152984193 89.3490315823
53.7251111235 53.7909507205 53.8567903175
27.1190952755 27.1977013488 27.2763074221
31.1976298011 31.3002535834 31.4028773656
0.8957518075 0.9853269882 1.0749021690
51.0471069886 51.3036251142 51.5601432397
4753.3280067170 4761.4533537370 4769.5787007570
75.8331946805 75.9116157712 75.9900368618
89.0678535803 89.1603435633 89.2528335462
340.0256546993 340.3715607570 340.7174668146
85.8083533729 85.9490228046 86.0896922364
112.0194759265 112.1428453934 112.2662148603
79.6028359078 79.7266350305 79.8504341532
57.7901671247 57.9874031900 58.1846392552
225.8273451007 226.4393433259 227.0513415511
31.1928904404 31.2792973391 31.3657042378
15.8439790569 15.9231989522 16.0024188475
70.1763938106 70.2520149246 70.3276360386
52.1687329937 52.2399045258 52.3110760578
634.2188908216 634.9606673021 635.7024437826
77.7575675689 77.8383127065 77.9190578442
93.6848746726 93.7910933513 93.8973120301
60.8339346240 60.9447432481 61.0555518722
3.0151995047 3.1311687165 3.2471379282
34.5038066060 34.6215670381 34.7393274702
159.2968869871 159.8140846722 160.3312823572
83.9701491375 84.0869365494 84.2037239613
60.1957350148 60.2748358493 60.3539366837
2676.1090871949 2679.0274177152 2681.9457482356
139.8941843582 140.0652041435 140.2362239287
2.8296385181 2.9180647218 3.0064909255
60.2384561324 60.3434011780 60.4483462235
129.2064225947 129.4042884792 129.6021543638
16.5958900766 16.7179186801 16.8399472836
54.6604092584 54.7518146250 54.8432199917
64.8704210728 65.1838047494 65.4971884261
88.1884246576 88.2948039394 88.4011832213
39.3282702418 39.4008316260 39.4733930102
20.5147361637 20.5912836867 20.6678312096
47.3969309825 47.4631278135 47.5293246445
271.9257614720 272.3250650865 272.7243687010
84.8173005820 85.0857097611 85.3541189402
12.3103600212 12.4322447738 12.5541295265
10.6972472099 10.7609213004 10.8245953910
139.5799474208 139.7542045337 139.9284616466
1800.2252667884 1802.1343073683 1804.0433479481
50.3858606667 50.4521578518 50.5184550369
48.0577148913 48.2003193865 48.3429238818
818.6799885561 821.9811175422 825.2822465283
94.1585330101 94.5865263419 95.0145196738
165.1138576278 165.2847829462 165.4557082647
2.8063333416 2.8701136448 2.9338939480
96.2620541703 96.3608858481 96.4597175259
140.1452849206 140.4378638036 140.7304426865
32.2867220689 32.3532926299 32.4198631908
70.8117200804 70.9598617542 71.1080034280
3.3030354590 3.3642027823 3.4253701056
66.9954465966 67.0761640022 67.1568814077
1.4007719421 1.5175029372 1.6342339324
18.9231480585 18.9900143060 19.0568805536
45.0377759213 45.1675677827 45.2973596442
143.3475244215 143.5511430642 143.7547617068
44.9824417763 45.0597311951 45.1370206140
198.8754823819 199.1941930909 199.5129037998
10.7971246708 10.8581253752 10.9191260795
30.6370734324 30.7596217261 30.8821700198
68.5178823813 68.6103491592 68.7028159370
182.7932771244 183.1196936907 183.4461102570
60.8259961885 60.8911203814 60.9562445743
175.0673002848 175.2836999143 175.5000995438
30.2233073315 30.3165891443 30.4098709570
308.6036461179 309.2245790075 309.8455118971
49.6981095494 49.8208209310 49.9435323126
158.2679021129 158.4315710913 158.5952400697
102.8797727175 102.9873875425 103.0950023675
9.8056400882 9.8847178308 9.9637955735
57.8644068345 57.9453360749 58.0262653152
174.2878887346 174.8688483637 175.4498079928
282.7986867051 283.1313910424 283.4640953797
15.2750401715 15.3438466588 15.4126531460
2.2263203007 2.3058317400 2.3853431793
119.5750696950 119.7121970685 119.8493244420
53.2470635544 53.3075029001 53.3679422458
49.6018966673 49.6639766381 49.7260566089
41.8170181521 42.1115041954 42.4059902388
41.7684534063 41.8345427313 41.9006320563
1250.1860395892 1279.9523738652 1309.7187081411
1.3821330736 1.6585596883 1.9349863031
225.5502334324 226.0049718062 226.4597101801
42.3853560388 42.4929330846 42.6005101304
24.5142214808 24.6693747813 24.8245280818
358.1080098625 358.5234483890 358.9388869156
31.2595437744 31.4083987448 31.5572537151
21.2517031801 21.3120773369 21.3724514936
8.0594579293 8.1260650196 8.1926721099
505.2558867603 505.8129494800 506.3700121997
244.9384186248 245.2767313577 245.6150440906
125.7417536255 126.0249557733 126.3081579211
52.8771497784 52.9648399107 53.0525300430
115.9310979735 116.0641991193 116.1973002651
89.4495332073 89.6256149655 89.8016967238
98.1474981726 98.3407019092 98.5339056457
17.0469017752 17.1129750379 17.1790483005
352.8682401645 353.2747703951 353.6813006257
104.0715920603 104.1760816105 104.2805711608
154.3920898395 154.5659548055 154.7398197716
26.9941389355 27.0547999219 27.1154609082
205.5069481554 205.7728044919 206.0386608285
34.8630768825 34.9256676848 34.9882584871
249.1544519340 249.8352018026 250.5159516713
170.1328027835 170.4135499828 170.6942971821
97.8333700524 97.9471297851 98.0608895177
149.4137135804 149.6302551943 149.8467968082
99.1735732803 99.2919188331 99.4102643859
18.8597770424 19.1689537152 19.4781303880
14.2360864699 14.3643395012 14.4925925324
11.6867016390 11.8446300396 12.0025584401
12.7607873383 12.8283047317 12.8958221250
14.1348139289 14.2133406730 14.2918674170
8.7551478070 8.8195238938 8.8838999806
36.8249959329 36.8880524327 36.9511089326
27.8054044115 27.8799497316 27.9544950517
584.4495661396 585.3757936612 586.3020211828
93.1484456470 93.2893661396 93.4302866323
53.5268556567 53.6842875851 53.8417195135
125.0101618690 125.1635485707 125.3169352723
115.7208742606 115.9081248662 116.0953754718
50.2939118767 50.3875690683 50.4812262599
32.1150554895 32.1959498358 32.2768441821
30.7520607520 30.9340256085 31.1159904650
127.7979656161 128.0642113778 128.3304571395
44.9210662910 45.0123692713 45.1036722515
163.8951886512 164.2171831279 164.5391776046
92.1610718069 92.3366167056 92.5121616043
70.7204808426 70.7913430478 70.8622052531
25.5495999740 25.6611702795 25.7727405851
65.3613695004 65.4279289398 65.4944883792
98.6011911979 98.7131108247 98.8250304515
30.6691573740 30.7297683569 30.7903793399
12.2147608471 12.3299944400 12.4452280329
10.7155782268 10.8166685874 10.9177589480
17.1719443138 17.3763722223 17.5808001308
1099.1999686689 1100.5054318146 1101.8108949603
37.7801565284 37.9388966819 38.0976368353
52.3842905812 52.4458467393 52.5074028975
207.5052940853 208.1284331065 208.7515721278
71.0311159832 71.1127609441 71.1944059050
43.8188119731 43.8941020281 43.9693920830
213.1680112310 213.5129432880 213.8578753450
36.3795120205 36.4587702166 36.5380284127
111.4316122288 111.5668447679 111.7020773070
12.9975655640 13.1179133933 13.2382612226
139.4720295385 139.6189969036 139.7659642688
60.1860519476 60.2977143816 60.4093768157
527.4309411045 527.9974619864 528.5639828684
210.3767864877 210.7925508878 211.2083152880
55.4076137208 55.5468288306 55.6860439405
84.7990521270 84.9203669369 85.0416817468
52.9822435397 53.0423141106 53.1023846815
110.3349514978 110.7015127985 111.0680740991
14.0581601927 14.1571613209 14.2561624490
59.2355807744 59.3322130432 59.4288453120
112.3299814031 112.4893147101 112.6486480171
54.3448355805 54.4152304452 54.4856253100
42.1115088309 42.2226209914 42.3337331519
74.7926449576 74.9367541001 75.0808632426
57.3467418857 57.4132694285 57.4797969712
39.5949538364 39.6550372262 39.7151206159
74.3040588853 74.3934741186 74.4828893519
39.3610825622 39.4814528452 39.6018231283
53.7652034226 53.8423414476 53.9194794726
213.3687805981 213.7798957823 214.1910109665
68.6510136675 68.7727353230 68.8944569784
670.5867813446 671.6614396481 672.7360979515
249.0372007062 249.6566962304 250.2761917545
63.4466970902 63.5843255004 63.7219539105
183.8144252580 184.0266821001 184.2389389422
5.7585133929 5.8924323090 6.0263512251
68.9783282359 69.0540453909 69.1297625460
10.3986424213 10.4967428215 10.5948432217
99.4978057693 99.6125667909 99.7273278126
77.4660751191 78.0398978978 78.6137206765
307.6883154435 308.0590242573 308.4297330711
25.3132672850 25.3881586083 25.4630499317
16.5335902002 16.6061059467 16.6786216932
25.8533909165 26.0569609237 26.2605309309
55.4098606439 55.4712226158 55.5325845877
81.5636769759 81.6969509578 81.8302249398
34.4016115686 34.4726892785 34.5437669883
1.2685004179 1.3319254388 1.3953504597
2322.9511049243 2325.5611623456 2328.1712197668
31.0024310192 31.0905061073 31.1785811955
26.3646450110 26.4460173722 26.5273897333
58.4691022452 58.5472694942 58.6254367432
341.6029088005 342.7120091538 343.8211095070
83.8245256380 83.9511487885 84.0777719390
31.9057133820 32.0710279591 32.2363425362
66.5472318218 66.6774612383 66.8076906548
71.7501218187 71.8246286950 71.8991355712
520.0835285667 520.9927655048 521.9020024428
44.0922482983 44.1938433404 44.2954383826
64.9234611375 64.9892397202 65.0550183029
25.4496878478 25.5297183128 25.6097487777
228.3949338927 228.9866306126 229.5783273325
261.6829024135 261.9474958437 262.2120892738
498.7836301084 499.5033756064 500.2231211044
67.9230855790 68.0247668449 68.1264481107
53.7502765939 53.8134379060 53.8765992181
39.1149170899 39.2484151005 39.3819131110
41.3619811010 41.7066642769 42.0513474527
29.7411662964 29.8226489438 29.9041315912
10.2954877225 10.4038612775 10.5122348325
18.5723617640 18.6638512308 18.7553406976
53.3481066552 53.5190941765 53.6900816978
97.8429657046 98.1178054959 98.3926452872
55.6325072569 55.7874724582 55.9424376594
109.2039359054 109.5299178037 109.8558997019
38.2425872245 38.3298990675 38.4172109105
58.5258275968 58.6003827912 58.6749379856
16.5786978699 16.9240874089 17.2694769478
23.6204406710 23.7085766437 23.7967126164
380.7074390234 381.0979081916 381.4883773598
23.1483228254 23.2120923097 23.2758617941
22.6526712361 22.7529042946 22.8531373532
116.1420464772 116.5495624297 116.9570783823
90.4847737953 90.5927508523 90.7007279093
172.1316433237 172.3836662276 172.6356891314
699.6622240356 701.0532026123 702.4441811889
140.1997690289 140.3441560207 140.4885430125
0.0924332878 0.1848665756 0.2772998634
28.0753275947 28.1374411513 28.1995547079
25.2237565426 25.4163043025 25.6088520623
52.8425897896 52.9033982934 52.9642067972
4.1924270792 4.2589735408 4.3255200024
87.5377210265 87.7871162431 88.0365114597
40.8728058060 40.9387296864 41.0046535667
203.5102843461 203.7247314318 203.9391785175
54.8186983127 55.0713190423 55.3239397718
363.7754811619 364.5697507714 365.3640203810
119.1956455504 119.8132395688 120.4308335872
34.1835938592 34.2737880383 34.3639822173
14.3480036912 14.4550783456 14.5621530000
10890.1819982667 10905.0389996286 10919.8960009905
43.7974978107 43.9444692799 44.0914407491
33.1544766339 33.2181128654 33.2817490970
58.1407389564 58.2061391127 58.2715392690
37.7991793194 37.9176720445 38.0361647697
55.2578946253 55.3277528992 55.3976111730
0.8598986789 0.9673860137 1.0748733486
5.8944169924 5.9680972048 6.0417774172
1142.5953236638 1146.8907948053 1151.1862659469
200.7909851625 201.1086924175 201.4263996725
1498.7114036672 1500.3529276580 1501.9944516489
139.8303431845 140.0303865939 140.2304300033
172.6904225892 173.0044051757 173.3183877622
14.4798512257 14.6025618293 14.7252724329
56.9455985658 57.0570380934 57.1684776209
82.5796655744 82.6739345990 82.7682036236
4.4199507912 4.4849500676 4.5499493439
251.5116357705 251.7994065208 252.0871772711
47.4778163906 47.5402051112 47.6025938319
61.7646046289 61.8658580791 61.9671115293
40.7556081146 40.8200948363 40.8845815580
210.1180450066 210.4625008181 210.8069566296
80.2951715652 80.3873589034 80.4795462416
16.9756567029 17.0441069316 17.1125571602
63.7931430728 63.8627862421 63.9324294114
182.1395918786 182.3779944857 182.6163970929
51.6428000914 51.7258271012 51.8088541110
34.8485962448 34.9099494072 34.9713025696
6.6769959709 6.7537430510 6.8304901312
370.5694786994 370.9798546448 371.3902305902
32.6945610598 32.8121673946 32.9297737293
59.9538794727 60.0474112660 60.1409430592
54.1507779378 54.2573739573 54.3639699769
321.3150041583 321.7063744435 322.0977447287
116.9979784367 117.2506738544 117.5033692722
0.4487722713 0.6731584069 0.8975445425
37.9750972254 38.0404588385 38.1058204516
121.7268388371 121.8855439724 122.0442491078
21.6268759280 21.7140810729 21.8012862178
3.3559724751 3.4678382242 3.5797039734
360.0410851132 360.5874297037 361.1337742941
72.9102904169 73.1823437394 73.4543970618
40.0848164583 40.2037625012 40.3227085441
36.1541149921 36.2310386411 36.3079622900
20.3446883410 20.4767967068 20.6089050727
647.4126830286 649.0600435452 650.7074040618
37.6489149045 37.7432730872 37.8376312699
79.4755130543 79.5612471568 79.6469812594
61.7284918707 61.8225901815 61.9166884922
144.0714514728 144.2374324077 144.4034133426
556.6212115928 558.0162522233 559.4112928539
77.0595729049 77.1405178344 77.2214627639
48.1338890450 48.2468793949 48.3598697447
67.4280818209 67.5302455812 67.6324093416
13.1157370107 13.2495710619 13.3834051130
16.6853375704 16.7840673785 16.8827971866
88.0311993635 88.1213952644 88.2115911654
71.7920257026 72.0102385466 72.2284513907
253.7568785670 254.7144516936 255.6720248203
275.8782502734 276.2566840872 276.6351179011
59.6838501086 59.8583642902 60.0328784718
1218.9533273701 1220.4237173910 1221.8941074120
285.8266908419 286.3398446854 286.8529985290
41.0024754807 41.0681845760 41.1338936713
84.3148738966 84.4654361714 84.6159984462
33.9261157478 34.0541388261 34.1821619044
29.5847809116 29.6951718852 29.8055628587
35.3458288477 35.4301864345 35.5145440212
62.1843593852 62.3032587339 62.4221580826
64.4876166844 64.5612326852 64.6348486860
215.7695980795 216.0077543688 216.2459106580
213.3974574857 213.6335166201 213.8695757545
343.1815843482 343.5877164007 343.9938484532
41.7835789937 41.8732433263 41.9629076589
10.9601306577 11.0206838657 11.0812370738
20.9888126753 21.1325716663 21.2763306572
103.2741622900 103.4247077161 103.5752531421
677.4641586688 678.6362419883 679.8083253078
61.1268305484 61.1903719523 61.2539133562
91.9259401271 92.0481820688 92.1704240104
6.6631556962 6.7272245009 6.7912933057
62.0818047362 62.1585436790 62.2352826219
611.6148002940 613.5751041411 615.5354079882
400.9827114178 403.2610222781 405.5393331384
67.6631536166 67.8306366701 67.9981197236
859.8522691911 861.0806295756 862.3089899602
523.1030620699 523.8908678863 524.6786737026
178.2300125104 178.4936663750 178.7573202397
59.6959926301 59.9723629664 60.2487333026
3988.4554510753 3999.6275951960 4010.7997393166
18.2505571145 18.4277469894 18.6049368643
421.5891508146 422.6813506872 423.7735505598
29.9214994285 30.0299106583 30.1383218881
29.7199787186 29.8990147350 30.0780507513
33.9234122430 34.0262104619 34.1290086808
514.9802324082 517.6485237678 520.3168151274
89.4516890995 89.5681626530 89.6846362065
19.9326302982 20.0620629625 20.1914956268
5.3446608042 5.4891110962 5.6335613882
384.9791608203 385.3949050544 385.8106492886
107.7999395838 107.9129374241 108.0259352643
44.6215728013 44.7222986993 44.8230245973
483.1219339371 483.7258363545 484.3297387719
461.0435519249 461.9883133018 462.9330746787
224.1584748287 224.9031873697 225.6478999106
82.7489399366 82.8434021968 82.9378644570
83.3953308256 83.6363577933 83.8773847610
170.1338690500 170.3460060438 170.5581430376
38.2530785392 38.3457010054 38.4383234716
62.1014665588 62.1773852221 62.2533038853
40.0292720517 40.1327068632 40.2361416747
13.9378831292 14.0493861942 14.1608892592
56.5044752527 56.5996006319 56.6947260112
74.7504235229 74.8581330669 74.9658426109
66.4868562319 66.6784610049 66.8700657779
113.0402879553 116.0150323751 118.9897767950
27.3069198948 27.3687002565 27.4304806183
67.9475349496 68.0280415076 68.1085480656
143.2373407369 143.3981009397 143.5588611426
199.8796118056 200.2858711792 200.6921305528
45.8614627508 46.0338742649 46.2062857790
51.9306149850 52.0326397689 52.1346645527
37.3507880483 37.4219324065 37.4930767646
67.6889158922 67.7606202523 67.8323246123
46.2682972054 46.3549419567 46.4415867080
41.4501349066 41.5276117943 41.6050886820
38.3589994546 38.4227187228 38.4864379910
42.0479835943 42.1178307431 42.1876778920
41.3290917959 41.4370006518 41.5449095076
40.9438580660 41.0326733764 41.1214886867
18.4900783566 18.7241299813 18.9581816061
80.4546360119 80.5638010540 80.6729660961
4.7144353901 4.7848000974 4.8551648047
327.4741491003 327.8977896554 328.3214302105
54.6918141845 54.8014170185 54.9110198525
29.0389845452 29.1556069731 29.2722294010
362.9023896258 363.5936322727 364.2848749196
8.0428501428 8.1104371188 8.1780240948
27.1142423777 27.2386196363 27.3629968949
951.6804849782 953.9092448961 956.1380048141
33.5926822348 33.6661891981 33.7396961614
93.1497043741 93.2919176632 93.4341309524
43.2027099187 43.3301515408 43.4575931630
1741.5078444151 1743.4153009808 1745.3227575464
44.1907176366 44.2532221877 44.3157267389
282.9613331021 283.4097662766 283.8581994511
193.6970964805 193.9950920136 194.2930875466
247.5012684440 247.8548416846 248.2084149253
494.2087829563 494.8319970584 495.4552111605
38.5149637541 38.7587293475 39.0024949408
62.0871302249 62.2799473995 62.4727645741
6.6486324396 6.7843188159 6.9200051923
70.6294793191 70.7182098207 70.8069403224
685.2889157750 686.2124857424 687.1360557097
474.1547686722 474.7542058008 475.3536429293
52.3431324971 52.4102390773 52.4773456574
29.2867635666 29.3665640123 29.4463644579
74.3294588714 74.4118640364 74.4942692015
76.7514438352 76.8540527174 76.9566615995
17.6478439163 17.7110978372 17.7743517580
129.1923455558 129.3272018664 129.4620581770
6.1244556194 6.2358093579 6.3471630965
132.3807156947 132.5145687945 132.6484218943
37.2342310546 37.3304435379 37.4266560213
123.8016269979 124.1837307850 124.5658345720
1.5863553138 1.6498095263 1.7132637389
116.7630389165 116.9893238756 117.2156088348
29.3859058919 29.6712059491 29.9565060063
114.2753467187 114.5461413792 114.8169360397
178.6835511375 178.9036047719 179.1236584063
30.5377130369 30.6623567636 30.7870004903
37.1182861113 37.1974295785 37.2765730457
20.1609808691 20.2439478685 20.3269148680
79.3455443698 79.4276826145 79.5098208592
85.1507844685 85.3535244315 85.5562643945
39.4875776753 39.5791961850 39.6708146947
178.1275021066 179.0271359557 179.9267698047
21.7914539442 21.8528383215 21.9142226988
78.8797414953 78.9601489790 79.0405564627
2003.8639529137 2012.8498899223 2021.8358269309
208.6534505487 209.0732764049 209.4931022612
27.8121443402 27.8804788472 27.9488133542
47.1332006830 47.2037593667 47.2743180503
64.7078757460 64.8047438235 64.9016119010
42.5914272778 42.6561558907 42.7208845035
40.9135531669 41.1421205030 41.3706878391
139.2778637682 139.8094586681 140.3410535679
13.4304040588 13.5054342491 13.5804644394
5858.0727099540 5867.5980314336 5877.1233529132
91.4186656513 91.6135881794 91.8085107074
3.0118603715 3.0787906020 3.1457208324
60.8165955748 60.8914007354 60.9662058960
40.1786744156 40.2427552360 40.3068360565
27.5399640259 27.6219282046 27.7038923832
141.5548001772 141.7165770917 141.8783540062
244.3660059734 251.7710364574 259.1760669415
50.2957055049 50.3674540149 50.4392025249
23.2976906905 23.3824095658 23.4671284410
52.4708341942 52.7776811778 53.0845281614
21.7108955590 21.8648735417 22.0188515244
18.0085757294 18.0845612810 18.1605468326
54.8727829856 54.9868636155 55.1009442454
284.2302668898 284.6340030644 285.0377392389
482.4113725915 482.9815988002 483.5518250090
156.8453560217 157.0700628355 157.2947696493
54.6584468193 54.7713774945 54.8843081697
2.2190161265 2.2955339240 2.3720517214
9.9195024504 10.1556810801 10.3918597099
116.5183215813 116.6570338689 116.7957461565
23.1903673923 23.4091444432 23.6279214940
26.1217739941 26.1882416125 26.2547092308
479.3085922276 479.9923420025 480.6760917775
42.2386266984 42.3155640876 42.3925014769
600.2555141716 601.0666702718 601.8778263720
52.0297600264 52.1231707266 52.2165814268
5.0094296701 5.0728401722 5.1362506744
119.0136463367 119.2943388988 119.5750314610
99.3817233222 99.4860063477 99.5902893732
642.2495792308 643.2938874897 644.3381957486
80.8401499119 80.9561329103 81.0721159088
163.5369657079 164.0894554569 164.6419452059
150.1268613450 150.2927473796 150.4586334143
116.2630202924 116.4238266829 116.5846330733
61.8553299085 61.9255402717 61.9957506348
48.6818247785 48.7736772781 48.8655297777
85.3474893986 85.7943348928 86.2411803871
68.3374387020 68.6086190143 68.8797993266
67.0968150798 67.1760320987 67.2552491177
1547.1092362581 1548.7091423970 1550.3090485358
18.8716257105 18.9383099003 19.0049940901
49.7103815761 49.7756182973 49.8408550186
67.9431507076 68.0186430973 68.0941354869
37.2940605354 37.3663358465 37.4386111576
9.1721634854 9.2512338603 9.3303042351
34.1093697993 34.1762509165 34.2431320338
10.3141970709 10.4153166501 10.5164362292
44.2598891692 44.4196721626 44.5794551560
8.2678373840 8.3628699976 8.4579026112
58.6079895702 58.7167242447 58.8254589192
290.6542592912 291.8030903556 292.9519214200
23.4624997137 23.5355916131 23.6086835126
39.0522154093 39.1449760160 39.2377366226
64.5993976263 64.6716564603 64.7439152943
209.8482515256 212.9803149812 216.1123784368
73.8244968788 73.9982015774 74.1719062759
419.0481331777 420.0603267361 421.0725202945
31.2830641992 31.3458815972 31.4086989952
393.0933213486 393.5075398116 393.9217582745
28.7196194915 28.8131687407 28.9067179899
43.7172143624 43.7899551517 43.8626959410
68.5370425581 68.6131948276 68.6893470971
71.7760448031 71.9502585041 72.1244722051
123.6773686652 123.8185528760 123.9597370868
104.8293134066 104.9946593268 105.1600052470
46.5602863240 46.6690720397 46.7778577554
232.6829656679 233.0079418769 233.3329180860
12.7985963992 12.8629109539 12.9272255087
76.1958368929 76.2757905518 76.3557442107
58.7563244655 58.8457557052 58.9351869448
79.5925183762 79.7018487585 79.8111791409
36.9237965985 36.9894973042 37.0551980099
1.7984987674 1.8627308662 1.9269629651
18.8776484654 18.9441190586 19.0105896518
193.9469497249 194.3552590927 194.7635684606
103.1714341164 103.2829708019 103.3945074875
29.3521433695 29.4190047439 29.4858661183
9.5156020226 9.6029011237 9.6902002249
1071.5948633627 1072.9444790596 1074.2940947565
202.3429753847 202.6124067767 202.8818381687
65.6258107840 66.1345379994 66.6432652148
11.8805279184 11.9427296353 12.0049313521
47.1710966602 47.2493240178 47.3275513755
34.7991566984 34.8616327427 34.9241087870
29.2805540141 29.3456219119 29.4106898097
35.8135246320 35.9481619427 36.0827992533
159.6823531479 159.8775638485 160.0727745492
18.0447493454 18.1263997949 18.2080502444
54.8994372161 54.9856215760 55.0718059358
99.8517144654 99.9894409681 100.1271674708
11.0182475898 11.0846225752 11.1509975607
6.9673290329 7.0502734262 7.1332178194
63.5697186788 63.6611859000 63.7526531211
12.0520003642 12.1138054943 12.1756106244
134.0099939493 134.1544012704 134.2988085915
141.5575860283 141.8090204617 142.0604548952
49.5988382823 49.6595467747 49.7202552671
59.6116006162 59.7109532839 59.8103059516
59.0577206589 59.1200836163 59.1824465737
22.0493435078 22.1128862845 22.1764290612
72.7350858155 72.8385496645 72.9420135134
182.5811146055 182.7642451116 182.9473756178
222.7653155149 223.0849214196 223.4045273242
51.3350129548 51.4175451300 51.5000773051
373.0321146006 373.8377995134 374.6434844261
23.7882418289 23.9071830380 24.0261242472
929.5236704549 930.8926302052 932.2615899555
74.2980251821 74.4395452300 74.5810652780
73.1224514575 73.2133997802 73.3043481029
252.3813496292 252.7338375477 253.0863254662
64.3504767477 64.4635707314 64.5766647152
4901.2307827077 4914.3708116158 4927.5108405238
300.7773806243 301.1211262022 301.4648717800
48.4768670056 48.5417624099 48.6066578142
22.3727477800 22.4449179341 22.5170880882
51.4675769285 51.5343312436 51.6010855587
53.3404157888 53.4009610962 53.4615064036
143.2350662828 144.2094544888 145.1838426948
39.0827086993 39.1490630435 39.2154173876
56.5463085949 56.6376596588 56.7290107228
63.4163871196 63.5789932405 63.7415993613
54.8419632877 54.9783860820 55.1148088762
7.3042718229 7.4280730402 7.5518742576
114.3112508985 114.4355022582 114.5597536178
26.2134062529 26.4374524602 26.6614986675
11.6620479024 11.8025545037 11.9430611049
32.4237343002 32.4870619062 32.5503895123
0.8283976557 0.8974307937 0.9664639317
19.6603195733 19.7720259345 19.8837322957
136.2788140646 137.0531255081 137.8274369517
43.3804986710 43.4563387036 43.5321787362
54.1349939358 54.2296355336 54.3242771314
20.0298905016 20.1305432177 20.2311959338
30.2063804646 30.2702417341 30.3341030035
6.9164619479 6.9863251999 7.0561884519
72.4489606361 72.5388476840 72.6287347319
46.2655130950 46.3680973812 46.4706816675
28.4254147999 28.4884423272 28.5514698545
0.9103585144 0.9753841225 1.0404097307
6.5531000771 6.7578844545 6.9626688319
15.6827267034 15.7627406152 15.8427545269
15.7476786577 16.1317683811 16.5158581045
40.0378353450 40.0992430679 40.1606507909
25.7260051636 25.8364172029 25.9468292423
55.5720807291 55.6611385508 55.7501963725
25.1652253058 25.2260108741 25.2867964425
14.4680429902 14.5760134603 14.6839839304
26.6257839856 26.6862971310 26.7468102765
36.7706307071 36.9219501750 37.0732696430
239.1224086222 239.4258634554 239.7293182887
102.7455781936 102.8533909724 102.9612037512
43.6309393302 43.7955843843 43.9602294384
349.1488221332 349.7613639264 350.3739057196
99.1993172649 99.3056402201 99.4119631754
114.4282857973 114.6333544098 114.8384230224
69.1271782551 69.3125058108 69.4978333664
90.2131142081 90.4034372338 90.5937602596
109.0162621034 109.1388900698 109.2615180361
57.4286205792 57.5579643192 57.6873080593
49.0628500064 49.2115253095 49.3602006125
28.8609674323 28.9517251916 29.0424829508
48.3907861904 48.5298401737 48.6688941570
61.9657590036 62.0512290160 62.1366990285
51.3771056441 51.4431430550 51.5091804658
50.3661923336 50.4373310234 50.5084697131
226.2690673472 226.9118771976 227.5546870480
37.9934379050 38.0682281371 38.1430183692
82.0843340528 82.5910274729 83.0977208930
62.8387905230 62.9305259836 63.0222614442
44.1509336359 44.2110847716 44.2712359073
44.5398320715 44.6063094328 44.6727867941
45.8593631928 45.9205090104 45.9816548280
458.8412982660 459.3875379068 459.9337775475
71.2187516599 71.3967985391 71.5748454182
1374.9925870702 1377.5341630167 1380.0757389632
94.1413957465 94.2957259035 94.4500560604
9.5249809833 9.5915892420 9.6581975006
27.7675454902 27.8696320545 27.9717186188
36.2091256531 36.2699813264 36.3308369998
37.7832808004 37.8485368985 37.9137929966
87.9324839592 88.0729511860 88.2134184128
30.4244589182 30.6759007274 30.9273425367
62.4695833835 62.6730673685 62.8765513534
238.9651488952 239.2345571803 239.5039654654
93.7880965457 93.9438907260 94.0996849063
144.7286594611 144.9342399433 145.1398204254
63.9400516143 64.0459126269 64.1517736395
16.9961758604 17.0870645014 17.1779531424
58.7412162470 58.8191223694 58.8970284917
1330.2430873713 1332.3990729262 1334.5550584811
59.5482133764 59.6269808544 59.7057483324
3.0819706120 3.2220601853 3.3621497586
71.9072828637 71.9889029351 72.0705230065
18.4604061490 18.5810623984 18.7017186477
73.1622461519 73.2590216098 73.3557970677
18.0531960971 18.1186062279 18.1840163586
69.9324630358 70.0532444919 70.1740259479
24.9348168626 25.0103769137 25.0859369648
30.2290890770 30.4266648226 30.6242405682
19.3225393227 19.4037264627 19.4849136027
1.8708444884 1.9521855531 2.0335266178
28.0127117571 28.0918437112 28.1709756653
35.9497235953 36.0179393896 36.0861551839
240.1776050184 240.4409576555 240.7043102926
119.6574335613 120.0337147989 120.4099960365
108.7556572852 108.8862162976 109.0167753099
19.1637892831 19.2252116846 19.2866340862
96.5130178501 96.6512886493 96.7895594485
15.6795037347 15.7567426693 15.8339816040
160.0559246788 160.3722407355 160.6885567922
224.4113546188 224.9078399166 225.4043252144
405.2974586589 405.7039756686 406.1104926783
14.0818643870 14.1596647427 14.2374650984
90.7060682457 90.8029764382 90.8998846308
31.7660636189 31.9023986559 32.0387336929
50.5672820543 50.7386965697 50.9101110852
87.5288059545 87.7981253574 88.0674447603
63.6833064208 63.9924486850 64.3015909491
217.7516603265 217.9906852007 218.2297100748
55.9806071754 56.0544602192 56.1283132629
48.7117707922 48.7895851225 48.8673994529
61.2282354847 61.3012131194 61.3741907540
15.5162026723 15.5800553582 15.6439080440
21.9856214036 22.0855560463 22.1854906891
224.9344340054 225.2534899402 225.5725458749
22.4012219975 22.4941731261 22.5871242547
10.6885391503 10.8157836640 10.9430281777
16.1335784820 16.2751011002 16.4166237185
58.9409462870 59.0106988862 59.0804514853
607.9668344319 609.5098974635 611.0529604950
211.0495443039 211.5113594993 211.9731746947
422.0350323389 422.5497092076 423.0643860763
30.8416494638 30.9424391680 31.0432288721
982.3634170161 985.8103061987 989.2571953812
167.1158054656 167.4775279883 167.8392505109
317.8577028668 318.3892374870 318.9207721072
120.0479456420 120.2317862938 120.4156269456
35.8088563596 35.8929147078 35.9769730561
62.3536089150 63.5527167787 64.7518246425
30.4252535827 30.4874729151 30.5496922476
9100.2938140237 9112.2051933614 9124.1165726991
72.7559029937 72.8701194819 72.9843359701
51.5456154469 51.6241910802 51.7027667135
19.6981773522 19.7611108262 19.8240443001
62.6948697684 62.7762916772 62.8577135860
46.3898493540 46.5476379572 46.7054265605
232.6200717622 232.9023776745 233.1846835868
53.4773165281 53.5834223148 53.6895281016
53.0791471013 53.4306646318 53.7821821622
73.9048559105 74.0294846725 74.1541134346
26.6904471806 26.7868025856 26.8831579906
98.0664940332 98.1945181769 98.3225423205
262.7903769882 263.1548574001 263.5193378120
10.9074787773 11.0834058544 11.2593329314
217.1372187850 217.5905323942 218.0438460033
61.3235076350 61.4106148901 61.4977221453
16.7712961886 16.8368090644 16.9023219401
178.5614027749 178.7815771309 179.0017514870
1410.9330125924 1412.4058027934 1413.8785929944
7.5187578119 7.5932009585 7.6676441052
52.8150603879 52.9114382354 53.0078160828
104.7506095719 104.9716024191 105.1925952663
121.4621595941 121.6190874488 121.7760153036
195.4740245094 196.6306755420 197.7873265746
142.2265446609 142.4006285589 142.5747124569
16.2337482328 16.3002799878 16.3668117429
42.2578763427 42.3249523369 42.3920283311
63.3128927212 63.3804625107 63.4480323002
94.2470177496 94.4005145212 94.5540112928
432.6889352973 433.4273123199 434.1656893426
74.5293783738 74.6946319843 74.8598855949
105.3186780386 105.4882733333 105.6578686281
63.4158780311 63.4860283386 63.5561786462
435.7978661644 436.5719298698 437.3459935753
122.5631445549 122.9054997073 123.2478548597
19.6340557179 19.7012956348 19.7685355516
320.7385637931 321.2282409897 321.7179181864
40.0490003711 40.2424738029 40.4359472346
11.0957452668 11.1563777545 11.2170102423
6.4424237902 6.5068480281 6.5712722660
5.3208942650 5.3958364377 5.4707786105
115.1123403972 115.3716024251 115.6308644531
12.9630887072 13.0512729841 13.1394572610
151.9397931456 152.0949921172 152.2501910887
2.1428813778 2.5000282741 2.8571751704
125.6500528441 125.8180341982 125.9860155523
61.5062358431 61.5988657163 61.6914955896
91.2669389121 91.3590347132 91.4511305143
54477.7662874871 54539.8138572906 54601.8614270941
29.4877669829 29.5555549530 29.6233429231
135.6999277652 136.0461010503 136.3922743354
146.4481139179 146.6558417391 146.8635695603
152.2342229791 152.4070200540 152.5798171289
149.4405430859 149.6629248465 149.8853066070
8.7670709638 8.8288109001 8.8905508365
387.4794069193 388.2701812191 389.0609555189
181.0359597190 181.3215053968 181.6070510746
3.2208576607 3.4509189222 3.6809801837
19.6819386338 19.8676173002 20.0532959665
165.6716925133 165.9548919877 166.2380914621
25.9267166173 25.9967888243 26.0668610314
118.1124215503 118.2944129549 118.4764043594
34.2183681173 34.3024427319 34.3865173464
54.9315306986 55.0440953107 55.1566599228
30.7581770494 30.9984753076 31.2387735657
28.8781701124 28.9426303135 29.0070905147
45.2176437271 45.3464689229 45.4752941187
45.2609814194 45.3238438936 45.3867063678
629.8757286165 630.9083117782 631.9408949398
85.2121427303 85.4751431709 85.7381436114
36.4554899019 36.7235449747 36.9916000475
39.0612956578 39.1377365495 39.2141774412
75.6008276301 75.7903033886 75.9797791471
235.1797557266 235.6277171661 236.0756786056
131.3375411520 131.4752115305 131.6128819091
