1000
8 785.0878
720 752.2503
299 483.3169
964 579.5335
299 1.0672
482 35.7944
420 770.2196
451 240.8013
428 782.1123
233 713.0337
91 295.5828
207 688.0399
821 968.8008
820 191.0962
497 263.3821
854 311.0679
134 393.6098
724 134.5223
717 312.9506
684 632.9094
138 191.5394
406 455.9590
595 130.7217
953 653.1968
949 911.9397
900 0.2776
728 463.9789
802 522.2769
508 423.3502
528 705.4849
11 553.0180
308 499.1545
969 592.5150
738 148.2797
492 500.7065
91 304.5322
391 457.0285
436 722.1711
784 504.8762
438 505.4873
902 286.1200
198 529.3947
932 877.4857
264 78.6643
600 242.3303
143 890.7920
376 162.0203
287 361.8676
329 348.2574
65 290.2971
129 418.5621
63 666.6771
675 31.8751
517 151.9025
895 882.4511
177 125.4352
249 915.7787
108 461.9517
123 621.1373
449 24.5054
659 235.4189
174 900.5592
443 184.8671
284 829.9453
371 530.7827
567 847.8515
951 616.8661
727 804.4936
446 271.5827
473 634.1991
498 226.8744
869 807.3014
844 733.3029
444 693.3754
234 120.3083
557 623.2675
289 894.9715
488 519.5164
591 216.5089
60 824.0338
107 218.5684
336 866.5976
906 990.9503
750 731.4365
672 217.3465
37 656.4048
548 123.1427
780 746.4303
473 112.2752
85 16.8410
900 550.1370
99 307.0434
531 911.6813
47 418.5784
248 854.5802
931 997.2377
618 29.8150
75 482.6720
603 853.6152
53 51.4918
270 864.4501
246 353.2054
742 705.2494
212 506.3368
190 64.1871
334 497.3471
517 568.8080
597 910.9000
28 395.2733
924 837.0778
4 626.1662
596 70.9218
121 951.8555
63 809.4285
921 206.3067
344 746.6363
244 722.2278
799 283.4840
631 473.4507
134 850.7584
614 859.2370
33 778.0552
426 840.8487
924 458.2466
762 863.7874
547 37.1950
80 106.7779
374 627.5591
19 885.9175
164 376.4288
1000 506.6583
118 35.1381
794 711.7595
126 476.6670
970 255.9361
541 517.1661
85 315.9928
541 376.6468
485 498.8341
731 43.9616
733 570.2672
942 248.2605
474 739.1553
919 896.1258
681 144.3276
203 307.8859
946 812.7127
302 980.8928
911 734.4272
709 624.5357
407 173.9816
251 876.2966
173 807.7412
6 675.9527
892 265.1979
497 167.3225
549 273.0553
491 4.0768
111 918.1370
1000 395.8413
14 255.1035
451 152.7896
959 990.4491
197 370.5651
389 88.9295
575 570.8819
448 481.8675
344 751.7399
761 788.8047
635 517.6241
194 521.4200
638 849.5686
880 744.6722
919 363.8691
152 667.1283
867 845.2375
641 518.8411
890 181.3754
219 257.8173
179 280.4821
713 25.8743
446 425.4369
365 451.0906
422 777.8550
909 722.9181
399 144.6980
183 961.2136
793 484.2919
153 753.2867
180 633.5881
702 181.2436
668 796.3456
34 436.2805
738 195.3944
119 363.7013
735 186.1729
722 381.1610
750 99.6761
458 4.8636
903 720.9932
197 856.0562
50 601.8550
994 604.1515
295 760.5154
709 922.9198
267 348.8587
675 986.7461
359 738.6832
992 37.8030
894 279.8887
299 67.6938
353 707.7197
22 161.0332
99 379.9943
856 438.3697
58 306.8412
859 135.8049
948 365.7796
833 563.2437
287 321.6332
288 205.0957
183 48.3715
359 140.9026
449 318.2981
960 712.4946
513 616.8508
721 746.4377
498 648.8948
222 628.2463
345 963.0010
933 990.5494
185 695.4865
401 792.8109
717 142.1357
1000 188.5895
348 324.3635
391 208.2212
537 748.2726
381 655.9009
55 687.1292
829 2.6261
73 80.1193
459 55.6227
49 713.8151
54 8.6895
184 509.9568
617 41.0716
382 163.7305
682 978.4610
535 957.1748
753 903.7107
513 433.5775
317 679.9940
39 640.7392
50 386.2876
216 253.4872
192 871.6162
511 294.0470
910 236.5581
114 354.8026
398 594.3301
209 129.6202
326 457.8722
887 77.8347
528 201.5860
400 843.1513
402 903.6162
365 676.6833
950 483.6576
520 311.2638
113 541.8455
897 268.1612
251 552.1545
162 709.4734
564 656.6975
850 868.2267
135 338.0696
908 797.2595
599 554.2599
238 407.9595
861 785.9122
942 29.8041
56 985.2786
506 717.5913
243 800.6429
165 847.8900
495 795.7430
269 152.4562
415 722.3708
556 711.6335
939 4.6958
760 990.0670
528 504.9328
12 121.6405
872 682.8934
33 109.3335
876 307.4998
167 161.5943
800 986.9942
155 269.1655
865 297.3414
346 95.1357
33 193.3551
399 980.3064
388 617.2232
128 541.7698
33 902.0935
703 785.8131
472 324.5708
217 599.0215
495 315.8305
542 133.1580
575 892.8566
325 257.1391
606 344.8198
102 280.0050
488 737.5816
755 129.7041
592 672.1617
2 159.2286
470 837.9001
969 578.2670
670 447.7297
436 158.8419
417 941.7218
913 382.3024
885 230.5445
169 955.4608
11 860.0160
982 698.9860
289 69.6006
320 932.0624
420 202.7081
149 255.4183
302 359.8295
795 639.4764
392 970.9505
234 279.0974
827 494.3164
199 835.2662
325 303.5740
468 56.3899
598 92.0365
564 423.4388
316 30.5310
72 153.3992
431 337.3802
918 107.1867
716 505.3400
168 220.9417
328 617.8888
868 440.4193
68 405.6198
252 773.6811
632 951.3046
203 957.4027
813 723.7150
397 386.6622
737 955.7884
853 840.6343
589 752.7238
927 505.9761
191 199.5239
384 244.4008
301 773.8469
667 564.5469
566 302.9706
467 361.4727
783 549.5465
651 305.4040
458 599.8401
440 710.0457
352 249.5482
191 535.9608
443 494.6732
980 764.4328
606 928.0590
405 895.0710
318 212.1600
24 524.4855
257 496.2869
171 37.5802
142 398.3985
889 185.8534
145 244.6612
600 148.3549
660 510.5611
361 671.5268
770 892.6978
390 190.7084
381 257.3762
197 327.8594
937 851.9815
596 610.7601
384 553.3592
543 823.2851
577 947.9611
604 939.7882
416 227.9937
835 904.1818
326 313.0330
546 897.3661
859 687.9666
49 381.2973
835 79.4294
425 361.7003
298 776.6175
866 851.7290
402 960.1269
387 224.5968
621 483.5488
312 601.5711
32 821.0487
371 293.2091
641 417.9001
972 280.3727
716 593.8714
57 335.7935
742 675.7593
587 418.6126
979 579.4415
127 501.4889
486 917.6432
67 147.0902
492 233.7947
765 570.0246
131 374.7643
690 942.3892
549 556.9615
565 241.8425
885 996.5420
352 764.1599
618 912.3648
276 142.8657
534 812.5800
74 755.3586
208 476.2199
341 698.5298
371 499.4198
399 431.8433
842 622.8876
937 766.9249
848 876.5642
53 452.4260
568 749.9948
811 179.3133
666 599.6411
752 87.3423
143 119.1786
436 100.5872
239 539.3138
882 912.5542
700 679.3169
99 139.9815
420 180.6953
570 873.6822
242 720.1216
386 579.5344
117 601.1885
923 469.4243
742 681.9552
725 549.9454
503 560.9508
19 787.0331
413 562.7256
859 312.3445
198 442.3535
400 641.7332
997 336.6815
991 339.2059
814 361.3043
652 161.0294
20 669.9740
472 836.0415
79 594.2425
229 267.1693
491 535.1219
96 664.2781
300 756.4138
566 444.6496
140 811.2217
764 645.5912
513 901.9906
249 634.4207
36 956.6626
458 620.0165
381 464.3003
532 211.5253
563 937.0562
333 212.0578
915 853.9197
971 951.1544
743 674.0809
300 117.3136
360 513.1967
59 246.3515
975 771.4254
127 55.1173
687 421.8471
906 44.6075
988 359.4029
386 85.0108
298 386.9024
702 318.5544
771 935.8167
582 768.4870
831 938.8041
141 967.0951
615 978.4073
733 48.7230
778 262.6601
101 306.7179
118 81.8431
724 527.3376
857 502.0985
631 738.3381
413 579.0185
631 867.7656
518 68.5463
608 956.0065
990 442.7843
743 17.9249
579 833.9184
303 504.8208
65 866.6863
193 991.9811
558 141.5338
476 392.7537
55 203.1504
708 353.9160
621 175.3949
51 697.4828
954 851.1014
628 940.1347
597 314.1269
83 649.9620
177 709.7709
111 932.9701
462 302.4871
150 666.1685
840 676.5605
466 967.9571
41 851.3544
591 158.1585
448 612.2761
649 988.8612
903 914.8401
393 410.2325
872 281.0418
952 899.8588
895 933.8222
139 270.4175
253 855.4167
671 629.0364
625 506.3199
944 941.6340
791 477.7984
32 109.3443
962 693.8575
961 169.9789
260 752.8385
44 10.7623
50 857.3515
846 802.0390
107 36.9255
28 4.4081
89 70.0619
561 38.6395
855 459.9196
78 413.8358
827 556.8553
362 968.5487
388 440.3759
422 273.9592
665 814.7452
458 243.5087
315 516.4890
783 579.7291
615 383.3889
636 720.5047
129 942.8760
662 482.0615
476 811.9217
190 955.5650
665 913.4491
527 62.7204
19 782.5162
233 895.8874
973 261.6389
723 716.3138
480 672.9364
113 989.9130
31 724.3948
723 261.6269
548 513.2056
898 897.8240
496 735.1036
973 830.2137
650 48.0218
997 294.8133
20 630.5270
603 828.5889
124 143.4367
730 325.5812
208 32.3476
587 544.2097
204 26.0842
808 975.7692
886 558.4867
800 430.4051
217 516.9948
164 884.6957
919 577.5957
308 331.1980
662 944.0605
641 218.6005
268 800.3433
682 439.5704
807 762.6488
864 467.8892
719 358.6996
668 524.9355
123 986.5427
656 277.8076
42 636.8600
817 684.0656
433 84.1545
710 753.3258
70 679.7714
782 558.9460
877 844.0737
499 322.0938
761 788.6731
519 538.0109
670 445.7529
289 874.4001
208 785.7114
348 590.1545
158 485.1183
64 55.8051
223 835.1653
286 672.8437
203 475.5408
784 468.0318
888 310.8282
873 800.9343
733 419.6730
202 658.3484
335 352.6730
720 724.4659
556 938.3853
18 301.3652
457 564.2443
184 93.2509
197 395.6961
875 459.5981
493 361.2095
292 672.1091
714 472.3737
180 869.5996
546 954.6194
560 168.2129
365 399.3014
680 590.7955
907 156.1497
94 134.7774
407 350.5916
71 667.5403
14 265.5818
26 411.0002
708 334.0442
791 131.4606
963 793.8250
939 414.5258
40 980.0805
527 187.7417
134 984.1095
781 542.2026
945 821.6656
416 407.3140
103 544.9034
13 264.8570
858 589.2020
7 99.2506
704 742.0261
723 356.4553
212 265.4819
33 861.9465
19 512.1398
954 372.0512
275 319.6279
484 243.1791
31 449.7686
521 186.4191
390 520.7931
145 359.9106
721 307.2038
436 735.9450
80 894.9891
14 231.9606
523 303.6767
667 144.7393
109 803.5788
221 687.5503
542 840.5639
944 912.9752
683 527.2099
482 687.9101
851 224.5058
901 426.5463
517 928.7133
701 556.9775
814 321.5984
298 297.2993
861 780.5226
898 426.1732
802 199.4951
574 391.8015
135 619.2236
486 341.4460
206 971.6381
580 910.0752
401 86.1094
577 110.7552
394 29.6394
874 739.2407
575 447.7876
240 322.6132
512 546.5896
641 557.5666
560 873.7401
634 441.7265
434 512.1984
518 406.2765
115 633.4902
590 115.9986
340 47.2504
515 466.0879
328 115.5343
833 369.1283
637 977.9300
820 75.8741
749 947.5028
477 58.1771
499 944.8683
227 37.0357
847 171.7788
339 45.6291
238 482.9444
728 658.8875
561 602.3083
220 704.5118
377 503.8011
691 326.5040
121 139.4777
474 266.2765
24 11.1583
707 565.7928
739 893.3311
905 693.7446
783 693.9968
973 84.1205
728 794.8613
854 589.7163
108 284.4787
191 799.8093
872 199.4387
145 494.8163
855 531.3868
623 800.3543
11 370.3930
202 282.0150
594 749.0485
943 92.6612
479 56.3679
623 119.8194
226 881.1860
425 388.4031
102 775.0276
509 477.7768
956 514.7233
640 202.9072
20 659.4797
206 495.7390
317 468.7823
29 819.2829
712 945.6164
248 321.1110
557 210.9557
894 943.1495
394 349.3562
358 385.6767
50 792.9394
841 23.8624
174 909.9945
70 290.8665
372 227.9018
710 653.4994
817 460.2954
959 952.8822
449 350.5945
226 393.4676
380 465.9269
161 782.0661
807 639.3088
226 155.9909
822 407.8710
431 648.3979
440 863.9244
392 303.3373
350 860.0931
787 374.9969
478 687.4076
508 386.2540
829 698.4675
364 408.4087
967 805.0005
356 306.5393
212 406.6472
114 216.9493
85 402.7195
627 459.7278
934 396.9133
111 959.2066
316 679.5608
325 829.7625
942 689.0094
205 560.9779
450 746.8693
431 946.0147
827 432.4948
602 809.0107
583 755.6322
210 595.3749
588 640.0367
435 695.4554
950 369.6525
631 527.1170
74 964.9961
215 456.1857
265 665.1874
858 408.1784
428 782.0371
827 450.6838
555 112.1144
429 170.7295
110 6.8677
54 937.5073
427 593.2286
318 639.4371
285 926.1628
359 223.3450
615 163.3887
713 281.9248
962 309.7561
497 736.6694
899 692.7591
698 807.2623
369 470.8909
870 620.6292
253 560.1906
656 890.8860
299 650.0419
122 979.5706
329 752.2922
914 113.2679
481 636.4397
873 680.5017
999 393.7371
337 6.0957
916 854.6549
998 382.8243
987 479.2090
228 824.1376
297 753.4171
250 777.3373
198 179.8817
963 571.4717
73 107.7579
748 320.3719
809 876.4353
668 258.3106
544 913.4020
264 906.9165
340 536.1848
501 612.2007
524 80.6569
758 605.3587
461 720.0547
851 921.9227
441 207.9474
826 560.3719
48 613.1991
348 218.8601
945 205.1372
106 862.5168
903 734.2675
376 146.6024
565 833.2235
395 571.2119
83 940.8368
337 527.4635
641 817.2756
773 443.7216
206 465.2519
916 574.4630
901 566.3855
429 114.8215
320 681.4567
191 819.4358
860 432.8877
857 550.7200
859 634.0144
911 950.1566
988 707.5116
716 879.1525
861 42.2673
501 936.3532
408 255.0989
114 193.8756
931 698.2668
345 243.2694
646 979.5878
774 929.5995
393 448.9227
581 247.9479
936 79.2261
315 363.6049
255 160.8584
325 323.4000
846 798.0819
638 857.9502
817 210.8241
848 324.6417
655 702.7758
883 222.7629
716 811.7316
868 718.8474
178 580.9580
503 345.5226
98 425.3591
15 970.9668
104 317.4758
287 536.7344
536 2.4632
100 707.2512
771 794.0254
33 7.3356
843 360.5179
215 284.3400
689 13.4150
64 395.3687
738 823.1163
640 382.5238
379 627.8113
231 109.2302
887 993.7702
268 185.8999
483 190.9906
902 750.9210
176 745.3506
268 303.4337
411 60.9111
363 894.6306
748 268.9478
449 491.1675
317 633.9729
874 133.7863
201 379.6572
680 780.8386
55 549.2764
101 773.1743
338 174.2195
727 412.4509
426 50.5640
339 326.0545
833 724.8669
225 104.6973
541 82.2841
466 439.9645
136 290.5919
978 805.1546
389 784.4660
420 779.0218
538 182.0085
651 743.7555
909 927.5870
10 853.2001
422 123.7296
917 574.6356
909 791.0756
107 234.9900
152 220.4663
472 586.2863
283 489.5869
471 750.5197
188 402.3114
494 956.8534
232 700.5066
338 605.1586
