0.5349720120 0.6113965852 0.6878211583
57.3479332610 57.4276939471 57.5074546331
36.9943612566 37.1185034084 37.2426455603
99.7008801044 99.8044116518 99.9079431991
16754.1229385307 16810.3448275862 16866.5667166417
806.2713720582 807.9476119169 809.6238517757
32.6400418790 32.7179417403 32.7958416015
112.1256405177 112.3748086078 112.6239766978
32.7574441675 32.8341594935 32.9108748194
19.5222189358 19.6063664312 19.6905139266
18.2689926477 18.4719814549 18.6749702621
17.9640744672 18.0512787122 18.1384829572
50.7844337040 50.8463659402 50.9082981765
257.1479704986 257.4619484846 257.7759264705
112.9917333031 113.2195392170 113.4473451309
164.5299948982 164.7228788313 164.9157627643
20.2738854571 20.4263206861 20.5787559151
322.4744150226 322.9204377267 323.3664604307
137.2740617848 137.4657853348 137.6575088848
64.7486038286 64.8434041270 64.9382044255
42.9154523821 43.2287038594 43.5419553366
53.2942654932 53.4258562722 53.5574470512
272.6402731911 273.0992635500 273.5582539089
87.4468460348 87.5387019655 87.6305578962
62.3725450268 62.4383388507 62.5041326746
194308.3573487031 194524.4956772334 194740.6340057637
94.0128958450 94.1422120704 94.2715282958
92.0201525283 92.1350341170 92.2499157056
71.8554048162 71.9971314529 72.1388580896
44.8202364076 44.9052842945 44.9903321815
1.0849556434 1.1934512077 1.3019467721
36.9024019617 37.0226052254 37.1428084892
98.0228348649 98.1240981241 98.2253613833
298.2201879286 298.6248286178 299.0294693070
58.8368635119 58.9566941911 59.0765248704
17.7321150276 17.9291385279 18.1261620282
51.2003080771 51.3315909183 51.4628737595
36.1410197666 36.2241025707 36.3071853748
93.0525146561 93.1713556710 93.2901966858
51.8707393836 51.9894367277 52.1081340718
188.9417027820 189.1514050049 189.3611072277
22.3273863528 22.4407233393 22.5540603259
63.6591570666 63.7275342493 63.7959114319
200.5992553166 201.3619901277 202.1247249388
148.3099719680 148.5575679145 148.8051638611
9.5645223576 9.6318781489 9.6992339401
138.8714870914 139.2418110570 139.6121350226
47.4206588266 47.5864653260 47.7522718254
56.5099262787 56.6822126393 56.8544989999
13.2278276290 13.4345124357 13.6411972424
18.3485317949 18.4918796996 18.6352276042
5.5799126744 5.6699112659 5.7599098574
1268.7019021117 1270.5842491475 1272.4665961832
203.8149470878 204.2099372953 204.6049275028
60.7852378449 60.8532302810 60.9212227170
84.1868949067 84.6652295368 85.1435641670
16.2484670150 16.3139850272 16.3795030393
13.8975568225 14.0274405311 14.1573242397
11.7848340455 11.8814310459 11.9780280463
1096.9010911881 1099.3495311238 1101.7979710594
167.7010639333 167.9559287721 168.2107936109
11.5261717386 11.5927970088 11.6594222790
143.4544058948 143.7789633742 144.1035208536
20.4591796592 20.5314735802 20.6037675013
41.8250255707 41.9380661804 42.0511067900
40.0541840169 40.1249511265 40.1957182360
92.4025489486 92.4998147896 92.5970806306
54.1458626893 54.2204437674 54.2950248454
98.3125950217 98.5335222015 98.7544493813
44.6547464353 44.7493539489 44.8439614626
131.4383641345 131.7028276438 131.9672911532
64.5112222028 64.5855438873 64.6598655719
68.9755897597 69.0574113371 69.1392329145
38.3342126069 38.4207458182 38.5072790295
116.2014590847 116.7001777932 117.1988965017
53.5243695524 53.6206364041 53.7169032558
19.3078774017 19.3749186427 19.4419598836
56.2446151844 56.3601072074 56.4755992304
163.5036712117 163.7807960781 164.0579209446
4.2959402879 4.3687528351 4.4415653824
29.0984424098 29.3729560174 29.6474696251
23.1941560881 23.2633923750 23.3326286618
54.7958863325 54.8564342732 54.9169822139
61.4407402420 61.5227706028 61.6048009636
185.2341767638 185.5102336592 185.7862905545
3.2906523535 3.3820593634 3.4734663732
266.5200616845 267.0073012854 267.4945408863
62.6180368080 62.6984193970 62.7788019859
252.2373596306 252.7717608163 253.3061620019
299.2696395701 302.8323733745 306.3951071789
98.0483043315 98.1573680738 98.2664318161
19.1503872091 19.3457993235 19.5412114379
34.8806101430 34.9464226150 35.0122350870
6.5937468345 6.7370891570 6.8804314795
17.3418480793 17.4120579906 17.4822679018
55.9545632902 56.0147294873 56.0748956843
1241.6568841187 1243.6692939795 1245.6817038403
9.1987933835 9.3231014022 9.4474094209
42.3141481080 42.3844373905 42.4547266731
60.5921719575 61.7574060336 62.9226401097
18.6708290045 18.7402372907 18.8096455770
41.6188427470 41.7887155746 41.9585884021
63.0415282877 63.1266045742 63.2116808607
25.0031204526 25.1216186538 25.2401168550
176.6710133345 177.6057806008 178.5405478671
40.1731507030 40.2937907952 40.4144308874
54.4296142108 54.5350979592 54.6405817077
39.2578768251 39.3237457460 39.3896146668
4.0984301242 4.2502238325 4.4020175408
66.1587250313 66.2304029566 66.3020808818
0.2874636159 0.3832848212 0.4791060265
503.3713188329 504.2173210494 505.0633232659
7.5641733435 7.6272081214 7.6902428993
4.5958352097 4.6699615840 4.7440879584
267.5628081880 267.8536373273 268.1444664667
27.5636210026 27.6439814137 27.7243418248
20.1875363978 20.2706126793 20.3536889607
168.8984210749 169.1100732316 169.3217253884
79.8393581423 79.9660872822 80.0928164221
9.3798662464 9.4503915565 9.5209168666
42.8054192266 42.8752486217 42.9450780169
2.4676912384 2.5448065896 2.6219219408
30.3265022590 30.3978587349 30.4692152108
120.8519604946 120.9828943630 121.1138282313
52.8602292647 52.9296908012 52.9991523377
880.7635434870 882.3766635300 883.9897835731
44.3912082931 44.9531223221 45.5150363512
35.6619798836 35.7575884088 35.8531969340
1.2190751396 1.2868015363 1.3545279329
25.9810088920 26.1404015846 26.2997942772
118.3045851612 118.4230081694 118.5414311776
199.7831413765 201.4906895933 203.1982378102
66.8484228170 66.9327209542 67.0170190914
15.7342547313 15.8601287691 15.9860028070
227.1660777827 227.4005112995 227.6349448163
62.6491179526 62.7651348377 62.8811517228
15.9497305002 16.1396082442 16.3294859883
86.0222362171 86.1815366545 86.3408370919
58.2157474800 58.3360279500 58.4563084200
996.3240646382 997.6888921240 999.0537196098
77.0165283923 77.1217422289 77.2269560655
227.4224050946 227.6640867154 227.9057683361
38.3951789292 38.4763526691 38.5575264089
61.4645845483 61.5315394334 61.5984943185
282.6902130985 283.1059340001 283.5216549018
39.3652323799 39.5601097679 39.7549871560
69.7663516271 69.8401784542 69.9140052813
18.4117979049 18.4729666687 18.5341354325
74.3436517602 74.4253480808 74.5070444014
68.0185296053 68.1146009748 68.2106723443
140.0148061634 140.3596702180 140.7045342726
17.1174919542 17.1859619220 17.2544318898
12.7763694609 12.8506506787 12.9249318965
0.4438180364 0.5325816437 0.6213452509
201.5853066710 201.8115528064 202.0377989418
177.8601204261 178.2187093786 178.5772983311
120.4151686490 120.6349043582 120.8546400674
7211.5384615385 7226.2558869702 7240.9733124019
7.1884696946 7.2538194191 7.3191691436
151.4243208074 151.5758967041 151.7274726008
3.0575825106 3.2927811653 3.5279798200
176.7135983077 177.1062951929 177.4989920780
58.0342796010 58.0948581810 58.1554367610
31.7353145237 31.8972293937 32.0591442637
261.7803990802 262.4550908304 263.1297825806
60.3277140158 60.4328145629 60.5379151099
55.6584538281 55.7829693847 55.9074849414
27.3764901930 27.4563050332 27.5361198734
57.8089861787 57.8850506342 57.9611150897
73.4896230682 73.6055373001 73.7214515321
22.2085842507 22.3236546354 22.4387250201
44.9875383812 45.0581624603 45.1287865394
70.8231084765 70.9036808410 70.9842532056
151.3731174205 151.5380118839 151.7029063474
13.5805961162 13.6705338388 13.7604715615
61.4738461083 61.5448320738 61.6158180393
74.0110989665 74.1267413087 74.2423836508
294.0861880939 294.4169937048 294.7477993157
50.7336008871 50.9663238270 51.1990467668
38.0772961982 38.2912135926 38.5051309870
1651.0591590884 1653.3780624017 1655.6969657150
62.7590131463 62.9000446365 63.0410761267
48.4159944809 48.5490054548 48.6820164286
32.4739186609 32.5510538597 32.6281890584
75.3612338659 75.4442308195 75.5272277731
165.0333798670 165.4480366004 165.8626933337
11.3606382598 11.4230593491 11.4854804385
98.1226404984 98.2465327213 98.3704249441
12.1069441423 12.1865950906 12.2662460389
16.9510759435 17.0457746918 17.1404734401
232.0633666513 232.3944128234 232.7254589955
50.2545628431 50.3299070152 50.4052511874
4.5383646530 4.6758908546 4.8134170562
226.3115012508 226.6185724872 226.9256437237
19.4665237655 19.6314943059 19.7964648463
236.5542997934 236.8765808558 237.1988619181
113.4953471105 113.6527609068 113.8101747031
450.8603366303 451.4622863455 452.0642360606
5637.7991611152 5650.1357019492 5662.4722427831
75.0631212611 75.1463397990 75.2295583370
13.7374158379 13.8075046942 13.8775935505
4.8848975252 4.9845893114 5.0842810976
98.6176480568 98.7169608947 98.8162737327
23.1947965814 23.2736904473 23.3525843132
46.0278347046 46.0928457706 46.1578568365
45.7491815454 45.9211709497 46.0931603540
40.9831870630 41.0439929785 41.1047988941
29.0787715221 29.1599971409 29.2412227596
1572.8910403936 1574.4782160146 1576.0653916356
191.4332375691 191.6476084958 191.8619794225
264.1305407585 265.0168848550 265.9032289515
29.8423231683 29.9271024955 30.0118818227
7.8244734626 8.1970674370 8.5696614114
15.4739163193 15.6318134246 15.7897105299
117.0245115025 117.1613822762 117.2982530499
11.1458304817 11.3413713673 11.5369122530
379.0732145895 379.5150248629 379.9568351363
155.3394448460 155.5034780507 155.6675112554
88.6294866680 88.7360124933 88.8425383187
53.3527011515 53.5392490576 53.7257969637
83.9608046390 84.2533509966 84.5458973543
225.7527676421 226.9931674643 228.2335672865
152.4457320163 152.8715580834 153.2973841505
84.4491374595 84.6376399985 84.8261425375
80.7585068013 80.8427179659 80.9269291304
49.8013458036 49.8986140571 49.9958823106
57.8748902956 57.9552720877 58.0356538798
45.9550608203 46.0475257314 46.1399906426
21.1063718163 21.2018757611 21.2973797060
21.4329995504 21.4953047816 21.5576100129
56.4535196326 56.5140920786 56.5746645246
15.8737804400 15.9600509859 16.0463215318
30.2720358663 30.3477159560 30.4233960456
302.2463744154 302.6685062233 303.0906380311
317.8331773508 318.1513286795 318.4694800082
64.1872467155 64.3722243717 64.5572020280
112.3804876737 112.6686427703 112.9567978669
42.9789892079 43.0591738893 43.1393585707
34.7613488562 34.8528260900 34.9443033239
4.7152704324 4.8025902552 4.8899100780
18917.7868321846 18940.6344008225 18963.4819694604
53.9195924078 54.6684756357 55.4173588636
494.0428997514 495.1215960390 496.2002923267
4.0346582750 4.1187136557 4.2027690364
365.9589159330 372.8638011393 379.7686863456
21.5312355870 21.6488926121 21.7665496371
899.8918961034 901.3527595711 902.8136230388
139.6196799008 139.9861357536 140.3525916063
41.7594569431 41.8207777316 41.8820985200
33.4735097497 33.5361942249 33.5988787001
49.9274823237 49.9938752523 50.0602681810
70.8523850984 70.9907686630 71.1291522277
27.8825989641 27.9708350368 28.0590711095
3.5583900595 3.6520319032 3.7456737468
7.6109095917 7.7662342773 7.9215589628
50.8901435654 51.1268419076 51.3635402498
13.1479887593 13.2168263968 13.2856640342
104.0649964121 104.2690454247 104.4730944373
230.5564679459 230.8101054244 231.0637429029
19.1092173507 19.2783254689 19.4474335870
40.0787373885 40.1796913870 40.2806453855
96.2812894904 96.7441803052 97.2070711201
42.5883030243 42.7193439567 42.8503848891
682.9858662011 683.7567306099 684.5275950187
156.8561308821 157.1537705991 157.4514103162
28.3934805058 28.4646421111 28.5358037164
26.6263486644 26.6927485364 26.7591484084
32.2750687064 32.3637364776 32.4524042488
117.7279133006 117.8519680038 117.9760227070
100.0437570961 100.2365196338 100.4292821716
12.4020592586 12.5127919305 12.6235246025
200.4764298489 200.7001758644 200.9239218798
27.1663094297 27.2749746674 27.3836399051
13.6157324573 13.7003022242 13.7848719910
51.4392090727 51.5305753410 51.6219416093
58.6713124579 58.7404188330 58.8095252081
23.7820851091 23.9595633562 24.1370416033
68.2588291516 68.3340869566 68.4093447616
64.7349736108 64.8432260750 64.9514785392
34.8564011869 35.0034746096 35.1505480323
65.6561890756 65.7325334815 65.8088778874
1894.3702376519 1896.3833834942 1898.3965293366
3.3493064804 3.4102029619 3.4710994433
42.2245921878 42.3082052416 42.3918182955
18.1354259183 18.2103656949 18.2853054714
11.6052789867 11.6760428829 11.7468067792
37.2482070216 37.3236082504 37.3990094792
105.4729161556 105.8664718129 106.2600274702
34.3867720013 34.4698318371 34.5528916728
46.7937498727 46.8780629355 46.9623759983
11985.1782443886 11997.9556199157 12010.7329954427
45.9968870794 46.0574890386 46.1180909979
62.6221944782 62.7410221717 62.8598498652
5.4258244581 5.9190812271 6.4123379960
76.5273174408 76.6151788844 76.7030403281
17.5609488400 18.1097284913 18.6585081425
170.7318183622 170.9269404403 171.1220625184
61.6358374027 62.0071376280 62.3784378533
48.5717139979 48.6325046287 48.6932952595
34.3283221661 34.5512333490 34.7741445319
174.3450457958 174.5468340433 174.7486222907
217.5839353681 218.2146134416 218.8452915152
9.9299165111 10.2402264021 10.5505362931
24.3597307944 24.4209361481 24.4821415019
37.6201024200 37.7173119870 37.8145215540
14.0650143290 14.1757624733 14.2865106176
2.1283824792 2.1948944317 2.2614063841
53.6005317295 53.6768857633 53.7532397971
87.0688305910 87.2536901040 87.4385496169
21.6352835416 21.7354468913 21.8356102410
93.8478076057 94.0377829247 94.2277582437
243.7705582841 244.2211508133 244.6717433425
38.5728234523 38.6400234931 38.7072235340
75.6011046161 75.8344413588 76.0677781014
105.2723770503 105.4463809793 105.6203849083
21.6424706702 21.8567525580 22.0710344458
39.6159557126 39.6973026442 39.7786495759
348.7939085966 349.2564999873 349.7190913780
52.7551629318 52.8444271669 52.9336914019
0.3768167276 0.7536334553 1.1304501829
33.5839558916 33.6555634735 33.7271710554
100.4380329502 100.5417912487 100.6455495472
89.6523058444 89.7863152701 89.9203246959
164.3143276428 164.6920617293 165.0697958158
26.5046428786 26.5683559625 26.6320690463
143.1327661035 143.2897099260 143.4466537484
230.0640440349 230.3242974784 230.5845509218
10.5498833652 10.6126802900 10.6754772148
0.6976614389 0.7674275827 0.8371937266
84.2076951470 84.2935337761 84.3793724052
248.2737217783 249.1357833122 249.9978448462
20.5351058041 20.5994791765 20.6638525489
124.0206977422 124.3166898609 124.6126819797
34.7664987199 35.0014074951 35.2363162702
50.1904374155 50.3571830548 50.5239286940
74.4984490436 74.5922758056 74.6861025677
24.1618908482 24.2236859655 24.2854810827
50.0900402512 50.3050189647 50.5199976782
100.2596717406 100.3810514885 100.5024312363
14.2230105803 14.2948439671 14.3666773539
64.0371046269 64.2347500115 64.4323953962
496.8974940548 497.9615143847 499.0255347145
389.1934178288 389.8453331015 390.4972483743
79.7754008371 79.9170978191 80.0587948010
619.0429399627 621.0081556451 622.9733713275
27.7706793777 28.1618157070 28.5529520363
76.4715890263 76.6494299310 76.8272708357
513.3099535670 513.8697245087 514.4294954505
84.8933391380 85.0120710809 85.1308030237
45.3513302378 45.6228950895 45.8944599412
31.7532863518 31.8503912031 31.9474960543
118.1147147729 118.2509485847 118.3871823964
9.9107587943 10.0586805674 10.2066023404
19.4653843812 19.5429357134 19.6204870456
39.7979784813 39.8610497626 39.9241210439
12.6592498642 12.7219194180 12.7845889718
67.3193176872 67.4022232509 67.4851288145
61.4489857038 61.6041599101 61.7593341164
46.2026950735 46.2654704744 46.3282458753
60.8112231442 60.8825978193 60.9539724943
46.8697814524 46.9494919650 47.0292024777
109.8075581040 109.9261407802 110.0447234563
57.1360122772 57.4367281313 57.7374439854
94.0258788024 94.2713771804 94.5168755585
23.2604149477 23.3379496642 23.4154843807
70.7824274653 70.8887073864 70.9949873075
111.8920449707 112.0900839883 112.2881230060
77.3502397276 77.5162273665 77.6822150054
85.3794901796 85.4886711134 85.5978520471
127.6997026889 127.8961637700 128.0926248510
45.7121822966 45.8122089537 45.9122356108
37.0962038077 37.1807054109 37.2652070141
84.3925141516 84.6329486648 84.8733831781
21.2702122991 21.3821607849 21.4941092707
53.6111517665 53.7324439650 53.8537361636
76.8412867684 76.9197763361 76.9982659038
39.1138925435 39.1785436055 39.2431946676
27.0816505059 27.1486842943 27.2157180827
89.6493212670 89.9321266968 90.2149321267
2.6311499555 2.7455477797 2.8599456038
30.9498396996 31.0707375109 31.1916353222
271.4195241111 273.0161095470 274.6126949830
21.2350197102 21.3856226868 21.5362256635
286.6775641446 287.0003992394 287.3232343342
35.3141405339 35.5593776210 35.8046147080
242.2569123096 242.6613478894 243.0657834692
77.4442079508 77.5617257171 77.6792434833
32.1655070207 32.2548556513 32.3442042819
51.6860240946 51.7532360895 51.8204480844
122.3857994719 122.7004159229 123.0150323740
88.5862795394 88.8194013277 89.0525231160
35.8690341043 36.0520393803 36.2350446563
65.9169242525 65.9873483168 66.0577723812
58.4517554437 58.5499936882 58.6482319326
41.5281791646 41.6366078309 41.7450364971
39.5002897538 39.5731685172 39.6460472806
36.4571921780 36.5204859145 36.5837796509
38.4980360468 38.5618802194 38.6257243919
109.2135440585 109.4767092249 109.7398743913
55.3428525104 55.4092108468 55.4755691831
62.2937517770 62.4854248594 62.6770979418
36.4399769503 36.5068392933 36.5737016364
74.8292140927 74.9164276289 75.0036411651
7.5531612734 7.7105187999 7.8678763264
629.9934281261 630.7488159296 631.5042037331
70.3344730430 70.5003562342 70.6662394253
22.9456585771 23.0229166868 23.1001747965
60.9348748252 61.0053197672 61.0757647092
25.0591874887 25.1216792280 25.1841709674
103.1181210062 103.3852663974 103.6524117886
76.9312218332 77.0553044491 77.1793870650
31.0187773316 31.1185161654 31.2182549993
2.2653954631 2.3384727361 2.4115500092
75.7138847328 75.9185168537 76.1231489746
91.8879894980 92.0315644816 92.1751394651
207.7948387985 208.0088396623 208.2228405262
72.2378615976 72.3388935719 72.4399255462
10.0061496128 10.1848308559 10.3635120990
65.7926572376 65.8814462487 65.9702352598
83.9917384235 84.1350690352 84.2783996468
101.2699297513 101.3734777368 101.4770257222
15.0751093394 15.1947530643 15.3143967892
31.7116718132 31.7770567035 31.8424415939
26.9222558675 27.3301688352 27.7380818029
126.0079890605 126.2646244761 126.5212598917
80.4175819780 80.5228405932 80.6280992083
20.8130817156 20.9731823442 21.1332829728
43.8672259826 43.9308939449 43.9945619071
59.0346011349 59.1423285092 59.2500558836
139.9257781407 140.1738734920 140.4219688434
53.2240487606 53.2842569606 53.3444651605
27.5596769734 27.6381945716 27.7167121698
40.5758749132 40.6416380816 40.7074012500
115.4930819644 115.9130568079 116.3330316514
39.3561249354 39.4299638189 39.5038027025
5.7985703744 5.8780028453 5.9574353162
26.0803884928 26.2063807077 26.3323729227
29.2041942949 29.2900889840 29.3759836731
44.4515816153 44.5717210251 44.6918604348
55.2978360438 55.4367753303 55.5757146169
81.0098001630 81.1061257280 81.2024512930
73.2275089777 73.3057434959 73.3839780140
57.9763581492 58.0448072143 58.1132562795
6.8961553934 7.0287737663 7.1613921393
45.3603144982 45.4403150529 45.5203156075
271.0339946897 271.3686045597 271.7032144297
66.5398018915 66.6398617440 66.7399215964
515.9012299882 516.5881823584 517.2751347285
71.4893445635 71.9927906520 72.4962367405
259.4763548444 260.0728522118 260.6693495793
26.4780912337 26.5893437179 26.7005962021
57.9253265176 57.9910760369 58.0568255562
61.7384905337 61.8268145544 61.9151385752
42.0055507335 42.4341788022 42.8628068709
139.1292413250 139.4612920203 139.7933427156
39.0759935363 39.1446683932 39.2133432500
20.0799420542 20.1632613159 20.2465805775
39.8595838314 39.9631152180 40.0666466046
11.5770677583 11.6768700665 11.7766723748
117.8464770571 117.9742931927 118.1021093284
65.1948984332 65.2828807523 65.3708630714
78.9896597008 79.0987614407 79.2078631806
53.6945486128 53.8015098650 53.9084711173
1.3722421586 1.4484778340 1.5247135095
43.9290481897 44.0356720931 44.1422959965
164.8180134435 165.0101090303 165.2022046170
26.7207109246 26.8563490512 26.9919871777
37.3052227935 37.3987195925 37.4922163915
177.4971300769 177.6753400469 177.8535500169
175.1148786032 175.2917623190 175.4686460348
135.0108481964 135.1769132003 135.3429782042
242.5644012832 242.9370040502 243.3096068171
1.7015585679 1.7911142820 1.8806699961
33.8021497737 33.8739165460 33.9456833184
7.8755726829 7.9765415634 8.0775104440
51.2034878259 51.4280645269 51.6526412279
54.9407527518 55.0528767371 55.1650007223
8.5807435169 8.6710671329 8.7613907488
23.7171770266 23.7964986889 23.8758203512
76.2398077048 76.3747454175 76.5096831303
10.2807900726 10.3547525911 10.4287151096
70.9117472481 71.0046853179 71.0976233877
34.0580045956 34.1245241358 34.1910436761
23.4544679895 23.5490424572 23.6436169249
2.1951312824 2.2578493191 2.3205673557
44.2246295058 44.3214011240 44.4181727422
49.1061496191 49.2353763286 49.3646030382
150.6202804109 150.9039344230 151.1875884350
35.9850348357 36.0490651468 36.1130954579
93.9366531200 94.2195948463 94.5025365726
64.2214952999 64.2917595179 64.3620237360
61.1888038367 61.2518850778 61.3149663188
66.0454850449 66.1344951326 66.2235052202
152.9234462160 153.4348958689 153.9463455217
41.9722106553 42.0891248911 42.2060391269
14.1261571373 14.3697115707 14.6132660041
75.7558669963 75.8336450939 75.9114231914
137.1620162816 138.2506037124 139.3391911433
97.5708971331 97.7131287616 97.8553603901
1217.2840889985 1218.6291542902 1219.9742195819
164.7732948176 164.9402383787 165.1071819398
271.7301801653 272.4359728411 273.1417655169
46.0581273210 46.2132051908 46.3682830605
132.0339634298 132.2223143049 132.4106651800
49.3686423848 49.4327575048 49.4968726247
45.3618603828 45.4399358740 45.5180113652
53.0462105992 53.1101216963 53.1740327934
8.6858055635 8.7478470318 8.8098885001
37.6530305937 37.7143547478 37.7756789018
901.4223262114 902.6537774768 903.8852287421
177.4917469383 177.7201790451 177.9486111518
19.5619492700 19.7575687627 19.9531882554
85.7738770892 86.5069871498 87.2400972104
82.2622926945 82.3760717992 82.4898509039
102.2906859909 102.4101844558 102.5296829208
51.1960577410 51.2773213247 51.3585849085
42.6929364088 42.7965600408 42.9001836729
43.5601503447 43.6292934405 43.6984365363
452.5408373610 453.4161581296 454.2914788982
38.0959752889 38.1587363684 38.2214974480
134.0155917904 134.1510979499 134.2866041095
2483.6958644121 2487.0431634207 2490.3904624294
41.5868027375 41.6587522232 41.7307017089
35.8939251315 36.0127791882 36.1316332449
4.4306688591 4.4998980600 4.5691272609
11.6131244839 11.6736095073 11.7340945306
236.1273420201 236.5512690255 236.9751960309
72.5645614542 72.7173289520 72.8700964498
15.9487748978 16.2441225811 16.5394702644
119.8589495813 120.0284813346 120.1980130879
212.0928259602 212.4349111633 212.7769963665
4.3011813338 4.3872049605 4.4732285871
67.1835341829 67.2540310708 67.3245279587
40.0155424537 40.0793630955 40.1431837374
113.8393432718 114.0303488813 114.2213544908
7.5696733040 7.6619863931 7.7542994821
14.8780402240 14.9625745434 15.0471088629
7.0741816914 7.1384924340 7.2028031767
91.4419160354 91.6402716017 91.8386271679
13.4200281160 13.5100954188 13.6001627216
74.4057626775 74.4944465425 74.5831304074
28.8235914588 28.8855776769 28.9475638951
2.8190375242 2.8895134623 2.9599894004
223.8260985025 224.2054647711 224.5848310397
43.8037676140 43.9017626198 43.9997576257
39.3179548353 39.3786306915 39.4393065478
59.1578790654 59.2234642972 59.2890495290
57.3333414588 57.4795999829 57.6258585071
185.9509866504 186.1644780243 186.3779693981
63.4099483163 63.4766254439 63.5433025715
57.4413416173 57.5055936773 57.5698457372
30.6193201254 30.8411992567 31.0630783880
17.6755959990 17.7457372530 17.8158785069
63.9072715029 64.0026554902 64.0980394775
73.9453456204 74.0638477769 74.1823499333
60.0870401876 60.1507592122 60.2144782368
99.2050203601 99.3305963352 99.4561723103
17.0104888869 17.5592143349 18.1079397829
83.1006366581 83.1871097452 83.2735828322
338.8655886113 339.2185735994 339.5715585876
20.6418773748 20.7215757430 20.8012741112
239.7257091886 245.3007256813 250.8757421741
3.4291652840 3.4991482490 3.5691312140
63.2138836141 63.2886929439 63.3635022736
172.2386968355 173.8635902019 175.4884835683
367.5052743813 381.1165808398 394.7278872984
75.3619299505 76.2183155181 77.0747010858
869.5764696748 871.1292847992 872.6820999237
111.4107770141 111.5412345984 111.6716921827
11.1638480769 11.3088331169 11.4538181569
88.9997814513 89.1075293707 89.2152772902
22.3633566386 22.4253049950 22.4872533513
52.7276810561 52.8639282940 53.0001755319
92.2035105957 92.4225213097 92.6415320237
48.8987231836 48.9723658390 49.0460084944
112.6037796596 112.8501774269 113.0965751942
36.4770595308 36.5932285102 36.7093974896
80.9343536490 81.0378502649 81.1413468808
96.0904188932 96.2469179468 96.4034170003
52.8795995363 52.9628744962 53.0461494561
8.1452916396 8.2089267306 8.2725618215
82.2716603587 82.3961258055 82.5205912524
35.1019069942 35.1758057458 35.2497044974
11.8673245671 11.9301146442 11.9929047213
43.6149096868 43.6805947918 43.7462798967
503.1855664186 504.1421929707 505.0988195228
1.3801631199 1.4568388488 1.5335145777
15.5376668988 15.6046396009 15.6716123031
222.9026341267 223.1319578243 223.3612815220
60.4762884646 60.5600506370 60.6438128094
42.7083450977 42.7975065697 42.8866680417
6.7884753509 6.8490867379 6.9096981250
2.4848328563 2.5676606182 2.6504883801
165.5793039630 165.8086381790 166.0379723950
63.9509779317 64.0678901399 64.1848023482
59.9449335282 60.0117617707 60.0785900132
40.4024684412 40.4840895895 40.5657107379
70.2469737611 70.3192443102 70.3915148594
810.8817245501 812.1311570995 813.3805896489
202.7045591227 202.9080777563 203.1115963900
1.8080113936 1.9031698880 1.9983283824
43.5921842545 43.6645965207 43.7370087869
51.4512673535 51.8695703401 52.2878733267
134.3443663209 134.5286521458 134.7129379706
383.9542964548 385.8091481285 387.6639998021
64.6074481951 64.7176998131 64.8279514312
466.9493409804 469.2495840394 471.5498270984
49.6223902128 49.6838801635 49.7453701142
95.0783608634 95.1857940395 95.2932272156
111.3834385327 111.5228420853 111.6622456379
25.0679503933 25.1840057192 25.3000610451
11.0546485080 11.1224684375 11.1902883669
95.3608207263 95.4646996160 95.5685785057
55.6162778761 55.7974383903 55.9785989046
42.0100194850 42.0735747338 42.1371299827
175.6629101946 175.9373834918 176.2118567890
20.0164104579 20.0913782873 20.1663461167
92.9543936534 93.0908905604 93.2273874674
63.4105764016 63.4892495733 63.5679227450
110.6672263433 110.7954618316 110.9236973198
120.1004963485 120.2677672348 120.4350381210
76.2379378038 76.3522375606 76.4665373174
7.4198511631 7.4806696152 7.5414880674
141.4648123377 141.6807891505 141.8967659632
3.8627013786 3.9569136074 4.0511258361
71.5720831452 71.6597940314 71.7475049177
308.0049195230 308.7178938738 309.4308682245
56.4695912446 56.5492380588 56.6288848729
6.0902827039 6.1785476706 6.2668126373
83.8363634412 83.9437083368 84.0510532323
62.2694440071 62.3405278473 62.4116116875
92.7680073320 92.9542884712 93.1405696105
57.8186323332 57.8947094810 57.9707866288
57.7683463290 57.8798682332 57.9913901373
90.0498908700 90.1844945933 90.3190983166
19.7621203383 19.8307388117 19.8993572851
15.8073307833 15.8836947001 15.9600586169
35.2788973057 35.3805655977 35.4822338896
19.4179440355 19.5416252077 19.6653063799
67.7357445825 68.8109151314 69.8860856803
15.9489384916 16.0207805569 16.0926226221
25.4145204897 25.5036942458 25.5928680019
25.4867721129 25.6129442521 25.7391163913
100.3777948421 100.5059912596 100.6341876770
171.2199858314 171.4130185099 171.6060511884
65.3237100721 65.3986225837 65.4735350952
104.6529083358 104.7958767898 104.9388452438
18.3185681016 18.4097052564 18.5008424111
56.8231761433 56.9933054132 57.1634346831
59.5473161677 59.6301358007 59.7129554338
35.4864893983 35.5504290189 35.6143686394
3.3845978235 3.5836918131 3.7827858027
48.4896347203 48.5959716385 48.7023085568
117.7468528454 118.3902782708 119.0337036962
29.7197773746 29.8714088918 30.0230404090
114.0996884017 114.2302372442 114.3607860868
81.7254252726 81.8915338605 82.0576424485
25.9779253100 26.0671965310 26.1564677520
90.5638904113 90.6909084905 90.8179265696
12.3505116608 12.4195089326 12.4885062045
34.2544892760 34.3173415499 34.3801938238
199.3901775666 199.7468684031 200.1035592395
54.6955257357 54.8457881690 54.9960506024
68.9578712092 69.0594291934 69.1609871775
348.1274699855 348.5117166411 348.8959632968
41.4015999715 41.8467784658 42.2919569601
69.4825546305 69.6536939276 69.8248332248
6.2917549697 6.3816371836 6.4715193974
2.9369482397 3.1628673350 3.3887864304
3.6496332605 3.7956185909 3.9416039214
126.9891828686 127.1687998175 127.3484167664
360.5643059594 361.0207164732 361.4771269871
72.7112398828 72.7868232923 72.8624067017
135.7695950409 135.9143387456 136.0590824504
2.3875589811 2.4487784422 2.5099979032
168.1033036347 168.4228916645 168.7424796942
8.1088537404 8.1698225655 8.2307913906
86.3145990078 86.4252587501 86.5359184925
68.9331523676 69.0061747748 69.0791971819
61.1321977639 61.2795042645 61.4268107652
11.2313485289 11.3414597890 11.4515710491
2.7184480682 2.9449854072 3.1715227462
87.2705795296 87.3724121778 87.4742448261
3.6271821027 4.2317124531 4.8362428036
56.8443616741 56.9252213635 57.0060810529
121.5299646267 121.6982886774 121.8666127282
47.6868667883 47.9128708963 48.1388750043
2.2275164410 2.2971263298 2.3667362185
2.1087991990 2.2259547100 2.3431102211
153.6885245902 153.8497927167 154.0110608432
51.4348090389 51.6225273200 51.8102456012
119.1714255049 119.4181572347 119.6648889646
4.0020579471 4.1354598787 4.2688618103
167.3648247417 167.6866801739 168.0085356061
44.8162619666 44.9314708663 45.0466797659
24.0059614804 24.1726695463 24.3393776121
140.6232605196 140.8185706036 141.0138806877
35.4646067301 35.5461345617 35.6276623932
5.2961538861 5.3631938087 5.4302337313
3.3626400346 3.6213046526 3.8799692706
103.1359995680 103.3335781112 103.5311566544
276.0825843430 276.4971227580 276.9116611729
8.0639260269 8.1385920086 8.2132579904
19.1985953610 19.2858617035 19.3731280460
38.6169332278 38.6883138807 38.7596945336
61.9732058439 62.0389250442 62.1046442444
77.6161449169 77.7299515810 77.8437582451
41.9531563790 42.0403770783 42.1275977777
227.1656233380 227.4328770125 227.7001306870
126.5982145432 126.7388792260 126.8795439088
33.3364451656 33.4010506795 33.4656561934
75.4069957943 75.5147200740 75.6224443537
151.6798591038 151.8664271962 152.0529952885
59.9395962251 60.1414130474 60.3432298697
66.1095527535 66.1864243265 66.2632958994
126.2866834423 126.4274712722 126.5682591022
240.9081726819 241.2089319487 241.5096912155
87.7485155110 87.9016542816 88.0547930521
12.9840012558 13.0808967875 13.1777923193
85.2257750860 85.4014983336 85.5772215812
12.6590342639 12.7207856505 12.7825370372
38.1726696871 38.2385983048 38.3045269226
278.7152157604 279.4120037998 280.1087918392
312.0395250065 312.5812602930 313.1229955794
795.5626632118 797.5869956882 799.6113281645
70.8564882859 70.9376526482 71.0188170105
76.9114642746 77.0454563726 77.1794484707
44.4495141550 44.6354953858 44.8214766166
56.0932736371 56.2030452098 56.3128167825
68.8706963437 68.9783068068 69.0859172698
38.3867010339 38.4553713398 38.5240416458
85.9808048645 86.1166355199 86.2524661753
50.7225325186 50.8396746261 50.9568167335
76.3519425810 76.4996252552 76.6473079295
10.7973256729 10.8920390560 10.9867524391
304.6588493309 305.1760969529 305.6933445748
430.4725462642 431.7423767841 433.0122073041
66.1677765074 66.2965075901 66.4252386728
169.8196985657 170.3390248610 170.8583511563
135.2375312324 135.4000763420 135.5626214517
39.0211978362 39.0825519209 39.1439060055
647.6518337615 648.4426174413 649.2334011211
47.3666146422 47.4299389933 47.4932633444
490.9148101229 491.9461437576 492.9774773923
31.6234548243 31.6869557376 31.7504566509
366.1332174091 367.7532758933 369.3733343774
295.4963010569 295.8455874648 296.1948738727
444.4532107800 445.7681611077 447.0831114355
29.4443832458 29.5686211498 29.6928590538
66.2025004269 66.2935630134 66.3846256000
55.7853843289 55.8850010867 55.9846178444
18.6512135070 18.7363788655 18.8215442240
44.7795767020 44.8986713209 45.0177659398
126.7978340235 126.9815990003 127.1653639772
51.6211552098 52.0513315032 52.4815077966
106.5809412397 106.8062709251 107.0316006106
123.6747533226 129.0519165106 134.4290796985
74.8683970528 74.9744429409 75.0804888291
49.5672880973 49.6344524443 49.7016167914
78.1843923542 78.2708795139 78.3573666736
67.6083809032 67.6948366333 67.7812923633
693.2911715931 694.0044341153 694.7176966376
54.8774987536 54.9529836212 55.0284684888
86.7874942578 86.8892380964 86.9909819349
22.5675946916 22.7785067915 22.9894188915
14.2533976537 14.3284155361 14.4034334184
262.0354023567 262.3362466763 262.6370909959
17.4610254351 17.5822825562 17.7035396772
96.4269342031 96.5398463040 96.6527584050
46.6293490270 46.7043158261 46.7792826252
1.6199010240 1.7818911265 1.9438812289
42.7636827828 42.9764374235 43.1891920643
47.5002619991 47.5803636213 47.6604652436
609.9640410441 610.6115612576 611.2590814710
508.8002214026 509.8646570122 510.9290926219
311.4687604845 311.9695141187 312.4702677530
15.3202615566 15.3883516079 15.4564416593
65.4989622894 65.6534409741 65.8079196587
7.8190763787 7.8964929765 7.9739095743
63.7954793954 63.9210610478 64.0466427001
111.3219471510 111.4385146350 111.5550821189
188.9533737590 189.2490754394 189.5447771198
1.7286354682 1.8196162824 1.9105970965
24.8114431183 24.9324745481 25.0535059779
40.4452130552 40.5732042357 40.7011954163
2.0505737395 2.1238085160 2.1970432924
45.1134307738 45.1768814500 45.2403321262
46.1522651046 46.3391163803 46.5259676560
158.1374667762 158.4218866805 158.7063065847
56.8096574297 56.8732740674 56.9368907050
67.4955818732 67.6673263563 67.8390708394
55.5387452755 55.6943159906 55.8498867056
3.7077234402 3.7833912655 3.8590590908
2112.1094273837 2114.6238433686 2117.1382593536
11.4066623480 11.4725968124 11.5385312768
14.2333338490 14.4396140497 14.6458942505
97.6736471586 97.9369184447 98.2001897308
65.0956986342 65.1875120314 65.2793254286
106.3664768321 106.4968279066 106.6271789811
60.3222517957 60.3852186556 60.4481855155
76.6697709177 76.8409087992 77.0120466807
34.3103218664 34.4628121858 34.6153025052
48.8059393008 48.9347148662 49.0634904317
12.2751772516 12.3518971095 12.4286169673
75.6441957314 75.7380470909 75.8318984503
86.5435099099 86.9281477317 87.3127855535
120.7734798502 120.9205851850 121.0676905198
39.7903818011 39.8829175727 39.9754533443
30.4887788793 30.5582294006 30.6276799220
77.3396479760 77.5374475872 77.7352471984
24.3462015914 24.4159614814 24.4857213713
125.7610396246 125.9210409473 126.0810422699
41.6346866110 41.7219710693 41.8092555276
78.7564659525 78.9118041496 79.0671423467
71.1271462165 71.2130485670 71.2989509175
53.3289325129 53.4758441728 53.6227558326
71.9999552795 72.0744893947 72.1490235099
69.4853808305 69.6811142976 69.8768477647
31.1326378246 31.2801858712 31.4277339178
31.2515412587 31.5281035707 31.8046658828
12.5149142269 12.6639013010 12.8128883752
81.7005193073 81.8310313190 81.9615433306
141.0383577471 141.1895242613 141.3406907755
6.8806866008 6.9432382972 7.0057899935
27.8120809794 27.9003732999 27.9886656205
23.4283906540 23.5007005016 23.5730103493
81.9437296501 82.0308111907 82.1178927312
21.8190413562 21.9259974413 22.0329535263
36.0705681704 36.1509035115 36.2312388526
27.2723034853 27.3357274469 27.3991514085
114.5909731169 114.7297031086 114.8684331002
44.5729580585 44.6471227142 44.7212873699
46.2129591619 46.2923628718 46.3717665817
21.0623591959 21.1631360341 21.2639128724
55.0280944827 55.1218391070 55.2155837314
37.4430912464 37.5293656502 37.6156400540
154.0365613651 154.1988759714 154.3611905776
71.7108345965 71.8246613181 71.9384880397
4.5388784473 4.6010548644 4.6632312815
28.1464324726 28.2779578580 28.4094832433
23.8128383069 23.9030384520 23.9932385971
125.9743288719 126.1213234213 126.2683179708
32.7605940946 32.8373167974 32.9140395002
109.9662335322 110.0993645656 110.2324955989
296.4828782030 297.0180458532 297.5532135034
150.4133732015 150.7648063164 151.1162394314
952.2838796103 961.0204289646 969.7569783188
3.3919735878 3.4559730895 3.5199725911
43.0862571360 43.1873985846 43.2885400333
29.7449115793 29.8387441079 29.9325766365
18.3984932239 18.4632766507 18.5280600776
96.1740804585 96.4427231413 96.7113658242
225.4745891240 225.8418115818 226.2090340397
151.5297696407 151.7425923509 151.9554150610
186.1464552272 186.3401560131 186.5338567989
40.3980401521 40.4794878137 40.5609354753
77.7759541520 77.8625643460 77.9491745399
51.8047231984 51.8790484828 51.9533737671
46.8898422119 47.0172602613 47.1446783108
84.0115160550 84.1081921379 84.2048682208
26.9908134838 27.0979198866 27.2050262893
44.1133882450 44.1807369293 44.2480856136
27.5059192338 27.5982209762 27.6905227186
7.4114106732 7.4726620011 7.5339133290
26.1600479176 26.2398041612 26.3195604049
483.6321676309 484.1618852296 484.6916028283
45.2517339820 45.3460084278 45.4402828736
76.8844515745 76.9726218171 77.0607920597
152.0811729451 152.2335588899 152.3859448348
3307.2493725085 3317.0923765933 3326.9353806782
64.2364538014 64.3066575761 64.3768613507
156.2596731712 156.4164030340 156.5731328967
123.4534409830 123.5786473126 123.7038536421
16.5263664708 16.5991698474 16.6719732239
23.5726000910 23.6522372534 23.7318744159
19.2194559556 19.2966425257 19.3738290958
65.7098526420 66.0434051935 66.3769577450
101.0023768456 101.1073689213 101.2123609971
40.0898681210 40.6466718449 41.2034755688
139.8999100733 140.0871924161 140.2744747589
55.3149787554 55.3834378875 55.4518970197
154.9297628514 155.1620413564 155.3943198614
35.6688511740 35.7345396660 35.8002281580
17.3996172746 17.4657755152 17.5319337558
37.9346822215 38.0465839390 38.1584856564
49.0035375654 49.1015446405 49.1995517156
389.0553691005 389.7992608196 390.5431525387
75.0298954983 75.1290102876 75.2281250769
38.3304212860 38.4137482888 38.4970752916
55.3191715531 55.3842529314 55.4493343097
126.9551819354 127.2437164398 127.5322509442
88.3341937738 88.4412655238 88.5483372739
4.5988325815 4.6966800832 4.7945275849
95.1292629401 95.4034106719 95.6775584037
276.1078926689 276.4003798433 276.6928670178
7.3042055529 7.3737694153 7.4433332777
73.7061084686 73.7878225579 73.8695366471
153.4763414514 153.8856116953 154.2948819392
40.6133528399 40.6853623308 40.7573718216
41.3856924199 41.4907322484 41.5957720769
5.2293872859 5.2931603016 5.3569333172
38.2206541306 38.3344060774 38.4481580242
46.9853743339 47.0587889813 47.1322036287
104.3897795374 104.5249994591 104.6602193808
26.4372912824 26.5662536789 26.6952160754
95.5675126161 95.6719579851 95.7764033541
95.3414238182 95.4473587336 95.5532936489
223.6514938404 224.1740440597 224.6965942789
28.0868909206 28.1749376006 28.2629842806
13.9120111667 13.9852322781 14.0584533895
119.0609019383 119.1995060151 119.3381100918
93.2597327135 93.3686809994 93.4776292853
81.1968939507 81.2915290252 81.3861640997
57.4642116889 57.5273591743 57.5905066596
83.7018078573 83.7866121206 83.8714163838
48.7969948331 48.8652423783 48.9334899235
1220.8018965016 1222.2214335905 1223.6409706795
32.0391920485 32.1032704326 32.1673488167
95.7275785979 95.9627814938 96.1979843896
34.9708782333 35.2803550318 35.5898318303
79.9121481932 79.9980752343 80.0840022753
84.8442097526 85.0908498973 85.3374900419
39.5064127993 39.5676630517 39.6289133041
49.8924536857 49.9569976103 50.0215415348
52.3920933381 52.5257466375 52.6593999368
140.3520658977 140.5940522182 140.8360385387
708.0999822028 708.8573083870 709.6146345712
51.8144832482 51.9794975260 52.1445118039
94.7417107220 95.1147095831 95.4877084442
60.1113172542 60.2968460111 60.4823747681
63.5273146779 63.6024949319 63.6776751860
44.5480402009 44.6179743300 44.6879084590
232.2315143288 232.5161117728 232.8007092168
156.5418120962 156.7266312368 156.9114503774
55.8357302571 55.9211059914 56.0064817258
237.5619997764 237.8313444474 238.1006891183
52.8499814471 52.9238975050 52.9978135630
72.3658456579 72.4493126079 72.5327795579
18.2801510608 18.3834287504 18.4867064401
87.1723007410 87.3459507424 87.5196007439
13.6825566915 13.8236139770 13.9646712625
0.8651171183 0.9269111982 0.9887052781
19.4660506407 19.6550414236 19.8440322065
31.9711201667 32.0829073001 32.1946944336
13031.8285157519 13056.1870737252 13080.5456316986
8.3987132153 8.4835487024 8.5683841894
58.1845366660 58.2601009993 58.3356653326
261.7372812040 269.9165712416 278.0958612792
140.1317382577 140.2981655002 140.4645927428
45.1572061616 45.3682211437 45.5792361258
3077.1524412971 3081.6250465896 3086.0976518822
9.5606961300 9.7124532114 9.8642102928
53.7226634924 53.7955572013 53.8684509103
100.2290576429 100.3859106283 100.5427636137
36.1255045903 36.2210747083 36.3166448262
126.3386865537 126.8879851909 127.4372838281
53.4932522629 53.5536283942 53.6140045254
86.1754094542 86.4981637968 86.8209181393
151.4210647016 151.7352162881 152.0493678746
71.9915943222 72.0714962027 72.1513980832
14.0873301772 14.1678292068 14.2483282364
52.7957178125 52.9934545833 53.1911913542
403.8672754227 404.8523175579 405.8373596931
24.2781769369 24.3452437241 24.4123105112
166.6494390361 166.8725306546 167.0956222732
54.7267480035 54.8489059231 54.9710638428
29.9066411198 30.0012823892 30.0959236586
391.5199089892 391.9683854027 392.4168618162
31.6074606250 31.7654979281 31.9235352313
52.1746747663 52.2515152299 52.3283556935
5.8986695951 6.0079042173 6.1171388394
7.7602165514 7.8378187169 7.9154208825
116.0604869145 116.4048800507 116.7492731870
105.6125710963 105.7580429574 105.9035148184
504.3113677715 505.4979827545 506.6845977375
62.1981907933 62.3822091092 62.5662274252
68.8678155948 68.9505894117 69.0333632285
128.3700725807 128.9431532618 129.5162339430
393.7577247609 394.4869057327 395.2160867045
63.4142072826 63.5505819220 63.6869565613
27.8741423969 28.0806175258 28.2870926547
72.8058934272 72.8804132772 72.9549331271
29.6762383583 29.7527235087 29.8292086591
32.2712406764 32.3482603439 32.4252800114
177.0246993959 177.3543543296 177.6840092633
52.4365870236 52.5172586959 52.5979303682
58.7330352840 58.7977192436 58.8624032031
0.6329113182 0.7032347980 0.7735582778
204.1548667417 204.6397951662 205.1247235908
95.6432215477 95.7476355450 95.8520495424
68.8682598730 68.9441059742 69.0199520754
27.0649814886 27.3203115026 27.5756415167
41.0947160632 41.3668665007 41.6390169382
48.2017062312 48.3040453103 48.4063843893
34.5597482286 34.6823005272 34.8048528259
37.5739637481 37.6539083518 37.7338529555
27.8888443131 28.0379825180 28.1871207229
30.9138265068 30.9765320372 31.0392375676
19.7856808201 19.8713331181 19.9569854160
33.4127284980 33.5118760603 33.6110236226
