1000
761 934.4873
574 928.0568
191 716.7153
590 157.3865
725 525.4395
897 816.2885
358 212.8135
955 135.1984
839 183.3863
916 159.9201
878 280.9509
463 673.8034
555 424.4661
594 225.2445
441 365.0475
838 844.6721
220 383.2088
568 587.1008
705 563.3846
826 744.4368
507 222.2559
196 594.7295
603 486.8006
447 841.0737
641 456.3370
748 383.3555
562 998.5013
672 915.4187
750 616.4634
410 737.6120
123 313.2871
971 239.8962
958 184.5449
19 45.8562
527 936.2528
529 415.6301
154 368.1772
184 389.5783
336 178.5024
301 64.3584
454 597.3873
43 442.0175
919 401.0192
851 557.1071
299 750.3023
614 67.2441
593 867.6624
770 326.6263
697 237.6524
874 734.2302
157 541.8771
22 602.6954
343 422.6081
767 606.0510
559 416.9952
389 195.0248
558 884.0294
311 534.0767
899 770.6064
477 175.6678
643 632.1254
344 174.1383
229 935.8522
799 683.4572
912 756.2261
885 96.9955
411 729.7897
45 13.8985
300 576.2125
724 237.4509
30 884.5075
75 281.3286
757 722.9883
903 421.0952
282 973.4086
648 595.6484
983 835.6829
675 282.8134
150 258.6637
182 297.5513
902 326.6210
381 639.2935
706 410.3421
139 851.7598
381 927.9277
500 944.2918
129 198.3733
687 277.7712
39 502.1142
418 673.9143
266 661.0589
52 267.4860
970 601.6384
941 16.8102
130 12.6507
108 572.4253
475 530.9572
75 237.4426
930 706.0446
670 676.4476
272 33.9861
906 526.2403
349 206.3894
762 545.2444
75 762.4179
62 450.9759
945 797.3836
966 228.9148
220 592.8067
314 446.6335
407 343.6006
80 348.2754
92 519.0751
984 494.0333
96 699.6672
626 778.1868
522 512.8756
403 669.8693
220 776.4266
723 917.0197
92 288.9685
60 422.8138
354 567.0202
97 280.1648
532 627.6418
205 807.8686
446 703.8218
316 167.1342
3 561.6749
128 349.5179
148 615.0934
415 595.7659
190 988.6296
935 767.4585
282 43.7134
662 790.1543
719 806.7834
323 552.8757
214 943.9615
526 641.3342
396 560.8271
984 927.9021
252 679.3726
998 223.6245
107 136.3280
244 182.3090
117 713.6252
59 429.0238
309 422.6832
227 24.8267
193 759.6568
582 326.9877
808 848.6918
586 828.0530
993 424.6196
184 823.6390
522 158.8657
99 380.5944
913 758.3798
266 155.4692
920 454.8270
575 79.9553
518 696.0190
507 143.2100
387 299.2212
141 95.3044
801 630.1600
410 712.8607
989 21.3989
153 723.4980
855 801.1439
35 12.4906
46 113.1385
849 870.5100
142 791.0655
599 652.5666
661 497.8582
267 96.3102
814 886.5288
354 772.4079
298 765.7987
639 937.9947
33 383.7035
273 274.3469
897 798.0284
856 526.4287
392 238.5132
966 834.3266
450 75.4803
724 989.7563
719 749.4591
872 660.5158
199 365.5639
129 694.3679
779 316.6995
134 599.5955
451 343.9414
104 798.2894
902 28.5086
486 831.1628
801 418.5744
39 511.8866
222 608.3346
993 578.8616
993 769.5837
234 156.8248
728 194.6522
950 459.9036
33 594.2893
253 566.5917
695 456.3396
187 160.3253
235 574.8830
7 689.9509
855 744.7368
708 755.4325
40 676.8724
813 533.4803
212 308.2747
97 444.1491
940 326.4178
977 451.8191
659 666.1113
599 441.9747
607 400.9597
874 70.3911
469 402.0926
500 871.2064
307 830.6241
97 219.1385
497 211.1397
826 974.8349
87 955.1813
182 500.1020
300 287.3378
86 247.3561
131 243.0624
918 944.3779
520 790.3509
385 146.8216
538 491.2265
472 719.3696
789 997.4096
635 719.5414
881 191.8288
34 97.8180
642 256.0515
596 313.6558
464 666.1770
140 196.3409
340 853.1540
493 0.5473
896 533.3118
568 142.5214
205 138.3339
817 911.3057
346 763.2998
305 584.6598
11 669.8284
200 233.9016
586 7.3843
968 765.1003
964 648.7189
984 173.4575
611 426.5319
909 486.3440
644 484.6561
294 304.2040
370 98.0395
362 694.3890
201 757.3855
929 793.4292
734 843.0337
856 80.8869
964 743.0788
883 564.8724
550 541.4741
27 517.3787
294 509.5090
309 116.0098
720 513.7540
762 758.5255
918 20.5597
819 350.8366
33 678.5319
575 571.7278
654 303.2357
137 491.6880
599 656.4166
208 191.4586
830 564.0196
543 826.8861
269 783.8268
717 906.3878
682 150.2616
317 223.5393
102 492.2683
169 942.2985
802 344.3188
944 31.4294
761 905.0158
338 420.7441
249 18.1756
221 140.1891
967 351.0305
45 940.7293
975 607.0928
480 205.0729
486 901.2993
479 405.0177
55 980.9159
831 743.3341
13 514.0023
284 897.3137
348 462.2786
705 294.6685
583 776.3029
625 188.2585
178 983.5952
251 489.6029
742 648.8817
561 183.8142
935 921.3166
810 277.2648
325 643.2122
498 96.6288
406 488.9522
968 366.5936
957 557.5440
125 758.7470
716 741.3884
301 103.2774
851 180.3403
223 872.0108
29 754.6084
873 437.5494
882 992.7308
800 966.4953
143 203.7448
633 907.8622
43 2.0157
6 217.0558
497 131.9440
395 557.7398
159 386.7143
863 144.4257
211 403.0769
353 993.8027
122 900.8050
908 107.7078
725 177.3507
445 211.8628
604 684.2275
872 450.7850
509 340.7508
509 310.5530
259 908.0829
869 147.5905
997 574.2201
889 345.0954
446 989.1036
774 225.6858
558 958.6073
367 88.1381
607 213.7154
861 527.4274
691 277.0830
839 506.9899
62 194.0638
112 467.8252
75 379.9190
190 888.6599
181 764.0709
137 932.0231
585 951.5276
374 804.8795
632 64.7789
662 425.7720
341 381.1171
816 391.1682
619 320.4262
538 640.6342
398 741.7082
170 329.7340
481 225.3557
493 657.1527
510 186.3386
526 341.7929
999 846.7137
230 537.7775
983 901.4499
882 536.0990
507 989.9196
107 520.6815
107 593.5284
85 293.5020
843 45.9607
239 377.9762
852 974.7197
334 96.2867
871 734.8892
583 796.9180
619 173.9473
460 757.0195
825 443.6802
109 498.5549
950 408.2539
540 537.3338
932 105.9096
507 144.3125
399 430.9877
700 494.5810
883 998.8252
302 163.6834
143 606.0537
614 620.9106
706 376.5691
773 852.3349
380 539.9949
520 416.3511
863 901.8821
660 998.6121
832 671.0266
328 498.4619
698 777.8265
520 145.9445
565 492.9279
625 55.8317
403 96.8530
462 435.9565
867 282.6764
44 448.0323
912 792.4228
107 611.6183
868 522.8256
136 104.5619
831 161.8521
339 801.1609
229 827.4065
128 294.7389
904 977.8043
613 450.2004
485 844.1465
21 945.9989
891 22.9880
353 681.2369
325 737.3511
749 767.5849
309 54.0979
663 473.8470
194 362.9444
512 460.7254
964 805.2948
573 65.9894
435 590.5800
988 912.1510
319 749.7145
387 101.4033
990 226.7630
694 83.3628
669 590.0792
852 949.9486
294 449.4449
121 174.0729
366 736.3531
96 553.6406
204 655.8132
313 350.9028
357 218.3090
360 387.1837
336 184.0593
439 687.1920
786 804.7729
49 173.7169
269 680.7663
976 153.6613
364 940.8889
227 598.6049
286 147.2335
839 555.6736
684 238.0736
504 43.1351
972 415.5499
2 649.1168
453 965.9727
132 311.6110
870 986.7041
64 901.6257
352 240.5820
621 910.1406
950 279.7893
218 237.5102
459 75.5411
194 97.1512
380 665.2314
135 560.3567
734 4.0385
299 408.2425
522 942.8591
890 917.4290
320 506.3602
792 858.8818
9 558.2053
81 814.3299
267 13.9682
633 188.8531
914 36.5514
700 299.9349
551 191.0934
119 488.9553
512 538.4086
877 636.4763
69 923.0872
875 208.4993
762 961.7123
611 592.5724
633 930.4241
611 174.1878
872 650.8486
249 876.5493
917 861.5346
765 251.6751
623 722.6564
569 977.9447
88 781.7887
904 146.2074
279 510.1766
642 641.4931
509 562.8728
822 153.3075
464 237.4400
3 267.3962
582 917.9700
768 378.0596
249 688.0328
31 536.3572
660 109.8208
269 220.5450
338 504.4304
471 779.9942
155 454.1726
394 36.4219
400 635.8749
928 699.8382
657 637.6310
869 361.4873
400 43.0095
953 741.2447
427 531.0188
661 587.2924
99 448.3164
170 607.7192
977 665.2187
330 274.9609
266 62.6584
730 158.5482
343 343.8116
830 40.8055
558 116.9240
625 913.1156
561 398.5062
266 468.6655
269 543.5227
420 711.2579
524 504.6285
877 815.0402
907 251.9354
905 254.1736
846 147.7352
467 669.1624
182 990.8641
147 417.3652
687 398.5508
579 51.1909
963 944.2662
753 490.8299
105 936.4932
810 781.8716
313 30.6075
177 26.3353
405 358.2452
701 48.8456
665 76.1609
677 227.5711
217 217.1000
358 5.3705
104 338.6198
387 54.9350
277 553.4482
167 335.1281
331 583.6677
194 22.4863
769 515.1384
155 463.5615
38 415.3678
927 144.3195
955 530.9836
444 595.6760
801 99.3538
489 63.5081
302 80.5680
877 635.1743
347 248.9348
803 282.8361
414 647.7910
819 790.3195
388 580.0755
126 538.1018
595 630.7465
695 557.0537
348 313.1446
39 20.1698
443 971.1824
845 745.2809
892 373.2267
493 147.6889
267 348.0046
510 588.0924
526 843.3557
945 836.7692
535 692.4828
536 774.4245
603 941.6304
603 859.0186
384 556.0248
462 675.5592
80 256.3537
738 549.6265
68 852.7002
774 141.6295
500 547.4311
250 514.4808
526 86.8002
120 887.7450
219 482.4033
428 26.9208
458 816.2492
656 421.9015
340 470.8038
914 31.4555
708 959.9301
632 133.7992
651 201.3453
701 169.6961
794 96.2751
159 246.1381
323 311.1756
50 442.1962
797 676.2049
743 64.9653
792 100.0939
781 894.1001
368 751.8755
903 728.1097
749 584.7447
280 948.5578
959 444.9180
56 538.8234
990 448.2526
388 623.6197
325 157.0254
26 945.5637
517 265.1524
104 210.3049
423 221.5701
813 272.6608
246 481.3720
470 758.1169
244 723.1791
967 730.4758
421 295.9456
432 654.8895
199 66.6938
356 977.4474
982 746.1992
224 6.6771
498 142.9164
408 878.0337
669 850.3560
669 619.3991
659 926.9471
180 262.5047
263 112.8679
180 799.6781
616 6.2990
470 307.8146
46 896.4559
814 802.0837
628 936.3176
337 732.0271
876 370.8811
34 8.1026
702 836.2543
276 708.2247
172 195.5372
142 389.6661
238 789.6238
482 525.9438
705 148.6119
847 105.2214
699 267.0146
485 531.2994
30 784.1313
43 254.0450
841 432.5500
107 274.2518
394 902.6952
702 87.7514
550 779.8549
741 73.9685
558 642.3247
80 946.2155
425 213.7570
954 575.3573
616 57.4543
698 517.3172
297 108.5993
906 361.6941
724 373.1195
882 854.5747
531 653.2212
192 134.2746
253 221.2550
848 757.4130
968 37.5022
284 899.7635
763 919.7274
901 794.7821
517 830.1590
117 758.8177
511 897.1142
103 593.3569
278 375.5093
88 631.3622
540 551.8019
254 52.2270
322 820.8844
422 646.8263
895 830.3483
68 19.1567
426 345.4138
415 59.2772
499 955.1494
950 144.8511
308 641.3734
602 824.8467
901 787.8951
413 344.4046
877 424.9767
635 362.8756
429 551.5430
717 184.6289
200 932.9148
954 750.4347
658 670.9065
729 548.7953
563 913.2322
29 934.1124
285 902.6548
476 146.9474
926 537.9396
440 897.3791
110 687.2923
795 44.4571
752 222.6912
130 117.9414
192 964.6036
604 766.9951
558 960.3681
451 922.1137
267 445.6417
819 307.3602
222 734.8398
638 696.1820
726 435.6460
167 903.9550
85 723.3762
696 655.9727
196 970.7932
929 415.4914
564 238.6308
818 988.3296
601 603.9093
948 962.1096
348 944.2458
704 579.9127
998 327.6352
698 187.7312
623 726.9892
464 74.4708
201 504.4509
680 43.8289
526 423.9682
805 659.7153
717 170.2186
570 530.5322
374 4.5662
876 174.5477
748 924.5647
311 831.3686
772 898.8183
882 990.9934
148 61.5771
590 904.2362
620 656.8068
391 368.9898
403 439.8092
60 484.6479
921 482.8921
118 267.8019
84 427.0262
513 947.4541
13 869.1478
177 537.1225
177 77.4882
573 791.1389
573 633.9707
200 596.1091
474 939.5366
100 858.8206
807 667.5044
452 584.8849
452 951.9650
15 922.7134
33 292.9911
197 749.8696
42 156.2135
653 977.0758
234 543.4190
625 673.7196
415 987.0764
135 555.7075
441 991.5201
244 396.5121
789 197.7230
954 556.5203
266 364.4203
571 97.9525
934 564.3184
559 292.5850
374 323.7511
475 315.2535
890 489.2848
445 463.8802
331 403.5640
319 661.1005
349 431.4871
726 702.0006
779 908.5759
709 843.4229
353 93.3402
509 802.2438
163 118.4148
686 654.0546
735 997.4874
671 902.5629
751 981.2609
841 109.8419
401 336.9899
542 23.6074
611 388.7769
144 900.7892
273 587.7365
596 985.9393
580 919.4543
627 427.1459
122 238.6238
308 294.8635
888 222.7103
603 385.1235
705 291.8565
605 566.7809
188 660.1485
755 770.1577
618 27.8295
757 761.7357
23 428.2974
882 735.1133
154 497.2805
757 619.9919
277 917.2891
580 496.7650
331 794.0704
154 303.6810
239 739.0333
24 737.6348
355 758.2272
528 879.5617
913 227.8314
319 159.4552
834 459.5623
313 976.8423
699 433.9311
204 776.8103
507 189.6837
453 120.8495
998 147.5953
182 771.2047
937 619.1427
234 440.0923
296 350.0287
326 222.7838
207 194.0854
912 251.0199
759 812.4242
627 771.0662
840 822.1697
244 939.6629
221 600.3924
706 188.0548
242 645.5005
85 471.5331
115 423.9605
846 860.1830
395 38.8837
458 129.9221
821 116.5780
307 595.2989
286 17.4070
463 165.8730
599 112.8807
654 326.3696
427 713.7899
53 50.0372
490 964.3305
765 5.0372
638 525.3182
657 763.5955
314 953.3877
771 736.9024
295 380.2556
825 212.5354
505 565.4734
152 170.6885
594 481.4298
278 622.6947
767 468.6616
722 164.6179
63 341.0504
480 132.3587
705 688.8060
257 915.8505
812 272.5113
959 40.7390
102 805.9842
549 622.5497
475 271.5020
775 382.3413
170 51.8739
818 344.6614
245 901.8250
631 894.5078
938 887.9708
615 390.8877
587 81.2593
452 363.0783
622 353.7834
905 855.3063
564 77.5130
359 175.2566
293 892.3271
656 122.5297
208 310.1201
184 989.5685
101 931.3265
72 800.6173
445 231.4261
148 680.3934
980 386.6005
7 167.9981
749 357.1825
665 647.7392
992 651.4955
879 0.9670
436 885.1128
393 173.3236
706 288.8395
882 347.2281
673 269.8063
143 971.8183
491 75.8750
635 210.1240
15 260.8001
107 323.1389
586 211.8648
371 856.2596
650 329.6859
408 713.6518
489 533.0272
129 249.6897
449 930.8069
352 465.7474
721 954.4645
611 58.1067
325 228.1365
137 223.8346
512 784.9202
400 316.6632
526 133.9401
955 435.8236
