1000
657 145.9860
923 943.1927
889 184.0859
759 48.3101
321 867.5878
35 656.4094
773 853.4745
833 692.7541
755 677.2921
577 527.5693
480 774.1634
984 913.0074
778 629.9656
675 44.7323
227 974.5889
581 72.7118
311 948.1459
788 923.6039
563 685.0359
432 142.3434
78 705.3832
89 457.5312
203 790.0059
462 950.0336
566 933.9870
345 785.2562
390 604.2443
838 391.4206
614 454.9200
396 847.0597
63 760.2576
360 934.4456
41 192.2439
403 815.8436
269 989.0066
772 463.3895
733 639.7529
32 353.9579
92 844.0568
249 277.2706
602 639.7394
245 530.5999
939 226.0271
206 696.3323
370 567.3350
166 403.2461
166 656.5808
218 223.8525
528 183.8785
279 701.7789
180 381.5247
705 280.6858
765 223.9565
365 840.2377
858 559.6078
388 841.5638
91 991.6157
284 292.7378
242 639.0623
658 182.1608
20 852.0510
980 253.0705
559 625.7454
863 885.8179
437 137.8169
802 576.0126
154 443.0095
703 8.8017
827 622.5411
971 553.0381
547 92.4181
642 767.1994
358 599.6426
176 890.1922
908 924.1174
229 248.7597
654 222.2061
190 901.2337
907 929.2404
516 784.4484
478 271.8628
48 509.4305
933 245.7080
702 759.5448
637 275.0067
832 479.8184
664 651.6778
946 896.2608
620 252.5011
760 570.2470
845 331.4521
634 827.1864
850 198.0020
663 378.1522
573 13.2170
459 742.9303
81 434.4192
80 896.7207
743 448.3424
452 446.5394
430 297.9321
978 76.3131
533 625.6987
592 724.4947
738 128.1185
607 766.3248
661 671.0347
27 315.7770
146 126.3296
8 687.7537
204 503.1586
123 857.5521
383 208.8308
901 174.2067
137 136.8185
252 442.8588
942 975.1879
190 94.0464
946 382.1103
869 553.4034
645 758.6347
493 967.7784
210 993.6065
142 528.4867
993 707.2018
185 466.9952
855 922.8867
386 996.9973
832 397.0974
163 359.6634
237 366.5956
872 348.5524
703 667.7422
888 382.7591
963 851.6852
144 588.7990
324 802.1509
981 70.1569
612 817.3988
480 423.1443
719 555.5218
583 896.2447
100 557.4532
158 235.4464
255 23.5255
214 664.1713
115 195.8321
627 876.8980
328 438.0303
316 239.3030
560 417.3568
539 945.1896
325 925.8874
824 935.1622
671 584.3247
134 324.6549
398 144.3254
551 71.1751
978 469.0315
904 291.2152
490 529.3999
322 531.5384
187 370.7751
315 421.5403
98 71.8190
406 277.6732
433 980.7605
503 520.9192
247 528.6379
537 767.1426
59 686.1851
992 696.3485
363 431.3510
32 220.1271
783 554.1608
263 910.0603
301 513.9384
254 466.2887
601 538.9347
555 134.8556
773 280.3065
841 407.8689
512 802.6736
645 628.9048
413 798.4463
76 512.7084
826 538.2601
291 598.3101
922 17.3246
258 982.0599
328 46.7320
779 173.6707
58 749.0703
153 381.5947
818 555.5600
117 754.6020
551 300.2317
744 945.0662
798 282.0729
23 553.5861
650 459.4631
797 629.8121
543 414.6159
504 100.1689
673 57.4623
385 217.4603
120 568.0861
613 53.2199
798 560.3404
182 456.5925
784 633.9474
116 431.0061
792 318.2583
778 58.6457
213 804.8567
100 721.1010
701 272.5824
964 378.9602
399 665.6478
646 127.0620
778 855.6596
327 481.1778
988 210.5217
692 304.3461
79 545.6113
829 63.8714
882 529.8526
824 427.1110
870 321.8543
805 390.1256
13 967.9353
414 542.9866
497 7.8272
283 823.4980
751 599.4499
990 905.3740
581 88.9663
361 64.2947
967 75.6068
587 736.3137
809 98.3340
560 819.9585
577 614.0597
421 483.4249
283 42.6993
776 150.3381
625 237.1360
765 131.9935
312 306.9151
33 34.0988
303 53.1397
376 290.2243
424 740.1887
981 365.8127
643 742.7412
853 637.2001
400 954.7676
762 10.8003
407 135.6450
276 944.4190
220 834.6506
318 436.3106
749 879.0721
102 298.5474
120 55.5285
172 146.8805
17 405.2632
527 12.9391
150 224.4151
830 596.0734
523 347.3211
314 916.7722
260 352.9261
986 89.9019
295 985.8967
950 72.7345
177 197.8490
535 191.7859
816 638.5983
624 567.4794
447 668.5987
488 482.6483
346 583.7531
703 234.6856
109 37.2651
284 242.4530
187 798.5864
236 700.3791
211 186.4908
817 953.6791
848 856.0263
571 196.4800
217 404.1783
140 164.7290
553 215.6713
696 699.3742
491 402.4310
187 958.4164
957 583.0030
33 407.8524
434 705.2579
148 290.0633
734 279.5883
843 726.1074
385 724.6564
220 107.1903
265 106.5314
770 989.7947
26 198.9090
785 872.6697
31 728.3873
94 325.6485
779 998.7433
413 240.1061
93 279.7105
397 940.3147
592 532.2735
9 925.1985
867 549.2989
136 428.0763
286 171.4933
979 259.0646
980 682.6291
456 321.8444
652 424.9857
498 728.2244
421 540.2648
479 282.2216
624 584.9551
834 504.6779
373 766.1341
227 72.8296
325 138.6125
77 603.6834
409 639.4099
798 709.8260
110 618.5843
500 512.4435
451 420.5068
997 814.7388
739 463.4074
816 261.2104
111 877.6425
321 832.9260
616 354.1374
86 451.4560
483 262.0016
26 756.3645
413 798.0218
274 352.4179
430 264.4963
992 47.4346
466 412.3796
263 904.1213
138 915.7792
450 721.5196
402 321.9355
763 262.5888
741 615.0398
59 188.1363
937 615.7388
116 605.3798
594 723.8677
307 382.2442
56 159.2228
641 464.9314
608 469.8967
224 897.6333
773 334.0392
688 148.4150
900 737.9546
747 109.8074
332 701.6288
13 468.9426
541 978.2914
876 208.6197
811 845.3026
35 542.3337
837 784.9513
19 929.9851
234 246.0491
256 319.0433
185 661.6582
797 915.9475
194 22.2733
994 383.9221
637 983.6913
606 279.6443
47 750.0004
78 263.4533
426 310.2573
8 854.8914
117 520.0881
894 262.9010
856 592.5864
989 386.3669
261 865.9073
280 979.9379
67 912.1055
38 145.0315
324 986.7922
456 552.8526
243 643.5718
809 723.7455
835 67.4168
435 518.8721
853 303.5407
314 880.3367
521 950.4655
523 785.3123
153 272.2930
906 390.8249
202 322.9272
299 971.8491
215 275.4398
690 413.6255
641 257.4371
668 56.8338
47 381.6625
687 940.8450
837 451.6476
737 218.4220
467 129.6379
601 355.2692
92 933.1620
11 293.1277
869 975.3801
455 870.6258
422 671.7660
44 985.9316
134 103.6750
413 95.8765
11 49.6848
301 122.1194
549 587.6924
729 687.9174
905 146.1473
302 701.8247
108 299.0120
972 470.9640
380 878.1177
661 693.3508
678 53.7993
533 47.4354
215 307.5437
674 240.2572
540 572.5351
86 354.4332
894 468.5307
459 902.5627
434 922.3372
351 50.6216
607 695.1524
614 827.3797
810 932.5073
682 92.1770
214 907.4945
418 234.9492
766 156.3430
240 391.7897
636 664.9274
877 238.4573
646 401.1082
374 542.3825
572 911.5153
694 750.9426
315 951.2424
478 840.5297
541 638.7446
307 437.9652
533 702.8559
884 80.2116
24 828.7480
322 595.4310
725 719.2284
637 682.7750
41 256.6255
666 484.7622
217 539.0545
975 920.0494
386 244.6933
156 467.8680
458 437.7639
492 657.9427
558 576.1950
70 570.3788
140 242.3732
28 957.2296
371 757.8218
239 762.0589
570 180.8448
336 546.2792
74 437.7434
975 964.0239
60 972.7313
698 665.5109
273 746.4701
72 391.3200
870 139.0116
993 822.8170
29 557.9678
149 48.6243
591 12.0377
929 228.3395
28 455.8663
160 32.1464
251 831.6912
940 826.8257
489 860.5053
276 110.3753
785 401.6575
792 732.6771
467 104.1323
927 623.6698
41 884.6934
899 793.0743
455 864.1192
202 949.2466
848 669.6739
675 162.3089
119 769.7249
636 369.6507
783 86.5739
350 453.7349
415 354.6725
866 304.8394
276 233.0819
755 752.3785
971 533.0185
29 768.2621
465 390.3216
613 174.7942
395 679.1345
480 30.8302
629 847.7582
386 358.4851
801 681.4215
760 452.9254
811 39.5261
657 57.8370
853 920.0559
181 720.6616
466 482.2020
893 217.9173
88 12.9041
40 498.9736
272 900.4152
740 419.8240
943 558.3367
849 753.6480
404 965.0466
802 466.8738
167 796.2049
189 886.6464
78 413.1296
207 38.9451
867 883.1797
605 909.2209
679 100.1868
253 711.4019
895 641.1865
757 643.4347
373 425.8608
65 625.9802
252 935.7646
389 242.7372
768 512.3623
378 997.4169
188 525.5244
570 732.5666
854 321.1845
544 80.2319
168 729.5113
95 809.2498
563 114.1044
82 736.1109
555 696.3538
860 592.0787
517 129.3773
868 289.4203
912 530.4384
738 146.0846
492 166.9360
485 159.3365
889 391.9428
885 287.1304
823 185.6321
393 749.8130
925 242.6434
92 614.9195
937 209.2277
159 612.5259
634 61.0461
347 572.9605
546 699.0738
931 911.4269
542 397.0913
988 761.8369
477 600.8679
200 23.4406
124 780.9095
376 451.1411
832 386.7613
16 464.0818
4 791.7187
916 589.3235
637 90.3422
483 9.2674
357 985.2397
987 698.5837
857 988.9921
581 660.5398
159 733.2104
253 527.5784
454 564.1895
232 396.0518
497 470.4169
340 47.5450
952 642.9185
990 384.0688
65 920.6504
434 568.2367
926 467.0588
789 321.1985
196 658.5735
146 61.6414
880 247.6105
230 951.6312
444 823.9328
14 286.8001
846 978.1967
849 24.3527
841 108.3291
261 726.4425
714 155.8973
548 50.3619
422 749.5140
346 250.2547
689 782.5856
620 982.1469
2 192.1743
499 398.2017
319 878.5887
277 204.8808
658 463.1957
572 211.7797
801 650.2987
45 853.9314
430 44.1327
248 821.2403
923 931.7571
887 435.7490
774 152.6208
93 194.7146
779 740.5228
740 353.8358
218 268.4629
78 418.5444
877 749.5517
38 819.5698
988 876.7554
80 36.5114
515 749.4865
962 19.4627
512 686.9602
686 18.5343
979 168.1454
828 239.7426
700 153.3163
139 112.0717
87 353.2097
183 274.7758
522 889.2811
162 571.4215
571 830.4920
796 284.3776
452 657.8749
575 307.6655
706 249.4396
183 975.7827
146 964.2868
525 830.5465
697 148.6522
823 349.0547
498 665.5815
154 531.2529
543 921.3791
650 469.3344
925 104.7804
742 598.7334
471 597.4870
907 34.0580
80 618.0495
267 119.7360
602 222.6851
238 880.3454
420 561.6067
600 989.7908
371 884.2836
72 631.6841
179 844.9223
398 897.2955
387 854.7538
383 827.6193
248 649.8674
144 421.0709
313 620.1714
76 282.5087
529 746.6979
903 634.9232
729 30.5235
839 203.1200
117 224.9443
52 900.2397
849 277.6510
102 683.7403
462 885.0470
929 612.6869
866 228.9230
360 491.5171
536 889.5717
810 342.7441
476 912.9806
851 989.3174
370 345.5107
182 336.7176
190 701.5721
398 283.7322
840 543.1338
341 793.4568
587 562.9855
887 874.5402
999 519.2102
915 705.1822
292 653.0754
310 194.3510
194 577.8121
532 961.5723
341 600.4920
958 932.8352
435 840.0467
519 844.2778
614 430.8245
702 414.7477
282 687.0706
237 644.6276
332 122.7094
676 178.4712
737 649.7093
896 760.3020
868 142.3362
61 852.1040
595 603.7509
428 648.7158
245 553.0224
461 514.1734
425 386.8069
725 668.7264
443 68.8865
790 73.5765
286 430.3550
467 484.4218
438 832.4447
499 674.9204
613 645.1766
602 560.6118
822 752.3309
511 665.8657
858 675.3042
321 937.0855
212 622.0506
610 550.0165
605 131.7741
250 595.5239
651 702.8171
456 241.8883
59 360.9277
260 77.3656
26 314.9153
710 367.9995
622 435.4353
984 785.3237
589 131.9184
270 107.3309
662 550.0422
685 879.7531
892 322.3193
237 212.9263
131 323.7105
410 830.0647
678 979.4029
633 373.1587
626 946.3913
869 343.7425
121 951.1128
341 653.1436
129 277.1987
128 869.5652
842 795.1709
958 373.6390
824 124.1587
55 220.3257
853 672.5142
336 574.3144
765 192.6563
340 36.5818
725 785.2089
925 331.0184
73 230.0891
109 649.4212
996 996.9877
790 735.8724
934 307.1938
340 994.4722
520 455.9495
362 504.4739
26 741.2368
860 810.4035
292 75.1703
410 451.7897
780 192.1988
655 887.0000
80 198.1403
439 59.5928
54 153.0648
877 28.3188
980 589.9194
425 448.3077
388 528.8113
791 254.6548
936 827.8575
678 376.6237
544 957.0106
80 518.7342
390 591.2231
930 0.9309
529 71.8885
890 799.9493
425 773.4655
486 736.9596
627 311.4141
334 906.1841
869 339.8451
241 897.1509
639 922.7096
531 791.2510
608 155.4799
489 350.7401
189 403.2774
711 474.7569
338 723.6967
731 148.5524
457 404.6450
981 982.3246
654 442.5875
208 838.9290
906 759.2573
234 588.2149
328 25.9578
417 357.8077
999 893.4296
605 705.4469
426 797.6738
984 362.3937
718 59.9478
154 611.5046
515 868.9426
755 415.8364
130 314.0803
984 267.6626
473 240.5333
860 871.7141
654 12.7030
849 968.6527
161 635.8168
561 43.5469
282 695.9567
129 82.2006
787 69.3270
907 233.4660
406 350.0337
588 899.3064
528 215.8589
224 500.3564
190 311.5633
429 65.1907
706 259.9435
591 136.9420
615 318.3398
258 107.2181
186 669.7357
790 645.9242
646 927.1266
984 237.1062
835 145.2574
544 812.8626
586 101.9439
624 286.0096
489 134.1913
10 266.9674
686 504.2040
943 803.9933
115 574.6183
64 113.6063
435 250.8218
400 771.1106
810 638.2886
291 120.8574
593 655.6605
368 563.0570
311 291.5059
963 770.8599
396 359.2468
830 646.7212
944 716.4162
429 607.7968
886 957.2599
59 220.7759
357 666.9640
143 453.8165
663 604.5667
984 668.0633
744 717.6615
129 445.6585
28 481.6320
429 972.3094
696 961.5343
50 44.2625
44 724.1672
620 431.8023
534 491.1399
218 457.0590
702 517.9557
445 54.0395
587 193.5581
641 189.7391
810 459.9489
32 223.4857
226 446.9725
419 723.3883
212 577.7647
807 112.4275
160 470.6807
349 308.8970
662 913.9744
70 578.5627
220 440.8582
557 900.2916
844 259.8604
39 434.0094
767 929.0649
493 289.4147
530 259.2473
722 895.7885
716 368.7189
340 37.6845
93 93.1108
262 108.7317
77 866.9050
654 858.7641
975 315.3504
344 455.4011
345 831.3963
972 147.0854
103 579.4213
640 26.5472
547 687.1256
84 999.7046
154 212.1641
30 620.3123
245 945.2357
771 375.8906
500 492.1927
514 515.2171
645 746.9010
189 627.3991
818 23.5921
29 949.2891
768 764.4577
343 612.0350
65 846.2793
237 539.8585
779 919.7210
950 380.5819
256 114.1694
547 115.9087
104 297.7641
623 898.5330
765 125.8678
55 547.3356
584 937.8073
226 38.8154
808 688.6510
950 560.1030
806 109.0419
75 871.3447
421 107.6305
486 831.5060
584 735.8594
811 622.7229
