1000
833 195.6251
942 149.0875
820 955.7928
20 806.5278
620 514.9062
35 340.1387
146 303.6891
486 423.9257
66 839.2478
93 321.6663
899 977.1300
480 181.0250
120 406.9608
57 595.2478
333 353.0102
24 944.0041
612 39.7724
409 603.9040
607 389.4253
676 790.2936
170 357.5791
88 902.6002
454 288.1048
904 295.1919
234 985.5966
312 120.6376
632 889.9025
967 652.1269
585 937.1125
369 279.6569
382 58.3476
81 407.9435
812 734.5779
608 117.7218
833 903.4586
890 807.8964
207 103.5241
506 661.6847
57 866.8438
944 78.2683
224 401.2481
268 228.9672
562 21.3453
964 268.5705
561 94.3417
817 641.5835
236 11.4626
960 608.8541
793 183.0709
189 398.4477
482 863.4857
270 645.8629
794 911.9494
800 827.8290
712 548.3636
856 222.1769
413 897.3364
106 546.5822
759 443.3141
993 874.9080
201 603.4490
390 282.8735
35 251.5868
200 330.9098
339 771.5720
189 350.1984
549 736.0629
65 208.5206
702 49.4491
927 658.4395
187 314.3589
843 397.5854
243 295.9456
752 969.1171
473 456.0657
948 370.8975
13 286.6175
938 255.4275
867 320.9593
210 874.5807
58 247.5878
5 373.9272
469 689.7824
299 800.2389
743 560.7482
406 801.8944
836 237.2953
914 938.8346
834 84.3242
384 456.3888
660 910.1464
230 425.6898
950 741.2378
375 666.0624
961 399.3548
242 264.5122
14 256.3877
746 847.6338
939 495.4297
895 682.5919
192 241.0122
381 425.3170
23 690.3931
178 250.2465
420 200.2031
444 145.7600
573 435.3124
150 674.7184
976 112.7876
899 87.2969
119 186.1055
89 496.6375
935 314.4717
808 811.4987
434 30.4593
205 459.1302
951 435.4202
704 438.0365
947 5.2047
649 118.6726
406 561.2604
212 834.2851
104 830.4290
117 589.8322
911 819.6747
738 364.5788
720 880.3670
808 421.7854
531 816.3437
977 392.1442
427 562.8565
625 332.1203
228 899.5030
862 875.6844
273 34.5454
277 77.0582
347 508.8025
977 379.2450
815 700.4482
681 121.9716
463 428.5010
479 785.8012
855 684.2133
227 472.6829
633 320.7371
273 857.4396
883 988.3271
273 261.3324
920 530.8027
920 353.0991
566 517.9467
261 249.8445
784 251.5917
842 107.4440
412 195.8829
948 865.3195
772 831.9657
486 385.8945
453 675.2923
103 281.9635
45 500.6911
295 375.4206
936 163.2013
788 476.1184
847 700.9831
959 718.6687
334 817.4071
456 749.0058
950 893.7325
359 675.8253
951 193.8293
490 637.4324
74 166.3438
31 353.4797
466 210.2448
922 685.4817
700 571.2966
349 15.2946
181 742.4814
59 763.5779
969 591.4281
299 219.7884
734 997.0386
416 372.4440
969 883.4731
470 29.3518
299 813.1816
657 749.5040
844 986.8041
460 160.5726
860 215.2802
283 711.9093
863 992.4840
989 445.6106
1000 633.9870
685 477.1397
439 792.3454
937 90.2452
484 187.8941
792 605.2880
181 461.0845
438 57.1673
572 379.6012
105 361.2258
611 850.3793
499 82.9329
394 893.4447
366 504.9043
597 688.0781
351 217.8025
954 822.3961
105 376.1020
568 277.1260
978 115.3205
411 627.3679
941 42.0372
788 760.6477
730 721.0063
882 591.9395
258 824.5696
55 979.1915
487 558.3795
214 521.2435
594 253.4591
638 522.5645
327 927.3661
974 142.9657
725 306.6884
651 579.5654
749 307.0745
608 407.4561
330 760.6819
429 565.7430
31 984.6578
438 109.9398
718 18.1788
854 404.1974
196 175.3351
91 832.1018
483 119.8788
205 715.9109
888 289.1413
135 3.2855
793 761.9109
844 662.2987
772 66.4302
633 805.3471
549 899.3304
528 653.6812
907 192.8521
144 681.3191
649 754.4044
823 852.6273
497 401.6890
473 196.9295
285 941.0371
648 102.4778
258 318.7960
873 440.8817
618 570.7605
301 678.3586
455 180.4522
723 844.0134
618 432.2684
84 69.6279
199 811.0751
3 981.3492
670 968.5686
299 449.5328
732 474.6726
527 910.4511
696 826.2587
824 75.5410
462 895.1028
298 696.8782
247 108.3132
485 46.2616
292 657.1894
466 266.6721
95 862.2787
773 878.0111
190 625.2046
17 419.4622
876 402.9606
801 302.6593
301 104.1690
491 165.8882
371 536.3825
844 839.6478
321 323.5274
350 386.2004
901 183.2686
106 679.1359
75 709.4988
199 192.3490
775 881.1822
517 26.3829
734 615.1992
542 157.1862
429 133.5245
512 851.9321
731 79.4031
271 823.1387
57 437.7388
401 140.6392
999 416.2210
496 547.7006
745 379.1762
992 278.1046
346 128.0662
586 283.7978
698 300.5458
248 561.3140
795 807.6684
186 867.5108
506 444.1479
24 648.2866
688 849.9609
689 510.9196
515 709.6434
529 305.5899
129 166.6844
412 872.5911
254 477.4541
649 693.8352
294 55.7256
448 166.5016
187 47.3903
767 88.1577
120 484.0519
498 419.8449
807 987.1195
113 521.3191
981 816.3722
614 891.5100
981 842.2211
526 989.7174
368 843.6763
758 783.6834
915 695.3258
613 974.8630
851 610.5114
79 464.9180
757 121.2321
348 109.5273
800 35.5415
898 230.2397
820 359.1509
335 118.6864
424 741.4450
97 772.0779
112 894.0261
975 418.5797
835 1.3380
253 400.1217
275 701.8204
508 160.7593
171 600.1170
767 853.3417
12 229.9900
621 267.0145
15 509.0790
262 488.5279
867 55.2408
922 601.8108
431 365.1984
893 987.5337
712 100.4217
223 873.1351
330 68.1279
243 744.1956
277 552.2467
229 307.0691
386 464.8323
540 914.8952
931 716.2446
533 413.3338
296 142.9584
373 443.8143
870 86.7322
475 662.6813
716 997.4099
594 499.8355
392 206.4700
878 384.8539
431 769.0853
573 598.9596
506 793.6413
963 801.6293
427 772.6481
991 400.4558
591 594.0039
850 259.3636
87 555.4446
366 677.4656
222 436.5579
526 462.7821
427 168.4411
305 321.6216
799 747.8712
493 5.2869
173 776.8551
14 779.4805
240 682.3627
390 556.6284
75 139.8825
16 290.7826
836 629.7644
565 782.5193
295 537.1689
303 661.5379
738 551.2998
828 25.5073
404 317.8356
171 64.1667
724 468.1553
586 192.2474
188 799.1106
109 870.2093
481 650.7137
396 574.7862
104 939.6418
378 726.5685
644 97.6974
957 283.4026
879 452.1289
807 119.6174
287 325.5856
804 490.2011
646 171.5023
949 952.6455
291 478.6699
45 735.1175
299 400.6256
506 112.4650
127 357.9057
869 633.9568
182 954.7294
450 770.9107
891 839.9855
557 297.4014
748 266.8925
107 464.7756
447 850.0784
623 122.0489
849 395.1059
447 884.8398
937 624.7764
29 462.0014
690 30.9585
562 553.4022
741 990.6198
746 839.2816
401 203.4858
341 308.3774
755 675.4392
35 377.7002
961 605.9091
105 939.7712
136 811.7369
205 834.7954
928 136.5759
382 542.3008
202 411.4060
846 410.4167
899 320.9890
416 967.1845
477 473.6637
805 498.6069
623 774.6372
596 429.1836
82 842.6277
26 3.3658
587 532.1044
102 433.9260
154 930.9288
67 529.4552
756 329.8117
9 800.2646
663 79.9884
883 955.3410
107 502.0032
635 871.2188
43 40.3889
887 914.6349
756 108.9926
48 975.0081
71 708.3243
812 921.9082
608 909.5634
701 554.4608
267 604.1827
525 171.4653
341 889.8857
804 820.9204
579 419.8283
429 379.7901
421 407.3765
95 374.2352
243 164.4601
781 992.3745
266 447.8622
518 726.8554
768 468.9161
524 554.9430
759 732.5081
17 842.3957
278 428.0626
860 539.5087
804 310.7922
832 164.4917
42 539.0280
49 807.0971
602 140.5184
291 586.0067
717 441.6584
981 210.9022
569 99.3937
791 123.1287
203 746.9987
690 158.0592
375 860.4035
178 578.5523
221 919.3918
848 997.2271
259 77.3403
368 254.4155
507 801.3816
161 523.6456
310 222.7014
560 61.3589
274 917.6236
45 159.4228
826 116.8186
289 113.4067
186 804.1187
472 59.5139
134 399.0014
100 493.8309
501 149.8164
281 630.9364
974 467.1328
76 159.2757
408 873.8935
458 827.9930
545 529.4700
208 442.6482
194 112.7740
89 649.2435
943 327.0611
100 915.4469
341 167.3007
667 828.2258
61 465.6955
18 927.1496
428 289.9764
511 192.9217
322 889.2953
811 142.9037
67 651.3290
448 905.0781
950 924.5644
200 37.1112
269 352.9885
933 347.1087
344 461.2631
617 456.3740
409 143.6756
187 872.6646
388 128.2021
626 565.6773
716 877.5275
893 571.0234
470 782.1716
260 782.7217
222 210.8992
755 803.3997
684 186.3526
600 40.6165
158 778.6885
396 235.3709
823 15.6704
35 656.8526
93 202.6439
483 340.6044
115 74.8652
361 379.9519
54 226.8088
573 615.4563
204 651.2823
769 605.1143
873 637.9726
600 307.6421
831 710.1057
255 465.7054
323 674.5026
596 284.7393
439 984.1699
747 783.4574
358 918.4283
967 50.9655
836 353.2613
772 490.8620
449 988.6492
143 310.7178
776 550.5498
484 165.3368
324 634.6764
515 348.8962
342 865.4346
148 59.5563
170 167.4547
112 930.8644
408 485.8250
797 398.0085
283 33.5098
589 366.0821
680 407.9238
5 983.7428
863 120.8899
26 203.9930
880 255.3896
774 260.7896
95 105.0834
344 1.0732
547 617.2810
993 457.7385
385 363.9768
825 89.0691
642 256.8250
123 47.1592
637 27.5305
340 782.7790
292 79.9067
569 195.4828
525 428.4884
691 547.4359
30 480.2188
737 887.4035
349 63.9261
592 361.7925
105 724.1916
837 443.2071
722 630.0959
647 450.8961
691 457.8379
122 766.4910
853 982.9474
280 548.1503
243 747.3075
288 807.0989
914 909.3439
372 466.0083
237 307.6131
306 291.8896
414 454.7677
252 948.3432
373 903.1207
287 413.6663
611 879.4780
207 712.4865
901 259.1546
133 597.1259
732 894.9653
137 823.4339
285 64.3559
690 730.5961
205 316.9490
324 756.6103
434 625.0474
113 361.9398
284 45.7719
740 760.8409
335 886.5135
370 710.1690
225 38.3454
828 511.7192
902 690.4712
909 189.1988
174 392.4924
488 481.1749
10 862.6588
280 654.7008
354 279.3332
725 572.0171
398 695.8465
229 800.8927
418 352.3225
936 922.7776
835 248.1381
158 742.5934
767 315.2395
52 727.4107
514 660.0942
552 977.4374
221 472.2762
565 891.2698
496 563.1883
784 84.2838
81 225.7581
316 894.0824
369 344.7083
558 681.2685
820 776.4976
992 242.0791
32 799.3003
286 419.3887
969 297.0233
52 303.9345
193 369.6356
343 847.1186
467 601.0823
831 427.4732
395 377.0597
580 764.0075
263 712.1919
658 168.9789
602 584.0476
166 549.5764
41 850.5488
718 284.9211
324 398.6809
595 528.9770
321 463.6132
876 207.0513
119 126.8332
476 865.1945
698 363.7712
383 375.9983
333 367.1748
318 230.9795
647 923.6145
246 370.9925
958 942.4864
510 667.8789
455 598.0632
777 370.5948
574 850.5603
474 422.4139
480 901.8410
115 323.1804
644 362.0364
280 388.4810
925 768.2651
129 213.1122
99 54.1843
317 492.2634
300 908.0298
410 262.6160
893 800.0133
822 84.4541
821 734.2277
77 604.5755
495 344.9187
751 203.8232
518 296.6187
88 295.5962
275 28.1398
329 670.3115
487 247.5267
20 286.6107
274 227.4402
532 700.5943
229 896.6077
401 519.2924
453 883.2203
968 203.1864
313 33.2050
837 318.7384
336 393.1912
474 772.4064
390 635.1370
934 207.3415
294 716.2775
600 320.7992
943 107.1421
557 730.1518
194 194.4584
962 352.8741
705 228.5700
224 314.6233
729 985.1339
193 460.0734
204 243.3609
21 96.7086
664 117.6712
569 997.5269
512 117.8690
34 574.0790
390 761.1825
854 448.0218
707 683.8910
913 252.6335
497 937.3101
252 516.6220
899 530.4235
822 417.4641
618 366.3359
423 649.8757
80 917.9256
986 411.8907
525 845.7073
257 82.0623
438 807.5676
89 427.6508
536 67.3985
62 535.1761
654 518.3033
482 157.4580
265 268.1366
400 728.7233
781 803.6463
369 152.0830
528 776.0878
521 427.3947
354 17.2139
127 890.4879
685 841.5331
807 931.9225
465 982.0510
899 586.8946
960 739.4692
432 705.2113
743 705.6702
30 609.2595
86 183.0705
620 947.4701
476 601.3545
117 808.4542
121 311.0724
676 345.9177
438 934.7062
896 217.2468
410 600.6923
192 199.0107
389 768.1232
854 927.9135
582 861.1325
881 47.5250
658 929.7053
428 290.2447
840 396.7636
659 208.1959
879 690.7200
581 238.3055
556 722.7921
314 364.9096
173 116.1662
220 953.8223
78 263.9670
317 339.0585
908 792.7689
180 996.7359
650 18.5817
227 659.8626
80 615.0058
441 398.9733
390 982.7185
784 213.5368
110 844.3339
36 103.9264
609 182.8339
933 449.2751
347 337.0841
928 382.6681
386 18.2064
829 602.9016
634 618.7103
844 502.4819
32 614.1400
736 657.8907
804 227.9099
125 190.8693
812 342.1434
821 761.8739
80 441.7272
297 79.5253
221 624.7186
287 887.5240
644 443.5219
825 964.2116
108 601.7231
294 749.7502
941 749.8783
24 952.6294
561 338.9153
355 559.2299
540 323.8048
228 106.1716
225 612.3942
151 540.2224
267 688.6135
461 483.2935
395 630.5479
261 688.1073
729 385.7588
525 739.6742
436 419.4443
716 624.5698
517 342.5703
762 262.1173
210 800.9130
20 396.9998
567 639.2071
395 888.6841
17 477.8073
506 409.9293
682 769.5686
19 629.6470
881 783.4742
313 521.4482
395 895.5123
27 363.1019
515 182.7055
951 400.8386
750 18.8291
587 425.7579
127 521.7246
377 231.1517
729 484.4582
71 329.6346
987 983.2312
160 12.3535
920 939.7544
741 893.2739
723 995.8421
841 803.5745
550 198.7774
967 790.2622
581 757.1989
457 345.3295
456 466.5992
932 179.1624
306 717.0574
290 717.5185
170 923.2106
830 710.5332
485 227.3085
578 228.8295
408 960.3653
666 855.6867
23 537.1410
17 639.2762
197 969.4140
41 68.6550
783 949.8703
318 826.8839
587 205.7535
798 490.2277
500 923.5620
557 189.1781
291 833.6029
852 888.7584
858 152.5979
9 173.8483
931 967.5169
210 728.3837
815 73.8467
953 381.5754
395 425.3685
933 898.0324
350 313.1787
265 82.5031
38 166.3887
253 938.1753
134 972.9367
966 425.3340
413 565.4689
468 567.7251
446 84.4642
925 272.2413
465 88.6133
290 260.2743
527 278.0246
523 266.7612
865 799.7180
117 42.1183
180 927.3916
439 101.7598
271 36.8304
947 7.0774
868 582.0679
101 401.3646
89 728.7044
112 732.2310
145 880.0511
381 543.6089
238 5.6068
474 838.2354
593 712.3753
639 329.5378
747 998.0312
785 553.0509
622 753.6434
141 594.0954
218 752.6266
797 106.7437
264 191.8227
770 829.1122
936 945.1707
