54 48
381879 795766 121273 723368 916893 288281 815074 867435 379181 793472 755980 267986 933903 286195 987619 997876 537817 529965 269410 648831 799201 932662 949597 684083 854686 508875 46716 332706 565808 868216 396118 58758 690369 548104 668809 859156 225062 520117 161515 767152 929 233707 405561 528294 593975 804588 453467 80314
170044 225722 72945 6522 149165 255838 222508 407862 827412 864850 108226 341331 103472 387909 567992 581179 378978 509984 792872 780592 233324 914236 685477 87476 997723 791715 452222 948078 273470 253812 176084 59779 335149 626338 506446 219820 854093 557547 478291 91323 843103 455762 944120 797161 797487 174790 550636 824563
236124 924596 142592 285879 335599 545288 989385 435957 872730 463148 598320 592725 137783 724565 762361 990593 53434 431430 912442 302216 859170 327024 317300 305791 136535 265762 231832 484687 203871 819501 825186 90069 897832 474003 162420 106999 387268 510699 311664 983256 379976 327508 335921 526792 633423 799198 382694 30710
132932 870916 324667 401892 198797 919562 257576 658448 908395 902007 253165 798308 842314 831224 471408 459394 595956 446610 708687 378166 151332 184890 732808 163744 464421 394313 184462 632443 103386 328916 147601 906067 890975 125198 827723 423431 902427 449540 933315 179425 361266 39832 84378 419633 109188 610784 104931 511250
661922 446637 195926 165903 444597 976729 905180 487753 702617 398598 299672 885426 53212 156429 895151 827545 528645 708178 541214 812318 993179 160813 773406 701349 870595 235744 892459 944954 380352 974752 826430 545697 718782 407047 850286 300043 115321 235685 528801 275259 97677 6148 523461 268955 824048 987113 725462 764689
647962 822740 245596 934758 491321 176860 367268 228159 160952 587475 884895 45345 165506 732821 29719 389465 257192 67368 880815 649753 581624 756505 464303 660144 150662 460866 555385 503542 257782 133336 825843 495970 744883 807474 324658 596990 975160 844570 52541 774782 574297 361836 737492 460684 893037 46991 549962 820547
325280 996170 790990 667808 70673 428564 756120 223871 127435 111005 368394 783822 471341 497602 817543 537171 698431 660494 864371 279034 210911 126693 841648 122366 342520 122060 91886 696763 465961 225088 293593 168607 770076 841200 719357 410700 728056 653524 288701 547394 652649 958916 790753 561939 496047 732415 947094 808513
208012 79854 643897 8150 579040 546851 150064 100952 68273 148195 238627 572784 278046 601206 309718 928681 845236 505884 472456 1784 604338 497496 295564 763655 924538 717702 553241 576602 983448 134071 895922 460584 855081 324611 724819 49637 687960 569858 770921 39894 92926 554725 542915 418790 683044 169818 255328 697452
165031 627191 216839 7548 998333 127424 192357 177387 235559 158693 816591 846435 266934 302902 950858 132650 684412 368774 830617 505754 967632 319027 466802 620468 232168 67418 26635 443474 76900 594725 657931 523392 135337 610550 286589 416015 51610 262630 719974 774963 21317 201594 721318 272630 223179 966437 472529 202060
546324 442991 848358 497462 964049 239391 624653 223243 636353 683416 960601 547194 699826 442399 895983 326978 893337 979872 987394 969499 519357 947415 968612 417220 746805 849435 429833 24072 727883 71472 703000 207293 793668 639086 179122 425842 788674 838576 259514 607820 856684 998717 249831 271206 725134 736884 247519 519573
787469 821848 853784 535154 39670 417316 107226 366573 738000 819426 888110 645386 938227 332818 595969 813007 27675 197891 539543 479068 81862 610597 162943 997151 495959 579457 929566 671064 36878 143112 872515 11590 924674 331146 217923 623817 981092 104625 554523 250870 341448 253584 412440 999187 895096 473955 434638 246919
123789 471702 676427 730692 397279 919647 687543 502599 874666 334289 343671 820527 227930 540236 516177 116648 527676 996026 179679 295308 535800 563130 501042 309337 61689 760798 494219 312425 8097 583391 440923 781966 901339 385586 154241 383252 363110 815668 245190 502108 705709 134446 63612 327344 634074 799913 185947 238582
616282 590579 883428 579152 106708 31983 997012 907072 469015 512568 486777 7097 427333 654930 936956 78698 815442 54321 170505 234980 62920 89174 660560 355304 828434 201060 873930 416441 290013 632798 303896 814939 185776 646976 30929 353396 213176 858079 337559 621457 289713 385856 1156 807298 514514 903098 71152 591853
628995 249049 951873 696669 255760 469380 299821 730626 161293 520867 648196 630116 35667 955896 680039 312445 563888 389137 693481 158885 381190 682680 709236 716689 81896 904846 995904 919696 444465 563778 859568 988042 854804 690057 658107 484095 583863 690606 762123 87414 236916 326872 915023 356011 256440 804377 261095 114967
436207 663310 771821 134946 800720 157919 81318 92977 402072 881235 203947 139321 925539 247301 323381 714717 391147 604367 164762 457009 250868 909376 365308 509654 605115 712985 67649 103760 911945 242670 423442 720545 805385 993862 542274 732464 328520 299541 409933 480888 359952 967940 902266 762968 554281 110344 151698 841679
929746 314697 241819 407414 235621 150973 836947 681413 739959 671857 263352 926193 975883 190582 876897 228934 589471 384040 460785 370115 415984 809988 890652 925124 65419 362897 711445 904022 466511 397954 498061 656915 475361 513984 827813 190518 608335 231852 339783 132363 197698 571215 616525 866084 238863 492787 972757 853194
123463 208400 592393 844160 882506 920703 613546 324650 679557 585983 488520 304618 811689 628531 735166 144737 686662 848716 910085 892633 638852 197697 827684 213821 844179 796924 710525 403550 366887 296383 305109 83626 343447 74995 350795 679602 627750 530898 128262 296908 79601 671379 66095 895284 402474 29841 580101 620143
45577 512487 344871 132320 143018 703841 128544 467837 420289 184086 63246 18080 774519 364818 260525 876202 249697 385734 369194 306024 554859 836532 395090 2367 296948 252821 762842 134424 47023 557261 361682 17381 276959 779303 297693 372171 704413 652923 748815 26738 716441 378694 922745 780953 800295 250363 991859 406905
193838 804281 426940 812339 883149 637866 224884 676492 635892 115750 590115 137549 29668 723320 619502 966592 999532 445674 377293 101917 811309 107584 425299 253351 160235 343548 100829 824335 458648 706535 998361 557815 835275 784531 94380 228577 284551 350713 789417 262881 557242 875199 489769 867422 492846 199578 592031 335770
953419 505737 874775 535938 2971 414985 583662 52622 297888 977387 939671 861875 469903 535081 884587 725147 323794 940067 496147 864952 565974 757442 620124 691572 69019 93339 174215 887434 464118 764085 777038 370992 187143 59201 954135 129929 881572 189378 477418 275708 806682 40701 581234 7411 748836 766828 16286 83555
838690 980422 263286 437788 708044 556136 145558 980125 584680 292669 558750 954554 306584 449560 418620 481089 21781 643001 695613 106893 190118 144298 234445 737296 54176 923130 423066 227216 783693 710917 185822 670946 343693 964057 693798 10706 125971 60749 447249 768767 364297 982841 33879 189611 64712 928162 538601 569419
998710 71392 944541 465169 339528 204449 31981 386074 905876 193934 76574 649862 385922 501238 774156 756495 277726 214059 107000 135418 55461 859469 529483 487087 26202 13655 786188 692818 609460 127473 610367 379568 107568 784639 559687 565209 616079 703711 998732 390183 4016 260737 271084 176940 688447 937389 374618 890962
247507 513033 244648 625401 145843 382762 792166 790387 241504 257936 318991 16838 7594 1880 558254 11281 995363 59843 953431 185569 401785 667703 733437 874332 853613 311500 612387 337382 817887 952400 73809 862595 975417 311428 37626 184574 260548 855734 645236 918207 2999 776221 431239 835623 615443 175070 752585 601314
416481 262711 886557 204254 111257 846892 622884 573755 833280 943384 785644 428912 103824 287768 301759 788574 139336 737568 732281 27533 420652 822467 263158 771766 895772 86648 385877 31751 35778 472410 704655 284238 356878 614608 963378 847652 72435 714366 116887 34796 560671 431071 466268 735664 57936 778193 459136 340776
360100 70852 129717 866443 222187 341975 970591 215502 92350 572716 556672 381616 177100 142465 697684 820715 223198 344508 839297 176660 524467 962341 73328 325456 618214 487320 2525 176793 940694 839597 106517 720053 567735 844522 930732 259847 887068 590931 19302 381348 41817 783984 684155 837283 384873 37801 446324 177546
102082 730601 402771 841853 302409 102525 210706 660904 801913 642622 404684 505618 839778 981790 133825 441413 167568 759795 989146 163989 321409 646688 772494 864315 634675 587102 260875 832247 465522 502278 926783 558145 484733 770134 538828 549439 889644 436211 738755 766971 96276 87567 56493 14908 83003 847845 635554 942555
393817 741197 686762 68649 710578 20776 729319 999310 50357 308041 448997 686068 819110 322172 539417 533399 906432 395919 502235 985855 811101 904012 782488 399470 84156 476269 629022 823878 187993 935694 173722 23424 159296 120163 139618 707692 183096 192426 615766 686981 376528 57606 77815 237522 680800 849576 281711 67900
68937 540356 287560 690746 98358 29404 846565 586920 412838 731060 744312 171302 65877 62813 611545 23081 986952 153801 995811 296627 660159 315625 875057 299690 937537 643701 78760 778519 417533 522048 276457 810718 381845 944253 574164 985583 529295 595095 837257 674364 860646 844699 243259 990404 89710 93138 763011 932620
341399 610740 331859 833368 298444 506188 253234 527952 384118 296713 360927 697236 70293 8076 493721 436982 178064 645544 640373 354611 689410 780584 924943 491323 133729 851972 811835 777827 464140 781256 278725 564736 552240 810097 657327 304002 820771 426762 846094 331713 342529 569401 909123 417254 260730 304053 336817 80459
919463 278869 547440 621177 261748 826950 124716 325434 92506 460169 902411 171797 494830 835301 615464 719601 210601 640119 125528 128387 815736 88201 953381 706907 458061 741390 539784 545940 173559 758805 273971 990835 654584 474329 488251 683258 141355 658348 368157 927632 716279 102160 362896 288141 951983 596826 892764 986831
616295 4286 243292 96954 158589 724213 932092 720040 298265 415231 139983 197070 885459 220223 933621 513444 164558 583701 152647 825651 935920 461439 245566 842859 564042 86365 500436 953551 842284 70906 392279 662735 821902 174836 203195 168867 252222 519192 696135 952631 940251 364690 443939 368841 763892 784191 466143 342251
765801 395841 324316 240981 969739 471625 969444 635434 943132 162660 499641 146664 667400 491720 314504 927895 860688 89947 873395 203393 160712 772617 865746 896453 750265 401419 458214 298432 126702 256524 366999 500569 547367 386370 808676 90849 257853 649781 51128 457413 54495 361899 414717 63240 668846 913749 101918 332221
560671 69726 581160 815342 345899 706771 202121 378994 88136 500738 269412 528505 96428 350402 376262 846735 760775 740911 260816 680288 178274 690745 312138 580773 17471 429302 935975 434554 239237 682560 489326 649152 46370 879449 193051 1495 445901 933847 154841 611393 218760 147447 459735 549513 715199 464774 542473 906779
842494 700890 901513 410344 114901 948327 902746 899542 116238 998773 106849 313159 168435 312157 737069 261504 934119 721337 746747 714175 999914 967786 523518 948446 521366 817511 624380 597967 383090 245310 570013 312538 604855 623934 474908 559587 350884 222037 355882 938482 240281 384346 419477 292087 133750 466793 130056 279965
16061 705897 962316 463396 882003 142855 263152 420461 187961 608534 605380 932095 710202 972049 91698 597403 743080 174504 55321 702315 44248 482498 385855 910151 37931 479364 295562 64768 292303 79497 326932 94804 259328 87311 936343 64116 173703 19798 741896 816740 979330 960494 667069 761584 782912 523790 280150 207229
364373 942488 540551 76656 85376 274926 241468 287923 879176 409891 249234 955438 840760 806002 393616 470871 129847 896134 107523 968645 865480 458145 172031 656773 274027 42221 562550 619289 906418 189367 93578 687243 791426 539030 396165 866892 486790 857867 426098 171952 816359 760412 850420 158132 969543 415486 89169 964269
554972 366856 218048 618972 270588 352471 625993 518778 726114 839198 862001 212277 680042 481633 540933 530102 560371 316459 665961 888680 238803 568226 667469 494995 969312 482195 329050 196884 578673 928089 25814 307301 713335 248248 479029 64808 585123 622643 216911 156789 697541 459388 438529 399527 660293 668696 605697 56003
938738 437770 408448 86725 794335 219822 592709 780925 571192 581143 724491 580983 341030 904014 612828 450508 776825 158115 609399 37305 720541 172326 998780 510463 487027 557534 496242 671436 104202 743083 549938 39500 450950 888148 818209 476438 794678 317191 450071 349935 714746 808494 611772 814135 213984 568664 708098 208939
564957 523441 62590 379230 556049 502898 824124 858655 963502 753 453930 149790 941120 243091 630640 528288 657274 790165 842156 142327 414254 864978 586599 201281 259631 551287 902186 646463 610940 769229 266731 668312 409588 981889 494912 746119 852813 710196 105808 884629 627538 481033 256520 253270 365891 923552 524419 56284
810805 953674 526308 756006 765891 436163 534058 429840 724243 652746 332297 533790 990215 404645 217378 421246 962776 792331 633152 587862 903979 471368 604165 980339 283812 590546 871933 141122 652078 195689 582692 104846 885625 966621 463000 343000 763365 315053 394048 818334 809512 646903 751980 416519 101565 130801 854747 14208
169189 121511 461275 523801 804731 32257 536808 44870 29647 237157 488402 422273 413149 689488 930297 944800 146866 53202 278631 509500 69482 651549 787102 303562 876222 753519 990153 907062 26105 775915 744187 344939 493799 884648 569035 584573 60234 555810 199328 542927 326056 446082 5473 215344 919414 667731 991725 380108
586909 797603 665070 502261 241667 719996 432310 552405 132073 563798 602943 452692 147714 993293 703374 786161 695699 665250 382095 145915 338325 623177 245139 209051 860298 334933 311588 250057 538980 588103 625021 505286 240586 486264 942732 318746 548273 413440 40192 754482 911839 268897 48364 298479 29216 298791 252822 530427
670899 947181 881365 62455 428435 71549 995310 166390 926047 451749 877139 336752 703804 1201 828217 965638 809269 465128 271976 243571 350187 884633 885453 691905 947625 666497 647670 66912 789112 644671 666285 659273 431008 398620 231836 763769 273219 254044 304944 773785 436373 130167 339289 494923 801997 660845 988061 993276
823886 833164 318028 31831 270617 981807 168431 933860 963552 207891 536506 546583 142412 829691 129988 639068 520203 82000 39496 86730 655085 769225 435611 784198 636827 914155 452307 240046 176875 302200 987115 649534 258621 640491 331806 769553 473921 480853 416328 647600 52722 930543 955088 648288 219056 925056 23377 953353
292367 668033 504599 275424 545309 145581 210435 37663 409473 287185 947064 165011 143740 734983 859734 193232 102306 826035 180408 756199 665047 239469 941445 745429 683658 880280 291114 880025 891654 119142 642586 777839 775205 883587 328013 349978 820141 375807 813253 268166 873149 69705 700951 820058 355639 173513 614086 645589
937817 984977 952434 976011 808643 667117 713577 987976 909584 130697 351263 446638 393975 444686 633710 401651 604984 598333 486599 383799 395604 652764 515977 811775 885281 521009 428679 65438 436069 570144 993569 487674 934076 447830 410888 805043 218576 183525 999143 321354 210825 77009 4771 136440 128563 672021 775519 507339
187967 847712 578544 596866 35124 138703 600895 904101 276027 880241 729085 67198 369387 75666 731938 285352 818162 550790 113436 156152 521965 378525 674541 798042 986064 653058 992666 640719 538259 582812 378866 317574 893595 952079 849352 541083 113990 215380 804069 192526 422796 144926 881031 372158 123529 476949 706775 824157
518686 914380 513158 865880 885342 185168 16944 106391 874668 832911 752664 264048 202552 304999 740568 436204 13219 662707 451839 832414 577614 620491 674578 733265 879356 276274 565988 422417 597747 155238 727072 161991 270371 279046 799526 264605 739209 111371 825527 889208 500117 860403 357938 96538 19691 583600 48158 933496
747335 982230 920044 29345 271519 572103 522191 977000 150720 845792 80910 557794 801365 993622 136076 174002 344865 349382 493550 37218 389798 720295 350167 951972 80666 653035 116674 125057 952927 531943 854183 491932 611376 191569 448446 328719 634625 415905 526959 86032 60107 23964 155205 380170 871250 830934 332315 77044
773854 620567 79267 433620 846061 974450 359070 828548 763337 990955 584459 446052 459733 588591 924260 310874 309279 673348 949501 932509 49200 840399 783264 799223 963786 355372 668586 7843 402475 325885 160077 122696 416753 411913 329714 937770 367550 116101 518126 961426 267909 168104 360313 848898 884904 146478 868363 559988
851193 1159 378444 32846 799368 167867 100083 946590 407867 794364 498091 1552 421938 493249 354689 2543 952856 261666 281632 229203 691040 337298 904812 873043 683084 914788 859119 388381 720411 180032 6654 847841 274317 977446 436957 488729 574447 356091 491568 540419 945364 837752 337126 297328 137774 561828 873010 759418
476794 7270 679459 932205 668293 840335 691336 932949 258869 458395 688831 448390 435228 78790 827319 499274 26017 50043 413683 578400 222383 160322 924438 880234 224115 115357 856581 548700 303597 500373 308155 599908 771789 6874 77432 181954 368365 25087 656854 717994 104767 222334 477102 836275 842985 82390 674109 683754
490361 49096 5267 104883 106915 570784 695510 788433 798692 39868 899068 211953 367534 479818 905455 309706 626487 396839 563402 339708 580462 565852 557984 82265 232349 996844 980868 820424 86259 679440 118643 657598 956211 12848 374089 970511 405107 203396 615559 667016 189992 665132 557057 230698 652858 695684 736451 968281
568784 917558 859680 129332 206684 361361 638430 206080 446874 118003 954 25105 585047 878580 789784 543926 381957 553417 55884 25976 500953 410244 555943 580791 40097 355931 774128 189957 829657 373678 171573 890175 723103 379098 701284 310127 384523 630927 514678 614175 678343 553134 93491 699382 837608 228773 12715 627118
