1000 1
830430
981165
477464
51804
894887
733845
221863
399208
328720
787707
530857
52984
993283
367091
71188
305299
436344
979268
406122
791898
19
61618
240349
864759
778055
942083
132738
389217
178877
841474
485852
400392
497813
576922
685038
599759
310027
256939
489347
254065
531706
639639
667190
730383
54490
466753
884131
816294
559851
141776
256744
578773
460147
623724
682841
280878
449231
937789
106356
226542
257708
319324
163157
53596
979121
32397
346190
919717
829649
907152
935169
300840
286624
193688
604561
995762
385003
605682
680292
340475
703141
227320
277570
38957
135755
815690
774810
306778
480314
899030
461298
315356
275546
211466
720619
791260
973809
244531
846207
957379
966124
859102
753738
604984
818119
312850
318616
240945
424186
226178
461656
962154
346254
203821
487785
784112
432828
4116
317620
770871
901652
253762
305096
209208
274961
769900
404661
49965
640537
455068
882825
246163
236444
304931
470086
969854
234450
513452
344083
468225
701535
205894
784633
951901
403748
247747
753409
53939
567164
153820
827441
457087
795268
222392
629947
949392
770710
719009
358673
299713
55900
271772
491969
833561
71786
634228
605483
92017
542256
97640
652719
251033
959957
647241
92684
529431
130034
174043
338664
146985
658713
383938
829496
57519
529903
756940
730872
16873
987866
686570
399698
188111
349468
136920
975208
476419
636529
414603
823858
702372
414911
945611
850115
367340
619220
316330
511976
222593
275369
239377
9344
782119
211345
163418
935889
670087
640599
297461
933783
864308
479075
713854
660225
235947
518909
819251
779632
995041
612163
895562
691536
109075
786668
151108
6100
213822
650966
446341
980194
444580
869707
742329
481478
661534
840633
272269
885783
894779
618345
278842
671495
681726
493908
387789
352673
79607
911224
944457
820256
755686
153169
664656
545085
828010
566956
949737
869750
149753
377964
457707
766779
238334
732561
222856
193781
798866
855092
538136
160809
565859
253104
942858
377363
894907
341598
212862
788499
654261
57511
338451
271159
447715
171500
471201
431702
487476
99119
737712
463387
797255
175568
514207
343893
907978
825573
250292
846101
966640
342007
500275
288574
137015
39560
899979
269786
775104
268011
404935
944395
910064
120307
964216
804783
263771
746123
274809
292745
696261
397877
909988
430600
773097
868709
34997
948375
33927
530311
482874
796059
447951
965498
284314
682850
788573
779427
188652
96933
636133
625917
256641
644978
838321
987842
498301
999020
99385
486410
685849
103910
207563
349583
113645
51538
674970
892567
347044
189465
312515
839488
197959
569785
673385
891384
331644
653686
610804
6394
681361
270538
281936
506122
160916
886581
372533
565997
203848
426132
11617
991156
723123
888843
428511
718167
908553
686646
408074
736318
584433
556706
198971
114537
656794
474032
524582
624435
468407
652906
179807
752957
403535
992992
356165
205851
724968
251724
72011
561381
780758
974653
314474
174201
536069
590427
777581
565466
7472
704547
629004
188789
352433
777392
483784
218502
669168
451065
485350
81040
183112
601253
944764
615925
271663
159984
612607
924951
457871
778062
805345
714
642855
353484
1186
335260
847032
119083
443051
470995
975625
868852
534507
650919
362110
743549
889582
141871
422493
915157
786245
268481
275688
472706
541593
257089
922895
682671
307103
472658
780491
107660
111354
655450
319461
275636
828669
896576
640974
695013
342378
292472
314111
71408
73699
78698
657342
632124
599804
221259
185033
709921
865089
678934
414100
381898
581200
272652
680510
943392
503983
314449
247125
55558
429909
890050
641727
217392
430541
721146
48820
844569
877651
54636
222212
538052
367930
248461
466131
247477
217100
580844
849195
648299
724591
928947
111072
687855
508575
182756
948613
228176
488654
695416
831483
305998
498550
463380
978016
625435
468811
585572
475661
692454
144087
884229
618782
998748
945923
700010
740094
720500
733056
285642
733327
843723
800715
156121
433669
975716
263989
447904
470503
854155
720527
78396
112989
469149
902802
626401
6394
108143
713734
922107
963213
155770
183820
54076
702941
326062
158622
812656
630408
692792
914100
549329
323230
241176
794029
575152
185953
165342
975373
480583
332718
168518
497712
751123
757288
628506
384069
255931
579941
954545
133134
961274
921056
693449
56216
810723
123688
245749
997691
100471
330420
346381
702064
873032
981121
847752
167290
241938
226157
386833
278543
73076
539457
453111
796055
791873
235099
668985
30919
9088
709843
800167
181110
782741
367077
419539
405192
689304
521428
249460
511434
943010
693390
178
218592
441478
852406
144972
543581
709507
847185
872588
378607
691618
282428
198788
438088
198367
32076
914818
480397
515441
884410
796894
953321
507585
110417
796038
364668
68977
178600
166086
957807
849364
256612
438094
691898
449990
576405
523735
992746
569983
169994
751864
710576
645939
704848
511788
849167
898803
11484
563783
845074
329300
143172
192748
305760
996478
768965
444105
262771
144573
100466
968470
264168
329201
66137
125015
791923
492682
326689
173257
695239
359787
795821
61157
956840
388257
626268
373205
505203
327364
504765
212081
925953
265677
120306
533450
721260
497247
498056
810127
758111
281039
882863
360727
290065
743607
751906
388832
905086
851067
208580
361813
894542
610150
146232
99151
73849
47095
825145
912705
486191
510399
103407
38896
776321
480682
953971
981644
374633
490209
180537
580601
580193
304998
564812
752899
704642
962995
434417
514171
184638
304161
400421
525140
84065
227394
447556
647908
304852
846304
321563
921352
572531
694163
878713
380848
828915
439160
358187
33776
625121
105828
32960
814782
275733
262492
377676
700614
733633
927391
89381
208647
601471
610165
411267
208953
497165
840267
223027
53333
210963
80974
573843
758050
750473
779752
542697
535430
814732
643641
186280
235240
735378
957254
860176
498830
471539
715864
782732
629352
779766
317710
776839
646436
952471
282667
93151
502746
643433
781128
31825
754576
322263
803512
433675
365126
926424
603095
424321
640600
811867
958327
175947
248093
589293
849030
690199
602071
667421
554564
473187
776447
905889
675556
230814
48763
533376
910418
248816
919951
374204
271166
792999
576594
290142
675486
816052
445232
304357
181581
593043
613678
120240
759293
200868
30056
785315
953753
910981
529946
14808
168264
290016
254264
272469
135520
950171
480927
676704
283331
485052
49995
390201
721750
110923
728581
374667
408028
3862
202925
289053
670688
539384
38533
2819
481734
629839
401780
145056
136216
332263
104499
288471
385353
863437
36820
368893
543148
345182
658311
265685
75684
818519
338028
344582
230645
699009
538067
338734
607363
349811
513211
910085
551622
835026
884296
219591
513934
864578
304346
969654
175133
346131
834195
353697
647800
6536
191501
564911
479677
58785
381238
980284
283759
420253
911910
635367
650699
831126
798600
203437
600062
773189
885764
299513
355148
406906
492888
872785
192832
44431
150429
495216
763850
352902
569518
171230
