51 26
668516 725936 284 618731 505728 813838 104920 777276 197843 804188 352185 19630 393420 40055 162964 219653 631814 580479 504892 995331 237073 945747 628431 643501 600139 488279
871525 507795 187437 284943 469088 17757 888195 71786 882062 461708 398521 42291 193414 637025 319914 525988 666232 188253 801445 397363 59301 280271 180275 203833 401554 512086
897199 372549 510928 130075 817218 476964 637592 232150 515102 619445 928559 46311 536758 942441 716093 225145 796476 109317 382631 505619 174577 498487 233037 925944 922890 936112
718719 233193 621999 309888 972252 344527 403740 148021 143063 341275 300260 366394 520385 679871 995993 163873 259906 953279 179151 851131 985106 436940 551345 991833 298248 17996
112611 601165 662501 49367 996207 242754 174013 654018 736166 324623 7349 992988 669979 334275 872837 359773 68379 270098 44717 292293 812856 220662 542674 201442 214720 366350
714539 769017 431616 387997 21452 556732 176953 748698 977774 274295 850888 597052 143993 8914 454295 411736 913951 988446 573170 153487 43286 130886 929868 405237 748354 252083
281017 569142 51383 176654 400070 71503 96454 295816 324231 301403 657466 274247 394830 229926 355677 216465 514479 9012 604835 585842 142625 706359 120933 419737 585575 17652
851176 369931 132280 632322 920966 615319 728394 255722 851522 282946 565314 703556 512553 645653 743243 344405 133289 459014 285726 179223 981157 769120 234387 996765 186398 949798
619889 904101 43534 879209 882460 831059 681118 488605 456267 162396 844042 206908 890367 616225 993750 420683 195186 653483 182003 594517 162776 513171 122358 460688 704467 773053
258922 862389 909856 758104 721877 302847 158620 531824 714553 649390 702760 494232 387647 605460 707502 856760 857196 837788 339322 105435 246473 961069 144194 627083 645220 368335
92394 399495 470267 783905 548207 810686 90994 547234 633287 835051 956700 171421 443796 521542 794698 847616 77416 12067 409356 890963 98609 709874 502577 667194 887085 958936
209561 846508 732235 87544 123026 926024 270658 747782 872469 157541 904817 713350 52242 515390 718809 933519 796081 865446 281663 468324 703823 374022 638483 787881 126012 267006
301750 838463 360147 177934 599360 782848 731138 206560 850237 850307 623238 48722 675378 852620 858389 113626 122045 853201 482764 993256 510377 182040 2882 745218 999289 441648
338727 220720 526678 147538 98757 352066 754038 22763 705550 867818 687586 44935 812530 390931 299932 702830 615911 719255 2421 815191 139964 295397 534956 752605 785363 483942
680837 509739 330256 503911 501454 484498 94913 956683 224293 337487 832362 997275 589592 599588 660147 948080 124731 375332 922385 776405 590804 803136 86555 587655 767932 46327
602978 272904 974986 671436 552976 859075 534428 810298 688851 771123 437488 292759 789352 735290 682214 689723 386214 2044 763011 541014 230645 994843 101340 418987 401480 837662
433171 333644 541259 345568 696734 683767 806982 104518 125515 449443 581766 309472 974552 41317 254649 916698 275838 736831 934878 284700 410123 343449 261390 878405 121507 843446
307675 149364 92796 869737 502323 434999 130182 145892 997223 394497 586778 300245 540135 496961 932630 279826 70510 79297 829246 882846 505499 182063 169329 661078 653647 490518
194093 520207 335457 819068 829506 548415 130484 612654 884251 731056 922068 291409 602089 725120 191983 681926 422858 261061 682729 472742 308365 239267 610852 13625 135110 391271
980781 884196 864731 412649 300159 934831 948192 827632 401266 871267 591309 852331 957801 426176 824711 857879 416858 120851 282165 793999 506674 290124 785127 800554 557438 313374
401606 460804 615312 335093 685388 933539 182542 946155 685571 247966 918089 576363 650183 484896 376549 687010 657715 547234 634981 767012 604793 184447 347197 124512 507084 719829
737045 214262 937381 551547 856622 164614 162059 376902 847531 436531 358342 147352 67778 63373 797097 821010 52719 697925 569668 921067 511666 484194 231027 866049 183056 698810
475803 351382 416109 729998 275366 229940 615362 875177 778511 117930 751887 45571 812199 662455 246807 297911 206858 663867 13631 158808 221354 722575 656964 4069 246730 787556
238590 460612 338868 453915 860059 680254 994674 276191 203886 345511 12959 213726 892271 583888 553689 16341 449333 123316 385765 351433 90785 224266 606831 292389 470160 244692
641788 306584 532201 483083 559403 603835 125031 925186 398426 901773 401446 862410 902009 858054 541092 85286 155094 992993 320611 731685 569122 556563 887432 184163 169743 504932
977934 355298 788551 776899 514599 823657 17559 629920 374239 406330 986049 391684 231671 661152 572407 645984 159062 435023 352665 854514 232435 556194 920969 230161 230096 711280
771902 708859 421322 574660 832035 902162 970038 557326 99107 935935 450549 483329 987534 45869 26009 419980 523887 600074 62820 490038 543089 501775 866151 320091 456385 159945
277679 794510 172635 760169 808464 117853 645331 544953 426663 242104 745441 961512 735535 347196 19711 561793 448802 306750 662839 648923 204454 590722 848348 778199 700902 926348
183343 861691 626170 884986 864513 505500 700363 350377 309310 48112 540545 661350 747850 299802 144777 139464 65276 615065 490164 93418 832833 211419 672745 446255 546637 897787
829441 15514 425207 188061 199573 532241 248738 142550 247003 821899 233907 15493 102069 992616 799055 35830 278169 834674 334718 705974 498066 98153 161748 830997 231556 214352
518645 78818 782368 517828 147208 82466 538408 899882 649500 642671 701399 387759 744112 120087 797782 329347 765071 521588 193687 400173 833671 767886 993746 595710 163533 52815
190442 288450 223105 696041 248373 493554 283337 687898 282560 48122 343451 249391 414064 850357 344474 127528 940418 71767 363900 680504 766039 836270 847484 444871 681279 159561
873669 771483 703267 229998 431036 178860 662834 281125 379937 439243 682506 211519 476173 772206 255608 831870 637533 401357 681513 381956 168813 682831 142310 246140 125825 732025
60844 513583 152059 94159 513879 462867 385342 488518 143232 399695 527035 218887 583764 36385 873169 870182 407951 482370 255375 561133 389143 398299 663882 19845 881662 7210
32570 608679 425412 727485 522833 52301 240865 496121 881778 916323 961316 118032 652802 744522 130098 355917 172831 836886 10239 631960 589894 185051 975149 231717 52106 335978
939874 620214 475944 875803 372668 539766 350743 457562 435565 894166 817595 663675 321294 616783 750753 878822 928708 363745 693852 811098 185429 20946 674935 491729 615447 143426
346233 703075 228000 468697 872704 94020 101087 835857 750576 801940 493628 461625 612221 744147 275138 225495 308518 41754 440729 308548 478921 521409 169892 668865 177009 791385
917188 42475 369469 580906 287124 407569 388415 448735 614990 189658 627341 673467 597601 778862 471560 811713 939886 376324 938597 344026 308875 800406 839185 59309 912709 825660
478989 340239 613868 474178 881571 372112 258026 190013 209574 356854 619518 805837 867983 602391 383530 404574 946716 730652 121329 807445 634603 245301 506621 649892 443718 829502
171217 69780 567315 520975 699882 947502 172912 738539 340457 447919 820771 989825 79910 824623 359204 236767 323992 388020 402578 823802 293247 973341 278391 936568 360781 745738
223808 251511 522205 393427 479055 135937 988113 10204 624199 899155 913587 146403 309090 630146 848514 563765 211754 852357 951048 124119 753461 202614 866184 983238 473305 292780
224630 154072 870012 845530 479558 402004 170990 950605 872456 406476 487290 146034 288624 325169 429050 857339 342426 997131 3051 465529 555337 998915 609731 383570 363893 277633
858502 192237 234991 260165 325129 168116 891672 598957 160568 396051 953942 369405 777581 566728 519419 552689 54253 534128 374513 414010 813919 952959 237339 756142 837856 666402
937149 372109 621141 722493 394155 941594 880530 740262 907088 569005 256240 256624 131445 15323 912684 184868 5334 522307 777057 332402 587453 39705 221972 698544 93592 899191
207068 899513 425771 612491 747332 531063 292202 221072 223395 142676 791957 408705 871385 191988 516904 82814 634335 726867 857875 9718 212768 807057 853831 538490 476088 528144
538892 430768 360822 943766 442029 683128 555394 313607 564379 851385 903190 598682 257434 904615 389542 972718 15120 409238 583278 815101 766351 341544 409659 745114 557480 658943
99756 360776 478809 730895 775909 952892 772231 873873 675053 885832 164573 128803 71571 672503 383379 651543 331724 325403 115669 955647 490376 750982 738591 926099 283586 399819
450983 261680 602220 881646 786352 372711 231640 971077 925445 522563 885857 50888 133229 676508 250302 891680 748877 305817 442933 299025 247758 653508 498729 101168 885185 845803
306351 25479 608682 171973 921728 965703 24743 562604 49506 273059 993857 21353 528641 26320 803952 644941 8330 702982 974733 658652 223006 853041 773137 797638 839825 469385
302249 204803 17698 818570 544715 515666 978208 429345 495485 101283 638462 912725 676592 225477 116383 782492 384353 179881 876342 836951 643198 666438 743639 75514 744954 433522
557245 496925 447344 888528 589391 13704 924310 534337 947281 675548 807762 862623 584760 580092 370552 499725 555690 849110 792262 57853 70161 715290 27134 407024 233883 963496
