9 27
15366 566813 303806 335759 328007 169633 794596 724981 116865 636683 450685 269835 657968 48390 319256 65010 755377 252531 878543 888017 38649 82167 233498 2674 782262 681275 526807
344138 825291 725547 527409 24536 180332 359149 872455 629308 850737 753010 927036 545915 75145 552016 763299 258851 843750 608217 214479 858084 873080 242614 959032 43646 812291 520169
966321 442010 199458 429725 615894 590331 405845 786446 125293 836536 841328 429361 202365 425269 234267 142376 972390 455636 899915 848138 541076 292396 52781 275323 423979 154275 679265
599744 106387 818183 276568 55526 208393 578526 804027 335196 425744 447729 761061 661795 488393 150871 378902 590301 459914 708791 752075 937928 426343 419161 583393 55892 794009 938939
42172 524507 11870 846340 714470 729059 869264 33158 503098 874165 489806 375957 92103 730575 374608 590682 877179 288841 187714 241367 139121 829597 627141 618951 1221 461912 556755
274002 747168 53504 530409 501026 191849 682570 661940 361814 74631 938120 814284 74037 905897 660823 605970 895134 565349 57294 4116 683102 537619 169179 142834 151133 139237 822887
665677 242251 336591 983566 75889 148288 601883 493128 152442 237751 21923 70754 541548 186001 620692 201520 41215 95441 756759 192542 66575 904265 230814 880289 36395 911087 652530
690951 244377 714109 179722 169110 825352 24788 569663 48853 383207 985321 716097 881766 631836 101352 220198 596969 446708 243548 373933 267455 573430 944921 678263 421551 128669 123418
100117 508365 498814 48907 676001 775246 948387 136889 681119 56291 740961 982778 818576 527622 854385 19791 614651 563550 361277 938137 440685 846780 945112 81881 240371 355719 583062
