57 44
677586 189270 463883 719492 640638 563505 671212 365037 147748 912367 687850 977752 248247 225341 65636 955741 525062 100877 845553 989784 68926 157347 572663 889204 508365 219568 611239 525815 566517 466285 343875 224025 554431 82708 507548 113276 540280 859753 600596 536342 595057 250588 145948 398397
505615 992177 822297 580130 872184 106277 589822 486126 629346 39591 716669 946764 874712 201648 480181 837921 297709 474262 735192 385846 206683 536680 120604 475916 864121 571168 378955 933973 577863 162138 970257 520542 415771 675650 71072 234100 758746 733496 224987 681161 393593 186840 670031 805594
940111 821852 751262 111153 82461 626116 324892 639751 231659 923960 397444 924629 712977 330812 826097 346676 164706 397222 891454 369794 184273 673482 953631 324215 706505 895706 537584 350175 664 416662 119212 420484 816561 794940 346127 178953 634360 206982 938936 969933 234505 541124 657306 893828
919388 613242 944553 490386 12164 622135 285006 167978 402246 513508 873390 529289 337223 210561 744069 481779 99014 746622 426825 91409 653935 954265 162030 204095 826600 629315 532888 753479 882926 307279 162544 53380 226950 760403 104143 623566 502751 92072 944888 454584 1347 404055 684418 802290
69587 330454 272197 378551 606947 954690 175026 763603 695902 513636 37850 824276 984147 290149 140261 747161 275522 842600 280581 910224 473157 687111 505090 557900 124444 684692 978170 377857 756071 513679 984076 700923 382495 18039 795499 575171 90120 439045 843466 41713 685995 679026 363489 466543
12235 2603 6165 48936 629171 101174 142200 615297 235072 734401 50942 924259 965277 842267 792678 118724 288491 256809 959565 974803 828247 93902 720766 9879 247804 858983 446739 236186 840765 757425 37545 647375 844824 599378 962457 211049 427623 242864 521814 201116 838182 213010 658241 512146
608320 316097 130729 591114 771918 710002 901516 36839 625955 224281 577263 69116 123365 454113 755294 553827 255641 879412 219628 602298 497300 87553 272701 346394 125821 615297 204503 258288 558861 884984 8618 39090 840241 41504 720785 740502 809129 776297 813795 153 299365 797783 553136 435144
420903 220968 671344 402505 892090 136905 949103 360347 718432 683725 986385 474463 706876 353220 283090 705356 768815 828743 774480 334482 594929 936245 887024 805389 560017 644072 686867 460508 763072 611064 435681 495106 343085 157768 604638 116307 570037 100621 877554 235806 392189 882862 363002 182885
353531 364704 971198 421384 346037 111232 620313 290672 991792 545701 546543 753191 635337 186928 103423 835361 255611 221520 66999 358444 184225 624874 102077 882257 691980 253151 74793 554826 966295 389224 510794 58804 588149 626934 643552 487037 624153 360051 589767 212191 400151 279405 909826 184903
22424 732378 688796 845869 632569 792819 481327 88206 968526 804900 208097 999896 212010 554111 667762 968612 214348 725831 969549 385228 954266 73885 421716 808238 523936 287261 672214 572283 333845 929392 320541 327139 280646 581021 860859 343606 604568 781860 151774 926180 916608 523752 63829 171380
787545 951950 464082 638395 723685 15043 948957 196128 726123 697018 694836 480606 507742 206052 104428 877650 705505 543596 689052 566463 893864 240915 581739 163080 662183 431987 452048 577341 305408 353181 454154 31288 462755 493608 247564 903388 537519 471442 188131 553948 430921 489286 771803 796893
144283 523398 99722 777674 879222 657716 315003 151570 27555 565191 788353 636673 8965 97418 96868 897855 724678 116875 825283 156420 841916 835319 715769 490921 996780 124805 644898 897395 532219 241887 494832 496987 494598 212634 878141 62722 836005 690431 697339 177447 237348 308253 20295 542166
489816 53616 418363 190372 187386 61667 661004 156201 991640 102786 759885 492420 529779 654667 993931 111085 364986 532267 805029 570911 703306 723797 947333 731443 142183 873667 625684 617593 727298 818391 545253 785852 750771 992994 940491 547703 656579 295648 956253 972217 319403 99885 833568 662369
589888 311238 408795 901925 96439 145246 528733 152400 789510 531913 448615 89829 418558 80885 942145 402561 576243 601992 328230 430974 851287 243414 727335 617974 875588 702171 216515 256056 49164 535703 982517 186414 134693 447208 261804 423330 202516 799230 825231 48962 531774 154714 535126 90830
292112 66080 317556 271912 738156 363580 296680 373102 497506 688852 451691 298704 786486 958647 189529 708080 679273 25010 840501 760609 363459 686604 970245 411900 660479 198516 591264 874070 519209 25473 209277 763366 401162 453732 928085 781758 517594 475964 385913 226422 563405 50545 164983 121818
833670 72104 947824 76927 65355 99517 541533 59044 115238 173452 274263 685023 494799 343114 548035 678854 809744 97633 367956 421287 438560 813952 941679 576871 740077 532853 322115 227033 960266 590139 705431 54589 718537 773398 925538 550399 629743 25836 300409 646027 862920 168815 664088 572872
298455 436765 43185 884275 936877 951168 905720 856869 339472 554115 734076 452984 247825 373576 148741 205110 60481 159454 296948 608512 584281 798866 314511 29289 782182 539038 907105 965615 458168 629442 361998 386659 574750 306773 474703 246110 176514 564438 139564 842404 401282 990676 119432 29770
513335 87103 34072 946012 197200 934288 577412 805213 586735 982358 989574 127146 570404 71764 835898 330129 665817 266473 263218 522104 955803 312994 556381 532519 685745 656214 747075 268517 280062 647873 465966 894692 388700 776470 952940 941211 46820 50040 552893 20101 985254 429243 973245 175447
405014 701874 330696 37877 466656 113319 322581 989591 96965 257792 868510 860326 318946 849106 831966 155357 193751 869265 413007 357536 203998 353201 244465 264614 674640 383106 518025 178095 428740 941725 150122 334092 61911 180319 401742 760983 15720 429573 395379 827156 196981 535089 20918 298614
502428 56734 522215 854673 572476 154881 105863 610740 235597 58926 889495 589151 340986 975843 216288 388323 547983 373005 179496 803587 113736 631624 738599 246638 817209 637307 89587 497894 431789 487929 373809 836952 163452 257708 607670 209174 471088 437595 509729 942091 158085 782338 721661 443196
39248 671169 522559 500624 558847 52778 772343 251719 667027 335758 332574 544897 19820 673776 973744 867152 129887 494884 779569 556216 252328 405907 636723 994093 203094 908951 918620 201361 560880 427158 13503 699399 487626 340995 408529 658048 86617 135194 529720 778232 755644 177539 632259 300346
81378 734138 962415 889602 500056 835455 803357 688058 429481 992609 940408 285280 868227 122635 799166 299225 354481 131333 326029 951586 435740 569883 789713 446604 685336 317868 928495 132025 159415 705977 652939 990764 895763 80225 235536 971354 99908 914512 185399 925224 439199 239013 467760 415536
73696 758180 293811 376898 129800 556549 369184 728741 590180 927576 614583 914816 106129 246038 38851 170334 607503 924251 247487 427139 86891 115686 867329 971718 857438 195004 628740 341573 27314 735004 380880 560524 891173 233678 890092 306437 30726 230501 941974 436635 560297 450134 176301 408983
320607 343967 825852 964098 93901 995067 638545 996480 519115 415464 4286 189644 552036 612164 811584 379307 976509 622209 230299 564740 852202 38608 223800 525140 789734 205257 72473 910745 106998 981477 542167 382916 957027 331769 855026 562587 173880 922540 135077 62235 556454 454487 231233 603164
604977 90167 263814 492224 574994 38807 688855 793717 238524 369139 299781 842919 528097 258924 370965 30694 431048 751250 7708 588877 230047 138283 250100 698592 80357 659819 949840 310326 299208 383411 558527 66211 742962 638864 687869 347383 144992 271982 527048 793710 416608 415741 561823 220662
732439 752965 662451 656132 108707 351753 910953 358874 504428 763605 745251 733315 636036 750597 902292 601577 840237 849280 428008 994482 610786 294569 129386 626857 180346 212635 185895 71649 750728 954577 276687 630776 580469 301386 858422 18132 474650 894937 81240 962091 653308 628018 355736 935814
67002 413540 918243 517036 894960 136078 407700 719891 807227 923196 815645 563073 119042 261867 668665 811477 665405 157734 856361 709563 525638 247991 963286 838518 147046 401055 961374 423918 110800 227909 567940 296006 158166 643305 824039 173637 474841 853560 492585 53556 485416 485095 511280 641873
248112 901444 837141 620658 135358 389347 111059 785861 634241 227007 112937 87734 97379 433487 100921 110849 894563 974802 977951 372354 822124 560099 445305 414670 361179 127716 383516 457247 56449 484652 87236 291419 456322 218492 676895 996093 916041 922196 852948 701457 756939 914299 153154 87977
67660 400692 212187 327864 605442 475022 466155 886929 659179 695547 142772 635818 672690 868033 164682 83734 142501 807734 189252 323739 565097 231573 834918 132709 77062 794670 641030 937177 865462 932649 857866 342603 562431 759039 266024 145315 912202 103545 444501 994334 236053 920791 988154 25716
671613 38048 998299 829437 28231 417195 688565 825881 646086 622323 916258 633656 914013 148174 79989 113180 311852 306930 144121 324432 460488 999327 260946 276232 87842 693763 401381 695043 295299 850410 382150 830580 100722 417665 722867 409463 887175 337790 356957 67360 369349 763556 954669 449640
385807 150441 731016 969923 239579 802184 613723 74204 232948 591000 927245 867710 765474 866609 744015 732082 461406 615572 337146 8764 894612 692746 863925 667197 818219 238012 17452 302035 754352 909419 682288 996593 480605 376842 197304 753241 240117 254102 143580 310596 574306 223023 354646 841921
565566 392330 577075 751357 912073 90266 559900 234189 60851 23473 692793 576309 996583 944982 952647 332500 757586 285555 803439 566459 954822 393286 821402 263479 948812 457167 295351 471289 965039 476972 363927 622169 327549 595273 87754 49277 659349 244756 132417 925475 749455 968956 559870 945066
431694 808241 173620 998226 872580 404346 395321 778070 727040 454817 787829 939749 296589 613517 772129 630611 633429 255439 753809 929336 398604 186828 476642 693544 195808 576235 353740 55244 539350 938920 60506 29591 388172 873625 166225 250811 97044 134473 804013 621756 229815 74254 598658 299962
667871 698294 632004 152982 887900 201970 885203 170032 893849 470894 276963 190745 245567 868411 302977 869032 957 662949 314645 831482 228051 144627 129631 596893 743115 966628 943365 470717 846908 972724 80046 101453 409349 438412 794426 14961 267094 875799 989036 400786 747099 184413 573553 234964
496048 9362 322643 306300 580796 870503 785463 30986 326488 915309 642575 866415 520250 850793 659859 612866 239790 741696 682385 714682 663498 617980 639787 215624 837241 178623 197858 343276 400052 368673 652870 739791 753809 950567 90697 433371 910662 26783 588414 379085 19805 79165 84494 527611
358868 557743 404416 441252 108627 415284 142395 832190 453277 193581 190705 113500 190408 365749 426742 309200 278270 563746 698305 39414 632226 111505 407422 247923 897715 305538 788190 655050 862027 177835 465085 459078 685577 827923 376127 979343 279387 103442 666597 15733 930978 245393 477779 695084
183763 339631 79819 857732 908191 22853 978167 417913 47891 90031 202702 796343 26979 71500 329617 702164 787225 254226 502894 576858 163691 901153 666794 768673 627917 936486 58812 340381 555505 299819 411930 371090 217775 779264 977430 608403 726745 922514 426284 891827 291819 396954 58907 88675
287046 985854 316502 422391 131511 239862 221308 408272 884998 784306 396263 825345 578722 836381 774076 504633 422036 150397 155538 977734 930789 82791 964180 478229 876553 792455 467045 323885 544586 912714 781081 813617 785750 22271 113715 819783 530860 172884 55589 608773 430678 888510 649184 636985
954323 641860 516772 627147 149035 728244 142384 196732 56110 233303 557495 951315 346880 471895 769835 767786 249902 714162 375201 442573 768487 286054 475603 81813 230876 99236 294648 610330 997639 703375 462121 917908 695643 176385 83698 188058 406629 113320 324952 632696 360337 196157 632373 719126
922553 4213 404385 708291 210441 384394 692659 842231 180830 883064 392481 987101 320036 581954 665180 971939 490200 749015 247202 44295 66910 425063 666806 781307 377279 385697 871612 948899 981605 960661 712516 374351 665950 376275 132847 986734 606791 949394 114194 602877 309141 294835 988943 800600
28216 32853 516359 874622 727245 862387 122383 202659 185164 911205 777399 692372 745142 666829 446628 396536 989988 716363 173378 682572 191760 163166 307782 854879 741569 968250 42123 719403 719913 515283 297538 826964 459955 667064 462937 662095 570987 365380 887964 503740 591646 26739 992202 15602
789757 851222 95610 500588 111391 855948 938865 586310 664772 978622 91408 936323 419727 997421 929049 277404 812204 195207 620254 600906 655294 381996 599350 627626 616638 234238 933155 154328 26582 304635 70368 134362 736412 650722 624027 753453 694930 248370 398469 71166 190910 941016 494348 299146
623760 601281 114400 509093 299902 851594 504941 293821 972426 277003 42130 819566 364195 239331 251073 52831 415959 761479 936585 846922 37349 382649 937772 955267 767406 337248 930243 93367 411986 969708 561145 320274 865832 140947 622141 286815 77190 767915 443957 82674 194781 585202 69206 989146
830763 944619 990811 586277 703338 872986 287905 727725 565248 301932 856943 931958 355686 553371 978589 246242 196264 336067 703108 414093 612575 781814 783854 830576 464475 523169 812508 793302 384078 830691 845718 326269 118395 498851 380852 254441 432406 852056 200599 133712 509263 489620 9437 524849
643941 681210 363220 707296 178762 446536 739275 677370 250829 92789 686725 367984 738565 806492 832808 326262 537503 628950 50943 240477 759288 123222 491844 634958 870294 407515 290924 684908 128128 976023 821350 582851 450382 436709 702607 869261 735269 21706 402235 255474 578453 378363 440976 234837
302680 997538 272741 734209 878561 59863 981659 972722 574602 174627 564877 864968 914183 46565 536644 985362 652437 948533 596408 60934 590153 946275 432121 649844 520041 943383 128349 698615 597177 184818 535425 10313 651872 427725 127795 453989 288169 496677 438782 632221 495171 658593 608942 583602
411142 580808 132420 382167 407336 646763 120391 297662 245597 108855 209789 880474 450406 714039 814223 458488 714218 137573 569559 636921 746983 749219 780199 469446 27485 975779 980823 230680 508345 234230 231707 706937 356557 944784 494767 121429 41674 475837 724729 354306 191961 200325 635756 504561
522786 45276 875921 883121 714226 970661 52595 646507 661279 434312 780423 126516 849623 181789 663984 966669 368857 252647 998957 681783 477679 86846 866899 977433 427119 974545 191916 348342 995043 157315 883884 732831 27569 323038 21966 828414 567594 459419 439029 815648 693346 69219 714705 60226
498010 882061 799645 796300 436074 603696 649402 71743 842378 540017 680068 22021 769270 964283 879284 703208 111344 11349 638649 827497 869186 29461 86052 284836 774112 951642 386546 446967 381291 316436 393054 895778 454281 533697 980895 240711 352112 336415 355205 269145 338365 291558 372268 794412
185920 631627 63849 903158 478155 527067 105047 98851 796346 933628 629471 770590 776369 572954 346854 797104 736449 783687 515032 461467 493455 884737 521754 504585 401378 855311 249328 362569 919037 588717 649399 38862 772154 867613 705914 113241 613302 438389 882489 63703 205108 326485 329782 405619
519583 50532 519837 77987 680255 657271 887038 309693 679559 928012 935545 357208 347648 739075 463568 82346 345346 772115 996185 351364 563175 434681 899894 997863 322603 853976 701829 820280 143790 133081 342915 395083 388504 826470 651466 387688 566326 924026 648657 870353 802725 118257 660814 42738
310880 948020 481782 846398 650838 650350 119979 427660 680450 230637 951292 963732 677326 74443 544095 749027 774569 438616 670241 126958 753221 863691 859737 725091 199656 636222 986722 877864 592240 65880 436578 403033 18204 931331 876200 826163 949383 715435 60567 453376 690979 846973 759441 902464
204715 620542 581569 704135 191561 870519 431312 601993 567242 289878 313439 987453 629057 388818 601315 801351 596502 798448 468953 989728 619571 118098 391538 669309 81128 584022 340036 847434 824057 788686 241509 288287 252199 183290 885931 252193 51742 330573 192516 984653 372274 856406 7406 806062
419383 787901 885906 571710 965900 175956 434378 134634 766602 434455 390422 203562 454895 466632 47225 331266 521380 57575 820835 398648 236244 606192 747085 90467 419886 168930 412244 859030 785982 408019 972430 682042 267665 78235 261766 763712 349562 321115 626787 245741 161057 102842 866069 269974
654393 16760 311818 700157 503707 497192 445378 856221 603666 577483 487542 242398 289553 882 368822 202304 176671 398281 856217 52866 745630 574420 294520 876657 331837 208324 855336 452185 442950 333265 864487 654212 26589 887009 62676 529732 785313 573814 47405 562983 627709 352762 145010 145239
834011 689934 719889 144572 164056 98431 728638 99206 942383 990571 822742 659448 233159 980087 435667 765448 739461 406453 238668 71392 377460 395873 281643 61183 902187 340471 666847 654717 852395 520586 308217 850504 583067 908221 499160 118889 772238 642584 585838 405290 565911 807420 967375 590450
959900 815011 640503 357098 478897 222867 959927 38311 502934 359825 600681 354122 650496 359872 343393 627691 683894 802871 751374 869692 267853 957820 760825 902341 312281 203520 87445 181141 676232 149974 151535 159210 916195 366944 193064 455810 71902 727973 107937 147692 624462 909762 190603 781894
