76 74
438055 535513 972707 591688 759504 678481 489612 396672 383812 274663 338719 819435 89725 398520 862133 376555 210382 543435 673883 872463 570683 40247 183012 988724 940234 667042 366784 252413 259424 77933 946188 593979 491332 725441 245708 79555 322654 622804 41638 711594 274278 637457 838881 14526 50272 790709 94840 429731 652746 445747 305680 236950 162017 247996 589131 393060 433567 61923 953764 659035 992010 313049 343388 746759 86780 143765 827970 487613 765271 173837 804766 140285 695354 844208
428072 753180 281524 254179 822593 634097 599463 541613 610828 130200 592598 960759 441604 302939 525219 822566 288532 36283 839987 184068 393880 752018 621577 863527 614944 291076 266569 373055 175050 306031 617317 932837 437788 552507 87774 175337 565175 155744 28515 72416 844195 508663 989805 368628 869000 992638 278757 215765 742384 960229 775866 75588 563447 475286 120536 594462 568860 87683 218632 828930 892210 490488 290589 107061 463220 282413 920918 871543 381256 688625 143402 534324 859403 179936
826695 706371 361961 235895 922578 598841 13953 845383 248612 262818 404021 317568 101590 410043 57574 734114 430903 904109 500817 471816 219677 843538 852107 625129 769330 479919 447442 190761 414746 532929 347227 824411 22000 45791 693625 788988 373318 555726 738244 29275 362265 618156 18891 727725 945459 273941 383996 998312 666193 667766 939288 523851 463510 207089 340277 257209 214747 123243 623885 459847 67996 383320 292573 162836 723741 154530 730188 218093 561724 2771 413347 956583 890335 685887
748965 496183 75265 448161 195106 924560 930078 872906 637103 121932 565007 267121 290364 694694 55065 749725 370188 876175 993572 522705 744939 617230 761451 442499 308665 591034 494934 686142 69758 911185 137177 805486 258849 729991 788041 646938 409100 97372 236188 672210 752096 557820 291208 548808 760729 959562 457835 100476 311060 118342 628626 138220 390281 747036 758153 630007 925319 526819 226001 607150 123262 842684 823261 445035 207822 649817 788046 476571 203136 927405 88727 50357 370836 749168
472597 667034 810273 633801 754362 238959 996401 536734 881082 237372 800963 307702 954139 996674 746862 926684 465728 935371 436703 907087 913081 597430 844913 797225 194592 651596 933236 802585 721466 245698 800089 764835 684061 895199 189453 261097 848932 710000 114120 706780 534467 169516 923832 263759 73541 172797 36854 836930 713414 248599 958033 416524 873801 447403 242850 283912 149990 191161 287348 255877 462723 900444 218884 797708 701376 151608 111907 24180 811849 48454 216315 591226 684097 298615
309926 717440 60954 839017 584902 221883 579993 895246 890931 62511 791546 298886 917003 474258 747939 984026 301806 155562 594955 203070 768454 592740 880013 50110 493920 476639 374492 623899 531871 668302 289324 632950 441214 321575 699038 358838 724421 581696 235738 86097 787256 934152 211328 472676 398360 125058 639991 271563 949207 15733 774456 423496 265911 400347 268774 418829 299017 374773 128258 349059 218288 126103 635095 422799 738604 561417 718584 668497 231636 168080 556894 533459 322976 502260
370644 813174 317074 150475 184916 482848 884263 861602 601422 26346 524754 402188 372653 281703 777440 738701 85869 530903 777169 949495 618133 407934 941387 869708 496902 943348 558490 331065 99637 969574 209425 251498 204310 201589 568335 910581 923728 24072 358818 26614 255087 36065 342287 251784 144384 578206 326173 202232 443592 598749 970822 81603 326359 75089 133630 608463 33533 923507 171880 137711 293484 687022 787724 178462 162521 282944 645991 338006 751982 917558 53442 318988 433273 39311
207588 32501 295122 647630 620002 711467 986035 885265 112119 297668 93693 626882 716893 149567 672430 726435 896922 786320 887912 503885 398996 149580 674680 963373 815887 180575 735389 940960 544650 988705 29199 855363 943780 735480 310223 934624 724635 2217 460918 716950 459099 892675 592821 427216 918855 435783 622224 969567 264150 743618 690239 849520 855180 913101 63099 816262 884395 199790 16553 658862 110489 867192 702771 518832 704599 311316 295652 317674 523481 824149 239695 470591 682817 593267
301905 46508 429071 212394 845802 926335 885525 159728 686605 799220 45720 110495 252633 377605 904331 734334 928364 191924 826700 91511 554306 872626 809205 818113 135281 459650 748226 384314 912732 440416 543896 840585 880877 329906 42053 494352 778674 243391 439524 606064 140642 819840 727366 750148 725742 330612 629540 880867 717 501801 636409 894894 637697 749714 571166 947047 399597 314592 969198 642658 585731 85316 494225 689133 621954 325129 470945 801684 715497 518600 695621 892362 347314 967989
280595 647230 19714 11159 458880 689962 529414 385190 714406 464957 12541 103662 250249 669895 997681 134401 609555 655872 514464 588096 242922 802167 540015 886918 516657 155539 806756 270986 584139 421469 334399 32871 441334 964769 247595 196055 47329 647359 207940 884263 230636 207416 504054 696347 15187 770088 414276 869125 708480 107235 882075 101629 699661 680807 416508 92686 182346 491781 369455 162773 674363 466721 236453 495901 296577 961811 634645 343282 923853 138266 182099 726800 683748 536922
424258 529424 977566 870484 880455 209674 209707 595760 392885 284106 926887 55447 518797 16792 848570 562772 619366 570578 224577 47032 459402 972651 548680 107407 573740 229190 712059 472240 653932 670884 402426 804013 834016 983145 725140 31832 635319 838873 814574 605317 795021 721976 14140 942578 803595 846053 784057 712164 207603 572673 918115 918717 23185 637424 563870 682976 92161 786274 581526 67095 510939 832717 350665 176074 805531 185484 345342 361312 553936 516147 18027 660926 25134 501375
885977 894457 40581 71524 362731 126381 523156 797680 61123 499233 211446 628322 69238 153532 774791 452753 837189 627802 281986 515874 505840 26979 612023 182330 226142 726222 870733 155738 390091 574182 738667 372434 938827 90088 899717 513145 120461 925330 734013 251123 425860 422088 501050 929772 27295 866795 908822 468551 640177 735207 49726 651393 138511 946918 396107 775773 448263 302982 125869 799366 924028 195087 802377 309 224742 996766 308063 61131 169407 347132 999105 647679 779453 284295
19293 747707 609042 918428 315547 510741 472819 673116 707416 937559 61300 318109 451796 834706 739234 279909 693217 242907 565950 403015 272602 383822 136602 769105 385311 853255 931261 240815 813711 27444 200608 450549 21351 44917 36880 955077 810373 659921 213376 639141 311046 294256 844572 196944 150080 258074 515739 503006 509641 586049 999246 450998 638811 984081 587428 231811 776863 259930 644393 323631 237079 389689 334095 393337 234076 60505 713071 300879 269017 180061 317972 42717 612515 70600
368828 881976 303851 97405 815140 353755 117443 34433 787098 908223 114643 230551 886553 181145 780536 915938 802403 717481 294212 900311 895601 574530 145869 234967 429791 423139 143134 56969 256133 130952 674384 272849 69124 871119 833631 569703 161648 647790 301844 639981 843234 170522 17569 48535 294930 919072 726378 340346 759633 114551 778246 61743 771390 48895 775374 475712 290038 58784 884952 84604 902329 663476 627810 462527 823983 25227 153189 281083 421140 129788 151661 996986 746209 558659
887572 96525 770910 431456 976707 813743 521304 814383 518238 359855 269428 190691 396899 920318 388290 698535 685071 357647 254604 581019 462910 266411 681969 71112 60439 109480 107722 552936 856503 764021 636891 486848 5825 244778 167529 651237 485133 194252 460016 196252 889246 303056 926488 56367 127237 478739 410028 430905 287823 727820 995272 860152 318889 135862 249889 25232 637166 157700 180715 891991 27952 665606 105120 372178 973767 88113 730556 825752 776060 839313 14770 80121 93640 593040
35088 589240 616684 366900 271248 637392 929421 369123 166254 864773 116087 234097 735331 853881 842449 817364 381306 211607 552257 624660 449385 396504 708764 291442 857586 209178 245924 467898 556257 729619 395937 732381 808483 81626 601870 995223 585911 691812 793174 862522 287718 298080 63185 400536 463822 398119 975610 883661 507173 608117 914647 191113 707295 951718 641461 296798 991104 18464 669935 979861 508729 628437 757455 741666 905835 32854 278262 395501 674769 643870 996337 183061 647699 204882
474605 245527 502985 773608 369414 152858 382076 541132 333240 989807 374229 27843 790229 113005 543533 356851 816956 403197 799169 218646 364558 621234 617773 534605 798987 27539 233929 486756 849648 317739 249404 746640 844703 374969 167631 955631 868403 947101 449942 175524 78438 324436 440271 934448 618931 858564 821007 52523 498212 578681 974858 929636 129625 691867 568886 141838 233732 770161 839375 404274 671037 931824 306769 374991 459861 937841 652054 311862 290470 888453 607331 973199 902719 838519
56856 961355 573690 546662 727542 898782 30910 423237 190257 665494 854255 282191 982378 689017 427274 324824 974435 235196 481432 486579 316733 851105 461639 516694 141109 75016 445821 123445 674574 527230 510158 855649 108690 79699 704003 760443 176591 394706 330772 953866 396753 364484 493908 943728 667885 375154 860545 888680 843536 653358 195558 843748 726353 450619 995765 730124 358127 386563 858109 715799 26281 30376 221647 297688 636039 642440 726771 47514 802820 641554 597578 926053 962263 898399
199073 399152 268230 747622 194915 885508 829479 92688 999009 222441 787751 721221 267192 269854 909367 393424 169094 439321 674553 748212 295011 245429 430329 376267 82412 901397 947037 274569 754066 569041 718461 652660 11789 760847 895418 85044 506832 455137 621800 912233 359573 238834 50088 288607 679548 461713 444464 818677 932667 158064 660815 43901 21732 372881 230716 837305 725578 921832 95775 39263 256388 799603 227445 500984 46731 659404 307878 56937 763343 355841 67658 361922 105951 994488
274799 972757 908197 751984 39419 415240 455943 737627 440462 349773 965773 421776 172070 25570 2763 313177 58770 1407 844169 558941 67320 840924 277229 436818 189277 751402 578002 761164 379713 742726 517905 145272 45951 820563 643741 735667 627665 996320 804645 393173 927818 368566 803414 925791 899293 792023 158939 745215 450697 498143 699852 880860 884181 872794 403017 398262 807274 539912 808050 43390 334474 223286 351837 575800 387987 347724 152610 57135 762550 963611 522478 415981 906915 867490
49917 777855 147951 699798 836380 354845 537938 812960 765742 821319 819383 83649 957189 974955 543902 368413 907656 939485 857284 682777 156799 606185 735832 317533 179800 630764 204821 680464 547266 633219 617811 386220 988069 281085 216466 869759 588313 848342 964390 744540 309827 474413 657240 957542 252477 913993 433316 2481 460148 856756 52149 253565 219557 630182 339127 940361 115675 214433 522417 102830 992343 947578 793146 199360 668916 309085 827854 178087 49975 443235 152950 723917 414161 854413
521251 363227 35304 947456 686933 853149 696648 617485 287569 527172 577635 292521 274808 637021 100851 83350 88756 245984 329388 540058 441871 985929 634857 190694 792507 591137 625803 251672 978911 575619 596140 175152 968615 649176 298283 5971 295669 203492 702073 252249 758894 491018 197832 529522 410220 927224 317335 706383 408042 457407 532676 493909 128361 277174 359169 994138 889995 197772 343164 620873 340156 872371 750050 317866 668756 535869 376947 637285 654404 329778 703958 832337 866757 732302
117190 874415 315701 680847 720169 93538 273841 398093 114168 217619 473230 235360 947086 559463 823478 733641 691750 66912 304875 325484 513519 987616 10309 420636 462842 264085 533454 270166 345552 885292 920414 228223 453675 291243 195659 853525 540540 74176 508380 33319 320510 943056 679035 721554 210364 610941 40154 608144 894726 646820 609075 888902 851386 645946 777803 587273 536356 430784 554309 102466 268196 658055 323798 514623 473368 982987 986426 528566 691407 373242 901040 693583 468298 557987
692975 84643 941473 332846 422495 661805 797949 231000 897179 733604 896575 291402 888442 146461 803584 112617 859172 470538 813593 2555 264328 556616 321158 708444 169985 823811 58228 951012 161617 852462 533602 337400 301755 901716 961297 446766 280547 651461 643977 537074 674842 824649 115474 5306 912802 41409 320276 889756 97495 670095 570381 269956 694230 26728 222240 105311 240080 241340 270517 54991 573557 799518 760078 311502 431135 131134 247864 300913 241886 694756 401065 224936 280609 892677
260466 800581 287676 670060 793293 864562 461785 71285 481865 1139 120518 126911 136610 126501 597773 916277 86345 702275 851816 595772 962399 412757 940308 843831 489216 6268 554861 680732 964231 241922 282759 430420 401632 950115 213536 329533 974909 267301 759658 465492 894929 825144 109456 709694 807599 340646 226435 998802 133419 793646 448984 965598 361004 670154 248506 436785 159081 731312 37453 580757 77028 355691 167863 345677 173787 274211 650376 628216 898774 548143 646147 560093 345454 892313
399326 968356 552648 177391 164694 647045 806673 93463 298189 940440 9928 894175 109078 169328 675510 777912 10046 301785 67062 566733 321194 207171 385089 436463 400848 918506 846486 478345 284449 835179 527398 388541 254318 901897 497241 346799 410592 983095 346480 172655 585487 776117 710141 559799 265119 457086 598488 995856 448360 715110 195431 864631 173569 225821 879893 425726 569703 766792 14646 51877 642462 174363 988085 969313 604275 321934 481498 374728 987274 338868 742628 88664 928125 511673
320594 815666 218637 518904 404267 574702 27580 36200 759538 933217 153778 545320 36385 15725 733875 513188 320977 299080 175078 408329 364829 989539 847565 133312 219022 392006 101299 477785 767754 988719 627618 315380 190433 289291 380829 75772 736477 312485 854477 263249 129554 290458 984435 318203 921328 60243 829452 3072 142369 409720 930391 735448 529659 951021 421935 263153 937941 328517 227510 210002 119421 630573 221754 195811 142201 734880 610755 851115 289807 502754 851795 886251 759782 818407
94721 526857 424907 722661 250756 240749 129679 407599 481607 863779 963862 377098 567374 61211 426796 702865 28106 805010 728210 127750 61744 783690 23337 556935 56761 850236 988372 972004 465541 752507 282748 337097 722151 740852 404610 404669 627096 620543 135776 431068 249227 965383 610168 860877 97169 748513 814619 566182 498760 405252 483385 471288 688217 691299 242027 588118 396019 974365 353168 86416 52093 646803 721825 523941 125945 248403 903825 829045 676857 771033 573865 468609 232917 924118
747677 291936 621236 267755 873617 228407 43388 160499 574292 315211 623498 415936 652202 381131 118841 379398 927049 915879 151711 541567 79518 358146 202528 244502 162964 854368 636458 459809 481654 166952 810273 889967 151595 998551 299414 920672 863352 180060 152128 997964 350768 766353 342793 830983 639734 586232 249366 824016 555226 927979 918578 825890 937183 659991 140077 85369 772172 129004 428861 935721 177337 867447 257973 226027 638233 103455 682709 944193 187752 287769 503912 720263 311649 211650
607610 963058 428721 519266 729049 244479 654115 642584 947336 11545 945252 11653 995937 325140 421723 366060 138863 399870 713163 176322 278611 815436 748693 906877 379152 213105 285267 980234 499852 548649 583259 253823 191928 519073 242167 938514 602122 861449 690452 55633 441950 357074 1413 250731 689658 907621 102654 964786 6826 140431 275321 627873 972742 167537 989047 453364 1198 725946 332276 385499 260594 629125 18124 960395 833706 988371 537292 891091 791489 407448 37045 135825 737560 995398
510193 904557 746814 615312 704180 244882 592985 492086 513840 934435 620114 346995 264968 964212 149324 451712 742144 548244 420005 283996 902475 634059 272073 929504 992207 280843 682209 970052 536770 715874 399051 7712 26188 666478 929655 862862 373982 467288 721452 374409 859386 335830 286226 727619 847806 132020 446711 150946 264113 344902 655353 942408 33190 557355 71004 853166 619777 740853 770959 120858 870320 266500 614471 358254 256250 924363 636404 759679 574366 380434 956398 963896 111820 996973
145504 633449 802228 627075 157877 595247 223040 109361 444993 461667 895764 183426 506516 237220 690477 808289 491888 86522 299733 432594 829075 435678 20579 976794 489456 671275 615584 738302 514837 26609 63694 218132 889287 274595 867718 432854 227544 280142 207318 494763 813863 502769 603916 26833 619620 294072 919501 632492 536895 557870 809560 777551 894678 464166 727854 645853 813503 243736 274069 580904 952684 602265 961009 106103 246735 939456 905821 655626 814364 699294 706795 45769 823859 637455
953619 318128 225000 201166 720472 847930 491534 184708 453255 80171 491823 160843 919200 729974 639451 379696 462531 51694 625658 770342 318033 612600 509915 772528 328898 643173 19051 954107 541570 562180 437679 187041 99143 859924 634948 320083 535944 850791 43604 5001 257404 12078 672483 985281 741964 899919 712722 427485 957520 154973 180043 837291 894990 876073 983980 606475 751427 21309 683689 82936 482712 729346 296806 563429 771980 370348 476275 70483 401062 916737 626317 880323 798770 446752
501184 974722 914151 602367 188967 14651 569235 313894 885468 693557 449232 385916 740696 259337 395141 171347 282097 96010 620678 95625 820318 868785 534978 845592 753374 137051 651246 221196 758374 269465 268441 486951 223540 939610 662450 73710 70295 502514 628308 494327 749641 9271 359785 246323 471261 883798 190639 267556 222216 720190 909244 77724 677467 361656 881515 114193 683902 225086 160420 280750 221962 26434 414927 955518 820157 966517 151236 309281 931401 311284 391505 140519 593663 203631
789158 477612 846150 63905 73503 965399 30584 803011 532700 536687 778215 696655 626992 669534 359225 544997 811742 904238 268154 274783 79203 60556 837953 952392 349586 715531 122904 690344 832336 93928 933964 598464 640646 776709 339016 774772 391708 313368 621960 244159 513548 78869 551231 365237 421277 752368 328705 775343 903514 708053 457950 410500 881239 895111 190232 137877 47724 413669 716381 708438 67776 340322 630185 996380 416325 639991 671036 64191 473914 282261 675808 554219 612374 919291
136041 178445 454192 739708 665904 971907 431327 260133 303158 333270 738283 735839 307552 505611 821706 304941 783810 876119 351146 305586 511062 87065 622901 144912 559572 936345 260048 961486 660771 929865 626456 783726 929771 500621 862587 131137 476976 100939 923251 836778 700133 831751 192111 56168 195166 175953 772418 697040 751782 261205 396510 72103 563866 827361 142849 298162 463122 803982 816130 102636 805250 559398 544542 150324 851066 237934 224676 752202 897600 751724 974435 774056 259535 22090
83583 787164 759478 727587 441991 598961 621824 263961 654005 781173 741011 653303 586952 837319 506361 909789 765073 623261 342289 117085 349054 52914 469946 886416 30309 818638 336263 499331 282104 799171 259115 247709 155551 254662 742212 709777 260276 70643 538496 291908 899115 799934 282863 442210 125313 819516 748041 180271 231995 780515 119113 800341 49038 486528 380983 586663 546631 698110 867153 910238 534865 162173 663010 539784 522862 822902 672287 532065 633793 850738 929000 320378 792150 716637
113373 334466 492946 175232 141546 484463 32985 630256 883999 577838 747794 651209 747869 937999 618859 468460 417959 783701 541354 848989 611736 772549 762497 104789 385900 386331 60046 561822 86778 529147 690195 164504 769518 247542 144059 811040 847677 125231 953728 887293 98897 982449 70902 81973 85741 858597 512519 126977 825237 683344 970073 636914 232892 656404 503673 880549 471404 42391 140069 362061 859417 716331 784019 827950 937770 667595 650964 117803 362673 493999 687481 294084 777122 774830
744110 605677 783141 456486 182905 7495 827943 287341 959891 835411 297521 87532 716078 940652 507544 405938 629613 394384 965154 457372 308897 368479 374960 992864 437805 641127 10001 412985 857330 898869 173555 214195 607339 79719 691509 857994 133074 882663 133622 312726 697726 870851 24384 666709 345386 266951 762337 608075 923637 18817 721664 261719 4026 388340 106304 769091 722800 649656 250536 778657 933898 133788 251993 73768 765722 782508 992340 70222 315206 269379 910965 77009 763379 688452
93316 86140 497573 32000 547785 179239 292971 794916 517180 464404 840686 640822 816756 493593 717023 551099 972944 753231 569430 265769 679824 93191 812317 450146 735644 366001 38957 833121 396127 47132 24949 925977 556385 903008 488248 717638 221954 612358 890799 948971 333930 995165 161761 647244 984948 496540 824123 204136 610732 28066 11182 411212 85811 140300 121132 989202 662432 484133 516466 419673 804046 51606 915235 202917 902209 486981 154614 370755 443027 118985 41197 16244 871395 729255
278483 332965 386535 686163 668400 589422 786235 652485 783563 546092 917968 781245 499155 758145 569274 64928 719347 463831 883975 164357 711524 789185 687533 662595 374577 23162 222625 441089 127061 911203 211856 327994 665613 79542 187216 330296 866017 717713 896863 481590 542316 713909 364606 415625 832430 36456 112178 5964 95027 720561 149048 103439 263756 367579 180652 78100 520151 359679 787105 354974 56875 949741 131743 515223 153376 551604 593288 741751 369212 835597 962632 423392 187596 561025
805192 822542 984674 213821 865679 776585 892204 815520 18054 799247 574431 122268 126528 689506 447184 299294 34908 83496 457139 247689 996884 633831 377216 589696 307820 734632 984748 399135 711986 767581 698875 103367 555533 708820 694502 201030 856804 604834 92694 787832 463736 428044 178189 280875 63098 508319 442725 777682 643701 300535 658874 664421 565985 834591 690336 364574 404954 58673 753375 899213 993658 646795 400243 326416 257437 321239 101520 516642 93193 426659 704775 75599 323419 737031
306085 546119 961441 961499 587458 767648 480502 543363 985328 680628 473868 41570 341608 654825 279783 200751 479708 977580 816744 509116 418998 588032 700852 600208 884903 682174 663646 82786 846447 828376 926847 956541 120276 203377 944019 176001 660473 292129 711574 352956 880347 92738 796646 300650 288591 900349 476119 872740 189261 749681 339533 473260 946261 582533 745007 907067 550357 299907 578650 253458 859902 476174 597287 285125 95160 742980 466210 717953 661708 107833 310782 894586 4451 232019
362380 850491 714301 123323 228250 402138 587725 770780 277029 740960 92462 497960 84961 889042 958709 921950 94021 647019 594426 431022 546004 290158 636896 308196 212244 18300 554251 630307 644213 75961 951876 731927 52957 686267 934297 897622 541964 596066 982743 914290 90614 748547 380608 711022 549068 347473 61838 478292 703789 724708 326610 839602 627553 385094 496579 737410 905055 858868 98566 776452 910208 105759 789123 46728 689210 43883 95212 958949 665976 787683 137178 11214 89980 448103
610226 104797 127389 381820 922652 500005 711798 390672 114773 338202 618189 293289 82901 543830 388697 463472 311057 986275 471647 619315 187953 86780 29749 821463 279178 708951 496093 270549 423657 990370 933578 681725 262792 289344 277905 407100 616366 443454 905251 362745 737613 692010 914692 26182 48384 471196 598919 265107 635963 321027 561844 710217 878551 925275 939725 244943 129672 264789 415123 940575 594478 748722 392709 478716 916530 868445 373479 278728 123600 125983 450223 614537 860920 726323
827432 208558 74110 926752 689958 688412 781731 402075 370729 2962 42570 559224 147464 101884 901737 312594 179347 81962 459537 353309 844428 959671 692319 219721 55162 380506 737646 290525 614658 186789 151926 185993 414296 366731 296357 221903 103706 717335 755729 926237 441152 696503 304003 351913 712419 220747 821540 975843 392371 511064 150639 555089 443558 624299 682867 570379 859929 925583 890317 761995 322982 856911 613711 835346 307883 552712 433278 416474 38774 948956 162972 983446 190718 414819
365445 820188 782501 573696 978228 633748 948682 382503 888216 71957 999631 831855 558836 49002 32272 386992 477508 504794 864110 986695 607840 162503 344891 663856 885721 739739 71759 109251 221467 807454 230036 87872 249415 473212 952588 392513 286476 808620 943281 415860 62190 527107 995202 186855 847225 303513 316103 137048 234247 104388 914238 150705 942887 857529 859088 185337 684324 71499 317161 689082 73692 412634 452756 33826 871652 398605 85938 523426 824443 234124 833680 956955 799658 259629
485199 991437 995437 246843 396593 99400 923641 99463 379629 496550 508518 31688 418867 347637 454957 831743 535325 366094 660677 33752 352309 945039 393099 50683 529647 447859 576986 820320 641747 32818 140106 334976 138084 312434 680725 730988 936031 986261 231509 373367 144314 185099 627391 345802 810883 997160 14913 993790 78165 397165 756782 453336 496866 510806 413247 320509 790793 536698 817769 136250 76075 208318 414044 282974 689832 93169 333247 488933 19370 459239 266055 330672 137888 874543
580312 83461 702928 532965 726307 59448 742820 547120 107288 83600 53046 635126 705602 676154 340158 950338 942832 555046 244660 858157 968150 273498 656921 451312 526114 191669 159515 312633 217416 4246 592013 982263 629227 872146 492715 974859 571315 37927 709378 568756 920818 390793 202501 982958 427819 127692 413710 931621 682993 440928 614001 699953 690441 195321 6728 587946 334430 202415 81373 534269 987276 193611 350258 634069 765373 260008 345758 682221 341604 210688 426389 80976 611455 83001
653194 649046 196712 676219 533712 430457 479417 729748 492857 976975 291677 440204 533856 772551 576815 458587 427385 282291 471895 701766 6543 589076 157221 753135 99627 473583 369237 636506 942769 226734 829081 195245 316900 994395 253148 365932 994868 792197 123765 990080 939280 305880 175548 644004 530866 629137 499502 611700 161412 748401 478223 764564 990042 456558 17814 192857 856548 27381 672704 157341 764840 171403 604577 596032 581026 511336 261611 369253 827756 780148 132968 518277 206068 776740
549541 207127 664319 365056 486060 874160 719692 114953 797862 319256 874041 834830 500005 112412 362104 676203 879079 899464 761605 450679 511731 702282 230681 791184 118094 469602 803919 400068 608686 333835 749323 938317 444300 623115 552728 638241 574177 609022 436971 485743 529248 506316 702994 71666 996661 431560 869377 730935 825977 980701 777092 897480 793907 912267 227005 442679 346657 82307 430611 402083 341016 759754 221689 626374 140829 2409 851497 99990 6243 226153 554570 277336 838597 305722
271246 89656 442996 660788 584224 195762 344715 257869 123923 265251 884722 195342 481512 33102 282298 468517 319747 772888 223324 879682 525242 901761 546077 27060 939822 690957 454020 749392 917173 370419 697900 299987 794829 87817 279028 165350 191565 758120 90512 656519 644871 256553 830486 553759 419091 505337 785441 354334 171607 30823 21588 17124 521829 469170 590586 593845 16104 257304 858532 141875 439210 266010 91187 953286 489823 478415 805537 481878 130607 755874 725439 775638 378317 678581
921922 888521 241771 783528 58611 696255 66613 376037 791916 182096 919528 940619 221214 659843 304115 792124 826578 578179 949949 323 787163 338970 344283 868623 403231 508918 330480 185341 590395 196768 600769 507745 150426 548975 336839 735321 900193 467150 866392 75728 492672 301710 495694 511134 109979 828010 737100 794296 630529 272460 922934 300305 76995 660494 726499 46538 196292 491004 698194 881845 346374 740683 455130 176787 51457 31968 184737 129299 111842 197770 844442 554499 160683 492758
560551 797768 96529 494428 120227 137944 463575 512079 380750 161254 648900 239767 829117 889160 400490 806641 717354 799848 609794 657929 402856 350431 540437 100185 620923 632413 867253 135734 28137 686066 675671 288586 723265 663183 779289 494036 350828 722668 256374 258219 690586 324544 32819 444598 518837 28395 966465 97852 567956 246392 115079 465490 789727 717801 314498 640426 196731 11193 519134 595179 469087 39544 339113 812653 623284 107076 439208 783422 199392 729913 348709 131092 941450 227073
925589 698985 453987 370372 783871 277936 854184 279050 479068 313352 745792 585136 551425 242333 212635 465710 561266 700825 508293 967921 22879 894372 887649 124141 194419 304500 627891 655722 407209 714710 14190 870333 191621 689232 483274 293952 355176 357754 977385 927675 577114 156452 738575 108699 910951 257232 633926 199664 585210 878029 285035 613962 548814 431818 894015 243231 448927 720417 800513 858274 738230 983853 34676 863544 752508 669253 509152 885227 959561 734178 257551 102670 858074 835573
923876 257830 834296 160502 483506 401080 21254 84368 288901 244028 956309 589714 911747 662664 445539 422968 381316 790885 648321 600418 120482 898264 982606 590679 618896 587001 306480 597222 777686 486882 710310 601541 727337 726560 337521 386307 773915 780941 710243 701159 303531 664209 146601 53929 255305 716692 856406 922034 129199 484365 528979 588388 208609 986905 92941 577182 219102 587121 740213 377412 499322 532436 429090 887444 748376 190170 230456 520441 601561 615981 201600 862326 591094 170563
689983 146227 275418 717660 465436 53617 736912 823446 651990 26671 326961 183337 340964 525345 477045 815068 407324 812848 630514 139449 829967 84146 51203 248286 933396 556004 688706 554501 734169 354941 421824 58531 343122 556669 331440 583420 300176 220305 415635 665942 450571 857161 237560 714192 784113 890153 887131 189188 248974 299087 29809 6540 33964 172865 546865 726427 747973 691714 947217 507472 290858 461482 753119 441170 302895 520365 491774 229197 107263 238273 826347 786907 625603 609909
237619 712767 238533 195424 605040 612222 514217 33733 586658 868948 137855 518138 642123 783832 390206 31393 576164 126637 58413 139613 569437 367082 187452 857657 887420 514420 124650 344922 714232 638036 818383 603570 782096 790513 417550 737016 21852 737845 581315 385733 466072 346067 460273 283515 659185 921725 153727 933175 967569 268383 408653 193050 886819 368144 210237 780853 90072 871965 106577 435483 888027 65374 946683 688414 651163 907628 645021 767541 576574 191925 68254 34664 702387 672318
407793 446729 612736 923314 352167 912381 922203 707019 14267 19588 539586 923584 175306 192394 314497 557230 461811 778272 826824 379073 312747 466948 36617 669657 879215 797323 707466 810815 343638 335827 857588 437592 487873 474572 638501 931068 618760 426198 678821 500897 286167 14179 918042 56593 615678 244943 166125 874609 579041 236719 823929 978246 308137 396022 580980 19374 222091 902133 700239 150606 957863 751193 524794 311893 440584 216505 237633 665793 390853 919054 413463 821452 97446 220682
210102 22877 820581 777697 456555 737962 598685 97009 276842 837948 718095 806047 482572 980408 765032 176426 209978 219151 821404 183089 277845 448048 80242 431910 701414 550615 490095 356844 225247 57322 898848 715806 647579 198528 478417 166724 878478 546841 999197 571385 6589 453126 22450 281752 924457 246066 295773 590508 763025 110764 216993 992577 540876 611104 551420 680194 398554 726401 392780 717759 365020 388987 324552 94607 73084 818057 828105 992049 294673 597689 813756 854632 388796 719082
187961 165086 777548 610240 732350 711137 524146 773809 669806 613617 685709 535815 781399 29544 948633 650671 309726 664649 170211 567923 568365 121282 674957 665894 791347 696914 174951 230307 952813 756722 735434 443777 206797 850046 450626 988640 665764 490010 347408 638872 114279 615135 601180 432611 14294 148401 18015 497571 844123 231933 794554 779230 294718 118186 504380 761982 809146 205463 470847 908593 975938 288539 576852 513342 241582 483698 576745 84178 656883 363242 698065 897436 44817 774266
456481 88734 762224 199880 870110 418559 832457 945184 887064 122436 226600 26328 909405 788521 202040 219890 982502 880142 106130 758675 953625 6056 52338 345699 517685 167990 491045 159698 6306 620904 161089 379395 263817 525240 239854 824814 159640 487872 986233 372756 255387 24531 353042 246808 801024 703323 881777 865904 978515 461546 903645 784459 924609 734396 875165 309889 694473 183762 44513 684515 230087 678354 203378 261468 674620 276430 965886 115891 241152 425524 884249 894981 480205 871220
838269 57922 4805 621036 982344 243603 720962 968416 819067 411482 797570 950280 146235 919838 70793 813331 50908 246353 904372 875232 184561 564991 622372 655643 803799 416362 436550 861023 997300 6256 615675 762171 850139 785390 197056 615872 774594 718922 543110 864986 891405 855236 885342 521027 807579 257381 918134 561259 370439 646772 683645 567826 199749 702585 90626 658889 124698 12503 382058 313868 43195 929420 458900 734811 136374 709821 913997 844341 357579 688681 425469 879877 37639 30689
315201 405296 596661 684106 905613 784894 755701 410360 727766 947403 515807 459461 387284 324005 202816 609985 960228 674558 445810 74169 40112 399757 941325 771857 924666 574801 414182 997810 787308 726851 58549 681380 5928 206166 674709 894815 47090 10186 973165 61259 797843 382906 221154 48249 815236 165302 969985 678569 732854 55056 921230 833455 449883 419375 375310 817633 205958 938918 56751 266922 8869 132358 60605 946978 742793 286337 362848 538794 808733 360337 61673 210807 764543 896381
676276 656306 701820 844577 607526 189453 701889 320045 534894 837 245864 959176 347648 631658 613284 475778 728201 893259 227630 213512 21719 813452 6515 726589 709555 158882 267449 869161 946398 22000 762772 222761 946922 166518 313001 143338 256838 770346 269877 120763 240657 454599 566862 581638 71261 490778 775021 918538 884451 951879 70152 381642 135478 645125 600844 83534 206475 348847 708882 911719 125629 665703 649948 437563 637026 857017 826171 19754 55949 296356 776798 855092 577581 901419
307097 906272 271728 130428 598705 615544 956460 254158 447967 730884 295415 35572 710794 390227 911491 970252 135874 131739 958595 300626 686533 852596 663715 603557 786806 638587 383304 631286 490762 244746 301840 747916 378548 909906 578512 962522 559113 259446 771899 577907 260703 930329 360818 749564 649533 913859 724055 568199 851046 258478 422655 375450 890309 165368 506360 577359 168959 10806 182055 818218 404312 812087 734618 22617 475283 986997 234633 432524 237101 776583 827845 836075 297116 499042
437158 950605 182267 29362 588532 455753 886082 810880 341835 213506 247947 750424 340442 87725 382700 548096 112900 108082 391438 788952 630209 840024 16505 173206 600472 392665 953994 865712 131684 578660 772883 584020 330240 112414 695852 934885 787390 630355 322588 948004 49645 191595 774556 46557 229557 922156 595183 210848 897937 891549 327965 888960 205266 859447 533549 649629 382920 82433 29655 731772 255896 236194 265845 433490 244908 401244 652178 396789 45275 59649 953656 631400 896904 891021
790737 167879 288192 432939 432968 298292 767601 855234 617138 356363 786971 500494 647019 406787 949005 987349 894956 331717 717404 870115 379973 273764 368379 40091 952870 142963 507602 115279 215269 269416 366642 22229 446676 297473 361773 679146 19529 210684 391138 926276 674598 181347 309894 946683 961324 341543 708453 45565 453368 764528 458466 126764 696369 667422 824103 703983 163969 259736 413604 540510 80668 831815 924070 616243 34187 589511 713106 176972 613414 519378 518762 841752 929267 356717
440761 670477 392504 847770 385154 994119 209585 333093 109484 924175 352114 725808 463991 710676 411455 404244 880039 61243 80899 285868 196785 908364 189157 188635 9187 503601 739752 226666 429190 725581 455459 735323 46494 185588 602187 351619 293487 965011 669782 49432 790984 169527 456856 955445 715502 917900 102825 5684 499269 636327 321506 518221 393431 932288 41929 408817 632355 377303 968333 603705 126918 441190 876904 668030 378263 670162 463584 88175 907770 767716 936408 704243 677365 19803
533117 795385 853621 420070 366227 228099 506186 719790 377640 383208 390618 271845 852373 319395 188019 959558 787466 875992 584285 163055 433838 425637 614738 986452 966567 403233 414842 854212 262901 237955 754937 117718 300509 348295 331619 11636 237045 85978 926447 697465 200548 346237 456819 982635 391868 350043 625587 488155 531542 714481 362882 823227 427194 8746 357888 474343 36561 949255 573173 878605 580442 223695 113995 649782 822759 756688 982293 648923 405280 107310 568929 622800 268369 853068
489453 403216 146117 202849 105896 114089 99248 32498 948159 943559 100464 59409 347226 723389 868849 522604 546549 227170 738909 275256 967209 784553 494301 11245 829843 583369 789376 896789 924504 690158 688879 996494 661225 378542 735847 319264 864057 301317 688385 351186 44772 387995 215003 781977 356527 296347 1148 984509 854290 965296 982932 720457 672646 25364 402141 620613 598262 979083 40049 411018 79579 659254 48683 577051 460945 150593 958170 599546 631997 266060 917559 46394 298457 808630
16616 979629 784731 403636 613435 589977 977646 168874 125177 516653 270266 257961 165002 156312 372485 268429 694173 773627 721122 590886 1852 642909 869230 339144 779404 655284 481667 141053 351159 896233 608855 890254 287176 687619 291632 719323 372500 136585 214515 494245 65922 151398 282420 195640 726000 462169 398980 234138 597291 340254 895510 925910 774729 385066 296689 585426 338004 575399 482292 156240 185130 106658 800324 128144 473252 778015 866158 575730 753448 617055 119309 882258 148357 122505
631660 81960 574522 71327 402833 63824 563487 332057 405933 477541 450318 94145 228188 70104 400316 501180 584905 804388 95256 974068 750033 842050 369349 128542 991966 689463 142916 829144 385818 669496 317501 709869 773949 283429 623718 557287 388977 461892 398621 218670 95784 780317 152499 949690 683301 561725 384751 264551 615882 144249 246446 816076 397209 765017 958753 850304 741275 957918 538511 143130 787675 912309 795915 283379 915037 923080 293326 22422 818484 547686 377862 91626 731111 595208
832113 246107 8484 31319 782999 793152 295705 331557 428938 869741 723708 602632 877339 690324 833947 138271 126541 164604 871921 436389 401887 565191 495431 956606 244922 882398 986248 176771 527944 620550 789434 711880 110258 714563 361084 587129 648433 315776 292412 68751 738739 340369 795342 680109 792658 41997 884983 553282 148635 612361 618514 822713 269464 829655 264246 753853 796052 226917 604181 227415 799325 989455 636594 641681 91307 919210 654284 254054 689836 216743 796873 597934 901661 148755
796486 138382 187690 290087 386471 65278 839731 980194 159666 236705 110829 362822 934688 590307 763812 492066 147026 487835 212819 288665 179357 892667 477026 476467 868613 814826 333831 9658 443366 654217 396345 452562 245838 631172 369282 179862 900394 549106 734433 362538 552311 933620 696492 333082 423743 424553 492329 411907 109544 434531 73869 652478 55473 794623 28602 894232 381816 582489 770652 299747 816871 464372 683242 485291 622288 276865 348555 247285 878112 391314 738756 713203 847874 713323
332379 739309 878189 532925 374938 184170 564887 696810 901918 350166 168186 125682 421210 987909 742129 601147 318985 785946 330912 780544 201756 322439 266219 186211 453159 177813 515335 454522 65774 75177 322896 960834 646620 328538 654795 68265 771510 230247 491696 397672 984566 440204 486755 582040 576474 340342 154546 769827 466983 848755 187230 495913 830032 15594 759819 947873 877466 781875 997583 610688 545933 872836 318653 417687 942338 795901 916563 626165 92423 682979 937284 629501 734866 478718
