47 43
936735 340278 859529 396803 434446 468876 22288 838407 465649 126007 950214 498399 59300 487011 931452 280 648956 880548 420284 674312 769323 163587 359018 179803 666532 874400 607544 342786 827800 580825 198559 216342 151918 343841 619863 458442 802643 582243 996610 523058 780461 8964 310271
673948 594882 171292 258101 417457 318996 607600 961431 50890 870898 55127 978246 27329 22228 989185 74993 439113 807049 714965 960271 84985 420014 941423 592151 952482 56846 190762 374828 292225 39165 156583 374040 484242 19659 454230 922623 52294 181179 259722 286049 975293 553704 607454
754670 574052 31624 700044 59455 62245 293066 603821 8534 873006 738075 130787 911243 862718 584996 410714 96744 649748 126739 540805 988299 557765 642696 446115 922653 848428 232389 211823 293451 199157 652410 342207 386822 316913 694789 992721 567473 682024 517946 827559 282383 316956 16274
318528 127407 684341 869704 892916 42715 728041 849574 779485 870500 575931 672443 763719 60693 297697 153429 797550 912547 22106 504026 427250 311612 219681 360492 969509 933688 876749 430461 642758 387298 491790 529928 375126 585444 220936 339555 429156 534 868606 186789 537878 65111 603063
980202 881826 214526 695472 568382 644270 129211 301595 389708 152501 490607 135713 571337 78768 189478 283436 78881 985174 653929 156913 163561 726363 153091 155062 68068 156740 193149 721101 520277 171567 44076 172135 465355 975798 126673 978045 215147 434628 589343 240690 29928 94288 377049
159941 724848 135642 901218 605874 744697 488967 366729 445670 294217 542930 133838 42533 467073 625894 15670 618937 714717 608497 612478 962920 458063 929902 662959 383944 215148 128271 910316 308863 1846 314379 539575 524154 110516 216372 528414 450291 846383 698609 346423 614860 252012 489714
31084 292443 567702 635299 59332 951025 612962 761156 11985 107567 664473 966492 992477 852066 639522 771376 48981 599672 575108 187416 88341 709741 656212 699225 501861 850368 691772 325378 860262 850850 195061 916571 273678 677474 699859 897005 750708 480513 708288 268264 184747 654611 539182
40594 868848 290490 256378 882881 893022 176740 335031 896248 961526 4192 823615 29012 882841 799223 615880 358837 444245 456222 95871 462017 372845 339836 922100 583471 287875 336360 886767 111486 839262 817662 53907 373713 887513 732457 354077 724382 264849 221092 429342 282569 346588 529158
283691 129840 622046 238692 512284 692467 717525 204363 524146 287606 512788 410595 999631 466713 240070 772572 850923 287705 660915 537093 737852 604447 993418 831580 50435 94471 662998 286975 639313 754425 894283 290124 666835 275585 228496 911442 170130 480491 736226 260124 352413 165912 410161
128980 878471 837078 626909 653412 404998 373853 699689 115166 494785 780130 495527 552495 620695 710999 429003 820573 6859 904039 469936 697298 714979 85148 442222 926587 506644 585181 875778 471741 505006 586468 703333 864398 560880 918533 647240 621319 177239 870506 141676 360429 302370 325247
273248 70139 533912 325099 686697 440729 977817 619876 795578 4196 780010 831218 558968 544884 845412 729803 252301 199645 442701 443166 536033 82576 439940 917244 635663 553462 104556 593854 900878 954416 851007 57302 430873 765762 112550 859152 625053 708038 406585 65894 236508 788734 338688
478978 23586 42340 362360 239262 866330 708779 199308 649078 619598 292305 89909 243206 617987 450148 646610 77614 913571 431647 104810 542683 774272 604742 484972 147384 361600 76277 600029 672490 338 535842 701788 90952 738366 215756 384494 197644 483065 37159 195751 550422 585031 977096
59288 428947 702058 551566 309491 51966 607703 886505 97777 750168 625664 819479 573032 216088 300028 960896 213226 647328 149424 258665 679639 701426 617273 605817 881055 478030 826875 286932 118506 377611 331333 528725 603287 146080 853982 625455 861022 582960 805390 661899 818514 900533 535824
899194 803300 517364 812112 305468 318627 695718 614831 517301 457346 618983 517251 376254 877189 751715 357826 601477 620216 37473 78478 824887 534259 765524 322486 726636 101717 607152 5240 768901 866982 684317 986163 230442 851299 555572 161190 882218 159342 356729 311751 676228 36687 711422
827861 857540 908570 919180 526911 760657 187300 163122 842486 653022 567799 442222 19125 208493 686911 1273 149516 113618 673593 856830 297658 610233 612717 899469 355909 264803 68255 438589 469800 129010 348423 46685 622109 181712 170359 180923 450177 825669 231438 491572 824712 769977 465202
842535 276513 68899 466191 182386 953663 123340 18272 22733 193638 263026 655372 324652 26745 622688 975044 310322 686376 857474 779755 732782 176987 694303 884330 902842 629883 657320 615634 830487 11820 729961 495250 74224 727984 231066 698227 98236 594944 996000 793065 80840 148791 892860
814848 869776 357704 62616 209093 340162 616825 374571 151833 863223 39031 816193 818013 873051 66560 810288 514284 360073 900052 110662 206209 378383 643981 556356 112272 514703 653261 256562 333902 333863 970263 411010 48642 617552 583802 519464 659936 116896 697320 931776 769537 924131 961097
253820 509769 496690 344976 240720 694396 632945 688891 956827 718454 987787 462445 887018 549501 685903 43008 294015 147759 842749 885472 803712 868915 886777 586463 649488 252243 958568 447856 291508 37824 443261 450768 538378 675275 243077 438137 725841 479103 867335 443764 505788 124832 352605
231207 661242 987039 939852 938075 402020 538505 178004 725633 816252 763142 596835 154097 655907 862687 888183 140300 529578 57640 88197 2438 211677 169858 643279 241780 652284 110765 738200 43412 794043 594472 699859 966623 310866 409585 495073 145157 954681 827 461463 449043 336066 872515
793773 733353 40881 373457 694623 627282 249208 176239 427305 988040 826801 39707 811366 890010 112506 923144 425093 591990 350224 172455 644800 895300 738345 931744 308789 634741 87041 540778 285740 534390 245533 559242 190200 411093 160031 622437 496959 501691 253393 29628 767406 914358 562951
244924 834775 951668 864079 409608 110606 238971 955847 840864 495711 944131 803317 480223 510016 3707 122289 372283 546790 78682 276007 892012 566463 215217 781752 102315 715477 299828 234206 432353 202909 571492 178699 720008 686292 489141 640640 457113 939158 461022 900215 694165 839150 590068
119393 30136 329525 997210 799958 227090 516164 298233 110791 602698 339693 47128 309421 370821 799982 299704 854413 130119 606738 237900 909463 63201 357568 924811 152319 58183 898198 105094 329255 210233 774270 429141 4088 695875 214985 990552 138814 816233 215985 752365 686091 151673 491409
114609 21526 426440 605135 255012 685073 589562 784892 101390 658179 792545 482378 17653 341110 380714 130589 620868 205858 863074 868743 580076 53365 879217 96137 480302 767168 436911 261485 12593 477737 209051 95329 137976 538016 938451 132755 329717 170853 982815 682908 103013 853593 830234
287150 320537 117387 856280 23250 837862 899794 144133 787252 414037 801692 213157 943579 79943 358934 445163 83174 450692 106935 387297 524172 773064 470423 116535 683817 267760 8622 965512 459877 545206 519408 174926 455523 808309 854687 242586 481133 881143 417876 141195 75403 840954 362846
628121 163068 835017 792725 812345 492596 837182 848643 166180 838641 622666 157984 102805 117764 816017 517242 154008 274903 695041 459092 956421 180921 658897 400797 746799 358260 641641 866490 629737 743922 172945 238706 875782 830830 96247 544067 562803 395475 723441 687252 269564 484844 32129
832163 115289 730542 885878 156457 254425 756559 468011 149565 217243 439458 202615 863555 536645 82217 677251 211130 427327 904176 724961 542716 450028 753997 59327 980922 265172 16816 600326 800261 536807 673087 621172 31180 260450 857721 313831 222305 530289 258772 387540 614665 754428 358350
272170 321752 663115 28047 597584 150184 487349 426771 894503 745997 466437 607143 74293 879811 838959 494997 860810 730050 26105 465240 195420 124383 900465 523450 655704 972454 184207 232110 349721 633150 533736 407056 556482 52117 513918 291230 343951 254066 151356 502130 726850 39207 508802
663797 938240 475180 352867 282349 392943 740615 830818 997712 611972 86070 624774 361837 706553 502926 528555 588809 663219 143757 928162 692763 949454 907791 242131 951080 563798 403016 192818 492550 127455 680572 506777 260994 23279 548417 674132 602190 922864 678441 315848 409604 973133 481307
624754 245953 589454 60175 471513 747007 444651 961297 25467 735322 184228 279008 880194 982788 375039 532060 926000 601786 672856 980186 765165 88141 359409 693499 92705 760928 165376 587123 524239 705049 782409 78507 962833 831545 859594 517441 469522 84436 807289 71943 571701 964619 974325
548608 260641 598986 203755 413161 794925 217957 113824 37361 752134 216128 854997 714563 917250 220390 335510 837661 219837 698621 257452 564642 819588 186505 918409 554338 982433 241933 992582 936264 908875 332394 18064 419380 224036 971108 828167 247954 367203 737759 97331 449327 112978 606212
91149 149440 627176 364254 388337 464206 721565 608618 948185 998216 317521 68351 743858 263445 9542 212977 692795 547138 793332 918999 38690 930489 891019 738414 124821 78347 730564 318319 676086 402770 81619 722907 653335 811194 776375 361835 652067 352722 645713 829929 964908 45143 653627
693986 638556 495791 502135 473504 318172 204964 504297 124639 517549 181332 59297 482809 971386 407837 915034 586502 7232 261546 541831 507314 505579 661401 237623 38548 586994 44517 722700 701432 472589 946020 772445 641693 526005 764765 687169 701407 556419 86568 524455 701051 719402 141085
5463 359380 867836 454188 224759 303169 464216 515041 498419 402178 406845 334777 873874 570456 185445 463812 523779 60245 887427 417530 618377 951562 475044 836651 490316 601162 255771 15930 921272 517835 428298 297387 107867 923319 540332 549176 604579 308091 632181 975722 851753 267192 246243
826333 626327 792593 402840 854033 475306 53251 957401 446327 274277 887130 271132 810266 967014 869067 469419 123224 798672 385344 250845 851905 831872 973282 828594 867831 479547 377221 181588 618258 902635 240653 495409 612098 938891 832234 924320 768003 543227 694536 688007 684490 284225 970503
230041 557430 936165 824060 536563 79128 629627 577054 473407 567256 454835 68646 681607 616044 233646 82379 190062 724515 995658 785146 564634 257539 395328 908278 555976 50879 866662 31636 620948 870814 746406 23368 3553 536584 950738 857132 79194 364505 198203 734101 408958 291935 946147
359076 264793 436834 991023 198091 49522 560779 401987 541399 171125 955544 658327 25113 881605 654066 161644 9974 911970 764699 578073 923916 563328 791589 55134 187410 431644 83563 673705 565944 333965 573421 325189 979124 482567 83911 286746 12734 70111 938973 679222 805640 255198 171936
540122 407902 434382 480528 999321 646577 249420 518700 516031 251721 353538 369466 691552 72249 616019 363279 378287 159419 792481 733707 552104 18755 940445 518203 993750 683500 635834 861083 14331 173435 960375 357333 105013 287580 642086 625841 804056 485492 898094 495620 99996 371073 919570
176036 646042 909691 506374 601126 979366 954404 941848 515948 366929 253531 246786 311611 376796 154518 433541 55280 976518 268846 412741 735098 190635 836550 432289 844883 742501 130889 366865 981394 95600 766846 283054 146932 555965 683192 620727 740770 936042 344155 805931 483969 601843 81806
747920 489858 432465 81187 682308 523084 74056 452575 831076 207320 450980 180178 655311 204528 65135 793699 385724 672359 904169 973268 117197 386047 181057 70453 22557 893759 135348 6546 905986 377509 499935 613744 29278 452346 298905 346717 804262 162524 598459 551697 635760 656125 382113
122828 582150 357571 863645 396433 15431 722803 913329 399425 955719 659202 46455 471387 542467 508979 793215 593352 424513 556057 768186 571760 222371 534109 212017 889175 606356 184529 875529 454645 984765 903741 530153 148856 761139 610164 646512 661716 145988 697825 374123 62807 353603 383289
696473 913333 819479 753261 898343 657963 604486 607537 546101 89899 912871 183673 84270 592828 990294 538988 976802 685048 139188 615531 79193 368074 569227 716369 696946 26039 933891 609685 299420 58103 718711 116484 785137 938462 528903 535833 782591 678195 35307 30481 728948 851318 134629
334180 115812 46977 277585 890827 151534 791396 863446 197139 346709 229710 513123 817425 991594 228934 92675 197751 167327 642056 855324 821233 785740 478557 543455 65593 748881 164567 107783 15415 156327 834513 167000 897632 364805 654147 549833 319855 758431 959219 112866 977349 469365 544794
231579 256421 619133 71060 890426 510057 944128 494562 259361 213987 564781 600374 425953 906254 672429 153263 620740 786727 203298 138479 265805 293336 263878 761368 15345 352870 300651 773775 132346 393006 47501 397513 873596 813258 129183 330587 117614 788715 57820 19233 688799 13545 870838
289311 906347 851120 698207 346982 61676 579739 462845 10440 52151 796279 641412 715403 295258 325029 213718 470686 86000 542890 621564 111814 990482 636294 719943 819695 134191 187325 480403 118027 275942 78544 97529 483342 833543 163267 296557 981844 946494 110632 348054 234912 795126 756154
475867 510573 543008 76122 816367 728233 611970 203 828954 302920 91864 459728 395984 986031 701450 189947 305960 668643 998017 962652 744503 788744 80278 701342 226317 811287 597024 156504 337629 288880 244534 925252 632514 747754 38778 839045 800772 903546 105100 112553 862425 463166 334974
45690 117016 9857 754281 699244 55838 965734 654950 446593 52838 839075 893643 678124 457795 379291 621217 995866 134780 296437 993175 648967 890115 370064 376116 406848 446398 353049 65427 519626 405882 241146 167507 632901 708680 709758 225120 401914 911857 762072 293480 224476 548674 109771
886058 843699 612112 722258 225937 464653 739517 182753 727072 679614 235525 134180 621093 540439 185292 248004 69129 779869 855152 84474 110118 488308 523402 943175 882742 397113 696128 284151 849736 369694 442277 971920 298264 271772 945614 126164 70320 164587 768582 774737 820324 606402 312956
