870
643690
226193
389814
338618
679455
245323
423649
911451
637854
773114
791049
136944
832332
205256
276071
290515
961356
455381
159519
959987
545025
487001
813083
476161
971041
661668
136100
155048
273689
611558
326269
201914
725815
970602
436412
653509
758264
361821
399781
958884
590094
405837
194020
257297
328204
423884
603239
393593
316018
197748
887350
786312
265232
564452
507600
487587
597241
382281
298499
278325
724518
835544
638471
207905
849219
529591
238232
975606
319770
701947
225967
234945
354522
630060
936092
216475
767107
975653
931873
122691
782225
361144
378733
762631
700771
154990
860628
365756
293831
439180
829128
457069
417508
671729
772791
355311
696323
398716
260992
370483
994714
857706
394450
186645
329270
567677
886660
649938
538149
471128
899851
919606
879198
712230
496027
241139
457645
683003
270172
802286
134719
239442
438440
287123
466406
487158
516479
233352
759753
805245
656520
290879
488908
895117
769124
347653
633015
174818
769328
505688
554213
752520
691383
664822
150956
479459
415217
317488
887107
532750
347197
865661
799605
856768
531062
617835
702785
542442
647956
763504
136811
182941
320354
194975
720931
202377
256472
363510
199696
795681
121429
591699
374648
920922
435738
354471
923695
651249
759045
578179
784985
890732
386441
628111
460189
321081
864071
350105
863785
918034
591339
712203
727036
863682
392133
576597
766036
872578
418945
986441
315253
886876
275494
160038
529682
780721
958376
122604
633403
194614
776523
799983
688259
855160
730453
302182
932140
478496
292461
703682
646833
130482
721334
538012
169040
391247
875170
785671
246195
697403
117877
354565
392922
748473
884376
176438
204742
995858
904309
328586
320260
134164
310678
275928
506932
460023
186901
512487
132757
996187
736735
230121
848014
978605
253418
472936
682332
584648
798831
744249
313779
806072
649766
877165
177971
207322
119262
128453
855433
712320
215765
886022
575038
818865
567418
376962
265728
520972
140988
897270
940875
226924
603086
413235
583764
846951
517083
601715
201234
276465
583744
821965
179497
717151
677514
269764
303572
827205
760396
953657
367950
494368
233020
778817
654174
916463
170731
387346
732029
392028
837504
243255
711524
465689
907473
215202
514455
708358
528829
113633
524488
798830
415208
270601
966665
604785
189619
458799
359762
569373
578935
920886
684747
110645
249534
215010
828598
793780
882527
363147
853629
560458
507028
517613
709171
349605
872409
624636
100362
196363
270243
248533
811664
377124
504987
619952
944326
774036
721622
990802
566368
661670
793266
666110
220914
148484
988367
518667
366652
759266
130823
529873
168276
703419
161771
816861
779373
649940
891164
201252
839393
262268
411107
366293
895264
224149
793997
516454
137653
752524
436327
725648
938897
187235
867410
281367
916887
612689
932898
945089
319939
426015
466105
483081
870200
468307
435579
194635
522660
891081
699277
475327
144754
503933
423119
661443
552203
589190
241492
253936
231658
740220
451802
799727
143931
181786
751178
158308
981871
736158
749901
413960
959615
367854
426024
933781
783003
278389
179094
159227
672238
361578
329825
607280
980463
208145
653117
932067
594758
407547
473377
299953
917592
477449
460867
426001
198418
997646
409582
666570
369806
191346
610306
100388
331973
897778
862857
485755
138609
529445
578961
980816
424861
501210
126955
751099
289644
950269
839743
697627
820899
425080
351626
263309
321972
136438
114709
494811
938344
761891
430483
939595
149832
697199
640695
562137
211623
837585
444719
775903
413519
162632
650433
619408
542823
732957
424928
432612
966207
725700
789611
185517
914904
735810
366338
606217
356274
180136
748934
597104
749554
286781
486892
409741
858352
675994
970590
290154
195995
211726
570478
681092
456649
744706
555896
962461
358175
632631
620019
693232
548218
187659
993139
531967
425591
245467
167134
548584
765605
962818
671848
562870
337125
201344
928462
350836
376411
289302
159532
160700
726356
316013
358427
751565
917875
108118
693035
315932
464410
481772
607928
766785
691153
647605
187308
853554
962134
300936
286385
851534
901826
963369
213425
989295
220404
808208
407500
739202
876092
507495
523733
812659
968390
741362
797706
163681
692064
163880
278094
990544
377674
539968
463108
341950
228249
367527
372554
100365
581960
241870
330704
805631
577404
829536
420147
686016
366611
692401
588891
702013
390344
376626
436845
610098
470245
490624
124429
215553
660037
757950
782420
504991
420036
731255
599946
252104
261670
949445
927521
594227
149057
571023
798861
285760
292777
467436
543235
624557
602934
169863
909005
269640
966291
982363
834088
428127
578245
885053
809626
823795
428662
353209
262227
918955
352157
870069
845055
754565
857132
714898
177957
483175
566134
161232
320799
510708
209851
978513
370870
472154
363409
326294
900281
148039
813040
578597
657786
191292
148314
111020
990117
130458
986118
483903
243518
484953
531784
715742
222230
602648
183806
881650
128873
731950
193529
181110
353879
598335
653734
541746
473918
729770
218072
324642
684912
178783
961908
933237
353430
769870
580473
774609
860257
212954
168874
353908
381992
877165
952473
168438
232163
990757
577809
530378
252739
443180
974688
612099
549292
463813
356831
690483
828368
154498
435008
537519
348681
968179
441267
151246
209042
894105
983637
682000
121090
667704
467733
627580
278119
506378
275428
675393
346715
392305
683673
203166
406341
498245
284862
743997
361231
644267
480218
421945
596543
920742
571836
682849
749301
854983
312864
482165
528704
242688
528898
605709
845085
347703
521692
275129
870957
564758
276157
394947
828753
570655
715625
341041
903685
698012
717191
298310
409878
450132
432107
597576
992577
945658
640352
833500
608682
798144
137233
574061
396566
667433
100404
780396
645445
326651
520051
181650
346895
569299
866009
889120
717498
531955
702518
169671
184853
472310
673775
699268
334324
242916
825221
110659
601001
691745
644000
695556
419579
333952
369751
661019
178790
741238
669311
235473
993711
847817
228814
376073
216449
502406
612170
123037
690377
352881
865139
675045
440906
918199
632490
317945
417534
239680
951389
313967
