661166
148841
481184
467764
616616
688886
567765
595595
249942
188881
374473
691196
789987
398893
985589
115511
809908
111111
882288
811118
746647
274472
688886
436634
566665
699996
276672
625526
374473
721127
589985
607706
472274
288882
623326
844448
788887
353353
686686
967769
935539
295592
863368
197791
951159
360063
491194
339933
676676
968869
941149
864468
935539
592295
507705
106601
342243
429924
517715
877778
528825
475574
691196
532235
212212
280082
528825
416614
913319
621126
506605
308803
599995
634436
302203
978879
266662
773377
910019
626626
391193
420024
607706
322223
775577
236632
831138
760067
667766
773377
322223
846648
244442
771177
990099
902209
108801
575575
105501
571175
685586
364463
299992
338833
473374
309903
311113
117711
591195
725527
625526
154451
922229
500005
151151
701107
694496
608806
833338
225522
105501
549945
933339
317713
233332
798897
107701
270072
199991
971179
239932
521125
665566
448844
357753
912219
764467
484484
624426
791197
586685
864468
422224
256652
269962
411114
835538
332233
965569
267762
396693
436634
206602
887788
145541
352253
743347
208802
177771
865568
893398
991199
427724
205502
545545
475574
537735
101101
858858
437734
948849
990099
979979
983389
668866
847748
383383
190091
414414
410014
585585
271172
852258
651156
238832
751157
172271
674476
883388
392293
467764
542245
976679
684486
841148
336633
714417
422224
756657
114411
552255
801108
313313
593395
556655
188881
387783
821128
875578
111111
996699
985589
676676
563365
368863
369963
841148
777777
502205
921129
734437
930039
195591
875578
981189
501105
144441
781187
322223
698896
751157
235532
177771
121121
652256
522225
391193
627726
769967
731137
616616
434434
929929
175571
102201
889988
819918
677776
265562
171171
672276
659956
270072
847748
814418
902209
238832
668866
698896
843348
632236
967769
715517
927729
455554
519915
770077
528825
281182
491194
337733
113311
759957
410014
590095
162261
122221
551155
557755
875578
375573
285582
942249
653356
394493
603306
398893
714417
517715
291192
997799
320023
691196
647746
946649
497794
252252
515515
324423
778877
234432
778877
471174
202202
504405
726627
719917
291192
101101
708807
580085
663366
728827
365563
844448
331133
476674
641146
905509
913319
494494
784487
161161
753357
318813
556655
326623
574475
772277
209902
747747
729927
802208
128821
348843
139931
530035
822228
755557
393393
224422
442244
903309
292292
613316
872278
806608
701107
358853
962269
758857
965569
151151
373373
363363
834438
182281
177771
111111
203302
307703
213312
805508
858858
163361
530035
873378
878878
870078
761167
409904
205502
402204
620026
929929
956659
700007
935539
168861
347743
590095
321123
211112
784487
583385
681186
972279
733337
669966
333333
660066
725527
302203
876678
876678
924429
803308
708807
302203
766667
148841
596695
928829
349943
150051
613316
747747
813318
301103
192291
571175
242242
917719
606606
227722
133331
828828
288882
997799
525525
136631
813318
878878
590095
366663
761167
146641
508805
596695
383383
733337
548845
327723
222222
284482
796697
536635
521125
120021
607706
469964
144441
169961
225522
350053
772277
886688
205502
235532
651156
274472
493394
384483
474474
133331
282282
658856
150051
734437
120021
481184
784487
257752
543345
692296
858858
213312
227722
474474
584485
122221
764467
720027
275572
907709
466664
551155
634436
736637
816618
550055
426624
886688
105501
226622
546645
946649
469964
515515
285582
539935
618816
171171
343343
382283
279972
194491
264462
894498
262262
168861
798897
664466
582285
391193
378873
808808
662266
671176
252252
512215
337733
631136
479974
354453
598895
853358
278872
659956
595595
426624
125521
241142
690096
313313
146641
575575
944449
451154
606606
206602
903309
762267
653356
921129
811118
721127
826628
314413
913319
567765
601106
196691
165561
841148
379973
925529
992299
603306
376673
885588
276672
744447
681186
318813
984489
677776
537735
408804
228822
615516
482284
984489
623326
619916
372273
964469
487784
694496
471174
432234
770077
542245
148841
512215
314413
174471
911119
328823
329923
797797
135531
373373
981189
330033
978879
363363
479974
395593
282282
442244
369963
107701
281182
115511
268862
634436
823328
468864
837738
561165
503305
515515
858858
642246
831138
876678
600006
346643
554455
855558
958859
645546
776677
173371
692296
738837
553355
432234
758857
611116
332233
377773
742247
363363
339933
591195
865568
268862
590095
775577
822228
757757
226622
873378
363363
214412
833338
234432
249942
239932
904409
699996
442244
207702
164461
894498
135531
214412
919919
451154
285582
737737
775577
315513
704407
174471
587785
517715
115511
594495
941149
748847
399993
162261
971179
526625
131131
236632
628826
158851
626626
357753
822228
521125
227722
163361
430034
803308
524425
988889
812218
665566
604406
904409
708807
656656
242242
292292
434434
897798
122221
280082
204402
812218
661166
935539
551155
742247
986689
341143
251152
840048
734437
901109
686686
624426
897798
513315
685586
743347
691196
908809
306603
306603
751157
134431
933339
271172
550055
556655
222222
494494
145541
188881
546645
127721
397793
704407
857758
221122
127721
312213
468864
261162
442244
592295
770077
593395
102201
238832
839938
977779
934439
665566
670076
341143
305503
470074
808808
860068
466664
229922
791197
909909
354453
613316
862268
882288
268862
724427
167761
148841
727727
140041
700007
565565
236632
427724
944449
653356
801108
632236
330033
926629
859958
582285
498894
906609
638836
923329
818818
174471
359953
426624
118811
279972
563365
170071
857758
912219
938839
879978
495594
817718
732237
203302
164461
920029
335533
902209
191191
841148
104401
285582
182281
885588
495594
564465
830038
635536
480084
174471
750057
401104
963369
102201
757757
296692
745547
244442
813318
605506
535535
625526
936639
257752
591195
255552
352253
363363
771177
302203
676676
187781
354453
357753
382283
762267
658856
413314
328823
213312
319913
132231
883388
607706
437734
102201
985589
796697
862268
549945
829928
615516
756657
324423
923329
221122
725527
842248
849948
312213
341143
698896
610016
158851
818818
505505
833338
938839
112211
774477
592295
414414
396693
805508
596695
412214
841148
617716
381183
442244
491194
564465
848848
685586
488884
525525
115511
197791
505505
548845
634436
445544
194491
565565
261162
423324
903309
951159
573375
408804
880088
501105
391193
325523
651156
807708
407704
807708
892298
716617
225522
473374
735537
505505
141141
386683
695596
162261
318813
583385
147741
288882
907709
955559
647746
706607
987789
929929
171171
114411
728827
231132
164461
232232
748847
877778
462264
852258
263362
251152
185581
604406
913319
784487
108801
411114
752257
657756
850058
447744
218812
909909
347743
551155
328823
227722
357753
810018
921129
474474
231132
811118
505505
897798
282282
417714
694496
128821
374473
278872
775577
106601
986689
990099
799997
133331
397793
725527
866668
885588
954459
266662
888888
422224
827728
601106
440044
683386
322223
204402
101101
433334
978879
176671
424424
941149
973379
