132
546273
808624
713406
270749
804173
702153
444227
397733
958603
128855
471744
441934
630275
670624
172834
987735
905875
348902
592892
106738
715678
544470
660015
767449
463587
747725
684171
370439
178507
109510
294543
777626
977852
918756
774284
404739
888171
818329
592136
325831
375790
121681
840254
313270
749199
814526
451714
955173
782685
440064
244418
477130
534461
831504
239880
974228
190461
710506
769661
549700
325161
901685
492168
375435
573623
828945
990579
990402
138716
842747
952462
988192
638114
695583
901645
509724
869745
451963
415788
406879
337737
694508
319891
247140
439762
495192
955317
290704
146987
695383
857170
522024
891679
433662
617789
369619
433461
917097
416183
399117
787206
456005
248666
664772
630538
682327
704082
755603
369451
217196
422149
157977
311931
252894
495636
192341
503394
928288
704217
427648
190287
297511
195344
292967
996143
814261
579155
428612
312092
176386
436829
524664
