898898
731137
625526
734437
337733
648846
766667
786687
999999
902209
883388
682286
493394
375573
933339
286682
858858
508805
214412
876678
563365
793397
314413
271172
873378
214412
418814
584485
102201
976679
972279
637736
893398
993399
370073
185581
202202
125521
582285
185581
706607
502205
586685
781187
173371
123321
856658
915519
262262
846648
906609
274472
120021
509905
805508
448844
311113
383383
143341
803308
893398
244442
786687
638836
388883
733337
334433
493394
516615
816618
112211
964469
179971
600006
489984
123321
180081
697796
822228
316613
592295
169961
471174
894498
682286
753357
942249
861168
467764
540045
581185
972279
145541
294492
272272
711117
716617
275572
352253
174471
101101
413314
275572
747747
624426
448844
277772
631136
190091
112211
825528
461164
573375
609906
797797
517715
881188
128821
311113
362263
121121
624426
865568
441144
455554
174471
655556
861168
452254
533335
404404
421124
782287
463364
820028
354453
457754
857758
587785
154451
981189
698896
302203
863368
152251
247742
902209
251152
708807
164461
713317
788887
341143
253352
206602
248842
332233
295592
387783
845548
755557
241142
516615
586685
595595
302203
299992
383383
848848
218812
852258
351153
966669
977779
147741
242242
937739
218812
333333
883388
526625
114411
211112
248842
338833
494494
624426
860068
330033
965569
127721
401104
783387
587785
108801
311113
713317
577775
570075
738837
485584
138831
887788
485584
514415
587785
784487
371173
806608
885588
372273
812218
201102
865568
984489
103301
232232
897798
949949
823328
647746
496694
235532
176671
581185
831138
161161
688886
154451
726627
145541
201102
449944
642246
765567
347743
373373
423324
185581
242242
847748
577775
848848
995599
904409
701107
177771
540045
127721
487784
394493
275572
532235
978879
654456
296692
758857
417714
117711
635536
618816
802208
461164
156651
996699
576675
661166
602206
691196
184481
211112
817718
334433
762267
975579
841148
305503
662266
710017
765567
383383
744447
188881
983389
428824
388883
500005
853358
393393
458854
548845
636636
423324
684486
901109
524425
704407
367763
387783
103301
204402
175571
158851
684486
384483
430034
463364
465564
761167
118811
624426
867768
625526
105501
958859
521125
706607
191191
454454
128821
237732
223322
624426
553355
592295
784487
821128
817718
518815
282282
941149
933339
663366
145541
320023
336633
431134
108801
962269
176671
570075
805508
707707
282282
773377
585585
857758
616616
114411
836638
687786
703307
955559
923329
950059
218812
967769
374473
432234
115511
101101
262262
405504
985589
970079
179971
364463
782287
956659
256652
521125
779977
447744
333333
449944
144441
422224
539935
584485
913319
441144
746647
113311
434434
276672
127721
952259
732237
278872
274472
327723
461164
484484
987789
564465
996699
715517
465564
556655
972279
840048
423324
473374
536635
665566
284482
754457
365563
873378
344443
470074
352253
207702
923329
174471
445544
493394
558855
162261
845548
307703
799997
743347
549945
963369
669966
419914
271172
479974
274472
374473
183381
773377
677776
254452
946649
802208
113311
712217
239932
526625
283382
360063
976679
537735
460064
959959
645546
949949
287782
597795
915519
511115
773377
471174
483384
106601
642246
636636
864468
231132
193391
482284
531135
837738
577775
411114
602206
256652
564465
696696
608806
303303
726627
741147
296692
859958
863368
704407
652256
971179
323323
690096
734437
270072
162261
818818
731137
248842
934439
168861
798897
372273
870078
473374
784487
604406
510015
815518
895598
762267
815518
534435
612216
451154
220022
588885
394493
754457
290092
555555
785587
212212
658856
596695
902209
498894
672276
462264
938839
948849
460064
191191
975579
817718
315513
674476
938839
688886
985589
773377
536635
599995
570075
540045
976679
846648
544445
819918
115511
947749
369963
928829
899998
202202
359953
724427
132231
116611
127721
586685
238832
379973
632236
872278
371173
500005
269962
400004
450054
202202
277772
632236
683386
792297
374473
416614
704407
517715
596695
521125
311113
467764
565565
276672
296692
526625
584485
833338
519915
485584
621126
417714
269962
941149
482284
698896
695596
146641
473374
259952
303303
143341
824428
291192
206602
623326
982289
363363
583385
680086
604406
335533
423324
483384
207702
908809
456654
949949
139931
832238
631136
853358
455554
355553
604406
338833
774477
843348
293392
577775
374473
831138
351153
914419
558855
296692
414414
307703
130031
215512
693396
686686
978879
770077
944449
867768
902209
850058
421124
313313
315513
470074
735537
535535
847748
566665
256652
871178
614416
137731
141141
181181
261162
974479
496694
261162
279972
541145
893398
681186
645546
785587
310013
434434
176671
442244
297792
476674
440044
132231
656656
455554
802208
876678
203302
864468
328823
470074
182281
972279
744447
643346
556655
422224
927729
925529
837738
914419
537735
911119
474474
386683
158851
787787
641146
932239
394493
874478
563365
747747
888888
475574
851158
539935
308803
387783
318813
528825
500005
384483
721127
814418
821128
891198
662266
645546
477774
719917
891198
719917
897798
455554
437734
225522
987789
874478
558855
828828
185581
350053
907709
793397
805508
178871
564465
323323
838838
282282
413314
515515
537735
388883
786687
539935
759957
446644
546645
165561
360063
917719
327723
480084
244442
676676
175571
504405
408804
703307
466664
372273
191191
604406
422224
964469
277772
883388
441144
713317
907709
112211
821128
790097
906609
381183
414414
782287
966669
260062
973379
763367
705507
783387
254452
532235
616616
164461
147741
222222
676676
201102
727727
337733
293392
384483
866668
142241
135531
155551
292292
421124
504405
161161
104401
447744
518815
348843
967769
881188
333333
741147
336633
703307
547745
355553
782287
772277
301103
471174
245542
641146
258852
785587
207702
944449
515515
844448
743347
913319
713317
748847
611116
111111
379973
468864
435534
246642
293392
211112
928829
541145
484484
205502
377773
446644
936639
173371
922229
475574
606606
859958
144441
942249
724427
807708
188881
641146
664466
355553
636636
282282
459954
220022
870078
870078
994499
174471
688886
820028
749947
631136
724427
473374
360063
223322
209902
761167
492294
168861
584485
325523
664466
230032
204402
905509
907709
948849
517715
364463
707707
593395
216612
891198
795597
481184
120021
926629
604406
719917
155551
607706
267762
583385
433334
868868
546645
766667
426624
928829
237732
404404
418814
655556
422224
895598
266662
236632
336633
953359
988889
159951
304403
860068
294492
396693
584485
581185
571175
491194
220022
695596
358853
379973
308803
988889
389983
386683
724427
630036
835538
237732
956659
528825
465564
904409
266662
407704
971179
830038
813318
608806
434434
259952
546645
925529
374473
358853
301103
590095
392293
296692
322223
271172
534435
233332
264462
263362
155551
321123
336633
257752
251152
363363
894498
544445
989989
275572
974479
616616
109901
461164
993399
393393
869968
197791
352253
459954
457754
442244
465564
642246
708807
467764
287782
213312
652256
977779
635536
770077
634436
