93
402985
735440
954087
629867
555820
905201
161904
121795
677605
672497
373671
567767
545611
629831
127792
807087
727805
758169
500122
483502
523790
492410
367830
136287
128301
541005
581907
552814
967407
149191
977880
363539
617211
126099
501917
847529
464306
916399
720742
609756
180986
994739
499996
521121
332805
537298
975818
480383
507842
250680
575665
705291
341504
893684
542440
251443
824858
894352
257044
750896
692548
328443
472128
389182
654161
828039
107897
410439
490974
889262
140841
971611
311102
482575
384334
959132
804834
389047
701173
104310
863364
846267
831032
148204
781009
263330
875090
231021
693490
189247
191739
859526
763317
