546645
808808
713317
271172
804408
702207
444444
397793
958859
128821
472274
442244
630036
670076
173371
987789
905509
348843
593395
106601
715517
544445
660066
767767
463364
747747
684486
370073
178871
109901
294492
777777
977779
918819
774477
404404
887788
818818
592295
325523
375573
122221
840048
313313
748847
814418
452254
955559
782287
440044
244442
476674
534435
831138
239932
974479
190091
710017
769967
549945
325523
902209
492294
375573
573375
828828
990099
990099
138831
842248
952259
987789
637736
695596
901109
509905
869968
452254
415514
406604
337733
694496
319913
246642
439934
495594
955559
291192
146641
695596
856658
522225
891198
433334
617716
369963
433334
916619
416614
398893
786687
455554
248842
664466
630036
682286
704407
755557
369963
217712
422224
157751
312213
253352
495594
192291
503305
928829
704407
427724
190091
297792
195591
293392
995599
814418
578875
428824
312213
176671
436634
524425
