1000 999 100
13 529 20 543 573 69 581 585 591 80 86 626 628 116 630 631 632 635 125 638 648 649 141 654 657 147 661 663 664 154 671 163 169 170 171 175 181 192 202 723 215 217 731 232 751 759 252 765 770 773 269 786 792 798 290 297 302 818 314 838 844 845 336 340 856 858 347 352 359 874 362 365 366 372 886 377 894 905 395 398 913 914 416 931 932 421 425 946 442 959 448 457 466 981 992 993 999 494 498 506
0 1 351653122
1 2 500659698
2 3 589428643
3 4 537496892
4 5 300508849
5 6 212282407
6 7 702237759
7 8 484785719
8 9 405298589
9 10 315824969
10 11 873918917
11 12 659026498
12 13 130768737
13 14 107027568
14 15 832669604
15 16 649106776
16 17 142639614
17 18 963127145
18 19 559301692
19 20 764223997
20 21 638373614
21 22 719850195
22 23 370266393
23 24 981225806
24 25 255066898
25 26 883459185
26 27 863108925
27 28 883452275
28 29 334517733
29 30 937745327
30 31 1489697
31 32 496286634
32 33 924187672
33 34 178080778
34 35 452316304
35 36 670962694
36 37 132864147
37 38 68581079
38 39 807040169
39 40 341973727
40 41 591931071
41 42 98225415
42 43 410428658
43 44 528585120
44 45 175166579
45 46 635226214
46 47 385877362
47 48 798388382
48 49 938849106
49 50 890699323
50 51 826637876
51 52 259689525
52 53 312105633
53 54 355872322
54 55 871801864
55 56 192264996
56 57 237291394
57 58 381094411
58 59 772084170
59 60 212654815
60 61 375120334
61 62 828006911
62 63 569265745
63 64 244692616
64 65 360059327
65 66 220731698
66 67 133099030
67 68 297108692
68 69 576565842
69 70 200512258
70 71 364299124
71 72 560695828
72 73 788896243
73 74 132725762
74 75 173148190
75 76 84384835
76 77 209660796
77 78 339162139
78 79 492991117
79 80 393415017
80 81 655776643
81 82 256163478
82 83 349623102
83 84 298671355
84 85 723552507
85 86 666712964
86 87 64135042
87 88 701209714
88 89 543743450
89 90 126021048
90 91 720625160
91 92 603069866
92 93 334713384
93 94 823388544
94 95 448490194
95 96 610026359
96 97 45473371
97 98 630827886
98 99 202357422
99 100 733724163
100 101 607699502
101 102 909233117
102 103 512777914
103 104 828241573
104 105 848301048
105 106 315038542
106 107 796473729
107 108 474904773
108 109 597203809
109 110 406413178
110 111 119971942
111 112 645187478
112 113 831733829
113 114 391937737
114 115 873953238
115 116 634629868
116 117 924888278
117 118 342531177
118 119 486378547
119 120 195108720
120 121 841930126
121 122 173364678
122 123 580158590
123 124 541724385
124 125 889736
125 126 389606958
126 127 383312291
127 128 823640520
128 129 678301678
129 130 387399515
130 131 675091944
131 132 640657187
132 133 477024274
133 134 672999467
134 135 716535991
135 136 972374427
136 137 787351246
137 138 103261700
138 139 796107971
139 140 896783392
140 141 541929155
141 142 896863205
142 143 614024503
143 144 560727481
144 145 503144762
145 146 496035995
146 147 177936639
147 148 546899684
148 149 160187620
149 150 664180862
150 151 171540944
151 152 685617673
152 153 506204891
153 154 862435650
154 155 377694440
155 156 299150985
156 157 520243868
157 158 626532879
158 159 380251254
159 160 127915529
160 161 579960698
161 162 812952713
162 163 595085924
163 164 356975440
164 165 231655475
165 166 953037529
166 167 42536979
167 168 557039370
168 169 208021423
169 170 268803508
170 171 799334170
171 172 216171042
172 173 27864336
173 174 528224937
174 175 680069332
175 176 401873085
176 177 468673844
177 178 368466221
178 179 189085991
179 180 775610746
180 181 81199063
181 182 927069309
182 183 273399290
183 184 294031276
184 185 786378916
185 186 690840809
186 187 151909801
187 188 770244735
188 189 435734919
189 190 314890859
190 191 316164238
191 192 531852539
192 193 965395342
193 194 926893484
194 195 330274159
195 196 451701666
196 197 443915503
197 198 245504860
198 199 669435000
199 200 808807351
200 201 466555383
201 202 441992438
202 203 633437282
203 204 157839411
204 205 125782317
205 206 614351286
206 207 296858473
207 208 803532659
208 209 400611768
209 210 854216526
210 211 99237180
211 212 127228609
212 213 128580756
213 214 443967659
214 215 331486948
215 216 145630283
216 217 967589549
217 218 214368648
218 219 487086330
219 220 101031194
220 221 762825968
221 222 338268741
222 223 162504846
223 224 148382444
224 225 414428197
225 226 699713621
226 227 615951238
227 228 251168839
228 229 676128618
229 230 835652328
230 231 843799379
231 232 315113583
232 233 23681925
233 234 384663226
234 235 240854199
235 236 104648333
236 237 810971073
237 238 551940560
238 239 910628434
239 240 561974794
240 241 242024182
241 242 172475994
242 243 328529390
243 244 387126909
244 245 234808409
245 246 332281299
246 247 869889059
247 248 120802651
248 249 451016564
249 250 99006755
250 251 775319382
251 252 890200548
252 253 928748381
253 254 333265823
254 255 292999982
255 256 225977230
256 257 740159424
257 258 972639247
258 259 674369334
259 260 139026409
260 261 314344626
261 262 501044118
262 263 344090539
263 264 662852164
264 265 706114837
265 266 468447064
266 267 722157263
267 268 987352808
268 269 552453244
269 270 560988564
270 271 304460589
271 272 380642438
272 273 808897464
273 274 316030540
274 275 172115835
275 276 420601935
276 277 110854091
277 278 274328330
278 279 601182045
279 280 102344509
280 281 661958218
281 282 884528797
282 283 177911320
283 284 647529061
284 285 714617020
285 286 959069096
286 287 861028372
287 288 44378307
288 289 609134985
289 290 699733100
290 291 201970250
291 292 184608721
292 293 836377557
293 294 95294567
294 295 615459446
295 296 224804152
296 297 226716495
297 298 374426581
298 299 779794408
299 300 468805250
300 301 103031769
301 302 13650833
302 303 714528068
303 304 834687569
304 305 593761319
305 306 247760980
306 307 245595651
307 308 278501169
308 309 599029861
309 310 30410660
310 311 348744762
311 312 397872857
312 313 965941260
313 314 689819129
314 315 650351826
315 316 130753808
316 317 261271853
317 318 133900511
318 319 476921802
319 320 220849171
320 321 861192942
321 322 290531773
322 323 148336714
323 324 299309544
324 325 895775167
325 326 994290426
326 327 463608045
327 328 380320669
328 329 359443243
329 330 120489762
330 331 212470036
331 332 203474509
332 333 3046098
333 334 154144219
334 335 138726741
335 336 853853091
336 337 502570593
337 338 806331153
338 339 754771873
339 340 318787173
340 341 925638177
341 342 510861691
342 343 832781222
343 344 377556640
344 345 672647491
345 346 382127420
346 347 535194893
347 348 986932239
348 349 826897704
349 350 748738589
350 351 800167826
351 352 232543220
352 353 319686071
353 354 639309989
354 355 360263630
355 356 917248194
356 357 219825425
357 358 980785095
358 359 418674801
359 360 646606608
360 361 908826076
361 362 487970414
362 363 959005374
363 364 247695519
364 365 927087242
365 366 843453225
366 367 346182400
367 368 952471376
368 369 807960368
369 370 863525436
370 371 67366137
371 372 159513630
372 373 246286502
373 374 433132831
374 375 97364787
375 376 429518282
376 377 257389186
377 378 739781991
378 379 182840462
379 380 198551943
380 381 692295190
381 382 423379670
382 383 659683249
383 384 996367950
384 385 209081035
385 386 310802985
386 387 893734962
387 388 390280103
388 389 91602050
389 390 542529308
390 391 937704658
391 392 834013613
392 393 645307872
393 394 892292094
394 395 739946534
395 396 809361679
396 397 18651473
397 398 424006336
398 399 158479010
399 400 107788808
400 401 249747491
401 402 248612769
402 403 311125377
403 404 792317286
404 405 689487567
405 406 378352697
406 407 787156133
407 408 329613034
408 409 95631858
409 410 854079156
410 411 99842198
411 412 660926208
412 413 843362261
413 414 403315561
414 415 633109456
415 416 660828477
416 417 837936126
417 418 415678177
418 419 490297654
419 420 112819157
420 421 100685566
421 422 721560941
422 423 950350329
423 424 828837959
424 425 862207710
425 426 669516931
426 427 487892683
427 428 252028630
428 429 847609278
429 430 881121217
430 431 406287203
431 432 827036030
432 433 999558375
433 434 529929872
434 435 571968307
435 436 434734917
436 437 239114018
437 438 978247157
438 439 813795550
439 440 244053065
440 441 399485832
441 442 524091405
442 443 807529700
443 444 64926925
444 445 763912536
445 446 828620783
446 447 481220551
447 448 882207297
448 449 497808611
449 450 66969046
450 451 912254186
451 452 745601733
452 453 972359183
453 454 396984610
454 455 725570306
455 456 75861145
456 457 350452765
457 458 934544121
458 459 499123784
459 460 263002743
460 461 767526434
461 462 146844574
462 463 210359422
463 464 413504921
464 465 157658675
465 466 207351343
466 467 803162664
467 468 653281987
468 469 623680734
469 470 985266546
470 471 70438636
471 472 596236113
472 473 726053753
473 474 769842623
474 475 224966442
475 476 488569892
476 477 889339440
477 478 258223529
478 479 753009316
479 480 116476673
480 481 605740855
481 482 20251462
482 483 859106983
483 484 684592458
484 485 488117808
485 486 498144517
486 487 144105510
487 488 725040248
488 489 159569853
489 490 895316919
490 491 876920600
491 492 592305190
492 493 826698944
493 494 564650901
494 495 181074216
495 496 231057096
496 497 682381406
497 498 189505320
498 499 472603684
499 500 341841663
500 501 666585358
501 502 284458045
502 503 129535563
503 504 895324268
504 505 691105184
505 506 142799400
506 507 395463680
507 508 749322758
508 509 591435992
509 510 920360197
510 511 673939191
511 512 384667515
512 513 249594712
513 514 747290754
514 515 664850573
515 516 125245106
516 517 685240017
517 518 555754914
518 519 576064028
519 520 991867818
520 521 689914063
521 522 148419234
522 523 524732492
523 524 219563535
524 525 615024747
525 526 358185987
526 527 678222889
527 528 668069162
528 529 657242418
529 530 799323529
530 531 737954840
531 532 415986890
532 533 622049007
533 534 40610769
534 535 970706096
535 536 328782330
536 537 226790805
537 538 932034138
538 539 707813429
539 540 470415746
540 541 700381274
541 542 256258377
542 543 331493144
543 544 25969972
544 545 139355017
545 546 510230373
546 547 710925366
547 548 952481053
548 549 254621215
549 550 113716686
550 551 491916693
551 552 647021659
552 553 701576576
553 554 853251961
554 555 599937135
555 556 275852609
556 557 961839915
557 558 945148180
558 559 726404398
559 560 12310575
560 561 388509690
561 562 27935820
562 563 807416111
563 564 173235374
564 565 658216409
565 566 744429683
566 567 476899882
567 568 968306846
568 569 638708770
569 570 87113857
570 571 562922592
571 572 212319220
572 573 339259589
573 574 190274784
574 575 295508872
575 576 697485372
576 577 742160449
577 578 871622039
578 579 42826671
579 580 209377055
580 581 968819118
581 582 515725142
582 583 6059561
583 584 373835485
584 585 41851663
585 586 12213912
586 587 923673440
587 588 145731907
588 589 714161167
589 590 825851530
590 591 689513010
591 592 550239297
592 593 199560743
593 594 341721642
594 595 672105073
595 596 561699451
596 597 996132189
597 598 782856673
598 599 24853351
599 600 394770925
600 601 514845676
601 602 42513770
602 603 393024168
603 604 454780722
604 605 943783104
605 606 64839522
606 607 624660639
607 608 93291956
608 609 53839775
609 610 963209788
610 611 587717078
611 612 284545857
612 613 62546496
613 614 806934029
614 615 662355470
615 616 523865605
616 617 794664160
617 618 892862768
618 619 835364102
619 620 909769312
620 621 518762566
621 622 432009239
622 623 482505183
623 624 471326596
624 625 701433961
625 626 657399635
626 627 394953750
627 628 999842190
628 629 243061211
629 630 345522949
630 631 124390513
631 632 911985840
632 633 101342086
633 634 212456910
634 635 228817520
635 636 675696004
636 637 857204130
637 638 814958788
638 639 555761426
639 640 825697417
640 641 408184079
641 642 593675319
642 643 936294508
643 644 771587291
644 645 194644859
645 646 739674225
646 647 341175903
647 648 85831286
648 649 804567264
649 650 708276540
650 651 5020394
651 652 275291761
652 653 890855885
653 654 93311688
654 655 170042660
655 656 621074278
656 657 948838778
657 658 222389700
658 659 938273973
659 660 878623649
660 661 999320778
661 662 773359080
662 663 328800587
663 664 580043758
664 665 368255292
665 666 61471509
666 667 619944870
667 668 837788292
668 669 348669499
669 670 286752481
670 671 417846016
671 672 187338161
672 673 653112402
673 674 609617078
674 675 712675315
675 676 905289468
676 677 717213334
677 678 867614202
678 679 14380332
679 680 315535625
680 681 460664838
681 682 906547265
682 683 239420013
683 684 493954923
684 685 795400808
685 686 106670055
686 687 228138308
687 688 35870223
688 689 887822318
689 690 384296604
690 691 260415135
691 692 348639632
692 693 778513259
693 694 750823522
694 695 587347069
695 696 318529343
696 697 996928120
697 698 631913714
698 699 58358805
699 700 212652938
700 701 99138343
701 702 399679540
702 703 397102928
703 704 524928132
704 705 979100788
705 706 173801089
706 707 992104155
707 708 511384750
708 709 157596380
709 710 227034596
710 711 196028080
711 712 852584946
712 713 45395592
713 714 766171133
714 715 720887315
715 716 310979690
716 717 511791050
717 718 554232930
718 719 584423228
719 720 791137618
720 721 876586643
721 722 545546768
722 723 734945422
723 724 687703386
724 725 499533360
725 726 154050643
726 727 420362859
727 728 70197200
728 729 911383538
729 730 397512667
730 731 276608202
731 732 457519960
732 733 199098428
733 734 140952993
734 735 159322538
735 736 581270969
736 737 387470693
737 738 853584310
738 739 839534166
739 740 712587512
740 741 487786890
741 742 533781909
742 743 483096677
743 744 722186685
744 745 357711301
745 746 549861535
746 747 155777598
747 748 389623867
748 749 530801323
749 750 889314580
750 751 599291386
751 752 343239610
752 753 889643969
753 754 448826748
754 755 345510155
755 756 133876686
756 757 886484941
757 758 568384813
758 759 606123089
759 760 814500667
760 761 664886725
761 762 636998126
762 763 202784584
763 764 264653257
764 765 528469481
765 766 402297600
766 767 219860710
767 768 45084771
768 769 169166326
769 770 101136637
770 771 578585440
771 772 696610749
772 773 795904701
773 774 304549998
774 775 538949380
775 776 931548451
776 777 470968278
777 778 201587403
778 779 162844907
779 780 572787444
780 781 635927504
781 782 773500077
782 783 141158552
783 784 399145247
784 785 733350407
785 786 922504595
786 787 106105850
787 788 861051679
788 789 506902698
789 790 274711467
790 791 6850174
791 792 427678030
792 793 817458187
793 794 716747203
794 795 792178005
795 796 231677508
796 797 361210677
797 798 536610328
798 799 212358511
799 800 98137415
800 801 463953472
801 802 848036566
802 803 96563937
803 804 711975404
804 805 823619934
805 806 827459721
806 807 464804298
807 808 860857568
808 809 975063290
809 810 234779493
810 811 261058434
811 812 603481317
812 813 453767783
813 814 828887148
814 815 388390211
815 816 774727351
816 817 927229209
817 818 834149952
818 819 297783710
819 820 132301034
820 821 338462207
821 822 816511069
822 823 703548060
823 824 332485943
824 825 161808342
825 826 377265693
826 827 360334696
827 828 630928110
828 829 90073464
829 830 27984060
830 831 544124890
831 832 870478164
832 833 208558425
833 834 660236846
834 835 681637064
835 836 247413454
836 837 847211190
837 838 405869333
838 839 785346342
839 840 314369780
840 841 320600098
841 842 38538311
842 843 633779775
843 844 669955995
844 845 926232071
845 846 569358745
846 847 573926403
847 848 332567024
848 849 322726613
849 850 542003836
850 851 679533076
851 852 247973202
852 853 795248651
853 854 368948976
854 855 50751470
855 856 132415376
856 857 611774062
857 858 243478870
858 859 363547115
859 860 192645054
860 861 584254823
861 862 122747636
862 863 702669017
863 864 593322959
864 865 815045544
865 866 936805572
866 867 740316829
867 868 648281835
868 869 442768150
869 870 346698127
870 871 705862883
871 872 282114559
872 873 494966692
873 874 585161965
874 875 335467379
875 876 936453370
876 877 809877908
877 878 602805856
878 879 131158063
879 880 280464172
880 881 826433253
881 882 487114651
882 883 393795891
883 884 547526704
884 885 295135056
885 886 182053550
886 887 388253768
887 888 683343379
888 889 258966763
889 890 927506981
890 891 565092158
891 892 188623231
892 893 5207180
893 894 809406193
894 895 362055073
895 896 260411466
896 897 727505733
897 898 410611058
898 899 806219919
899 900 945598339
900 901 209629971
901 902 448005697
902 903 181460773
903 904 245574080
904 905 317869725
905 906 848109387
906 907 368002462
907 908 787101653
908 909 283755976
909 910 533848211
910 911 943861674
911 912 808309862
912 913 474339122
913 914 734164014
914 915 734267732
915 916 121484034
916 917 381533940
917 918 905007109
918 919 578028404
919 920 350260527
920 921 243025934
921 922 738155477
922 923 157326937
923 924 979868526
924 925 59761808
925 926 891928199
926 927 848581045
927 928 489934851
928 929 219646052
929 930 446440614
930 931 769752278
931 932 146522249
932 933 475786714
933 934 25590918
934 935 989305183
935 936 366670372
936 937 806887692
937 938 47089216
938 939 60000600
939 940 427547906
940 941 836849542
941 942 860321963
942 943 850195373
943 944 790963394
944 945 685143262
945 946 468876468
946 947 92580317
947 948 402371852
948 949 630905828
949 950 811606668
950 951 900965626
951 952 558825957
952 953 592220515
953 954 744636501
954 955 469698793
955 956 488936029
956 957 958892101
957 958 702396668
958 959 36398114
959 960 776291489
960 961 947019639
961 962 703204061
962 963 810676958
963 964 835828937
964 965 89882538
965 966 190141724
966 967 691747589
967 968 797403367
968 969 573213787
969 970 981778770
970 971 33417112
971 972 880207224
972 973 644459510
973 974 700316805
974 975 51141667
975 976 539294913
976 977 163310573
977 978 619113223
978 979 509602242
979 980 884570119
980 981 628194755
981 982 456741226
982 983 115381429
983 984 198628290
984 985 274608925
985 986 463357983
986 987 439838739
987 988 740245985
988 989 548018037
989 990 563272979
990 991 66816599
991 992 37514941
992 993 640936581
993 994 160975115
994 995 885717140
995 996 213717636
996 997 157575514
997 998 807997436
998 999 294915962
