1000 999 300
512 513 2 514 7 11 525 526 15 529 530 531 532 23 536 26 27 28 29 30 543 542 32 540 35 548 37 38 33 556 45 44 559 48 50 566 567 55 56 58 60 573 62 575 67 582 71 75 76 591 80 593 594 83 81 596 86 597 88 600 603 92 94 96 608 98 611 101 102 613 105 107 621 624 113 114 628 629 122 635 124 126 127 129 643 132 138 141 653 144 657 145 146 660 148 150 666 154 668 156 159 673 676 678 679 166 680 682 172 173 684 687 176 178 181 183 696 697 187 189 704 192 195 710 200 712 204 717 718 207 208 721 719 724 212 728 729 219 733 221 223 738 739 741 231 749 751 239 756 247 250 764 765 252 766 257 261 774 263 264 265 783 784 786 787 276 790 793 282 284 798 802 291 805 294 297 811 299 814 815 304 305 306 308 824 313 826 317 831 832 833 320 835 836 326 327 328 842 330 335 336 337 849 341 342 348 349 351 352 353 865 867 356 355 870 357 360 871 358 361 364 877 878 879 365 368 370 366 371 373 375 888 377 378 889 893 894 384 387 900 389 902 903 905 909 397 401 916 917 919 920 407 412 926 927 415 414 930 419 932 422 423 934 424 938 427 428 429 431 434 435 436 437 951 954 444 958 959 960 964 462 975 464 979 468 981 470 472 985 473 476 478 991 990 479 483 485 997 503 507
0 732 544508
0 948 874765
0 255 845353
0 686 653537
1 673 309787
3 642 571037
3 52 910806
3 817 896756
3 966 278801
3 321 694066
4 919 59018
5 958 787337
8 284 922980
9 451 535943
9 640 547165
9 664 968687
12 335 169120
12 870 180208
14 342 180385
14 231 355859
16 368 655889
16 351 855507
18 175 485342
18 445 635083
18 999 899938
20 348 741677
21 781 972313
24 141 410211
28 184 211502
36 946 946974
38 148 391767
39 389 921292
39 878 273955
40 390 858312
40 118 101896
41 565 554435
41 99 103091
43 97 297911
43 120 804972
43 581 335238
43 104 764661
43 722 723028
45 384 436670
46 808 477859
46 676 975414
49 272 131191
49 788 563391
49 179 115145
49 977 818679
51 364 878488
52 918 365029
52 508 561004
52 939 745271
54 201 883271
54 799 716121
58 729 763865
59 181 142305
63 793 618825
64 615 450455
64 156 695824
65 595 746307
65 150 773735
66 768 114658
68 901 570937
68 809 144083
70 177 981814
70 79 631896
70 798 834115
74 261 129653
75 888 136498
77 345 308268
77 163 577903
78 845 353355
78 10 95289
78 998 699231
78 397 505322
80 959 766677
80 431 355918
82 543 537978
83 997 784206
84 3 28602
84 538 118818
84 758 359544
84 770 456300
84 383 807252
84 59 106733
84 762 98082
85 822 373618
85 92 41375
87 196 893327
87 717 364504
89 139 840222
89 760 821761
89 312 984161
89 19 361449
89 623 923649
89 302 744593
90 542 480807
91 700 177427
93 631 987044
93 401 209537
97 693 882345
97 585 726300
97 505 354061
97 587 200388
100 795 769271
104 737 353020
106 755 808394
106 333 488961
109 864 194753
110 952 677699
110 666 75646
110 705 262147
111 621 338739
112 7 802246
117 814 460240
119 404 192071
119 318 68060
119 552 784955
128 886 264925
130 386 499056
133 720 94977
133 380 173005
136 369 520708
136 46 564228
137 57 31366
142 783 583856
145 510 252626
147 839 459854
147 627 515122
147 304 101089
148 719 907756
149 546 908984
149 394 985272
151 439 967728
151 811 269166
152 271 85921
152 457 703710
152 223 792923
153 218 796479
155 650 783567
155 331 148238
155 912 946422
155 660 106472
160 244 61391
160 385 535804
162 657 194114
167 300 979842
167 116 507536
167 101 77026
169 133 616356
169 407 316989
169 88 533316
170 41 564021
170 992 168195
170 654 991042
170 606 337898
171 921 337458
172 629 150780
175 202 381945
175 437 775795
175 653 967319
177 917 925984
179 713 862167
179 620 63498
180 887 77256
186 62 969582
187 176 61898
188 624 799748
189 367 230434
190 69 369216
191 824 439468
197 443 738463
197 773 48861
198 309 157450
199 363 259702
201 446 816428
201 925 612859
201 503 478966
202 411 832672
202 929 298621
202 44 501518
204 98 339889
205 459 597499
205 593 829411
205 905 824301
206 142 298258
206 961 215237
209 13 725472
210 816 197500
210 485 879204
211 913 62903
211 425 779914
211 212 209216
213 405 199670
214 791 226709
214 299 396176
217 723 959180
217 470 35122
218 392 331959
220 245 816824
222 167 571873
222 797 350480
222 285 616622
222 692 865231
224 972 467649
224 738 833778
225 243 43121
225 915 817070
226 140 487216
226 635 558881
227 674 738371
229 647 819745
229 81 192948
230 702 615392
230 108 336732
232 900 302416
232 594 459962
234 78 294190
236 734 433740
236 687 447672
237 190 198440
237 449 477219
238 322 410094
238 580 449913
238 182 957839
238 794 671120
240 417 79001
242 662 161264
242 208 878570
243 114 85488
245 746 676437
245 733 675158
245 475 481570
246 269 767943
248 854 447636
249 592 151547
249 74 956375
249 554 48845
251 844 202865
251 672 266666
253 688 13671
254 823 235823
255 279 468614
255 396 667812
255 663 614245
255 474 844242
255 550 996947
255 275 872572
256 183 727230
258 188 538819
258 253 956657
258 927 141164
259 703 840203
259 630 488462
259 338 366675
259 569 689035
259 482 321876
259 35 217342
260 984 841488
260 214 974235
263 48 798663
264 682 658125
264 33 623645
266 555 350587
266 492 616127
266 945 294121
267 282 812444
268 125 414452
268 596 728718
269 496 556547
272 110 366611
272 291 814569
272 473 106637
274 316 577788
274 72 161010
277 294 130602
278 211 179115
278 47 714892
279 430 926095
279 191 475690
279 256 461528
279 426 589157
279 843 592097
279 250 127217
279 871 675783
280 372 558772
280 509 241711
285 892 314769
287 95 884997
288 789 64406
288 129 887497
289 357 991010
292 301 369168
293 64 750541
293 278 898945
293 471 674724
296 77 567886
296 969 672014
296 359 180844
296 526 203036
301 893 729287
301 424 800093
304 573 94390
307 399 952427
309 765 202771
310 730 602904
311 216 76988
314 787 516324
314 235 859266
318 962 632932
319 56 105185
322 185 978953
322 39 986456
322 815 865280
322 536 330489
325 365 309469
326 166 645646
334 73 541149
334 20 14962
334 852 317346
334 472 147427
335 790 891336
335 76 552330
338 121 187743
338 254 475001
338 422 762161
338 144 106432
340 427 152976
343 290 240854
343 742 72642
343 22 552857
343 355 546679
344 197 103317
344 856 510711
345 134 423625
345 933 743631
345 215 489859
346 922 684134
346 172 325974
349 126 94662
355 371 920121
356 387 73451
359 567 103218
359 168 242290
369 102 481622
372 539 368704
372 295 852151
376 423 177087
379 410 730056
381 904 834716
382 170 891202
382 557 638383
382 616 188624
382 741 567987
383 498 628216
383 535 974542
383 207 458582
385 356 456334
385 428 468825
386 772 505576
386 239 97260
390 194 688259
391 500 567703
392 786 340880
396 691 82874
396 520 192870
396 743 433500
397 667 859211
399 745 719005
399 605 85969
399 521 591329
402 353 804940
402 221 246431
403 258 606761
403 198 706143
403 242 379481
403 418 404605
403 94 887701
405 516 494767
406 827 888028
411 807 263313
412 159 678604
413 714 352588
413 859 701426
413 558 139036
413 292 214949
413 577 953917
416 860 194293
416 252 976373
417 718 185619
420 728 525543
421 884 28896
421 229 205179
423 704 895895
426 117 980513
430 343 179476
430 963 23284
430 813 977190
432 448 87673
432 293 652433
432 382 440281
432 873 383113
432 85 985968
432 744 733391
432 1 882397
432 736 895134
432 756 146647
432 32 200759
433 716 798767
433 447 45485
433 830 840389
433 989 223165
438 517 372208
438 804 12933
439 678 46691
440 659 913827
441 617 848318
444 540 101555
445 551 638238
446 778 76322
446 89 12671
446 645 606844
446 489 13475
447 455 684486
447 750 192349
447 907 366158
447 934 575157
448 458 256064
448 210 369121
448 341 511232
449 45 560542
450 30 574561
450 478 166353
450 938 169816
451 495 700433
451 90 460526
451 400 122044
451 566 67425
453 151 496587
453 161 294277
454 971 8482
454 836 360246
455 622 187054
455 564 839585
455 515 413275
455 421 754895
456 982 955588
457 589 914809
458 467 273029
458 453 385708
458 607 417162
458 562 760239
458 721 639955
463 924 393927
465 694 977574
465 727 546248
466 146 517644
467 506 774940
467 209 59385
467 6 158466
467 24 105375
469 381 51256
469 940 187219
469 454 688081
469 444 799516
472 766 924537
474 413 512208
474 853 825500
481 848 794899
482 479 341896
483 462 228796
483 358 729570
486 655 42017
486 840 206960
486 450 956249
486 981 37556
487 63 382926
487 511 989470
488 865 851901
489 55 247519
491 771 554324
492 143 217402
493 847 767005
495 590 380491
495 841 143984
496 528 301335
496 288 697549
496 842 658944
497 618 986586
498 87 118088
500 779 10829
501 408 122861
502 583 812815
506 289 123919
506 524 203463
506 990 313190
508 346 981770
508 5 514413
508 37 625350
512 71 13211
512 464 512354
515 832 356015
515 764 520560
520 237 821406
520 780 270750
520 93 789906
520 767 868331
521 531 466289
524 438 975738
524 926 110660
524 317 261609
524 530 228444
527 690 36714
527 726 809993
527 712 931118
534 899 141247
534 240 343367
535 874 569908
535 96 584208
538 234 687883
538 326 322112
538 366 642985
541 681 837777
541 993 254994
543 122 913210
544 757 168187
546 130 592485
547 582 356698
548 173 555972
549 267 906610
550 636 148413
552 26 948229
552 476 268133
553 820 40605
555 821 316312
555 896 352523
557 420 703137
558 180 853208
558 725 65863
558 23 844344
559 591 414102
560 469 875523
560 441 593982
560 58 768618
561 752 550801
564 715 919476
564 499 492148
569 632 585783
569 199 908896
570 932 374449
571 310 629013
571 465 459693
574 16 766914
577 513 991166
578 340 109350
578 315 270734
578 761 533515
580 8 193808
580 701 713151
580 40 882189
580 305 976210
581 777 514605
583 916 455246
584 850 435904
584 775 430593
584 463 710502
585 203 113591
586 991 7986
589 875 21921
590 599 821114
590 740 787
590 402 890984
592 494 385196
592 930 807450
595 665 190189
598 200 876041
599 391 153602
599 31 842796
599 523 313484
599 25 641431
604 323 902468
605 429 937672
606 514 854263
607 689 485398
607 868 663000
607 415 414257
607 710 858840
610 801 587222
610 226 676573
610 501 934327
610 806 946516
612 603 959297
614 332 495356
614 162 603821
615 529 214889
616 370 36445
620 731 702947
620 325 545415
620 658 333444
620 298 256086
620 602 708959
622 9 343802
622 626 420059
622 486 654434
622 960 377226
622 15 359059
622 684 690566
623 609 879896
623 324 400222
626 2 339872
627 195 266247
631 17 594738
632 549 446868
634 103 442402
636 136 814089
636 169 134136
636 270 843678
637 124 24715
638 889 381500
640 466 178450
640 395 273651
640 442 382991
642 571 533003
642 953 194483
642 954 758317
643 34 127151
645 885 153422
645 680 620138
648 633 179998
648 135 883573
649 881 2220
649 412 769060
650 861 476414
651 983 174340
651 949 200012
651 747 90959
651 661 352879
651 598 319799
651 749 11630
654 68 935910
654 776 524034
654 586 602996
655 153 761695
655 937 261736
655 28 704727
658 27 352640
661 21 802209
661 65 966956
662 556 923567
663 409 758513
663 656 470976
663 416 410708
666 361 558952
669 759 866103
670 942 520714
670 70 285877
670 265 79471
671 518 528052
672 504 265239
672 376 784137
672 328 310272
674 872 870853
674 911 594026
675 951 979845
677 579 52638
677 436 55864
685 147 208366
685 544 959776
685 812 316811
685 113 453371
685 739 594795
686 863 303289
686 249 200261
686 611 121936
687 628 327730
689 910 41599
689 213 833642
690 829 825205
690 18 77645
691 54 369003
691 560 350863
691 171 566880
691 944 814022
693 753 495211
695 232 869414
698 251 313698
698 648 856823
698 708 824471
698 388 82900
698 4 446897
699 877 28355
699 377 963708
700 534 940643
700 42 483493
700 612 935853
700 281 996850
700 327 192533
700 826 868033
702 553 201856
703 614 478799
703 683 969233
704 697 523604
704 38 535630
706 186 310163
706 796 361880
706 319 94941
707 677 455611
707 12 322182
708 205 672565
708 862 634046
709 576 872174
709 575 530777
711 578 674130
711 537 716542
713 287 496644
714 706 97758
716 403 310603
716 527 735644
716 461 158098
716 222 519636
716 825 297366
716 563 898582
720 858 46138
720 784 418665
725 724 604531
725 831 975021
725 835 40789
726 14 473181
726 274 813101
726 260 678301
726 931 751734
726 497 516773
729 802 865495
730 354 215081
731 908 631442
732 84 114071
732 828 450731
732 685 293536
732 651 706649
732 206 477459
732 53 747420
732 601 302025
732 670 655883
732 224 225807
736 330 679004
740 941 528111
742 955 763537
743 480 174374
745 189 50689
746 846 125254
747 91 981527
747 883 937691
747 519 644558
750 610 894616
750 897 878331
750 866 832962
750 541 505617
750 452 426165
751 67 354329
752 375 581198
753 138 956328
754 339 333385
754 644 913322
755 974 758752
755 460 864060
755 507 663177
756 613 808583
757 638 578239
757 548 199109
758 810 560623
758 980 481993
758 311 22064
760 502 82856
760 782 574796
762 347 673034
762 373 929165
762 154 75477
763 894 676022
768 132 60584
769 165 379532
770 246 666735
770 106 443744
770 484 175161
771 976 290613
772 306 588709
773 545 845702
777 604 56039
777 107 443894
778 947 373161
778 600 800593
779 105 581752
785 219 322487
787 986 996334
788 66 114438
790 178 905098
791 902 509511
792 561 803712
792 923 46958
795 276 882601
796 247 596518
797 671 554602
799 257 496178
801 280 426133
803 698 665654
803 995 199571
803 266 991651
803 491 933297
803 751 868188
807 532 848452
807 320 65917
808 763 976658
809 890 303036
810 155 655722
810 329 176364
817 525 484122
818 296 41096
818 994 486314
818 572 819535
818 641 191052
819 711 840695
821 584 44013
821 273 437687
828 803 834490
828 818 835387
829 968 87346
829 838 823393
829 61 337330
829 313 229506
830 43 779526
830 152 473253
830 675 464290
830 115 538424
834 433 267297
834 895 324623
834 619 884904
834 649 981450
837 303 751117
837 996 327739
839 230 987355
839 344 159466
839 754 830341
839 914 814608
839 60 497180
841 109 734216
841 127 469556
843 979 721434
844 149 908930
844 967 453068
844 123 25786
844 637 131313
844 174 471882
845 559 254724
847 435 241712
847 855 314208
848 51 755232
849 187 354089
851 378 852857
851 419 316560
856 898 475025
856 493 901192
856 264 461197
859 487 280760
859 477 911553
863 277 829812
863 241 115268
863 308 198798
864 920 794536
864 204 716303
866 379 148865
866 236 851146
868 928 157339
869 857 473846
869 906 883220
875 805 975623
876 352 154789
877 360 97569
879 86 86363
880 481 257414
880 943 309051
882 679 487787
884 336 270763
887 867 782682
888 29 208028
892 695 661197
892 851 859205
892 964 931612
893 83 781451
895 406 920380
895 217 97249
895 483 625114
896 157 109523
897 625 435293
897 950 854543
897 973 80242
898 488 185111
898 490 360748
899 349 655882
904 350 14231
904 735 986913
906 393 275765
906 597 645025
907 268 273468
907 164 694007
907 956 28008
907 800 464166
907 588 271252
907 879 23521
907 696 948202
910 220 84270
910 970 412298
910 709 694467
912 646 863945
912 193 592138
913 748 322202
918 652 336082
918 283 341256
918 262 400999
923 228 167004
924 568 624243
924 985 104455
924 414 24762
925 137 794965
925 314 94517
925 248 117545
925 468 624654
926 337 47898
926 608 499262
928 128 76678
928 233 109971
928 440 731390
931 547 382412
931 286 847615
931 50 44365
933 398 464694
935 987 538727
936 668 174353
936 643 152453
939 965 110656
939 903 887169
940 82 411715
942 374 434780
943 512 199015
944 362 504988
944 882 875602
945 111 243627
947 145 769132
948 432 877683
948 259 366533
948 834 260219
948 238 165641
948 49 531254
948 792 221134
949 334 27028
949 533 27838
955 11 108952
956 819 64556
957 131 264819
959 192 956275
963 160 394602
963 634 415720
965 75 417164
966 158 113939
966 297 487041
967 100 182017
967 837 118450
967 769 564475
967 434 108449
968 456 209527
968 935 26907
968 225 287951
969 80 340067
970 639 203769
972 112 98025
972 774 527251
974 669 950662
974 785 624988
978 957 298773
978 36 918372
983 880 634132
983 227 519058
983 988 404664
984 570 823849
984 936 449779
989 119 121799
989 574 583505
989 975 934263
991 909 663294
992 307 72639
993 833 274017
993 263 179928
993 849 978090
994 699 264411
995 707 347453
995 869 375448
995 978 641360
995 876 844393
999 522 910611
999 891 932296
