1000 999 299
512 2 516 517 4 7 8 5 521 523 12 525 14 15 529 530 531 20 533 534 22 532 27 541 30 31 543 32 546 36 552 553 44 557 46 49 562 564 54 570 63 64 65 68 581 582 71 580 588 77 78 594 595 84 85 86 598 602 603 91 605 608 96 98 612 616 617 619 621 110 627 116 117 631 634 122 637 641 643 646 134 139 140 653 143 145 146 658 148 662 663 664 151 154 155 666 667 670 671 162 674 680 171 683 685 686 689 178 179 182 183 694 695 696 699 700 189 190 196 198 199 201 714 203 204 717 207 218 731 733 222 734 224 737 736 739 223 231 232 745 746 747 237 751 239 243 246 759 248 763 253 766 255 257 258 771 263 265 778 266 781 271 787 276 280 281 282 792 796 797 798 285 800 288 795 293 806 295 294 809 805 297 301 302 816 305 310 822 824 312 313 830 320 321 834 833 837 839 840 331 333 850 338 343 856 855 859 863 864 351 354 355 867 869 357 359 352 361 872 363 876 878 369 882 885 374 375 893 896 387 902 903 392 906 908 397 396 399 912 400 913 402 917 921 409 923 412 925 926 415 416 928 931 420 932 422 935 936 425 938 941 942 943 431 432 947 948 437 439 951 953 442 451 964 459 462 466 469 982 983 472 985 986 989 478 990 482 999 488 489 490 492 493 497 500 501 504 505 511
0 1 159331780
1 2 565355279
2 3 561266292
3 4 738300185
4 5 995675948
5 6 728955447
6 7 338682441
7 8 446485026
8 9 650903735
9 10 273860103
10 11 929080433
11 12 557926849
12 13 805909728
13 14 910812599
14 15 422362502
15 16 49984202
16 17 53803047
17 18 685901623
18 19 627834827
19 20 532214516
20 21 88951046
21 22 861636162
22 23 700771039
23 24 847622295
24 25 445928113
25 26 792247181
26 27 164209073
27 28 390358833
28 29 559738483
29 30 235642452
30 31 238958723
31 32 858796144
32 33 150328317
33 34 777991082
34 35 881965422
35 36 571364982
36 37 468750115
37 38 646954679
38 39 620489289
39 40 303741432
40 41 105759332
41 42 722504061
42 43 272995754
43 44 623393436
44 45 117860212
45 46 681216221
46 47 454449167
47 48 962357246
48 49 170363769
49 50 999214880
50 51 613862580
51 52 204195367
52 53 476342179
53 54 665556886
54 55 986964452
55 56 442143912
56 57 137735755
57 58 380414014
58 59 176702802
59 60 890174898
60 61 491022070
61 62 854123012
62 63 95185678
63 64 249576642
64 65 289991161
65 66 168499243
66 67 45564237
67 68 303106256
68 69 169800791
69 70 879284921
70 71 124751279
71 72 357272870
72 73 878112253
73 74 906207567
74 75 288062077
75 76 64557756
76 77 15697398
77 78 346087778
78 79 104539985
79 80 621671755
80 81 807063957
81 82 46771922
82 83 767931210
83 84 518523026
84 85 150693837
85 86 721733058
86 87 890001653
87 88 83345591
88 89 292281745
89 90 485972938
90 91 555386048
91 92 894009593
92 93 576695298
93 94 310617501
94 95 568120777
95 96 897733676
96 97 219982593
97 98 84257298
98 99 763846076
99 100 943475489
100 101 374809507
101 102 978052862
102 103 582677645
103 104 750666539
104 105 948430211
105 106 887650161
106 107 197932951
107 108 870651450
108 109 176173430
109 110 758905416
110 111 134718162
111 112 884758690
112 113 836546312
113 114 587574118
114 115 777761711
115 116 575716234
116 117 440195408
117 118 917595626
118 119 594313559
119 120 901158724
120 121 947165738
121 122 490657153
122 123 284346754
123 124 882801357
124 125 976214595
125 126 335339116
126 127 931297295
127 128 192220447
128 129 197554862
129 130 472111410
130 131 949887894
131 132 750936776
132 133 768599141
133 134 798698528
134 135 200821525
135 136 86389600
136 137 139567500
137 138 782465130
138 139 35635692
139 140 41435931
140 141 329739123
141 142 800038494
142 143 34439913
143 144 662667193
144 145 450391327
145 146 360780445
146 147 400777179
147 148 453324765
148 149 761891636
149 150 701158124
150 151 434199050
151 152 571038071
152 153 406613031
153 154 868291428
154 155 57311837
155 156 428397133
156 157 521856199
157 158 434812485
158 159 703565400
159 160 612417950
160 161 697947083
161 162 479131992
162 163 976698277
163 164 743253723
164 165 214160768
165 166 430377326
166 167 62221186
167 168 450013955
168 169 102179681
169 170 599787750
170 171 243183638
171 172 329970893
172 173 602769557
173 174 855807667
174 175 601340580
175 176 902695389
176 177 684613253
177 178 340160205
178 179 261336768
179 180 397578677
180 181 999059675
181 182 861264333
182 183 724398974
183 184 954669632
184 185 607611145
185 186 962790169
186 187 686330371
187 188 914203296
188 189 108946533
189 190 275584950
190 191 778784741
191 192 783238269
192 193 501344568
193 194 546129766
194 195 833234582
195 196 919681377
196 197 682450690
197 198 428742392
198 199 781341868
199 200 132025037
200 201 336378038
201 202 220366395
202 203 272830474
203 204 167694453
204 205 582592393
205 206 502789299
206 207 320826215
207 208 629390138
208 209 200449599
209 210 776414273
210 211 222569922
211 212 903710816
212 213 201840603
213 214 668061289
214 215 371777546
215 216 710448474
216 217 416778120
217 218 489591032
218 219 206997867
219 220 724325703
220 221 514093442
221 222 625113730
222 223 191874723
223 224 716987010
224 225 916927092
225 226 284417902
226 227 87281245
227 228 166065796
228 229 39345059
229 230 74523135
230 231 231447921
231 232 357807322
232 233 30631189
233 234 282308967
234 235 149546179
235 236 747673057
236 237 20133517
237 238 95939380
238 239 417051590
239 240 163423716
240 241 944488357
241 242 260124896
242 243 552356157
243 244 286301108
244 245 337268934
245 246 807631962
246 247 584937301
247 248 622573376
248 249 551583030
249 250 509885959
250 251 824579063
251 252 479100706
252 253 171507714
253 254 991385576
254 255 53891179
255 256 494520017
256 257 585080278
257 258 579167345
258 259 420320150
259 260 120676932
260 261 376650660
261 262 980904742
262 263 156407946
263 264 315786329
264 265 137923732
265 266 418642065
266 267 423424553
267 268 25753602
268 269 740760971
269 270 904190173
270 271 677538955
271 272 356581865
272 273 897375597
273 274 225892805
274 275 22775743
275 276 315571596
276 277 613769254
277 278 643897341
278 279 48560478
279 280 838755641
280 281 672000807
281 282 744142419
282 283 690446133
283 284 506701584
284 285 321295671
285 286 820915091
286 287 644080603
287 288 718088489
288 289 665745855
289 290 583388405
290 291 934766386
291 292 695412719
292 293 138918619
293 294 250186639
294 295 267567225
295 296 748122424
296 297 101423760
297 298 599479245
298 299 10295614
299 300 207222245
300 301 963217654
301 302 651847526
302 303 875987179
303 304 814829483
304 305 721139981
305 306 76041678
306 307 721600694
307 308 961729287
308 309 798996998
309 310 421977637
310 311 361865323
311 312 391266020
312 313 477418879
313 314 410917075
314 315 703254132
315 316 564158852
316 317 256315292
317 318 877975078
318 319 698570257
319 320 185833691
320 321 353524936
321 322 411077559
322 323 948297248
323 324 268793624
324 325 660012540
325 326 160079522
326 327 110798710
327 328 601442453
328 329 115047129
329 330 8716883
330 331 967634052
331 332 372572888
332 333 878272499
333 334 273263999
334 335 610717803
335 336 304137838
336 337 717566969
337 338 969097875
338 339 505330791
339 340 267251491
340 341 614326882
341 342 965878528
342 343 871761341
343 344 137145330
344 345 602820634
345 346 625761839
346 347 36171461
347 348 166603615
348 349 999481954
349 350 921541206
350 351 264140545
351 352 91382147
352 353 357624668
353 354 549489693
354 355 492509736
355 356 750210239
356 357 60074923
357 358 96430970
358 359 465395987
359 360 868667381
360 361 415353169
361 362 974218639
362 363 975896382
363 364 457469644
364 365 254913148
365 366 461823513
366 367 98098061
367 368 172327249
368 369 965875247
369 370 702359193
370 371 213956282
371 372 510197302
372 373 614935846
373 374 204216653
374 375 328268068
375 376 696654826
376 377 512634133
377 378 406184144
378 379 279053323
379 380 299994910
380 381 577470328
381 382 788358980
382 383 210228721
383 384 535268969
384 385 258490652
385 386 181314076
386 387 639893473
387 388 606756753
388 389 942360376
389 390 308574520
390 391 402755919
391 392 183647202
392 393 161283655
393 394 337318260
394 395 912585891
395 396 117734387
396 397 429067513
397 398 176676944
398 399 57455604
399 400 710638003
400 401 261464434
401 402 732337406
402 403 181240301
403 404 846025621
404 405 72191610
405 406 153108099
406 407 921228823
407 408 595416856
408 409 103264329
409 410 901049872
410 411 518299873
411 412 51923630
412 413 593188092
413 414 430669785
414 415 623498227
415 416 140539555
416 417 984299520
417 418 778830285
418 419 208788833
419 420 7212127
420 421 748060846
421 422 252842742
422 423 2405075
423 424 406152432
424 425 781103529
425 426 185493983
426 427 841542832
427 428 928328508
428 429 721352367
429 430 740844609
430 431 267592668
431 432 446161385
432 433 930497726
433 434 169167509
434 435 315882162
435 436 396253054
436 437 254151967
437 438 440189389
438 439 637528033
439 440 685104167
440 441 304563141
441 442 832478563
442 443 163817741
443 444 301490478
444 445 71185930
445 446 84756400
446 447 721614361
447 448 683932768
448 449 989850738
449 450 897411427
450 451 520599782
451 452 907031017
452 453 232853706
453 454 48825427
454 455 201493349
455 456 128163012
456 457 161509790
457 458 477398638
458 459 361345797
459 460 193832290
460 461 950985781
461 462 197041450
462 463 545838695
463 464 418668062
464 465 722436054
465 466 94209940
466 467 927433332
467 468 992515883
468 469 927017031
469 470 491026401
470 471 898081741
471 472 624869282
472 473 972833356
473 474 792724617
474 475 348896018
475 476 729530081
476 477 626720982
477 478 184765369
478 479 952879719
479 480 913545603
480 481 125095171
481 482 878670655
482 483 920149728
483 484 938683753
484 485 205681950
485 486 648730817
486 487 692991646
487 488 241455551
488 489 395924078
489 490 681734136
490 491 794905921
491 492 246893710
492 493 729050522
493 494 945016881
494 495 119818886
495 496 385774362
496 497 226533248
497 498 988378124
498 499 207241076
499 500 275489258
500 501 965767727
501 502 343146524
502 503 483124759
503 504 305772328
504 505 141071061
505 506 589817333
506 507 810231814
507 508 536284238
508 509 245103832
509 510 34086252
510 511 33666500
511 512 535823666
512 513 332543578
513 514 902977957
514 515 264237433
515 516 26477332
516 517 140128249
517 518 126265657
518 519 258199539
519 520 638906628
520 521 210290577
521 522 435276133
522 523 356296604
523 524 761679421
524 525 300773929
525 526 949371708
526 527 821271918
527 528 434955940
528 529 551911396
529 530 160648130
530 531 817475614
531 532 842742229
532 533 8804051
533 534 236546275
534 535 84012024
535 536 789286700
536 537 557604644
537 538 188617669
538 539 902689361
539 540 934493663
540 541 477677144
541 542 359726162
542 543 327713502
543 544 547215705
544 545 336453843
545 546 280866599
546 547 979841558
547 548 480231903
548 549 306828313
549 550 620625501
550 551 978602357
551 552 992953301
552 553 100851332
553 554 135853514
554 555 539931201
555 556 476547524
556 557 58677888
557 558 570095076
558 559 397807972
559 560 580987700
560 561 146196951
561 562 605027674
562 563 444922625
563 564 249267929
564 565 171102520
565 566 244847171
566 567 440758716
567 568 782873862
568 569 164213695
569 570 521993512
570 571 960838922
571 572 472137516
572 573 361107305
573 574 728656508
574 575 310008615
575 576 597042072
576 577 988526821
577 578 401721459
578 579 161589429
579 580 771200115
580 581 335141174
581 582 324226399
582 583 796065130
583 584 686410796
584 585 495815804
585 586 759281294
586 587 994677089
587 588 200095907
588 589 995940413
589 590 715879002
590 591 558321074
591 592 470667032
592 593 394257731
593 594 210993878
594 595 863270314
595 596 613688807
596 597 692705840
597 598 942632822
598 599 297084336
599 600 877556177
600 601 930960637
601 602 554272934
602 603 947956330
603 604 825464450
604 605 570126101
605 606 441611708
606 607 428916591
607 608 356502512
608 609 458905179
609 610 940517252
610 611 259918393
611 612 403559878
612 613 426972733
613 614 274717517
614 615 230768226
615 616 968845659
616 617 588694932
617 618 174275068
618 619 182728157
619 620 791287603
620 621 67033727
621 622 119828043
622 623 91733336
623 624 505257733
624 625 967201021
625 626 480691034
626 627 613042167
627 628 587363180
628 629 663294164
629 630 601818403
630 631 731424835
631 632 639022287
632 633 183421115
633 634 525068285
634 635 540225755
635 636 150084993
636 637 371478319
637 638 299878821
638 639 656349704
639 640 424164832
640 641 205547370
641 642 53668446
642 643 89232093
643 644 812335631
644 645 472074988
645 646 460118474
646 647 642648388
647 648 381349033
648 649 90199410
649 650 330115371
650 651 724715225
651 652 991438211
652 653 865318870
653 654 390764172
654 655 430854436
655 656 499477042
656 657 759798906
657 658 142270115
658 659 904243039
659 660 134748642
660 661 454283569
661 662 609023794
662 663 780096811
663 664 483452567
664 665 315428648
665 666 616015400
666 667 24817123
667 668 694823477
668 669 615619215
669 670 601959512
670 671 732513981
671 672 850241711
672 673 186407843
673 674 792357138
674 675 700173367
675 676 359307680
676 677 859593697
677 678 707746770
678 679 217141348
679 680 807147105
680 681 294900196
681 682 692833818
682 683 478452978
683 684 390866857
684 685 333761772
685 686 344072463
686 687 804143050
687 688 934882388
688 689 291247961
689 690 277972331
690 691 61525016
691 692 663905192
692 693 763234877
693 694 23940797
694 695 205289430
695 696 453109779
696 697 24356888
697 698 758481889
698 699 501499464
699 700 315721140
700 701 527459599
701 702 261513637
702 703 477176616
703 704 853712484
704 705 545120480
705 706 884081213
706 707 760063318
707 708 182265550
708 709 553235075
709 710 408583164
710 711 729841393
711 712 813353535
712 713 551247302
713 714 176135445
714 715 768271021
715 716 106987684
716 717 626178756
717 718 722446541
718 719 194395587
719 720 395032358
720 721 818255046
721 722 507032381
722 723 649252351
723 724 270431374
724 725 383144804
725 726 394468759
726 727 22717
727 728 112195877
728 729 364121067
729 730 526151744
730 731 670047112
731 732 692930791
732 733 544849603
733 734 290034588
734 735 508527204
735 736 937019670
736 737 457059566
737 738 140346417
738 739 58044190
739 740 28321743
740 741 519991431
741 742 89558526
742 743 152155607
743 744 811880027
744 745 174164611
745 746 175839283
746 747 576943573
747 748 512339545
748 749 235006383
749 750 309242463
750 751 509684736
751 752 406740569
752 753 439834801
753 754 919649034
754 755 300281275
755 756 480418947
756 757 838627476
757 758 489919303
758 759 976320773
759 760 189562720
760 761 129438050
761 762 64968585
762 763 569281803
763 764 880791826
764 765 774473757
765 766 893157101
766 767 798743089
767 768 349880044
768 769 242358841
769 770 1600475
770 771 504223757
771 772 91861660
772 773 304522433
773 774 232356444
774 775 495424177
775 776 366963709
776 777 727829662
777 778 553926343
778 779 249886657
779 780 897715382
780 781 247938862
781 782 705216593
782 783 698026890
783 784 868800614
784 785 673625593
785 786 585432884
786 787 726780344
787 788 541880880
788 789 392632142
789 790 128945816
790 791 349177346
791 792 177932613
792 793 665852922
793 794 223294211
794 795 802544731
795 796 802544444
796 797 472011770
797 798 53829450
798 799 905803223
799 800 878385182
800 801 408450632
801 802 469201656
802 803 29559201
803 804 140239207
804 805 172560868
805 806 530379901
806 807 752069123
807 808 985334937
808 809 685660729
809 810 17150508
810 811 453880397
811 812 976031426
812 813 907016649
813 814 616107890
814 815 292196669
815 816 614438581
816 817 502199967
817 818 95366513
818 819 268501173
819 820 780945703
820 821 25914537
821 822 916640240
822 823 729279582
823 824 891667178
824 825 58996402
825 826 236332031
826 827 344356470
827 828 368281977
828 829 338436948
829 830 44428225
830 831 216580620
831 832 476980448
832 833 650596671
833 834 780246140
834 835 975257493
835 836 96919194
836 837 334182582
837 838 615652637
838 839 172503968
839 840 768708050
840 841 54473938
841 842 33268038
842 843 944996861
843 844 719822102
844 845 993913946
845 846 875314973
846 847 646609356
847 848 454260442
848 849 115451133
849 850 407362419
850 851 920750021
851 852 284059961
852 853 506788470
853 854 322506949
854 855 593138934
855 856 420999330
856 857 192358678
857 858 674638094
858 859 623150496
859 860 448689458
860 861 604637524
861 862 876755173
862 863 346207487
863 864 592964851
864 865 300531862
865 866 799819463
866 867 32673050
867 868 769692872
868 869 284817469
869 870 152433203
870 871 305304208
871 872 444420280
872 873 450685643
873 874 456740137
874 875 475250200
875 876 89897699
876 877 209763931
877 878 456170878
878 879 910563634
879 880 22404821
880 881 646748718
881 882 142727780
882 883 786827146
883 884 938938718
884 885 244457750
885 886 824635957
886 887 609301264
887 888 762656902
888 889 560376109
889 890 465881944
890 891 759200301
891 892 315977480
892 893 419918336
893 894 958120476
894 895 250375643
895 896 945398127
896 897 315621809
897 898 5905219
898 899 114237138
899 900 634176953
900 901 725967725
901 902 563735049
902 903 243267246
903 904 756377789
904 905 101689459
905 906 948114587
906 907 94657956
907 908 463461416
908 909 607692204
909 910 3763991
910 911 302586874
911 912 826325503
912 913 403139987
913 914 877329162
914 915 941618807
915 916 593709397
916 917 224296668
917 918 350556718
918 919 321717499
919 920 69018872
920 921 972210465
921 922 167213015
922 923 184855718
923 924 692260257
924 925 802482397
925 926 395010409
926 927 71083204
927 928 651935989
928 929 121874704
929 930 131476620
930 931 224099465
931 932 428400155
932 933 544630890
933 934 365448275
934 935 386241503
935 936 626581072
936 937 428620327
937 938 592497240
938 939 544305767
939 940 117697430
940 941 970289065
941 942 487772008
942 943 616301521
943 944 336361490
944 945 750965161
945 946 701254122
946 947 485401977
947 948 907985825
948 949 803144845
949 950 968747786
950 951 117258960
951 952 695984308
952 953 358407652
953 954 828542163
954 955 12861337
955 956 897678443
956 957 881834154
957 958 929295555
958 959 623775054
959 960 714101470
960 961 391598050
961 962 430270210
962 963 371747819
963 964 261127957
964 965 443539569
965 966 385388690
966 967 34890051
967 968 75509581
968 969 430209260
969 970 708053427
970 971 348413040
971 972 81246554
972 973 398868760
973 974 291398332
974 975 69813394
975 976 594663136
976 977 4293269
977 978 941999180
978 979 12680012
979 980 547330308
980 981 490958960
981 982 899850874
982 983 299679126
983 984 616582192
984 985 775632649
985 986 286789514
986 987 618200028
987 988 805707680
988 989 448952198
989 990 830842805
990 991 291308142
991 992 79196743
992 993 424921884
993 994 47296093
994 995 763270608
995 996 348702783
996 997 196444014
997 998 180494663
998 999 997686437
