10 40 1
8
0 6 402932493
0 7 175806131
1 5 536625463
1 0 221684382
1 8 28735518
1 2 640767996
1 6 634238895
2 1 56797723
2 8 289705999
2 6 70342977
3 9 787861184
3 0 268953823
3 1 347893227
3 7 245470448
4 2 772348217
4 5 298541464
4 6 405502685
4 7 411022470
5 3 422625125
5 4 592401420
5 7 61376084
5 8 29963405
6 7 804303612
6 5 464342032
6 1 500979506
7 4 747476595
7 1 571169128
7 9 177385104
7 2 354469384
7 3 597064831
8 4 49600910
8 5 74650516
8 9 265740557
8 2 619752655
9 8 462024699
9 7 398327249
9 3 627003157
9 2 621045228
9 1 249705978
9 6 416711356
