1000 999 1
999
0 1 406676623
1 2 627085969
2 3 32463230
3 4 271211702
4 5 959224703
5 6 912002750
6 7 562038838
7 8 674065154
8 9 176873644
9 10 808575442
10 11 391053090
11 12 593171429
12 13 709496222
13 14 954082030
14 15 873906128
15 16 567566927
16 17 950636412
17 18 548048275
18 19 555047233
19 20 962409725
20 21 310635784
21 22 32025800
22 23 7132683
23 24 762779091
24 25 937548025
25 26 864476462
26 27 365089767
27 28 30609317
28 29 379198027
29 30 160987511
30 31 936521096
31 32 953667500
32 33 359831892
33 34 516263933
34 35 6492356
35 36 353059966
36 37 70066942
37 38 649556164
38 39 679630819
39 40 615926944
40 41 917617787
41 42 50948832
42 43 457192273
43 44 317248046
44 45 734955035
45 46 772649306
46 47 231385662
47 48 860148824
48 49 507288348
49 50 632442780
50 51 656799315
51 52 859725513
52 53 762984976
53 54 675938717
54 55 377968463
55 56 514961204
56 57 597606027
57 58 161566251
58 59 657509744
59 60 27523503
60 61 609598176
61 62 468104454
62 63 567682170
63 64 693927295
64 65 21913971
65 66 600183647
66 67 60459006
67 68 379271926
68 69 994294370
69 70 352265106
70 71 971425354
71 72 727424752
72 73 411152250
73 74 922035671
74 75 669044420
75 76 671957639
76 77 852677435
77 78 912489871
78 79 525951175
79 80 442470248
80 81 524931626
81 82 192498143
82 83 391026718
83 84 149973711
84 85 118044049
85 86 444876950
86 87 704127224
87 88 301151902
88 89 323219423
89 90 704318142
90 91 172156716
91 92 689931700
92 93 326638992
93 94 426046109
94 95 195923701
95 96 486879173
96 97 356916355
97 98 338184746
98 99 617908741
99 100 857880655
100 101 254372455
101 102 747986856
102 103 649739478
103 104 466567785
104 105 980612722
105 106 272641237
106 107 768711478
107 108 215481329
108 109 712144990
109 110 286315290
110 111 862007500
111 112 74638342
112 113 704688275
113 114 424259759
114 115 27204489
115 116 804578024
116 117 221532180
117 118 209391834
118 119 250445749
119 120 398212857
120 121 836622568
121 122 983455682
122 123 926605656
123 124 526710755
124 125 80847703
125 126 629249987
126 127 921981337
127 128 211456971
128 129 647316888
129 130 299336360
130 131 490594447
131 132 430708901
132 133 498349341
133 134 233479387
134 135 671122865
135 136 888775509
136 137 645678320
137 138 37943311
138 139 980046453
139 140 581548139
140 141 597617647
141 142 782635501
142 143 485925065
143 144 833027496
144 145 375924577
145 146 349454322
146 147 50989601
147 148 817431699
148 149 319975214
149 150 816890008
150 151 422289892
151 152 261758955
152 153 423132536
153 154 650036236
154 155 864242215
155 156 519057173
156 157 134940604
157 158 786680372
158 159 719786091
159 160 736843409
160 161 309504235
161 162 837488014
162 163 325266700
163 164 203052278
164 165 359622548
165 166 762483102
166 167 336930196
167 168 627524627
168 169 155090916
169 170 896254090
170 171 367177097
171 172 527720974
172 173 931207013
173 174 332889073
174 175 25709759
175 176 18247352
176 177 461668619
177 178 742017142
178 179 904576226
179 180 146993457
180 181 984644567
181 182 797345059
182 183 579672686
183 184 991349481
184 185 409376602
185 186 104620404
186 187 9127465
187 188 957986710
188 189 908146996
189 190 549805677
190 191 922540443
191 192 879319115
192 193 469270514
193 194 702519037
194 195 45799559
195 196 366887554
196 197 615148407
197 198 221640805
198 199 722067662
199 200 985899246
200 201 625939849
201 202 526986391
202 203 242803620
203 204 425980188
204 205 355020529
205 206 215071547
206 207 681388998
207 208 167887997
208 209 193831580
209 210 246592998
210 211 859521577
211 212 794942723
212 213 369846923
213 214 854264169
214 215 326914533
215 216 905377427
216 217 128251535
217 218 261193086
218 219 827495670
219 220 580886149
220 221 439623922
221 222 467042765
222 223 385239090
223 224 151975438
224 225 530030427
225 226 260277675
226 227 284170440
227 228 884742559
228 229 527996315
229 230 659909687
230 231 591415247
231 232 991403350
232 233 63843284
233 234 728856452
234 235 889364502
235 236 306432842
236 237 45980661
237 238 691023760
238 239 274855939
239 240 970892112
240 241 666395663
241 242 300524121
242 243 192195142
243 244 112098809
244 245 155970384
245 246 684014442
246 247 253476752
247 248 455386197
248 249 526174028
249 250 689245090
250 251 370073023
251 252 527477692
252 253 209386033
253 254 464122507
254 255 578210566
255 256 672254470
256 257 587279227
257 258 674061751
258 259 869566350
259 260 328617108
260 261 636766606
261 262 779887288
262 263 648680749
263 264 301187743
264 265 423762947
265 266 379368101
266 267 338666525
267 268 394255295
268 269 427256648
269 270 650732324
270 271 737971770
271 272 556399851
272 273 409488560
273 274 330702148
274 275 11392080
275 276 173337194
276 277 305160859
277 278 978395661
278 279 268525228
279 280 730088977
280 281 528099634
281 282 723600075
282 283 839393889
283 284 165247811
284 285 418928581
285 286 979970868
286 287 415924787
287 288 998249038
288 289 709521597
289 290 471245026
290 291 484596324
291 292 309352580
292 293 193550336
293 294 785149416
294 295 212319751
295 296 507469443
296 297 509150627
297 298 870613699
298 299 367638200
299 300 33753399
300 301 271064863
301 302 311788211
302 303 560203116
303 304 766814132
304 305 861358025
305 306 816756252
306 307 277937934
307 308 731960479
308 309 626497251
309 310 206083378
310 311 103599755
311 312 807222901
312 313 366105356
313 314 159595900
314 315 136577770
315 316 142922671
316 317 940755530
317 318 872722177
318 319 784127937
319 320 245961628
320 321 987260971
321 322 287821689
322 323 303541315
323 324 219335148
324 325 623924351
325 326 688365229
326 327 955505832
327 328 740291730
328 329 965117161
329 330 517983067
330 331 99347268
331 332 40638684
332 333 538673362
333 334 153849208
334 335 351333502
335 336 827136007
336 337 933835171
337 338 375136488
338 339 997006700
339 340 81088210
340 341 24444274
341 342 742813940
342 343 100029524
343 344 742268119
344 345 750044131
345 346 762525112
346 347 844038132
347 348 566032493
348 349 195396952
349 350 996792803
350 351 725410685
351 352 656107748
352 353 400779717
353 354 763319638
354 355 114334006
355 356 430439185
356 357 992007052
357 358 730326066
358 359 875561260
359 360 782130960
360 361 50944381
361 362 286448807
362 363 362564681
363 364 507192583
364 365 387883988
365 366 720247712
366 367 93073922
367 368 323204597
368 369 712519494
369 370 738608545
370 371 204430825
371 372 884875163
372 373 844001234
373 374 147740439
374 375 431660501
375 376 910667872
376 377 102932467
377 378 363851834
378 379 256895488
379 380 939337491
380 381 111074510
381 382 939976488
382 383 65310014
383 384 429728370
384 385 269244013
385 386 502260075
386 387 379825295
387 388 902166458
388 389 937188643
389 390 728945652
390 391 844693125
391 392 515693937
392 393 425535659
393 394 136811121
394 395 577145629
395 396 650005844
396 397 468690858
397 398 60147648
398 399 32217817
399 400 323131675
400 401 807213255
401 402 988244328
402 403 91981859
403 404 360987250
404 405 681023437
405 406 519560431
406 407 390654812
407 408 786808487
408 409 986226558
409 410 526304933
410 411 206936189
411 412 997219784
412 413 440263692
413 414 713600338
414 415 912569589
415 416 282508902
416 417 513553563
417 418 86992337
418 419 22787471
419 420 611582514
420 421 677338000
421 422 376832356
422 423 566947087
423 424 949286667
424 425 247363155
425 426 206379213
426 427 800232113
427 428 72640688
428 429 924015611
429 430 689906870
430 431 361794659
431 432 928474240
432 433 328564523
433 434 997009857
434 435 336150262
435 436 143474981
436 437 572271809
437 438 957342041
438 439 936749932
439 440 585525299
440 441 407864567
441 442 935978866
442 443 549816299
443 444 390277237
444 445 353498005
445 446 967581025
446 447 243711174
447 448 282634153
448 449 367172084
449 450 775542472
450 451 977227870
451 452 756698496
452 453 12598998
453 454 530390737
454 455 941907220
455 456 859035116
456 457 301584827
457 458 399111662
458 459 230444616
459 460 788850559
460 461 337712507
461 462 474383958
462 463 198216377
463 464 218598356
464 465 923844515
465 466 442202299
466 467 421968311
467 468 477876746
468 469 859979764
469 470 91691140
470 471 194729899
471 472 566172267
472 473 522517761
473 474 335954473
474 475 690295451
475 476 777059490
476 477 408446240
477 478 629766664
478 479 715135596
479 480 709455524
480 481 921938617
481 482 410626229
482 483 70668324
483 484 836743675
484 485 309036871
485 486 137793285
486 487 33625741
487 488 821882694
488 489 909316951
489 490 648168250
490 491 219761022
491 492 617078292
492 493 991756180
493 494 226867469
494 495 255789122
495 496 730852070
496 497 880674839
497 498 404189022
498 499 971297895
499 500 694213312
500 501 170374674
501 502 218167857
502 503 529837475
503 504 438114649
504 505 531593712
505 506 127645022
506 507 700515550
507 508 974064753
508 509 491090649
509 510 620170100
510 511 974882429
511 512 366399976
512 513 812885000
513 514 256459237
514 515 654792831
515 516 7414734
516 517 261294741
517 518 120172247
518 519 569255206
519 520 612401381
520 521 538263922
521 522 681930295
522 523 207241902
523 524 272041598
524 525 895246929
525 526 388972946
526 527 872058523
527 528 575001270
528 529 76566827
529 530 518439738
530 531 22941269
531 532 234908676
532 533 273770390
533 534 907501640
534 535 362484055
535 536 294765024
536 537 456793844
537 538 247933863
538 539 864764900
539 540 213040127
540 541 179999798
541 542 3082341
542 543 64926760
543 544 920778707
544 545 878712129
545 546 426704656
546 547 422972526
547 548 665187032
548 549 66344074
549 550 719394785
550 551 843356222
551 552 737077273
552 553 355893952
553 554 282278530
554 555 731953411
555 556 852002180
556 557 978843952
557 558 244381890
558 559 356533771
559 560 496790788
560 561 963056481
561 562 786166968
562 563 711130864
563 564 543118600
564 565 821306879
565 566 38240914
566 567 902021178
567 568 815625640
568 569 775745803
569 570 131604102
570 571 698773279
571 572 415063175
572 573 110534636
573 574 945397690
574 575 660893013
575 576 114795511
576 577 609700273
577 578 974843065
578 579 583277269
579 580 138209587
580 581 169551728
581 582 422512450
582 583 764403627
583 584 940345517
584 585 838459431
585 586 360039262
586 587 531271688
587 588 817340216
588 589 36745615
589 590 317565582
590 591 391765320
591 592 991502289
592 593 749652882
593 594 515669412
594 595 32983931
595 596 112060264
596 597 133296864
597 598 333215116
598 599 873609258
599 600 623370355
600 601 129610500
601 602 184924125
602 603 790037991
603 604 224355864
604 605 450090983
605 606 560454826
606 607 567955202
607 608 496801875
608 609 594931303
609 610 993847165
610 611 426978667
611 612 388839442
612 613 457770364
613 614 813076822
614 615 253361576
615 616 825290007
616 617 647666628
617 618 652138542
618 619 305592513
619 620 634689261
620 621 969167300
621 622 87776175
622 623 481521399
623 624 906340440
624 625 943981119
625 626 72715268
626 627 507730421
627 628 423082772
628 629 604258806
629 630 488381057
630 631 92867743
631 632 983153063
632 633 252415652
633 634 978092676
634 635 24333061
635 636 673294574
636 637 461895610
637 638 329283283
638 639 756691262
639 640 845304894
640 641 139694082
641 642 868111593
642 643 512342496
643 644 891971393
644 645 496238072
645 646 903681771
646 647 703785613
647 648 947280899
648 649 827375863
649 650 937294034
650 651 517600387
651 652 400623393
652 653 312480946
653 654 99002157
654 655 782865498
655 656 429058114
656 657 903934564
657 658 462950584
658 659 751666509
659 660 465395246
660 661 787666867
661 662 719632737
662 663 956843788
663 664 912306394
664 665 946525365
665 666 387005524
666 667 457290299
667 668 536064453
668 669 937346390
669 670 593796437
670 671 159356816
671 672 876454016
672 673 915224690
673 674 641017933
674 675 671001067
675 676 953353073
676 677 95010888
677 678 502607370
678 679 185756224
679 680 649423097
680 681 199308312
681 682 362287927
682 683 916725979
683 684 673116388
684 685 822300350
685 686 246010466
686 687 515914933
687 688 987577861
688 689 378951548
689 690 711031555
690 691 440012098
691 692 670827136
692 693 445568373
693 694 19596608
694 695 636936971
695 696 636502302
696 697 592810575
697 698 794914853
698 699 648942835
699 700 11685489
700 701 582549399
701 702 720328174
702 703 606954674
703 704 372215343
704 705 978122219
705 706 487305801
706 707 581940720
707 708 580250704
708 709 43683032
709 710 682863048
710 711 706107152
711 712 660562091
712 713 594427493
713 714 932213166
714 715 304203205
715 716 762405429
716 717 268786400
717 718 513228497
718 719 877208506
719 720 902792167
720 721 437625362
721 722 36153426
722 723 666034102
723 724 69646810
724 725 518580667
725 726 546139073
726 727 507969699
727 728 213346347
728 729 437035904
729 730 643350756
730 731 184771997
731 732 609982381
732 733 305243257
733 734 457061492
734 735 496699551
735 736 150654169
736 737 559520307
737 738 563046913
738 739 854332833
739 740 528111468
740 741 243309315
741 742 886178384
742 743 34649213
743 744 725273465
744 745 404026347
745 746 542593512
746 747 199979373
747 748 298304638
748 749 771618571
749 750 468767404
750 751 908425850
751 752 883347577
752 753 860029591
753 754 64949885
754 755 424267930
755 756 177427639
756 757 138343914
757 758 60316430
758 759 529608245
759 760 366452519
760 761 720553535
761 762 336609520
762 763 551859024
763 764 494108851
764 765 689040941
765 766 137553987
766 767 62640964
767 768 840881503
768 769 919023168
769 770 222962539
770 771 881373723
771 772 241390455
772 773 671326186
773 774 579330452
774 775 910662368
775 776 581617453
776 777 561789465
777 778 508088743
778 779 543654294
779 780 156861292
780 781 28614803
781 782 62086397
782 783 781354248
783 784 276388116
784 785 254043598
785 786 292747902
786 787 165277237
787 788 297650558
788 789 142060631
789 790 523018324
790 791 490229810
791 792 886532352
792 793 538057199
793 794 667886825
794 795 122958972
795 796 468370829
796 797 853485513
797 798 567628910
798 799 61078074
799 800 734994600
800 801 358856575
801 802 234791666
802 803 668340977
803 804 715884061
804 805 25704606
805 806 430946856
806 807 417979866
807 808 712553225
808 809 12549684
809 810 885280088
810 811 785749014
811 812 148927736
812 813 538028493
813 814 593209759
814 815 837065504
815 816 429714880
816 817 562434084
817 818 868304076
818 819 77938954
819 820 15678457
820 821 558406043
821 822 156902900
822 823 854276593
823 824 65200096
824 825 580319964
825 826 797218597
826 827 976472924
827 828 431071292
828 829 960282072
829 830 810901979
830 831 327369706
831 832 943536981
832 833 393495373
833 834 416920824
834 835 298575910
835 836 899929775
836 837 180799056
837 838 892996555
838 839 635684895
839 840 603860927
840 841 774599854
841 842 540859583
842 843 486887488
843 844 861774832
844 845 601047074
845 846 477947997
846 847 755423456
847 848 735150705
848 849 620735458
849 850 553089631
850 851 29728461
851 852 10359466
852 853 669695212
853 854 53543320
854 855 741056617
855 856 680708449
856 857 544018374
857 858 641691337
858 859 403570050
859 860 659692263
860 861 984306185
861 862 95281335
862 863 286854285
863 864 929323026
864 865 131648277
865 866 879848967
866 867 14304554
867 868 261593410
868 869 114002941
869 870 230479667
870 871 883207072
871 872 520244709
872 873 231968381
873 874 195536131
874 875 30033299
875 876 581408392
876 877 437781820
877 878 507086160
878 879 181379281
879 880 496822140
880 881 661132043
881 882 874830773
882 883 346281759
883 884 275933434
884 885 71634937
885 886 437446508
886 887 614980456
887 888 542261105
888 889 37593222
889 890 439035398
890 891 401084118
891 892 510671227
892 893 678664054
893 894 104336316
894 895 295782760
895 896 357403769
896 897 668078334
897 898 20153532
898 899 793910204
899 900 972133119
900 901 171361735
901 902 197551040
902 903 826127252
903 904 710168745
904 905 884458199
905 906 320957307
906 907 859433583
907 908 87148658
908 909 239164810
909 910 661558561
910 911 878779025
911 912 452062187
912 913 205342004
913 914 155292632
914 915 793142768
915 916 367162628
916 917 853351399
917 918 104593502
918 919 822064915
919 920 74150447
920 921 748530244
921 922 479297258
922 923 234324382
923 924 331735465
924 925 213840386
925 926 594659066
926 927 4241370
927 928 713638683
928 929 13814958
929 930 939953195
930 931 308207727
931 932 583394384
932 933 840118903
933 934 878949727
934 935 220227236
935 936 603975532
936 937 111103745
937 938 258834161
938 939 488640667
939 940 255709475
940 941 170666142
941 942 237702843
942 943 999097398
943 944 385747388
944 945 203215567
945 946 568625402
946 947 186773227
947 948 756068212
948 949 2770944
949 950 164298722
950 951 355043600
951 952 261803224
952 953 883140958
953 954 71702531
954 955 146140588
955 956 519796696
956 957 676925674
957 958 46102512
958 959 65300548
959 960 367075870
960 961 178017292
961 962 353121020
962 963 343642236
963 964 228082708
964 965 548337958
965 966 380298598
966 967 852327439
967 968 924278891
968 969 159899045
969 970 323782295
970 971 132706482
971 972 467750226
972 973 602925908
973 974 697828575
974 975 945856113
975 976 438118376
976 977 598542174
977 978 887239622
978 979 496102754
979 980 902980823
980 981 697331410
981 982 534853158
982 983 378777273
983 984 448390827
984 985 47545125
985 986 258530268
986 987 347023602
987 988 296959180
988 989 530657538
989 990 768994210
990 991 435283367
991 992 354027725
992 993 299819778
993 994 371825821
994 995 444327835
995 996 292176593
996 997 461064728
997 998 664956937
998 999 569238742
