10 40 9
1 2 3 4 5 6 7 8 9
0 5 234529553
0 4 593466140
1 4 444960623
1 8 43403893
1 5 504840990
2 3 232308667
2 6 102364365
2 7 559521204
2 9 341752991
2 8 202672614
3 1 546811878
3 5 360144768
3 7 565743840
3 0 536471691
3 9 655837285
3 4 509984013
4 7 513093202
4 0 82982094
4 6 71889124
4 8 329635689
4 3 58151605
5 6 511737774
5 7 469616905
5 8 579826451
5 1 179143089
6 9 710436623
6 3 318774898
6 1 243837656
7 2 991740002
7 9 373497921
8 1 980252130
8 6 275727220
8 5 444321860
8 7 341700431
9 8 884023007
9 4 626769774
9 0 65920427
9 1 268529108
9 6 10214658
9 7 324411720
