1024 1
532 870 689
870 154 568
154 136 98
136 945 120
945 51 357
51 683 462
683 710 1093
710 450 774
450 990 1013
990 260 634
260 517 678
517 849 300
849 738 417
738 104 356
104 624 531
624 496 576
496 918 257
918 810 984
810 232 183
232 503 29
503 694 679
694 941 1026
941 461 856
461 712 27
712 592 575
592 35 931
35 853 228
853 173 377
173 822 230
822 409 264
409 4 13
4 212 32
212 480 1029
480 351 553
351 438 791
438 509 393
509 361 219
361 118 186
118 370 1000
370 885 731
885 30 710
30 753 106
753 1003 583
1003 536 947
536 316 433
316 65 378
65 915 502
915 205 1053
205 714 95
714 744 822
744 569 183
569 907 898
907 434 830
434 740 876
740 142 327
142 948 704
948 14 940
14 310 844
310 349 471
349 204 605
204 696 327
696 83 901
83 200 580
4 565 449
565 201 968
201 396 515
396 199 420
199 692 840
692 241 1043
241 631 644
631 561 408
561 66 135
66 648 398
648 267 657
267 175 916
175 535 1057
535 198 483
198 430 778
430 525 735
525 435 169
435 179 20
179 108 73
108 957 622
957 588 428
588 974 390
974 317 278
317 693 346
693 111 223
111 197 882
197 75 219
75 905 819
905 811 848
811 620 912
620 790 286
790 776 505
4 850 166
850 568 50
568 625 1031
625 406 422
406 524 133
524 489 492
489 1024 217
1024 670 129
670 283 437
283 63 421
63 656 868
656 590 338
590 516 907
516 846 884
846 873 373
873 959 986
959 681 62
681 852 526
852 36 539
36 1001 713
1001 303 419
303 992 569
992 998 723
998 135 179
135 556 745
556 333 158
333 706 412
706 939 1013
939 819 912
819 1005 967
1005 761 984
761 50 770
4 380 325
380 307 190
307 874 768
874 320 948
320 368 114
368 92 88
92 596 679
596 385 621
385 758 47
758 389 937
389 564 527
564 898 40
898 1000 377
1000 405 1030
405 699 822
699 424 791
424 1018 525
1018 144 818
144 85 1018
85 252 363
252 294 932
294 924 720
924 951 231
951 555 258
555 391 338
391 756 594
756 857 917
857 682 506
682 660 54
660 575 772
575 533 892
533 794 450
4 713 165
713 21 257
21 29 279
29 427 1023
427 968 784
968 687 1030
687 680 797
680 739 572
739 250 539
250 248 939
248 487 171
487 186 169
186 203 367
203 202 835
202 573 1043
573 608 1027
608 618 1
618 462 476
462 538 635
538 868 1062
868 11 481
11 504 313
504 651 359
651 989 705
989 419 571
419 451 226
451 530 1107
530 607 384
607 702 862
702 899 967
899 324 393
324 652 730
4 49 466
49 463 965
463 799 793
799 313 335
313 105 114
105 472 1010
472 996 908
996 674 794
674 956 535
956 495 141
495 506 835
506 1010 783
1010 724 612
724 399 970
399 17 307
17 882 1007
882 379 151
379 249 578
249 773 653
773 779 721
779 280 1000
280 206 547
206 58 562
58 612 384
612 150 494
150 875 439
875 127 282
127 684 654
684 921 1078
921 929 39
929 764 1051
764 980 1032
4 668 360
668 357 43
357 570 659
570 300 438
300 771 1082
771 91 1009
91 416 603
416 676 176
676 736 120
736 381 722
381 466 90
466 769 850
769 297 499
297 171 972
171 780 568
780 877 112
877 591 1059
591 890 848
890 723 158
723 979 187
979 157 762
157 372 241
372 233 613
233 649 951
649 411 907
411 139 594
139 172 464
172 616 456
616 896 205
896 177 941
177 994 32
994 579 88
4 311 267
311 326 476
326 735 283
735 686 226
686 117 705
117 386 178
386 120 338
120 583 245
583 422 153
422 185 1041
185 1022 266
1022 319 573
319 265 888
265 221 763
221 552 748
552 113 455
113 513 689
513 730 765
730 224 422
224 658 939
658 970 1100
970 836 806
836 272 300
272 339 311
339 276 884
276 162 741
162 943 1105
943 677 744
677 96 695
96 398 1025
398 217 137
217 295 573
4 176 128
176 835 69
835 40 348
40 140 384
140 394 824
394 305 1010
305 623 124
623 449 27
449 577 792
577 61 444
61 57 583
57 97 356
97 537 612
537 124 286
124 500 402
500 345 195
345 743 399
743 863 663
863 531 69
531 255 999
255 67 886
67 866 812
866 587 554
587 170 249
170 559 813
559 913 792
913 87 736
87 84 85
84 952 428
952 910 841
910 404 857
404 115 143
4 558 285
558 767 832
767 343 400
343 752 246
752 168 744
168 603 581
603 362 907
362 602 530
602 984 438
984 661 997
661 73 180
73 374 1039
374 231 834
231 893 48
893 446 973
446 581 293
581 768 812
768 788 968
788 37 543
37 76 226
76 887 407
887 289 202
289 101 256
101 236 689
236 126 1034
126 190 811
190 421 612
421 716 606
716 839 519
839 412 723
412 566 278
566 748 5
4 593 677
593 275 146
275 936 842
936 484 278
484 812 688
812 271 465
271 997 796
997 613 934
613 417 130
417 151 641
151 946 199
946 407 850
407 18 324
18 116 185
116 834 456
834 410 167
410 986 185
986 237 857
237 598 1023
598 166 520
166 705 275
705 335 730
335 747 565
747 817 502
817 621 594
621 795 309
795 527 39
527 497 695
497 966 809
966 44 193
44 862 853
862 109 1007
4 476 115
476 563 1066
563 667 457
667 1 176
1 938 817
938 331 760
331 1019 919
1019 245 1016
245 843 215
843 88 311
88 420 668
420 889 66
889 1012 893
1012 760 264
760 263 392
263 548 601
548 222 508
222 486 54
486 557 1094
557 657 69
657 470 158
470 610 106
610 698 461
698 789 776
789 644 904
644 501 12
501 641 671
641 285 488
285 813 270
813 615 540
615 94 53
94 12 1069
4 299 600
299 619 36
619 309 182
309 821 950
821 807 961
807 925 219
925 219 137
219 369 159
369 526 297
526 189 490
189 542 829
542 522 768
522 820 181
820 655 349
655 672 223
672 572 1056
572 515 1047
515 467 674
467 647 36
647 541 876
541 922 274
922 298 997
298 257 878
257 64 728
64 358 256
358 286 907
286 700 360
700 867 21
867 436 513
436 327 679
327 614 263
614 471 983
4 302 919
302 778 816
778 360 323
360 888 383
888 930 310
930 432 559
432 264 1103
264 290 425
290 32 543
32 958 996
958 973 849
973 159 625
159 933 599
933 855 1082
855 666 427
666 169 268
169 479 801
479 860 63
860 437 758
437 809 702
809 859 955
859 102 749
102 213 966
213 805 508
805 431 962
431 550 429
550 960 493
960 288 85
288 332 178
332 445 1006
445 99 139
99 642 568
4 16 702
16 155 1008
155 344 712
344 519 88
519 459 588
459 669 903
669 208 966
208 751 944
751 772 622
772 27 103
27 455 539
455 711 679
711 584 79
584 28 175
28 418 582
418 239 893
239 256 727
256 143 602
143 440 368
440 156 968
156 560 278
560 1017 818
1017 377 330
377 273 426
273 967 564
967 444 784
444 759 593
759 511 416
511 46 645
46 359 1111
359 865 512
865 763 310
4 814 34
814 793 22
793 282 752
282 268 840
268 727 1009
727 617 181
617 786 272
786 823 376
823 983 428
983 130 360
130 13 433
13 216 900
216 3 471
3 597 924
597 367 679
367 977 49
977 653 906
653 954 190
954 2 733
2 23 669
23 441 610
441 678 814
678 911 24
911 594 561
594 916 781
916 314 779
314 840 6
840 505 391
505 52 760
52 353 624
353 106 836
106 737 909
4 844 689
844 697 443
697 894 133
894 74 972
74 341 736
341 384 823
384 277 742
277 322 266
322 798 405
798 749 320
749 20 1008
20 278 1015
278 595 851
595 629 330
629 927 186
927 452 148
452 599 983
599 829 447
829 914 817
914 350 717
350 93 220
93 215 407
215 632 1019
632 742 1092
742 633 643
633 71 1066
71 223 371
223 847 656
847 638 92
638 284 566
284 42 796
42 688 410
4 426 139
426 864 325
864 831 100
831 796 394
796 337 1100
337 485 694
485 963 717
963 806 217
806 982 213
982 650 730
650 622 960
622 165 737
165 785 993
785 334 642
334 26 531
26 393 1038
393 825 824
825 77 355
77 1020 27
1020 626 453
626 508 965
508 259 987
259 926 486
926 251 674
251 86 366
86 988 234
988 1008 309
1008 549 40
549 43 367
43 481 654
481 884 20
884 158 376
4 253 395
253 962 816
962 229 208
229 754 628
754 797 1031
797 328 162
328 838 1022
838 883 878
883 425 663
425 494 970
494 781 595
781 274 467
274 56 283
56 146 1009
146 912 201
912 403 557
403 928 253
928 703 394
703 665 198
665 325 676
325 318 966
318 955 90
955 646 1049
646 95 119
95 433 162
433 8 824
8 147 392
147 770 866
770 942 448
942 270 284
270 110 994
110 346 516
4 539 851
539 755 585
755 731 533
731 637 116
637 732 177
732 978 404
978 214 953
214 659 396
659 827 608
827 1004 974
1004 292 496
292 746 1057
746 520 507
520 210 813
210 944 494
944 523 169
523 580 642
580 191 300
191 336 620
336 323 84
323 719 75
719 390 994
390 715 211
715 395 841
395 871 430
871 529 674
529 371 782
371 415 900
415 492 621
492 662 1011
662 103 367
103 238 641
4 72 28
72 207 664
207 493 14
493 816 625
816 1023 114
1023 902 57
902 10 1096
10 226 309
226 196 690
196 906 904
906 605 694
605 576 517
576 209 643
209 900 560
900 34 99
34 192 369
192 774 754
774 919 1077
919 149 824
149 15 174
15 1007 425
1007 804 25
804 848 800
848 818 728
818 477 536
477 448 390
448 458 127
458 803 283
803 636 142
636 121 528
121 685 268
685 174 298
4 306 917
306 808 1064
808 243 21
243 502 998
502 48 273
48 553 664
553 832 755
832 586 907
586 352 86
352 98 609
98 24 476
24 133 201
133 356 698
356 304 201
304 999 1092
999 609 610
609 600 713
600 837 519
837 281 239
281 574 541
574 826 70
826 854 755
854 1009 585
1009 628 146
628 47 1045
47 128 188
128 841 595
841 62 1002
62 291 988
291 707 2
707 645 394
645 388 13
4 53 891
53 775 404
775 131 483
131 69 482
69 718 221
718 1013 165
1013 183 110
183 733 502
733 828 950
828 469 844
469 664 1020
664 909 832
909 180 759
180 783 574
783 606 1053
606 242 75
242 220 398
220 22 7
22 792 510
792 720 329
720 671 82
671 474 606
474 635 159
635 972 763
972 167 257
167 824 588
824 132 968
132 876 450
876 872 67
872 627 1018
627 725 631
725 721 260
4 521 375
521 917 655
917 375 383
375 38 300
38 301 441
301 338 1094
338 932 440
932 152 1018
152 230 905
230 5 523
5 457 1059
457 342 811
342 878 842
878 634 87
634 640 689
640 969 181
969 78 946
78 923 867
923 851 787
851 993 497
993 473 778
473 400 906
400 663 967
663 227 816
227 901 407
901 673 474
673 279 259
279 443 530
443 995 836
995 82 999
82 340 644
340 971 805
4 269 977
269 25 830
25 9 963
9 654 129
654 107 235
107 254 232
254 546 1083
546 55 472
55 985 381
985 112 445
112 567 321
567 45 1037
45 373 987
373 225 557
225 266 1003
266 488 663
488 601 312
601 782 651
782 704 665
704 935 792
935 41 606
41 757 1083
757 330 534
330 408 89
408 947 209
947 833 124
833 383 459
383 937 476
937 908 214
908 456 137
456 784 473
784 312 2
4 423 257
423 729 1060
729 765 83
765 534 721
534 129 311
129 163 65
163 39 27
39 114 13
114 800 496
800 728 399
728 965 975
965 134 1057
134 453 1067
453 442 344
442 741 517
741 164 838
164 1014 427
1014 247 125
247 903 801
903 261 377
261 815 804
815 70 332
70 551 683
551 347 918
347 582 835
582 934 247
934 762 523
762 892 276
892 447 770
447 68 234
68 81 981
81 31 1091
4 193 1072
193 881 199
881 545 274
545 722 665
722 975 979
975 378 809
378 1021 524
1021 321 749
321 701 881
701 195 933
195 976 750
976 454 790
454 234 895
234 468 1063
468 981 828
981 89 847
89 366 635
366 801 39
801 181 752
181 643 1098
643 364 800
364 690 393
690 869 99
869 59 987
59 315 267
315 401 999
401 211 966
211 218 775
218 675 690
675 188 152
188 904 130
904 879 609
4 382 666
382 964 759
964 19 280
19 244 925
244 258 122
258 949 188
949 138 234
138 296 1045
296 182 296
182 348 464
348 639 617
639 695 519
695 717 62
717 262 368
262 507 278
507 365 481
365 886 947
886 987 988
987 79 1069
79 940 440
940 543 693
543 178 626
178 482 831
482 589 51
589 60 736
60 842 923
842 235 356
235 141 272
141 895 372
895 460 129
460 483 204
483 376 576
4 709 694
709 397 165
397 246 659
246 578 635
578 518 315
518 414 57
414 464 381
464 308 952
308 125 477
125 137 129
137 562 210
562 689 1059
689 354 807
354 991 599
991 119 511
119 750 157
750 122 118
122 153 642
153 355 308
355 845 945
845 293 567
293 478 1074
478 194 760
194 777 248
777 363 1041
363 184 993
184 161 443
161 514 209
514 387 997
387 708 256
708 547 1098
547 287 349
4 931 607
931 80 364
80 145 673
145 630 611
630 1016 890
1016 510 41
510 858 131
858 604 919
604 475 1044
475 512 588
512 950 884
950 6 62
6 499 496
499 413 411
413 439 390
439 920 807
920 187 516
187 802 695
802 148 908
148 90 752
90 745 860
745 571 921
571 1015 774
1015 611 442
611 554 392
554 429 974
429 33 678
33 1002 389
1002 856 295
856 465 809
465 880 783
880 961 492
4 160 383
160 544 635
544 726 995
726 498 841
498 766 879
766 228 103
228 679 939
679 240 514
240 1006 114
1006 540 143
540 1011 865
1011 54 846
54 787 534
787 100 1078
100 791 1107
791 123 63
123 528 853
528 490 814
490 891 470
891 734 918
734 861 342
861 428 757
428 392 1102
392 585 197
585 691 350
691 402 885
402 830 425
830 329 428
329 7 644
7 491 368
491 953 233
953 897 829
