2000 1
1049 603 999999065
1049 1631 999999657
1631 1855 999999763
603 481 999999595
1631 1427 999999117
1427 1080 999999195
1855 386 999999183
1080 1207 999998919
1631 17 999999786
1631 372 999999730
481 1209 999998953
17 952 999999654
1209 406 999998923
386 1883 999999223
952 1226 999999708
386 1696 999999052
386 914 999999599
372 472 999998965
1855 1120 999999602
603 1666 999999596
1666 1084 999999431
1207 1650 999999194
1855 606 999999379
1049 475 999999353
1883 1767 999999857
1631 1559 999999433
1696 266 999999524
1080 1419 999999439
1631 80 999998904
1666 1619 999999724
1619 1451 999999691
386 1075 999999194
1427 1504 999999997
1650 1994 999999914
1080 381 999999120
914 679 999999044
1994 854 999999936
1650 1239 999998932
952 1770 999999423
1451 909 999999471
1631 1422 999999511
1049 244 999999867
244 1541 999999658
1049 502 999999976
406 200 999999226
914 528 999999447
1427 631 999999820
1422 1700 999999077
381 1824 999999009
244 180 999999687
1120 1660 999999243
1767 1417 999999311
1650 1374 999999009
372 1309 999999697
80 827 999999708
200 228 999999227
1209 838 999999410
80 205 999999825
372 1349 999999078
1226 203 999999361
1207 1789 999999115
838 583 999999650
1767 825 999999138
1696 844 999999493
631 1854 999999951
180 374 999999560
1209 1347 999999819
1049 477 999999301
203 1852 999999909
1226 910 999999204
1049 1456 999999532
1374 697 999999334
854 1187 999999548
1349 1884 999999806
844 1782 999999952
603 1472 999999795
200 260 999999504
1994 187 999999322
1660 1143 999999985
1120 97 999999351
1374 535 999999874
406 390 999999234
1770 420 999999850
1666 1835 999999226
1504 1614 999999663
1631 1323 999998973
1419 1248 999999326
1852 961 999999249
1143 1821 999999772
631 1453 999999145
1854 1240 999999020
1541 539 999999071
1824 1473 999999009
583 548 999999721
187 1923 999999341
372 1796 999999485
1187 363 999999419
1504 394 999999210
1852 933 999999137
631 1211 999999205
1821 1269 999999313
1427 1992 999999632
697 1042 999999550
854 413 999999030
477 1702 999999874
80 1177 999998957
1614 391 999999627
1854 567 999999189
1248 624 999999971
1782 988 999999919
1143 1878 999999024
528 219 999998915
1767 892 999999894
1541 1303 999999555
1923 227 999999011
413 1471 999999462
481 1913 999999092
631 1361 999999637
1303 269 999999430
1696 10 999999362
603 435 999999738
844 1623 999998994
1374 349 999999571
1209 135 999999568
909 155 999999590
539 772 999999337
631 1951 999999808
1770 1448 999999879
1209 1 999999591
933 1746 999999166
1883 1678 999999435
1303 1691 999998913
631 814 999999167
1559 774 999999968
1417 1217 999999337
624 61 999999088
1884 1915 999999107
391 1027 999999963
477 1484 999999950
1472 1105 999999796
603 783 999999992
180 1714 999998946
772 65 999999361
825 740 999999941
420 369 999999985
1855 1585 999999372
1248 1380 999999505
219 947 999999998
1349 459 999999941
244 1753 999999195
65 392 999999075
65 895 999998991
1913 25 999999758
1303 294 999999133
1504 1868 999999718
1821 1537 999999467
391 1271 999999738
459 136 999999650
1209 942 999999076
1631 1082 999999989
392 1285 999999728
472 1048 999999516
1075 1122 999999302
1678 1010 999999576
10 70 999999658
1082 660 999998945
200 752 999999857
1702 830 999998921
1923 666 999999017
1211 1354 999999208
1504 1421 999999047
1821 1461 999999726
1361 482 999999516
1240 1713 999999587
1713 1041 999999565
1883 757 999999598
1472 558 999999885
1427 1333 999999164
1417 252 999999267
1473 1420 999999586
814 1882 999999272
1992 626 999999313
528 805 999999860
583 534 999999585
1248 1645 999999263
1835 16 999999064
1994 600 999999298
933 751 999999904
1075 1088 999999200
413 1959 999999304
1852 21 999999229
961 1640 999999711
1471 1066 999999802
1347 1267 999999754
1122 1416 999999563
1824 1469 999999024
1419 742 999999117
477 356 999999641
1882 1178 999999680
1187 147 999999797
1048 1476 999999208
1285 28 999999596
1796 76 999999801
394 389 999999350
200 641 999998975
294 1932 999999689
1713 36 999999113
910 1871 999999093
1349 318 999999387
1746 731 999999306
1309 1733 999999125
1066 1673 999998969
1347 634 999999219
1323 967 999999752
634 649 999999848
933 1089 999999121
459 1957 999999931
892 1081 999999800
1882 1891 999999068
772 824 999999545
1380 986 999999067
269 1978 999999474
391 1121 999999438
1473 1601 999999090
1267 1535 999999137
1471 880 999999251
1673 1104 999999671
1361 563 999999719
1461 732 999998995
1796 983 999999317
406 565 999999641
1878 281 999999366
1347 1253 999999822
1535 711 999999543
583 863 999999609
740 1787 999999345
381 1317 999999934
363 819 999999027
406 1664 999999159
1957 901 999999404
952 1563 999999616
660 108 999999937
1421 1368 999999622
1614 505 999999135
1089 1455 999999037
1010 1273 999999334
227 1517 999999470
1619 1199 999999692
838 1498 999999922
1746 598 999999314
36 1773 999999617
1082 980 999999561
983 1183 999999248
1323 1520 999999632
830 451 999998901
1978 561 999999997
679 958 999999380
1714 27 999999770
1374 151 999999081
1416 1838 999998962
1520 1546 999999456
986 763 999999747
535 424 999999458
389 1493 999999933
534 619 999998916
481 1266 999999512
1484 1477 999999788
1753 1009 999999941
901 1450 999999128
1226 591 999999475
986 1708 999999955
660 1936 999999680
392 1460 999999910
535 395 999999860
1271 1840 999999392
626 822 999999822
824 1111 999999272
21 1218 999999541
649 1107 999999920
583 221 999999839
1273 1902 999999725
830 1022 999999577
1913 607 999999352
1451 727 999999993
603 325 999999286
227 40 999999577
1354 99 999999584
260 1020 999999354
757 1352 999999633
624 1203 999999550
1932 1054 999999645
1042 112 999999294
1226 1907 999999976
1054 223 999999872
482 1849 999999075
459 442 999999897
27 1813 999999609
97 1100 999999076
1111 1441 999999458
1471 1914 999999773
1957 1719 999999633
1541 1890 999999678
1631 1939 999999867
223 317 999999526
1535 648 999999791
1782 1087 999999358
854 188 999999099
1427 1296 999999561
1473 1814 999999722
814 138 999998998
548 1525 999999314
1081 734 999999090
203 743 999999523
1303 1800 999999079
1368 1400 999999925
598 1676 999999736
1120 448 999999559
1691 1646 999999053
774 1736 999998950
1767 1129 999999180
548 1647 999999236
740 400 999999976
1187 696 999999366
1770 26 999999375
1914 1590 999999714
1209 1215 999999410
1368 927 999999034
294 1175 999999100
1217 867 999999611
1105 1857 999999953
80 259 999999727
1020 1539 999999740
318 1904 999999714
1469 918 999998951
1623 1710 999999174
318 463 999999507
413 1973 999999661
1266 1232 999999537
1111 262 999999491
598 218 999999368
1240 850 999999305
435 636 999999159
1456 431 999999900
1010 492 999999017
223 361 999999538
390 1899 999999374
1936 799 999999308
752 710 999999603
942 1324 999998901
1959 526 999999276
892 589 999999850
711 1346 999999964
1309 695 999999053
1789 1377 999999792
40 307 999999542
420 134 999999618
1719 1820 999999133
10 30 999999676
822 296 999999834
607 1025 999999451
603 1735 999999647
1821 1026 999999836
1121 1845 999999800
844 509 999999122
1472 1659 999999775
1951 890 999999573
1075 321 999999086
1719 1351 999999063
1994 1984 999998891
1421 1330 999999623
1333 1274 999999961
1537 953 999999480
1678 209 999999152
565 1131 999999467
591 1786 999999982
1239 936 999999060
209 521 999999772
583 462 999999226
244 698 999998898
1330 118 999999531
1992 242 999998893
502 1706 999999224
1702 1462 999999946
740 1392 999999219
390 1238 999999988
958 1580 999999140
1269 75 999999533
394 1605 999999437
742 1608 999999525
1121 85 999999464
40 1761 999999318
155 1204 999999385
420 647 999999368
774 248 999999716
1789 800 999999031
526 725 999999778
374 1097 999999842
1619 122 999999715
30 23 999999553
695 1058 999999583
1380 721 999999886
1330 682 999999992
262 1249 999999826
1211 705 999999509
910 1163 999999204
259 19 999999780
774 1071 999999817
1317 365 999999949
682 165 999999743
1131 1110 999999767
648 1885 999999590
1177 137 999999263
1563 1927 999999474
262 82 999999830
82 1557 999999691
1163 67 999999214
435 1551 999999771
1361 536 999999438
1131 1859 999999947
1203 336 999999546
1849 1300 999999542
448 981 999999183
1849 816 999999073
1932 43 999999119
209 657 999999032
1273 1506 999999678
711 1106 999999741
1854 1480 999999016
80 531 999999573
732 1302 999999376
122 703 999999479
1419 1496 999999314
1421 1474 999999298
435 1046 999999768
25 347 999999927
844 1665 999998962
381 1382 999999344
19 1772 999999575
1111 1626 999999787
137 1847 999999912
1266 1955 999999738
187 1011 999999059
1120 1190 999999407
721 736 999999695
1347 1833 999999454
535 1869 999999855
1546 412 999999484
43 464 999998987
1824 1651 999999350
1645 1562 999999588
1416 549 999999064
1020 1709 999998954
1207 1379 999999637
567 1245 999999981
895 766 999999686
369 906 999999045
1838 334 999999539
1022 1458 999999324
361 71 999999855
203 969 999999260
1702 1035 999999422
1821 337 999999566
854 483 999999502
1789 650 999999892
1651 572 999999139
698 1067 999999625
983 360 999999460
763 1588 999999356
914 574 999999931
97 1554 999999454
1957 576 999999782
223 1467 999999631
260 217 999999753
10 997 999999160
463 777 999999308
606 720 999999383
1554 1879 999999323
825 103 999999073
1537 377 999999181
1427 1726 999998965
1713 1724 999999293
814 1044 999998906
1421 289 999999026
374 595 999998997
1833 665 999999553
763 1880 999999131
1914 1043 999999523
1458 852 999999958
221 669 999999105
650 1779 999999692
321 1823 999999513
1551 645 999999134
696 1805 999999749
147 845 999999114
819 1788 999999245
591 1132 999998981
1650 1603 999999108
221 45 999999456
1025 1797 999999915
1111 1674 999999986
740 1969 999998994
528 1574 999999542
1081 1886 999999742
1869 1798 999999427
854 1783 999999534
400 433 999999924
1026 791 999999927
1845 1360 999999720
805 1622 999999645
1939 704 999999197
1046 1188 999999936
165 823 999999403
1969 1976 999999676
71 454 999999742
1915 1507 999999311
961 1784 999999541
1646 384 999999742
260 1070 999999239
558 271 999999507
1789 1597 999999656
1854 1935 999998927
1691 1130 999999258
528 1033 999999474
852 911 999999538
697 1056 999999715
1923 253 999999703
80 1892 999999388
1845 1950 999999932
1107 848 999999983
548 490 999999592
1249 604 999999546
223 1155 999999684
75 1729 999999108
1033 63 999999560
777 602 999999580
75 784 999999084
1585 1444 999999459
1935 970 999999772
863 1720 999999416
137 974 999998992
1719 1911 999999397
463 1353 999999474
1427 925 999998918
1472 1404 999999715
1010 382 999999327
1890 1154 999999555
321 1851 999999529
783 1508 999999074
1796 903 999999972
1245 79 999999795
567 1910 999999434
1631 1339 999999096
909 1763 999999068
1177 245 999999224
936 8 999999743
1788 1856 999999891
1619 1683 999999619
337 476 999999398
626 1690 999999240
1763 272 999999447
1783 241 999999270
1923 1276 999999056
665 1475 999999026
1880 1985 999999028
227 487 999998974
1892 1926 999998892
822 868 999998907
660 387 999999074
784 861 999999766
1041 1376 999999540
827 543 999999491
386 1297 999999589
528 1196 999999090
1746 712 999998964
1374 47 999998896
1535 1021 999999708
736 564 999999578
187 343 999999150
1852 309 999999121
1709 1977 999999989
1902 1150 999999852
372 1795 999999545
448 184 999999302
1601 229 999999928
892 1928 999999596
1324 1621 999999986
854 745 999999874
1559 1567 999999209
47 1233 999999503
442 1653 999999738
696 1072 999999728
1574 371 999999634
1800 1093 999999438
136 642 999999619
1878 1002 999999997
187 621 999999023
1493 447 999998964
534 1439 999999044
45 1685 999999951
219 160 999998897
1441 265 999999696
1043 919 999999192
1421 717 999999034
1563 846 999999204
218 194 999999689
482 280 999999372
1046 1395 999999222
1580 1971 999999224
626 1387 999999923
649 1290 999999245
526 608 999999748
1267 1655 999998928
967 653 999999346
384 1345 999999678
1049 726 999999815
918 943 999999898
1070 1972 999999980
180 623 999999442
395 404 999998965
589 415 999999718
1580 98 999999576
242 1524 999999314
1422 1125 999999380
1082 1428 999999267
424 1355 999999143
642 1308 999999560
377 7 999998907
861 275 999999926
1883 702 999999191
1567 402 999999831
492 230 999998995
1567 314 999999188
63 584 999999812
1537 1958 999999035
1296 1812 999999159
830 673 999999097
1910 368 999999761
854 297 999999211
1420 833 999999661
47 568 999999441
228 169 999999192
361 1644 999999799
1631 617 999999446
584 1073 999999791
1878 744 999999712
1992 570 999999388
194 425 999999353
745 1841 999999109
80 1118 999999392
1073 826 999999379
492 1494 999999037
583 562 999999579
1971 285 999999053
1080 1515 999999739
1935 1174 999999508
591 446 999999700
665 1970 999998892
151 871 999999484
1266 1747 999999106
19 1670 999999682
1823 109 999999826
766 1017 999999216
1462 256 999999275
845 978 999999889
122 948 999999827
1882 835 999999381
1647 1156 999999185
321 1134 999999027
531 628 999999583
942 240 999999774
833 1004 999999463
626 416 999999773
1854 1060 999999314
572 1617 999999084
490 637 999999372
1203 1287 999999815
43 694 999999797
217 168 999999384
1392 357 999999835
343 261 999999908
1105 499 999999701
386 750 999999895
1276 1184 999999680
1118 1055 999999106
1460 1173 999999257
294 1391 999999974
1935 889 999999448
1886 1272 999999379
30 699 999999999
1380 1019 999999601
269 1258 999999963
1507 661 999999286
1601 152 999999664
1678 125 999999203
317 1230 999999997
910 1432 999999840
314 1304 999999764
822 142 999998893
1354 1117 999999996
1474 769 999999516
591 1114 999999697
230 544 999999958
953 1062 999999023
1351 1632 999999854
740 397 999999425
1330 1662 999999496
1700 226 999999037
833 436 999999105
1033 91 999999933
404 1938 999998968
819 597 999999655
986 250 999999144
721 1512 999999467
99 965 999999832
248 593 999999020
392 520 999999195
1150 934 999999747
1129 1549 999999524
1175 210 999999974
1878 346 999999077
1209 1765 999999731
1994 1262 999998899
210 1406 999999153
943 1390 999999007
227 81 999998955
1374 1329 999999545
1796 808 999999541
783 24 999999257
8 685 999999483
43 1305 999999666
1333 419 999999439
565 178 999999772
1097 31 999999233
1456 1922 999999985
1150 802 999999689
1772 550 999999809
833 1079 999999293
1623 1688 999999079
1736 341 999999617
1248 1941 999999319
8 270 999999512
861 1278 999999853
142 1495 999999408
1110 1375 999999113
1460 466 999999777
1761 426 999999253
1729 1837 999999164
570 836 999999939
1456 440 999999812
978 913 999999825
168 515 999999134
1184 1074 999999234
1557 931 999999747
406 1268 999999160
694 652 999999734
19 378 999999564
699 1270 999999069
1922 592 999998998
816 1600 999999018
425 1897 999999895
704 375 999999121
1932 853 999999548
1187 1596 999999073
356 594 999999762
1856 1967 999999245
382 1920 999999577
1923 1140 999999017
1546 1059 999999046
1375 1981 999999093
266 354 999999995
265 804 999999412
419 1299 999999624
835 1586 999999888
476 1578 999999162
265 1312 999998988
549 1282 999999993
1676 1752 999999921
520 235 999999081
1203 1561 999999239
1631 1745 999999867
221 333 999999255
927 930 999999559
349 651 999999736
1285 1065 999999790
763 457 999999895
79 1314 999999553
475 1030 999999279
1361 1975 999999984
137 1934 999999537
1406 670 999999211
250 701 999999035
1688 1771 999999093
1276 1388 999999747
1049 504 999999575
1773 1112 999999302
1859 1589 999998935
593 1235 999999393
1823 1573 999999324
965 116 999999664
1700 1671 999999622
848 1414 999999965
1660 801 999999433
704 268 999999350
1973 322 999999747
808 185 999999451
602 172 999999275
1428 956 999999749
1300 729 999999121
1970 1146 999999053
1899 1909 999999655
1899 461 999999299
1065 150 999999498
1146 1481 999999926
1706 1598 999998928
1495 41 999999260
953 1566 999999155
1111 1119 999999532
1305 1982 999999361
492 1013 999999768
1849 208 999999392
927 1962 999999196
487 1583 999999120
598 1960 999999922
1112 1152 999999283
28 1532 999999878
1623 13 999999182
974 1827 999998899
593 35 999999959
492 557 999999593
1239 1822 999999120
1605 59 999998912
1296 1373 999999958
835 1637 999999990
1653 640 999999031
1026 478 999999263
1969 1937 999999515
1106 1160 999999434
1745 677 999999678
526 676 999999667
1814 207 999999596
804 1527 999998992
1444 932 999999886
1388 1246 999999297
272 33 999999847
442 1742 999999073
729 304 999999685
142 1877 999999521
1763 995 999999465
799 1570 999999112
1733 179 999999168
372 220 999999885
720 842 999999870
952 1694 999999142
621 39 999999655
1746 1757 999998998
220 439 999999495
602 1326 999999595
745 1069 999999197
967 376 999999902
1746 1052 999999503
1278 1604 999999686
1073 1826 999999292
1937 1220 999999017
103 780 999999327
528 915 999999103
1745 545 999999150
583 11 999999138
413 1933 999999851
1596 1468 999999840
431 1161 999999730
1813 1998 999999254
1761 379 999999898
1855 56 999999391
17 1378 999999500
1240 891 999999118
91 494 999999072
1120 158 999999493
45 964 999999494
636 921 999999920
1190 331 999999482
1883 1499 999999202
563 1870 999999929
26 298 999999908
272 1887 999999688
463 444 999999631
1432 522 999999391
118 173 999999886
475 1980 999999992
1494 765 999999788
1067 1116 999999661
1962 899 999999652
665 687 999999922
600 1581 999999202
387 204 999999304
1297 767 999999369
185 1415 999999110
1975 129 999998897
1659 992 999999185
265 1553 999999166
1414 672 999999386
1932 713 999999319
1959 342 999999964
363 555 999999430
331 857 999999117
43 1425 999999227
1524 1919 999999528
280 94 999999814
1059 243 999999459
1869 1947 999999868
1481 533 999999897
1217 1875 999999547
1450 663 999999082
1761 110 999999711
539 279 999999169
1590 1489 999999190
702 787 999999556
1868 971 999999322
492 755 999999637
1461 216 999999816
1733 741 999998961
805 352 999999130
1787 1526 999999655
1909 551 999999524
1055 295 999999835
890 1748 999999639
1563 1457 999999132
285 1531 999999426
1089 238 999999965
802 1227 999999070
548 993 999998966
641 1906 999999226
376 1558 999999707
827 1669 999999812
592 1587 999999927
1885 1334 999999948
1111 514 999999551
400 1007 999999093
677 20 999999666
381 1109 999999680
369 236 999999776
971 1989 999999102
1586 1144 999999493
1539 1371 999998914
1011 620 999999927
1719 739 999999850
280 127 999999337
744 1687 999998926
930 941 999999224
726 469 999999439
394 554 999999827
606 878 999999236
1958 1024 999999628
1448 1423 999999119
336 46 999998961
895 249 999998919
180 1667 999999097
1823 1142 999999027
522 303 999999100
446 1372 999999263
1746 882 999999901
1226 202 999999015
1457 348 999999273
1653 1164 999999956
1461 1108 999999206
1183 1568 999999754
1578 1483 999999768
1060 1944 999999916
672 1697 999998931
509 305 999999114
717 1367 999999072
1617 215 999999382
180 1135 999998994
336 55 999999471
1456 175 999998942
1568 1649 999999388
848 101 999999123
1537 100 999999760
572 1319 999999184
1907 1447 999999937
1475 330 999999947
567 747 999999747
1444 496 999999277
369 1083 999999522
13 866 999999261
687 1366 999999057
217 428 999999057
555 1896 999999825
1033 1945 999999907
1390 95 999999855
238 1501 999999122
1374 516 999999158
734 1663 999999821
1273 1394 999998988
1374 310 999998931
1215 139 999999223
207 908 999999847
336 1846 999999742
557 1657 999999168
1972 874 999999215
1414 157 999999291
767 1090 999999216
850 1555 999999997
1590 1571 999999715
1669 1436 999999117
1747 302 999999345
1207 1001 999999098
1506 1682 999999749
285 1722 999999514
216 471 999999546
325 1408 999999300
1821 1031 999999496
116 427 999999043
717 945 999999109
967 186 999999255
1317 263 999999517
1017 501 999999499
415 1656 999999396
1515 1153 999999710
651 671 999999424
1985 668 999999030
698 1180 999999035
589 793 999999521
621 1759 999998982
1494 775 999999943
1105 9 999999157
35 247 999999526
221 362 999999994
628 1094 999999505
1589 1358 999999432
775 1411 999999447
697 458 999999088
496 1728 999999939
826 1243 999999079
941 417 999999340
1330 601 999999250
1391 353 999999368
368 113 999999440
819 1284 999999928
1143 456 999999933
1772 881 999999514
1020 1206 999999702
1218 1516 999999493
1714 145 999999097
668 795 999999097
925 1595 999999361
1175 1658 999999490
1747 718 999999457
1238 364 999999987
623 1098 999999938
1474 1335 999999552
947 1337 999999854
1083 370 999999269
226 144 999999730
1637 954 999999742
1685 797 999998897
1065 1533 999999929
890 324 999999291
1044 1536 999999484
361 756 999999480
874 542 999999458
1371 410 999999218
243 1005 999999432
1484 1518 999999736
362 858 999999676
594 674 999999393
142 1047 999999707
858 1015 999999617
729 84 999998891
502 1853 999999296
647 480 999999115
16 488 999998963
230 1321 999998954
729 1979 999999666
880 1405 999999896
1922 1544 999999300
1371 1280 999999420
1546 1793 999999103
1164 614 999999634
1622 1615 999999864
103 538 999999145
1525 955 999999841
741 32 999999076
1047 1393 999999774
1878 1993 999999961
1771 1613 999999472
1278 1328 999999326
356 1036 999999634
1710 552 999999101
1475 1396 999999211
1144 1888 999999113
227 1370 999999085
545 1231 999999856
1935 951 999999527
911 313 999999325
1797 629 999999001
1820 1831 999999084
1533 1689 999999028
1574 683 999999631
352 1176 999999450
1035 2 999999678
1859 1359 999999320
440 537 999999816
660 1956 999999002
720 1716 999999700
1598 1201 999999564
1072 507 999999993
261 781 999999721
1493 1630 999999236
391 962 999999876
589 1237 999999276
1220 820 999999900
1456 299 999999679
1444 1997 999999671
978 1397 999999363
676 770 999999518
1309 1288 999998942
447 811 999999077
279 849 999999086
528 1754 999999253
365 1389 999998905
63 1502 999999820
868 92 999999673
400 234 999999679
1248 60 999999726
670 684 999999672
665 1816 999999164
220 1628 999999865
1 693 999998950
962 1503 999999853
256 1045 999998921
482 224 999999061
80 1490 999999123
1897 1648 999999692
157 759 999999837
1587 164 999999765
91 1576 999999324
1982 1996 999999145
1938 49 999999621
240 1023 999999816
534 1511 999999446
663 111 999999164
35 1115 999999972
1022 42 999999805
1048 1715 999999446
1473 315 999999093
1531 579 999998970
653 749 999999985
1697 407 999999723
1258 473 999999439
17 489 999999889
684 1701 999999720
1951 44 999999091
442 206 999998953
1499 159 999999701
302 1034 999999815
550 610 999999296
597 1873 999998966
1971 609 999999460
1871 612 999999836
717 278 999999996
1054 1584 999999769
365 569 999999860
846 1695 999999289
1004 977 999999316
927 896 999999786
1503 675 999999404
647 1166 999999939
451 1760 999999614
75 277 999999585
278 503 999999642
921 935 999999671
259 286 999999321
1856 1255 999999963
229 1616 999999581
1962 316 999999045
280 1509 999999515
1907 1028 999999708
1308 1749 999999151
1970 1636 999999493
1028 979 999999164
179 340 999998932
7 877 999999665
60 1440 999999969
1915 937 999999359
1427 497 999999284
696 383 999999693
325 1225 999999245
712 1792 999998911
1041 6 999999503
701 12 999999110
521 1893 999999324
1667 1677 999999941
1972 1758 999999363
1475 865 999999944
1647 1293 999999228
1831 1500 999999303
1714 1008 999999276
1967 1731 999999388
607 351 999999187
1614 52 999998986
1753 1126 999999909
1025 140 999999992
150 385 999998979
607 1750 999999263
297 1181 999999640
19 851 999999891
137 166 999999652
1873 1127 999999110
357 107 999999780
496 123 999999753
152 990 999999108
1997 1743 999999789
1432 1040 999999666
370 1212 999999906
668 276 999999589
1427 577 999999306
426 1863 999999298
1977 654 999999531
209 524 999999812
1970 1528 999999337
1370 541 999999163
1702 1618 999999905
1468 1279 999999323
59 905 999999527
595 1318 999999465
1685 831 999999065
1792 1224 999999674
1297 1138 999999135
1427 1781 999999867
1617 1965 999998961
1649 1247 999999961
371 706 999999018
313 500 999998893
1335 148 999999250
1114 191 999999061
528 1832 999999279
617 64 999999518
816 508 999999414
964 689 999999498
1174 1968 999998914
224 573 999999020
1453 96 999999196
210 790 999999337
321 1513 999999358
799 1861 999999324
178 1275 999998966
377 916 999999531
1758 282 999999531
1279 1698 999999839
1558 1485 999999087
1255 479 999999811
1736 760 999999260
1285 529 999999944
282 1464 999999708
744 655 999999466
1700 581 999999016
1290 283 999999522
208 1807 999999248
1833 883 999999641
811 1943 999999157
497 1325 999999907
1314 1625 999999287
1007 329 999999810
1114 722 999998949
1934 1791 999999449
1132 1443 999999629
1748 1510 999999403
1628 575 999999142
1138 1386 999999409
698 1966 999999841
475 1251 999998987
1957 719 999999692
343 1639 999999479
1573 1096 999999640
1042 872 999998914
717 875 999999485
1813 192 999998929
1683 1811 999999563
1019 902 999999468
1299 1815 999999648
522 1681 999999134
769 922 999999459
1106 254 999999645
40 644 999999663
793 1103 999999432
209 350 999999987
108 855 999999185
1800 888 999999621
1045 1905 999998988
135 1740 999999709
1761 1101 999998948
226 893 999999904
1090 1952 999998995
1080 1564 999999373
1618 806 999999344
1411 658 999999684
1573 812 999999178
191 627 999999493
543 1294 999999434
504 153 999999059
550 1942 999998942
1484 1836 999999373
606 1322 999999627
575 396 999998981
1979 1867 999999056
872 1756 999999230
857 517 999999515
440 1803 999999035
1875 214 999999031
698 1169 999999949
1841 815 999999166
158 556 999999103
1239 662 999999945
1934 885 999999964
577 1281 999999055
248 438 999999374
419 841 999998960
945 1889 999999568
1258 1949 999998989
612 1839 999999576
1667 167 999999537
67 1751 999999932
1097 255 999999465
139 716 999999295
1939 511 999999575
1942 587 999999163
372 284 999999413
43 900 999999760
644 182 999998896
651 1242 999999804
1687 196 999999534
1573 292 999999911
348 1686 999999635
1500 1842 999999146
1392 1291 999999236
444 1592 999999996
694 1298 999999120
1507 1705 999999383
1567 1547 999999324
705 449 999999422
833 1234 999999594
1639 119 999999958
922 1435 999999192
1517 1344 999999862
1305 257 999999135
152 1018 999998917
1047 1790 999999891
1500 691 999999437
1869 132 999999856
1839 796 999999147
85 1777 999999381
502 105 999999337
1760 1433 999999482
637 1865 999999502
1616 1534 999998994
642 959 999998987
890 418 999999369
1697 678 999999764
221 452 999999621
1645 860 999999892
1485 1200 999999725
1467 1241 999999136
637 405 999999838
1663 1331 999999463
1938 837 999999502
641 1465 999999199
21 1635 999999198
1531 1410 999999130
637 486 999999765
896 1179 999999977
448 1545 999999397
1382 1289 999999439
1007 199 999999196
628 1363 999999712
717 1003 999999922
1673 319 999999258
1997 944 999999150
1453 1172 999999735
1480 1342 999999175
125 1565 999998902
127 1692 999999187
1280 1057 999999029
995 975 999999726
392 519 999999395
316 195 999999333
1664 1198 999999200
1618 771 999999796
718 680 999999953
1585 920 999999622
1736 1286 999999925
8 437 999999896
1224 34 999999709
1678 1384 999999301
1671 239 999999646
977 1336 999999837
382 89 999999053
1798 599 999999413
554 829 999999710
31 72 999999812
248 114 999999080
875 1738 999999183
581 1961 999999509
1394 778 999999119
1212 894 999999311
379 124 999999165
1188 547 999999880
1181 181 999999107
1296 1236 999999807
1378 1540 999999740
2 1037 999999603
806 1542 999999717
1238 450 999999628
433 960 999999243
275 398 999999228
1411 1629 999999525
1323 639 999999418
1190 22 999999025
1922 782 999999475
389 613 999999939
1838 1900 999999835
1288 1612 999999637
488 1556 999998958
1639 403 999999998
458 1149 999999807
1397 873 999998924
122 1643 999999594
1276 724 999999452
64 1385 999999885
749 794 999999861
343 738 999999097
1585 728 999999702
542 1479 999999059
1532 225 999999199
1173 633 999999029
1526 884 999999304
1893 588 999999795
1890 664 999999857
481 57 999999733
459 1552 999999049
1847 498 999999933
1589 1313 999999971
1786 1446 999999483
368 1147 999999816
1855 1809 999999405
1754 1569 999999566
1701 1843 999999981
1345 1633 999999151
915 792 999999307
350 847 999998977
254 468 999998931
1869 1723 999999767
1705 326 999999476
1754 1418 999999270
1935 1627 999999520
435 530 999999467
658 1092 999999068
511 48 999999188
1031 432 999999031
579 840 999999564
488 897 999999539
892 1216 999999156
722 274 999999904
1464 1039 999999024
645 1442 999999629
838 1780 999999174
1079 1819 999999324
1476 1429 999999925
333 898 999999575
1729 1529 999999399
276 273 999999657
1882 1762 999999359
1781 1794 999998963
1010 1162 999999215
895 659 999999110
379 15 999999102
1827 117 999999756
391 1776 999999350
36 1799 999999154
1496 1445 999998917
1379 1929 999999937
933 1744 999999899
1396 773 999999717
1428 14 999999326
1629 1703 999999447
1406 1522 999999133
1655 50 999999231
640 923 999998932
1756 1990 999998919
382 949 999999121
697 429 999999990
1907 1654 999999540
108 1364 999999141
1613 493 999999294
1529 1061 999998958
117 1050 999999728
778 287 999999415
1909 1341 999999829
375 465 999999298
915 1099 999999424
1241 1579 999999585
1823 1356 999999771
1427 264 999998915
1386 1205 999999025
1838 972 999999035
1933 998 999999091
1863 786 999998991
1970 126 999999778
1490 1194 999999512
1122 586 999999463
100 1171 999999622
1788 1362 999998903
741 1032 999999347
934 1741 999999658
1900 93 999999274
155 1717 999999845
1331 484 999998956
1021 1607 999999588
1702 162 999999555
353 1449 999999580
1393 957 999999808
1094 1817 999999205
1832 1983 999998998
787 1151 999999129
1962 86 999999480
1891 1470 999999396
1794 1168 999999675
22 1995 999999709
492 1591 999999298
63 1466 999999034
1972 1437 999999641
1819 1894 999999583
490 1412 999999561
1325 1264 999999105
175 1991 999999919
1144 1260 999999362
1686 798 999999421
280 869 999999798
1886 1222 999999722
1763 29 999998903
1733 1463 999999671
1099 1582 999999069
557 1124 999999586
1982 1620 999999630
304 1638 999999692
1941 1881 999999554
655 66 999999580
1621 328 999999786
427 1403 999999582
282 1609 999999721
1782 560 999999120
302 1424 999999238
1026 1802 999999233
137 1987 999999938
647 1219 999998987
239 288 999999421
1670 1858 999999657
433 1078 999999385
1432 982 999999642
1757 1764 999999770
1362 1064 999999231
1368 131 999998953
1910 1307 999999422
288 401 999999252
952 810 999999427
1360 1918 999999708
389 128 999999269
1015 1730 999999942
1681 553 999999880
1174 104 999999036
440 1407 999999070
1767 618 999999738
645 388 999999022
593 213 999999184
716 1292 999999567
704 1343 999999705
1247 1459 999999432
238 559 999999112
1032 864 999999722
260 596 999999307
30 495 999999732
1011 1834 999999614
1969 1348 999999026
1304 115 999998940
416 907 999999033
1294 1315 999999445
245 1721 999999584
1367 690 999998951
123 788 999999853
795 258 999999909
1313 1409 999999572
1629 656 999999361
1752 1193 999999979
268 222 999999981
1110 973 999999613
1220 69 999999019
340 1320 999999158
1209 924 999999378
961 886 999999278
786 616 999999490
155 1830 999999076
892 1430 999999918
696 183 999999972
196 231 999999261
613 862 999998965
296 130 999999091
1156 1712 999999199
1315 1801 999999865
544 141 999999007
1328 1543 999999178
1567 211 999999756
1738 1808 999999523
464 843 999999033
680 1652 999999593
502 546 999999511
119 887 999998970
695 506 999999156
967 434 999999411
75 1548 999999603
1637 161 999999608
1238 411 999999848
22 1707 999999541
180 355 999999824
1297 1505 999999623
298 1606 999999180
435 190 999999454
531 1778 999999246
1573 1901 999998972
1112 1208 999998954
1448 1128 999999965
531 1369 999999975
983 688 999999291
1910 293 999999933
1020 1999 999999292
1649 1699 999999485
1056 154 999998942
1200 300 999999578
745 779 999999609
534 715 999999860
1887 737 999999211
621 332 999999777
1480 1434 999999309
637 1898 999998963
1767 667 999999844
1832 946 999999730
1065 1102 999999721
70 585 999998898
1604 512 999999162
930 1186 999999786
617 809 999999647
1673 77 999999798
898 525 999998912
1433 1848 999999648
407 1775 999999636
1343 1874 999999510
1969 996 999999254
1231 839 999999640
1794 1948 999999174
528 1602 999999474
1209 1338 999999361
504 753 999999894
1396 1214 999998989
1379 1401 999999094
124 1668 999999115
1353 1158 999999551
677 513 999999033
596 359 999999633
1435 1916 999998943
322 917 999999689
1385 1210 999999556
486 121 999999019
263 1521 999999951
717 54 999999217
1880 939 999999709
1722 1265 999999172
919 1725 999999876
1619 761 999999088
57 430 999999036
524 582 999999826
1696 1921 999999865
1670 1301 999999543
810 1530 999999481
861 976 999999129
1901 1732 999999658
1781 409 999999693
1916 1250 999999692
1419 527 999999278
1659 311 999999037
1279 1610 999999973
1271 1012 999999031
1995 1810 999999283
109 1903 999998978
1808 566 999998897
1105 985 999999815
880 380 999999228
773 1925 999999175
521 904 999999047
500 785 999999269
192 1986 999999058
823 1876 999999353
1649 335 999999325
844 818 999999314
159 1189 999998961
1891 1221 999999169
593 1864 999999442
1710 762 999999273
1132 1256 999999162
1826 1145 999999103
61 1185 999999899
10 929 999999338
1649 1806 999999563
1356 1488 999999960
1127 189 999999580
69 1560 999999004
348 1974 999999867
914 625 999999025
425 578 999999448
610 1195 999999931
364 1514 999999785
1533 1829 999998960
1891 1029 999998944
1867 156 999999057
1775 1402 999999156
597 170 999999495
1382 1076 999999076
1009 510 999999301
1885 989 999999443
1560 1381 999999435
13 1953 999999000
391 171 999999128
668 580 999999824
1638 1431 999999525
1689 1167 999999633
1473 1438 999999669
1271 1538 999999206
1965 1624 999999665
1705 423 999999097
1344 1148 999999738
416 149 999999517
1336 1768 999999697
1474 1988 999999225
1553 143 999999654
773 1684 999999324
1621 1310 999999018
1744 963 999999371
1270 414 999999413
823 646 999999341
1024 133 999998961
1289 320 999999459
127 422 999999516
954 813 999999221
726 1577 999999788
978 1872 999999059
390 1426 999999291
1500 1693 999999500
1043 615 999999865
1620 1672 999999886
465 1917 999999182
1616 1295 999999797
1621 1486 999999837
1626 879 999999475
1010 1141 999999918
1778 859 999999023
155 1711 999999693
1215 1136 999999571
1060 373 999999895
1343 590 999999754
181 1095 999999230
1096 1661 999999001
942 291 999999165
1790 198 999999284
593 1523 999999320
1627 474 999999219
425 1946 999999122
1164 1828 999999190
1928 1086 999999843
1845 345 999999647
814 68 999999532
1688 1068 999999001
668 940 999999033
473 1940 999999211
769 177 999999029
17 308 999999104
851 251 999999788
70 938 999999367
375 1785 999999549
321 1593 999999845
122 540 999998987
494 686 999999753
836 709 999999540
661 1192 999999146
540 51 999999891
1109 632 999999987
82 88 999999466
1407 1739 999999655
1918 327 999999926
1494 37 999999396
1098 1316 999998999
430 1051 999999688
799 1244 999999760
162 163 999999183
1449 399 999999029
1373 1924 999999011
535 358 999999842
1725 246 999999446
863 312 999999134
837 1818 1000000000
1414 817 999999741
205 635 999999496
716 1038 999999218
108 1704 999999266
262 1866 999998901
1580 290 999999773
879 453 999999568
1925 1014 999998958
1494 120 999999678
1706 707 999999944
698 681 999999326
795 1825 999999958
1301 1611 999999898
1738 393 999999231
1064 1252 999999098
1694 2000 999999720
222 1963 999999158
647 38 999998932
1927 1860 999999975
1713 730 999999562
155 1737 999999989
1922 1113 999999372
1904 1804 999999353
1537 950 999999968
948 1769 999999945
1501 1137 999999390
924 176 999999240
86 174 999999577
1009 1159 999999066
221 1283 999999135
1402 748 999999140
1231 338 999999997
877 1229 999999298
155 1228 999999787
251 301 999999969
1305 232 999998973
373 803 999999057
403 1755 999999220
816 1398 999999027
450 1261 999999677
917 1053 999999223
697 233 999999335
1484 1085 999998993
358 994 999999828
1377 700 999999627
1247 1482 999999048
648 926 999999563
54 344 999999701
707 807 999999142
375 1063 999999674
371 912 999999948
195 1487 999999849
1553 518 999999185
530 1766 999999131
185 1340 999999651
1807 1641 999999432
1316 622 999999051
544 1550 999999699
347 87 999999089
1782 1091 999998980
895 1497 999999407
518 733 999999996
101 1734 999999825
282 776 999999622
891 966 999999885
220 4 999999685
701 1191 999999232
1174 18 999999154
1812 984 999999220
1239 90 999998999
557 1165 999999166
903 708 999999227
70 1202 999999395
1833 1413 999999006
1623 723 999999059
1561 768 999998956
1156 1599 999999678
1007 1774 999999623
1335 485 999999593
60 1259 999999435
503 987 999999845
1229 571 999999248
1287 643 999999242
113 1679 999999992
949 1197 999999962
1854 53 999998993
377 58 999999975
1212 1727 999999633
1116 630 999999058
1498 1327 999999738
1873 1492 999999540
1032 197 999999186
897 532 999999093
1761 714 999999176
1587 692 999999125
426 73 999999508
883 1491 999999280
1947 1223 999999694
1842 1642 999999473
677 1954 999999557
82 491 999999974
1342 443 999999128
886 611 999999419
879 1213 999999948
1549 1139 999999566
485 758 999999727
872 421 999999344
1187 735 999999170
1588 1908 999999049
998 1077 999999261
1193 267 999999159
1141 1383 999999212
1962 1123 999998987
1681 764 999999369
726 832 999999891
992 1519 999999751
451 470 999999325
10 870 999999801
1527 1478 999999680
153 834 999999037
954 1931 999999510
439 1399 999999786
1503 201 999999506
399 306 999999528
1998 1594 999999005
963 928 999999821
800 999 999999599
567 1452 999999364
324 1133 999999322
1466 62 999998892
573 1365 999999767
1036 339 999999619
1925 821 999999304
1122 366 999999504
1664 1680 999999236
1928 408 999999141
276 968 999999438
945 605 999999632
603 367 999999700
287 991 999999077
1985 3 999999029
1992 1277 999999790
1809 467 999999166
1008 1964 999999176
1613 193 999998918
1775 83 999999388
1788 746 999999644
827 441 999999819
1264 1306 999999243
309 74 999999781
1226 5 999999591
1587 1844 999999998
1215 856 999999431
433 445 999999998
1746 1718 999999858
1778 1575 999999330
889 323 999999517
1027 1254 999999065
852 1454 999999139
498 1157 999999613
1390 1000 999999437
1708 523 999999246
1345 1006 999998955
1268 455 999998973
125 876 999999354
302 1912 999999983
1181 1016 999999189
43 1311 999999512
1859 1572 999999726
864 754 999999969
205 237 999999255
1807 1930 999999045
388 460 999999510
1966 1895 999999089
173 1182 999999567
41 1170 999999183
954 1350 999999305
1305 1634 999999134
1769 212 999999702
1122 1332 999999813
1494 1862 999999262
1437 1675 999999099
1846 1257 999999757
63 1263 999999680
1996 1850 999999715
173 106 999999880
718 146 999998979
1991 78 999999172
287 638 999999147
1158 828 999999690
509 789 999999727
453 102 999999529
627 1357 999999618
