2000 2
498 421 5
498 541 1
541 1858 1
1858 102 1
421 1356 6
498 1661 5
1356 1827 2
1827 1641 3
1641 609 2
102 741 3
1641 1155 7
1641 1042 5
1858 721 7
102 759 6
1042 1863 2
1858 252 4
1155 805 2
721 998 1
498 730 4
730 509 7
741 1250 3
1250 578 3
1250 1240 1
102 1036 1
1641 964 7
759 1804 7
759 642 1
1155 610 5
964 1847 6
1863 613 7
759 465 7
1863 418 4
578 80 3
252 1471 6
1641 456 1
418 325 6
964 700 5
1863 1203 2
325 915 4
805 1378 7
700 1817 3
613 316 2
1378 1732 4
80 1172 7
998 462 3
1847 1089 4
1732 1959 3
1804 658 5
418 909 3
1471 482 2
465 1358 1
1471 1307 7
613 735 5
1250 1916 6
465 911 1
509 1457 4
1378 1101 7
915 235 1
741 804 4
1358 237 6
509 904 2
730 1102 5
1102 1897 7
1358 1105 1
418 4 7
700 1559 6
1307 1945 5
1732 434 3
964 1012 3
613 916 6
541 1160 2
1959 239 6
1661 753 6
1356 1087 4
1036 749 4
916 1801 2
237 288 2
1378 845 4
1916 42 4
613 1754 3
741 1285 7
658 882 2
730 1929 2
482 1899 3
1897 1976 1
288 1140 2
1378 852 1
1042 707 4
1101 168 5
1804 470 3
1356 1635 7
1754 646 5
168 1530 7
1827 1092 3
1307 515 6
741 754 6
1457 1434 6
1899 1343 6
541 93 4
1285 329 4
754 1464 7
1203 1994 5
610 1517 6
730 1780 6
541 409 6
1012 1083 2
1641 12 2
325 1227 7
434 1143 3
316 752 2
462 205 6
1102 1948 2
1899 455 5
735 731 7
1089 1822 3
911 1059 1
1059 1595 2
1976 414 1
498 1279 6
12 1141 6
752 1728 1
1457 1077 5
1250 924 4
465 724 1
804 395 1
1801 958 2
93 1224 5
1224 1649 7
252 1233 4
1102 1442 6
325 660 6
1358 1612 1
1358 703 1
1612 1542 4
805 480 1
325 1551 2
909 204 6
1105 1644 3
916 1241 6
1083 77 3
1140 1337 4
916 1725 2
1233 1118 6
418 1006 5
482 1539 5
1233 1245 1
721 340 2
1780 362 1
660 1339 2
1059 860 3
1542 264 7
1224 1385 3
316 813 1
325 34 7
470 106 7
998 869 4
1945 966 1
1754 1684 2
1649 1978 3
1464 534 5
915 280 4
1725 1990 7
924 450 3
362 222 6
1929 718 6
703 1318 5
731 1115 1
1141 56 3
1725 521 1
958 1306 2
329 1265 4
1847 1537 6
1517 1452 7
609 981 7
482 599 4
1976 1874 5
909 353 1
1077 1491 6
916 527 1
264 1397 2
599 1521 3
42 1466 7
340 71 5
1539 111 1
204 1795 3
1307 1488 5
1452 890 2
340 90 3
1684 1957 3
450 802 5
1160 1788 7
509 1297 7
414 529 7
1728 1848 2
642 808 6
1087 1735 5
1241 1969 5
1118 989 2
1863 1808 7
759 1376 6
1595 337 4
252 1567 7
578 1331 2
1559 1933 2
1788 1236 1
749 565 6
1684 13 1
731 1642 7
1233 1668 1
541 723 3
1101 1640 3
610 309 6
1488 1738 5
1143 1779 7
723 499 5
456 822 5
909 523 6
414 1913 2
660 1759 7
1539 365 2
1241 459 1
822 1259 6
1779 1925 5
749 1693 6
735 1040 2
1539 809 6
1083 170 5
418 152 3
205 1526 3
1847 189 6
470 1839 1
288 1875 5
1735 1514 5
462 566 2
222 255 6
1042 663 7
1172 1986 6
1801 540 3
809 662 1
578 1900 7
1933 1501 5
529 1229 6
264 1058 6
1526 139 2
808 125 5
1900 542 4
808 1648 6
329 1609 2
1236 838 2
1875 127 2
459 1531 3
329 1757 4
1899 1794 1
1649 1954 2
723 341 2
1491 1996 4
1559 1733 3
1501 1568 3
1804 86 1
662 750 3
316 800 3
255 1409 4
1539 522 3
12 1992 1
610 1552 3
1539 1216 7
482 180 7
813 396 3
721 272 6
660 1796 6
465 557 4
1994 1942 1
1118 1273 3
735 767 5
1978 169 3
450 1819 7
916 1878 7
958 1423 7
1959 1574 5
1059 1410 5
71 319 4
753 1361 2
1092 298 2
1040 1919 7
1337 524 6
421 1251 6
658 332 2
434 485 3
646 690 3
255 1144 6
272 177 6
998 1997 3
1160 940 1
152 292 3
565 200 4
1817 1302 4
909 1293 2
177 1349 4
1899 244 7
1457 29 4
1661 1310 6
1337 626 5
1827 758 5
180 242 5
566 1703 1
1530 471 3
455 870 2
1819 313 2
1817 248 7
1343 269 4
724 503 4
1118 1772 4
90 1906 5
1216 124 5
1754 803 5
503 559 3
152 1879 6
456 1831 3
749 1440 2
127 1901 6
434 1091 7
749 536 5
1644 1351 6
93 1576 3
1471 1893 1
1735 1871 4
1141 935 7
1858 1015 5
1954 1411 2
1728 1009 1
1083 79 5
838 1133 2
735 411 4
313 1106 3
470 967 2
838 1181 1
1804 1806 2
1641 1405 4
1227 573 3
1526 630 7
1668 1710 2
916 1505 7
56 404 3
450 138 2
1684 1926 6
1986 51 7
1089 1268 7
805 1512 7
1224 1400 4
264 74 5
809 1836 4
1640 1119 5
1926 1887 5
1310 265 7
1568 1578 2
967 1834 4
646 953 4
503 878 5
599 1580 2
1102 306 1
1241 986 5
1083 1254 6
319 539 6
418 439 1
1273 938 5
1009 1257 1
1521 602 2
1942 1960 1
124 1859 2
1491 78 7
869 787 5
1227 431 3
139 76 4
418 1067 4
1839 1270 2
1302 1742 6
1780 554 7
539 892 3
1307 495 7
787 361 6
1848 1743 3
319 670 1
700 1333 6
1040 725 7
509 1666 5
1236 1429 7
565 1075 1
1236 1114 2
316 1762 2
1009 1364 5
93 1138 7
1531 270 2
78 1812 2
730 148 2
1106 388 3
265 1631 5
1858 786 3
1848 1608 5
1160 650 6
1241 1062 7
409 452 6
51 806 3
71 1972 5
1642 598 6
1250 1214 3
1240 778 4
813 1407 5
1293 1915 6
1306 894 1
200 616 2
139 1379 1
670 641 2
237 1885 7
1293 1809 6
1926 617 2
750 210 2
616 1782 2
536 968 6
1644 444 6
1608 563 2
1642 1319 1
658 1001 7
498 1748 6
1138 211 3
340 1516 5
1806 1002 7
138 1426 4
1788 454 6
1969 1700 4
4 1541 1
1782 1955 6
1827 1591 5
280 392 3
316 985 3
1926 1920 3
1954 972 3
1302 572 5
718 738 5
1144 2 5
599 463 1
822 1585 5
749 87 1
306 877 5
1036 166 3
523 637 4
1410 546 5
1273 729 5
1297 1063 6
465 445 6
1105 1550 5
1440 739 6
471 1704 3
1434 1999 4
805 1600 6
1440 944 7
800 1922 4
459 109 7
396 3 7
1318 1154 5
1996 28 2
1077 268 5
148 236 1
542 1300 5
180 1446 4
894 727 1
1839 497 6
497 1367 5
1804 1528 2
332 308 2
1743 601 3
613 1758 2
341 30 4
1285 708 6
1757 832 6
878 1126 7
1092 1113 7
1203 1752 3
1429 1332 2
616 603 2
1138 862 3
127 1767 2
1806 625 4
439 1924 2
966 1482 1
1641 1918 5
1241 1399 5
1062 1485 6
986 1883 3
1668 635 3
967 923 3
1233 883 1
1245 128 3
222 561 3
563 1773 1
1640 596 4
1600 94 7
1635 1555 4
1530 216 2
1259 238 3
1929 1931 7
981 555 6
1240 835 5
1992 579 5
1948 611 6
1259 1462 5
1091 1634 5
1612 666 2
1929 254 6
1285 146 2
1796 442 6
1254 982 4
610 1382 7
1916 706 7
361 665 6
1376 178 5
1997 1317 7
1819 1439 7
1181 1995 7
1385 1049 6
51 1498 4
480 1496 3
239 1024 1
1863 991 7
601 701 1
106 1652 7
557 1047 5
578 357 6
1485 1843 7
1241 461 2
1831 831 1
935 984 2
1819 518 3
1302 717 6
1801 302 1
1595 1696 3
725 1197 6
1042 851 1
1585 374 2
666 63 2
1012 1842 7
1879 267 7
561 476 3
127 897 6
411 1575 2
463 7 4
1772 1975 2
805 1680 4
966 1278 2
1782 1158 7
495 640 4
1948 1579 5
309 1818 7
34 1506 4
29 1639 1
968 680 1
1878 1489 3
470 853 6
1006 1543 4
1752 506 7
1635 8 5
292 846 7
1972 1391 3
434 1054 4
374 1170 1
851 1707 2
1434 612 1
1649 1717 5
964 1524 1
1885 1846 4
1772 469 6
210 854 6
916 1775 4
916 346 1
1948 1192 1
718 1784 1
361 281 3
1990 1593 3
1531 840 5
1899 21 4
1141 1522 3
860 1249 3
1471 1646 3
1752 276 5
325 1790 7
598 1849 3
964 348 4
71 68 7
1788 957 7
1822 1613 3
1270 873 6
599 101 4
1087 1098 6
787 906 3
29 415 3
729 1494 1
1498 1122 7
578 1189 1
731 734 7
1743 285 3
904 1183 1
1580 1556 1
870 1751 6
1197 919 4
1871 1722 7
374 504 7
418 438 6
1556 587 6
851 467 6
802 1781 6
124 595 4
749 32 7
1114 543 3
168 777 5
125 1043 5
1015 1799 4
1666 1713 2
609 1016 4
42 1328 5
1550 11 3
1452 1947 5
1885 917 1
1429 1201 6
658 1061 6
892 351 7
1959 902 5
1302 1911 6
802 417 7
325 202 1
1959 143 1
1133 1381 4
1105 356 7
1827 1833 2
877 1562 5
1919 324 2
806 614 3
1285 648 4
216 525 1
1925 429 1
1843 1252 6
442 1789 4
292 645 1
595 379 1
981 203 1
1735 1392 2
573 1532 4
1537 317 5
1524 1375 4
1754 246 2
365 1267 7
248 1776 2
1279 1110 7
418 1987 2
916 1394 2
204 1739 2
940 83 6
202 1206 6
1796 1687 6
1293 584 1
414 1565 3
444 545 4
79 1186 3
1317 783 1
1772 1855 1
860 197 1
313 1672 3
452 1944 1
1203 1456 7
237 198 5
803 27 7
1899 520 2
1059 360 4
1757 1072 4
365 305 7
252 947 5
572 1266 1
1693 1709 1
1307 1616 7
29 550 1
650 615 3
317 22 6
741 1768 2
1229 23 3
968 1599 7
200 314 2
1143 791 5
662 1296 7
503 685 7
1514 119 2
1754 474 5
1944 121 1
1831 1998 1
540 993 6
542 1237 4
1058 1191 5
573 1425 7
7 1312 5
972 1205 5
1801 1602 6
981 793 6
717 1470 5
1394 1655 6
832 1970 2
626 1212 2
545 661 3
616 1449 3
1562 830 4
1036 1548 1
1216 879 1
1317 823 2
879 1837 2
1790 1777 1
264 1053 5
890 884 5
981 1231 2
1833 1065 5
76 747 1
1817 1898 3
1361 1676 6
429 419 2
1898 10 1
93 1422 2
1496 834 7
947 14 4
529 711 7
884 1907 6
346 1620 7
845 644 4
419 1547 6
341 631 1
1552 893 1
1748 1033 7
947 406 2
1754 1658 6
450 144 3
169 1536 2
879 1305 2
211 568 4
1559 1444 5
730 217 7
998 592 7
1728 378 3
897 1200 5
1646 1020 1
661 173 7
536 1558 3
520 705 3
1804 1357 4
242 99 2
1644 1984 2
1620 1825 1
317 1581 2
2 103 2
1273 1656 7
1789 243 6
1581 1909 1
1399 1027 5
1349 1292 3
1676 89 3
1065 1071 2
802 1800 6
1834 226 1
1666 995 4
883 1791 3
554 162 3
578 408 7
1429 164 3
806 996 3
87 647 7
626 859 6
1337 715 2
1358 746 5
919 1225 3
1676 60 1
1399 743 2
647 1982 6
1738 1824 7
909 1173 3
1759 817 5
615 1628 1
1732 586 3
1089 207 1
1501 1377 1
996 1712 2
222 6 5
739 1902 6
985 413 3
542 1202 3
1310 1719 4
1849 1326 4
103 1329 7
923 1048 4
1817 472 6
1048 1664 3
1742 694 5
1975 1000 3
793 181 7
787 58 7
1411 140 3
630 1247 1
90 931 5
1945 745 4
666 562 7
314 828 4
246 720 1
309 1284 6
1676 1057 5
1752 1657 6
1113 323 2
985 47 4
1906 1046 2
884 1019 1
1381 683 3
1559 710 1
540 108 2
346 1663 2
598 772 2
1707 187 4
804 359 1
893 945 7
1009 987 7
1843 732 1
1524 279 1
319 82 4
1423 712 5
11 1107 7
1516 908 5
431 1130 2
30 1917 4
308 468 3
1722 1165 2
1233 1179 3
1191 1094 1
1200 790 5
536 219 1
1251 606 2
1948 1010 3
1130 19 7
1267 1340 5
917 464 6
1505 275 2
1040 104 5
1000 886 4
111 978 4
509 2000 5
180 702 4
1089 1363 1
444 1688 7
1488 1286 1
1531 937 5
1922 627 7
1444 1431 7
1106 1041 4
879 1208 7
1784 1651 6
374 824 4
353 1148 6
1751 1778 7
1233 628 2
429 1159 1
281 1910 7
972 225 2
1879 117 4
902 1750 3
1363 1756 3
211 433 6
1900 1601 2
1550 1811 2
238 430 3
1457 636 2
1680 1679 7
518 1324 4
1847 91 5
515 289 3
786 1650 4
1063 376 1
152 553 7
1254 1125 2
1663 1031 7
442 799 2
1268 1702 1
1122 1583 5
317 1093 1
1019 1546 3
236 334 6
244 1421 4
1926 1162 6
1680 126 6
1006 135 3
102 1336 3
1693 263 4
242 339 3
78 713 6
1996 136 4
325 1807 6
565 26 4
1978 866 1
1411 1450 4
723 581 3
721 1473 7
1738 516 3
1201 1244 5
1075 1373 7
753 1894 6
1312 1921 5
126 1538 3
1702 576 3
1911 633 6
1105 1734 2
1567 344 5
1382 1730 2
902 1745 7
1709 1178 1
1170 183 3
10 46 3
1924 1654 3
1900 781 7
1450 1263 6
772 1862 1
1997 941 4
720 1723 1
1722 241 5
408 335 4
344 1341 4
1382 1294 3
1024 740 6
1539 959 7
1205 760 6
993 64 5
1947 1872 4
279 1590 3
1075 1291 1
1356 1384 2
1489 73 6
1130 389 5
1259 1610 4
731 345 1
1635 440 6
76 1111 5
1836 1573 5
168 350 4
111 1981 5
944 1424 3
1473 1448 1
1205 1088 4
89 769 4
1357 1417 4
361 473 5
1058 1210 3
332 756 6
869 1765 3
1658 1941 7
777 399 6
1998 118 4
1668 1699 4
635 689 1
1772 1076 7
485 486 5
1583 96 7
357 1374 6
1668 639 7
1550 970 3
1440 621 7
1240 1345 1
236 1838 2
1210 1005 4
1887 1633 1
1501 1035 7
1020 1272 2
1093 934 6
1707 1814 3
450 230 4
1498 849 5
485 1510 3
1987 737 1
1872 1895 1
497 1366 4
119 328 3
846 174 3
1704 1430 6
1431 1912 3
1324 1500 4
230 1525 2
1652 1044 7
1616 952 4
1006 755 7
662 1073 6
1501 1463 3
1306 1932 5
809 1952 3
711 1908 1
1552 798 6
216 1483 6
767 1705 4
1464 827 7
1143 387 6
388 460 6
63 228 4
1336 507 6
1516 1219 6
1482 604 2
47 291 2
108 774 3
1998 1395 4
335 412 4
540 81 4
14 1659 3
1984 1068 2
647 742 3
1661 1729 4
1286 1802 4
1583 1404 3
550 1190 6
1676 956 2
207 1432 2
998 1971 5
1059 1476 5
718 668 4
1917 933 3
1092 1039 4
518 1771 2
1394 130 3
497 1028 4
1506 697 2
1556 282 5
1293 948 7
1955 1747 7
1040 815 7
1546 847 2
56 1164 7
831 977 4
138 209 3
1054 191 2
1293 1234 2
361 764 1
238 780 2
831 526 6
707 52 1
791 491 5
924 1066 4
180 369 1
337 1841 2
1024 699 6
1009 1715 3
737 577 1
118 400 5
1635 1038 4
180 748 7
902 1761 5
392 816 5
334 1074 4
1040 1563 4
10 1415 5
610 1445 5
396 1196 7
606 1289 7
103 1740 4
226 304 2
665 1721 5
518 41 1
529 1447 5
940 1416 3
735 75 4
317 836 6
981 1260 4
1782 260 2
1550 885 7
740 597 7
1612 266 4
845 801 4
280 493 6
739 1594 1
739 858 3
886 588 7
1601 85 6
1416 1892 3
1259 1365 4
164 943 4
854 779 7
1723 1007 4
460 1325 6
1105 1127 1
573 1867 6
282 963 2
602 1132 7
180 519 6
972 961 4
313 201 2
1107 116 2
1001 231 7
272 287 3
779 381 4
463 326 1
74 1029 5
1336 921 1
561 220 2
832 1966 6
1143 1880 1
787 929 3
464 1096 7
1392 57 5
279 1683 2
1291 1078 2
516 1069 2
1657 97 1
1391 172 4
1404 1835 3
1981 693 1
904 233 2
968 1695 2
772 888 2
1015 1171 3
1893 145 6
1563 251 6
708 354 1
916 954 5
1233 657 3
882 751 7
847 1469 2
725 664 5
1345 655 4
102 1724 2
706 1850 2
717 569 3
621 1079 3
1944 1638 2
609 1370 1
255 1671 3
1702 1468 7
1972 1262 3
1268 891 6
121 1147 5
1825 1853 7
148 25 1
1494 234 3
824 1018 6
751 1177 4
1898 1716 3
1672 155 7
1655 500 1
1000 768 7
1556 1 1
749 257 4
772 1253 4
944 1323 7
316 1308 1
464 489 7
198 1435 4
799 426 5
1531 416 7
260 368 5
323 676 2
1516 1564 5
885 1896 5
1253 1213 5
1652 422 1
929 303 5
143 643 1
1994 990 3
1893 1472 1
1954 1670 6
1900 1355 1
1723 1961 3
1092 867 2
1835 188 7
701 505 7
740 483 7
241 560 5
1700 775 4
308 165 6
417 1335 6
1955 1744 2
755 294 6
1847 1770 1
507 1741 2
753 1980 5
304 1678 4
816 1520 2
1744 496 7
155 1523 2
1183 1816 5
755 594 6
469 1327 5
1899 782 4
1500 1474 7
1410 1726 6
14 401 2
1872 1627 1
1367 262 2
1018 1597 5
893 821 2
1250 457 1
783 1667 3
1457 932 1
599 227 6
46 156 6
1027 1026 6
1976 158 1
1542 446 7
1440 301 1
1018 1884 6
1745 1873 7
1835 110 7
1415 814 7
1035 1418 4
117 714 3
1913 918 5
835 899 3
1678 17 2
1639 843 7
1036 1832 4
526 1682 7
860 1352 4
1462 44 5
911 1295 1
967 1936 3
1971 214 2
1699 1443 4
505 763 6
1058 1619 3
1648 1223 5
588 425 4
303 218 3
1241 514 3
164 1455 3
242 558 1
491 432 2
562 1025 7
694 115 3
503 256 6
200 1783 2
882 1582 6
1814 331 5
476 437 3
720 950 4
1044 1004 5
1472 544 6
1846 320 2
1031 261 2
858 1248 5
1015 1230 4
1832 477 5
1990 1195 3
894 1235 3
1449 1228 4
1341 926 2
694 502 2
1067 1690 2
1915 247 6
1909 1527 6
1530 105 7
144 682 1
1801 1988 6
1650 1706 1
541 624 4
461 481 4
650 342 6
1536 992 2
1308 1946 2
909 925 5
233 1161 7
666 435 5
168 373 7
25 1490 7
219 66 3
1976 1013 4
1531 600 4
1849 475 6
1177 876 4
529 380 6
1887 580 5
606 1544 6
1740 1045 6
51 349 7
58 844 6
63 385 5
800 1935 5
396 33 6
416 1276 4
1918 1187 2
408 744 1
476 487 4
963 874 6
1206 259 6
169 1238 7
1098 1226 2
1678 1598 7
4 1134 6
742 70 4
1463 1064 6
1658 1401 5
1544 980 4
615 1914 2
1702 171 4
1782 979 2
1551 788 2
353 153 7
1843 383 7
1195 912 6
1319 215 6
471 1677 1
579 1698 6
1994 1840 6
1187 250 5
1471 1207 2
1721 1157 6
1982 517 2
1573 1493 1
1594 1146 2
1758 175 5
1884 761 7
1715 1605 2
1291 372 5
1796 49 7
361 1387 1
218 1964 5
984 1137 7
1113 494 6
1111 949 7
267 488 6
387 420 2
750 98 2
1216 15 2
1114 698 1
849 1686 1
435 1615 6
1744 1905 7
715 1529 6
1761 1283 4
734 149 7
268 1940 1
429 1389 3
17 100 7
1548 951 5
1910 1864 7
497 1060 4
30 1766 7
230 1120 7
1181 364 1
1849 1011 7
1447 571 3
44 1844 2
1818 9 6
155 605 5
1984 1636 4
1399 939 2
1644 123 4
374 1037 2
1712 556 3
772 48 7
381 675 7
992 137 5
1841 583 7
1042 1342 6
676 726 4
198 1487 7
693 1371 4
289 1398 2
705 43 3
689 1927 3
146 403 1
1920 59 7
1162 37 6
1633 297 3
545 1017 3
429 535 7
323 1662 2
909 619 1
1520 69 1
1732 1198 6
1556 983 4
1306 1513 4
350 692 4
111 1129 6
1531 875 4
1658 1928 3
115 24 7
1305 994 5
742 271 1
1600 533 7
843 358 5
1752 1167 6
781 182 3
99 300 7
668 1956 3
1119 458 5
1912 1264 3
1855 1499 7
357 1923 4
866 95 3
379 591 7
1490 1467 3
87 1288 6
291 914 5
1745 1645 5
761 1151 4
647 1433 7
1170 492 3
301 1876 6
1595 448 3
1867 224 2
1310 667 3
1712 1577 3
676 1509 6
836 681 4
485 1163 6
939 371 4
985 1121 3
1716 1589 6
1394 1322 2
1730 290 1
888 1665 3
1060 67 3
1859 62 5
566 796 1
643 1890 6
1984 653 5
1019 1454 5
219 1497 1
493 997 4
1772 120 2
1019 315 1
360 1084 6
371 72 7
690 848 3
1283 795 2
1235 1023 4
1902 999 4
1267 1993 3
1770 1149 6
1601 1008 3
1048 818 2
409 607 2
1633 283 1
70 1316 7
256 1553 4
463 134 2
1026 45 4
1601 1930 3
1847 766 3
1766 1637 2
362 150 1
662 1991 6
1925 513 3
1121 151 3
682 184 6
1955 1507 3
1448 1554 4
611 1281 7
1520 649 1
1197 1685 7
1267 1886 2
104 1215 5
636 1479 4
573 971 4
891 382 1
653 1116 4
1957 687 1
611 1242 3
1613 212 1
1585 765 7
128 1290 6
1842 84 4
291 632 4
1472 1557 4
81 65 1
998 538 3
1045 839 1
615 386 3
1474 1321 4
317 728 3
798 1166 4
1196 1070 6
1913 1097 5
1469 410 2
486 1793 1
788 1647 2
463 898 1
1292 1614 3
951 1983 5
1771 679 2
1520 199 6
1770 132 1
499 40 4
1690 147 4
350 907 2
581 131 7
8 1194 7
1793 407 3
795 1090 6
1875 1569 2
138 1629 2
668 1492 3
1836 1303 7
1130 1951 7
1894 1277 1
1341 36 7
507 1549 1
657 299 3
144 321 1
265 466 2
473 1977 7
1240 274 7
445 826 5
1234 1152 1
847 1104 1
984 1939 4
1379 249 6
1923 1669 7
1717 20 5
1835 490 5
407 193 7
1147 1868 1
717 574 2
728 1798 3
1594 1869 5
126 789 1
1076 1495 3
690 1050 1
108 1082 7
1251 1949 6
1037 221 5
1398 1346 5
1568 1419 4
403 672 7
759 1755 1
1228 1504 7
425 1246 2
703 1845 3
1556 819 5
153 1989 2
724 1099 1
261 1518 2
373 479 1
378 1965 5
3 1458 7
1162 1689 3
1376 872 5
1216 792 3
699 1985 3
587 286 3
1742 1829 3
873 1570 2
1734 1315 2
6 794 2
433 811 7
1010 397 1
578 273 6
1848 1309 7
944 1746 2
838 784 5
1493 1174 7
698 962 1
452 1535 3
123 547 1
461 112 2
1189 114 2
1684 960 6
148 548 5
1047 508 6
200 895 1
462 1968 5
1189 861 7
1172 1805 3
943 762 3
165 1182 2
1151 881 2
682 1943 3
114 1571 6
1741 229 1
876 1937 4
1325 1169 1
568 1258 4
1814 1792 6
962 1185 6
458 1380 4
419 245 3
1671 1626 2
1010 142 3
1580 955 1
1771 567 6
1426 677 7
238 1877 5
1895 363 6
1424 785 3
1573 161 4
1724 394 4
860 1881 3
1134 1870 2
125 1021 2
662 1606 7
1698 1218 2
1798 390 6
972 733 1
19 936 3
8 1797 7
1665 293 7
373 1813 6
285 1769 7
1872 322 7
632 1572 5
1489 1168 4
182 1481 7
1654 812 6
1547 1786 3
1939 1320 6
1177 903 2
1863 402 5
1116 856 6
576 973 6
1236 1408 7
1097 278 2
1000 1851 6
204 1123 4
246 651 3
527 1139 5
762 1334 1
1563 842 6
783 678 3
1722 1803 6
1227 511 6
60 1701 4
893 1950 7
1577 1588 5
851 88 4
1434 484 7
1522 1508 4
1321 620 2
234 1596 4
1370 38 6
1638 905 6
653 1314 6
1244 154 7
604 1051 4
1063 1979 7
255 453 5
1705 190 7
1072 1095 5
1814 863 4
754 510 3
613 1217 4
201 593 4
989 133 5
1257 1484 4
1818 686 4
1125 1477 7
763 1515 7
1190 1478 7
356 54 4
508 1451 4
142 1255 7
494 1617 2
272 393 7
780 1566 1
299 1032 5
765 240 5
1317 927 6
749 1934 3
596 1354 4
835 1239 7
245 1412 2
1855 1386 5
658 1692 7
1141 196 2
1616 1271 6
1497 1621 7
1728 1348 7
110 669 4
177 1204 3
1343 179 6
578 1369 7
1361 722 1
1213 1420 3
943 773 5
830 92 2
547 327 3
425 223 1
636 1587 3
1741 311 4
1291 1674 5
792 1437 6
1028 1103 2
919 659 2
319 352 1
1869 232 4
766 1860 3
1645 347 4
827 770 2
234 1622 7
1576 1150 2
912 1774 6
908 1592 3
1314 355 2
88 107 5
1710 1660 7
1408 1180 6
986 920 1
720 1428 7
915 1427 3
1245 1810 7
178 1584 6
434 194 5
1089 1460 4
1201 1763 1
1517 1962 3
610 512 4
677 674 1
1277 113 2
677 582 2
1569 969 1
493 384 3
1748 833 1
1838 55 1
1005 1882 1
541 691 4
481 589 5
1723 295 2
352 186 5
1428 1086 5
1867 1764 2
1536 1243 4
212 695 4
1786 1193 4
1733 1624 5
1968 1958 5
1928 1753 7
586 1353 5
796 370 5
1542 1697 1
1635 258 6
594 436 2
25 1299 4
1410 53 5
539 192 2
1588 31 6
251 1220 1
1588 688 7
1584 1034 2
798 671 1
600 1344 4
1205 1486 2
580 1903 6
1515 709 2
1427 449 5
596 1100 5
1893 716 3
1717 1109 1
753 638 6
936 1287 2
1206 253 6
1706 1691 6
349 1441 4
467 1280 2
1835 1632 2
293 1438 3
1259 1749 1
524 1826 3
452 900 1
488 532 5
1517 1402 7
329 1403 1
1951 1156 7
149 1974 2
1084 1475 1
1809 1055 3
858 375 3
848 157 3
903 1938 3
387 195 7
464 810 7
1180 1211 4
131 167 6
83 1056 6
1899 1643 7
1074 1534 4
282 896 3
509 1891 5
1646 1080 7
968 1298 5
1669 1145 4
1853 1675 2
734 336 5
1682 634 7
1394 797 6
752 1459 7
1202 1953 1
749 1511 4
1841 807 4
1966 1963 1
83 864 1
1917 1453 7
1979 1359 5
1366 622 1
1247 1540 2
211 585 1
983 1338 3
1320 501 1
550 405 7
659 122 2
1646 654 1
830 1852 7
439 976 4
289 35 2
239 837 6
239 1711 6
1130 1830 5
1693 1561 6
1996 1124 7
1007 850 7
1612 1282 6
1286 18 7
592 829 5
1508 1625 4
1094 1611 3
490 206 5
752 185 7
659 1390 1
267 736 7
1043 443 7
769 528 7
770 841 3
1194 975 3
1100 537 2
1733 1720 4
970 1081 2
740 1714 4
1674 159 3
1674 1736 7
545 1414 6
146 608 2
95 1545 5
1620 1347 5
1225 1301 5
1061 310 7
1429 696 2
1840 549 1
1836 1209 3
1045 1823 5
569 39 2
399 1311 1
1133 871 1
73 176 6
909 1760 6
1564 1967 4
540 1465 1
614 1708 4
353 1866 7
1026 1014 4
1318 1274 4
1960 1085 7
657 129 3
1354 1607 1
1233 974 1
1729 618 3
1149 1436 5
1599 208 5
653 922 6
1229 160 3
549 1502 1
908 880 3
1238 656 2
1969 16 2
1274 1718 3
1840 447 2
1555 1731 1
1216 1861 4
1240 1350 3
1168 1261 4
1033 427 4
1574 1681 3
506 1787 2
762 1131 6
416 1388 7
1718 366 5
1682 820 6
1657 1618 3
1617 1856 7
607 1330 4
1795 590 4
1164 1560 4
243 1022 7
1526 428 2
3 1368 4
56 629 4
733 776 7
628 887 2
1696 1785 5
700 1413 2
283 868 5
653 312 2
81 1533 5
1119 942 2
916 1888 6
1681 855 2
690 1461 7
1154 1603 5
727 1372 2
1812 424 6
1628 277 7
130 1188 4
427 1821 5
1859 330 3
649 1003 2
1850 213 1
535 652 7
586 333 1
954 1313 3
1370 50 5
914 757 5
443 704 6
213 141 7
1606 163 1
432 1232 5
831 1135 6
689 623 6
1576 1362 5
759 1199 3
226 673 1
1270 296 7
1721 1112 1
383 1406 7
602 1820 7
1978 338 5
1057 1857 3
726 307 7
1841 1854 1
461 398 6
1843 1396 2
1502 1136 2
1070 343 1
1597 889 5
59 1727 3
609 61 2
1335 1673 4
1164 377 2
1977 1108 1
1562 1480 1
50 1623 7
657 865 2
1796 1117 3
1008 564 2
1194 284 4
554 1184 5
1917 367 1
1145 1653 4
1455 478 2
429 1222 2
839 1304 6
731 1694 4
1282 1153 6
819 857 2
111 1904 5
180 965 5
911 1503 7
488 988 1
466 1815 4
2 391 1
1993 928 4
848 530 2
1243 1176 2
1708 575 6
1057 1519 5
1894 1142 6
1806 946 7
232 1256 2
163 531 6
947 1030 3
332 1586 3
1913 1393 5
630 441 2
381 1604 7
1934 1269 7
676 1865 3
543 684 6
79 1275 3
1067 5 1
569 318 4
111 1128 5
501 1889 2
1474 771 7
1493 1175 5
867 1973 4
1325 1221 4
57 1737 1
934 719 6
1841 570 5
989 930 4
1341 1383 2
22 1052 6
641 901 6
1230 1828 7
804 913 2
297 825 3
1622 1630 4
72 1360 5
1541 910 1
1610 423 5
1895 451 4
1928 551 3
98 552 4
