123 1
1 2 999999995
2 3 1000000000
3 4 999999997
4 5 999999998
5 6 999999997
6 7 999999996
7 8 999999999
8 9 999999994
9 10 999999996
10 11 1000000000
11 12 1000000000
12 13 999999996
13 14 999999998
14 15 999999994
15 16 999999998
16 17 999999995
17 18 999999997
18 19 999999998
19 20 999999994
20 21 999999998
21 22 999999995
22 23 999999998
23 24 999999996
24 25 999999998
25 26 999999998
26 27 999999996
27 28 999999996
28 29 999999995
29 30 999999997
30 31 999999999
31 32 999999995
32 33 999999995
33 34 999999998
34 35 999999998
35 36 999999996
36 37 999999997
37 38 999999995
38 39 999999994
39 40 1000000000
40 41 999999994
41 42 999999998
42 43 999999996
43 44 1000000000
44 45 999999998
45 46 999999998
46 47 999999996
47 48 999999997
48 49 1000000000
49 50 999999994
50 51 999999999
51 52 999999998
52 53 999999994
53 54 999999998
54 55 999999997
55 56 1000000000
56 57 999999995
57 58 999999997
58 59 999999998
59 60 999999999
60 61 999999995
61 96 999999999
96 119 999999999
119 102 999999998
96 94 1000000000
96 111 999999996
96 107 999999996
107 76 999999997
76 65 999999995
94 117 999999996
94 101 999999997
102 121 999999997
96 64 1000000000
119 108 999999996
108 68 999999996
107 87 1000000000
68 104 999999994
65 120 1000000000
94 106 1000000000
94 88 999999997
65 73 999999996
120 63 999999994
76 78 1000000000
121 116 999999999
121 97 999999998
88 91 999999997
88 90 999999997
97 77 999999996
64 99 999999999
101 118 999999997
101 109 999999998
108 114 999999996
76 112 999999998
119 66 999999998
73 89 999999995
116 123 999999998
112 81 999999995
65 110 999999997
121 100 999999998
108 122 999999995
64 93 1000000000
104 72 999999999
116 62 999999997
64 74 999999995
63 98 999999996
63 82 1000000000
93 103 1000000000
118 86 999999997
65 85 999999998
116 67 999999995
64 80 999999998
77 95 999999998
99 113 999999995
97 79 999999996
112 84 999999999
84 70 999999995
117 105 1000000000
113 69 1000000000
66 92 999999994
89 71 999999998
121 83 999999999
70 75 999999994
120 115 999999994
