4321 1
1 2 370508973
2 3 234694683
3 4 733544483
4 5 771470126
5 6 739613937
6 7 849052095
7 8 782688122
8 9 301911773
9 10 520272722
10 11 817694911
11 12 43473796
12 13 105589742
13 14 263758075
14 15 575702311
15 16 414894436
16 17 44345815
17 18 936248968
18 19 923706801
19 20 580903438
20 21 783406398
21 22 489074623
22 23 457254886
23 24 31858161
24 25 716667018
25 26 934262344
26 27 539750516
27 28 615980678
28 29 916059800
29 30 699755029
30 31 955283203
31 32 650009621
32 33 255349630
33 34 781866476
34 35 170387911
35 36 906880498
36 37 42048899
37 38 779665980
38 39 693873638
39 40 98013850
40 41 991781473
41 42 103131891
42 43 318372102
43 44 498136831
44 45 87424383
45 46 48730883
46 47 267137777
47 48 543779003
48 49 396263561
49 50 654863574
50 51 438380537
51 52 992759343
52 53 151302383
53 54 318496227
54 55 436822059
55 56 214718292
56 57 997789878
57 58 154663317
58 59 971139143
59 60 59842395
60 61 541747741
61 62 616581479
62 63 276303972
63 64 774174362
64 65 738046733
65 66 485879653
66 67 446485271
67 68 563048851
68 69 142051847
69 70 49517415
70 71 955984288
71 72 548243334
72 73 620852102
73 74 831199313
74 75 585713050
75 76 14176696
76 77 44511696
77 78 222222219
78 79 414755794
79 80 68694790
80 81 354600285
81 82 292831342
82 83 376807842
83 84 80108685
84 85 61888967
85 86 224239924
86 87 114069024
87 88 41129947
88 89 574246667
89 90 572205845
90 91 631848843
91 92 176853080
92 93 252331306
93 94 799523958
94 95 586944599
95 96 30962847
96 97 701510149
97 98 595835407
98 99 489422682
99 100 864631558
100 101 988222898
101 102 216682560
102 103 444482380
103 104 467219588
104 105 4880209
105 106 417277271
106 107 644969436
107 108 296822568
108 109 92371589
109 110 6086383
110 111 800564375
111 112 100385364
112 113 47627978
113 114 619492756
114 115 606991208
115 116 946871378
116 117 6387548
117 118 567277236
118 119 194074544
119 120 930668056
120 121 260094216
121 122 274249861
122 123 610469137
123 124 270881965
124 125 47837309
125 126 842751579
126 127 471119482
127 128 125889257
128 129 342311876
129 130 919971391
130 131 76893331
131 132 708525464
132 133 183612605
133 134 836013268
134 135 36959796
135 136 146457739
136 137 84900261
137 138 428001722
138 139 502191045
139 140 507122377
140 141 636157068
141 142 718230304
142 143 84101313
143 144 239489637
144 145 510936353
145 146 313142290
146 147 647516074
147 148 148494494
148 149 370946038
149 150 345016619
150 151 488451827
151 152 727340749
152 153 732011491
153 154 776277346
154 155 930181891
155 156 33558718
156 157 819114615
157 158 489140229
158 159 205389859
159 160 774101256
160 161 656837838
161 162 53075811
162 163 839425166
163 164 398671013
164 165 107698623
165 166 555004112
166 167 432614657
167 168 367873229
168 169 239923284
169 170 563811963
170 171 82773349
171 172 188213737
172 173 857827500
173 174 449053383
174 175 775634295
175 176 652820547
176 177 253942678
177 178 757544329
178 179 409956212
179 180 6498702
180 181 494980289
181 182 929535586
182 183 554023749
183 184 135522892
184 185 839036727
185 186 312627681
186 187 233912130
187 188 466078094
188 189 147143374
189 190 284992315
190 191 770267167
191 192 641813425
192 193 940836866
193 194 723097195
194 195 484581186
195 196 97986872
196 197 538362227
197 198 905327572
198 199 918846803
199 200 503295638
200 201 99169174
201 202 874937696
202 203 50287435
203 204 658303477
204 205 270771789
205 206 343592924
206 207 182730079
207 208 242805737
208 209 617075653
209 210 991951802
210 211 818367747
211 212 821431635
212 213 422084654
213 214 838276931
214 215 427638191
215 216 480271400
216 217 677857568
217 218 144359813
218 219 391817753
219 220 96096163
220 221 973470769
221 222 592774931
222 223 384588656
223 224 648725694
224 225 358246433
225 226 651120084
226 227 591548448
227 228 452946767
228 229 639746126
229 230 909985994
230 231 549028996
231 232 940571454
232 233 350263583
233 234 420324826
234 235 118597371
235 236 987130331
236 237 33778167
237 238 773953155
238 239 522209400
239 240 7703705
240 241 627134309
241 242 396575081
242 243 595612920
243 244 838029545
244 245 210283914
245 246 631126477
246 247 713928178
247 248 792713629
248 249 942378387
249 250 861636878
250 251 48760019
251 252 111331598
252 253 130367752
253 254 657471118
254 255 313699605
255 256 69869622
256 257 418143817
257 258 176622529
258 259 465406521
259 260 744917845
260 261 797520677
261 262 484560606
262 263 545077390
263 264 743417400
264 265 556366748
265 266 712117792
266 267 637348607
267 268 269589807
268 269 952857920
269 270 690467533
270 271 479160515
271 272 187082549
272 273 380325029
273 274 211412125
274 275 58594509
275 276 688859140
276 277 571208197
277 278 44248083
278 279 441150891
279 280 102437365
280 281 968849011
281 282 224299517
282 283 761143506
283 284 771781935
284 285 537736859
285 286 132185831
286 287 942132391
287 288 815127978
288 289 850703805
289 290 625690681
290 291 903323049
291 292 234062025
292 293 837879712
293 294 987007977
294 295 124858136
295 296 399151827
296 297 953310002
297 298 698675119
298 299 192126431
299 300 400987570
300 301 387366476
301 302 90906200
302 303 999613577
303 304 740801352
304 305 685604599
305 306 352207363
306 307 84202003
307 308 784302820
308 309 522853648
309 310 98161606
310 311 534654340
311 312 863896526
312 313 371958309
313 314 178386140
314 315 248666962
315 316 342436466
316 317 73493296
317 318 398712041
318 319 4277641
319 320 820313708
320 321 960438388
321 322 600879458
322 323 158420537
323 324 841709920
324 325 936804423
325 326 314799329
326 327 580083136
327 328 674471144
328 329 417811536
329 330 679921634
330 331 682400145
331 332 536545229
332 333 224791822
333 334 445379053
334 335 150712101
335 336 135044888
336 337 602179509
337 338 888046293
338 339 175661573
339 340 347004558
340 341 687487895
341 342 939992177
342 343 204289632
343 344 816960312
344 345 434486638
345 346 972508260
346 347 448271697
347 348 729760997
348 349 813951756
349 350 616314896
350 351 90810785
351 352 188952250
352 353 739618678
353 354 928734082
354 355 115531550
355 356 999484312
356 357 508706722
357 358 494439719
358 359 79605115
359 360 40838918
360 361 332394627
361 362 744491914
362 363 81349301
363 364 438085609
364 365 123850319
365 366 79114193
366 367 379847452
367 368 774710074
368 369 151823729
369 370 283802439
370 371 99374058
371 372 230477212
372 373 717469737
373 374 186153626
374 375 593280275
375 376 494992098
376 377 128009449
377 378 262135399
378 379 13652768
379 380 267261897
380 381 127875127
381 382 713595683
382 383 499437458
383 384 679247324
384 385 879668788
385 386 315877162
386 387 160848122
387 388 485436653
388 389 443435212
389 390 47336188
390 391 803324098
391 392 31388169
392 393 52940993
393 394 721022687
394 395 125547229
395 396 681793152
396 397 72232113
397 398 115319339
398 399 141864173
399 400 397269213
400 401 169966140
401 402 260626242
402 403 271571186
403 404 894156421
404 405 143872882
405 406 590881602
406 407 775662858
407 408 132878888
408 409 498418086
409 410 372026227
410 411 319883966
411 412 931209893
412 413 776814087
413 414 361253290
414 415 440736733
415 416 584134800
416 417 51311288
417 418 247858163
418 419 426832133
419 420 172261545
420 421 184792431
421 422 337996027
422 423 397941246
423 424 727406536
424 425 690209953
425 426 799485818
426 427 945925619
427 428 350422986
428 429 158948822
429 430 776156258
430 431 42539522
431 432 642653575
432 433 383357456
433 434 430783764
434 435 808309283
435 436 65530231
436 437 500443278
437 438 404194888
438 439 605668927
439 440 198131081
440 441 34903642
441 442 362458657
442 443 579008501
443 444 940433522
444 445 179524106
445 446 840087279
446 447 789385969
447 448 848971589
448 449 784128849
449 450 893890345
450 451 612395775
451 452 794137195
452 453 245932032
453 454 266603121
454 455 147750199
455 456 539460433
456 457 828501569
457 458 341886229
458 459 563078272
459 460 489046947
460 461 992104354
461 462 234825564
462 463 431272734
463 464 643514907
464 465 827378851
465 466 799717626
466 467 901460450
467 468 141615337
468 469 510049855
469 470 446155933
470 471 677337448
471 472 992637561
472 473 606501025
473 474 150816638
474 475 744514600
475 476 817137972
476 477 272934611
477 478 979898857
478 479 107983950
479 480 262549129
480 481 731783359
481 482 237030116
482 483 975956199
483 484 415724001
484 485 308964310
485 486 940661496
486 487 70620899
487 488 952933052
488 489 12748832
489 490 668721565
490 491 66896329
491 492 192637316
492 493 42992108
493 494 13836958
494 495 422481002
495 496 850225404
496 497 175139662
497 498 165180969
498 499 647657253
499 500 373806300
500 501 172799819
501 502 641628961
502 503 135517712
503 504 751976467
504 505 527201468
505 506 157528348
506 507 879074926
507 508 717751694
508 509 837059053
509 510 286115468
510 511 526768237
511 512 466149519
512 513 347583349
513 514 470788575
514 515 6786249
515 516 825794002
516 517 725942825
517 518 66444362
518 519 831857466
519 520 909872286
520 521 139927356
521 522 850419177
522 523 136915179
523 524 178410710
524 525 454593530
525 526 399604456
526 527 970711017
527 528 306779654
528 529 84875172
529 530 6330899
530 531 176703984
531 532 686937059
532 533 479047535
533 534 435711336
534 535 81171076
535 536 590141681
536 537 431733915
537 538 597627964
538 539 552157123
539 540 827910768
540 541 149712057
541 542 152669487
542 543 820576685
543 544 85325533
544 545 340118707
545 546 921107076
546 547 629976881
547 548 927042451
548 549 808598166
549 550 832840940
550 551 259250628
551 552 128451874
552 553 108037786
553 554 167370781
554 555 590100469
555 556 739083831
556 557 736516563
557 558 538116227
558 559 65772866
559 560 283442429
560 561 698158351
561 562 96741243
562 563 284933516
563 564 136537443
564 565 710726208
565 566 871316436
566 567 524334153
567 568 358689024
568 569 292791011
569 570 846448372
570 571 119072248
571 572 378453482
572 573 614071332
573 574 37936283
574 575 378405572
575 576 956331609
576 577 90700087
577 578 268913189
578 579 111336007
579 580 204469815
580 581 550328699
581 582 162359658
582 583 474523510
583 584 355329384
584 585 16401422
585 586 219249441
586 587 990883476
587 588 835860419
588 589 615510300
589 590 245846273
590 591 972735255
591 592 115893015
592 593 632175626
593 594 19622598
594 595 231989789
595 596 15042543
596 597 564416696
597 598 509102645
598 599 706266639
599 600 874246476
600 601 170371130
601 602 624842231
602 603 321304359
603 604 33951280
604 605 535979699
605 606 309863700
606 607 231345119
607 608 271997157
608 609 256495008
609 610 911903121
610 611 912432849
611 612 871131688
612 613 714241811
613 614 621492519
614 615 64291019
615 616 354865086
616 617 655395877
617 618 794862470
618 619 905232144
619 620 107966985
620 621 124902021
621 622 575200531
622 623 571412564
623 624 977055536
624 625 712411784
625 626 76483435
626 627 700327842
627 628 52154481
628 629 387017385
629 630 20689773
630 631 426604347
631 632 284324468
632 633 490202295
633 634 82685367
634 635 64005332
635 636 641269549
636 637 744352591
637 638 34714934
638 639 924284104
639 640 693700371
640 641 126377606
641 642 960058931
642 643 665796600
643 644 299133455
644 645 276743752
645 646 930127303
646 647 909076780
647 648 300254827
648 649 943773780
649 650 484665490
650 651 160379131
651 652 193039504
652 653 360114883
653 654 841904529
654 655 119652014
655 656 946688900
656 657 293984871
657 658 791321991
658 659 175438638
659 660 895103307
660 661 878316708
661 662 66305072
662 663 992799152
663 664 820372246
664 665 151307976
665 666 205476356
666 667 80372688
667 668 849515025
668 669 327723113
669 670 539767408
670 671 899884522
671 672 779302274
672 673 23517837
673 674 920257183
674 675 585232181
675 676 522146001
676 677 89640359
677 678 992438938
678 679 208706489
679 680 682126844
680 681 31121194
681 682 653838040
682 683 382099775
683 684 974797089
684 685 261915054
685 686 812303069
686 687 617098476
687 688 21032894
688 689 312514544
689 690 479902218
690 691 915466635
691 692 320365462
692 693 640799999
693 694 295076682
694 695 814036645
695 696 43044319
696 697 329820744
697 698 434913273
698 699 346006695
699 700 96273630
700 701 454169922
701 702 76980810
702 703 824279948
703 704 49041011
704 705 391513201
705 706 272457993
706 707 766336141
707 708 352073922
708 709 781921341
709 710 92503966
710 711 521936484
711 712 508750365
712 713 434969042
713 714 283316278
714 715 518400719
715 716 212690126
716 717 63120846
717 718 601077454
718 719 338655662
719 720 747008456
720 721 574681402
721 722 81840980
722 723 111799974
723 724 766933665
724 725 657241555
725 726 750401558
726 727 620488247
727 728 365360691
728 729 961370058
729 730 79587972
730 731 900200164
731 732 434825005
732 733 9970066
733 734 856136568
734 735 946846670
735 736 798141614
736 737 183230530
737 738 856929684
738 739 391845400
739 740 206254223
740 741 476102897
741 742 337304351
742 743 864866018
743 744 279319755
744 745 127853137
745 746 344009753
746 747 538902719
747 748 44936959
748 749 488693010
749 750 131431067
750 751 348737147
751 752 535318738
752 753 85994055
753 754 631528304
754 755 24983626
755 756 578947720
756 757 125908677
757 758 875725238
758 759 608625369
759 760 494927894
760 761 841911399
761 762 28094682
762 763 533879806
763 764 731205470
764 765 468889350
765 766 151282732
766 767 135705517
767 768 760931455
768 769 502808072
769 770 140076931
770 771 423863977
771 772 471566112
772 773 42465079
773 774 745995143
774 775 930820409
775 776 27712509
776 777 346127714
777 778 628251247
778 779 989082871
779 780 637863242
780 781 329125664
781 782 844627017
782 783 572329821
783 784 361008406
784 785 619938639
785 786 511012201
786 787 794941048
787 788 78408943
788 789 57107515
789 790 28281237
790 791 167320975
791 792 107516096
792 793 782240117
793 794 7721257
794 795 715109351
795 796 169851770
796 797 692914721
797 798 13881360
798 799 375766838
799 800 556802211
800 801 588493492
801 802 293403734
802 803 614087020
803 804 154120852
804 805 443864476
805 806 819525295
806 807 594482979
807 808 381485403
808 809 31960051
809 810 281648601
810 811 614062213
811 812 884673250
812 813 319502694
813 814 172643752
814 815 166094539
815 816 615137645
816 817 632106051
817 818 204780642
818 819 479430794
819 820 227672986
820 821 476978520
821 822 21514583
822 823 818326979
823 824 136243859
824 825 425932283
825 826 873846702
826 827 893820453
827 828 792226000
828 829 543753794
829 830 327080967
830 831 484637821
831 832 49851317
832 833 918402839
833 834 277022209
834 835 167703161
835 836 88465257
836 837 569852447
837 838 525972881
838 839 983503109
839 840 555105198
840 841 984083412
841 842 718323131
842 843 496761055
843 844 794098690
844 845 598778497
845 846 561812431
846 847 43398799
847 848 845115163
848 849 393686477
849 850 291485726
850 851 590381269
851 852 163522137
852 853 330450171
853 854 483296049
854 855 973525783
855 856 369911582
856 857 138783803
857 858 372119573
858 859 741266541
859 860 914101534
860 861 206454494
861 862 694573947
862 863 776183909
863 864 507269879
864 865 967739535
865 866 904689208
866 867 720259868
867 868 835245109
868 869 11413365
869 870 136837675
870 871 23284629
871 872 88676199
872 873 613165925
873 874 498641294
874 875 183020858
875 876 627939674
876 877 840421332
877 878 754342377
878 879 281840123
879 880 685488820
880 881 553793357
881 882 410808195
882 883 293391454
883 884 407697060
884 885 691636684
885 886 801728549
886 887 339304959
887 888 922324900
888 889 770592026
889 890 659267697
890 891 444031800
891 892 129751047
892 893 822906996
893 894 596156864
894 895 242678118
895 896 619666767
896 897 591131860
897 898 686781770
898 899 809567537
899 900 92673808
900 901 81503684
901 902 885317043
902 903 402313410
903 904 402944308
904 905 62007337
905 906 66200867
906 907 241425717
907 908 45399630
908 909 467848497
909 910 985019184
910 911 58952537
911 912 618289864
912 913 717338187
913 914 329697845
914 915 723854849
915 916 333570082
916 917 380032698
917 918 386150880
918 919 135220698
919 920 409534532
920 921 154752461
921 922 114877282
922 923 947641693
923 924 275191293
924 925 253247585
925 926 19555935
926 927 111584748
927 928 651618999
928 929 741383334
929 930 522536416
930 931 1872901
931 932 851532752
932 933 879922450
933 934 284207102
934 935 458094158
935 936 252600783
936 937 679151534
937 938 624231327
938 939 998280488
939 940 957894646
940 941 443375535
941 942 44344849
942 943 127034828
943 944 475592272
944 945 345164564
945 946 827479795
946 947 348799787
947 948 795130640
948 949 762892971
949 950 464774201
950 951 854933840
951 952 852928575
952 953 717199494
953 954 146168241
954 955 75801160
955 956 118233799
956 957 171543021
957 958 200482867
958 959 906665298
959 960 927171215
960 961 618229645
961 962 852721101
962 963 170646201
963 964 160014656
964 965 509759120
965 966 2223729
966 967 305448007
967 968 178720513
968 969 219001610
969 970 120555153
970 971 531834053
971 972 707973151
972 973 845327671
973 974 463319717
974 975 238762791
975 976 386758935
976 977 617382848
977 978 860010873
978 979 283276326
979 980 53948877
980 981 480659899
981 982 764909320
982 983 786792070
983 984 202984036
984 985 348644810
985 986 130894426
986 987 357819957
987 988 925788893
988 989 214885330
989 990 303208828
990 991 52061059
991 992 964357478
992 993 897032031
993 994 82126271
994 995 257213448
995 996 101822319
996 997 930715615
997 998 59418329
998 999 856921420
999 1000 252952352
1000 1001 145520776
1001 1002 931275140
1002 1003 873420416
1003 1004 171682592
1004 1005 398769017
1005 1006 607368204
1006 1007 47613631
1007 1008 23857658
1008 1009 543682858
1009 1010 927838193
1010 1011 297732078
1011 1012 139099208
1012 1013 23659045
1013 1014 353077814
1014 1015 681486431
1015 1016 212139560
1016 1017 399692672
1017 1018 98852260
1018 1019 50552814
1019 1020 385087527
1020 1021 443316003
1021 1022 191274172
1022 1023 754951017
1023 1024 128339437
1024 1025 720297843
1025 1026 473490934
1026 1027 180693728
1027 1028 377592832
1028 1029 388533733
1029 1030 736146845
1030 1031 559695320
1031 1032 613831152
1032 1033 941693248
1033 1034 83923940
1034 1035 760370342
1035 1036 662116469
1036 1037 78702570
1037 1038 490107788
1038 1039 287284796
1039 1040 852311110
1040 1041 76883474
1041 1042 188353796
1042 1043 271336888
1043 1044 251277229
1044 1045 56499573
1045 1046 986491787
1046 1047 39187394
1047 1048 492518170
1048 1049 143869424
1049 1050 532762996
1050 1051 81311201
1051 1052 236212418
1052 1053 472312864
1053 1054 855707708
1054 1055 974426169
1055 1056 470313555
1056 1057 820081119
1057 1058 346282359
1058 1059 79886115
1059 1060 261617202
1060 1061 894250377
1061 1062 221002658
1062 1063 392430537
1063 1064 450717194
1064 1065 822018361
1065 1066 693253948
1066 1067 65797186
1067 1068 46693738
1068 1069 388580114
1069 1070 368188665
1070 1071 246488842
1071 1072 34974203
1072 1073 193872315
1073 1074 679288900
1074 1075 785458042
1075 1076 611316979
1076 1077 842681999
1077 1078 301688422
1078 1079 268401181
1079 1080 302973561
1080 1081 185874462
1081 1082 196338221
1082 1083 321581749
1083 1084 401077716
1084 1085 109471720
1085 1086 83652911
1086 1087 145648164
1087 1088 924801609
1088 1089 446967249
1089 1090 280739931
1090 1091 374431052
1091 1092 935588448
1092 1093 559765396
1093 1094 998619906
1094 1095 13020609
1095 1096 379983819
1096 1097 564641527
1097 1098 199891390
1098 1099 910151016
1099 1100 382091525
1100 1101 836139339
1101 1102 8351446
1102 1103 214772570
1103 1104 910040224
1104 1105 460472606
1105 1106 424987026
1106 1107 226319254
1107 1108 554146335
1108 1109 48342147
1109 1110 176102766
1110 1111 526705790
1111 1112 416602790
1112 1113 46385504
1113 1114 857563639
1114 1115 309308850
1115 1116 288894335
1116 1117 134029319
1117 1118 506359080
1118 1119 692326271
1119 1120 861220445
1120 1121 492221529
1121 1122 660212853
1122 1123 149399516
1123 1124 549265263
1124 1125 616543629
1125 1126 433137600
1126 1127 567041642
1127 1128 883918549
1128 1129 520144869
1129 1130 816353187
1130 1131 967954998
1131 1132 231008555
1132 1133 703311881
1133 1134 812774073
1134 1135 150349538
1135 1136 483899488
1136 1137 171085399
1137 1138 744659432
1138 1139 103845749
1139 1140 17238782
1140 1141 614878501
1141 1142 571640137
1142 1143 861412722
1143 1144 221832352
1144 1145 304712066
1145 1146 694662008
1146 1147 108741489
1147 1148 109605220
1148 1149 741430255
1149 1150 163654016
1150 1151 753961946
1151 1152 330387247
1152 1153 573216028
1153 1154 223103926
1154 1155 994198392
1155 1156 69583878
1156 1157 703590281
1157 1158 196875579
1158 1159 408517998
1159 1160 456756121
1160 1161 593554463
1161 1162 601281098
1162 1163 466333076
1163 1164 492163623
1164 1165 479965289
1165 1166 828017285
1166 1167 792459629
1167 1168 175389103
1168 1169 417073631
1169 1170 162854181
1170 1171 989015561
1171 1172 654067719
1172 1173 740326012
1173 1174 139016160
1174 1175 129860025
1175 1176 152511526
1176 1177 313209805
1177 1178 427735610
1178 1179 117592533
1179 1180 131203594
1180 1181 820565730
1181 1182 901204848
1182 1183 347701239
1183 1184 511703580
1184 1185 677529666
1185 1186 75761840
1186 1187 457382559
1187 1188 30174625
1188 1189 338764877
1189 1190 642122736
1190 1191 51480971
1191 1192 597731628
1192 1193 146954324
1193 1194 255112612
1194 1195 300293666
1195 1196 242035784
1196 1197 354356042
1197 1198 482806535
1198 1199 129177151
1199 1200 560350090
1200 1201 881132307
1201 1202 936415809
1202 1203 580319841
1203 1204 357804785
1204 1205 670793089
1205 1206 877766914
1206 1207 208830480
1207 1208 825581356
1208 1209 653990219
1209 1210 792288581
1210 1211 595552661
1211 1212 825256532
1212 1213 637124192
1213 1214 585792774
1214 1215 147076542
1215 1216 747704047
1216 1217 380577457
1217 1218 159002227
1218 1219 673734093
1219 1220 560592192
1220 1221 862194749
1221 1222 834963328
1222 1223 215982323
1223 1224 767522425
1224 1225 962596287
1225 1226 6960883
1226 1227 27426837
1227 1228 46827126
1228 1229 44475074
1229 1230 961221334
1230 1231 874950998
1231 1232 126370502
1232 1233 47683425
1233 1234 403906838
1234 1235 266401293
1235 1236 50594297
1236 1237 520765817
1237 1238 160702919
1238 1239 546998548
1239 1240 820065201
1240 1241 285769955
1241 1242 162182187
1242 1243 432230638
1243 1244 356116837
1244 1245 218738464
1245 1246 992827625
1246 1247 298917957
1247 1248 742814738
1248 1249 957823327
1249 1250 392200749
1250 1251 883637572
1251 1252 92731724
1252 1253 616424387
1253 1254 576520953
1254 1255 934403579
1255 1256 120508583
1256 1257 896615710
1257 1258 320448743
1258 1259 685998697
1259 1260 887866577
1260 1261 302658408
1261 1262 538570354
1262 1263 901329345
1263 1264 292638671
1264 1265 640575061
1265 1266 809511010
1266 1267 142624519
1267 1268 291502553
1268 1269 666171236
1269 1270 153189766
1270 1271 974971250
1271 1272 834533912
1272 1273 588722199
1273 1274 989798636
1274 1275 930307362
1275 1276 640361099
1276 1277 508418970
1277 1278 953159149
1278 1279 665277464
1279 1280 163949291
1280 1281 274197930
1281 1282 92169889
1282 1283 202071639
1283 1284 46373960
1284 1285 663543631
1285 1286 295210540
1286 1287 916304404
1287 1288 722868585
1288 1289 937300210
1289 1290 412061919
1290 1291 682872830
1291 1292 891027436
1292 1293 94629515
1293 1294 93321597
1294 1295 231475172
1295 1296 310314281
1296 1297 7303976
1297 1298 351339947
1298 1299 537926820
1299 1300 822871642
1300 1301 208983608
1301 1302 251720005
1302 1303 908301217
1303 1304 504774437
1304 1305 976518781
1305 1306 74083665
1306 1307 169582745
1307 1308 259357418
1308 1309 421282688
1309 1310 244536251
1310 1311 784537040
1311 1312 957400472
1312 1313 82232774
1313 1314 692704300
1314 1315 772302907
1315 1316 703778675
1316 1317 68246243
1317 1318 258321797
1318 1319 549974786
1319 1320 449573386
1320 1321 925390128
1321 1322 748271494
1322 1323 327724598
1323 1324 564725803
1324 1325 616318122
1325 1326 938008745
1326 1327 228486360
1327 1328 262453456
1328 1329 916785826
1329 1330 224193551
1330 1331 334678013
1331 1332 466654770
1332 1333 249402318
1333 1334 609641454
1334 1335 599420735
1335 1336 618488262
1336 1337 111351148
1337 1338 813449671
1338 1339 560685467
1339 1340 75362605
1340 1341 396912277
1341 1342 820415151
1342 1343 872412311
1343 1344 408331033
1344 1345 609402660
1345 1346 673955849
1346 1347 140161637
1347 1348 493012650
1348 1349 864660196
1349 1350 115036695
1350 1351 479412337
1351 1352 917466187
1352 1353 921602643
1353 1354 723541931
1354 1355 162303128
1355 1356 524423800
1356 1357 717902506
1357 1358 224272690
1358 1359 310262117
1359 1360 278067275
1360 1361 345236825
1361 1362 687465353
1362 1363 768150205
1363 1364 776276512
1364 1365 709143431
1365 1366 832365739
1366 1367 862482009
1367 1368 220491207
1368 1369 386408168
1369 1370 164492820
1370 1371 612333823
1371 1372 545888509
1372 1373 490992551
1373 1374 125111008
1374 1375 354204237
1375 1376 285924969
1376 1377 620018838
1377 1378 858916794
1378 1379 222443396
1379 1380 630088917
1380 1381 662547856
1381 1382 739089291
1382 1383 828282783
1383 1384 959717221
1384 1385 217643924
1385 1386 776763021
1386 1387 502987028
1387 1388 207328198
1388 1389 139510124
1389 1390 280451894
1390 1391 621339065
1391 1392 780156935
1392 1393 355419735
1393 1394 387447032
1394 1395 444810892
1395 1396 339048409
1396 1397 905456344
1397 1398 728612738
1398 1399 635494144
1399 1400 106863449
1400 1401 196115154
1401 1402 867461974
1402 1403 959879307
1403 1404 794339679
1404 1405 708618395
1405 1406 598020275
1406 1407 703277159
1407 1408 229201419
1408 1409 750053256
1409 1410 209027474
1410 1411 634470798
1411 1412 294377825
1412 1413 598743859
1413 1414 127135212
1414 1415 601219669
1415 1416 581379520
1416 1417 987960562
1417 1418 309590124
1418 1419 75804228
1419 1420 22314028
1420 1421 369697212
1421 1422 623813085
1422 1423 204316713
1423 1424 917605610
1424 1425 117401357
1425 1426 420097278
1426 1427 796186851
1427 1428 334762072
1428 1429 731950736
1429 1430 109673130
1430 1431 528288556
1431 1432 41325766
1432 1433 363387884
1433 1434 16657514
1434 1435 789946882
1435 1436 893323214
1436 1437 25064715
1437 1438 148831965
1438 1439 393348772
1439 1440 58128732
1440 1441 657501111
1441 1442 817791956
1442 1443 527025464
1443 1444 139891345
1444 1445 806708791
1445 1446 83348598
1446 1447 119005445
1447 1448 817221952
1448 1449 891407893
1449 1450 839497951
1450 1451 267463439
1451 1452 367707874
1452 1453 401264024
1453 1454 945782982
1454 1455 100606574
1455 1456 825042223
1456 1457 182716476
1457 1458 14180116
1458 1459 101991636
1459 1460 67416296
1460 1461 780261606
1461 1462 321646654
1462 1463 491936051
1463 1464 950129979
1464 1465 146141155
1465 1466 620566758
1466 1467 330389999
1467 1468 619468892
1468 1469 205908960
1469 1470 908697175
1470 1471 362684533
1471 1472 80339139
1472 1473 285656982
1473 1474 410928623
1474 1475 962919781
1475 1476 355978669
1476 1477 44032535
1477 1478 320424371
1478 1479 276378493
1479 1480 86186584
1480 1481 133922404
1481 1482 63943744
1482 1483 753643680
1483 1484 423741526
1484 1485 561015802
1485 1486 184852009
1486 1487 546344895
1487 1488 571537465
1488 1489 135804418
1489 1490 837203406
1490 1491 357751270
1491 1492 564345062
1492 1493 659655076
1493 1494 157754643
1494 1495 387447697
1495 1496 455987547
1496 1497 206528058
1497 1498 783480448
1498 1499 733632973
1499 1500 111237909
1500 1501 264746867
1501 1502 807438857
1502 1503 675687400
1503 1504 384589658
1504 1505 20071377
1505 1506 770641010
1506 1507 482541785
1507 1508 974491195
1508 1509 208700468
1509 1510 787953319
1510 1511 747248225
1511 1512 309511691
1512 1513 550559375
1513 1514 537342474
1514 1515 946208077
1515 1516 802727298
1516 1517 945410226
1517 1518 278147423
1518 1519 899305683
1519 1520 433668367
1520 1521 897708023
1521 1522 706105580
1522 1523 314811510
1523 1524 430304134
1524 1525 544123883
1525 1526 897694427
1526 1527 123092539
1527 1528 789534106
1528 1529 398247923
1529 1530 793781003
1530 1531 701864029
1531 1532 894024204
1532 1533 69185410
1533 1534 448989546
1534 1535 57230905
1535 1536 393086829
1536 1537 743598603
1537 1538 99856853
1538 1539 109383258
1539 1540 951377146
1540 1541 779924101
1541 1542 737145991
1542 1543 379494388
1543 1544 135730720
1544 1545 598561120
1545 1546 203324486
1546 1547 421115597
1547 1548 376700039
1548 1549 415747311
1549 1550 700735480
1550 1551 253853984
1551 1552 266864271
1552 1553 241930955
1553 1554 739978686
1554 1555 536937597
1555 1556 376869857
1556 1557 915373368
1557 1558 900310640
1558 1559 351132912
1559 1560 205773222
1560 1561 981853678
1561 1562 750405792
1562 1563 46154154
1563 1564 57210061
1564 1565 42761721
1565 1566 82184874
1566 1567 449175491
1567 1568 887441226
1568 1569 950740161
1569 1570 811535441
1570 1571 600476562
1571 1572 976882053
1572 1573 737145228
1573 1574 159649225
1574 1575 810411244
1575 1576 33450406
1576 1577 146198478
1577 1578 229489350
1578 1579 939837210
1579 1580 101747979
1580 1581 474261813
1581 1582 251955199
1582 1583 920744550
1583 1584 979453340
1584 1585 210114319
1585 1586 721205537
1586 1587 696718463
1587 1588 311842322
1588 1589 273790368
1589 1590 330221227
1590 1591 930401535
1591 1592 430148132
1592 1593 862660494
1593 1594 865783533
1594 1595 667608831
1595 1596 47033883
1596 1597 810429835
1597 1598 198425696
1598 1599 46035722
1599 1600 66723437
1600 1601 434325119
1601 1602 405342074
1602 1603 766092628
1603 1604 554318225
1604 1605 435308661
1605 1606 548841870
1606 1607 943028419
1607 1608 49306467
1608 1609 558064899
1609 1610 335654238
1610 1611 694199169
1611 1612 126762426
1612 1613 192299152
1613 1614 8942123
1614 1615 113872812
1615 1616 38362157
1616 1617 93618949
1617 1618 934102942
1618 1619 362669818
1619 1620 626002712
1620 1621 498155703
1621 1622 257122440
1622 1623 719734510
1623 1624 949992860
1624 1625 782044347
1625 1626 219403583
1626 1627 79559354
1627 1628 64712369
1628 1629 994043595
1629 1630 615394346
1630 1631 444491042
1631 1632 258296753
1632 1633 129060278
1633 1634 950570648
1634 1635 110014097
1635 1636 816469984
1636 1637 137983599
1637 1638 393949983
1638 1639 218242352
1639 1640 890102760
1640 1641 585985512
1641 1642 298478236
1642 1643 1896254
1643 1644 805553114
1644 1645 987238082
1645 1646 844749224
1646 1647 478779223
1647 1648 14137424
1648 1649 29962123
1649 1650 62211057
1650 1651 549660682
1651 1652 819899821
1652 1653 446690520
1653 1654 72206569
1654 1655 833484978
1655 1656 139157637
1656 1657 5675248
1657 1658 687574440
1658 1659 247070345
1659 1660 70876889
1660 1661 521916179
1661 1662 167484230
1662 1663 703859234
1663 1664 67696287
1664 1665 752629540
1665 1666 558959722
1666 1667 135537448
1667 1668 83679419
1668 1669 591168120
1669 1670 503225012
1670 1671 705136570
1671 1672 61045969
1672 1673 649884558
1673 1674 300899436
1674 1675 685793939
1675 1676 593982518
1676 1677 560171964
1677 1678 34852272
1678 1679 292061645
1679 1680 679917314
1680 1681 402772483
1681 1682 321628209
1682 1683 181930936
1683 1684 489489796
1684 1685 992616556
1685 1686 46448568
1686 1687 562975218
1687 1688 111523438
1688 1689 768665476
1689 1690 491996552
1690 1691 173991708
1691 1692 198870914
1692 1693 938880060
1693 1694 47313458
1694 1695 628322410
1695 1696 37635765
1696 1697 977071909
1697 1698 633087726
1698 1699 671406838
1699 1700 101123053
1700 1701 915570188
1701 1702 267802155
1702 1703 618056745
1703 1704 301295870
1704 1705 113230658
1705 1706 397140958
1706 1707 368889424
1707 1708 139243473
1708 1709 655342322
1709 1710 687742163
1710 1711 125528581
1711 1712 722881285
1712 1713 943727688
1713 1714 709997246
1714 1715 504553984
1715 1716 418848857
1716 1717 141327927
1717 1718 181538701
1718 1719 694152161
1719 1720 129677548
1720 1721 942114372
1721 1722 512282645
1722 1723 465435464
1723 1724 83879199
1724 1725 8408355
1725 1726 378263555
1726 1727 923956959
1727 1728 490341650
1728 1729 277341205
1729 1730 27080217
1730 1731 456614305
1731 1732 3031529
1732 1733 558767216
1733 1734 47572753
1734 1735 484304759
1735 1736 540024155
1736 1737 713042635
1737 1738 941777957
1738 1739 153123034
1739 1740 853406526
1740 1741 160187363
1741 1742 471983444
1742 1743 614113062
1743 1744 591808746
1744 1745 532807959
1745 1746 689520695
1746 1747 952544847
1747 1748 78121985
1748 1749 322150281
1749 1750 573481874
1750 1751 603231776
1751 1752 246144939
1752 1753 904468845
1753 1754 518607643
1754 1755 395494500
1755 1756 614157229
1756 1757 334123515
1757 1758 737141472
1758 1759 303543555
1759 1760 382850454
1760 1761 499535738
1761 1762 976534215
1762 1763 185999256
1763 1764 500772401
1764 1765 286292786
1765 1766 4963147
1766 1767 811216237
1767 1768 530582228
1768 1769 143386846
1769 1770 219030560
1770 1771 252612734
1771 1772 880011991
1772 1773 641639042
1773 1774 511970501
1774 1775 514198550
1775 1776 660817516
1776 1777 722035969
1777 1778 621403558
1778 1779 716607139
1779 1780 927875991
1780 1781 933003064
1781 1782 849868026
1782 1783 818159979
1783 1784 476958506
1784 1785 832622932
1785 1786 683136044
1786 1787 812876418
1787 1788 515956884
1788 1789 148365996
1789 1790 358763799
1790 1791 756555858
1791 1792 976593291
1792 1793 385911010
1793 1794 605714324
1794 1795 168139882
1795 1796 631479094
1796 1797 404932578
1797 1798 326144297
1798 1799 128915729
1799 1800 668619252
1800 1801 849310454
1801 1802 829960541
1802 1803 240508516
1803 1804 455366530
1804 1805 506513574
1805 1806 348444704
1806 1807 122217953
1807 1808 122752733
1808 1809 166360536
1809 1810 145286999
1810 1811 735625904
1811 1812 394174521
1812 1813 697085224
1813 1814 388048577
1814 1815 817559472
1815 1816 121655592
1816 1817 54064572
1817 1818 70640695
1818 1819 492665846
1819 1820 685397731
1820 1821 170344181
1821 1822 171910388
1822 1823 725347673
1823 1824 446637864
1824 1825 187217177
1825 1826 288512756
1826 1827 808776938
1827 1828 689978297
1828 1829 846505651
1829 1830 141298176
1830 1831 828997291
1831 1832 876529873
1832 1833 99740285
1833 1834 297708529
1834 1835 743311165
1835 1836 918358750
1836 1837 890523455
1837 1838 214155436
1838 1839 920782252
1839 1840 820132276
1840 1841 413099480
1841 1842 941291381
1842 1843 919679859
1843 1844 265060879
1844 1845 997092669
1845 1846 321573536
1846 1847 263041825
1847 1848 422590443
1848 1849 542116644
1849 1850 374283259
1850 1851 599115144
1851 1852 924871266
1852 1853 617692448
1853 1854 413985710
1854 1855 803773462
1855 1856 348419398
1856 1857 489878589
1857 1858 84609566
1858 1859 984741798
1859 1860 691893329
1860 1861 27215192
1861 1862 139181974
1862 1863 60202138
1863 1864 352518823
1864 1865 23942929
1865 1866 267822417
1866 1867 165621601
1867 1868 463424689
1868 1869 3027195
1869 1870 924399187
1870 1871 480416705
1871 1872 618009987
1872 1873 662917811
1873 1874 307450613
1874 1875 269759781
1875 1876 307622222
1876 1877 6508597
1877 1878 454264132
1878 1879 305863211
1879 1880 360098131
1880 1881 560353665
1881 1882 148238754
1882 1883 160669730
1883 1884 782169603
1884 1885 970076106
1885 1886 166227290
1886 1887 698800055
1887 1888 144442136
1888 1889 982441836
1889 1890 45642710
1890 1891 51305341
1891 1892 586380443
1892 1893 493632612
1893 1894 753964717
1894 1895 731464513
1895 1896 173152688
1896 1897 336868725
1897 1898 985750777
1898 1899 824439275
1899 1900 579366253
1900 1901 510720445
1901 1902 979343828
1902 1903 517029782
1903 1904 793672084
1904 1905 18746043
1905 1906 970588942
1906 1907 402548776
1907 1908 63773376
1908 1909 37752351
1909 1910 789049164
1910 1911 630740895
1911 1912 675902445
1912 1913 496862257
1913 1914 347517057
1914 1915 356618931
1915 1916 67497734
1916 1917 563032916
1917 1918 81253724
1918 1919 624701548
1919 1920 311350247
1920 1921 593420431
1921 1922 496088921
1922 1923 27939365
1923 1924 863929212
1924 1925 921311911
1925 1926 132176501
1926 1927 785323081
1927 1928 283489677
1928 1929 137750418
1929 1930 183887054
1930 1931 360731739
1931 1932 471985086
1932 1933 996215225
1933 1934 252252688
1934 1935 478191232
1935 1936 76212344
1936 1937 793573768
1937 1938 366349031
1938 1939 392531262
1939 1940 203140044
1940 1941 823187619
1941 1942 17620331
1942 1943 378100181
1943 1944 118592366
1944 1945 110032718
1945 1946 129433131
1946 1947 774660078
1947 1948 666046026
1948 1949 196268943
1949 1950 157226403
1950 1951 99252605
1951 1952 336700288
1952 1953 302313765
1953 1954 41122747
1954 1955 807741336
1955 1956 109979590
1956 1957 591015904
1957 1958 885392925
1958 1959 677662184
1959 1960 8024572
1960 1961 724978684
1961 1962 687490682
1962 1963 193854708
1963 1964 176346629
1964 1965 123322515
1965 1966 152752022
1966 1967 853237361
1967 1968 257493433
1968 1969 512562920
1969 1970 88071517
1970 1971 394715208
1971 1972 194477045
1972 1973 898546353
1973 1974 763532361
1974 1975 473583696
1975 1976 739744662
1976 1977 898663523
1977 1978 378303482
1978 1979 240504979
1979 1980 602941593
1980 1981 811490199
1981 1982 840094268
1982 1983 906850092
1983 1984 531015257
1984 1985 624349239
1985 1986 832543825
1986 1987 708089764
1987 1988 303253646
1988 1989 805317185
1989 1990 523968095
1990 1991 294298090
1991 1992 613142783
1992 1993 464198769
1993 1994 773582804
1994 1995 740171084
1995 1996 830108558
1996 1997 226241519
1997 1998 395137837
1998 1999 855151707
1999 2000 219651950
2000 2001 165917651
2001 2002 144169745
2002 2003 492312171
2003 2004 829127878
2004 2005 130843357
2005 2006 61029765
2006 2007 377543930
2007 2008 359616397
2008 2009 53784915
2009 2010 665412790
2010 2011 645394795
2011 2012 3380340
2012 2013 771761330
2013 2014 984407202
2014 2015 717810720
2015 2016 829109035
2016 2017 607127634
2017 2018 299320935
2018 2019 73215043
2019 2020 603038320
2020 2021 82675819
2021 2022 696510674
2022 2023 114499893
2023 2024 47315711
2024 2025 459167159
2025 2026 106659414
2026 2027 61866203
2027 2028 196150445
2028 2029 106092742
2029 2030 482249556
2030 2031 357965686
2031 2032 20551127
2032 2033 243864672
2033 2034 27705600
2034 2035 230008151
2035 2036 69391029
2036 2037 964365854
2037 2038 37807463
2038 2039 567832901
2039 2040 150223033
2040 2041 505213600
2041 2042 767596734
2042 2043 64024003
2043 2044 955073046
2044 2045 619889638
2045 2046 834936041
2046 2047 904853361
2047 2048 184212045
2048 2049 527888182
2049 2050 754690889
2050 2051 844314013
2051 2052 606638887
2052 2053 674884694
2053 2054 571390376
2054 2055 958646889
2055 2056 201421754
2056 2057 861175000
2057 2058 875911061
2058 2059 229763814
2059 2060 257786364
2060 2061 933865521
2061 2062 312797296
2062 2063 144169210
2063 2064 690341848
2064 2065 868761436
2065 2066 325100671
2066 2067 561541301
2067 2068 426979114
2068 2069 495087565
2069 2070 230534602
2070 2071 534539820
2071 2072 86642533
2072 2073 101237
2073 2074 346968384
2074 2075 79511477
2075 2076 407527277
2076 2077 778556028
2077 2078 366263197
2078 2079 890381449
2079 2080 767922819
2080 2081 895062235
2081 2082 188019604
2082 2083 97022885
2083 2084 516501894
2084 2085 511393056
2085 2086 546498670
2086 2087 8550243
2087 2088 615491524
2088 2089 137299463
2089 2090 194620957
2090 2091 169791690
2091 2092 476128739
2092 2093 771630845
2093 2094 145850876
2094 2095 36814899
2095 2096 65678929
2096 2097 852126917
2097 2098 128635370
2098 2099 606097902
2099 2100 965462965
2100 2101 942577795
2101 2102 65603487
2102 2103 377151801
2103 2104 566060304
2104 2105 215934890
2105 2106 763294572
2106 2107 772031267
2107 2108 226271067
2108 2109 537246004
2109 2110 472320434
2110 2111 982936698
2111 2112 418348687
2112 2113 324905325
2113 2114 780349795
2114 2115 449334108
2115 2116 51328429
2116 2117 535946950
2117 2118 906934904
2118 2119 808966894
2119 2120 587601495
2120 2121 688500753
2121 2122 783227407
2122 2123 421235111
2123 2124 592393259
2124 2125 412278293
2125 2126 24503354
2126 2127 658477295
2127 2128 837625846
2128 2129 15249409
2129 2130 184719773
2130 2131 471338090
2131 2132 505066619
2132 2133 799275783
2133 2134 710834668
2134 2135 339698587
2135 2136 95579755
2136 2137 677114679
2137 2138 543526272
2138 2139 443580938
2139 2140 349069423
2140 2141 677430529
2141 2142 764071350
2142 2143 587932162
2143 2144 803570081
2144 2145 77678578
2145 2146 21269911
2146 2147 439565478
2147 2148 433226260
2148 2149 264171684
2149 2150 877756411
2150 2151 32306559
2151 2152 810441263
2152 2153 390496092
2153 2154 357776206
2154 2155 190465836
2155 2156 408654816
2156 2157 401751178
2157 2158 336424250
2158 2159 750888971
2159 2160 577009019
2160 3214 547394253
3214 2405 235249617
3214 2279 322901986
2279 4288 322485927
2405 2682 919716902
3214 3835 887642580
4288 3162 39929545
3835 2890 80948145
3214 3561 931286236
2682 4101 59910888
2890 3706 338404523
3706 3738 821082577
2890 3108 997917789
4101 3099 156979847
3099 2699 250353207
3738 3237 558847348
3561 4060 246867630
3099 2900 165834600
3237 3990 895815235
2699 4313 751767300
4313 3255 306698993
2279 2558 522184323
3162 4249 379213144
3706 2977 851313753
2279 2708 139668482
3561 2465 208533997
4249 2217 137558869
3738 2793 259490305
4249 2891 507230850
2891 3596 666284201
3738 3992 51792521
3990 2907 184480115
2907 2398 738373378
3990 3352 326329805
3596 3795 99265038
3738 3049 338640297
3835 4115 488768901
4313 3118 406931104
4060 4124 348611005
2900 2966 769755213
3835 2442 834358557
2890 2812 143519430
2405 3437 92864779
2966 2175 143669634
2442 3764 676881182
2405 2281 914109487
2465 4046 133099143
4124 3731 112297999
2558 2668 901810321
2668 3107 579446293
3118 4066 62974147
4249 3726 282991008
2907 2643 346555123
2682 4104 576284791
3726 3811 467217561
4115 2388 325317489
3764 3150 910634133
2442 2826 59388003
2668 3403 140210916
2388 2446 528266225
3811 4311 666008649
2812 4004 715557351
3099 4123 256936829
2405 4205 540632658
2398 3888 409755743
2558 2369 932183513
4115 4231 108059898
4115 2732 977480674
3738 2428 267771562
3726 3377 458385263
3437 4053 850235224
4104 4214 340184402
2708 2781 670737872
3150 3129 742713373
2812 3597 254181772
4053 2997 688051315
2217 4169 26478951
3352 4039 88554878
4046 4025 721607525
3118 2915 10479838
3706 3420 626918562
4205 2841 858461124
4169 3826 6448647
3118 2851 8210973
2812 2888 355831575
2793 2506 512285902
3352 3248 727197285
4249 3678 675317112
3731 4131 603610183
3738 4309 163580447
2643 2666 517487763
3835 3848 108045585
2891 4092 298448574
2558 4030 296345598
3726 2978 665871387
2279 3964 763099986
2558 4295 649108012
4046 3861 341414118
4124 3072 70759636
3107 2896 698728655
2841 2501 884884561
2708 2639 723523024
3597 2979 992016826
2812 3604 556721046
2442 3607 224353337
2896 3188 872717668
4053 3893 245498838
2732 3217 575846151
4311 4314 330424600
3377 2671 53524252
3992 3567 933922112
3990 3402 263922233
3726 3339 980200748
2465 3537 679877271
3731 2292 729769782
3826 3634 961601251
3706 3232 817765076
3162 2827 75253304
3596 3595 707374017
4030 2696 365617121
2997 3889 976221774
3811 3500 584275732
2977 2988 626976834
2891 3371 690354981
2708 2815 89487767
2558 3523 220803772
2826 2909 197237182
4205 3373 398033747
3893 3954 134587196
2793 4258 499684653
3373 3873 184381326
2175 2917 78026655
2699 3952 428949109
2639 3189 38033756
3731 3921 76172058
3811 2243 323508388
2909 2364 924349753
3731 3023 442558045
2243 2969 130154526
2428 3639 807222539
3420 3450 334998068
2966 3966 403368214
4123 3360 951165960
3567 2349 170983224
3893 2182 174887854
3403 4257 228011207
2781 4186 73512995
4066 2372 522771712
2891 2766 661525479
4214 2656 528846806
3954 2931 686415281
2931 2583 299459277
2292 4094 457866812
4101 4146 726563855
4146 3243 559655915
4258 3007 951551317
2890 3323 412248804
2915 4068 883386800
3243 4306 527479083
3604 4064 321414937
2643 2406 892435726
3811 2164 934418006
2988 3419 8478103
4205 3451 550518191
2812 3272 992646633
3108 3550 404469060
4314 2823 125731859
3607 3433 844407337
3731 2723 382156777
2428 2361 578324634
3567 2737 391120510
2164 2758 114951297
4314 2603 398633220
3007 3524 472511672
4124 2926 109127892
2217 3467 161429500
3107 3263 873743533
2182 2604 514364139
2164 4026 296388192
2907 3998 27243676
2699 3585 470428915
3237 3677 611452992
2217 4211 774147421
2915 3348 285249346
3500 4056 2241312
2405 3025 955470557
2926 2472 503901005
2388 3187 536154108
3738 3335 93672116
2292 4067 34702133
2364 3355 63642766
2281 2606 783052306
4004 3043 773279898
3604 2965 737175814
3263 4047 880729549
2361 2963 964218113
3677 2932 495186701
2815 2764 896713354
3873 3976 814067804
2388 4228 419249985
3585 3698 440635282
2164 2921 233552912
4314 3219 516647040
2890 3077 10399653
3339 2261 633754336
2682 3320 783197804
2890 3788 278202559
3952 3470 471471366
4146 2443 597552704
2966 2933 434745950
4169 4158 828776328
2182 4259 457772026
3524 3674 133495553
3352 3293 686814997
4030 2848 368013726
3187 2860 246751294
2369 3574 151037673
3595 3331 957461129
4295 2753 954211326
2988 2315 21863480
4123 3008 239787917
3726 3075 436182441
3738 4075 202076801
4123 4234 133131694
3954 3363 659382656
2388 3584 228664066
3352 2280 101674551
2933 4298 33135995
4026 3822 511365164
3788 3112 77717826
3450 2620 326405978
3795 2221 24999580
4146 3878 847086598
2969 3900 315339817
3189 2378 719625295
2888 3646 114416355
4092 4215 997797614
3243 3610 284682269
2969 2267 61312761
4046 2744 838890408
4288 3827 793906473
4234 2193 663154672
3900 2700 993406146
2969 3468 639207238
2668 3629 88324897
2364 2234 565326996
3524 3398 983150638
2848 4071 73576042
3811 2461 434918994
2969 4020 796664611
2461 4232 774539804
3043 3328 792084555
3610 4224 106949904
4071 3207 856185761
4211 3968 773633421
3738 2511 236385934
3523 3448 93628982
4056 4285 664254064
4123 3945 143534667
2643 4229 762995882
2361 2773 46915731
2758 3676 179154240
2781 3190 66200358
3629 4297 25849532
4115 3836 454349402
4068 2748 591512454
2737 3667 847995609
2292 3576 560702165
3107 3039 356005891
2969 2549 294531267
4056 3714 30159906
2668 2249 884361222
3352 2245 724720461
3674 3583 997009084
2988 2197 709739019
3448 2873 459500089
3731 2468 259762983
2963 3660 795162702
2732 2569 508780427
3976 3047 940221076
4046 3823 903911478
2583 3545 533853640
2931 4165 84412086
2428 4206 20200507
2773 2345 207488117
2700 3939 886806532
4101 2594 813834916
2766 3427 593047241
2766 3121 666335532
3043 2953 767028991
3214 3042 111901990
3402 3404 688537999
2549 4152 261737282
2965 2310 971972712
3939 2796 37251049
4075 3179 160622460
3954 3269 987702713
4068 3280 270889275
4224 4079 170696479
4068 3839 5037002
2851 3779 343487084
2465 2383 551360846
3437 4077 329785111
3550 3236 43050864
2620 3653 1349050
2197 2952 637103583
4311 3241 446438733
4297 2948 135389754
4234 2513 748870008
3646 4251 4036230
2511 2469 703381256
3419 3724 978759698
2383 3139 82470038
3738 2830 739938123
3043 3119 855195256
3121 3560 158601415
2823 3657 586759172
3293 2326 416479974
2513 3038 129700639
2917 2922 975699740
2164 2413 400384882
4068 2709 202428917
2766 2935 401672943
3099 3586 21528605
2361 3799 53994733
3129 3432 44340269
3811 2550 636015924
3634 3831 139001674
2243 3266 886393823
3831 3351 319885694
3639 3096 960252389
4234 3664 415256490
3402 3534 686936452
4258 2266 468845686
2461 2323 771926953
3610 3003 827570738
2249 3529 877278788
2361 2162 594831386
3118 2522 794710911
3731 2450 505463678
3992 2672 675690386
2891 4000 434775360
3402 3316 530091620
3377 2200 133167709
3355 3091 471708183
4288 2786 637273798
3529 4287 952737169
2550 3080 808489123
3964 2995 940617464
4205 2319 123553653
4077 2757 535499672
4026 2588 831984499
3826 3709 897432270
2372 2403 366492203
2522 3277 444317997
3316 3286 644896732
3121 2674 222370087
3269 4054 545468201
2506 3191 869326936
2744 2733 446546005
3534 2989 436321542
3207 3879 746968730
3108 3368 907006520
3266 3972 219638428
3964 3973 731631975
3709 4192 47224297
3764 3805 277277130
2888 2336 950171692
3545 3487 847211546
3954 3256 267857206
2234 2502 543298902
3873 2791 917140642
4251 3457 892618769
2361 2479 715854413
3072 3630 161711991
2890 4260 119581054
3630 2884 340021336
4152 2985 77571257
3630 3937 10504442
4229 2817 247459412
3072 3616 167475017
2791 3895 549016343
2978 3862 373407414
2748 3774 911173758
2966 3410 391447143
2479 3504 309704834
3811 2856 501746482
2323 2650 832308046
3039 3242 685814336
3604 2993 936794897
2468 3152 509200916
4232 2625 210423689
3269 2730 478336186
3964 2176 364970575
4075 3147 640119965
3586 2488 396142057
4104 4238 760229493
2369 3942 796856042
2917 4243 844436974
3835 3379 525760767
2926 4176 713470405
3331 2485 541373759
2182 2629 128022015
3025 3909 473332161
4071 3192 807163211
3398 4275 130850950
3277 3749 981623894
2926 4276 183393398
2234 3358 446768513
3596 3143 28529851
3990 3425 50809179
3214 3181 398846788
4229 3156 914465401
3674 4292 672494800
2193 4203 413652633
3972 2874 855220686
3008 3742 586003425
3188 3338 599542027
3550 3014 509559259
2279 3922 145148618
2280 3336 557340084
3150 2626 684085346
2827 2691 942431025
3419 2435 391818675
3537 4202 111592217
2472 3515 570129060
2443 2432 880040278
2588 4059 117058651
3188 3279 102688477
3457 2515 101342523
4249 3317 309235184
2773 4189 405294942
4287 3794 121428751
4251 2559 182010110
2388 3614 27188636
3107 3986 338350213
4039 2581 115315829
2708 3079 82871603
3448 3378 46590137
3799 3654 794841754
3976 4128 557058332
3108 3354 243646776
2323 2567 867516244
3328 4270 871995197
4131 3558 987830623
3280 2536 66167576
2700 4024 474882458
3731 2740 300222548
3835 2635 46755558
4288 2246 989115345
3358 3300 183653760
4211 2328 527705353
3108 3663 829367533
3047 2548 11241295
3726 3911 539824479
4146 2780 504571750
3147 2212 71947088
2890 2417 767355105
3848 2434 90911272
3339 2677 523332190
3545 3246 698566059
4056 2991 299617236
3714 2879 610695009
2963 2582 126650444
3293 3477 250679903
4047 3238 607176079
3839 2612 113536050
3139 2844 673370517
4202 3310 99442723
3529 2692 591551289
2369 3783 500695454
4238 3916 140528204
2559 2300 211453278
2549 3125 602769333
3242 3292 63800026
3653 4317 485658901
2435 3853 676768632
2550 3546 376986706
2310 2553 731770864
3433 2968 27026651
3835 2270 910835612
2952 2761 943656840
2488 3344 666738557
3534 2924 98219225
3660 3330 148551804
3742 3658 334155208
3310 2438 269805723
3042 3332 79769416
3047 3970 93235687
3674 4183 496595940
2926 2859 959473110
4067 3587 202816219
2606 3745 468606716
4020 2893 843504035
4176 2366 25724170
4238 4242 140368846
4251 4121 242133510
3339 3800 849353277
2985 2486 756708124
2501 3240 595265728
2668 3588 652245964
2310 2833 186860785
4169 3929 948104775
2450 2970 468275879
2569 3908 932598939
3096 2615 500190092
2328 3594 443865080
3371 2341 475171654
2969 2365 865772426
3587 2214 480933482
4004 2741 68051507
3524 3817 718834648
4313 3163 858397755
3096 3340 88889511
2383 3262 110354837
3742 2542 455341292
3742 2687 82338508
2757 2800 883818482
2366 2958 192823869
2612 2580 237926154
3973 3063 210302758
3574 2593 947837585
2800 2742 65559421
2513 3305 991039608
4186 3475 519508718
4124 2533 861981565
3639 4210 192442065
3156 2277 56375845
4192 2242 261500360
3667 3145 77970530
2979 2418 71613390
4186 2614 453860113
3332 3501 164988241
3998 3359 555961404
2581 2491 341952125
4276 2545 523108697
3811 3421 89802855
4258 2348 783046985
2366 3746 683849851
4288 4145 924928785
4025 3268 791435703
3823 2721 939112575
4183 2248 807709416
3008 4027 720983797
4306 4048 117417930
2873 2532 53144758
2965 2881 436690904
2933 2429 157879854
3911 3642 344385327
3889 3270 408723996
3217 3213 416975791
4094 3683 872962370
3003 3818 270259480
3112 4171 323150149
4202 3370 198394174
3470 4167 516245468
3992 2551 496608568
3709 4151 24228259
2417 3274 329922924
2921 3936 4768886
2757 2237 486733835
3293 3113 563315194
4004 3314 176027707
3108 3157 412672824
3377 2497 212934930
3293 2809 89595802
3217 2767 243569439
2485 4201 360691863
2580 3284 594767732
4101 3443 872361780
3909 4266 706540163
3658 2951 28913403
3025 4105 616243193
3523 2799 33182111
3113 2247 931931707
3450 4149 377945172
3419 2792 660839750
2926 3699 95722807
2413 3896 933905996
2915 3648 993060621
2682 3464 126935857
2873 3528 959670322
2502 2384 576896078
3079 2590 796678513
3425 3333 215212140
2668 3428 707958626
2668 2233 601205996
3597 3761 351577409
2966 2701 26961938
3333 3167 616182799
3653 3385 811118731
3634 3137 39282533
2823 2238 737014274
2935 3158 106188994
3523 3812 952473273
2977 3257 875177767
3373 2392 997214860
3121 4296 227754026
4068 3017 839017800
3213 2810 787500170
2692 3717 366602501
3900 4011 150612836
4039 3807 259676611
3779 3197 698013567
4189 3346 958323849
3676 2219 214539415
2891 4225 931866364
3964 3696 279725371
2594 3638 502590308
2193 4078 982106099
4189 3830 697878245
3873 2804 831450642
3986 2714 307810837
2383 3611 881593608
2469 3029 454072197
4314 2285 227495313
3333 2316 992817125
2758 3056 329465879
3238 3356 120169581
3558 2739 848481459
2364 3581 929427105
2988 4127 878267229
3827 3485 382195166
4234 3832 223528557
2214 3739 688520668
2963 2805 117938812
2438 3313 656147453
3581 2776 334676998
4176 4308 449595665
3371 3787 152349634
3217 4107 739774608
3025 4052 608987367
2643 3874 136577339
3219 3728 588279702
3929 2430 202223920
2588 3307 458277080
2859 2683 32003543
3257 2599 12618645
3583 3030 273647234
3188 3924 426556805
3147 2295 632769721
2888 3776 414642675
2969 3782 107965982
4243 4058 753539531
2890 2618 27814352
4203 3725 117340790
2559 2289 756652778
2326 3045 812549153
3782 3446 458064970
2799 3712 762038067
2879 3264 128788202
2674 3505 465735188
2316 2688 826373173
2993 2882 77156656
3243 2821 484756376
3788 2496 894921555
2542 2987 764073069
2987 3166 971328464
2176 3865 739771726
3922 2321 560549593
3916 2225 939211934
2737 3491 330152482
3924 3741 567982898
3179 2863 523738965
2741 2959 92782543
3188 2996 909012829
3745 3401 372914017
2472 3296 1563545
3714 3203 94637401
2328 3434 871356530
2434 3383 198194011
3338 3083 92568152
3667 2818 807732008
3739 2273 100687541
2551 4142 624328101
2993 3756 270256037
4020 2745 58262226
4206 3578 753651122
3908 3273 755840642
2428 2923 47881283
3370 2675 227317528
3942 2646 152268277
2273 3570 519891156
3835 2624 492661021
2767 4321 604303956
2650 4185 879383601
3818 3026 610685125
2792 4198 753508634
2558 3619 301507051
3331 3454 160561009
2626 2487 309400825
3807 3318 834718160
3739 2759 390411041
2348 4081 75807696
4104 4009 435105773
3970 4041 433870548
2970 4164 796796
3724 3172 506831684
2246 3122 399952180
3433 3995 165435922
3352 2807 283179961
2450 3086 581825969
4105 2586 255999386
2677 3703 964897333
3213 4001 25935359
2948 2415 103865213
2874 3458 344370230
2279 4091 154988717
3355 2379 790664580
3273 2286 70771618
2926 4180 900110129
4228 3431 69090407
2966 4160 999757772
2807 2407 16803070
3352 4175 881801505
2289 2769 446208360
2815 2568 203972968
2915 3755 582734336
3188 2307 136032957
2714 3670 383291085
3976 2787 315286367
2643 2867 175796214
3332 3476 462432198
4004 4304 354616487
3578 3655 772159778
3646 2862 445693219
2406 3940 342954191
3653 2885 184962783
4056 3777 260639866
4121 2903 500549754
3940 4113 46253373
2748 4074 784321569
3746 3492 837968091
2796 2641 531931605
2618 3793 200045968
3794 3004 360659815
3995 4085 56136996
2742 3548 749153933
2900 2483 333512764
2646 3085 416689072
3371 3840 349043431
3007 2673 595088054
2281 2528 606541271
2603 2453 827231160
3129 3345 464958636
3574 2571 14270660
2796 4273 914754506
3756 3247 443536663
2559 4138 604939498
3305 3767 30541182
3728 2883 850016013
4020 3490 157893841
2766 3894 224959767
3181 3194 327568443
4071 4283 87712365
2776 4150 7919907
4313 2178 758852607
2624 2482 130369510
3410 3925 687017824
3354 3200 836464890
4020 3759 830414740
3822 2663 77275099
3122 3769 327944230
2867 2662 315618602
3889 2690 110197496
3523 3883 751373330
3042 3496 920674722
3774 2541 953337791
3714 2260 165724842
3574 2636 844091107
2242 4021 362246461
2620 3459 160113976
2977 2390 238568135
2692 2263 262659190
3706 3493 434094939
3658 2684 624652686
3339 2940 283105191
3108 4267 472650226
3317 2195 83299901
2511 3253 655060035
2193 3231 592816917
4206 3819 90247358
2550 2622 102347827
3443 2866 25510336
3300 2331 402954593
3039 2447 87383685
3332 4233 926246088
2931 3627 102005685
2987 2284 510559261
4313 3656 417807987
2810 2779 974778660
3296 4036 745157429
3894 2587 883746740
3056 4191 927518300
3029 2706 9236299
3112 3713 408616481
2606 3927 757454833
4191 2555 260302009
2620 3064 471659518
3627 2173 819361143
4238 2204 337569031
3145 3173 663870415
2884 3381 492501934
2883 2457 870990972
3428 3052 142206577
2541 2444 64107369
2723 3851 1700339
2882 3615 453271934
3425 3225 809860601
2668 4090 368728093
2742 3302 368215581
3147 2752 698866054
3805 2778 46665907
2884 2181 68308144
4146 3481 737165413
3493 3090 705919942
2787 3384 696782360
3942 3633 385759201
3004 2693 994722686
3432 2250 143974901
3007 3802 719557779
2506 4050 920137168
3696 2648 508602301
2233 2374 886919619
2700 3205 567004478
4275 4061 52281779
4024 3408 964988380
2933 2359 556162288
3052 4102 216220797
2295 3185 480587649
2885 3494 550603570
3443 3612 487149261
3945 3444 309950457
3437 3471 334964949
3739 4055 201242250
2214 2441 784713497
3381 4194 982651046
3451 3662 266867886
2691 2843 95666838
3986 3693 993235013
3909 2276 910458554
3873 2870 255915397
3496 3617 553294210
4077 4172 611579154
4149 3877 954089930
2753 3814 129044555
2221 2905 40819256
3759 4133 440408902
3359 3062 723751546
2995 3951 537818786
4048 3689 154627851
4270 3254 168040659
3731 2525 111321780
2624 3640 319861695
4085 3101 556901196
3410 3177 897629318
3581 2347 176289223
4243 2754 158499873
4104 3283 27626425
2675 3078 253818995
2593 2514 826287795
3610 4082 435187188
3586 3479 9233875
4060 4254 13371244
3683 3193 392181814
3706 4069 565397027
3270 2337 805656586
2963 2231 785829761
4071 2974 416347271
3714 4217 46844965
3782 4155 137273725
2606 2576 200515900
2620 4040 668872351
2496 3736 808178053
3893 2616 7431268
2603 3771 136231522
4257 3006 218584324
4175 3303 195175223
3874 3810 102427186
2781 2669 4791980
2453 2302 81896115
2903 2595 683948850
2164 4137 795826400
2666 2308 719113056
2963 3983 888128648
3492 3858 766823480
3246 3082 745824485
2948 4140 3033628
2200 4028 239540040
3119 2427 565080996
3504 4134 936574510
2245 2631 745618832
2882 3161 48612373
3873 4200 777328923
2732 3517 69662285
3344 3053 435419574
4021 3715 619978083
3481 4218 173947509
2708 2592 603501968
3769 3469 285273167
2405 2174 48095790
3189 2611 892074452
3560 2906 511958251
4105 2717 308312800
2766 3722 82656230
3585 3117 367278351
2733 3414 772205551
4186 3093 7978608
3205 3797 390935245
4011 2520 296169736
3793 3934 650620978
3479 3704 29916
3348 4280 502781406
2270 3694 46406538
3874 3757 4060655
2536 2840 113892231
2624 2653 571758712
2248 3071 352314031
2603 2529 729487432
3219 3796 511112095
2347 3249 326375859
2807 3087 725810969
2959 2228 997824217
2181 3984 731798890
2926 2253 705081055
2468 3486 482510433
4115 2919 654579553
4115 2409 107290531
2581 2436 931631387
2295 3380 625434226
3615 4108 888051158
2378 4135 257427628
3284 3527 199556863
3270 3128 730206668
2174 2627 507388243
3939 3440 16621058
2635 3602 177230890
3398 3695 159733035
3657 3932 278543689
4313 3329 116897404
4121 2772 333072373
3756 4177 250467054
3485 3753 531811652
4115 4299 331479544
2672 3208 604098884
3053 3441 934727213
3277 3564 910352858
2675 3740 272461303
2996 3298 821967311
3207 2813 42278020
3443 3881 897061824
2162 3813 228352153
2603 3702 361341476
4074 2356 129900257
3125 3735 828690750
2405 3449 373967649
3428 4182 382603746
2953 3068 855103098
2690 3923 757185556
2528 3098 29530764
2818 2189 254811285
2604 2712 530858071
3726 2892 484512853
3166 4184 742492719
2374 3605 47638710
2432 2346 799865480
3346 3044 884453912
3345 3153 135077644
3712 4312 359731023
3878 3210 832820450
2892 3221 62358845
4164 2191 679028529
3560 2832 497348517
3333 3089 723132867
2979 4003 877099068
3323 2186 869244640
3481 2355 856375711
2162 2538 671155777
3129 4310 531013189
3696 3251 589592363
3157 3737 789280877
3193 3218 437195414
3584 2338 401749905
2692 2784 315028939
3755 3875 937149690
4000 3930 822734504
4090 3563 844567467
3356 4100 925978040
3588 2619 891890243
2212 2475 563441235
2457 2422 501420216
3232 3261 436701256
2748 2494 331865918
3047 2628 655435761
3964 2783 465192858
2285 3311 301367451
2818 3971 316292525
3990 2426 699403122
2345 2478 335749548
3470 3652 503095761
2434 2414 680298660
3320 2220 369603764
3377 2589 53232549
3477 2602 326237085
3313 2187 333898576
3597 2770 251558993
2193 2852 349656180
3240 2598 156142262
4115 2259 850942572
2186 3092 698185425
2611 4114 344752539
3125 4063 138005139
3655 3169 962994185
2289 3996 606486697
3761 4181 57489589
3298 3841 445821523
3728 2664 144854450
2569 2983 115247224
3883 2165 77311015
2366 2908 724563020
2879 4095 143876775
3358 3855 70354097
3597 2955 325285623
3934 3140 375062271
2624 4136 807067946
2996 4139 884237164
2359 3768 787161302
3739 2342 320720388
4312 3472 956568918
3242 4263 991206578
3796 2546 178289861
4280 2354 570968034
3298 3914 95774414
2409 2617 653781198
3122 3872 574239928
3129 2498 251922050
2997 2297 9104238
3633 3530 543572323
3656 2731 424581517
3922 2835 864079
4184 2293 76130574
3485 3202 419265378
2732 3943 699345433
3470 2218 720675594
3826 3871 586922472
3952 2531 13579427
4191 2887 389124779
3472 4256 725417310
2568 2600 617026923
2430 3084 965925270
2664 4087 477108411
3774 3729 850087551
3771 3708 212749360
3871 2167 118204459
3404 3886 239952132
3583 2570 48660299
2935 3669 228316136
3779 2275 548982335
2506 2190 156340027
3163 3808 27295280
3973 2288 776210852
3914 3790 960100880
4160 3168 16328374
3861 3055 346036774
3286 2258 454327736
4233 3474 581877061
2541 4262 760197561
2745 2535 260174918
3333 2455 276103306
2263 3649 549064547
3501 2544 390593464
4167 2644 994307410
3895 2937 399860688
3595 2928 982234947
3332 3301 715942934
4115 2605 502000791
2315 3969 811512115
3500 2718 208436480
2531 4303 439052875
2273 2710 200820805
2221 3015 143938323
4203 2344 104791333
2595 2735 84304963
2617 3838 367267893
2826 3569 803459367
3714 2474 364392027
2319 2950 860903386
2635 2642 251356788
3767 2869 453185461
3052 2999 711013959
2761 3632 58075130
4270 2201 111117366
3231 3982 31759244
3434 3613 201652646
3739 3456 239788128
3746 3730 85223649
4069 3994 129743035
2444 3854 333744243
2757 2492 12189331
2259 2381 855122846
2979 2274 89090192
2249 2235 335716757
2909 3628 744956002
2606 2973 438825376
3419 2839 672212406
2275 4010 755402547
4298 4178 127269559
3660 3465 125748895
2706 4065 337752811
2533 3393 812198650
2669 3123 216633412
4092 4032 765935591
3817 3040 855459591
3768 3342 99291044
2204 3035 982744561
3129 3958 691090844
3823 3372 572235326
3597 3582 920314588
3548 2215 195532947
2365 4162 672243513
3888 3134 485239318
3911 3997 421793161
4260 2898 27099952
3632 2715 995321872
3713 3018 624559415
4194 2878 862983141
3893 3650 53082143
2606 2313 945847090
3706 4118 178069730
2635 3473 18709964
3768 2694 925735680
3922 3447 320534439
3564 2449 333312791
2862 2272 143688733
2405 4109 643373006
3025 3770 589932391
3584 2480 61680532
2764 3228 577566664
2841 3337 329799180
2430 2819 72487125
2993 3412 460843798
2761 2268 221160029
2319 3054 889881287
3465 2304 951634673
3318 3499 458708027
3629 3963 39500253
2770 2169 308288442
2966 4072 673271324
4184 2788 372768197
2718 3002 698250452
2221 2552 290177681
4312 2470 80905424
3203 2703 420295811
3787 3235 837963688
3570 3041 457930384
3063 3252 2039881
2898 3289 510481965
2983 3110 266177762
2800 3903 234171005
2989 2577 167517856
3596 3989 121527769
4313 3510 260248480
4030 3223 719481262
2636 2421 634115949
2673 3388 772881623
3056 3671 485818830
4026 3535 424233110
2668 3711 440154924
2173 4197 750110594
3745 3291 25223593
2991 4006 878632286
3128 3067 75257224
3676 3589 773257457
3569 3685 714514996
2245 3104 917945520
3771 3418 387817786
2888 4193 440643851
3808 3000 377572095
2687 3975 832985552
3712 2510 542260865
3026 3538 5227028
3968 4057 389770419
2742 2367 839270555
3153 2751 740586161
2908 2914 9351687
3252 2864 200458950
2169 2183 504692279
2908 2976 950194344
2843 2397 20902288
4150 3686 703376658
2288 2440 901481112
3994 2719 488881571
2546 2845 153092147
2531 2573 127267295
3351 2941 880676425
3927 2702 71363045
4243 3766 895784061
4164 3591 227825882
4283 4279 106239367
2480 2858 6113706
3064 2956 466803458
3177 2836 807939309
2862 4119 496849576
2700 3791 134387490
3311 4029 290709558
4200 4209 430227575
2909 3116 257396770
2422 2299 35431526
2355 3829 437649035
3104 4289 228802042
3937 4073 125669889
2851 2762 157382616
4228 2516 222735780
2405 2370 456240933
3272 3376 524724335
2741 2166 119521888
3881 3265 907144865
2818 4219 397319196
3567 2503 10030421
2833 3326 516017984
3808 2814 175273696
2856 4096 270406760
3619 2944 651001462
3648 2539 99857210
4114 2394 553856866
4218 3957 478203958
2469 2929 83076804
3040 2584 993414628
2582 2842 427259143
3883 4319 906567674
2511 4208 79383225
2752 2534 399479560
3280 4302 812046170
4127 2661 594364277
2328 2681 179439467
3725 3701 772064675
3826 2298 994780745
2538 3571 119772514
2472 3148 617427331
3594 3183 253131585
3446 2727 10406160
3467 2670 743117485
2383 2199 603641215
3192 3106 685135271
2372 2768 261167677
2988 2330 136039712
2987 3531 935295879
4025 2623 85009154
3607 3436 110682726
2189 2749 523720774
3835 2256 787046406
2316 3413 182641894
2338 3843 908164089
2917 3965 347547788
3729 2404 873114848
2348 3837 685473579
3594 3151 652142939
3654 3508 602803257
3150 3562 633960694
2483 4045 103973063
3223 3483 9521533
2434 2291 907577025
3596 3844 863676306
4275 2333 965688063
3223 3691 785337656
2440 2680 528451702
3712 3488 488353294
3686 2340 71296618
3072 4195 133850541
4234 2785 649120881
2346 2949 557703401
3662 2964 702408293
3964 3144 451534664
2501 3880 528851122
2169 2771 113459362
3272 2657 531958948
4287 2954 452578347
2568 2524 890162127
2950 2726 583766681
2494 3031 306786196
3408 2170 47342919
4233 3224 123473437
4115 3452 541814429
2200 4207 737406695
4085 2972 259157800
4020 4272 361270256
2814 4159 725884295
4101 2607 875709230
2599 3849 339578913
3854 3539 84218837
2354 4112 274253280
3640 2184 874953692
3217 2540 526153629
3150 3754 519346029
2696 3904 275151189
3305 2947 726703304
3268 2633 755891611
2993 2396 550012197
3873 3159 285361485
3202 2901 532456416
3658 3852 223588435
2969 3102 547406567
3134 2789 442211015
3218 3707 947093679
2193 3600 447633161
4206 4241 528283258
2228 2464 952282280
2751 3551 605620641
3490 2208 741093348
2430 3126 943709008
2963 3058 750547555
3388 2557 926776179
4176 3520 628331956
2949 3285 198075387
3662 2317 246338231
3958 3758 651138773
3332 3601 112675893
2915 3668 810623838
3177 2747 311550470
2404 2738 456579676
2258 4157 568505573
2588 4130 511381680
2864 2872 355302238
2944 2820 205653531
4020 3160 117690688
3096 2811 987916101
3759 2591 709817744
2883 3430 428126095
2948 2790 90539340
2193 3980 276248498
2675 3497 841822844
2405 3575 894255866
3092 3460 667761350
4311 3833 108432000
4123 4286 143453116
3137 3882 978325381
2480 3244 579860229
3031 3977 223040489
2430 3174 75496380
3707 4290 290763633
3975 3036 132044678
4210 3282 362752498
3787 2222 75143247
3162 2765 212151087
2533 3516 800448383
2250 2334 298391467
2778 3100 484031896
3796 3721 248983008
3310 2278 4749225
3770 3220 363312830
2603 3012 902708583
3791 2564 998655267
2807 4269 459849289
3728 4037 40821511
2966 2306 478308687
3194 3010 902794882
3812 2252 301598913
3992 2975 704485643
2252 2967 5817762
3501 2871 580818522
3973 3199 503706833
3994 2697 213167529
2602 2203 496898479
2619 2301 601795142
2893 4018 870441065
3089 3276 637337863
3174 2196 881993977
3108 3786 740623039
2848 3967 629160233
3853 2227 879519975
3452 4062 962260718
4092 4261 16525063
3940 3750 711326572
2706 2460 224215949
2261 2630 711121199
3031 3229 860457810
2569 3752 352495544
3704 2490 278187707
4215 3074 428875224
2768 2311 150753630
3370 2755 478517722
4128 2179 121078833
3078 2637 304915716
2615 3866 615418842
2337 2393 856195314
3770 3579 579685623
3213 2609 790426163
3236 3353 151642971
3858 4084 393286380
2577 3622 9506388
3861 3230 860056432
4078 3919 256007861
2879 4307 314358080
3895 3867 399440712
4207 2375 159127834
3332 2560 637327295
4123 3037 704377601
2783 4230 544460937
2430 3514 120110064
2492 2801 848179240
3738 2816 352021088
3776 3281 100961725
2378 3315 351614139
3966 3798 851304470
3699 3988 131132748
2733 3081 68330517
2915 3860 674714915
3398 4174 12882017
3745 3105 198151722
2733 3593 381816929
4079 3196 515971661
3273 3195 396723035
3753 3165 934792151
3053 2734 854282177
3315 2899 992351838
4073 3938 892300436
3925 4190 808082623
4261 2704 551022905
3958 2889 885440243
3492 3544 325452163
3083 3540 233637826
4032 4008 150818060
3420 4122 561392732
4299 3710 77463578
3848 2239 555248558
2247 3024 246051285
2272 3675 123404645
3261 2229 740132354
2819 3375 972152026
4090 2448 696476378
2306 3905 538087021
3854 3424 574907624
2932 2652 943491909
2852 3599 249248309
2969 2794 523200907
2661 3941 285071256
2883 2172 156566329
4303 2484 742807122
3281 2930 36842637
2311 2912 531871495
2550 3306 130239423
3354 2711 86602771
2835 2477 686326372
2568 4083 745627939
2428 3733 994652300
2964 2309 901459624
3988 2936 127732755
3737 3478 113728057
2355 3887 166991363
3174 3321 10178153
2672 2523 851466061
3335 3659 906530460
3714 3357 453927527
3597 3506 298015339
3988 3821 604899541
2488 4111 151962461
3169 2408 467987516
3277 2876 26544223
3594 3825 599624226
3983 3828 536572783
3159 2665 894913322
2631 2716 980206107
3044 3792 769945984
2348 3723 538658038
2334 3856 582055755
3662 3361 616023972
2393 4318 289196989
2951 2467 571262734
3873 3466 606346373
3497 2578 53569190
3273 3625 334690009
3685 2402 668271542
2706 2500 93294356
4062 2373 128140754
4112 2565 528516309
4276 3149 781224565
2286 3435 326229391
4040 3781 411606940
2570 2698 832996787
2790 2290 731087510
2915 3906 633819277
2741 3308 874661191
4295 3009 698035194
2710 2161 967303769
2482 4093 23220987
4203 4005 226066527
2331 4166 601530940
2975 3820 724965345
3168 2254 463302109
3612 3521 90308782
2670 2720 134700995
3380 3059 264820799
2281 2679 50013981
2405 2707 357329393
3192 3824 270814333
2805 3391 851608510
3082 2797 798682087
2366 2445 677025653
3356 3350 47266290
3379 3705 983053481
2313 3325 233636921
3977 2466 135607725
2628 2185 471846380
2455 2971 457962061
3735 3258 386951573
2871 2846 914587489
3810 2916 931449238
4092 4013 504518208
2906 3502 172066694
2231 3069 57415321
3923 3216 759125738
3301 2431 425914933
2956 3931 789266674
4319 3109 198485593
2784 2990 905240954
3627 4143 610541724
3795 2322 490851674
2286 3022 52358563
2336 2855 108013421
3717 2724 550846804
3052 2376 73194383
2260 3005 462827122
2355 2530 549653214
3602 4161 694385145
3776 4034 897955989
3193 3422 224197779
3262 3503 405738009
2976 3423 771099810
2769 2194 603658797
3683 3641 980635945
2528 2353 758803731
3434 2645 101889156
3470 3327 906561427
2792 3647 181411318
2819 4070 700709727
4100 2760 821023313
3214 3553 356372810
2830 2495 18887959
2791 3979 415308929
3925 4188 775300147
3963 3130 686267474
2951 3070 755729253
3189 2481 323250007
2187 3259 522202511
2688 3765 39403929
2948 2476 275328130
3473 3233 760088466
3208 4294 219593831
2738 3034 336595265
2642 3687 477654429
3082 3868 437077489
3524 4080 212763008
2470 3127 347586395
3807 3065 729004119
2170 3665 978005092
2293 3542 491730300
3128 4239 994061638
3086 2775 918643047
2201 3226 19230771
2576 3573 89004341
2455 3234 40302647
3505 2232 347696027
2181 3518 424105496
2887 2213 442830073
3924 4320 614183250
2334 3170 416953393
2532 2505 496519184
4062 3519 23940087
3817 3343 220056923
3351 2998 529847921
3896 2433 686790979
3331 4044 964343200
4111 3171 657061685
2856 4014 874810115
3601 3395 260538637
4183 2566 946677598
3229 3718 104032157
2348 4240 416757235
3625 4246 494658972
4229 3935 617106639
3569 3991 158228435
3384 2537 760535253
3473 2206 493313421
3109 4236 831772521
3529 2746 275180249
2541 3568 422136146
3351 2743 349197906
2231 2808 43865732
3578 3834 102923506
2656 3592 111012701
3041 3953 420138236
3805 3176 337084310
2711 3780 314120578
2975 2400 909733314
3248 4042 951708599
4166 3250 701182309
3873 3341 173774399
4218 3637 48547267
3252 2651 37597450
2720 2574 126090282
3893 3382 218950335
3026 3060 51754806
2670 2667 698087757
3338 2561 850730110
4013 4043 67798816
3872 2198 121329374
2514 2512 659264518
3995 3245 390602347
3099 2368 789098922
2290 3154 674045023
3568 3679 491425408
2536 2269 957687666
2873 2456 466651391
4105 3606 399632887
2893 3103 448550834
2359 2638 919227840
2483 3608 257912134
2620 2961 900198264
2304 3295 402891705
2970 4103 177908716
3637 3362 607514960
3253 3557 12153007
4197 3186 244625378
3459 3580 135010882
3477 3204 30640667
4004 3175 729081830
2280 3636 929588800
3837 3907 655412869
3699 4038 80447014
3264 2387 98712107
4251 2318 635463568
2662 2459 799994039
2528 2463 104682800
2470 2521 614695901
3175 2327 797649231
2996 4110 143178968
4309 2837 227213730
2892 3400 348197516
3008 3536 55675109
2467 3532 221648643
2698 2868 512082197
4127 2271 243989575
2656 4144 186488096
3711 3543 919750271
3616 4222 448475363
3811 2806 650786743
3283 2597 638558624
2414 3297 278992703
3543 2452 866519692
3403 4248 155331262
3479 2585 459872523
2421 2910 76810280
2381 3155 105665885
2587 2865 750514898
4269 2264 732415049
3585 3526 116425711
3118 2458 202284132
4210 2686 115755095
3500 3962 668659255
2768 2324 374157228
3045 4022 628395774
3213 3495 123180866
3558 3407 126562348
3877 3631 124555500
2889 4086 400694447
3851 2282 110320578
2682 2425 318023788
4171 2895 86474374
2848 4282 114315149
4000 2831 89806950
3339 3522 851871650
3026 3439 926308773
2178 3364 362573902
3293 2822 13942500
3311 3020 255863171
4302 2236 30036897
2546 2362 964432606
2867 4099 12224680
3854 3621 449233489
3631 2489 507708543
3614 3133 104935864
3958 3132 365953833
2347 2226 985867995
2405 4019 647038554
3145 3319 712750442
2522 4120 532878922
2648 2437 89217258
3503 3442 323831372
3103 3484 703269478
2910 3891 893085430
3188 3115 323596321
3160 3057 47734615
2453 3136 702730677
2735 3763 781896680
3840 3411 678026539
3307 2994 836771763
3941 3511 545578310
4251 3394 926950321
3452 4007 53147834
3777 3347 49915727
3800 3120 853458062
3788 3011 26352915
4041 2262 324772895
3839 2659 347577363
2455 3033 577203295
3192 2210 872128760
4229 4223 292161739
3932 4126 7692103
2196 2596 18096651
2896 2329 793675833
3441 3845 288776908
3634 3913 953412308
2467 3890 625153483
3325 2223 110065782
3875 3392 892161201
3668 3978 822465047
2421 3947 965276031
3354 3146 95745351
2400 2689 165319357
2827 2608 826060722
2223 2305 913738571
3952 2241 548586294
3170 2927 942529881
4139 2854 260312889
2528 3598 447498256
4043 3211 408418570
2871 3987 726131950
2196 2416 743079521
3984 2572 320085336
3903 2527 20668189
2811 3847 270863481
3156 2736 884660368
3307 3509 102994920
3068 2504 163784152
3376 3697 793674051
3653 3222 51805412
2444 3549 401139152
2164 3918 994542925
2427 3618 417699068
2931 3429 937155605
2548 3507 129169331
3524 4281 635940772
4119 3525 230427079
3825 2942 874884406
2572 3946 361663827
2578 3716 105202573
2383 4016 553564702
4107 3635 655749482
3458 3533 88429342
3721 4023 966229042
3080 3809 140153474
3718 2911 917343600
3400 3016 801745159
3883 2265 263964160
2466 3626 891889259
3997 3690 339881725
3068 4264 878612827
2783 2382 748209811
3514 4227 645523486
3660 3267 18806330
3935 3842 190853973
3313 2982 135117365
2533 3926 27321870
4321 2756 430130404
2313 4212 771727420
4001 4015 768986901
4095 2640 599219233
4021 4106 172306373
3529 3048 145238049
3471 2886 119944676
3791 4012 570491840
3957 2563 534832797
3841 3620 715739678
2744 3416 26339424
2922 3857 305051080
3231 3374 950019365
2474 2207 434535304
2677 3681 790437722
3147 4089 345915084
3845 3390 349546131
4296 2216 99527297
3345 2562 12986507
4058 4247 806831505
2302 3643 205340571
3458 4088 945717840
2379 3438 153248627
4158 2939 609743008
4223 3785 951733744
2699 3981 330815746
3703 3876 978042711
4045 2507 123992833
3380 4226 681368413
3788 3928 21589612
2453 4098 79339382
3596 4035 455588837
4107 2834 95343676
2644 2601 4302220
2555 3294 878907892
3873 3719 412399972
2404 4148 69562307
2757 3027 341046484
2909 3138 334385939
3202 3864 59755768
3511 2962 440312821
3814 3061 901896757
3839 2363 239197567
2956 3386 897083157
4127 4196 941400953
2194 2352 259267747
2413 3727 268687260
2302 2224 816136020
2585 3772 612996523
2550 2649 946469174
2474 2314 688995861
2730 3961 514572975
2845 2188 304306128
3977 2230 107491561
3435 2945 15375303
4115 3131 714663075
3208 3387 466247048
3814 2632 46291027
4185 3775 624193769
3085 2343 367043182
3731 2358 321708884
3752 4245 390352014
3611 3076 83740907
3310 3369 831618358
4063 3051 186151424
4025 2517 556271261
3905 3885 254751430
2458 4305 317853664
3866 3028 374683953
3833 3566 684106839
4273 4235 949158807
3154 2981 3522527
3044 3349 14014592
2464 2705 905986924
2293 3365 263157632
2207 3700 14453623
4044 2350 842330000
3310 2654 621070748
2635 4284 211015341
2373 3993 39318184
4134 4277 188716984
3497 4033 80470310
3679 2371 135742910
3200 3956 596417028
4088 3556 320287172
4266 2391 472463616
2723 2795 94429278
2589 2980 82443407
3589 3803 499372328
2931 4076 584607414
2661 3915 759105267
2766 3124 81858836
2598 3334 411905766
2840 4117 205893006
4240 3555 847579719
4183 3645 13289876
3914 3688 817608416
3059 2423 944257400
3509 2894 22932242
4309 2554 815580253
2376 2655 862155142
3795 2828 169288479
2381 2424 608596050
3700 2389 209184883
3253 2180 339581636
3978 3198 484489367
4303 3389 347763517
4023 2377 558409926
3767 3073 485050664
3232 4220 191547608
4258 3684 55622575
3493 2984 486193352
3289 2880 69352001
3308 4293 308422258
3939 3455 774833189
3452 3609 73533887
2313 4199 873903556
4181 2647 849365631
2507 2412 757320380
3382 3164 941012663
3427 2918 530233727
3856 2451 374076411
3435 3955 417588102
3499 3066 219633690
3916 3405 652000409
3214 4221 709290263
4272 2960 152687516
2464 3453 769085019
2208 3682 307826234
2317 2499 347392409
2397 3290 763648711
2884 2904 74573077
3081 3884 805195641
2373 2920 628661734
3997 3948 91181870
2197 4315 130810551
3911 2163 95616479
4270 2838 501356369
3593 3215 363624727
2365 4274 849794168
3596 3673 369807151
2422 4265 531095633
3770 2575 182250093
3927 2296 558594201
2855 2255 287193295
3407 4291 461937450
3586 3482 422300017
4308 3032 955894156
3273 2877 387899879
3847 3366 820380902
4215 2192 89767946
2832 4031 634804931
2170 4271 467700215
3297 2992 847348679
2514 3322 425167890
3391 4278 911595433
2866 2287 829066505
3257 3897 39809571
2647 2829 650502283
2990 3744 152606698
3935 2621 765281962
2973 2320 814356645
3517 3590 978833378
2588 2610 527831220
2801 2294 797330555
2358 3784 436663799
2259 3111 56831188
3965 4204 324515573
4105 4051 672238872
3320 3278 200216609
3238 3212 726634386
3626 2312 952091854
3900 2825 700098153
2394 3901 279717330
3197 3899 160423799
3525 3773 943774580
2534 3463 498111090
3854 3426 654795396
2305 2750 85491469
4069 4129 188542834
2720 3513 301014907
3588 2209 479031389
3916 3789 164345514
3356 3021 491066950
3964 2508 582556423
3506 3815 647837882
3254 3603 469175678
3905 2725 23135203
3418 3672 724757064
3901 4153 257690636
2248 3114 324965025
3298 2849 636244048
2179 2850 32619517
2936 4132 420854006
2945 4255 275107396
2446 4156 197695775
2731 4253 515671710
2636 2177 797897519
3134 3489 21188090
2648 3206 773410069
2447 2634 777476164
3792 2357 751363194
2531 3985 750318970
3664 3019 379915378
2733 2168 561837287
2406 3480 106648522
4093 2240 85825781
3272 2473 512357324
3982 3572 573081770
3250 2283 321134789
4148 2824 685977006
2469 3623 523305940
2760 2419 50360887
4122 4017 892811241
2878 4244 803247670
2598 2244 894346420
3425 2685 835197359
2988 3541 1857693
3671 2202 595931896
3109 2454 111113305
2165 2925 756484595
3877 3201 133381119
2264 3778 556501337
4164 2934 826671468
3540 4163 795633427
3996 2351 623299492
2666 3180 369315172
2489 3816 852339168
3011 3227 548454280
3742 3565 664232808
3616 2803 933768722
4219 4213 833380150
2185 2875 731818510
2394 4141 34834395
2663 3692 139086553
4153 2579 603945038
2249 3554 496521138
3483 3960 702275896
2591 2509 580843354
3377 2938 921058257
4017 3552 956959595
4005 2802 907842554
3865 3097 31454915
2287 4125 174741015
2711 3902 55055428
4129 3944 337066889
3460 4170 814304409
3799 3846 100902926
3464 4049 510862993
3871 2380 227664417
3519 3624 332959337
2437 3666 852659718
3797 3271 286465767
2845 2861 764771167
3802 2420 819359668
2990 2303 312778706
2801 2729 624705658
3581 3050 380427017
4016 3898 778040794
4050 2902 503681369
3745 3959 139699150
2766 4216 162444582
3259 3013 754357531
3237 3239 891038470
3146 2439 73056531
4277 2543 86410783
2711 3747 400046281
4277 3178 599507782
2483 2493 81487191
2859 3409 46592701
2167 3743 44956324
3924 4173 814160565
2593 3287 623779043
4270 3304 986677888
4075 3920 19503254
2898 4252 19153759
4165 2360 942147304
3331 3577 65770769
2417 3367 41176728
3074 2913 360494934
2848 2728 579949323
2303 3184 572959700
3456 3869 416987946
3691 3445 77251455
2977 3046 78043169
3386 4301 144973416
2755 3949 114708786
2369 2613 56191646
2288 2943 313151414
2895 2257 800863142
4319 3732 472289970
3967 2211 677949672
2708 3680 899373163
4119 3751 420321080
3916 2401 262659771
2330 2251 89354737
3617 2462 693978700
3685 2658 716307237
3063 4154 182390371
2511 2847 975784322
3774 3288 821954556
3551 3999 620883313
2756 3859 562784012
2841 2332 192891490
4321 3974 19927232
4242 2385 57006133
4129 3417 910311119
3860 3863 718437577
2475 3396 272771330
2923 3801 737623806
2964 2695 613175083
2862 3850 7064869
2502 2171 66109401
2909 4116 851640302
3607 2471 540031653
3212 2660 46082943
4190 3760 67388206
3726 2519 869679467
3471 3415 929083581
4224 3734 754131724
2693 2946 243383868
2709 3324 743788782
3451 3912 148711659
3203 3512 518849477
3532 3461 519536313
3185 3397 971265661
4009 2713 38746774
3984 2777 322447349
4139 2386 64315034
2174 3804 196958700
3986 3088 12554067
3033 2399 335768435
2362 3651 466024501
3832 3462 600910892
3217 4300 41236844
2927 4187 16359477
3868 2410 868784895
3972 4097 926397506
3317 3910 706425786
2984 2897 608567880
2232 4250 528710271
3268 3644 893660252
3249 2986 40190018
2886 3892 956729140
2674 2722 182069016
2408 3547 17221778
2864 3260 122070851
3465 2782 590871644
4159 2526 608298752
2249 3135 300443269
2521 4147 815951180
2623 3661 8379359
3262 2678 683906361
3646 4268 81713777
3025 3275 914361378
4074 4316 71663886
3684 3748 509567807
4321 3498 141331207
2590 4168 236665661
2265 3094 500033377
4099 3762 957439722
4094 4002 594423877
4280 2957 388158089
3398 2325 865149078
2497 2205 741741881
3668 3095 313206326
2221 3870 576285479
4026 2774 478780777
2385 3917 247276924
3228 4179 602387917
3897 2857 95792255
3997 2763 160656307
3180 4237 763590664
2977 3299 305998570
2420 2798 842098266
2552 3406 21284704
3054 3806 688191429
2761 3182 86407655
3990 2339 554495407
2360 3559 472744310
2779 2518 517086042
3768 3720 946255326
3835 3001 242336172
4047 2853 315031286
3359 3209 976595719
3215 2335 219696984
3594 3141 715782667
3164 2676 748855547
3193 3933 760990203
4170 3309 342702061
2822 3142 242381167
3465 2395 71262251
4228 3950 994717881
2971 2411 63217266
2256 2556 635651238
3649 2547 452175013
2736 3312 908283599
4048 3399 1647289
