665 302
2
3
9
11
19
20
21
22
24
26
28
30
31
33
34
37
38
40
42
43
45
48
49
51
53
55
56
58
59
60
64
66
71
72
74
77
79
80
81
82
83
87
92
95
96
97
100
101
103
105
106
108
110
113
114
124
125
130
133
137
138
139
140
141
143
147
148
149
151
152
156
157
158
163
164
165
169
170
173
180
183
187
194
197
199
200
202
203
205
206
208
210
212
213
214
216
217
219
226
227
229
230
236
237
238
242
243
247
248
249
250
252
255
257
258
261
263
265
266
269
275
276
277
278
280
281
282
284
285
290
293
294
296
297
298
304
306
307
308
311
312
314
317
319
320
322
326
328
329
330
332
333
335
336
339
340
342
344
345
348
349
350
352
355
357
358
366
370
371
372
375
380
385
387
389
392
394
401
402
403
404
409
412
413
418
420
422
423
424
426
427
428
431
433
434
437
438
439
445
446
447
448
450
452
454
456
457
459
463
467
468
470
471
476
477
478
481
482
485
494
496
497
498
501
503
505
506
510
511
512
513
514
517
519
521
522
526
529
530
531
533
536
539
542
543
548
551
552
553
556
560
562
563
567
570
572
573
576
578
582
584
586
588
590
592
594
598
600
601
603
604
605
606
607
608
611
615
617
619
622
623
624
627
628
629
630
632
636
637
638
642
643
644
645
647
649
651
654
655
657
662
663
