17173 5640
2
3
8
9
13
17
18
19
21
25
26
30
36
40
46
52
53
54
56
57
62
64
65
66
68
71
72
73
75
76
77
82
86
88
90
91
92
94
95
99
100
108
113
116
123
125
126
131
132
135
137
138
140
143
145
146
147
156
163
167
170
185
193
194
197
198
205
206
212
215
218
220
231
235
238
239
241
261
262
264
266
271
274
276
277
281
283
287
288
289
293
295
300
301
306
312
314
319
320
323
324
325
337
339
344
345
346
353
356
358
362
363
364
365
374
375
377
378
384
386
395
396
397
400
402
403
404
413
415
421
426
429
430
436
439
440
444
448
449
455
460
465
467
470
472
474
476
482
488
492
494
496
498
504
505
507
508
509
512
515
516
520
523
525
528
529
530
531
534
537
543
544
546
556
557
558
560
562
565
570
571
581
584
585
587
590
592
595
597
599
600
605
606
609
613
615
617
625
626
627
629
634
635
643
647
648
651
654
667
668
671
672
675
676
677
679
681
683
684
685
686
694
701
702
704
709
710
711
713
714
716
721
725
726
727
728
732
740
743
746
752
754
755
757
760
761
762
770
774
777
779
780
786
788
789
791
792
793
795
797
798
799
800
811
818
823
827
830
832
835
838
839
844
845
846
847
852
857
867
871
875
878
884
885
888
891
893
894
896
901
915
916
922
925
926
928
936
937
938
940
942
949
951
955
957
959
960
963
965
970
974
975
984
998
1004
1006
1008
1009
1014
1017
1018
1024
1027
1028
1029
1032
1038
1039
1045
1049
1050
1052
1053
1056
1057
1062
1065
1066
1073
1074
1077
1078
1084
1086
1088
1090
1091
1092
1093
1096
1116
1117
1118
1119
1121
1124
1128
1134
1141
1142
1143
1149
1154
1155
1163
1164
1167
1170
1182
1187
1189
1190
1192
1195
1196
1197
1202
1203
1205
1208
1211
1215
1216
1217
1219
1220
1221
1225
1230
1233
1236
1237
1238
1239
1240
1248
1249
1252
1259
1261
1264
1265
1287
1288
1290
1291
1293
1294
1295
1296
1309
1316
1330
1339
1344
1345
1346
1347
1348
1357
1360
1361
1369
1372
1377
1380
1381
1382
1383
1384
1387
1389
1394
1396
1397
1398
1399
1403
1404
1407
1416
1417
1418
1423
1425
1427
1429
1433
1434
1436
1440
1444
1445
1446
1447
1448
1449
1450
1451
1453
1454
1458
1460
1461
1463
1464
1467
1470
1472
1473
1481
1482
1487
1488
1489
1493
1495
1497
1498
1499
1500
1502
1503
1508
1514
1517
1518
1519
1521
1522
1528
1530
1533
1544
1552
1554
1555
1559
1561
1566
1568
1573
1574
1579
1580
1584
1587
1599
1600
1605
1609
1613
1614
1617
1623
1626
1633
1636
1638
1640
1648
1649
1651
1652
1653
1654
1657
1658
1663
1669
1675
1677
1682
1690
1697
1699
1700
1706
1708
1716
1719
1720
1722
1734
1736
1746
1747
1751
1754
1758
1759
1766
1775
1778
1781
1789
1794
1796
1799
1805
1807
1810
1811
1813
1818
1822
1823
1825
1826
1827
1831
1835
1836
1837
1839
1840
1843
1848
1850
1852
1858
1863
1866
1867
1871
1872
1873
1874
1876
1877
1879
1886
1889
1893
1896
1898
1899
1903
1904
1905
1908
1915
1916
1920
1924
1927
1928
1941
1944
1947
1948
1959
1961
1966
1969
1971
1974
1977
1981
1984
1986
1988
1991
1992
1996
2010
2014
2019
2025
2030
2036
2037
2043
2047
2050
2054
2056
2058
2064
2070
2073
2074
2083
2085
2088
2089
2092
2093
2096
2098
2101
2104
2114
2116
2117
2120
2121
2123
2128
2131
2136
2137
2138
2141
2143
2145
2147
2149
2152
2155
2159
2161
2162
2165
2171
2174
2176
2180
2183
2185
2186
2189
2192
2194
2195
2197
2198
2199
2203
2208
2215
2217
2218
2223
2226
2233
2235
2236
2237
2240
2244
2245
2246
2248
2249
2250
2255
2268
2270
2271
2273
2275
2276
2277
2279
2281
2282
2283
2284
2286
2291
2293
2295
2296
2297
2298
2300
2302
2307
2309
2310
2312
2314
2321
2323
2326
2330
2333
2335
2336
2343
2344
2349
2350
2353
2356
2357
2358
2360
2366
2370
2374
2376
2377
2379
2380
2383
2386
2387
2391
2393
2396
2402
2403
2404
2407
2411
2412
2416
2420
2421
2422
2424
2436
2439
2440
2450
2452
2455
2459
2460
2462
2463
2466
2471
2472
2473
2475
2477
2484
2487
2493
2496
2497
2503
2504
2507
2509
2510
2513
2515
2518
2519
2533
2537
2538
2541
2542
2544
2551
2552
2558
2562
2575
2578
2579
2583
2587
2590
2591
2597
2600
2601
2603
2605
2606
2614
2615
2616
2617
2621
2626
2629
2636
2643
2644
2657
2659
2664
2667
2669
2671
2672
2673
2677
2678
2680
2682
2683
2684
2687
2688
2689
2693
2700
2703
2704
2707
2710
2713
2719
2722
2724
2736
2737
2741
2743
2750
2752
2759
2760
2763
2764
2766
2780
2785
2791
2796
2799
2800
2801
2806
2809
2814
2816
2818
2822
2824
2828
2834
2835
2838
2846
2847
2856
2857
2860
2861
2870
2872
2873
2880
2881
2886
2888
2890
2896
2900
2902
2903
2904
2905
2907
2911
2913
2915
2919
2920
2922
2925
2929
2930
2932
2935
2936
2942
2947
2958
2959
2965
2966
2969
2972
2975
2978
2983
2984
2986
2989
2995
3002
3006
3007
3012
3015
3019
3027
3030
3035
3036
3040
3041
3045
3048
3058
3059
3060
3066
3067
3068
3076
3082
3083
3084
3085
3088
3095
3102
3103
3104
3108
3109
3112
3117
3119
3125
3130
3133
3134
3135
3136
3141
3154
3155
3157
3162
3164
3169
3174
3179
3182
3184
3186
3188
3189
3191
3192
3193
3195
3196
3197
3198
3199
3200
3203
3206
3214
3217
3221
3222
3225
3233
3235
3236
3237
3238
3239
3240
3241
3242
3244
3246
3248
3251
3259
3260
3262
3263
3265
3269
3276
3277
3281
3284
3286
3288
3289
3290
3291
3300
3303
3306
3311
3312
3318
3323
3324
3328
3332
3333
3340
3341
3344
3350
3351
3352
3353
3357
3362
3368
3371
3372
3375
3384
3387
3394
3397
3400
3401
3402
3407
3411
3412
3413
3414
3419
3420
3421
3422
3424
3427
3430
3431
3433
3441
3446
3447
3448
3451
3452
3463
3465
3466
3469
3473
3476
3483
3485
3493
3495
3496
3497
3501
3505
3511
3517
3522
3527
3529
3535
3539
3540
3546
3547
3548
3552
3553
3562
3566
3567
3568
3571
3573
3574
3576
3577
3580
3583
3584
3589
3592
3594
3597
3607
3608
3611
3613
3614
3616
3617
3619
3621
3622
3632
3633
3636
3637
3640
3643
3645
3647
3648
3649
3651
3653
3654
3656
3658
3659
3661
3662
3663
3666
3667
3669
3675
3679
3682
3684
3685
3689
3690
3691
3695
3705
3707
3708
3709
3710
3713
3719
3721
3724
3725
3726
3729
3733
3737
3741
3742
3743
3747
3750
3751
3752
3755
3758
3762
3766
3768
3775
3781
3782
3784
3788
3789
3791
3793
3795
3805
3807
3808
3809
3819
3821
3825
3829
3837
3841
3843
3844
3848
3854
3855
3864
3867
3868
3871
3874
3878
3882
3883
3885
3886
3888
3892
3896
3901
3903
3915
3916
3918
3922
3923
3925
3929
3930
3932
3936
3944
3948
3950
3951
3956
3957
3959
3961
3962
3963
3966
3967
3970
3973
3975
3977
3980
3981
3982
3983
3989
3990
3991
3995
3997
3999
4000
4012
4018
4023
4026
4029
4034
4036
4039
4050
4062
4067
4068
4069
4072
4076
4077
4078
4079
4082
4091
4092
4094
4095
4097
4098
4101
4108
4111
4113
4115
4117
4130
4131
4132
4136
4137
4138
4139
4149
4150
4152
4153
4154
4156
4159
4160
4163
4166
4169
4170
4176
4177
4178
4181
4184
4185
4187
4188
4189
4193
4196
4199
4206
4208
4212
4215
4218
4219
4221
4222
4223
4239
4242
4243
4246
4250
4251
4253
4258
4261
4264
4265
4266
4276
4280
4281
4289
4297
4298
4300
4303
4309
4314
4319
4322
4323
4324
4333
4334
4337
4340
4342
4346
4348
4351
4353
4354
4355
4356
4360
4362
4369
4370
4371
4372
4375
4382
4383
4384
4386
4387
4394
4399
4403
4407
4421
4424
4429
4437
4441
4443
4446
4452
4454
4455
4458
4459
4463
4466
4470
4474
4475
4481
4484
4492
4494
4511
4512
4514
4517
4518
4519
4524
4525
4526
4534
4535
4536
4537
4538
4539
4542
4543
4545
4549
4550
4556
4557
4559
4562
4568
4569
4581
4582
4585
4589
4591
4604
4608
4614
4618
4626
4627
4628
4634
4639
4640
4644
4647
4650
4651
4656
4662
4663
4670
4673
4677
4678
4680
4686
4691
4692
4693
4700
4701
4705
4706
4708
4710
4714
4717
4719
4720
4728
4730
4734
4735
4736
4746
4748
4749
4751
4754
4755
4756
4757
4761
4763
4767
4775
4783
4785
4786
4787
4788
4789
4792
4794
4795
4804
4806
4807
4809
4811
4812
4813
4816
4817
4818
4823
4824
4827
4828
4831
4836
4838
4841
4842
4846
4849
4850
4852
4856
4857
4860
4862
4863
4866
4868
4870
4871
4875
4878
4880
4881
4883
4885
4889
4894
4895
4896
4897
4898
4900
4904
4906
4912
4915
4919
4923
4935
4937
4941
4942
4946
4951
4954
4957
4963
4966
4967
4969
4976
4980
4982
4991
4994
4995
4996
5001
5006
5007
5009
5015
5016
5019
5020
5021
5023
5025
5031
5039
5040
5042
5043
5044
5048
5055
5056
5057
5059
5062
5063
5064
5068
5072
5073
5075
5076
5080
5082
5089
5093
5096
5097
5098
5100
5101
5102
5106
5108
5110
5112
5113
5115
5124
5126
5127
5130
5131
5135
5136
5137
5141
5143
5148
5149
5152
5155
5157
5158
5162
5165
5168
5174
5180
5183
5184
5186
5193
5194
5200
5202
5205
5211
5216
5221
5222
5226
5227
5229
5237
5241
5243
5244
5247
5249
5250
5251
5256
5262
5268
5269
5273
5278
5284
5286
5289
5294
5298
5303
5308
5309
5311
5315
5318
5319
5323
5327
5328
5332
5336
5339
5348
5352
5353
5354
5355
5358
5359
5363
5372
5373
5377
5379
5381
5383
5384
5387
5390
5392
5395
5397
5408
5414
5416
5418
5420
5423
5425
5428
5431
5432
5433
5435
5436
5438
5439
5446
5447
5449
5452
5459
5466
5468
5470
5471
5478
5483
5484
5489
5494
5496
5499
5501
5506
5509
5511
5512
5515
5517
5518
5519
5520
5522
5524
5530
5536
5540
5543
5544
5547
5549
5550
5551
5552
5553
5560
5562
5565
5571
5574
5578
5579
5585
5587
5588
5592
5599
5604
5610
5611
5616
5617
5620
5624
5631
5633
5636
5640
5641
5643
5644
5645
5646
5647
5649
5650
5660
5661
5663
5664
5665
5672
5676
5679
5680
5686
5688
5692
5693
5695
5696
5698
5700
5706
5708
5710
5711
5712
5715
5717
5718
5719
5720
5724
5725
5727
5728
5729
5735
5738
5743
5748
5750
5755
5757
5758
5761
5763
5765
5770
5773
5775
5776
5781
5782
5783
5785
5786
5787
5788
5794
5811
5814
5815
5817
5821
5823
5825
5839
5840
5841
5844
5845
5846
5847
5851
5852
5854
5859
5861
5862
5867
5868
5871
5872
5874
5876
5882
5884
5887
5888
5891
5892
5898
5908
5911
5913
5915
5917
5920
5921
5924
5925
5929
5936
5940
5947
5950
5953
5960
5963
5971
5977
5980
5981
5991
5995
5996
5999
6000
6002
6003
6004
6005
6010
6012
6013
6014
6015
6016
6017
6019
6020
6029
6030
6032
6033
6034
6035
6037
6038
6043
6048
6060
6065
6069
6073
6074
6075
6079
6084
6089
6091
6092
6093
6098
6099
6101
6102
6108
6109
6111
6119
6124
6140
6142
6148
6150
6151
6154
6156
6160
6161
6162
6163
6167
6168
6173
6183
6186
6196
6203
6206
6207
6209
6212
6216
6218
6219
6220
6221
6222
6224
6226
6229
6232
6233
6234
6236
6237
6238
6239
6241
6244
6246
6247
6252
6254
6256
6257
6258
6260
6261
6262
6271
6272
6273
6275
6285
6286
6288
6296
6300
6303
6304
6305
6306
6308
6311
6313
6315
6317
6321
6324
6326
6327
6331
6332
6333
6334
6338
6339
6341
6353
6358
6363
6376
6385
6388
6389
6393
6395
6396
6398
6399
6401
6402
6405
6409
6411
6414
6415
6417
6419
6420
6423
6428
6430
6432
6434
6443
6444
6445
6446
6448
6450
6451
6452
6454
6456
6457
6465
6478
6480
6485
6486
6490
6492
6493
6494
6496
6498
6501
6503
6509
6510
6511
6517
6518
6521
6522
6524
6529
6532
6533
6535
6540
6542
6543
6544
6546
6550
6553
6554
6557
6558
6559
6567
6571
6572
6574
6575
6580
6584
6585
6586
6587
6595
6598
6603
6604
6605
6606
6609
6610
6613
6614
6619
6622
6624
6625
6632
6635
6641
6643
6644
6652
6657
6658
6665
6668
6670
6673
6675
6683
6689
6694
6695
6697
6698
6701
6702
6707
6710
6714
6718
6722
6725
6728
6729
6730
6731
6737
6739
6744
6747
6749
6751
6753
6761
6764
6765
6775
6776
6777
6791
6795
6797
6800
6804
6810
6811
6816
6817
6818
6820
6823
6824
6831
6832
6833
6836
6837
6840
6846
6848
6851
6852
6853
6854
6855
6864
6874
6876
6881
6884
6886
6889
6890
6892
6893
6901
6904
6906
6907
6909
6914
6917
6918
6919
6921
6925
6926
6927
6929
6935
6936
6940
6942
6949
6951
6953
6954
6958
6959
6964
6967
6974
6976
6977
6983
6984
6985
6990
6991
6994
6998
6999
7008
7010
7013
7015
7016
7020
7022
7024
7029
7030
7032
7033
7035
7036
7037
7040
7045
7048
7050
7052
7053
7054
7055
7058
7062
7066
7070
7072
7074
7078
7079
7080
7083
7084
7089
7090
7094
7099
7100
7106
7112
7114
7128
7129
7134
7136
7137
7139
7140
7142
7144
7155
7158
7159
7160
7162
7163
7169
7172
7173
7182
7184
7186
7188
7196
7197
7202
7204
7206
7208
7213
7215
7216
7217
7222
7224
7225
7226
7227
7229
7230
7233
7234
7238
7253
7258
7259
7273
7282
7283
7284
7286
7287
7288
7291
7293
7295
7300
7301
7302
7304
7306
7307
7310
7312
7314
7316
7326
7327
7334
7335
7337
7340
7341
7343
7344
7353
7364
7366
7367
7370
7374
7378
7380
7386
7387
7390
7393
7396
7398
7400
7401
7405
7408
7409
7411
7413
7414
7416
7420
7427
7430
7436
7440
7445
7446
7447
7451
7452
7455
7457
7460
7462
7463
7465
7471
7475
7496
7500
7505
7506
7510
7512
7514
7515
7522
7524
7526
7529
7530
7534
7542
7543
7544
7545
7558
7559
7562
7563
7565
7566
7571
7580
7582
7584
7585
7586
7587
7588
7589
7590
7596
7597
7599
7603
7611
7612
7621
7627
7630
7634
7635
7636
7637
7638
7640
7641
7642
7644
7646
7650
7657
7659
7662
7663
7665
7666
7667
7671
7675
7678
7681
7682
7684
7692
7693
7698
7699
7700
7701
7704
7705
7707
7708
7714
7715
7717
7720
7721
7732
7734
7735
7736
7742
7744
7746
7747
7750
7752
7754
7755
7759
7760
7768
7773
7774
7775
7777
7778
7782
7783
7784
7785
7790
7791
7794
7799
7800
7801
7805
7806
7808
7812
7813
7820
7838
7840
7841
7843
7844
7846
7847
7848
7850
7858
7860
7868
7871
7878
7880
7885
7891
7893
7894
7896
7907
7921
7922
7928
7930
7941
7943
7944
7945
7947
7948
7954
7956
7961
7963
7972
7973
7977
7987
7988
7990
7992
7997
8000
8005
8014
8015
8016
8019
8020
8024
8030
8039
8041
8042
8046
8049
8061
8062
8064
8065
8067
8073
8075
8076
8078
8080
8081
8083
8088
8089
8091
8094
8096
8098
8100
8104
8109
8110
8114
8117
8118
8119
8120
8122
8123
8124
8125
8127
8131
8135
8138
8139
8140
8142
8144
8148
8149
8152
8156
8159
8160
8170
8174
8180
8193
8200
8203
8206
8208
8209
8211
8212
8213
8214
8217
8220
8225
8226
8227
8230
8241
8245
8247
8252
8253
8254
8256
8258
8262
8264
8267
8270
8271
8272
8274
8275
8278
8279
8286
8287
8292
8293
8294
8295
8297
8306
8307
8310
8311
8317
8320
8322
8338
8340
8342
8348
8355
8361
8365
8367
8369
8370
8371
8372
8373
8374
8375
8376
8377
8380
8381
8390
8398
8400
8402
8403
8404
8406
8408
8409
8413
8417
8418
8421
8422
8429
8430
8431
8438
8441
8442
8443
8445
8446
8453
8458
8461
8462
8463
8470
8473
8475
8476
8479
8480
8482
8484
8489
8492
8495
8497
8499
8501
8508
8512
8516
8519
8521
8524
8525
8531
8533
8537
8541
8542
8543
8545
8547
8548
8551
8555
8558
8560
8564
8565
8566
8567
8569
8575
8577
8578
8581
8582
8584
8590
8592
8596
8604
8606
8611
8612
8614
8617
8618
8622
8627
8631
8638
8646
8648
8652
8657
8658
8659
8660
8661
8662
8663
8676
8679
8680
8684
8687
8689
8696
8697
8703
8707
8710
8711
8714
8717
8718
8719
8720
8725
8728
8730
8734
8737
8738
8743
8744
8746
8748
8749
8752
8754
8756
8758
8760
8761
8762
8763
8766
8771
8773
8776
8779
8780
8782
8784
8786
8787
8793
8798
8801
8802
8807
8808
8812
8813
8819
8822
8825
8827
8828
8829
8830
8832
8833
8834
8836
8838
8840
8841
8842
8843
8844
8846
8847
8849
8850
8852
8856
8859
8862
8865
8871
8874
8876
8877
8879
8880
8883
8885
8886
8890
8891
8894
8899
8900
8902
8911
8912
8914
8917
8919
8922
8924
8927
8928
8929
8930
8931
8934
8935
8936
8939
8945
8949
8950
8953
8956
8963
8968
8970
8971
8973
8974
8975
8976
8977
8979
8980
8981
8982
8983
8992
8993
8996
8998
9001
9007
9009
9012
9014
9015
9016
9020
9021
9025
9028
9034
9042
9046
9048
9056
9063
9064
9066
9071
9078
9080
9083
9084
9086
9087
9091
9102
9103
9104
9105
9106
9108
9111
9113
9115
9120
9121
9123
9125
9126
9127
9128
9133
9135
9137
9138
9149
9151
9152
9155
9159
9161
9163
9164
9165
9167
9171
9175
9176
9184
9187
9189
9194
9195
9199
9201
9208
9210
9216
9217
9223
9229
9232
9233
9234
9235
9236
9237
9240
9244
9249
9253
9257
9259
9260
9262
9263
9265
9268
9270
9276
9282
9286
9288
9289
9290
9292
9294
9296
9301
9302
9305
9307
9314
9315
9319
9325
9326
9327
9331
9333
9336
9345
9346
9347
9350
9354
9356
9362
9363
9365
9371
9372
9375
9376
9377
9380
9381
9387
9388
9389
9391
9392
9395
9397
9401
9407
9410
9412
9413
9419
9422
9423
9425
9430
9434
9438
9441
9443
9449
9454
9457
9458
9461
9463
9465
9470
9473
9474
9482
9491
9493
9495
9497
9502
9503
9511
9512
9516
9521
9525
9526
9527
9528
9531
9534
9538
9541
9545
9554
9561
9564
9567
9570
9572
9577
9588
9590
9592
9593
9594
9597
9598
9600
9607
9608
9612
9616
9617
9618
9625
9627
9629
9631
9635
9641
9643
9645
9646
9655
9659
9661
9662
9665
9666
9670
9671
9672
9673
9676
9679
9680
9685
9687
9692
9699
9702
9705
9706
9709
9711
9718
9722
9729
9731
9733
9734
9735
9736
9742
9747
9749
9750
9752
9755
9762
9763
9765
9769
9770
9772
9773
9777
9785
9788
9791
9793
9794
9795
9798
9799
9801
9803
9804
9805
9806
9810
9816
9819
9820
9829
9834
9835
9837
9838
9842
9843
9844
9848
9850
9851
9858
9859
9860
9865
9866
9869
9870
9871
9876
9887
9888
9889
9890
9891
9903
9904
9906
9908
9910
9913
9916
9925
9928
9933
9934
9940
9944
9945
9949
9950
9952
9957
9958
9961
9965
9966
9968
9970
9976
9977
9979
9983
9985
9988
9989
9990
9991
9995
9997
10000
10001
10006
10008
10010
10012
10016
10022
10026
10027
10036
10037
10042
10043
10044
10050
10060
10065
10067
10075
10076
10078
10079
10081
10088
10090
10098
10102
10109
10112
10115
10123
10127
10133
10134
10140
10142
10145
10146
10147
10150
10153
10154
10156
10158
10162
10165
10167
10170
10171
10172
10178
10181
10191
10205
10207
10208
10209
10212
10216
10217
10222
10226
10227
10228
10229
10233
10237
10240
10241
10242
10243
10248
10254
10259
10261
10262
10266
10269
10270
10275
10280
10286
10288
10289
10293
10296
10302
10318
10319
10321
10333
10335
10336
10338
10339
10340
10342
10346
10348
10349
10352
10353
10354
10355
10358
10360
10363
10365
10368
10371
10372
10376
10378
10379
10383
10384
10390
10391
10392
10393
10396
10397
10401
10403
10405
10408
10410
10411
10427
10431
10437
10445
10456
10457
10458
10459
10460
10464
10466
10468
10469
10473
10477
10485
10487
10490
10493
10496
10500
10501
10504
10505
10509
10511
10517
10520
10534
10538
10539
10540
10546
10548
10549
10550
10553
10555
10558
10559
10562
10565
10570
10579
10583
10585
10587
10589
10590
10593
10596
10597
10600
10601
10606
10607
10610
10614
10617
10618
10622
10626
10627
10628
10631
10635
10636
10639
10641
10642
10644
10651
10657
10659
10660
10664
10665
10667
10669
10670
10671
10675
10678
10679
10680
10681
10683
10684
10685
10686
10698
10702
10704
10707
10711
10712
10713
10715
10716
10721
10724
10726
10730
10737
10738
10742
10747
10750
10752
10753
10758
10762
10766
10769
10772
10774
10776
10777
10781
10785
10791
10797
10800
10801
10807
10808
10810
10813
10815
10818
10819
10824
10826
10828
10836
10838
10840
10843
10844
10850
10853
10855
10861
10869
10871
10880
10882
10884
10885
10887
10889
10890
10891
10893
10898
10899
10900
10901
10903
10905
10911
10912
10915
10917
10925
10926
10928
10939
10943
10944
10945
10946
10948
10957
10959
10962
10966
10968
10969
10970
10971
10973
10976
10978
10982
10983
10989
10990
10996
11000
11001
11012
11015
11017
11022
11023
11024
11031
11039
11046
11047
11048
11056
11061
11062
11065
11066
11069
11076
11078
11085
11093
11101
11102
11103
11106
11108
11110
11111
11112
11117
11118
11121
11126
11127
11130
11131
11132
11134
11139
11140
11141
11146
11151
11152
11153
11154
11157
11162
11163
11165
11173
11179
11181
11183
11186
11193
11194
11195
11198
11201
11202
11206
11211
11215
11220
11230
11232
11233
11234
11235
11236
11237
11246
11247
11249
11253
11256
11257
11260
11262
11270
11271
11275
11279
11282
11283
11287
11289
11290
11292
11293
11296
11299
11304
11305
11309
11311
11314
11316
11317
11318
11325
11326
11332
11334
11335
11337
11342
11343
11344
11351
11354
11356
11359
11361
11365
11368
11373
11377
11380
11381
11386
11387
11390
11392
11393
11397
11399
11401
11402
11403
11404
11407
11410
11411
11412
11417
11418
11419
11420
11424
11425
11433
11435
11436
11437
11438
11439
11442
11452
11458
11473
11478
11480
11481
11489
11495
11497
11498
11502
11504
11511
11513
11515
11518
11519
11525
11527
11528
11529
11534
11535
11538
11541
11542
11546
11551
11552
11553
11561
11563
11570
11571
11574
11577
11579
11582
11583
11584
11585
11592
11593
11597
11598
11599
11600
11602
11603
11605
11607
11609
11613
11614
11616
11621
11622
11623
11625
11626
11634
11635
11636
11638
11639
11640
11641
11645
11647
11648
11651
11652
11655
11657
11661
11667
11674
11677
11679
11681
11684
11696
11697
11703
11705
11707
11713
11721
11726
11727
11729
11735
11740
11743
11746
11747
11748
11750
11757
11759
11769
11770
11771
11774
11776
11777
11780
11781
11782
11783
11786
11788
11791
11795
11796
11799
11802
11807
11810
11813
11814
11818
11823
11826
11828
11829
11830
11845
11846
11848
11850
11851
11853
11856
11857
11861
11862
11865
11867
11868
11869
11875
11877
11880
11888
11889
11890
11891
11894
11895
11896
11901
11902
11904
11908
11910
11911
11916
11919
11923
11927
11934
11935
11941
11951
11953
11956
11957
11959
11962
11964
11966
11967
11969
11970
11971
11972
11975
11999
12008
12016
12023
12030
12031
12032
12039
12049
12051
12052
12055
12059
12065
12066
12070
12071
12074
12080
12082
12084
12088
12090
12091
12092
12093
12096
12097
12099
12101
12102
12104
12105
12106
12108
12114
12117
12120
12127
12128
12130
12132
12141
12143
12146
12150
12157
12165
12167
12171
12173
12175
12179
12183
12187
12189
12193
12194
12195
12197
12207
12210
12211
12212
12217
12219
12225
12226
12227
12228
12229
12233
12237
12238
12241
12246
12247
12249
12250
12253
12254
12256
12258
12263
12264
12265
12266
12267
12277
12280
12282
12284
12288
12290
12294
12295
12298
12299
12301
12302
12310
12319
12321
12327
12330
12336
12341
12346
12349
12352
12357
12361
12367
12369
12372
12373
12374
12378
12379
12380
12381
12383
12386
12393
12396
12399
12401
12403
12404
12405
12407
12408
12409
12410
12411
12412
12418
12419
12421
12424
12428
12429
12433
12434
12435
12436
12437
12440
12441
12443
12450
12453
12455
12462
12463
12464
12470
12471
12475
12481
12482
12489
12490
12501
12505
12512
12516
12517
12519
12530
12534
12535
12536
12545
12546
12556
12557
12562
12564
12571
12577
12578
12579
12580
12583
12586
12588
12595
12603
12607
12608
12610
12614
12618
12619
12620
12622
12627
12629
12630
12632
12633
12635
12637
12641
12650
12651
12654
12656
12658
12659
12660
12661
12666
12667
12669
12670
12673
12674
12684
12686
12688
12692
12693
12697
12698
12700
12703
12706
12710
12711
12712
12713
12719
12720
12721
12722
12725
12726
12728
12729
12733
12736
12740
12743
12744
12745
12758
12767
12768
12770
12772
12777
12779
12781
12784
12788
12794
12800
12803
12804
12808
12810
12812
12814
12829
12830
12838
12844
12846
12853
12858
12861
12866
12867
12868
12870
12872
12873
12877
12887
12888
12889
12891
12893
12896
12898
12899
12900
12903
12904
12906
12910
12912
12913
12915
12922
12925
12927
12932
12934
12942
12943
12945
12946
12952
12954
12957
12963
12965
12966
12968
12971
12972
12974
12978
12984
12987
12989
12991
12995
12996
12997
12999
13000
13003
13005
13007
13008
13010
13013
13016
13025
13026
13027
13033
13035
13042
13043
13045
13051
13053
13054
13056
13057
13059
13063
13064
13071
13076
13079
13083
13084
13087
13090
13094
13097
13100
13105
13110
13111
13115
13117
13121
13124
13125
13126
13127
13131
13134
13136
13137
13138
13139
13144
13145
13148
13155
13157
13159
13169
13172
13174
13175
13176
13178
13180
13181
13189
13192
13193
13196
13200
13201
13204
13207
13210
13211
13215
13217
13222
13225
13227
13228
13231
13233
13238
13243
13247
13250
13251
13253
13254
13257
13260
13261
13262
13266
13268
13269
13271
13274
13275
13279
13283
13290
13295
13297
13301
13303
13304
13305
13306
13308
13309
13310
13315
13322
13323
13325
13327
13330
13332
13335
13338
13340
13342
13344
13350
13351
13352
13354
13355
13358
13360
13361
13364
13370
13372
13380
13381
13386
13388
13389
13390
13391
13392
13395
13397
13400
13402
13405
13409
13411
13414
13415
13418
13419
13420
13424
13436
13437
13439
13449
13456
13457
13460
13461
13462
13468
13470
13471
13474
13477
13478
13483
13485
13489
13490
13491
13497
13505
13508
13509
13510
13512
13513
13516
13530
13533
13535
13539
13540
13544
13546
13547
13549
13550
13554
13560
13563
13567
13575
13582
13585
13589
13591
13595
13596
13597
13599
13600
13604
13605
13606
13607
13609
13611
13613
13614
13615
13617
13620
13623
13626
13627
13628
13630
13632
13634
13635
13637
13642
13643
13647
13653
13657
13663
13665
13667
13668
13669
13671
13672
13673
13678
13679
13683
13685
13698
13702
13703
13708
13710
13714
13716
13724
13727
13728
13731
13734
13739
13743
13744
13745
13747
13748
13750
13751
13753
13754
13756
13760
13762
13765
13769
13772
13773
13778
13783
13791
13794
13795
13797
13802
13803
13807
13808
13809
13810
13813
13814
13819
13821
13823
13828
13829
13831
13833
13842
13843
13844
13845
13856
13861
13862
13865
13869
13873
13877
13880
13881
13884
13889
13890
13893
13894
13895
13900
13901
13902
13908
13925
13926
13928
13931
13933
13934
13935
13936
13941
13942
13948
13952
13953
13961
13963
13964
13968
13973
13974
13975
13977
13982
13985
13989
13990
13993
13996
14000
14001
14002
14006
14011
14017
14021
14023
14025
14031
14033
14035
14037
14038
14044
14048
14049
14050
14055
14060
14062
14063
14064
14065
14069
14076
14078
14082
14083
14086
14091
14093
14094
14096
14097
14099
14100
14110
14112
14114
14118
14119
14123
14126
14127
14129
14131
14134
14136
14137
14139
14141
14142
14146
14152
14155
14156
14159
14160
14161
14166
14167
14180
14186
14187
14191
14208
14212
14213
14222
14227
14230
14231
14240
14241
14242
14245
14252
14256
14257
14262
14263
14264
14265
14273
14274
14275
14280
14286
14291
14292
14298
14305
14308
14309
14323
14329
14330
14331
14333
14337
14340
14343
14346
14347
14348
14351
14353
14355
14356
14363
14364
14366
14367
14369
14370
14371
14372
14373
14378
14380
14383
14386
14387
14393
14396
14398
14402
14403
14404
14405
14406
14409
14411
14416
14418
14423
14426
14427
14431
14437
14442
14451
14457
14458
14461
14463
14466
14470
14471
14473
14474
14475
14477
14482
14489
14496
14502
14507
14508
14509
14510
14512
14515
14516
14522
14523
14525
14528
14529
14530
14531
14537
14538
14539
14541
14552
14553
14559
14561
14562
14567
14570
14573
14575
14576
14582
14583
14587
14591
14593
14597
14599
14600
14604
14605
14606
14608
14609
14612
14616
14618
14632
14633
14634
14636
14638
14655
14657
14658
14662
14669
14674
14676
14677
14678
14687
14692
14694
14701
14709
14711
14712
14717
14723
14724
14727
14729
14737
14741
14748
14749
14752
14754
14758
14760
14765
14766
14771
14775
14777
14779
14785
14794
14795
14797
14798
14800
14802
14804
14807
14808
14815
14827
14828
14831
14836
14837
14840
14841
14843
14844
14849
14852
14855
14856
14857
14858
14860
14864
14866
14868
14869
14879
14882
14886
14888
14890
14892
14896
14899
14900
14901
14905
14906
14914
14915
14916
14918
14921
14925
14930
14932
14935
14938
14939
14940
14941
14953
14955
14956
14957
14959
14961
14962
14963
14969
14970
14976
14979
14986
14990
14994
14999
15006
15007
15008
15009
15015
15017
15018
15019
15022
15023
15025
15026
15042
15043
15044
15045
15049
15050
15052
15053
15054
15056
15057
15058
15059
15060
15062
15065
15073
15074
15076
15080
15082
15085
15087
15089
15091
15092
15093
15095
15096
15097
15098
15099
15100
15102
15106
15107
15110
15112
15113
15115
15121
15122
15124
15126
15127
15132
15133
15138
15144
15148
15154
15155
15157
15162
15172
15174
15176
15177
15179
15180
15183
15186
15187
15189
15190
15191
15197
15203
15206
15207
15210
15212
15213
15218
15219
15221
15223
15224
15228
15234
15235
15242
15246
15249
15257
15258
15265
15266
15270
15277
15278
15283
15284
15287
15288
15292
15293
15295
15297
15298
15299
15301
15302
15307
15308
15314
15316
15318
15326
15328
15335
15336
15339
15343
15344
15347
15349
15350
15359
15360
15362
15364
15367
15368
15369
15370
15376
15378
15383
15386
15390
15391
15394
15395
15396
15399
15405
15409
15410
15412
15413
15414
15416
15429
15431
15436
15448
15450
15451
15453
15454
15459
15461
15464
15467
15470
15471
15472
15474
15478
15481
15482
15485
15486
15487
15488
15492
15493
15499
15500
15501
15507
15508
15510
15512
15514
15515
15518
15519
15524
15525
15526
15534
15537
15543
15549
15555
15558
15560
15561
15562
15565
15566
15567
15569
15572
15576
15577
15578
15583
15584
15585
15586
15587
15588
15593
15599
15601
15602
15603
15604
15607
15610
15611
15613
15621
15624
15630
15635
15636
15640
15646
15649
15650
15652
15656
15659
15660
15664
15665
15669
15671
15676
15679
15681
15687
15696
15702
15703
15705
15707
15709
15711
15716
15722
15729
15735
15737
15742
15743
15747
15754
15755
15756
15757
15759
15763
15767
15770
15774
15776
15777
15779
15781
15782
15785
15791
15798
15799
15805
15806
15811
15812
15820
15822
15823
15829
15832
15834
15839
15841
15843
15849
15850
15853
15855
15856
15859
15870
15874
15875
15877
15879
15880
15882
15887
15888
15889
15892
15894
15895
15900
15902
15904
15907
15911
15914
15916
15918
15921
15922
15931
15932
15935
15936
15942
15944
15951
15952
15957
15958
15959
15961
15964
15966
15967
15969
15975
15977
15981
15982
15984
15985
15986
15989
15994
15999
16003
16006
16009
16013
16019
16020
16022
16025
16029
16040
16042
16049
16052
16053
16054
16064
16065
16067
16071
16075
16076
16078
16079
16081
16085
16087
16097
16104
16110
16112
16120
16121
16123
16127
16129
16138
16145
16146
16150
16151
16154
16156
16161
16163
16164
16168
16171
16173
16174
16182
16184
16185
16192
16194
16196
16199
16201
16205
16207
16208
16210
16219
16220
16225
16226
16231
16234
16235
16236
16237
16242
16243
16247
16249
16250
16254
16257
16269
16270
16271
16274
16276
16279
16280
16282
16290
16292
16294
16297
16299
16300
16304
16305
16314
16316
16317
16323
16325
16327
16335
16344
16346
16349
16352
16353
16357
16361
16363
16368
16369
16370
16371
16372
16373
16375
16377
16378
16381
16383
16384
16385
16391
16393
16397
16399
16402
16403
16404
16405
16412
16414
16415
16420
16421
16427
16428
16429
16432
16433
16437
16439
16441
16442
16447
16449
16452
16456
16457
16466
16467
16468
16469
16475
16476
16482
16483
16488
16492
16496
16498
16500
16501
16503
16504
16506
16510
16522
16523
16527
16530
16531
16540
16542
16547
16548
16550
16561
16562
16563
16565
16566
16567
16568
16571
16575
16576
16579
16582
16584
16588
16589
16590
16591
16597
16598
16599
16604
16607
16609
16612
16616
16617
16618
16623
16627
16628
16630
16632
16635
16638
16640
16642
16643
16644
16648
16651
16654
16659
16660
16661
16665
16667
16668
16669
16670
16672
16673
16674
16678
16679
16680
16683
16685
16687
16690
16691
16694
16696
16702
16703
16704
16706
16708
16712
16713
16718
16719
16724
16727
16728
16730
16737
16739
16744
16748
16751
16753
16754
16757
16761
16769
16771
16777
16780
16787
16788
16791
16799
16800
16805
16809
16812
16813
16817
16820
16827
16829
16831
16832
16833
16834
16836
16840
16841
16843
16844
16845
16846
16850
16853
16858
16859
16862
16866
16870
16871
16872
16877
16886
16890
16892
16900
16904
16906
16909
16919
16929
16931
16933
16935
16939
16940
16944
16945
16950
16961
16963
16965
16968
16971
16980
16982
16983
16985
16986
16987
16993
16999
17000
17003
17005
17011
17013
17018
17019
17020
17023
17031
17036
17038
17040
17043
17044
17046
17048
17051
17052
17053
17056
17060
17061
17062
17064
17069
17070
17072
17075
17077
17079
17081
17082
17085
17086
17087
17090
17093
17098
17102
17105
17115
17118
17119
17121
17125
17126
17128
17131
17132
17136
17137
17138
17140
17142
17148
17149
17150
17151
17152
17155
17156
17157
17158
17159
17162
17166
17173
