953 701
1
2
3
4
5
6
7
10
11
13
14
15
18
19
20
22
24
25
26
28
29
30
31
32
33
34
37
39
40
41
43
44
45
46
47
48
49
50
52
53
56
59
62
63
65
67
68
69
71
72
75
76
77
78
79
81
82
84
85
86
88
89
90
91
93
95
98
99
101
103
104
105
106
108
111
112
113
114
115
117
118
119
120
121
122
124
125
126
127
128
129
130
131
132
133
134
135
136
137
138
139
141
142
143
144
146
147
150
151
152
153
155
156
157
158
159
160
161
164
165
167
171
172
175
177
178
179
181
182
183
184
185
188
190
191
192
193
195
196
197
198
199
200
201
202
203
205
208
212
214
216
217
218
222
223
224
225
226
228
231
234
235
236
237
238
239
240
241
242
245
246
248
249
250
252
253
254
255
257
258
259
261
262
263
265
266
268
269
270
272
273
274
275
276
277
281
282
283
284
286
287
288
289
290
291
292
293
294
297
298
299
301
303
305
306
308
309
311
312
313
314
315
318
319
321
323
324
326
327
328
329
330
331
332
334
335
338
339
340
341
342
343
344
345
346
347
350
351
352
353
354
356
357
358
359
360
362
363
365
366
368
369
370
371
373
374
375
376
377
380
381
382
385
386
387
388
389
390
391
392
393
395
397
398
399
400
401
402
403
405
407
409
410
412
413
414
415
416
417
419
420
421
422
423
424
425
426
427
428
429
430
431
432
434
435
437
438
439
441
442
443
444
445
447
448
449
451
453
455
456
458
460
461
462
463
464
465
466
467
469
472
474
477
478
479
480
481
484
488
490
491
492
493
495
496
497
500
501
502
504
507
510
512
514
515
517
518
519
522
523
525
526
528
530
531
532
536
537
538
539
541
542
543
545
546
547
549
551
552
553
554
555
558
559
560
561
562
563
564
565
566
567
568
569
571
572
573
574
576
577
578
579
581
583
584
585
586
587
588
589
591
592
593
596
598
599
600
601
602
603
604
605
606
608
610
612
614
615
617
618
621
625
626
627
628
629
631
632
633
635
637
638
641
643
646
647
648
650
651
653
654
655
656
657
658
659
660
661
663
664
665
666
667
668
669
670
671
672
673
676
678
680
681
683
684
685
686
687
688
689
690
692
693
694
695
696
697
698
699
700
701
702
703
704
705
706
710
712
713
714
715
720
722
723
724
725
728
729
730
731
732
734
735
737
738
739
740
741
742
744
745
746
747
748
749
750
751
752
753
755
757
758
760
761
762
765
766
767
768
769
770
771
772
773
774
775
776
777
778
782
783
786
787
788
789
790
791
792
794
795
796
797
798
799
800
801
802
803
804
806
808
809
810
811
812
813
814
815
816
818
820
821
822
823
824
825
826
828
829
830
831
832
833
834
835
836
837
838
841
842
843
844
845
846
848
850
851
852
853
854
855
856
857
858
859
860
861
862
863
864
865
866
867
868
870
871
872
873
875
876
878
879
880
881
882
883
884
885
886
889
890
891
892
893
895
897
898
899
900
902
903
905
906
907
909
910
911
912
914
915
917
918
919
920
922
924
925
926
927
928
929
930
931
933
935
936
937
938
939
940
941
944
945
946
947
948
949
950
951
952
953
