831 691
3
4
5
6
7
8
9
10
11
13
14
15
16
17
18
19
20
21
22
23
25
26
27
28
29
30
31
32
33
35
36
37
39
40
41
43
44
45
46
47
48
52
53
54
55
56
57
58
59
60
61
62
65
66
67
69
70
71
72
73
74
75
76
80
81
82
83
84
85
86
88
90
92
96
97
100
101
102
103
104
105
106
107
109
110
112
113
114
115
116
117
119
120
121
122
123
124
125
126
127
128
129
130
131
132
133
134
135
136
137
138
139
140
141
142
143
144
145
146
147
148
149
150
151
152
153
154
155
157
158
160
161
162
163
164
165
166
167
170
171
172
173
175
176
178
179
180
181
182
183
184
185
186
187
188
189
190
191
192
193
194
195
198
199
200
201
202
203
205
207
208
210
211
213
214
215
216
217
218
219
220
221
223
226
227
228
229
231
232
233
234
235
236
238
239
240
241
242
245
246
247
248
249
250
251
252
253
254
256
257
258
259
260
261
262
265
266
267
268
269
270
271
272
274
276
277
278
280
281
282
283
284
286
287
288
289
290
291
293
294
295
296
297
298
300
302
303
304
305
306
308
309
310
312
313
314
315
316
318
319
320
321
322
323
324
325
326
328
329
330
331
332
333
334
337
338
339
340
341
343
344
345
346
347
348
349
350
351
352
353
354
355
356
357
358
359
360
361
362
363
364
365
367
368
371
372
373
376
377
378
379
380
381
382
383
385
387
388
389
390
391
392
393
394
395
396
397
398
399
400
401
402
403
404
405
406
407
408
409
413
414
415
416
417
419
420
421
423
424
425
426
427
428
430
431
433
434
435
436
437
438
439
440
441
442
443
444
445
446
447
448
450
451
452
453
454
456
457
458
459
460
461
462
463
464
465
466
467
468
469
470
471
472
473
474
475
476
477
478
479
480
481
482
483
485
486
487
488
489
490
491
492
493
494
495
497
498
500
501
502
503
504
505
506
507
508
509
510
511
512
513
514
515
517
518
520
521
522
523
524
526
527
528
530
531
532
533
535
536
537
538
539
540
541
542
544
546
548
550
551
552
553
554
555
556
557
558
559
560
561
562
563
564
568
569
570
571
572
573
574
575
576
577
578
579
580
581
582
583
584
585
587
588
590
591
592
593
594
596
597
598
599
600
601
602
604
605
606
608
610
611
612
614
615
616
617
618
619
620
621
622
624
625
626
627
628
629
630
631
632
633
635
637
638
640
641
643
644
645
646
648
651
652
653
654
655
657
659
660
661
662
663
665
666
667
668
669
670
671
672
673
674
675
676
677
679
680
681
682
684
686
687
688
689
692
693
694
695
696
697
698
700
701
702
703
704
705
706
707
709
710
711
712
713
714
716
717
719
720
721
723
725
726
727
728
729
730
731
732
733
734
735
736
737
738
740
743
744
745
746
747
748
749
750
751
752
753
754
755
756
757
759
760
761
763
764
765
767
768
769
770
771
772
773
774
775
777
778
779
780
781
782
783
784
785
786
788
790
791
792
793
794
795
796
797
798
799
800
801
802
803
804
807
808
809
810
811
812
813
814
815
817
818
820
821
822
823
826
827
830
831
