384 172
1
2
3
5
6
7
8
9
18
19
21
25
28
31
32
37
38
41
42
44
45
46
47
48
49
50
53
56
63
64
65
67
69
70
74
76
78
81
90
92
93
95
96
97
102
107
109
114
115
118
120
123
127
135
140
142
146
148
149
150
152
153
155
156
157
160
161
164
165
166
169
171
174
175
177
180
181
182
190
191
192
193
194
195
197
200
201
202
203
206
212
214
217
218
219
222
227
232
237
240
241
247
248
251
257
258
261
262
264
265
270
276
277
280
282
289
290
292
293
294
295
296
298
299
301
302
306
307
310
312
313
314
316
317
320
323
324
325
329
330
331
332
333
335
339
340
341
342
343
347
348
350
351
353
354
357
359
360
363
364
366
368
372
373
376
377
379
380
381
382
383
384
