920029
127721
559955
687786
481184
429924
952259
776677
665566
361163
624426
216612
283382
938839
461164
986689
102201
712217
346643
758857
392293
591195
123321
616616
109901
598895
738837
896698
202202
106601
813318
903309
458854
218812
975579
442244
757757
957759
178871
200002
606606
240042
943349
405504
615516
422224
446644
410014
849948
855558
663366
282282
916619
205502
698896
753357
832238
265562
483384
852258
226622
195591
727727
792297
689986
753357
687786
952259
163361
279972
476674
437734
289982
337733
922229
965569
800008
530035
699996
795597
451154
105501
162261
568865
870078
139931
336633
343343
638836
638836
573375
226622
663366
608806
541145
453354
731137
498894
228822
730037
793397
482284
633336
926629
741147
898898
442244
282282
879978
605506
426624
354453
963369
105501
425524
892298
734437
988889
129921
146641
477774
145541
668866
253352
458854
189981
655556
397793
690096
580085
138831
532235
261162
985589
740047
486684
940049
147741
847748
248842
310013
936639
165561
746647
618816
651156
514415
316613
796697
993399
571175
835538
205502
926629
722227
399993
484484
640046
149941
592295
335533
844448
136631
958859
473374
318813
505505
225522
571175
356653
901109
130031
940049
795597
353353
165561
813318
704407
527725
773377
526625
740047
798897
378873
902209
394493
352253
137731
793397
435534
156651
908809
572275
296692
406604
394493
880088
833338
409904
482284
284482
207702
322223
964469
244442
446644
151151
460064
596695
654456
611116
385583
309903
421124
746647
972279
607706
361163
562265
345543
611116
465564
867768
307703
577775
418814
542245
848848
659956
276672
920029
531135
790097
251152
796697
211112
449944
561165
322223
542245
957759
741147
876678
888888
238832
757757
361163
581185
373373
392293
126621
171171
548845
779977
417714
773377
302203
918819
259952
634436
652256
592295
620026
385583
515515
251152
427724
204402
211112
718817
159951
557755
522225
475574
795597
333333
677776
722227
474474
756657
773377
651156
177771
391193
508805
619916
508805
627726
262262
420024
731137
279972
423324
181181
324423
837738
268862
907709
626626
712217
877778
952259
338833
426624
906609
125521
553355
119911
636636
886688
748847
505505
258852
984489
717717
357753
720027
185581
983389
218812
387783
218812
486684
178871
302203
342243
643346
601106
588885
840048
870078
804408
803308
227722
973379
579975
856658
893398
331133
986689
114411
966669
849948
317713
389983
578875
335533
306603
997799
962269
387783
671176
593395
863368
334433
346643
433334
414414
207702
703307
622226
737737
686686
382283
698896
689986
188881
744447
117711
296692
569965
672276
594495
852258
547745
518815
804408
492294
342243
593395
926629
475574
298892
521125
791197
670076
931139
667766
957759
313313
744447
671176
709907
395593
443344
774477
