360063
303303
782287
112211
455554
380083
775577
242242
917719
654456
578875
542245
480084
948849
443344
205502
774477
288882
393393
666666
693396
666666
546645
366663
625526
884488
571175
532235
143341
333333
320023
876678
646646
145541
274472
378873
368863
121121
522225
167761
237732
889988
974479
768867
752257
863368
654456
666666
431134
648846
926629
449944
927729
326623
229922
182281
765567
188881
152251
360063
128821
335533
515515
946649
412214
993399
711117
337733
764467
177771
686686
413314
189981
814418
352253
322223
254452
657756
835538
773377
358853
862268
995599
280082
531135
568865
296692
531135
169961
535535
148841
495594
746647
881188
136631
251152
975579
830038
687786
736637
886688
815518
942249
916619
772277
272272
847748
278872
666666
757757
947749
392293
760067
657756
619916
613316
192291
387783
753357
845548
533335
402204
633336
815518
928829
916619
630036
161161
661166
156651
165561
167761
508805
842248
406604
695596
371173
337733
223322
281182
882288
985589
171171
328823
808808
991199
187781
943349
655556
565565
340043
653356
543345
995599
208802
193391
558855
437734
414414
973379
774477
536635
252252
182281
123321
232232
979979
991199
111111
737737
908809
464464
848848
947749
541145
686686
255552
445544
486684
104401
461164
419914
430034
371173
797797
836638
199991
719917
544445
984489
753357
700007
297792
538835
942249
480084
841148
739937
615516
581185
462264
756657
755557
833338
776677
584485
605506
641146
637736
784487
787787
831138
475574
948849
238832
361163
134431
415514
308803
668866
181181
506605
591195
476674
494494
108801
507705
261162
845548
834438
725527
653356
925529
985589
690096
747747
421124
522225
724427
312213
238832
124421
716617
858858
499994
791197
228822
149941
106601
875578
292292
310013
478874
428824
455554
674476
181181
430034
856658
894498
495594
216612
632236
841148
152251
346643
755557
654456
543345
713317
113311
836638
251152
481184
379973
342243
865568
948849
506605
628826
764467
827728
567765
566665
192291
593395
300003
680086
446644
107701
227722
977779
388883
307703
101101
928829
446644
938839
323323
755557
975579
995599
440044
178871
628826
744447
877778
360063
187781
133331
722227
128821
351153
387783
159951
257752
131131
447744
356653
116611
666666
276672
272272
896698
625526
987789
967769
814418
369963
861168
999999
936639
147741
279972
758857
227722
161161
578875
721127
244442
160061
244442
754457
279972
367763
125521
682286
760067
312213
619916
517715
445544
874478
282282
484484
441144
216612
992299
211112
569965
541145
922229
442244
643346
229922
685586
889988
287782
567765
481184
747747
397793
455554
936639
284482
225522
222222
379973
976679
196691
334433
445544
603306
893398
160061
341143
558855
762267
159951
687786
713317
673376
157751
722227
344443
942249
781187
298892
142241
727727
576675
892298
333333
336633
752257
624426
950059
176671
544445
727727
712217
332233
932239
938839
121121
979979
781187
165561
704407
861168
374473
906609
685586
587785
681186
833338
139931
793397
321123
472274
377773
717717
490094
726627
154451
414414
695596
563365
366663
160061
327723
528825
282282
459954
407704
437734
156651
144441
685586
887788
592295
281182
358853
563365
137731
559955
784487
904409
165561
325523
493394
608806
105501
631136
728827
557755
659956
413314
227722
171171
251152
671176
192291
225522
447744
173371
681186
297792
749947
719917
664466
652256
741147
782287
916619
291192
907709
523325
129921
517715
679976
132231
772277
833338
994499
906609
736637
599995
235532
581185
291192
153351
448844
577775
788887
277772
782287
893398
507705
863368
542245
781187
827728
299992
986689
453354
204402
636636
726627
108801
275572
867768
175571
782287
456654
927729
524425
264462
618816
904409
586685
939939
708807
787787
920029
424424
958859
251152
331133
407704
697796
387783
448844
756657
563365
694496
574475
876678
416614
192291
749947
655556
437734
607706
295592
958859
273372
107701
316613
686686
656656
942249
380083
662266
568865
346643
