403304
735537
954459
629926
555555
905509
162261
122221
677776
672276
373373
567765
545545
629926
127721
806608
727727
757757
500005
483384
523325
492294
367763
136631
128821
541145
582285
553355
967769
148841
977779
363363
617716
126621
502205
847748
464464
916619
721127
609906
181181
994499
499994
521125
333333
537735
975579
480084
507705
251152
575575
705507
341143
893398
542245
251152
824428
894498
256652
751157
692296
328823
472274
388883
654456
827728
107701
410014
491194
888888
141141
971179
311113
482284
384483
958859
804408
388883
701107
104401
863368
846648
831138
147741
781187
263362
875578
231132
693396
188881
191191
859958
763367
