643346
226622
389983
338833
679976
245542
423324
911119
637736
773377
791197
136631
832238
205502
275572
290092
961169
455554
159951
959959
545545
486684
813318
476674
971179
661166
136631
155551
273372
611116
326623
202202
725527
970079
436634
653356
757757
362263
399993
958859
590095
405504
194491
257752
327723
424424
603306
393393
315513
197791
887788
786687
265562
564465
507705
487784
596695
382283
298892
278872
724427
835538
638836
207702
848848
529925
237732
975579
319913
702207
225522
234432
354453
630036
936639
216612
766667
975579
932239
122221
782287
361163
378873
762267
701107
154451
861168
365563
293392
438834
828828
456654
417714
672276
772277
355553
696696
398893
261162
370073
994499
857758
394493
186681
328823
567765
886688
649946
537735
471174
899998
919919
878878
712217
495594
241142
457754
683386
270072
802208
134431
239932
438834
286682
466664
486684
516615
233332
759957
805508
656656
291192
488884
895598
768867
347743
633336
174471
768867
505505
554455
752257
691196
664466
151151
479974
415514
317713
886688
532235
347743
865568
799997
856658
531135
617716
703307
542245
647746
763367
136631
183381
320023
194491
721127
202202
256652
363363
199991
795597
121121
591195
374473
921129
435534
354453
923329
651156
758857
577775
784487
891198
386683
627726
460064
321123
864468
350053
863368
917719
591195
712217
726627
863368
392293
576675
765567
872278
418814
986689
315513
886688
275572
160061
529925
781187
958859
122221
633336
194491
776677
799997
687786
855558
730037
302203
932239
478874
292292
703307
646646
130031
721127
537735
168861
391193
875578
785587
246642
697796
117711
354453
393393
748847
884488
176671
204402
995599
904409
328823
320023
134431
311113
275572
506605
460064
186681
512215
132231
996699
736637
230032
847748
978879
253352
473374
682286
584485
798897
744447
313313
806608
649946
876678
177771
207702
118811
128821
855558
712217
215512
885588
575575
818818
567765
376673
265562
521125
141141
897798
941149
226622
603306
413314
583385
846648
516615
602206
201102
276672
583385
822228
179971
716617
677776
269962
303303
827728
760067
953359
367763
494494
233332
778877
654456
916619
171171
387783
732237
392293
837738
243342
711117
465564
907709
215512
514415
708807
528825
113311
524425
798897
415514
270072
966669
604406
189981
458854
359953
568865
578875
921129
684486
111111
249942
215512
828828
793397
882288
363363
853358
560065
506605
517715
708807
349943
872278
624426
100001
196691
270072
248842
811118
376673
505505
619916
944449
774477
721127
991199
566665
661166
793397
665566
221122
148841
988889
518815
366663
758857
131131
529925
167761
703307
162261
816618
778877
649946
891198
201102
839938
262262
411114
366663
895598
224422
794497
516615
137731
752257
436634
725527
938839
187781
867768
281182
916619
612216
933339
945549
319913
425524
465564
483384
870078
467764
435534
194491
522225
891198
698896
475574
144441
504405
423324
661166
552255
588885
241142
254452
231132
740047
452254
799997
144441
182281
751157
158851
982289
736637
749947
414414
959959
367763
425524
933339
783387
278872
178871
158851
672276
361163
329923
607706
980089
207702
653356
932239
594495
407704
473374
299992
917719
477774
461164
425524
198891
997799
409904
666666
369963
191191
610016
100001
332233
897798
863368
485584
138831
529925
578875
981189
424424
501105
126621
751157
289982
950059
839938
697796
821128
425524
351153
263362
322223
136631
114411
494494
938839
762267
430034
939939
149941
696696
641146
562265
211112
837738
444444
775577
413314
162261
650056
619916
543345
733337
424424
432234
966669
725527
789987
185581
914419
735537
366663
606606
356653
180081
748847
596695
749947
286682
486684
409904
858858
675576
970079
290092
195591
212212
570075
681186
456654
744447
555555
962269
357753
632236
620026
693396
547745
187781
993399
532235
425524
245542
166661
548845
765567
962269
672276
563365
336633
201102
928829
351153
376673
288882
159951
161161
726627
315513
358853
751157
917719
107701
693396
315513
464464
482284
607706
766667
691196
647746
187781
853358
962269
301103
286682
851158
902209
963369
213312
988889
220022
807708
407704
738837
875578
507705
523325
812218
968869
741147
797797
163361
692296
163361
277772
990099
377773
539935
463364
342243
227722
367763
372273
100001
582285
242242
331133
805508
577775
829928
420024
685586
366663
692296
588885
702207
390093
376673
436634
610016
470074
490094
124421
215512
660066
757757
782287
505505
420024
731137
599995
252252
261162
949949
927729
594495
148841
571175
798897
285582
292292
467764
543345
624426
603306
169961
908809
269962
966669
982289
834438
427724
577775
885588
809908
823328
428824
353353
262262
918819
352253
870078
845548
754457
856658
714417
177771
483384
566665
161161
321123
511115
209902
978879
371173
472274
363363
326623
900009
147741
813318
578875
657756
191191
148841
111111
990099
130031
985589
483384
243342
484484
532235
715517
222222
602206
183381
881188
128821
732237
193391
181181
353353
597795
653356
542245
473374
729927
217712
324423
684486
178871
962269
933339
353353
769967
580085
774477
860068
213312
168861
354453
382283
876678
952259
168861
232232
991199
577775
530035
252252
443344
974479
612216
548845
463364
356653
690096
828828
154451
435534
537735
348843
967769
441144
151151
208802
894498
983389
682286
121121
667766
467764
627726
277772
506605
275572
675576
346643
392293
683386
203302
406604
497794
284482
744447
361163
644446
480084
422224
596695
921129
572275
683386
748847
854458
313313
482284
528825
242242
528825
605506
845548
347743
522225
275572
871178
564465
276672
394493
828828
571175
715517
341143
903309
697796
717717
297792
409904
450054
432234
597795
992299
945549
640046
833338
608806
797797
137731
574475
396693
667766
100001
780087
645546
326623
520025
181181
346643
568865
865568
888888
717717
532235
702207
169961
184481
472274
673376
698896
334433
243342
825528
111111
601106
691196
644446
695596
419914
334433
369963
661166
178871
741147
668866
235532
993399
847748
228822
375573
216612
502205
612216
123321
690096
353353
865568
675576
441144
917719
632236
317713
417714
239932
951159
314413
