1000
898954
730719
625635
734315
338055
648928
767211
786234
999731
902743
883177
682643
493870
375635
933876
286740
858309
508657
214519
877180
562992
793102
314817
271570
873540
214455
418697
584703
101845
976252
972124
637910
892876
993603
370277
185235
201665
125752
581911
185121
706325
501794
586842
781078
173807
123665
856815
915481
261809
846676
906498
274884
120406
509511
805739
448804
311114
383337
143489
802845
893638
244683
787132
639179
388486
732869
334757
493315
516361
816450
112316
964792
179973
600476
489862
123641
180612
698211
822097
316471
592319
169590
471493
894949
682229
752884
942760
861688
467368
540300
580846
972654
145748
294768
272572
711434
716556
276104
352311
174045
100884
413123
275790
748194
624949
448936
277793
631616
190368
112587
825356
461426
573282
609724
798228
518082
881600
129305
310668
361937
120816
623971
865700
441652
455987
174478
655407
861561
452403
532945
403984
421191
782132
462846
820001
354467
457914
858028
587871
154479
981656
699183
302197
863885
151984
248009
902083
251521
708556
164698
713098
789076
341303
253267
206935
248469
332280
295529
387914
845497
755052
241508
516386
586340
595296
302487
299496
383328
848872
218826
852564
351306
966943
978163
148191
241900
937563
219235
333446
883268
526124
114716
211255
249380
338577
494528
624828
860499
330550
965957
127585
401393
783278
588037
108867
310583
713322
577234
570199
738493
485459
138375
888053
485557
514249
587481
785023
371572
806936
885324
371793
812209
201140
865730
984167
102886
232146
897550
949605
822900
648130
496423
235975
177219
581260
830904
160838
688518
154470
726804
145540
201149
449551
642279
765684
347380
373227
422951
185673
242441
847484
578217
849209
995915
904185
701456
178093
540541
128269
487617
394024
275194
532751
978674
654673
296563
759354
417952
117823
635316
619208
802528
461697
156932
997072
577165
661063
601867
691512
184896
211152
818190
334937
761726
975984
841621
305998
662571
710174
765646
383640
744668
188952
982987
428818
388682
500211
853478
393547
459138
548483
637060
423429
684826
900706
523895
704841
367422
388001
103198
204677
175112
159113
684744
384516
430286
462956
465845
761256
119126
624749
867325
625254
105764
958377
520937
706557
190868
454336
129151
238261
223330
624004
553212
591824
784390
820797
817626
518736
282494
940918
932849
663621
145700
320232
336378
431601
108447
962272
177038
570586
805141
707695
281933
773322
585501
857423
616122
113991
836178
687693
703043
955946
923108
950360
218687
967710
374569
432004
115472
101591
262225
405754
985448
970157
179959
364704
781928
956723
256435
521248
779716
448184
333292
449656
144610
422266
539851
584382
913729
440705
746795
113454
434902
276383
127500
951857
732657
279234
274758
328075
461694
484308
987355
564866
996936
715440
465413
556646
972664
840096
423631
472897
536219
665783
284352
754716
365249
873800
344177
470219
352194
208225
923616
174358
445019
492904
558941
162277
845078
307569
799586
743528
549703
963865
669695
419488
271315
479426
274995
374701
182956
773035
677303
254005
946167
802218
113204
712430
239886
526217
283861
360328
977024
537595
460503
959706
645238
949945
287356
598119
915474
511486
773567
470765
483600
106427
642178
637002
864174
231287
193188
482571
530856
837287
577358
410834
601788
256774
564204
697059
608524
303185
726393
741067
296769
859906
863058
704814
651852
971302
322925
690379
734857
270269
162499
818702
731261
248302
933992
168595
799390
372613
870460
473042
784177
604778
510009
816011
895533
762462
815693
533934
611903
451316
220546
589351
394024
754986
290520
555013
785729
212419
658804
596550
901663
499363
672209
462273
938480
949158
460053
191727
975301
818045
315103
674518
939178
688902
985692
773044
536272
599559
570329
540196
976460
846438
544307
819856
115065
947496
369482
928468
899608
202436
359700
723978
131896
117059
127566
586264
238448
379575
632044
872050
371368
500469
269970
400236
450168
201776
277659
632033
683176
792723
374582
416313
703895
517691
596242
520698
310744
467663
565326
276238
296406
526621
584050
833453
519512
485810
620732
418151
269439
940725
481907
699184
695244
146336
473784
259976
302782
142908
824826
291110
206426
622841
982152
362912
583267
680327
604801
335770
423305
483892
207239
908457
456446
949505
139474
832130
631011
853635
456033
355267
604193
338516
774188
843838
293843
577427
374645
830814
350753
913950
558940
296503
414664
307979
130193
215695
693237
686334
979173
770146
944592
867305
901753
850454
421109
312998
315224
470589
735805
535562
847713
566496
256699
871623
614492
137838
141315
180865
260813
974017
496357
261098
279654
540905
892919
680829
645015
785527
310480
434707
176193
442152
298161
477221
440137
132300
656478
455070
802632
876402
203498
864348
328766
470066
182417
972100
744902
642806
556414
421919
927333
925446
838125
914644
537564
911407
474571
386211
158686
787695
640953
932252
394331
874847
563856
747738
888634
475581
851390
539903
308901
388053
318702
528396
500094
383980
721318
814589
821040
890793
662186
645184
478176
719520
891166
719696
897858
455868
438248
226002
987816
874441
559220
828491
185621
350523
908049
793372
805264
179006
564664
323067
838772
281979
413709
515439
537892
389027
787198
539751
759740
446267
546121
165720
360450
917509
327579
480402
244636
676839
175250
503997
408795
703833
466851
372181
190900
604624
421752
964863
277840
883011
441329
713703
907897
112534
820587
790584
906773
380779
414271
782775
966479
260193
973313
763036
705200
783846
254888
531821
616781
164033
147309
221977
676954
201237
728077
338158
292988
384563
866281
142264
135708
155199
292493
420791
503960
161436
104653
447419
518547
348631
968266
881503
333421
741677
336564
703391
547437
356090
781866
772471
300858
470719
245694
641113
258537
786031
208148
944971
515185
844182
743144
912795
713530
749126
611502
110879
379508
469312
435605
246317
292964
211132
929285
540596
484505
205365
377736
446710
936413
173587
922373
475458
606503
859478
144423
941746
724845
807291
188956
640958
664758
355951
636889
282202
459854
220398
870107
870035
994419
174838
689096
820129
749644
631181
724692
473418
360345
223819
209568
761684
492421
168966
584700
325700
664248
230232
203885
905111
908233
948495
518186
364763
707281
593393
216768
891020
795834
481513
120086
926311
604535
719634
155147
607340
267373
583743
433754
869141
546383
766341
426976
929261
237479
403878
419060
655855
422192
895643
266677
236828
336641
953757
988546
159832
304196
860176
295010
397026
584164
581324
571107
490894
220068
695337
358752
379649
309197
988966
389500
386632
724512
630198
835179
237974
956201
529192
465040
904568
266996
407954
971137
830582
813625
608633
434183
259560
546643
925920
374721
358834
300975
590538
392296
296254
322752
270893
534508
233493
263919
263222
156094
320729
337135
258290
250951
363874
894063
544160
989909
275315
974536
616849
109942
460984
993270
393401
869757
197503
352516
459605
458178
442288
465120
642648
708262
467433
287341
212980
651796
977883
635159
770146
634242
