390093
423324
742247
587785
982289
435534
669966
337733
385583
280082
290092
307703
117711
601106
570075
547745
320023
849948
537735
855558
482284
309903
492294
769967
634436
885588
828828
925529
207702
680086
366663
905509
774477
267762
264462
457754
912219
522225
820028
222222
598895
138831
150051
791197
797797
534435
775577
290092
429924
886688
407704
329923
330033
493394
740047
663366
817718
186681
194491
196691
517715
965569
329923
586685
892298
924429
216612
337733
448844
735537
706607
124421
687786
760067
296692
244442
811118
126621
842248
288882
263362
626626
311113
207702
171171
523325
449944
159951
683386
662266
274472
777777
784487
770077
677776
578875
346643
983389
244442
790097
673376
281182
533335
907709
437734
757757
133331
363363
350053
236632
536635
591195
222222
692296
329923
550055
582285
537735
389983
426624
967769
233332
378873
409904
728827
692296
714417
847748
591195
609906
850058
678876
544445
873378
537735
366663
352253
382283
281182
875578
569965
167761
781187
238832
871178
773377
604406
904409
995599
905509
747747
695596
742247
268862
737737
903309
557755
854458
580085
755557
189981
302203
907709
455554
792297
133331
655556
427724
379973
717717
474474
762267
236632
319913
461164
509905
465564
457754
465564
922229
761167
226622
747747
433334
203302
615516
984489
367763
186681
111111
579975
935539
596695
353353
935539
835538
192291
705507
804408
346643
894498
163361
649946
824428
465564
721127
284482
379973
703307
116611
765567
613316
185581
877778
462264
522225
714417
825528
178871
131131
797797
810018
327723
960069
152251
121121
142241
863368
705507
127721
312213
947749
311113
163361
303303
998899
399993
375573
568865
944449
501105
499994
864468
228822
466664
655556
403304
215512
644446
962269
241142
867768
447744
787787
556655
649946
647746
159951
305503
223322
441144
259952
252252
341143
983389
488884
994499
980089
981189
581185
915519
842248
517715
445544
869968
900009
367763
719917
527725
871178
374473
434434
611116
817718
510015
764467
567765
523325
708807
212212
125521
127721
641146
177771
675576
602206
802208
986689
451154
152251
563365
567765
521125
312213
944449
296692
797797
185581
823328
876678
437734
730037
732237
181181
331133
725527
914419
608806
977779
162261
358853
309903
926629
334433
961169
503305
579975
515515
596695
628826
224422
441144
903309
534435
458854
913319
303303
354453
502205
633336
704407
334433
248842
380083
548845
646646
684486
468864
602206
508805
380083
230032
674476
781187
455554
