355
390317
422906
742324
587274
982393
436052
669908
337385
385792
280199
290339
308114
117698
601079
570499
547525
320197
849421
537555
855076
482385
309717
492806
769658
634068
885428
829103
925896
208198
680457
367064
905550
774726
267870
263923
457490
912035
522283
820519
222735
599256
138471
150188
791677
798319
534060
775793
290169
429606
886406
407514
329938
330030
493848
740040
663407
817839
186284
194769
197216
517770
965172
329390
586943
892439
924705
216467
337251
449165
735743
706777
124609
688256
760171
296951
244638
810788
126194
842320
289366
262831
627112
310981
207586
170941
523106
449835
159722
683597
662704
274935
778087
784169
770490
677974
578483
346499
982870
243898
790480
672986
281283
533070
907377
437372
757670
132810
362857
350341
236638
537090
591534
222598
692166
329880
550474
582273
537350
389459
426910
967793
233814
379303
409554
728870
691793
714739
847869
590989
609682
850410
678702
544303
873421
537353
366357
351824
382156
281000
875889
569623
168228
781260
238615
871278
773908
603896
904635
995743
905690
747427
695807
741822
268626
737797
903701
557542
854027
580043
755570
189467
302632
907786
456081
792527
133104
655984
428032
379712
718226
474517
761867
236766
319480
460753
509508
465898
457511
465704
922284
760954
227089
747840
433761
203098
616055
983955
367491
186700
110910
579584
935076
596592
352812
935739
835212
192670
705919
804773
346150
894800
163083
649526
824875
466077
720846
284790
379945
703616
116562
765420
613487
185975
878046
462542
521880
713928
825049
179351
131089
797533
809980
328246
960617
151952
121011
142403
863604
704962
127216
312428
948092
310596
162987
303534
998660
399641
375034
568736
944506
501235
499785
864456
228505
466170
656087
403185
215096
644491
962061
240980
867763
448029
787354
556467
649811
648031
159504
305125
223741
440924
259605
251979
340628
983905
489031
994753
980139
981653
581584
915793
842603
517895
445057
869537
900029
368262
719374
527468
870902
374313
434982
611566
818268
510383
764813
568121
522968
708480
211927
125861
127482
641139
177379
675524
602435
802505
986514
451508
152756
563542
567395
521133
312017
944512
297133
797754
185265
822783
876856
437860
730084
732421
181720
330954
725057
913879
609287
977293
162731
358777
309789
926888
334048
961225
503183
579677
515870
596897
629057
224714
441522
903711
534217
458522
913694
303682
354562
501911
633318
704459
334281
249214
380600
548835
647000
685003
469078
602363
509149
380211
230369
674477
781654
455697
