100
0.8 6.2
0.9 5.0
0.5 1.5
0.4 15.4
0.7 19.8
0.3 8.7
0.1 46.1
0.4 33.2
0.3 3.0
0.4 38.7
0.6 43.8
0.1 19.7
0.1 33.2
0.4 44.3
0.9 19.7
0.5 41.2
0.9 4.9
0.9 29.6
0.5 43.7
0.4 33.2
0.7 45.7
0.5 21.5
0.5 2.6
0.8 48.1
0.8 44.6
0.4 0.8
0.2 37.7
0.4 44.8
1.0 46.3
0.1 1.0
0.5 49.4
0.4 36.5
1.0 10.9
0.3 35.7
0.6 39.5
0.6 13.5
0.8 21.2
0.8 22.6
0.2 0.9
0.5 29.2
0.2 26.1
0.9 19.3
0.8 22.7
0.6 15.1
0.4 39.5
0.7 6.8
0.2 21.6
0.2 30.5
0.4 11.0
0.7 24.8
0.2 10.7
0.4 27.5
0.1 44.0
0.9 39.2
0.3 37.6
0.5 37.2
0.3 16.2
0.5 47.0
1.0 8.1
0.4 2.6
0.1 30.1
0.9 20.2
0.6 22.2
0.9 34.7
0.4 36.0
1.0 1.3
0.5 16.2
0.7 33.3
0.7 7.6
0.5 13.8
0.3 45.5
0.1 11.2
1.0 4.5
0.4 23.4
1.0 47.5
0.8 26.7
1.0 19.6
1.0 9.5
0.5 9.9
0.1 9.5
0.9 12.2
0.3 4.1
0.9 28.6
1.0 41.3
0.9 42.9
0.5 40.0
0.2 43.0
0.2 6.2
0.8 20.8
0.4 33.5
0.3 45.8
0.7 17.0
0.3 32.8
0.3 40.5
0.1 43.4
0.3 33.5
0.6 49.8
0.5 44.3
0.7 44.2
0.3 15.5
