100
0.2 2.9
0.5 10.8
0.7 2.4
0.9 4.4
0.4 16.7
0.8 37.0
0.3 4.1
0.7 45.1
0.9 7.3
0.8 23.0
0.9 10.1
0.2 17.9
1.0 43.1
0.2 37.6
0.6 48.5
0.3 38.1
0.9 18.5
0.2 15.6
0.9 46.3
1.0 6.5
0.9 34.3
0.7 24.9
0.2 18.4
0.7 20.8
0.1 36.3
0.2 31.1
0.2 33.8
0.1 3.7
0.3 0.4
0.1 16.0
0.6 44.9
0.5 32.8
0.3 1.4
0.6 34.7
0.4 26.9
0.9 12.0
0.5 20.9
0.1 20.1
0.1 37.1
0.2 18.5
0.8 10.5
0.4 7.1
0.3 4.4
0.8 8.5
0.4 26.1
0.1 11.2
0.9 40.1
0.5 32.5
0.9 41.8
0.2 8.8
0.6 22.2
0.6 17.5
1.0 16.7
0.9 36.4
1.0 19.9
0.4 34.0
1.0 48.4
0.9 44.3
0.8 7.5
0.5 28.9
0.5 38.5
0.6 12.3
0.8 1.5
0.6 39.0
0.2 25.5
0.4 8.1
0.5 11.9
0.5 39.5
0.4 19.6
0.6 35.8
0.6 5.3
1.0 48.7
0.2 25.9
1.0 9.2
0.6 45.2
0.4 8.7
0.6 39.0
0.7 29.1
0.8 38.9
0.1 4.7
0.5 26.0
0.1 11.5
0.4 21.7
0.2 15.0
0.1 49.1
0.9 20.4
0.2 16.2
0.5 37.4
0.8 38.9
0.8 13.8
0.6 36.4
0.4 13.0
0.7 44.8
0.3 26.9
0.3 5.6
0.7 24.0
0.7 3.6
0.7 13.7
0.5 21.8
0.7 13.3
