100
0.1 33.0
0.8 16.1
0.7 16.6
0.9 47.3
0.6 29.4
0.2 0.3
0.4 17.5
0.7 29.0
1.0 26.9
1.0 46.8
0.1 48.8
0.1 21.1
0.6 48.7
1.0 9.1
0.8 0.1
0.9 22.7
1.0 21.4
0.9 43.5
1.0 9.3
0.9 12.6
0.9 41.5
0.8 38.9
0.2 43.2
0.2 40.2
1.0 44.7
0.5 24.6
0.6 14.3
0.4 39.2
0.8 11.5
0.3 42.5
0.5 42.0
0.1 9.9
0.6 14.8
0.3 15.7
1.0 30.0
0.5 8.6
0.3 19.9
0.1 29.8
0.4 19.8
0.9 43.3
0.1 37.6
0.7 24.9
0.6 14.2
0.1 26.0
0.9 44.8
0.7 13.3
0.6 41.1
0.7 42.3
0.5 28.6
0.1 37.2
0.5 13.8
0.1 4.2
0.5 16.9
0.3 31.5
0.5 45.3
1.0 32.2
0.9 21.6
0.5 34.4
0.7 38.5
0.2 24.3
0.5 5.2
0.7 45.4
0.8 0.8
0.4 33.1
0.2 25.6
0.3 44.5
0.3 3.5
0.6 33.2
0.7 31.5
0.9 5.9
0.6 4.3
0.1 29.4
1.0 24.0
0.5 41.5
0.8 42.5
0.5 19.3
0.1 21.9
0.2 28.1
0.8 13.8
0.3 49.6
0.9 21.7
0.8 41.2
0.9 40.6
1.0 20.7
0.6 12.6
1.0 16.5
0.3 0.3
1.0 25.3
0.7 6.2
0.9 7.8
1.0 19.7
0.6 4.4
0.8 30.9
0.6 13.6
0.2 46.7
0.6 1.5
1.0 25.4
0.3 17.3
0.7 47.1
0.6 7.5
