100
0.1 41.4
0.6 35.7
0.7 5.1
0.9 6.4
0.2 23.2
0.2 19.8
0.7 43.5
0.9 13.1
0.4 20.8
0.2 21.5
0.3 30.5
0.8 8.0
0.3 6.6
0.2 39.1
0.3 19.8
0.2 5.0
0.3 31.6
0.2 4.1
0.2 11.7
0.7 28.6
0.6 0.1
0.1 17.0
0.7 29.7
0.9 41.9
0.9 21.8
0.5 2.4
0.1 44.5
0.7 10.8
0.1 16.0
1.0 36.0
1.0 0.6
0.8 12.4
0.6 8.1
0.2 18.3
1.0 29.5
0.4 26.4
0.3 0.5
0.7 47.4
1.0 16.4
0.8 16.2
1.0 24.0
0.7 39.9
0.7 36.5
0.4 38.8
0.8 31.0
1.0 49.2
0.2 30.2
0.7 36.7
0.3 40.0
0.7 41.7
0.8 38.8
0.3 19.3
0.9 19.8
0.6 31.1
0.3 4.6
0.3 2.7
0.1 15.0
0.8 12.2
0.1 38.4
1.0 34.3
0.2 23.8
0.5 26.1
0.5 23.9
0.8 0.8
0.1 46.9
0.3 46.9
1.0 20.6
0.7 22.7
0.2 46.5
0.6 4.0
0.7 40.1
0.9 45.7
0.3 48.2
0.6 10.8
0.7 23.2
0.7 32.8
0.4 9.0
0.7 21.0
0.4 10.0
0.9 35.5
0.8 36.9
0.2 30.2
0.7 48.5
0.9 3.4
0.5 11.2
0.9 4.9
1.0 11.1
0.1 26.8
0.1 47.8
0.3 8.4
0.9 26.2
1.0 9.4
1.0 31.5
0.1 10.1
1.0 9.2
0.8 35.1
0.4 11.1
0.1 38.2
0.8 43.7
0.9 31.8
