100
0.6 27.0
1.0 38.9
0.5 36.7
0.9 31.2
0.9 47.6
1.0 9.7
0.3 34.2
0.7 19.2
0.3 36.7
0.8 5.1
0.4 44.8
0.5 45.7
0.2 45.7
0.9 48.0
0.4 10.5
0.3 0.5
0.9 43.3
0.6 20.4
0.4 48.8
0.2 39.2
0.1 49.6
0.7 35.5
0.9 42.7
0.6 7.6
0.5 10.0
0.2 15.6
0.3 4.5
0.5 25.8
0.4 21.4
0.1 46.0
0.1 23.7
0.2 43.8
0.1 23.1
0.6 10.9
0.6 2.9
0.8 0.1
0.9 11.4
0.1 4.5
0.4 18.3
0.9 5.1
0.6 15.3
0.1 43.7
0.6 40.8
0.4 31.8
0.9 28.2
0.8 34.3
0.7 23.0
1.0 48.4
0.4 23.0
1.0 15.9
0.3 35.3
0.2 15.2
0.4 44.3
0.1 0.9
0.8 46.1
0.3 48.1
0.1 9.5
0.8 9.1
0.8 23.7
0.7 49.6
0.4 19.4
0.3 12.9
0.3 1.4
0.1 45.5
0.4 49.7
0.7 27.4
1.0 41.6
0.6 40.3
0.8 31.8
0.2 0.2
0.6 44.2
0.2 10.6
0.6 25.0
0.7 25.8
0.8 30.5
0.7 41.7
1.0 9.5
0.2 2.6
0.6 15.6
0.4 14.0
0.3 3.4
0.3 7.0
0.1 2.0
0.5 0.6
0.8 26.1
0.5 5.3
0.4 31.9
0.9 46.5
0.4 39.8
0.5 1.2
0.1 27.9
0.8 29.1
0.3 18.6
0.7 19.1
0.4 43.1
0.9 10.6
0.2 3.8
0.3 45.0
1.0 39.1
0.4 10.6
