100
0.6 26.7
0.4 39.3
0.8 28.8
0.3 0.3
0.9 13.9
0.3 25.2
0.8 9.9
0.2 10.1
0.6 5.8
0.2 46.3
1.0 13.3
0.8 27.5
1.0 48.4
1.0 49.3
0.5 22.6
0.2 23.2
0.1 45.1
0.5 1.5
0.2 23.6
0.9 46.0
1.0 38.1
0.5 25.2
0.9 9.4
0.2 5.2
0.2 39.4
0.4 40.7
0.2 37.6
0.7 13.2
0.4 39.6
0.7 16.6
0.7 40.1
0.8 26.5
0.1 48.4
1.0 26.5
1.0 40.2
0.2 48.6
0.8 0.4
0.2 37.9
0.6 34.3
0.3 28.3
1.0 30.0
0.5 24.1
0.5 2.8
0.2 27.1
0.5 18.3
0.6 35.7
0.2 28.8
0.5 29.1
0.5 44.4
0.4 37.5
0.9 8.3
0.9 11.8
0.8 1.1
0.3 4.0
1.0 27.7
0.5 26.5
0.5 8.3
0.7 42.8
0.6 31.1
1.0 44.6
0.7 46.8
0.4 20.5
0.8 11.3
0.7 16.3
1.0 28.7
0.2 9.3
0.3 38.7
0.8 16.3
0.8 36.8
0.9 4.3
0.1 43.0
0.6 15.0
0.7 48.5
0.4 11.2
0.8 17.9
0.9 19.4
0.1 36.0
0.3 3.1
0.4 27.6
0.4 26.8
0.3 23.3
1.0 7.2
0.5 29.7
0.1 39.0
0.4 32.3
0.8 32.9
0.6 16.4
0.9 11.0
0.7 5.7
0.1 49.5
0.8 6.2
0.2 26.7
0.1 39.4
0.8 12.4
0.4 44.5
0.5 16.5
0.9 1.8
0.4 49.4
0.9 45.4
0.5 32.2
