100
0.7 44.5
0.2 17.6
0.4 26.9
0.5 16.1
0.6 8.8
0.4 40.9
0.1 21.0
1.0 47.9
0.6 24.4
0.3 37.3
0.6 43.1
0.4 46.9
0.9 7.6
0.8 4.0
0.9 17.5
0.2 8.7
0.3 0.5
0.4 39.3
0.4 47.2
0.4 49.3
0.3 19.5
0.6 27.8
0.1 13.3
0.7 6.6
0.6 10.8
0.6 12.5
0.3 9.4
0.3 27.9
0.9 19.3
0.4 14.7
0.4 44.8
0.4 10.7
0.4 32.2
0.3 24.9
0.4 36.7
0.2 5.4
0.4 2.5
0.8 17.0
0.5 46.1
1.0 35.7
0.6 37.4
0.6 28.4
0.5 37.1
0.2 33.8
0.6 14.4
0.5 29.5
0.8 17.7
0.3 7.3
0.7 28.6
0.4 37.1
0.5 12.8
0.5 45.0
0.6 38.7
0.3 24.8
0.9 6.1
0.1 19.4
0.1 9.1
0.3 12.3
0.4 40.9
0.9 29.2
0.7 40.6
0.6 36.0
0.7 41.9
0.3 20.6
0.6 42.2
0.9 17.9
1.0 39.7
0.1 1.7
0.7 37.1
0.8 45.7
1.0 4.9
0.8 24.3
0.2 9.0
0.9 37.6
0.7 17.1
0.6 37.3
0.3 31.7
0.3 21.7
0.7 7.9
0.9 21.9
0.7 35.3
1.0 10.6
0.2 2.0
1.0 16.5
0.8 34.8
0.8 0.7
0.1 6.9
0.2 8.7
0.6 4.7
0.1 22.7
0.9 47.4
0.1 21.9
0.9 49.1
0.7 10.1
0.1 37.2
0.8 16.8
0.5 17.5
0.8 2.4
0.2 23.5
0.6 11.9
