100
0.1 0.1
0.1 5.4
1.0 49.4
1.0 36.8
0.7 37.1
0.3 47.1
0.4 8.0
0.5 50.0
0.7 23.3
0.1 27.8
0.4 16.2
1.0 21.8
0.5 5.5
0.4 28.5
0.4 6.7
0.8 36.3
1.0 27.8
0.1 34.0
1.0 0.7
0.1 8.4
0.8 37.0
0.7 5.2
0.9 48.7
0.9 46.6
0.7 37.4
0.6 45.0
0.2 27.9
0.1 9.1
0.6 17.5
0.6 28.8
0.8 8.3
0.2 38.1
0.8 9.5
0.6 17.0
1.0 36.1
1.0 16.1
1.0 42.8
0.1 46.8
0.7 34.1
0.2 11.6
0.6 17.2
0.3 10.5
0.3 5.3
0.5 25.8
0.3 27.6
0.6 35.9
0.5 12.7
1.0 42.8
0.3 27.2
0.9 35.7
0.6 31.6
0.4 46.6
0.7 41.2
0.3 2.7
0.1 47.9
0.1 22.5
0.9 5.3
0.8 26.8
0.9 37.0
0.2 41.3
0.1 3.5
0.5 39.6
0.4 49.1
0.8 15.1
0.3 29.5
0.2 31.9
0.5 17.5
0.5 39.9
0.3 4.7
0.2 24.1
1.0 20.0
0.7 18.6
0.6 22.2
0.5 19.1
0.2 28.3
1.0 37.5
0.7 41.1
0.6 25.4
1.0 17.3
0.5 32.1
0.3 24.3
0.1 36.9
0.4 40.6
0.7 5.0
0.6 18.1
0.1 48.0
1.0 13.6
0.9 41.9
0.9 36.7
0.7 38.1
1.0 43.6
0.5 45.6
0.1 30.5
1.0 44.4
0.5 1.3
0.8 22.9
0.2 11.0
0.1 26.1
0.3 13.6
0.4 43.2
