100
0.9 37.8
0.5 0.3
0.2 16.9
0.8 33.5
0.7 17.2
0.7 44.4
1.0 19.6
0.8 1.3
0.1 12.3
0.2 33.7
0.4 32.8
0.8 39.9
0.7 0.8
0.8 46.2
0.2 32.1
0.2 17.9
0.6 9.8
0.9 22.3
1.0 0.6
1.0 9.4
0.4 39.4
0.8 9.0
0.9 21.7
1.0 46.8
0.2 39.7
1.0 27.6
0.1 28.9
0.5 26.9
0.6 0.2
0.8 34.9
0.4 18.0
1.0 4.5
0.6 15.0
0.2 29.7
0.1 6.5
0.7 32.2
0.4 28.5
0.6 21.1
0.4 26.2
0.7 37.3
0.4 20.0
1.0 44.7
0.6 35.7
1.0 14.3
0.9 30.3
0.9 42.0
0.1 20.3
1.0 17.6
0.9 7.4
0.2 47.1
0.9 12.1
0.8 27.1
1.0 25.1
1.0 2.5
1.0 1.1
0.5 35.2
1.0 28.7
0.5 1.7
0.2 37.3
0.1 5.4
0.9 18.9
1.0 9.2
0.9 17.1
1.0 45.3
1.0 32.7
0.1 1.5
0.1 16.1
0.4 43.6
0.6 32.7
0.6 49.1
0.8 24.4
0.8 1.4
0.8 2.9
0.7 25.4
0.6 8.3
0.6 17.5
1.0 21.5
0.9 16.4
0.9 8.9
0.8 33.8
0.6 18.4
0.4 47.6
0.1 0.3
0.7 36.5
0.7 46.5
0.7 4.8
0.5 42.7
0.8 30.3
0.6 25.2
0.9 41.0
0.9 37.0
0.1 43.4
1.0 31.3
0.7 28.4
1.0 30.2
0.2 37.7
1.0 15.0
0.1 22.0
0.2 15.2
0.4 41.8
