1 500000 18 13
2230
215 456 66 481 25 76 376 385 337 124 434 258 103
290
495 27 110 178 447 416 421 316 5 369 95 474 486
198
366 121 52 438 221 147 280 32 212 325 433 61 447
317
103 167 84 45 328 199 95 257 62 341 483 234 211
1196
183 207 89 148 345 240 34 72 421 176 415 309 313
1067
290 207 258 473 53 107 452 464 407 431 51 359 62
2544
198 245 260 103 283 432 224 219 183 95 142 419 483
1124
143 168 432 131 91 157 43 73 116 326 465 129 146
1761
14 44 287 232 176 208 9 130 88 119 35 408 8
1244
86 101 380 481 483 165 271 216 40 211 306 199 393
1339
147 448 285 127 453 240 302 234 430 366 221 183 386
2513
301 437 264 207 158 134 76 462 276 41 104 212 403
2569
380 146 213 474 194 325 25 240 253 455 481 376 166
2617
458 38 212 276 152 120 393 104 277 9 231 483 1
323
451 458 253 147 149 367 290 223 346 49 194 440 457
1458
391 443 261 71 52 336 171 263 21 474 139 317 311
1068
104 281 163 38 88 19 449 101 460 310 479 235 127
254
311 348 340 455 49 323 352 471 125 466 12 295 164
