200 500000 18 13
778
343 342 425 93 115 73 112 367 65 266 107 147 216
2513
304 7 138 73 436 405 403 414 373 475 397 128 425
1461
378 282 215 182 215 157 58 410 399 493 346 277 374
405
339 222 88 101 261 126 230 303 198 65 245 117 118
584
183 36 326 477 195 360 467 21 71 403 419 320 80
1241
434 443 402 101 427 187 358 68 486 302 362 106 309
1743
296 180 364 171 147 82 342 56 113 34 322 278 272
117
220 171 46 1 499 60 151 134 299 38 235 183 418
18
167 248 485 258 237 335 148 15 251 456 369 129 342
2548
129 294 178 122 143 102 175 19 199 43 379 300 2
2322
95 240 277 166 145 217 68 432 56 412 109 151 194
101
64 180 221 439 495 21 268 64 402 161 447 273 62
15
124 434 75 239 186 172 401 107 359 333 468 260 461
1322
287 310 420 449 57 68 267 407 267 150 481 149 43
157
15 364 53 358 434 500 405 212 311 417 358 145 381
329
154 499 236 134 393 225 1 14 129 166 469 123 425
2561
208 497 381 242 130 230 451 268 97 188 238 95 287
103
411 89 51 295 153 443 248 261 418 107 373 325 214
