199 248719 16 11
632
373 406 41 177 194 279 280 229 448 490 236
2665
118 455 23 362 294 345 148 326 229 112 218
1996
495 437 348 235 348 118 183 411 162 27 26
97
360 27 410 222 257 187 375 365 327 275 134
1667
222 254 486 276 408 238 214 436 122 385 363
716
88 436 453 227 93 104 282 116 27 325 444
227
467 18 102 67 233 150 242 109 256 356 183
631
354 355 374 498 176 296 293 207 225 218 197
1314
394 315 448 450 157 122 263 455 67 187 247
292
434 427 161 395 104 55 320 167 186 409 378
1919
435 161 425 410 285 129 228 389 467 158 326
2716
470 84 240 90 388 386 468 209 358 12 111
1397
271 254 283 282 332 23 399 20 6 299 0
2232
188 273 451 327 385 105 211 193 110 223 180
1134
10 253 186 121 429 343 116 435 400 30 40
226
458 362 275 318 487 257 18 102 122 305 136
