188 121220 12 10
213
385 170 366 377 167 197 205 50 283 363
2879
222 274 320 382 332 479 421 483 221 274
504
257 256 178 467 439 410 149 290 429 195
1757
96 471 286 225 430 135 266 205 449 250
2838
411 55 293 245 76 439 409 486 244 72
1964
419 135 380 241 193 492 350 486 388 415
637
373 49 384 344 200 291 482 342 148 482
2345
151 209 172 222 419 190 472 153 177 147
2365
54 78 405 373 76 211 29 423 439 19
2354
123 492 76 473 147 277 275 398 176 391
2401
329 25 225 110 498 210 442 209 129 95
2151
50 237 265 478 417 34 179 214 388 52
