200 1 18 13
2017
457 342 188 38 239 207 407 392 494 224 205 282 375
240
107 73 162 150 485 104 467 147 102 488 44 56 64
201
193 106 79 7 349 24 115 283 442 330 355 350 399
2560
77 27 311 259 261 391 87 353 213 211 122 141 290
1662
454 140 358 48 326 80 429 483 127 404 110 153 51
1325
52 352 288 210 355 116 166 182 1 444 44 50 399
2456
224 211 69 0 260 122 75 453 9 181 376 374 53
2227
282 315 472 400 300 385 246 276 409 310 188 10 395
1021
214 144 278 200 417 297 279 392 220 268 375 361 372
2673
279 278 94 120 217 249 450 21 175 370 229 425 80
2314
216 284 28 201 402 368 282 211 19 350 223 362 306
1207
438 66 480 43 485 294 224 468 256 254 30 399 320
719
56 210 468 436 233 17 415 101 366 250 482 73 397
2161
8 283 147 348 481 333 247 302 124 234 58 361 32
1581
89 282 28 13 313 360 445 339 498 71 315 318 87
420
120 262 394 356 286 38 361 256 84 309 123 154 226
2254
53 221 117 336 408 132 360 232 109 138 269 404 301
2
391 290 211 120 220 346 135 69 440 221 35 446 54
