6448
7072
4300
3541
9261
1178
5879
9415
7877
5495
5294
8925
3795
8124
8016
3380
9566
9914
9593
2313
3011
4580
4764
2155
4258
5702
8559
136
2063
7830
5005
9042
7140
7750
735
5833
7836
8634
9855
2884
2769
3087
5017
5539
8454
5526
5501
5184
8701
9147
1229
5637
4984
9596
8866
4903
8222
1272
2493
7851
1946
6184
7644
3711
4532
771
2839
3970
9545
1405
3193
7696
8486
1948
6709
4051
5104
3323
8889
4413
3113
4452
292
5685
4181
5998
6367
9685
3493
3572
9062
7549
5019
5544
8602
2254
8802
4957
5388
8677
2748
9442
5411
6382
7002
1830
3714
8236
8983
2415
4980
7029
1603
2890
4436
2129
8608
9572
3111
8320
2700
3670
4411
6317
1717
6041
5261
854
2593
9726
3980
4066
408
3612
5500
4285
9967
3818
6688
4352
6659
6404
7455
131
6330
1059
4322
9886
2924
5919
4615
4860
7088
223
2361
274
3469
51
1152
5622
8149
9510
9928
2357
5053
3450
8336
723
5489
8002
1032
4226
6363
2205
7865
1107
5791
4485
4621
6258
8835
2673
3265
1102
6935
3149
1482
2011
9643
547
9357
3021
5394
5647
181
421
5327
7096
8768
120
4556
3123
5220
1872
6815
7167
6297
6603
9169
1277
4898
8251
3526
4318
1571
2773
1737
6004
9262
3927
5198
5410
2616
4827
2708
5873
838
2632
856
6538
8868
301
246
2185
8724
2797
6134
9493
7560
2660
302
309
354
4536
2108
3495
4722
163
5689
9990
7398
1263
8274
1754
9487
5094
6424
7349
8229
9251
9343
6062
2821
9747
1143
1628
3025
7460
3046
6085
7759
447
6081
6296
3778
1693
6159
6265
5901
7823
2445
4929
9178
5508
7014
7509
3154
29
1539
1850
2878
8155
9310
2367
9127
3567
9786
1227
3318
5869
5134
7261
32
161
7254
3165
2452
5247
1735
70
2299
7312
8089
6974
7079
4800
3867
5969
3055
1906
2193
4224
9798
417
8102
1140
2627
3752
3908
3148
2259
8104
1033
5338
433
4968
6356
6680
6794
107
5272
4548
6901
9045
24
453
8490
2339
8707
6526
6621
9339
4853
9023
3505
7845
5040
5781
4395
5092
2056
3764
5146
9658
4155
3525
2072
1792
5590
6240
5086
9741
847
5971
2243
9588
1364
6845
346
2077
8062
3214
4831
2652
4705
5193
6646
4434
5712
5895
9677
5276
1127
1844
3652
3005
9453
4732
1464
8094
7100
8767
9749
1192
1356
886
8046
8950
3959
4638
7798
9240
9633
9793
2074
1981
3816
1751
6508
251
6540
2257
8676
1396
3289
4314
6243
5442
9567
9222
1428
7551
3109
3234
3544
6102
4503
1012
4940
7227
8784
5541
8664
9861
797
4398
9556
2070
7451
4117
8848
4291
5009
8857
2139
4594
6166
815
5454
1434
3132
696
2179
2587
7190
3471
7186
5755
1185
4417
511
2848
8910
1964
2835
6926
7476
5022
8944
8538
9995
103
2932
6451
7055
7445
6353
5638
7898
7902
3824
8354
1346
5098
9584
8404
5818
1944
1687
8392
8609
9665
4807
1659
2031
8462
409
5476
9264
4054
9214
4081
2287
4122
4480
7165
6711
9053
8765
1322
9738
2039
8633
1674
5937
9780
126
2412
5286
425
7317
659
6459
3579
484
9598
5070
6050
7439
1060
3006
1397
3730
5141
3564
4901
5310
4766
4207
5379
7137
2982
5586
9896
4954
8964
2663
306
5684
9982
8999
1239
3384
5640
3345
7597
1304
8758
2122
5519
9534
9154
875
3592
6577
220
2776
3178
9057
4208
8091
5068
9016
1500
3806
6030
2274
8687
3704
7032
3660
281
9757
6178
5588
767
7869
1933
4419
1341
3839
235
571
9559
8795
4461
2805
6292
1314
3010
4526
2505
4297
7048
1654
9373
4446
4988
5259
389
1849
4651
5032
7813
2232
4257
566
6767
5753
2528
5154
4598
5171
3342
6036
2443
920
2875
8097
1211
9823
1805
1354
5270
4909
8369
145
3256
9439
2022
396
7904
656
3232
2318
8035
3307
6521
6849
8521
6204
5824
4791
9191
962
1050
5077
1113
3681
4494
100
314
6196
9552
3160
6118
7218
4922
1776
5881
564
3401
972
9834
458
2716
7231
8506
6549
8363
1589
2322
4568
6055
904
4283
2634
614
1920
7880
933
747
3749
8262
804
4254
8074
5595
5726
8133
1348
62
7373
8400
7117
6740
9578
5643
6359
2815
9429
6866
8601
785
4132
7526
2966
7424
1862
2236
4282
4450
5024
2110
2273
6185
6068
8061
8640
3221
8913
8312
9513
3294
8826
947
4483
7531
1599
4188
6669
6466
2006
4680
2825
1421
3577
4997
648
1201
8314
9941
3800
1676
2026
2481
2831
5698
2342
3859
3751
3968
8450
516
1283
5759
718
7365
2720
6624
7786
9547
6198
2102
6701
9671
5187
7013
5893
7967
9846
7449
8726
6502
2764
9375
6594
9527
1245
5424
2596
7485
6984
2355
6710
9060
4689
7541
4390
4440
9282
8512
8265
552
664
3657
5662
6765
5532
3737
8419
2020
6631
2927
4730
7465
2344
2436
2986
8042
5323
8651
2054
8885
6058
520
1610
5485
6525
1043
7700
7918
1466
2188
4026
4983
8339
125
882
2701
327
7854
1299
6219
8254
9427
1222
1275
3635
3638
9348
9765
1311
6954
7298
9721
4002
6384
9911
4018
7747
8099
9006
3897
1764
996
8531
3261
1982
7129
7926
1952
1738
7316
2238
6143
4847
5030
2203
1319
2844
590
6075
1386
5655
6519
4198
8840
1822
2121
4678
9285
1366
3728
9324
4913
4368
9947
2574
5632
7657
3473
4116
4205
9103
7243
3607
5850
6246
6270
2262
2888
6282
6472
5301
8732
2915
5356
2448
3975
3588
90
1258
7384
666
5555
7712
9391
4350
7235
5428
3984
623
6641
1007
4753
5814
4634
6889
6455
3633
6406
6684
600
5045
5877
232
998
9882
9010
1696
9605
7555
9473
1559
3162
4295
328
7939
9503
1692
7095
6152
7933
9863
1149
9655
6033
3032
2565
3278
9105
2557
7796
5641
6124
7332
8628
6023
6534
9351
1502
9097
3437
8174
5914
7403
1972
2298
3315
509
6772
4814
4602
6717
5041
9921
3459
8620
5928
11
4036
4471
4334
7857
3933
6205
9320
3678
370
8168
3602
1073
790
809
7470
9221
387
7456
550
5571
4251
596
5179
8929
1389
4433
7045
3570
8072
865
2896
4168
4953
5132
6831
2611
6046
5612
2268
761
7090
9519
6419
4846
3419
4259
9506
5789
9164
6113
9319
683
2820
3488
3766
3168
3199
630
1660
4927
759
8962
5891
74
1486
2029
1451
3386
5679
1967
8957
1190
6827
2308
4907
5764
5978
862
4041
4171
9259
1984
2828
3396
477
807
8578
880
3722
7543
818
9409
1078
9956
2606
4938
6413
8590
9784
1509
2950
8927
9247
7161
1260
2456
185
7490
7850
5887
8994
3605
9353
466
4600
863
4842
5242
5332
8678
3756
1337
9108
2688
6978
9269
3916
1002
3581
9185
9797
5535
8741
4104
4290
8004
1893
7635
3392
5437
1579
2649
5354
5120
6189
4916
1562
2226
5219
3143
9194
8974
4424
2378
3035
6897
3196
698
4228
4068
6944
2075
40
3146
8437
8485
9961
5405
5898
9459
173
2210
6380
4405
6107
9736
493
4740
823
5783
8967
6476
6965
1947
4191
176
1665
6511
5825
1154
5282
4941
9148
5921
502
2394
2698
7284
8718
377
4780
1242
2670
3188
5960
2546
3876
6606
3858
5369
3156
7984
8817
3609
8917
6293
9574
7388
7920
2516
5669
2717
9255
5214
5548
674
7991
5162
7376
3187
1379
3890
6599
7381
9771
7693
3332
8806
8461
2248
3042
286
5155
9038
3522
1582
2522
7829
2531
1922
2749
4023
4364
2850
7646
1701
5821
544
640
2964
4126
4956
6373
4288
7892
4510
6950
1843
3236
5210
3369
4435
2441
5899
5391
9237
1631
4608
4627
3674
739
1477
2752
1989
5606
522
3227
3480
4617
7155
7026
105
4865
4443
8442
9913
6612
3799
5371
9288
3995
8536
5109
3733
8299
7245
3677
3974
916
7873
7104
9476
3325
8349
8069
9475
906
3050
3478
6241
7050
9695
3979
7716
7178
8237
9794
1089
3349
6083
6658
2233
3759
5516
748
1520
1927
5568
1294
5974
5397
2428
2279
4238
9581
3494
2681
3242
4970
3093
5862
9367
7069
6707
4393
7929
393
322
8330
2417
5283
9356
3440
5583
1976
8289
684
1215
6300
2486
6557
211
6746
2488
6676
9935
4606
8426
5265
3956
8524
1552
4139
1236
2401
5173
4776
1838
5387
9840
5339
9549
9421
3131
5617
6601
2975
7944
355
2420
1371
7319
6956
4661
8738
434
3018
4332
715
1481
6095
5756
8082
3423
3416
5455
2976
4933
8813
4043
9768
3054
1440
6860
8025
2352
3785
5125
3118
1900
4179
3540
1903
9763
6922
1286
7179
9034
7864
4477
5884
9151
4684
8286
9302
9856
2050
1765
3361
8011
4943
9436
2294
9933
1402
939
837
2618
5803
8681
5352
576
2972
8852
5784
2714
7308
8413
976
5551
8306
94
1022
4381
729
8884
5917
8008
6881
238
4810
6735
204
3248
2385
6696
4694
3338
7474
284
7950
9078
5232
540
1931
6530
6397
4878
9141
4581
8083
3856
5976
5846
6103
2936
2984
7763
1640
2598
5426
6127
4279
5577
7113
3741
9160
9132
295
4541
5470
5484
465
4274
3134
7655
5416
9073
1888
2253
7626
2033
6400
4595
7122
5063
902
4521
116
3694
5854
8878
4317
9126
9565
7900
9870
1793
5908
7617
9090
5933
2644
7202
8220
1957
5651
6235
5010
75
3565
6434
8112
9250
3240
3792
8377
2880
2959
4883
9174
7336
4630
7606
4106
406
5079
6011
3804
6192
9051
9827
5439
6535
6131
5528
5527
8894
4404
8544
3842
5461
8495
8970
7768
6492
8187
1409
4013
6939
8295
7794
5169
5230
7687
8551
860
6418
9910
325
1875
113
7989
1218
9334
8667
980
6139
8406
1131
4070
5467
1170
4428
9654
3029
6168
8259
3127
7251
1446
7326
801
4328
7704
5233
5940
1611
4698
3176
2571
3433
9166
2390
1901
3608
7831
9244
1543
8722
4378
6652
6821
7538
9539
4473
1099
6274
2153
6963
3152
4603
559
8622
2744
3094
2434
3790
5945
7037
6148
6835
9315
198
6988
9542
2997
1092
8930
7681
736
8946
4142
4987
3218
1913
3650
6629
7981
3664
5096
2176
5779
4974
5994
2324
2173
3953
1745
7897
9999
9877
4027
8624
6824
3224
9444
1028
3515
6919
7206
7514
7660
8565
1216
5207
1146
6415
3972
8612
1180
8041
9569
4588
8464
18
8654
1950
8327
3461
5190
9716
1685
4664
9776
6467
7959
4560
2012
6798
8054
4265
7817
7151
1187
2359
4888
8877
892
8129
5563
7565
958
4725
5304
4093
4543
609
5249
5701
5465
7164
4136
5181
9157
3383
2040
3140
8746
262
2845
6287
9300
2646
1926
7793
1890
2475
2833
248
1491
7286
8800
7290
1443
2162
1882
3511
5613
8729
5262
5733
7343
8811
9120
8231
7596
3813
7554
3340
3372
6094
2304
9525
5842
9615
4702
9862
2095
3115
7220
5278
5118
2904
267
4048
8954
6792
8162
5559
6115
7583
4962
6129
1040
2423
2811
271
6642
9498
8709
6175
7229
8787
3071
5658
2100
2639
4143
5457
5965
9085
6808
3453
9619
4795
1419
1420
133
142
7684
5806
6224
1994
2295
7347
2642
2686
6505
2024
4111
7478
8557
1799
5631
2301
1279
7525
5194
471
4821
586
5540
9555
1499
9723
4196
1741
1727
2335
9081
5932
9273
4064
9350
8033
8109
8574
1647
8604
9679
9678
3311
9563
5594
261
3421
299
6207
8547
5260
2954
4735
6804
6254
7378
3463
7783
3376
4470
4576
2782
8343
9719
4292
4669
4951
9825
2092
9311
6392
3702
3703
7041
3327
5434
7761
2665
5047
5046
442
1546
9306
5870
3690
7334
1869
7520
4160
5507
5625
4829
1
5925
8880
1532
1523
3128
5959
2722
3183
1174
8297
278
3789
3946
6286
7893
5867
6779
4979
9267
42
7804
3874
5313
987
5618
5888
3849
7744
6497
8663
2914
2406
9232
7593
4273
4742
7354
2368
9717
8439
4667
5342
192
3903
5361
6412
9065
3388
3387
4183
3865
8224
1112
8180
3627
8277
2766
6967
1128
2703
4246
7672
5341
5188
7462
4769
3618
1350
7629
5158
1288
1577
6066
7847
1231
7946
3528
3629
7127
1167
8769
3625
7671
7682
8689
644
7979
3762
8563
4720
72
5101
7777
4339
9201
726
134
2626
9171
8636
9236
4571
4990
4825
5346
5140
405
498
2685
3244
6991
8592
9837
792
8951
3838
711
2863
2289
2288
5692
6959
7728
6578
7153
3051
4649
8980
8118
8221
2575
4056
489
2768
3305
9697
6620
5597
8572
782
3726
7841
6426
7174
8887
9478
4851
4852
1296
8804
4384
960
7567
9360
8292
7789
1036
2859
6221
776
316
2559
7947
9789
7528
8752
9031
2375
8256
2931
3802
3648
5941
9229
3949
4359
4614
5419
9701
7785
7176
7266
2791
7738
8020
2120
1009
2771
4091
9709
7188
7187
5211
975
9755
9756
36
7393
7204
2580
4159
7585
6891
3016
6429
1602
7922
3782
5514
344
702
9177
4790
337
4637
5695
2169
1915
1331
9969
909
1436
1435
1824
6324
2818
8207
7168
5429
179
1809
2061
2695
3285
2017
681
2450
2807
4166
2068
1910
588
6907
2942
4619
8519
1224
9818
871
8809
6870
5452
6857
3068
1093
5013
4785
7861
2044
7000
7001
3482
7006
1208
8793
6671
4353
9580
4805
8030
8888
6216
1675
8092
8090
6329
7732
4088
7021
6464
3445
4124
4123
6126
1411
1618
340
1135
9145
2784
8904
9893
4430
226
3484
6177
2277
5665
8959
2779
8537
1096
2677
2760
8318
719
4533
4904
4902
8455
7307
9116
3481
2085
5423
1198
2995
5459
4586
5723
4231
7274
5718
6873
2242
290
1115
6018
7808
9182
7215
8712
9467
1162
2882
2491
2614
9297
689
741
1756
8373
6230
4830
2312
7260
6990
6309
4700
2939
8197
6890
9385
9192
1865
5223
3943
7645
7559
7496
824
2603
8759
8079
4506
8657
1590
8028
2886
9093
3409
573
6447
6488
5796
6752
3041
967
5740
2759
5197
5408
6479
3174
8772
9241
3895
1302
6314
8281
3587
5920
3923
4686
9129
647
1855
3014
93
7035
5748
9753
6744
3034
4021
5403
7993
9951
8943
6894
3403
2802
2535
7637
6060
3302
6002
2483
7268
7267
7748
5727
766
4711
6345
6021
6022
1605
930
6483
6721
6951
3707
7587
2216
3276
3872
4867
1172
1267
4376
7194
1247
1246
2065
5678
7886
2171
3298
3809
8160
2592
2725
3144
4508
7826
4822
8704
4402
1718
876
2935
5043
5044
77
8940
2988
4886
9887
288
2404
7604
1061
7018
8498
1622
7820
5365
147
5268
6969
7669
611
16
17
3429
1651
8799
2499
8308
1708
6229
8218
9590
2772
7916
6040
7990
5274
2790
9866
1342
8558
4894
1606
5054
4074
5056
5373
991
214
1645
6052
375
1252
4096
8961
1459
7314
7315
1072
1018
1736
8060
3709
3710
8600
5874
6596
9714
8474
3435
413
1541
3661
7504
5778
7640
7874
7972
7577
7953
9266
45
2429
7149
1758
3161
6121
1614
4964
4963
8036
7833
1478
4038
5601
8100
6548
1748
4004
2366
6237
7501
7666
9388
1441
6705
8792
430
1943
9875
8695
3121
9440
8854
1207
3645
4439
9481
4881
7500
8014
2585
5078
9727
3669
4307
1864
8193
8898
5073
8976
57
8830
9550
8368
9455
1878
7663
8210
6321
6627
5903
4758
7977
4663
1501
4235
6409
8494
763
8861
3088
9759
8143
8642
2822
5667
5910
6327
4468
7620
7405
7404
8684
7709
2613
5107
672
8675
8422
5443
2348
8933
4463
4462
5760
3994
6600
25
2827
6862
733
6255
8184
3836
2566
6092
189
6563
1087
8352
9263
2114
6819
6820
2195
2657
6290
367
6609
7752
3555
3840
6523
6524
4277
6787
7581
3905
5956
4519
6341
3938
4709
5609
9629
6336
9198
8783
9401
990
1184
5897
2008
4891
499
3982
219
3962
4394
4097
8141
8471
3698
4577
3891
626
3354
5599
6105
9916
9915
8329
9708
5986
9336
2316
7677
8750
7545
8152
2872
8511
419
418
128
2166
6154
7810
4562
4206
5654
8978
922
2794
5027
155
3507
8111
4347
7467
6142
4176
4958
2548
8395
7146
8991
9814
6843
2374
5201
1467
3449
4355
4335
3831
4992
3615
2582
7974
9585
7238
9925
2380
1871
5721
2398
4713
4746
7779
7778
946
4714
5253
1205
5177
7775
6731
9523
670
9457
206
6573
1030
5820
970
8479
7432
4674
7007
1390
2009
6170
5081
3279
4327
7908
5244
7718
7717
4407
7631
7630
2857
5751
1733
4523
463
508
4195
1335
9253
7601
5776
6080
6339
9008
8696
6754
6753
1762
2633
528
5557
5558
7362
8699
1278
4672
6931
6871
9636
368
3869
9611
4679
8960
310
3381
8672
8900
3826
5297
5635
4559
6739
788
373
5793
426
3517
9435
2431
5330
5331
352
7065
5800
9634
3888
6789
6788
6441
2529
900
2668
6279
7080
8554
4612
5786
8818
1416
9683
8715
4688
400
4343
5980
8449
4380
279
8567
9613
9376
2057
4311
66
6679
178
3105
2540
9225
519
2014
2013
7742
8668
4920
9383
9384
2693
8773
9963
6150
8261
9446
8215
6832
9730
2400
8619
2372
8390
4497
1376
1971
1847
1848
8235
2621
8598
4752
7209
2064
7233
7608
3431
1213
9328
5001
7359
654
4733
8853
6517
8182
8380
3533
3356
9625
1385
5350
9407
851
7278
5530
7295
1924
4885
300
9491
9492
9901
2747
1323
6510
5381
9495
7955
1138
5386
7366
9607
9668
4812
687
950
9748
9331
9576
7498
6137
4325
84
1399
1398
123
2496
9718
7105
9761
228
6971
3443
3444
3314
7099
7582
7706
1338
8688
692
1123
6565
3692
3693
4263
8438
3465
780
1820
2918
8066
4819
1592
7142
6248
7473
8873
5927
4220
4613
9146
9809
8270
3100
2128
8135
7530
2472
55
7271
5876
7257
4491
8577
358
9824
5690
9430
5143
7928
8488
5498
8740
5004
5737
8359
2080
5714
5713
6077
2699
5431
6982
5399
1234
1235
5556
8445
2045
1784
3476
6591
8022
8021
1825
9646
9447
2090
1202
3170
3169
4299
9751
541
6026
7132
4796
7027
8847
620
4020
1290
1013
7862
8568
9819
3404
8986
7853
712
4895
3155
1048
9332
3293
2876
6025
4857
7223
398
7182
9899
869
3081
4513
222
2470
3913
2607
3727
936
835
8475
1485
9001
333
2321
2271
6164
1634
3079
3773
7588
257
7301
4859
6878
5990
8043
653
149
7987
8246
8659
1506
2194
858
857
8550
1690
4268
3862
1317
7911
8936
6202
9044
7074
768
8407
2929
2705
3941
3770
1663
6936
7115
1752
4803
691
8340
8585
7340
5858
5152
4768
266
515
3735
2399
5536
700
910
3430
5768
7477
9848
4838
5145
3030
3673
3274
7353
1360
2873
8005
6347
9117
9839
9346
4244
3283
8374
6816
6634
7059
8743
8355
6364
5372
7572
5930
8366
9975
592
591
6332
2460
6366
6500
4015
8483
6173
2393
4946
2309
8424
5608
7968
8122
9
9520
3185
9602
3098
28
8517
1537
3884
157
6160
5742
6486
1269
8385
2468
9972
5165
3868
4481
7077
1325
8307
119
9687
9889
9876
4772
5591
1027
7767
8105
6764
8844
8779
603
4923
5745
3056
1365
6378
6654
9600
457
7156
8176
6281
890
1955
5967
9927
722
8480
8146
1697
6181
9387
2373
8582
8838
2568
9868
4659
6977
1538
3666
3665
8332
7802
8996
8995
9076
402
3207
1626
6302
9543
7356
6496
1812
9734
5734
1298
4
3503
3195
5225
282
280
3889
4737
4294
8508
3763
9234
9233
436
7852
4755
9138
5418
7136
7964
3076
8909
601
5149
5309
1560
1796
5215
6863
1998
8268
816
8525
581
2562
9806
9089
9125
5799
3920
6438
7562
7992
7279
4566
4059
439
7256
1104
4105
8529
4185
6640
1493
9769
203
8863
9485
2503
2463
2001
8617
3008
315
665
2116
6480
1023
6349
4866
2599
241
1474
1001
5360
5450
5451
7181
4186
1911
9099
7611
7835
7102
2224
8077
1586
4928
2109
4855
491
6342
9021
7975
9150
3530
5170
8156
1065
642
9027
6130
6461
6460
2524
9278
8285
2124
8323
3425
4993
3092
5481
6445
6911
5280
5279
7436
5983
6715
1817
6005
562
943
3220
9992
8311
496
4150
2730
4192
6726
9381
9382
3965
5774
9071
9745
9517
758
826
941
940
7909
2551
4848
5349
9276
7574
2799
1575
1576
1159
4870
786
5785
9673
9672
4834
3219
1307
2140
9958
1109
6760
3270
982
6301
7756
2150
9258
7710
513
514
6660
7285
1407
1406
1015
1014
1710
1507
4728
4729
3090
3406
1553
5992
5993
5288
3065
4399
6585
9428
8842
3857
8532
2638
574
4426
2282
8588
5572
6037
6213
8720
9622
5624
9781
1937
5646
6537
725
3135
9831
569
570
6078
168
365
4918
4919
111
6089
7240
1959
7811
1771
3777
8177
7211
7060
9018
2291
2290
7224
8627
1683
5344
4408
2137
3622
9546
9544
8921
1680
4425
3084
5076
3200
5060
7047
7049
4583
7454
4948
4947
1125
1273
6305
1885
5694
4052
805
4966
1856
7417
9686
6264
5299
9907
1713
4458
8632
1921
3412
7674
1496
4972
2062
4854
9422
8137
7040
9295
8411
1581
3687
9691
4164
2501
2502
5936
5491
5490
3344
9456
9675
9676
9271
832
7837
4120
324
6758
7492
7491
39
53
411
9158
2655
4269
6876
2037
5836
2218
8680
1760
1761
5318
1076
1077
2798
2142
2386
3828
5055
9055
122
6883
449
3779
9617
9616
2228
811
8276
4242
749
3257
2509
9364
4910
9109
2118
2119
6693
3044
166
167
3180
529
293
2965
4047
3548
2625
7087
5907
7701
1008
2894
5855
3500
3039
2197
5436
4211
3061
6582
7962
7963
9084
4172
4892
6571
3070
6882
8896
4760
5672
1031
2922
270
4202
1340
7420
3213
5334
8226
1455
1049
6558
3637
9693
2648
3322
6247
1728
8781
1329
2426
4683
6014
6278
432
843
5890
817
80
4977
3027
6188
7649
6947
1249
1248
1568
9449
3942
6569
3910
3909
1082
48
3786
4642
342
778
2892
4658
8850
8851
8989
3896
7822
2249
6777
4078
7357
8595
1068
3112
263
9135
5851
2727
4640
4641
7903
1670
1642
8893
8895
4215
8239
8238
2910
1243
4101
2384
4935
5811
9394
6637
5186
2554
745
3413
7691
1832
9471
6396
34
2143
7197
5175
8706
4624
6927
1608
1609
4745
2264
2263
5847
4447
3350
6156
9067
9066
2088
6648
8945
5943
5942
9977
343
3330
8067
7488
1055
7423
8205
8206
7627
7628
3571
357
9954
9955
4453
6208
8241
5816
5815
9869
6268
7935
9850
6551
3390
6456
4227
2346
2345
7159
8693
1557
1164
1525
2326
4084
8362
1706
8968
3881
7867
6742
7569
5762
881
6698
3683
3682
7720
7719
8064
7724
8087
8088
3811
6295
7089
9937
4045
1897
5952
209
210
1643
3513
822
7094
8856
1517
2229
926
6776
706
532
2377
8859
6371
381
6718
7344
8115
4625
5729
7111
7112
445
9997
9996
9998
7389
6197
1939
4528
7914
2473
8735
4315
8665
3688
4374
1724
5511
9370
7247
7447
7446
6962
4245
5912
2028
2979
7346
639
7675
6070
9153
8428
8015
473
472
5137
1513
9390
1392
1391
7171
2256
35
1377
1116
5421
7413
6444
5661
2955
9879
9168
9774
3026
3102
7335
230
231
2035
2034
7879
3977
3976
5513
896
929
459
7561
6289
5128
7931
7930
1620
1619
4071
3647
2517
440
8956
6828
4271
4272
9800
9799
2332
5808
1021
5517
4779
7846
7550
5324
5579
5578
5916
2836
2325
7590
9209
3393
7369
2178
9657
7244
5611
9711
6980
1772
2202
5335
927
250
6759
4033
8338
2293
8820
9739
621
3184
2696
1786
9189
5522
7887
2136
6841
2513
1870
6119
8326
4607
5699
1652
3399
1594
4645
8754
8753
4009
8283
8284
7624
3013
3287
3288
6554
9411
9410
3228
1638
1083
6379
2679
1141
3998
968
3744
7653
4493
6900
8463
1653
428
2630
3343
5830
6259
1891
3551
9883
2661
9054
4499
2544
59
8213
8214
4718
6645
9075
2903
2853
6042
842
8610
5746
918
953
9162
9100
8165
5023
4063
9645
5861
4610
4611
8780
3158
3159
8822
2736
7536
7537
4165
7966
9355
4574
1345
9180
9396
2814
4010
3447
3446
6242
9652
9653
1881
7017
153
1702
6732
9227
4169
3820
8711
6614
6613
2742
2743
1529
6029
3498
8242
5204
634
7736
9904
3879
4691
4690
7937
7936
9362
9361
2898
5208
5209
9923
3377
7480
7443
87
3713
3455
9102
6886
4906
7591
7733
2570
5321
6854
2737
349
7082
3253
3932
6261
2690
4361
4360
2810
1281
485
1905
2778
3367
5316
4783
1512
5049
7030
3960
3309
3308
5236
8429
6814
8393
867
866
7387
9173
7781
1292
8616
5710
5711
3885
2354
6561
6562
1070
1071
9291
5378
9437
5970
9217
2479
2480
3073
3072
487
488
8926
4653
6047
4014
5603
60
9069
9068
8378
4520
3023
3024
4391
9335
5518
3600
3601
1827
1826
3951
3952
4647
1774
1775
1798
2689
1153
4699
420
534
829
6074
1730
5160
5159
3497
798
2733
3696
3697
7592
5293
1095
7727
8683
8682
242
5114
5758
4479
678
2865
3204
5950
4553
5317
4808
1052
1051
3925
676
7184
8477
8476
4367
7791
7790
7792
6713
6712
6806
607
7248
8646
3640
2251
2250
1649
3247
7408
6848
3238
9397
7519
5841
1120
8273
2059
2058
6442
5355
8401
1363
1550
7827
7828
9463
3417
1516
5962
4121
7544
4077
9918
6477
1333
7723
7327
8202
6836
7642
2083
1126
3397
6465
3208
2239
3509
3992
9785
1042
6432
9466
8756
8757
5549
1142
9949
6893
887
3961
913
1853
4137
3300
3299
2514
988
3641
6914
4330
4331
4329
4082
3930
6998
679
1807
2620
5700
1929
506
507
845
846
2414
9669
9195
695
158
3837
2221
3987
7429
2430
4836
9743
9553
9554
1219
4815
9962
4431
4432
631
4540
4542
9184
3420
897
1902
3718
2084
4261
4260
3506
1324
319
8190
9338
2449
5707
7883
5
9063
7534
8472
6354
6087
6086
4128
6169
5413
2667
8294
2245
2244
6010
5035
1415
1519
9369
9480
539
1535
1536
6666
4152
4151
4189
9844
6993
6992
2370
2369
7568
5682
5480
3268
8415
8414
1488
1487
9649
6388
7757
1504
7400
7399
259
4239
6690
1432
1433
5749
20
8810
525
3164
9732
536
5706
4441
1835
7426
7425
9895
5401
5400
4386
9206
8039
8040
1934
1721
4500
6852
8824
2834
1450
5790
8730
334
2754
2753
3743
6768
5217
5218
7253
5649
5648
115
3291
9403
9402
1892
7751
4546
8381
6555
5264
3585
9043
4750
4751
239
9219
9218
770
6588
8548
1960
827
3329
808
8641
5256
9537
9538
8899
1656
1655
3563
8583
8649
8650
9432
2403
2402
205
7394
628
5404
5066
5067
3364
7463
4626
1238
1237
8832
8831
4622
9516
2841
5716
5715
6605
2199
997
7015
3798
2962
6225
6262
9092
1133
1457
2382
2383
9764
6514
4632
1318
3125
3126
2489
481
6155
7739
9938
4726
2934
8125
8670
8669
391
9829
9859
4385
1265
1266
2349
3133
6311
6310
9640
8503
6288
5038
5039
6940
4451
4631
1969
1970
8371
8370
3438
8302
4203
8907
7636
2181
2928
5477
6793
1394
1393
6674
6675
2579
2594
216
215
2160
2161
3534
4799
9121
8882
8881
4793
4792
917
2021
2868
188
9342
1285
5048
8403
3595
1254
7956
9048
6231
7303
3119
429
4320
4321
783
7004
7005
7995
773
331
1569
6572
5865
3547
6811
8244
8245
4787
7665
7906
7907
5553
5552
7695
3747
5089
9167
1358
5216
6007
6006
8499
5130
5131
636
1438
8085
8086
8523
1037
2757
2758
3263
3264
5148
9860
5255
108
2532
7296
9326
1908
1909
6747
8776
9725
899
164
423
424
5071
199
9742
2466
2467
5393
5676
8012
195
3936
5196
2526
2525
5474
5475
6997
1699
4863
4313
4108
8278
2534
9984
2446
6665
662
663
8552
8549
595
9308
9307
8130
9213
5924
5493
5494
1834
1199
6393
2209
6580
6579
4225
4666
8890
7323
7370
475
474
5615
5614
2643
5099
1368
3320
3319
6966
9733
1867
1868
1544
3060
6133
9816
9815
7428
1633
318
6236
1119
7895
7896
2788
3250
3249
253
6471
2187
7063
3591
8777
7772
2968
839
1259
9499
4134
4135
8172
4370
5659
4280
3441
3442
4727
6053
6194
6193
8458
9418
1469
1468
6625
6986
6985
8230
7843
7842
8906
9532
9533
1445
7128
397
9017
4721
3037
3036
6799
1090
2126
2125
5002
8447
8446
7170
7407
3374
3375
7679
7678
7044
5780
254
9040
9039
1531
8731
9529
2103
8541
8748
8749
6044
6045
452
9419
1293
7938
7614
3720
3719
5007
5008
1779
3190
3189
5093
5585
4421
4420
5731
5732
9639
275
297
298
296
1408
1332
7613
6251
5804
5176
378
4156
4217
2907
4234
6503
9464
6668
1627
756
757
3617
2992
6513
1597
9880
5581
5580
3914
4763
2967
1312
7162
7163
9096
6929
6930
258
6955
1195
3748
7070
6741
6176
7033
8073
3578
2973
9030
6145
6144
2710
2709
526
1742
6933
6934
4055
1725
3007
3559
7535
556
5828
3653
8920
1063
1062
2704
8915
8916
6017
6943
894
895
5156
8191
3336
3337
6703
6702
2148
1806
2547
6904
8421
4281
965
966
2106
1412
2683
2684
2795
1688
4978
2971
2867
9239
7799
7382
9970
2038
5018
557
1458
9909
4567
6423
5904
4102
2051
6252
8545
1461
605
606
1833
1840
2636
9450
8527
3582
3580
4372
4371
4373
791
9976
9405
8045
2127
4484
2676
1816
4525
7513
8812
1173
3631
6100
6101
853
4067
7374
3358
3357
2439
2440
9694
4488
3554
8161
2664
1381
1380
9303
9301
8288
8123
9317
9318
5446
977
7941
7940
1369
5565
5111
5110
3794
4218
5636
9660
9659
5248
5543
2476
1988
8973
9111
8376
9110
6584
6064
6063
4178
69
6369
6368
5985
9205
6724
6725
8790
8791
3089
5668
9558
1600
1598
5083
5082
9143
9144
9773
753
2494
2407
5306
5305
4309
4308
3139
5620
5621
5829
8468
560
2609
2608
3643
6108
3410
2
7062
144
3282
7692
1100
7816
7318
3001
307
2306
2307
4761
2781
9365
8865
9988
9989
7437
2623
2624
3122
9190
8150
7213
7214
3347
3346
1778
878
879
9504
9842
9841
1158
6784
8357
8358
3501
1954
7598
5028
716
8875
8876
6112
8095
8093
9704
6695
1679
4650
5892
1667
1666
4414
4412
7872
5322
7131
65
9980
6550
6924
6923
437
7532
1549
1453
1452
7210
2854
2145
2212
2211
4900
1253
708
7689
7688
5844
5843
3604
3603
5900
1080
1079
2154
8691
8692
8690
8056
8055
7442
8469
649
7083
2096
5312
9530
3783
3906
6734
5797
9003
9002
2027
7482
5866
3632
9424
8534
1232
8502
9248
4255
4256
9703
3848
7009
7008
6425
2107
7996
3106
3096
482
175
9628
170
169
6233
6234
2953
6322
820
821
2830
3365
3538
3539
2538
2539
3097
5521
7185
3740
7547
7546
7654
2131
4148
4149
6319
6318
8081
7302
7483
9333
7276
7275
6313
2018
2019
5447
4349
4351
8466
8465
2961
2963
5031
1767
1766
4303
6773
338
2165
4341
4342
6909
6910
44
9425
9891
9890
7052
7051
5167
6952
833
3822
3823
9290
7269
5566
5704
5705
5703
8201
9740
3150
8815
8814
3852
1777
8052
8053
6607
7576
7468
7924
7923
8345
8344
8195
8194
6868
138
137
6284
6491
7020
9950
8058
332
6024
9979
461
460
578
8828
9788
3486
3485
546
3557
3558
3556
4538
4537
9919
5296
1695
3985
9404
9582
9393
8737
8739
1426
1427
2601
2602
7421
658
794
5946
1085
1084
3937
2999
2998
3819
8173
668
6269
4075
83
1353
3172
3171
8211
8212
4487
3655
3654
4145
4144
3312
3313
6469
5088
9670
1925
4286
5367
5366
6140
6138
1401
8763
8764
8766
3983
6407
6762
6598
8010
6453
6454
7866
5267
6917
6918
4676
4677
9114
9115
1930
1932
5503
6019
5574
52
2186
2925
5420
1639
8965
2552
932
931
5383
5382
8870
8869
9399
4547
5569
5954
5953
4936
8448
5724
5725
6541
4465
4464
5166
7758
754
1088
3491
2569
2978
6913
523
959
3807
1707
6149
6306
5766
5767
2946
81
6575
2147
3290
7659
793
7698
7697
7699
3192
362
8562
5074
7805
2945
8249
510
5849
5147
2870
2869
9778
9779
6616
6615
1861
6958
9379
9380
7288
774
3083
9372
9374
1545
6761
5798
4522
8528
7516
7515
388
7241
9564
956
7119
7118
3230
3229
567
5810
7994
1595
9812
9813
6326
6328
4502
2917
3832
1991
1990
1565
1616
1615
6812
336
3844
8420
8846
4158
2793
6995
6994
3223
7385
1383
1382
7200
7201
9139
4030
5203
7859
7860
1941
1942
731
732
2824
2823
3695
9123
9124
7540
1803
6979
9345
627
8803
9983
8019
5163
9086
7109
3328
2340
6851
3470
7754
7755
584
585
2983
8630
8631
8253
7360
7358
2388
2387
5664
9931
914
7639
7638
2527
3893
3894
1782
1472
1473
7123
9689
9688
2712
3362
9483
9482
3272
5127
1859
7125
4114
4115
4570
7839
7840
7782
4511
8542
304
7057
7058
1841
6650
6651
363
9005
2334
8992
8990
5251
5252
9804
9805
1025
1024
8316
8315
1221
8127
8126
6257
7773
994
995
2133
2132
6116
6117
3945
312
313
1672
1673
1722
7329
7328
7458
4835
1527
1528
6946
6945
2941
1769
1770
884
2726
4517
4518
7322
1584
1583
2957
2958
9368
2519
2518
1465
4305
4304
4306
2285
3999
9650
1986
9857
19
4496
5471
7092
7091
2098
2097
6785
1424
579
6729
6730
4682
8031
7177
8661
8660
8398
8399
2911
492
4409
9238
1182
1183
9583
7348
4086
4085
5102
3875
1566
9327
91
3814
2337
2336
2991
5671
5670
1094
8716
4194
7038
7039
9932
8638
8639
1714
14
7292
7291
3575
1987
5291
5292
5358
5359
813
1203
1351
3620
3619
4770
5575
4025
8167
2774
415
2144
96
95
2067
2069
8948
8949
3845
2887
1045
1044
2861
2860
6859
6861
4099
4098
4561
8250
7221
699
957
1315
1313
374
3561
3560
3716
3717
924
925
8912
8914
6809
356
7305
7306
2266
2265
4802
8435
8436
5226
1996
1997
3757
416
5080
351
353
873
874
249
598
597
9413
9412
3048
3049
7124
7264
6272
6273
4388
4389
2305
4877
781
6276
6277
8304
8305
2746
6162
6161
3536
3535
8727
1165
9226
7522
7521
4986
9853
9854
9134
1814
1813
6389
183
184
4817
4818
6375
6374
7714
5034
8186
6516
1372
1423
9014
9015
2804
3899
3898
9728
740
8520
2908
7970
7969
3137
3136
2590
2591
8139
751
750
7745
6973
5996
5995
9644
6531
1166
709
6593
9706
9707
4707
3108
3110
6450
8037
6421
6420
5561
5560
5505
5504
5506
1226
7228
112
4635
2542
2541
6638
8335
8337
9986
9987
3202
3201
9501
9500
9631
9632
1490
1489
5228
5229
8431
8452
8453
8451
618
619
6217
4693
237
1000
999
7364
6972
7856
1359
5138
5958
8199
8198
3918
3917
1017
1016
985
986
7494
4210
4209
5483
6885
9211
9212
7579
7578
1522
1521
9279
7495
8761
8762
645
9433
8673
8674
1974
1975
7236
8570
8571
8569
5087
2879
9389
2901
6283
6285
1005
1006
2364
2365
8923
8924
8107
8106
2235
1783
4840
4839
6576
4623
3754
3753
4599
2328
2327
2281
2787
5116
5117
6402
6403
7169
1156
1157
3177
8350
2278
6801
8827
1306
3523
3524
2641
4914
8487
9713
1400
1395
8457
9283
2864
561
9944
5882
5880
1196
9571
3926
4213
4212
2053
2055
8432
6474
6475
6749
6748
5675
8322
8710
4293
407
4973
4515
4514
4061
4060
1176
1177
4130
4131
4129
3775
3776
4564
4565
1132
127
4249
4250
1430
2713
6414
9681
5750
6546
6547
6408
9322
9321
3700
3701
5524
5525
5819
6351
6352
8383
8384
8902
8901
9872
9871
8233
8232
9470
3058
3057
2112
2111
4703
7571
208
9560
3360
6644
7770
7769
6662
6661
6218
5390
5389
6343
7553
98
99
5238
651
652
5463
5464
6506
6504
1327
1326
4459
1480
6802
6685
8614
8615
1979
1980
2300
6057
6059
1573
1572
2817
5736
5735
4748
4749
1256
1255
6587
9036
9037
2893
3467
1802
9025
9026
4592
4593
4844
4845
504
505
1191
3352
3351
9033
4162
4163
2207
2208
2740
2741
7085
7086
7281
7280
6494
2900
7410
7409
2507
2506
7978
7976
4995
4996
4007
4008
2319
2320
8482
8484
5948
5947
3734
2200
9821
9820
3642
9943
3519
3518
360
359
7651
7650
5302
5303
4960
4961
4232
6838
6837
3296
3297
1917
5363
5362
2588
501
500
6200
6199
4656
4657
5200
5199
7073
2315
2314
7812
1895
1894
4377
9587
9586
7391
7390
4999
4998
901
3626
1122
1124
6823
6822
5105
8301
8938
8937
8705
762
760
7510
7915
6493
194
104
554
553
1962
1961
3020
3022
8183
4092
6386
6385
2157
2156
8024
8145
9022
7901
8293
4222
4221
7
8
4357
4358
9508
9507
7383
1860
7351
7352
394
8138
4648
1916
5311
4882
3989
152
4416
4418
5794
5792
6867
4031
285
283
5180
383
382
2577
2576
6110
6109
6227
6226
6334
6335
1505
1503
469
470
1106
1108
7982
8120
8119
2007
2010
1740
2396
2395
7434
7433
9540
9849
6899
5546
5547
8388
8389
6903
8078
5582
9662
9661
5989
221
4716
4717
3834
3833
4475
4474
9592
5051
31
33
8048
8047
743
742
140
141
6610
6611
9286
9833
4530
4531
9973
9971
1200
3907
1788
4708
7737
7192
7193
8580
8581
4587
4872
4871
3636
7134
7133
9199
4710
6437
6039
8515
8516
8518
2849
8070
8071
7310
7309
6618
6617
303
7438
22
455
454
1448
1447
2723
2721
8977
9477
9479
6756
6755
3543
3542
7219
3712
7855
4107
4103
4438
4437
8644
8643
3815
8000
828
3203
8409
8408
5430
616
617
3955
3954
8417
8418
2081
4777
2047
2046
1898
1899
3468
479
478
6630
2330
2329
3063
3064
4345
4344
4743
5652
5653
8271
8272
2635
907
1460
9252
6682
2586
63
4931
4930
6706
6708
6315
4448
1789
3531
3532
2260
2261
9597
3394
3334
4456
4457
8625
8623
8606
8607
5885
5883
8317
3254
3255
2458
2457
6884
9443
9445
5012
5011
8505
2042
2041
9522
9521
3639
5345
4874
4873
9313
9312
1819
1821
6098
4925
4924
4926
8001
3210
3209
2000
3772
7294
9830
7765
7764
6222
6223
9666
9965
9964
9898
9897
4298
3990
5020
8164
4174
4175
949
8841
7110
3598
3599
2231
7998
1370
1057
1056
5628
8652
4789
3457
3456
3724
3725
444
5015
5016
9203
9204
2004
2005
1309
1310
8050
8049
3448
3303
3301
8807
8805
7338
7337
8834
8833
948
4266
4267
7807
7809
5770
5769
6892
5935
5520
1945
9802
3854
3853
4696
4697
973
974
8535
9699
9700
6470
5719
3002
6210
6209
1494
1492
1794
8347
8348
8217
8219
1414
7622
7623
1624
1625
8158
8159
1636
1635
3427
3426
2819
244
245
2183
2184
5627
5838
5837
7139
728
727
450
660
2692
2691
5743
5744
4590
4591
9223
9220
9801
5326
5325
861
859
6683
6000
5999
7144
7145
3335
6782
6783
4889
4890
6452
6544
6545
3944
6361
6360
4864
3685
3686
2808
2809
6846
1437
9570
7396
7395
704
705
5802
1704
1705
1101
2405
8264
8263
1515
1518
6072
6073
8258
1661
2191
2192
2461
9079
225
227
7958
7957
7415
7416
6737
6736
9347
7633
7632
2410
2411
9920
1137
1139
6770
6769
5239
5245
5246
9461
9460
7889
7888
8170
8169
8586
4200
4201
3225
5863
5161
130
129
8227
8059
4550
376
1719
4757
3216
3217
7668
7670
7667
8797
8796
4639
9609
9608
9050
9052
7722
7721
9577
9579
1749
1750
9603
7067
7066
3415
9035
4444
4445
7610
5657
9489
9490
4549
6937
9416
9417
2605
2464
2462
2465
5693
5663
3017
849
1374
1375
9957
8441
9059
9061
3731
3732
5607
7011
7012
2214
2213
1262
1261
8101
8546
201
202
2762
2763
2454
2453
2597
717
3611
3610
1669
1668
6796
6795
7713
3271
4584
4582
6567
6568
5375
5374
8396
8394
8788
8789
5269
2672
443
8188
814
2350
6245
3788
2920
2919
2916
9767
3490
3492
800
799
9187
9186
9835
1936
4774
1726
7557
7556
4237
2829
9400
5533
5534
6499
6501
8771
9293
9292
7207
7205
4319
8365
8367
9620
5061
114
3267
8492
8493
6528
6527
5151
5150
5062
2734
2735
6049
6048
7023
7022
7730
7729
1555
1556
2897
8007
4736
8032
9601
9599
2856
2858
1145
2948
2949
7564
7563
850
6694
3452
5058
5057
7917
1966
4460
1755
669
667
8324
1845
624
625
4670
4668
385
384
4824
4823
6518
6539
6097
6099
6720
2433
2432
7173
7172
4363
4362
1746
4040
4042
1682
1681
582
3462
6484
3233
3231
9012
9013
7107
7108
8998
8997
7461
268
4337
4336
7949
7948
4897
4896
5050
6559
6009
6008
1067
1069
7600
7250
5487
5488
7331
7333
6656
6657
4982
4981
9359
9664
8208
580
8971
3259
3260
7258
5257
5254
2269
2267
6968
3614
8953
4467
4469
61
613
1810
1811
7487
7489
3414
4495
1387
1388
7272
7273
7619
4572
3589
8026
4912
2583
2584
9080
2940
4072
71
5191
5189
5192
7983
7252
7255
2617
2619
1117
2511
2512
2177
7196
7195
7943
7945
4773
5183
5182
3768
3769
5973
5975
2651
2650
4140
944
942
8744
8742
8698
8697
1712
8714
8587
9791
9790
9792
2658
5772
5773
7703
1874
1563
1561
7507
7508
6082
3803
3801
1879
1880
8144
3901
3902
3864
4850
7379
7377
9541
8006
5122
5121
9243
9242
4955
1497
1498
7787
7788
6428
6427
9514
9515
4756
8154
1212
2985
8932
1968
4017
4016
3934
5739
8702
8703
3181
3179
5275
7819
7818
5440
5438
2284
2283
2078
2079
2076
7148
7147
3667
1344
1343
234
233
5687
5686
908
9621
1301
1303
3613
403
404
3866
1691
3370
7452
7453
2093
276
2556
2558
6896
6895
1034
7367
2101
9106
9104
5834
5835
7263
7265
517
6191
6195
2130
4554
6172
6171
3699
646
8425
3738
3736
47
46
1147
5981
5979
1829
1828
4950
4949
3326
9682
9680
191
190
8132
8131
3796
7997
9940
6672
6673
165
2168
2170
3475
921
923
8972
3019
3679
4035
4037
4797
4794
3407
3408
4112
1220
7341
7342
1510
1511
6034
6035
2923
1271
1144
537
538
3550
3549
3760
3761
6411
2425
2427
2801
2803
5222
4557
4558
6135
6132
347
345
686
688
2362
2360
6398
3243
2094
4076
8509
8510
8252
5289
5290
3706
3708
3705
3593
5497
5499
2521
2520
2275
2087
2089
1744
6590
6592
7098
7097
172
171
8982
4618
4616
7884
7885
6960
6338
6340
8597
8599
4241
4240
4741
8497
8496
8114
456
3628
7612
1993
1995
9200
6626
2563
2564
6088
3672
7412
3157
531
530
4113
6875
8555
8556
6481
7414
3721
9766
7126
9722
9724
5444
5441
8443
8440
2422
8113
3658
3656
2437
5905
2341
3996
2889
5135
5133
8225
8228
1587
1585
6687
467
7242
1483
8931
5633
495
497
2418
2416
5826
4597
8267
8269
3871
3873
935
934
7616
7618
877
1169
1168
1876
7661
9903
7707
7705
2729
2728
5738
868
6151
6186
3043
4944
4945
4276
4275
8342
8341
3103
3104
4809
5510
5509
9130
9128
269
7138
3077
13
15
3310
3574
9865
9867
9452
9451
5396
5398
4324
4326
6015
6016
2424
983
984
5592
5589
7912
7910
7986
3078
7216
8504
5234
713
9208
9196
7503
7502
6462
8987
8988
9119
1591
9624
9623
4806
5909
9760
6833
3829
3830
7287
2223
2225
680
7371
7368
8121
954
7158
7157
9993
9994
8941
8942
9298
9299
2485
2487
5872
9637
9635
612
545
3922
3973
7539
6602
3568
3566
4490
4489
8721
9712
6686
5852
5848
5433
5435
2497
2495
371
372
8257
2659
2751
2338
2654
2653
5538
1417
4167
5285
5284
5963
5961
6622
8621
4011
3967
3882
6417
2989
2987
2838
2837
3969
8179
8178
9810
9811
9256
9254
329
3321
