3333 1603
-4999 1666
-4996 1664
-4993 1662
-4990 1660
-4987 1658
-4984 1656
-4981 1654
-4978 1652
-4975 1650
-4972 1648
-4969 1646
-4966 1644
-4963 1642
-4960 1640
-4957 1638
-4954 1636
-4951 1634
-4948 1632
-4945 1630
-4942 1628
-4939 1626
-4936 1624
-4933 1622
-4930 1620
-4927 1618
-4924 1616
-4921 1614
-4918 1612
-4915 1610
-4912 1608
-4909 1606
-4906 1604
-4903 1602
-4900 1600
-4897 1598
-4894 1596
-4891 1594
-4888 1592
-4885 1590
-4882 1588
-4879 1586
-4876 1584
-4873 1582
-4870 1580
-4867 1578
-4864 1576
-4861 1574
-4858 1572
-4855 1570
-4852 1568
-4849 1566
-4846 1564
-4843 1562
-4840 1560
-4837 1558
-4834 1556
-4831 1554
-4828 1552
-4825 1550
-4822 1548
-4819 1546
-4816 1544
-4813 1542
-4810 1540
-4807 1538
-4804 1536
-4801 1534
-4798 1532
-4795 1530
-4792 1528
-4789 1526
-4786 1524
-4783 1522
-4780 1520
-4777 1518
-4774 1516
-4771 1514
-4768 1512
-4765 1510
-4762 1508
-4759 1506
-4756 1504
-4753 1502
-4750 1500
-4747 1498
-4744 1496
-4741 1494
-4738 1492
-4735 1490
-4732 1488
-4729 1486
-4726 1484
-4723 1482
-4720 1480
-4717 1478
-4714 1476
-4711 1474
-4708 1472
-4705 1470
-4702 1468
-4699 1466
-4696 1464
-4693 1462
-4690 1460
-4687 1458
-4684 1456
-4681 1454
-4678 1452
-4675 1450
-4672 1448
-4669 1446
-4666 1444
-4663 1442
-4660 1440
-4657 1438
-4654 1436
-4651 1434
-4648 1432
-4645 1430
-4642 1428
-4639 1426
-4636 1424
-4633 1422
-4630 1420
-4627 1418
-4624 1416
-4621 1414
-4618 1412
-4615 1410
-4612 1408
-4609 1406
-4606 1404
-4603 1402
-4600 1400
-4597 1398
-4594 1396
-4591 1394
-4588 1392
-4585 1390
-4582 1388
-4579 1386
-4576 1384
-4573 1382
-4570 1380
-4567 1378
-4564 1376
-4561 1374
-4558 1372
-4555 1370
-4552 1368
-4549 1366
-4546 1364
-4543 1362
-4540 1360
-4537 1358
-4534 1356
-4531 1354
-4528 1352
-4525 1350
-4522 1348
-4519 1346
-4516 1344
-4513 1342
-4510 1340
-4507 1338
-4504 1336
-4501 1334
-4498 1332
-4495 1330
-4492 1328
-4489 1326
-4486 1324
-4483 1322
-4480 1320
-4477 1318
-4474 1316
-4471 1314
-4468 1312
-4465 1310
-4462 1308
-4459 1306
-4456 1304
-4453 1302
-4450 1300
-4447 1298
-4444 1296
-4441 1294
-4438 1292
-4435 1290
-4432 1288
-4429 1286
-4426 1284
-4423 1282
-4420 1280
-4417 1278
-4414 1276
-4411 1274
-4408 1272
-4405 1270
-4402 1268
-4399 1266
-4396 1264
-4393 1262
-4390 1260
-4387 1258
-4384 1256
-4381 1254
-4378 1252
-4375 1250
-4372 1248
-4369 1246
-4366 1244
-4363 1242
-4360 1240
-4357 1238
-4354 1236
-4351 1234
-4348 1232
-4345 1230
-4342 1228
-4339 1226
-4336 1224
-4333 1222
-4330 1220
-4327 1218
-4324 1216
-4321 1214
-4318 1212
-4315 1210
-4312 1208
-4309 1206
-4306 1204
-4303 1202
-4300 1200
-4297 1198
-4294 1196
-4291 1194
-4288 1192
-4285 1190
-4282 1188
-4279 1186
-4276 1184
-4273 1182
-4270 1180
-4267 1178
-4264 1176
-4261 1174
-4258 1172
-4255 1170
-4252 1168
-4249 1166
-4246 1164
-4243 1162
-4240 1160
-4237 1158
-4234 1156
-4231 1154
-4228 1152
-4225 1150
-4222 1148
-4219 1146
-4216 1144
-4213 1142
-4210 1140
-4207 1138
-4204 1136
-4201 1134
-4198 1132
-4195 1130
-4192 1128
-4189 1126
-4186 1124
-4183 1122
-4180 1120
-4177 1118
-4174 1116
-4171 1114
-4168 1112
-4165 1110
-4162 1108
-4159 1106
-4156 1104
-4153 1102
-4150 1100
-4147 1098
-4144 1096
-4141 1094
-4138 1092
-4135 1090
-4132 1088
-4129 1086
-4126 1084
-4123 1082
-4120 1080
-4117 1078
-4114 1076
-4111 1074
-4108 1072
-4105 1070
-4102 1068
-4099 1066
-4096 1064
-4093 1062
-4090 1060
-4087 1058
-4084 1056
-4081 1054
-4078 1052
-4075 1050
-4072 1048
-4069 1046
-4066 1044
-4063 1042
-4060 1040
-4057 1038
-4054 1036
-4051 1034
-4048 1032
-4045 1030
-4042 1028
-4039 1026
-4036 1024
-4033 1022
-4030 1020
-4027 1018
-4024 1016
-4021 1014
-4018 1012
-4015 1010
-4012 1008
-4009 1006
-4006 1004
-4003 1002
-4000 1000
-3997 998
-3994 996
-3991 994
-3988 992
-3985 990
-3982 988
-3979 986
-3976 984
-3973 982
-3970 980
-3967 978
-3964 976
-3961 974
-3958 972
-3955 970
-3952 968
-3949 966
-3946 964
-3943 962
-3940 960
-3937 958
-3934 956
-3931 954
-3928 952
-3925 950
-3922 948
-3919 946
-3916 944
-3913 942
-3910 940
-3907 938
-3904 936
-3901 934
-3898 932
-3895 930
-3892 928
-3889 926
-3886 924
-3883 922
-3880 920
-3877 918
-3874 916
-3871 914
-3868 912
-3865 910
-3862 908
-3859 906
-3856 904
-3853 902
-3850 900
-3847 898
-3844 896
-3841 894
-3838 892
-3835 890
-3832 888
-3829 886
-3826 884
-3823 882
-3820 880
-3817 878
-3814 876
-3811 874
-3808 872
-3805 870
-3802 868
-3799 866
-3796 864
-3793 862
-3790 860
-3787 858
-3784 856
-3781 854
-3778 852
-3775 850
-3772 848
-3769 846
-3766 844
-3763 842
-3760 840
-3757 838
-3754 836
-3751 834
-3748 832
-3745 830
-3742 828
-3739 826
-3736 824
-3733 822
-3730 820
-3727 818
-3724 816
-3721 814
-3718 812
-3715 810
-3712 808
-3709 806
-3706 804
-3703 802
-3700 800
-3697 798
-3694 796
-3691 794
-3688 792
-3685 790
-3682 788
-3679 786
-3676 784
-3673 782
-3670 780
-3667 778
-3664 776
-3661 774
-3658 772
-3655 770
-3652 768
-3649 766
-3646 764
-3643 762
-3640 760
-3637 758
-3634 756
-3631 754
-3628 752
-3625 750
-3622 748
-3619 746
-3616 744
-3613 742
-3610 740
-3607 738
-3604 736
-3601 734
-3598 732
-3595 730
-3592 728
-3589 726
-3586 724
-3583 722
-3580 720
-3577 718
-3574 716
-3571 714
-3568 712
-3565 710
-3562 708
-3559 706
-3556 704
-3553 702
-3550 700
-3547 698
-3544 696
-3541 694
-3538 692
-3535 690
-3532 688
-3529 686
-3526 684
-3523 682
-3520 680
-3517 678
-3514 676
-3511 674
-3508 672
-3505 670
-3502 668
-3499 666
-3496 664
-3493 662
-3490 660
-3487 658
-3484 656
-3481 654
-3478 652
-3475 650
-3472 648
-3469 646
-3466 644
-3463 642
-3460 640
-3457 638
-3454 636
-3451 634
-3448 632
-3445 630
-3442 628
-3439 626
-3436 624
-3433 622
-3430 620
-3427 618
-3424 616
-3421 614
-3418 612
-3415 610
-3412 608
-3409 606
-3406 604
-3403 602
-3400 600
-3397 598
-3394 596
-3391 594
-3388 592
-3385 590
-3382 588
-3379 586
-3376 584
-3373 582
-3370 580
-3367 578
-3364 576
-3361 574
-3358 572
-3355 570
-3352 568
-3349 566
-3346 564
-3343 562
-3340 560
-3337 558
-3334 556
-3331 554
-3328 552
-3325 550
-3322 548
-3319 546
-3316 544
-3313 542
-3310 540
-3307 538
-3304 536
-3301 534
-3298 532
-3295 530
-3292 528
-3289 526
-3286 524
-3283 522
-3280 520
-3277 518
-3274 516
-3271 514
-3268 512
-3265 510
-3262 508
-3259 506
-3256 504
-3253 502
-3250 500
-3247 498
-3244 496
-3241 494
-3238 492
-3235 490
-3232 488
-3229 486
-3226 484
-3223 482
-3220 480
-3217 478
-3214 476
-3211 474
-3208 472
-3205 470
-3202 468
-3199 466
-3196 464
-3193 462
-3190 460
-3187 458
-3184 456
-3181 454
-3178 452
-3175 450
-3172 448
-3169 446
-3166 444
-3163 442
-3160 440
-3157 438
-3154 436
-3151 434
-3148 432
-3145 430
-3142 428
-3139 426
-3136 424
-3133 422
-3130 420
-3127 418
-3124 416
-3121 414
-3118 412
-3115 410
-3112 408
-3109 406
-3106 404
-3103 402
-3100 400
-3097 398
-3094 396
-3091 394
-3088 392
-3085 390
-3082 388
-3079 386
-3076 384
-3073 382
-3070 380
-3067 378
-3064 376
-3061 374
-3058 372
-3055 370
-3052 368
-3049 366
-3046 364
-3043 362
-3040 360
-3037 358
-3034 356
-3031 354
-3028 352
-3025 350
-3022 348
-3019 346
-3016 344
-3013 342
-3010 340
-3007 338
-3004 336
-3001 334
-2998 332
-2995 330
-2992 328
-2989 326
-2986 324
-2983 322
-2980 320
-2977 318
-2974 316
-2971 314
-2968 312
-2965 310
-2962 308
-2959 306
-2956 304
-2953 302
-2950 300
-2947 298
-2944 296
-2941 294
-2938 292
-2935 290
-2932 288
-2929 286
-2926 284
-2923 282
-2920 280
-2917 278
-2914 276
-2911 274
-2908 272
-2905 270
-2902 268
-2899 266
-2896 264
-2893 262
-2890 260
-2887 258
-2884 256
-2881 254
-2878 252
-2875 250
-2872 248
-2869 246
-2866 244
-2863 242
-2860 240
-2857 238
-2854 236
-2851 234
-2848 232
-2845 230
-2842 228
-2839 226
-2836 224
-2833 222
-2830 220
-2827 218
-2824 216
-2821 214
-2818 212
-2815 210
-2812 208
-2809 206
-2806 204
-2803 202
-2800 200
-2797 198
-2794 196
-2791 194
-2788 192
-2785 190
-2782 188
-2779 186
-2776 184
-2773 182
-2770 180
-2767 178
-2764 176
-2761 174
-2758 172
-2755 170
-2752 168
-2749 166
-2746 164
-2743 162
-2740 160
-2737 158
-2734 156
-2731 154
-2728 152
-2725 150
-2722 148
-2719 146
-2716 144
-2713 142
-2710 140
-2707 138
-2704 136
-2701 134
-2698 132
-2695 130
-2692 128
-2689 126
-2686 124
-2683 122
-2680 120
-2677 118
-2674 116
-2671 114
-2668 112
-2665 110
-2662 108
-2659 106
-2656 104
-2653 102
-2650 100
-2647 98
-2644 96
-2641 94
-2638 92
-2635 90
-2632 88
-2629 86
-2626 84
-2623 82
-2620 80
-2617 78
-2614 76
-2611 74
-2608 72
-2605 70
-2602 68
-2599 66
-2596 64
-2593 62
-2590 60
-2587 58
-2584 56
-2581 54
-2578 52
-2575 50
-2572 48
-2569 46
-2566 44
-2563 42
-2560 40
-2557 38
-2554 36
-2551 34
-2548 32
-2545 30
-2542 28
-2539 26
-2536 24
-2533 22
-2530 20
-2527 18
-2524 16
-2521 14
-2518 12
-2515 10
-2512 8
-2509 6
-2506 4
-2503 2
-2500 0
-2497 -2
-2494 -4
-2491 -6
-2488 -8
-2485 -10
-2482 -12
-2479 -14
-2476 -16
-2473 -18
-2470 -20
-2467 -22
-2464 -24
-2461 -26
-2458 -28
-2455 -30
-2452 -32
-2449 -34
-2446 -36
-2443 -38
-2440 -40
-2437 -42
-2434 -44
-2431 -46
-2428 -48
-2425 -50
-2422 -52
-2419 -54
-2416 -56
-2413 -58
-2410 -60
-2407 -62
-2404 -64
-2401 -66
-2398 -68
-2395 -70
-2392 -72
-2389 -74
-2386 -76
-2383 -78
-2380 -80
-2377 -82
-2374 -84
-2371 -86
-2368 -88
-2365 -90
-2362 -92
-2359 -94
-2356 -96
-2353 -98
-2350 -100
-2347 -102
-2344 -104
-2341 -106
-2338 -108
-2335 -110
-2332 -112
-2329 -114
-2326 -116
-2323 -118
-2320 -120
-2317 -122
-2314 -124
-2311 -126
-2308 -128
-2305 -130
-2302 -132
-2299 -134
-2296 -136
-2293 -138
-2290 -140
-2287 -142
-2284 -144
-2281 -146
-2278 -148
-2275 -150
-2272 -152
-2269 -154
-2266 -156
-2263 -158
-2260 -160
-2257 -162
-2254 -164
-2251 -166
-2248 -168
-2245 -170
-2242 -172
-2239 -174
-2236 -176
-2233 -178
-2230 -180
-2227 -182
-2224 -184
-2221 -186
-2218 -188
-2215 -190
-2212 -192
-2209 -194
-2206 -196
-2203 -198
-2200 -200
-2197 -202
-2194 -204
-2191 -206
-2188 -208
-2185 -210
-2182 -212
-2179 -214
-2176 -216
-2173 -218
-2170 -220
-2167 -222
-2164 -224
-2161 -226
-2158 -228
-2155 -230
-2152 -232
-2149 -234
-2146 -236
-2143 -238
-2140 -240
-2137 -242
-2134 -244
-2131 -246
-2128 -248
-2125 -250
-2122 -252
-2119 -254
-2116 -256
-2113 -258
-2110 -260
-2107 -262
-2104 -264
-2101 -266
-2098 -268
-2095 -270
-2092 -272
-2089 -274
-2086 -276
-2083 -278
-2080 -280
-2077 -282
-2074 -284
-2071 -286
-2068 -288
-2065 -290
-2062 -292
-2059 -294
-2056 -296
-2053 -298
-2050 -300
-2047 -302
-2044 -304
-2041 -306
-2038 -308
-2035 -310
-2032 -312
-2029 -314
-2026 -316
-2023 -318
-2020 -320
-2017 -322
-2014 -324
-2011 -326
-2008 -328
-2005 -330
-2002 -332
-1999 -334
-1996 -336
-1993 -338
-1990 -340
-1987 -342
-1984 -344
-1981 -346
-1978 -348
-1975 -350
-1972 -352
-1969 -354
-1966 -356
-1963 -358
-1960 -360
-1957 -362
-1954 -364
-1951 -366
-1948 -368
-1945 -370
-1942 -372
-1939 -374
-1936 -376
-1933 -378
-1930 -380
-1927 -382
-1924 -384
-1921 -386
-1918 -388
-1915 -390
-1912 -392
-1909 -394
-1906 -396
-1903 -398
-1900 -400
-1897 -402
-1894 -404
-1891 -406
-1888 -408
-1885 -410
-1882 -412
-1879 -414
-1876 -416
-1873 -418
-1870 -420
-1867 -422
-1864 -424
-1861 -426
-1858 -428
-1855 -430
-1852 -432
-1849 -434
-1846 -436
-1843 -438
-1840 -440
-1837 -442
-1834 -444
-1831 -446
-1828 -448
-1825 -450
-1822 -452
-1819 -454
-1816 -456
-1813 -458
-1810 -460
-1807 -462
-1804 -464
-1801 -466
-1798 -468
-1795 -470
-1792 -472
-1789 -474
-1786 -476
-1783 -478
-1780 -480
-1777 -482
-1774 -484
-1771 -486
-1768 -488
-1765 -490
-1762 -492
-1759 -494
-1756 -496
-1753 -498
-1750 -500
-1747 -502
-1744 -504
-1741 -506
-1738 -508
-1735 -510
-1732 -512
-1729 -514
-1726 -516
-1723 -518
-1720 -520
-1717 -522
-1714 -524
-1711 -526
-1708 -528
-1705 -530
-1702 -532
-1699 -534
-1696 -536
-1693 -538
-1690 -540
-1687 -542
-1684 -544
-1681 -546
-1678 -548
-1675 -550
-1672 -552
-1669 -554
-1666 -556
-1663 -558
-1660 -560
-1657 -562
-1654 -564
-1651 -566
-1648 -568
-1645 -570
-1642 -572
-1639 -574
-1636 -576
-1633 -578
-1630 -580
-1627 -582
-1624 -584
-1621 -586
-1618 -588
-1615 -590
-1612 -592
-1609 -594
-1606 -596
-1603 -598
-1600 -600
-1597 -602
-1594 -604
-1591 -606
-1588 -608
-1585 -610
-1582 -612
-1579 -614
-1576 -616
-1573 -618
-1570 -620
-1567 -622
-1564 -624
-1561 -626
-1558 -628
-1555 -630
-1552 -632
-1549 -634
-1546 -636
-1543 -638
-1540 -640
-1537 -642
-1534 -644
-1531 -646
-1528 -648
-1525 -650
-1522 -652
-1519 -654
-1516 -656
-1513 -658
-1510 -660
-1507 -662
-1504 -664
-1501 -666
-1498 -668
-1495 -670
-1492 -672
-1489 -674
-1486 -676
-1483 -678
-1480 -680
-1477 -682
-1474 -684
-1471 -686
-1468 -688
-1465 -690
-1462 -692
-1459 -694
-1456 -696
-1453 -698
-1450 -700
-1447 -702
-1444 -704
-1441 -706
-1438 -708
-1435 -710
-1432 -712
-1429 -714
-1426 -716
-1423 -718
-1420 -720
-1417 -722
-1414 -724
-1411 -726
-1408 -728
-1405 -730
-1402 -732
-1399 -734
-1396 -736
-1393 -738
-1390 -740
-1387 -742
-1384 -744
-1381 -746
-1378 -748
-1375 -750
-1372 -752
-1369 -754
-1366 -756
-1363 -758
-1360 -760
-1357 -762
-1354 -764
-1351 -766
-1348 -768
-1345 -770
-1342 -772
-1339 -774
-1336 -776
-1333 -778
-1330 -780
-1327 -782
-1324 -784
-1321 -786
-1318 -788
-1315 -790
-1312 -792
-1309 -794
-1306 -796
-1303 -798
-1300 -800
-1297 -802
-1294 -804
-1291 -806
-1288 -808
-1285 -810
-1282 -812
-1279 -814
-1276 -816
-1273 -818
-1270 -820
-1267 -822
-1264 -824
-1261 -826
-1258 -828
-1255 -830
-1252 -832
-1249 -834
-1246 -836
-1243 -838
-1240 -840
-1237 -842
-1234 -844
-1231 -846
-1228 -848
-1225 -850
-1222 -852
-1219 -854
-1216 -856
-1213 -858
-1210 -860
-1207 -862
-1204 -864
-1201 -866
-1198 -868
-1195 -870
-1192 -872
-1189 -874
-1186 -876
-1183 -878
-1180 -880
-1177 -882
-1174 -884
-1171 -886
-1168 -888
-1165 -890
-1162 -892
-1159 -894
-1156 -896
-1153 -898
-1150 -900
-1147 -902
-1144 -904
-1141 -906
-1138 -908
-1135 -910
-1132 -912
-1129 -914
-1126 -916
-1123 -918
-1120 -920
-1117 -922
-1114 -924
-1111 -926
-1108 -928
-1105 -930
-1102 -932
-1099 -934
-1096 -936
-1093 -938
-1090 -940
-1087 -942
-1084 -944
-1081 -946
-1078 -948
-1075 -950
-1072 -952
-1069 -954
-1066 -956
-1063 -958
-1060 -960
-1057 -962
-1054 -964
-1051 -966
-1048 -968
-1045 -970
-1042 -972
-1039 -974
-1036 -976
-1033 -978
-1030 -980
-1027 -982
-1024 -984
-1021 -986
-1018 -988
-1015 -990
-1012 -992
-1009 -994
-1006 -996
-1003 -998
-1000 -1000
-997 -1002
-994 -1004
-991 -1006
-988 -1008
-985 -1010
-982 -1012
-979 -1014
-976 -1016
-973 -1018
-970 -1020
-967 -1022
-964 -1024
-961 -1026
-958 -1028
-955 -1030
-952 -1032
-949 -1034
-946 -1036
-943 -1038
-940 -1040
-937 -1042
-934 -1044
-931 -1046
-928 -1048
-925 -1050
-922 -1052
-919 -1054
-916 -1056
-913 -1058
-910 -1060
-907 -1062
-904 -1064
-901 -1066
-898 -1068
-895 -1070
-892 -1072
-889 -1074
-886 -1076
-883 -1078
-880 -1080
-877 -1082
-874 -1084
-871 -1086
-868 -1088
-865 -1090
-862 -1092
-859 -1094
-856 -1096
-853 -1098
-850 -1100
-847 -1102
-844 -1104
-841 -1106
-838 -1108
-835 -1110
-832 -1112
-829 -1114
-826 -1116
-823 -1118
-820 -1120
-817 -1122
-814 -1124
-811 -1126
-808 -1128
-805 -1130
-802 -1132
-799 -1134
-796 -1136
-793 -1138
-790 -1140
-787 -1142
-784 -1144
-781 -1146
-778 -1148
-775 -1150
-772 -1152
-769 -1154
-766 -1156
-763 -1158
-760 -1160
-757 -1162
-754 -1164
-751 -1166
-748 -1168
-745 -1170
-742 -1172
-739 -1174
-736 -1176
-733 -1178
-730 -1180
-727 -1182
-724 -1184
-721 -1186
-718 -1188
-715 -1190
-712 -1192
-709 -1194
-706 -1196
-703 -1198
-700 -1200
-697 -1202
-694 -1204
-691 -1206
-688 -1208
-685 -1210
-682 -1212
-679 -1214
-676 -1216
-673 -1218
-670 -1220
-667 -1222
-664 -1224
-661 -1226
-658 -1228
-655 -1230
-652 -1232
-649 -1234
-646 -1236
-643 -1238
-640 -1240
-637 -1242
-634 -1244
-631 -1246
-628 -1248
-625 -1250
-622 -1252
-619 -1254
-616 -1256
-613 -1258
-610 -1260
-607 -1262
-604 -1264
-601 -1266
-598 -1268
-595 -1270
-592 -1272
-589 -1274
-586 -1276
-583 -1278
-580 -1280
-577 -1282
-574 -1284
-571 -1286
-568 -1288
-565 -1290
-562 -1292
-559 -1294
-556 -1296
-553 -1298
-550 -1300
-547 -1302
-544 -1304
-541 -1306
-538 -1308
-535 -1310
-532 -1312
-529 -1314
-526 -1316
-523 -1318
-520 -1320
-517 -1322
-514 -1324
-511 -1326
-508 -1328
-505 -1330
-502 -1332
-499 -1334
-496 -1336
-493 -1338
-490 -1340
-487 -1342
-484 -1344
-481 -1346
-478 -1348
-475 -1350
-472 -1352
-469 -1354
-466 -1356
-463 -1358
-460 -1360
-457 -1362
-454 -1364
-451 -1366
-448 -1368
-445 -1370
-442 -1372
-439 -1374
-436 -1376
-433 -1378
-430 -1380
-427 -1382
-424 -1384
-421 -1386
-418 -1388
-415 -1390
-412 -1392
-409 -1394
-406 -1396
-403 -1398
-400 -1400
-397 -1402
-394 -1404
-391 -1406
-388 -1408
-385 -1410
-382 -1412
-379 -1414
-376 -1416
-373 -1418
-370 -1420
-367 -1422
-364 -1424
-361 -1426
-358 -1428
-355 -1430
-352 -1432
-349 -1434
-346 -1436
-343 -1438
-340 -1440
-337 -1442
-334 -1444
-331 -1446
-328 -1448
-325 -1450
-322 -1452
-319 -1454
-316 -1456
-313 -1458
-310 -1460
-307 -1462
-304 -1464
-301 -1466
-298 -1468
-295 -1470
-292 -1472
-289 -1474
-286 -1476
-283 -1478
-280 -1480
-277 -1482
-274 -1484
-271 -1486
-268 -1488
-265 -1490
-262 -1492
-259 -1494
-256 -1496
-253 -1498
-250 -1500
-247 -1502
-244 -1504
-241 -1506
-238 -1508
-235 -1510
-232 -1512
-229 -1514
-226 -1516
-223 -1518
-220 -1520
-217 -1522
-214 -1524
-211 -1526
-208 -1528
-205 -1530
-202 -1532
-199 -1534
-196 -1536
-193 -1538
-190 -1540
-187 -1542
-184 -1544
-181 -1546
-178 -1548
-175 -1550
-172 -1552
-169 -1554
-166 -1556
-163 -1558
-160 -1560
-157 -1562
-154 -1564
-151 -1566
-148 -1568
-145 -1570
-142 -1572
-139 -1574
-136 -1576
-133 -1578
-130 -1580
-127 -1582
-124 -1584
-121 -1586
-118 -1588
-115 -1590
-112 -1592
-109 -1594
-106 -1596
-103 -1598
-100 -1600
-97 -1602
-94 -1604
-91 -1606
-88 -1608
-85 -1610
-82 -1612
-79 -1614
-76 -1616
-73 -1618
-70 -1620
-67 -1622
-64 -1624
-61 -1626
-58 -1628
-55 -1630
-52 -1632
-49 -1634
-46 -1636
-43 -1638
-40 -1640
-37 -1642
-34 -1644
-31 -1646
-28 -1648
-25 -1650
-22 -1652
-19 -1654
-16 -1656
-13 -1658
-10 -1660
-7 -1662
-4 -1664
-1 -1666
2 -1668
5 -1670
8 -1672
11 -1674
14 -1676
17 -1678
20 -1680
23 -1682
26 -1684
29 -1686
32 -1688
35 -1690
38 -1692
41 -1694
44 -1696
47 -1698
50 -1700
53 -1702
56 -1704
59 -1706
62 -1708
65 -1710
68 -1712
71 -1714
74 -1716
77 -1718
80 -1720
83 -1722
86 -1724
89 -1726
92 -1728
95 -1730
98 -1732
101 -1734
104 -1736
107 -1738
110 -1740
113 -1742
116 -1744
119 -1746
122 -1748
125 -1750
128 -1752
131 -1754
134 -1756
137 -1758
140 -1760
143 -1762
146 -1764
149 -1766
152 -1768
155 -1770
158 -1772
161 -1774
164 -1776
167 -1778
170 -1780
173 -1782
176 -1784
179 -1786
182 -1788
185 -1790
188 -1792
191 -1794
194 -1796
197 -1798
200 -1800
203 -1802
206 -1804
209 -1806
212 -1808
215 -1810
218 -1812
221 -1814
224 -1816
227 -1818
230 -1820
233 -1822
236 -1824
239 -1826
242 -1828
245 -1830
248 -1832
251 -1834
254 -1836
257 -1838
260 -1840
263 -1842
266 -1844
269 -1846
272 -1848
275 -1850
278 -1852
281 -1854
284 -1856
287 -1858
290 -1860
293 -1862
296 -1864
299 -1866
302 -1868
305 -1870
308 -1872
311 -1874
314 -1876
317 -1878
320 -1880
323 -1882
326 -1884
329 -1886
332 -1888
335 -1890
338 -1892
341 -1894
344 -1896
347 -1898
350 -1900
353 -1902
356 -1904
359 -1906
362 -1908
365 -1910
368 -1912
371 -1914
374 -1916
377 -1918
380 -1920
383 -1922
386 -1924
389 -1926
392 -1928
395 -1930
398 -1932
401 -1934
404 -1936
407 -1938
410 -1940
413 -1942
416 -1944
419 -1946
422 -1948
425 -1950
428 -1952
431 -1954
434 -1956
437 -1958
440 -1960
443 -1962
446 -1964
449 -1966
452 -1968
455 -1970
458 -1972
461 -1974
464 -1976
467 -1978
470 -1980
473 -1982
476 -1984
479 -1986
482 -1988
485 -1990
488 -1992
491 -1994
494 -1996
497 -1998
500 -2000
503 -2002
506 -2004
509 -2006
512 -2008
515 -2010
518 -2012
521 -2014
524 -2016
527 -2018
530 -2020
533 -2022
536 -2024
539 -2026
542 -2028
545 -2030
548 -2032
551 -2034
554 -2036
557 -2038
560 -2040
563 -2042
566 -2044
569 -2046
572 -2048
575 -2050
578 -2052
581 -2054
584 -2056
587 -2058
590 -2060
593 -2062
596 -2064
599 -2066
602 -2068
605 -2070
608 -2072
611 -2074
614 -2076
617 -2078
620 -2080
623 -2082
626 -2084
629 -2086
632 -2088
635 -2090
638 -2092
641 -2094
644 -2096
647 -2098
650 -2100
653 -2102
656 -2104
659 -2106
662 -2108
665 -2110
668 -2112
671 -2114
674 -2116
677 -2118
680 -2120
683 -2122
686 -2124
689 -2126
692 -2128
695 -2130
698 -2132
701 -2134
704 -2136
707 -2138
710 -2140
713 -2142
716 -2144
719 -2146
722 -2148
725 -2150
728 -2152
731 -2154
734 -2156
737 -2158
740 -2160
743 -2162
746 -2164
749 -2166
752 -2168
755 -2170
758 -2172
761 -2174
764 -2176
767 -2178
770 -2180
773 -2182
776 -2184
779 -2186
782 -2188
785 -2190
788 -2192
791 -2194
794 -2196
797 -2198
800 -2200
803 -2202
806 -2204
809 -2206
812 -2208
815 -2210
818 -2212
821 -2214
824 -2216
827 -2218
830 -2220
833 -2222
836 -2224
839 -2226
842 -2228
845 -2230
848 -2232
851 -2234
854 -2236
857 -2238
860 -2240
863 -2242
866 -2244
869 -2246
872 -2248
875 -2250
878 -2252
881 -2254
884 -2256
887 -2258
890 -2260
893 -2262
896 -2264
899 -2266
902 -2268
905 -2270
908 -2272
911 -2274
914 -2276
917 -2278
920 -2280
923 -2282
926 -2284
929 -2286
932 -2288
935 -2290
938 -2292
941 -2294
944 -2296
947 -2298
950 -2300
953 -2302
956 -2304
959 -2306
962 -2308
965 -2310
968 -2312
971 -2314
974 -2316
977 -2318
980 -2320
983 -2322
986 -2324
989 -2326
992 -2328
995 -2330
998 -2332
1001 -2334
1004 -2336
1007 -2338
1010 -2340
1013 -2342
1016 -2344
1019 -2346
1022 -2348
1025 -2350
1028 -2352
1031 -2354
1034 -2356
1037 -2358
1040 -2360
1043 -2362
1046 -2364
1049 -2366
1052 -2368
1055 -2370
1058 -2372
1061 -2374
1064 -2376
1067 -2378
1070 -2380
1073 -2382
1076 -2384
1079 -2386
1082 -2388
1085 -2390
1088 -2392
1091 -2394
1094 -2396
1097 -2398
1100 -2400
1103 -2402
1106 -2404
1109 -2406
1112 -2408
1115 -2410
1118 -2412
1121 -2414
1124 -2416
1127 -2418
1130 -2420
1133 -2422
1136 -2424
1139 -2426
1142 -2428
1145 -2430
1148 -2432
1151 -2434
1154 -2436
1157 -2438
1160 -2440
1163 -2442
1166 -2444
1169 -2446
1172 -2448
1175 -2450
1178 -2452
1181 -2454
1184 -2456
1187 -2458
1190 -2460
1193 -2462
1196 -2464
1199 -2466
1202 -2468
1205 -2470
1208 -2472
1211 -2474
1214 -2476
1217 -2478
1220 -2480
1223 -2482
1226 -2484
1229 -2486
1232 -2488
1235 -2490
1238 -2492
1241 -2494
1244 -2496
1247 -2498
1250 -2500
1253 -2502
1256 -2504
1259 -2506
1262 -2508
1265 -2510
1268 -2512
1271 -2514
1274 -2516
1277 -2518
1280 -2520
1283 -2522
1286 -2524
1289 -2526
1292 -2528
1295 -2530
1298 -2532
1301 -2534
1304 -2536
1307 -2538
1310 -2540
1313 -2542
1316 -2544
1319 -2546
1322 -2548
1325 -2550
1328 -2552
1331 -2554
1334 -2556
1337 -2558
1340 -2560
1343 -2562
1346 -2564
1349 -2566
1352 -2568
1355 -2570
1358 -2572
1361 -2574
1364 -2576
1367 -2578
1370 -2580
1373 -2582
1376 -2584
1379 -2586
1382 -2588
1385 -2590
1388 -2592
1391 -2594
1394 -2596
1397 -2598
1400 -2600
1403 -2602
1406 -2604
1409 -2606
1412 -2608
1415 -2610
1418 -2612
1421 -2614
1424 -2616
1427 -2618
1430 -2620
1433 -2622
1436 -2624
1439 -2626
1442 -2628
1445 -2630
1448 -2632
1451 -2634
1454 -2636
1457 -2638
1460 -2640
1463 -2642
1466 -2644
1469 -2646
1472 -2648
1475 -2650
1478 -2652
1481 -2654
1484 -2656
1487 -2658
1490 -2660
1493 -2662
1496 -2664
1499 -2666
1502 -2668
1505 -2670
1508 -2672
1511 -2674
1514 -2676
1517 -2678
1520 -2680
1523 -2682
1526 -2684
1529 -2686
1532 -2688
1535 -2690
1538 -2692
1541 -2694
1544 -2696
1547 -2698
1550 -2700
1553 -2702
1556 -2704
1559 -2706
1562 -2708
1565 -2710
1568 -2712
1571 -2714
1574 -2716
1577 -2718
1580 -2720
1583 -2722
1586 -2724
1589 -2726
1592 -2728
1595 -2730
1598 -2732
1601 -2734
1604 -2736
1607 -2738
1610 -2740
1613 -2742
1616 -2744
1619 -2746
1622 -2748
1625 -2750
1628 -2752
1631 -2754
1634 -2756
1637 -2758
1640 -2760
1643 -2762
1646 -2764
1649 -2766
1652 -2768
1655 -2770
1658 -2772
1661 -2774
1664 -2776
1667 -2778
1670 -2780
1673 -2782
1676 -2784
1679 -2786
1682 -2788
1685 -2790
1688 -2792
1691 -2794
1694 -2796
1697 -2798
1700 -2800
1703 -2802
1706 -2804
1709 -2806
1712 -2808
1715 -2810
1718 -2812
1721 -2814
1724 -2816
1727 -2818
1730 -2820
1733 -2822
1736 -2824
1739 -2826
1742 -2828
1745 -2830
1748 -2832
1751 -2834
1754 -2836
1757 -2838
1760 -2840
1763 -2842
1766 -2844
1769 -2846
1772 -2848
1775 -2850
1778 -2852
1781 -2854
1784 -2856
1787 -2858
1790 -2860
1793 -2862
1796 -2864
1799 -2866
1802 -2868
1805 -2870
1808 -2872
1811 -2874
1814 -2876
1817 -2878
1820 -2880
1823 -2882
1826 -2884
1829 -2886
1832 -2888
1835 -2890
1838 -2892
1841 -2894
1844 -2896
1847 -2898
1850 -2900
1853 -2902
1856 -2904
1859 -2906
1862 -2908
1865 -2910
1868 -2912
1871 -2914
1874 -2916
1877 -2918
1880 -2920
1883 -2922
1886 -2924
1889 -2926
1892 -2928
1895 -2930
1898 -2932
1901 -2934
1904 -2936
1907 -2938
1910 -2940
1913 -2942
1916 -2944
1919 -2946
1922 -2948
1925 -2950
1928 -2952
1931 -2954
1934 -2956
1937 -2958
1940 -2960
1943 -2962
1946 -2964
1949 -2966
1952 -2968
1955 -2970
1958 -2972
1961 -2974
1964 -2976
1967 -2978
1970 -2980
1973 -2982
1976 -2984
1979 -2986
1982 -2988
1985 -2990
1988 -2992
1991 -2994
1994 -2996
1997 -2998
2000 -3000
2003 -3002
2006 -3004
2009 -3006
2012 -3008
2015 -3010
2018 -3012
2021 -3014
2024 -3016
2027 -3018
2030 -3020
2033 -3022
2036 -3024
2039 -3026
2042 -3028
2045 -3030
2048 -3032
2051 -3034
2054 -3036
2057 -3038
2060 -3040
2063 -3042
2066 -3044
2069 -3046
2072 -3048
2075 -3050
2078 -3052
2081 -3054
2084 -3056
2087 -3058
2090 -3060
2093 -3062
2096 -3064
2099 -3066
2102 -3068
2105 -3070
2108 -3072
2111 -3074
2114 -3076
2117 -3078
2120 -3080
2123 -3082
2126 -3084
2129 -3086
2132 -3088
2135 -3090
2138 -3092
2141 -3094
2144 -3096
2147 -3098
2150 -3100
2153 -3102
2156 -3104
2159 -3106
2162 -3108
2165 -3110
2168 -3112
2171 -3114
2174 -3116
2177 -3118
2180 -3120
2183 -3122
2186 -3124
2189 -3126
2192 -3128
2195 -3130
2198 -3132
2201 -3134
2204 -3136
2207 -3138
2210 -3140
2213 -3142
2216 -3144
2219 -3146
2222 -3148
2225 -3150
2228 -3152
2231 -3154
2234 -3156
2237 -3158
2240 -3160
2243 -3162
2246 -3164
2249 -3166
2252 -3168
2255 -3170
2258 -3172
2261 -3174
2264 -3176
2267 -3178
2270 -3180
2273 -3182
2276 -3184
2279 -3186
2282 -3188
2285 -3190
2288 -3192
2291 -3194
2294 -3196
2297 -3198
2300 -3200
2303 -3202
2306 -3204
2309 -3206
2312 -3208
2315 -3210
2318 -3212
2321 -3214
2324 -3216
2327 -3218
2330 -3220
2333 -3222
2336 -3224
2339 -3226
2342 -3228
2345 -3230
2348 -3232
2351 -3234
2354 -3236
2357 -3238
2360 -3240
2363 -3242
2366 -3244
2369 -3246
2372 -3248
2375 -3250
2378 -3252
2381 -3254
2384 -3256
2387 -3258
2390 -3260
2393 -3262
2396 -3264
2399 -3266
2402 -3268
2405 -3270
2408 -3272
2411 -3274
2414 -3276
2417 -3278
2420 -3280
2423 -3282
2426 -3284
2429 -3286
2432 -3288
2435 -3290
2438 -3292
2441 -3294
2444 -3296
2447 -3298
2450 -3300
2453 -3302
2456 -3304
2459 -3306
2462 -3308
2465 -3310
2468 -3312
2471 -3314
2474 -3316
2477 -3318
2480 -3320
2483 -3322
2486 -3324
2489 -3326
2492 -3328
2495 -3330
2498 -3332
2501 -3334
2504 -3336
2507 -3338
2510 -3340
2513 -3342
2516 -3344
2519 -3346
2522 -3348
2525 -3350
2528 -3352
2531 -3354
2534 -3356
2537 -3358
2540 -3360
2543 -3362
2546 -3364
2549 -3366
2552 -3368
2555 -3370
2558 -3372
2561 -3374
2564 -3376
2567 -3378
2570 -3380
2573 -3382
2576 -3384
2579 -3386
2582 -3388
2585 -3390
2588 -3392
2591 -3394
2594 -3396
2597 -3398
2600 -3400
2603 -3402
2606 -3404
2609 -3406
2612 -3408
2615 -3410
2618 -3412
2621 -3414
2624 -3416
2627 -3418
2630 -3420
2633 -3422
2636 -3424
2639 -3426
2642 -3428
2645 -3430
2648 -3432
2651 -3434
2654 -3436
2657 -3438
2660 -3440
2663 -3442
2666 -3444
2669 -3446
2672 -3448
2675 -3450
2678 -3452
2681 -3454
2684 -3456
2687 -3458
2690 -3460
2693 -3462
2696 -3464
2699 -3466
2702 -3468
2705 -3470
2708 -3472
2711 -3474
2714 -3476
2717 -3478
2720 -3480
2723 -3482
2726 -3484
2729 -3486
2732 -3488
2735 -3490
2738 -3492
2741 -3494
2744 -3496
2747 -3498
2750 -3500
2753 -3502
2756 -3504
2759 -3506
2762 -3508
2765 -3510
2768 -3512
2771 -3514
2774 -3516
2777 -3518
2780 -3520
2783 -3522
2786 -3524
2789 -3526
2792 -3528
2795 -3530
2798 -3532
2801 -3534
2804 -3536
2807 -3538
2810 -3540
2813 -3542
2816 -3544
2819 -3546
2822 -3548
2825 -3550
2828 -3552
2831 -3554
2834 -3556
2837 -3558
2840 -3560
2843 -3562
2846 -3564
2849 -3566
2852 -3568
2855 -3570
2858 -3572
2861 -3574
2864 -3576
2867 -3578
2870 -3580
2873 -3582
2876 -3584
2879 -3586
2882 -3588
2885 -3590
2888 -3592
2891 -3594
2894 -3596
2897 -3598
2900 -3600
2903 -3602
2906 -3604
2909 -3606
2912 -3608
2915 -3610
2918 -3612
2921 -3614
2924 -3616
2927 -3618
2930 -3620
2933 -3622
2936 -3624
2939 -3626
2942 -3628
2945 -3630
2948 -3632
2951 -3634
2954 -3636
2957 -3638
2960 -3640
2963 -3642
2966 -3644
2969 -3646
2972 -3648
2975 -3650
2978 -3652
2981 -3654
2984 -3656
2987 -3658
2990 -3660
2993 -3662
2996 -3664
2999 -3666
3002 -3668
3005 -3670
3008 -3672
3011 -3674
3014 -3676
3017 -3678
3020 -3680
3023 -3682
3026 -3684
3029 -3686
3032 -3688
3035 -3690
3038 -3692
3041 -3694
3044 -3696
3047 -3698
3050 -3700
3053 -3702
3056 -3704
3059 -3706
3062 -3708
3065 -3710
3068 -3712
3071 -3714
3074 -3716
3077 -3718
3080 -3720
3083 -3722
3086 -3724
3089 -3726
3092 -3728
3095 -3730
3098 -3732
3101 -3734
3104 -3736
3107 -3738
3110 -3740
3113 -3742
3116 -3744
3119 -3746
3122 -3748
3125 -3750
3128 -3752
3131 -3754
3134 -3756
3137 -3758
3140 -3760
3143 -3762
3146 -3764
3149 -3766
3152 -3768
3155 -3770
3158 -3772
3161 -3774
3164 -3776
3167 -3778
3170 -3780
3173 -3782
3176 -3784
3179 -3786
3182 -3788
3185 -3790
3188 -3792
3191 -3794
3194 -3796
3197 -3798
3200 -3800
3203 -3802
3206 -3804
3209 -3806
3212 -3808
3215 -3810
3218 -3812
3221 -3814
3224 -3816
3227 -3818
3230 -3820
3233 -3822
3236 -3824
3239 -3826
3242 -3828
3245 -3830
3248 -3832
3251 -3834
3254 -3836
3257 -3838
3260 -3840
3263 -3842
3266 -3844
3269 -3846
3272 -3848
3275 -3850
3278 -3852
3281 -3854
3284 -3856
3287 -3858
3290 -3860
3293 -3862
3296 -3864
3299 -3866
3302 -3868
3305 -3870
3308 -3872
3311 -3874
3314 -3876
3317 -3878
3320 -3880
3323 -3882
3326 -3884
3329 -3886
3332 -3888
3335 -3890
3338 -3892
3341 -3894
3344 -3896
3347 -3898
3350 -3900
3353 -3902
3356 -3904
3359 -3906
3362 -3908
3365 -3910
3368 -3912
3371 -3914
3374 -3916
3377 -3918
3380 -3920
3383 -3922
3386 -3924
3389 -3926
3392 -3928
3395 -3930
3398 -3932
3401 -3934
3404 -3936
3407 -3938
3410 -3940
3413 -3942
3416 -3944
3419 -3946
3422 -3948
3425 -3950
3428 -3952
3431 -3954
3434 -3956
3437 -3958
3440 -3960
3443 -3962
3446 -3964
3449 -3966
3452 -3968
3455 -3970
3458 -3972
3461 -3974
3464 -3976
3467 -3978
3470 -3980
3473 -3982
3476 -3984
3479 -3986
3482 -3988
3485 -3990
3488 -3992
3491 -3994
3494 -3996
3497 -3998
3500 -4000
3503 -4002
3506 -4004
3509 -4006
3512 -4008
3515 -4010
3518 -4012
3521 -4014
3524 -4016
3527 -4018
3530 -4020
3533 -4022
3536 -4024
3539 -4026
3542 -4028
3545 -4030
3548 -4032
3551 -4034
3554 -4036
3557 -4038
3560 -4040
3563 -4042
3566 -4044
3569 -4046
3572 -4048
3575 -4050
3578 -4052
3581 -4054
3584 -4056
3587 -4058
3590 -4060
3593 -4062
3596 -4064
3599 -4066
3602 -4068
3605 -4070
3608 -4072
3611 -4074
3614 -4076
3617 -4078
3620 -4080
3623 -4082
3626 -4084
3629 -4086
3632 -4088
3635 -4090
3638 -4092
3641 -4094
3644 -4096
3647 -4098
3650 -4100
3653 -4102
3656 -4104
3659 -4106
3662 -4108
3665 -4110
3668 -4112
3671 -4114
3674 -4116
3677 -4118
3680 -4120
3683 -4122
3686 -4124
3689 -4126
3692 -4128
3695 -4130
3698 -4132
3701 -4134
3704 -4136
3707 -4138
3710 -4140
3713 -4142
3716 -4144
3719 -4146
3722 -4148
3725 -4150
3728 -4152
3731 -4154
3734 -4156
3737 -4158
3740 -4160
3743 -4162
3746 -4164
3749 -4166
3752 -4168
3755 -4170
3758 -4172
3761 -4174
3764 -4176
3767 -4178
3770 -4180
3773 -4182
3776 -4184
3779 -4186
3782 -4188
3785 -4190
3788 -4192
3791 -4194
3794 -4196
3797 -4198
3800 -4200
3803 -4202
3806 -4204
3809 -4206
3812 -4208
3815 -4210
3818 -4212
3821 -4214
3824 -4216
3827 -4218
3830 -4220
3833 -4222
3836 -4224
3839 -4226
3842 -4228
3845 -4230
3848 -4232
3851 -4234
3854 -4236
3857 -4238
3860 -4240
3863 -4242
3866 -4244
3869 -4246
3872 -4248
3875 -4250
3878 -4252
3881 -4254
3884 -4256
3887 -4258
3890 -4260
3893 -4262
3896 -4264
3899 -4266
3902 -4268
3905 -4270
3908 -4272
3911 -4274
3914 -4276
3917 -4278
3920 -4280
3923 -4282
3926 -4284
3929 -4286
3932 -4288
3935 -4290
3938 -4292
3941 -4294
3944 -4296
3947 -4298
3950 -4300
3953 -4302
3956 -4304
3959 -4306
3962 -4308
3965 -4310
3968 -4312
3971 -4314
3974 -4316
3977 -4318
3980 -4320
3983 -4322
3986 -4324
3989 -4326
3992 -4328
3995 -4330
3998 -4332
4001 -4334
4004 -4336
4007 -4338
4010 -4340
4013 -4342
4016 -4344
4019 -4346
4022 -4348
4025 -4350
4028 -4352
4031 -4354
4034 -4356
4037 -4358
4040 -4360
4043 -4362
4046 -4364
4049 -4366
4052 -4368
4055 -4370
4058 -4372
4061 -4374
4064 -4376
4067 -4378
4070 -4380
4073 -4382
4076 -4384
4079 -4386
4082 -4388
4085 -4390
4088 -4392
4091 -4394
4094 -4396
4097 -4398
4100 -4400
4103 -4402
4106 -4404
4109 -4406
4112 -4408
4115 -4410
4118 -4412
4121 -4414
4124 -4416
4127 -4418
4130 -4420
4133 -4422
4136 -4424
4139 -4426
4142 -4428
4145 -4430
4148 -4432
4151 -4434
4154 -4436
4157 -4438
4160 -4440
4163 -4442
4166 -4444
4169 -4446
4172 -4448
4175 -4450
4178 -4452
4181 -4454
4184 -4456
4187 -4458
4190 -4460
4193 -4462
4196 -4464
4199 -4466
4202 -4468
4205 -4470
4208 -4472
4211 -4474
4214 -4476
4217 -4478
4220 -4480
4223 -4482
4226 -4484
4229 -4486
4232 -4488
4235 -4490
4238 -4492
4241 -4494
4244 -4496
4247 -4498
4250 -4500
4253 -4502
4256 -4504
4259 -4506
4262 -4508
4265 -4510
4268 -4512
4271 -4514
4274 -4516
4277 -4518
4280 -4520
4283 -4522
4286 -4524
4289 -4526
4292 -4528
4295 -4530
4298 -4532
4301 -4534
4304 -4536
4307 -4538
4310 -4540
4313 -4542
4316 -4544
4319 -4546
4322 -4548
4325 -4550
4328 -4552
4331 -4554
4334 -4556
4337 -4558
4340 -4560
4343 -4562
4346 -4564
4349 -4566
4352 -4568
4355 -4570
4358 -4572
4361 -4574
4364 -4576
4367 -4578
4370 -4580
4373 -4582
4376 -4584
4379 -4586
4382 -4588
4385 -4590
4388 -4592
4391 -4594
4394 -4596
4397 -4598
4400 -4600
4403 -4602
4406 -4604
4409 -4606
4412 -4608
4415 -4610
4418 -4612
4421 -4614
4424 -4616
4427 -4618
4430 -4620
4433 -4622
4436 -4624
4439 -4626
4442 -4628
4445 -4630
4448 -4632
4451 -4634
4454 -4636
4457 -4638
4460 -4640
4463 -4642
4466 -4644
4469 -4646
4472 -4648
4475 -4650
4478 -4652
4481 -4654
4484 -4656
4487 -4658
4490 -4660
4493 -4662
4496 -4664
4499 -4666
4502 -4668
4505 -4670
4508 -4672
4511 -4674
4514 -4676
4517 -4678
4520 -4680
4523 -4682
4526 -4684
4529 -4686
4532 -4688
4535 -4690
4538 -4692
4541 -4694
4544 -4696
4547 -4698
4550 -4700
4553 -4702
4556 -4704
4559 -4706
4562 -4708
4565 -4710
4568 -4712
4571 -4714
4574 -4716
4577 -4718
4580 -4720
4583 -4722
4586 -4724
4589 -4726
4592 -4728
4595 -4730
4598 -4732
4601 -4734
4604 -4736
4607 -4738
4610 -4740
4613 -4742
4616 -4744
4619 -4746
4622 -4748
4625 -4750
4628 -4752
4631 -4754
4634 -4756
4637 -4758
4640 -4760
4643 -4762
4646 -4764
4649 -4766
4652 -4768
4655 -4770
4658 -4772
4661 -4774
4664 -4776
4667 -4778
4670 -4780
4673 -4782
4676 -4784
4679 -4786
4682 -4788
4685 -4790
4688 -4792
4691 -4794
4694 -4796
4697 -4798
4700 -4800
4703 -4802
4706 -4804
4709 -4806
4712 -4808
4715 -4810
4718 -4812
4721 -4814
4724 -4816
4727 -4818
4730 -4820
4733 -4822
4736 -4824
4739 -4826
4742 -4828
4745 -4830
4748 -4832
4751 -4834
4754 -4836
4757 -4838
4760 -4840
4763 -4842
4766 -4844
4769 -4846
4772 -4848
4775 -4850
4778 -4852
4781 -4854
4784 -4856
4787 -4858
4790 -4860
4793 -4862
4796 -4864
4799 -4866
4802 -4868
4805 -4870
4808 -4872
4811 -4874
4814 -4876
4817 -4878
4820 -4880
4823 -4882
4826 -4884
4829 -4886
4832 -4888
4835 -4890
4838 -4892
4841 -4894
4844 -4896
4847 -4898
4850 -4900
4853 -4902
4856 -4904
4859 -4906
4862 -4908
4865 -4910
4868 -4912
4871 -4914
4874 -4916
4877 -4918
4880 -4920
4883 -4922
4886 -4924
4889 -4926
4892 -4928
4895 -4930
4898 -4932
4901 -4934
4904 -4936
4907 -4938
4910 -4940
4913 -4942
4916 -4944
4919 -4946
4922 -4948
4925 -4950
4928 -4952
4931 -4954
4934 -4956
4937 -4958
4940 -4960
4943 -4962
4946 -4964
4949 -4966
4952 -4968
4955 -4970
4958 -4972
4961 -4974
4964 -4976
4967 -4978
4970 -4980
4973 -4982
4976 -4984
4979 -4986
4982 -4988
4985 -4990
4988 -4992
4991 -4994
4994 -4996
4997 -4998
5000 -5000
