1923
560
596
9796
1973
2988
7221
5635
6998
7070
8225
206
5012
6631
7786
3718
8715
2425
7580
8064
4365
5480
7245
6806
3836
3757
6531
8993
5171
7919
5867
1828
4202
4384
4970
9811
2630
2822
3066
5238
1389
2411
8236
8445
3223
1460
1495
9298
4559
7705
3341
6095
1866
4212
3644
7618
4486
757
5584
7279
6799
8723
7528
8185
336
5136
1349
5319
8478
8493
1399
7904
656
4102
4269
1040
9769
2635
3465
4788
1457
2254
6616
4183
9805
260
413
9504
1446
4732
5594
6911
9688
353
5545
9129
9419
8677
1978
1996
5448
7360
3314
7053
9957
769
9276
5476
9047
9422
9721
3403
8795
2404
5531
3768
4145
8815
253
6958
1368
3529
9651
9321
7403
167
3086
6348
9555
7754
707
6860
3615
2978
4915
200
6103
493
361
1144
9657
5437
6133
8258
8101
6359
486
8361
2973
2212
6741
7176
9340
2373
2514
4218
6313
1240
2036
5304
7389
3120
7832
9064
4565
9384
639
5496
6112
8868
6416
3271
4089
6164
1870
1979
3949
4908
9979
140
2273
3926
5061
2660
1561
9594
1676
7271
8664
9426
3108
9172
2110
3522
719
1600
9428
5075
8119
234
7045
4085
378
6672
9606
4595
7662
2093
4921
6030
723
6057
8483
9608
2129
2384
7533
8683
8028
2914
5802
6552
3084
3297
7294
1757
6951
3679
5207
5831
8429
6882
9815
4826
2980
3040
5221
8860
9610
1736
5710
9102
2625
5505
2705
4464
1493
6936
9112
2718
4358
5599
3535
3670
7051
744
1691
8987
3358
7945
1765
3526
9680
8180
1910
7217
6814
6549
3087
1400
6008
8388
3486
8290
1415
7099
2543
8797
7848
5214
5522
4666
9923
9054
7952
8278
182
2923
7399
9031
3406
3960
4151
5555
3119
7317
8575
4833
5766
4802
3134
2778
4197
8338
2876
1449
6228
1608
7937
9833
1425
3472
7281
7394
3855
5223
4849
1689
2622
4108
5564
1816
3279
5974
4528
6216
7748
1301
9105
8791
307
6246
8979
6179
2741
523
8179
5517
1986
3220
6385
4226
6065
9454
1097
1250
4264
8562
3497
7990
658
3122
3232
3366
9240
2223
4397
5245
3544
4050
1432
8847
1011
7646
315
5665
251
9906
7225
711
2631
7917
4769
8913
473
9157
7347
5286
9820
2812
3053
1648
5812
1714
9598
7981
5816
7589
8067
3155
6853
1577
903
9865
7301
7386
3554
4864
9006
4389
8648
6368
6663
2493
3436
7746
8262
9803
921
1378
3900
7842
8655
6607
7178
4841
9639
9862
3351
2861
3209
8328
9740
6996
7672
7166
9146
3663
3105
4541
2517
2840
9659
8816
4978
8323
5714
3095
8391
3049
9618
6280
9836
1799
3458
3592
614
5910
3558
7180
3533
2108
5887
2866
8339
3509
8177
730
668
7530
9055
2668
7652
6204
4764
7537
9587
4545
2949
4929
3593
5325
6665
9741
2009
3261
8888
1049
9516
6717
1728
3549
9870
1618
4502
1534
6070
5322
9368
418
9061
4520
1137
1823
4638
3906
5236
9999
4649
6396
6116
204
1288
5283
2341
3145
9164
4611
7133
2082
2248
7794
4982
4953
6584
2691
3234
3048
9563
303
1139
365
1133
8773
4062
4525
3744
3199
5419
2429
2467
9946
6290
3738
1290
3531
536
854
8672
6146
1740
5566
5135
2448
9197
1632
3417
6642
3541
6221
827
6849
8331
9875
2753
9829
8863
460
3493
1315
5241
6817
7482
879
1812
3393
8502
2445
4134
1439
5199
8515
4777
6574
5468
6872
8110
3296
2501
8298
9655
767
3182
8136
8593
8849
1723
1475
4078
3361
3226
5858
8583
9016
853
6926
9693
4119
7719
5977
2103
7435
2485
6570
7826
7510
1717
7954
3778
3861
8686
6405
1198
5122
4110
2064
3370
3794
7270
2553
2565
1903
8676
2096
8627
807
3337
8931
832
982
1023
2462
2165
8801
5046
8223
7175
5465
8781
4147
1673
4189
3228
3876
5256
5027
9822
5316
1606
4643
625
681
2259
7925
802
1265
407
4361
4433
1414
1655
6341
585
8280
8505
2776
7289
2573
6082
3276
7242
6542
8874
3117
7293
8151
1428
4116
7854
9551
3308
777
720
4349
9319
3929
40
1771
1482
3984
2126
1677
2929
5805
4514
4126
7082
8426
6231
2884
7630
8554
770
1564
6977
3801
1642
3159
5548
9646
6673
7172
1842
4927
9094
5015
9948
1850
6834
9381
4646
3692
3786
6418
6581
7671
8660
7680
6547
1403
2076
3980
7708
6900
8026
6779
347
8784
1225
5834
7210
1477
4325
8670
3896
5506
9671
7692
3999
2208
2563
2376
9027
6994
4307
7005
1556
6134
9528
2402
7377
1796
1002
7258
505
8990
7488
9744
2390
6496
579
4080
9762
9409
9549
3722
6438
7479
2366
7656
8009
9611
1116
6274
8557
63
667
3682
7519
1071
5011
2215
1192
8552
5417
9050
8296
435
5900
8742
4853
9490
9123
3576
4562
7421
3709
7430
8398
9578
301
5783
9299
8603
8949
3092
4536
2219
8113
9911
5791
6975
7039
9471
426
6933
8943
9852
3705
2414
1947
3345
9323
2123
9590
5133
638
2087
5869
6181
4043
8189
647
1260
9404
8121
7043
3259
79
3891
2106
7391
2924
9225
6970
3197
3249
4259
2878
3494
5589
6837
83
6361
8712
2252
7185
7657
8831
573
2120
2181
1391
8952
5077
5779
6832
8749
9967
5723
5613
1686
1603
1394
7942
6441
959
2734
2470
7273
5914
3538
4933
4510
7903
5055
2918
9246
2639
1720
3286
9275
4055
5592
5247
6195
1675
1657
1700
5114
4879
7404
2282
1609
8696
8458
996
925
2731
9780
2437
1876
1958
5386
9166
8127
8299
1319
2699
6948
6819
21
9649
1745
5923
212
3898
2510
890
1817
6909
1213
2534
1857
4458
7743
5986
55
1084
4873
9697
7248
789
9042
4951
9228
229
7206
8167
2134
7654
7136
3282
3672
748
272
3799
1455
9037
4759
810
4619
662
3976
9813
1331
2195
6109
8013
3821
6320
8656
588
6158
1325
96
2454
9971
7808
8015
415
2185
1888
9099
6193
4800
6708
3685
6635
7779
2032
2192
9773
5411
4399
1140
2480
1161
7619
7850
9439
1766
4677
7077
8586
3292
3377
4154
7770
7169
3573
4547
4294
4333
4011
7199
5446
5605
185
3256
1774
7725
8206
1299
9233
4225
8115
8114
674
3008
4356
9561
4533
8247
8668
5472
9354
156
6712
7001
8453
1886
4315
139
4504
7237
5944
6914
4861
1941
5971
2116
5646
5234
9160
9155
8936
6521
9291
804
4973
8719
8337
9531
1895
2920
9136
7896
9499
5260
856
3394
7291
363
3995
927
7345
2145
6808
9180
4692
6702
9493
4152
4198
7714
1646
8509
8899
338
3247
4893
5532
5184
6599
6425
1840
3191
4531
5058
9636
2182
4495
190
7468
4468
1945
4896
1976
5408
8658
8649
3030
4568
5298
6519
1521
1784
373
3618
7308
3329
3301
943
2369
6602
4517
6462
6954
3106
7660
4093
8059
9260
782
6399
6253
4914
9665
3697
9802
3707
7106
123
9181
7650
9920
6624
240
1584
7548
3200
1351
1200
1831
3599
6338
4727
2544
4177
314
2863
3894
8651
3695
1571
3207
3208
1679
4396
8568
9917
8363
3340
5730
6598
2540
4228
4227
3562
7202
7028
280
4173
8411
2826
8077
9258
3964
9614
2074
2932
8663
8825
8588
3077
5939
7829
1364
9751
3468
1464
1742
3179
2090
1861
7416
4477
5845
4984
3423
7606
4830
5431
6802
6615
9734
2174
4191
7334
4923
6236
1208
6100
9856
2508
8407
8447
8450
7350
902
3815
4377
5452
4255
8535
9184
7586
2279
4179
3613
9310
6776
1471
8793
89
4028
5675
2673
5663
5696
9759
1790
5775
1294
6081
9173
1033
4882
4336
6380
4051
4746
8436
188
189
2381
8737
3732
9485
1645
9329
5576
7
164
4633
9706
8495
3489
9482
491
6844
7123
7820
9265
9437
1382
3699
9189
8335
2022
6177
1551
8693
341
6801
9867
475
5823
4940
2852
7020
5080
9467
1908
6003
2582
4318
7475
735
2051
8122
8462
5706
7318
4291
4992
2013
7392
5483
423
1995
6278
8667
700
1505
7024
2560
2841
5660
9824
2537
9809
3974
8095
6021
1419
7192
1275
8861
509
8276
101
6118
9242
962
7194
8858
645
1778
1426
2070
2965
7752
9145
5355
9402
2066
2869
2478
6443
1957
3933
5657
1188
5689
2796
8438
5182
7900
231
1596
9975
1463
3061
4209
6504
1806
5598
2098
9480
7802
3037
5428
7120
2204
1058
2473
6761
7117
6989
1707
7880
9089
7311
7793
6350
6349
9388
9958
7165
4455
239
4141
6687
7197
3135
6924
2554
3131
4843
5748
2288
7987
3885
4170
1879
3809
6590
7406
8219
905
8353
5582
7940
5025
8061
4211
8342
5092
5745
7424
8769
5371
7453
3004
3673
4235
6495
248
8964
4647
7150
9035
1582
2380
5206
3481
6240
7915
9765
1095
1216
7817
7323
8549
4382
5288
2361
1558
7127
6960
7252
5314
2238
3466
6545
9580
3299
5227
283
593
2173
4072
8944
1916
568
1763
6011
4667
6658
7087
1788
1848
8969
1699
4364
1407
331
8368
7965
3790
6767
2945
7552
4082
4038
7338
1367
7837
5118
2519
7086
150
932
3034
9513
543
9018
1237
2779
6995
4326
266
841
6576
6793
5540
2909
5188
9512
7731
9880
7369
5785
7182
1434
5896
5112
6363
6033
1949
8759
703
4735
8705
5652
9564
6371
8105
4435
6561
145
6457
9683
8526
8857
5348
1304
4616
7856
8724
7574
1540
7664
6748
5620
3033
5149
6014
1312
2234
6719
503
7152
1624
5799
9557
126
1950
4581
8621
5203
9708
3776
1054
9775
8689
2584
5890
8099
7934
513
945
8370
9349
1712
4560
5310
216
1178
5328
6785
335
7814
6455
1453
2678
2955
3761
9290
9716
4167
8273
2071
6670
6671
269
1112
4243
2661
2950
9543
950
4272
9178
7140
6408
1376
9288
310
3624
3793
201
8489
9617
8419
846
9436
7688
117
1074
3359
203
3142
5888
3860
9497
3434
4328
5969
9320
4130
34
1310
4755
1293
521
522
5423
9674
5718
8001
5269
5753
9936
873
3174
6735
786
9849
3083
8107
8210
4111
1014
7593
6724
6200
8024
8071
9204
9749
1962
566
1007
8488
7582
5487
3962
5829
5830
6690
7874
5438
9029
3072
7584
296
3727
2026
1244
858
793
3574
6556
496
8313
5353
8314
9411
9510
2798
6325
7963
7158
5095
7232
2121
5563
4671
7069
1971
6774
7147
7703
9570
3454
9787
4022
4512
5866
3320
8927
3018
5200
8214
392
4402
7736
4717
9374
2959
3902
9151
4488
5809
987
3269
8147
9536
5004
1028
6366
6090
5169
9133
1374
1083
3834
7209
1066
3627
6024
994
24
9981
9885
5551
3326
2274
2291
9828
8243
7480
8582
172
7507
1303
1380
4426
7885
9211
3895
5640
7492
1334
2236
797
5825
6125
7497
134
1126
5946
6753
970
6212
773
6466
7887
2751
4625
1901
1781
6677
4140
8043
8531
5038
9877
5691
8049
6983
7486
3514
672
9685
1469
1470
991
1170
7651
3451
3684
2245
9547
4068
9757
4877
6902
6331
344
5425
3267
4825
2936
4066
9896
8249
9433
5703
621
6428
3990
4813
8806
9203
4818
7483
1004
6931
9070
5278
8918
623
2892
6224
3013
4392
5695
2298
5263
4283
4544
5685
2804
8499
7073
8056
2819
3112
3748
1515
6899
9713
119
4077
4748
5524
4866
286
4578
9121
5962
5671
3211
840
4300
6972
8433
9010
763
713
9332
1302
5173
2757
514
2211
6155
7704
8590
953
6934
2854
2611
2226
1549
1801
6510
8441
910
3567
1634
2725
507
5294
3427
6481
5553
1690
1915
7799
2131
5561
8928
6632
5922
3230
4772
3332
6874
7526
3675
6052
8753
5509
3645
9496
3506
9309
8187
2928
3415
3416
4653
4538
6263
47
4271
1363
8317
9337
9474
534
8895
9421
9806
1672
9640
4057
1341
4369
9633
3583
8230
9440
4594
7974
1297
7682
3865
7558
8227
501
1458
3128
2353
895
1653
7441
9271
6306
4046
599
8231
7690
606
875
6637
3067
8892
9270
2975
8957
6318
552
2972
6571
7796
8939
4132
6852
7755
9700
389
4754
4100
6183
171
5302
6507
2352
7016
9784
2059
1322
7385
8171
9841
540
8245
4156
8449
6509
2189
9080
9720
42
1337
1733
9559
3176
4343
3626
2874
7107
5990
2506
9249
4999
8594
1855
3156
2497
6028
8098
8544
7865
4614
8153
8871
5018
3381
6153
2768
5212
2084
7761
6606
4650
4355
2982
9362
2302
7858
9460
1287
4598
6388
7494
5608
4372
7380
8924
7048
8414
582
817
929
8905
1544
726
4729
2148
9889
4394
1709
3016
2083
2243
3091
6175
6788
4371
6105
8800
2849
8265
120
7312
1934
6288
9678
9679
2421
498
1360
4957
1279
7669
6294
7913
9777
7057
67
5720
4485
5621
4719
5633
5434
8074
2297
2359
8810
7357
545
6815
5855
6310
9280
4205
7162
1327
7427
9731
3987
3126
1267
8142
4493
1184
2309
6921
7973
4041
5494
6402
6763
4309
8041
5926
158
3952
2423
6256
5
3310
4503
4751
5761
58
1229
9723
708
3879
8053
2024
3559
5157
7346
5693
7226
4658
7876
9300
2829
1651
938
1149
2155
1387
3632
849
1489
5679
9391
9385
9914
3736
3746
8090
5680
1785
2331
1562
5700
4590
913
4442
2112
6613
6308
2114
3439
4542
1694
4417
6381
9394
9924
4431
6048
4551
9735
2431
6843
1101
2657
8476
4752
6045
6056
1479
3252
9894
2122
6234
6532
8782
2406
2993
7075
4930
2305
8132
8870
3942
4383
1753
7156
8865
7767
9316
8563
3701
8921
2609
9541
4253
8050
9063
298
9003
2946
4626
7089
7088
8030
5146
2334
785
2168
5292
2604
6791
9140
1942
8020
9899
4215
2364
3912
6346
3920
3097
3430
9014
8200
8285
5536
697
2896
6962
6268
1968
7382
6612
7171
7815
451
4673
801
9142
2060
5460
3006
9694
9413
2744
4346
2538
322
5185
4025
7460
965
4641
4642
4031
4015
2343
6373
8473
8006
9501
9449
2761
6643
6242
1219
6036
4448
8992
3246
6044
8813
5324
6867
7781
9770
6987
259
7532
3408
9491
8687
9289
2240
4195
4196
6783
1350
5492
5493
9466
834
8390
2079
2143
1508
2591
2229
1804
2996
5477
4524
7632
6436
6944
652
6404
429
4811
6514
8862
3024
6499
6434
5273
9789
6162
6594
3342
8508
2765
8839
6770
4868
7066
7513
4285
5627
6085
9071
2696
3581
2618
3258
7125
3690
6647
372
9342
5378
4557
5756
7362
7361
6160
5375
8327
2651
7358
9052
5898
5897
9718
1532
148
8808
3422
619
7626
9093
2790
3479
1102
511
4367
8010
65
3046
3047
8694
6810
1396
9087
3153
2340
3589
1158
3661
2451
86
2571
935
2601
3919
4088
4817
3868
6875
5473
112
3517
814
6592
6311
9245
6705
8252
2048
6083
5088
8985
3187
4136
6895
5770
5381
6660
4459
2593
3655
2613
9127
2664
9881
3354
3769
3772
5912
9519
8828
1298
4217
7277
9111
2283
3163
3596
3951
8418
1210
8681
1938
2392
9901
4890
5300
5301
8835
6681
3375
1959
8403
8381
5765
4916
5132
3442
5108
6859
7634
6662
7304
1163
4054
2154
5369
8382
5954
1845
2127
2295
4359
4004
17
2905
8307
8607
4207
8745
9857
9985
4631
7193
1258
437
4587
3431
5738
4107
4267
1854
7285
9073
2587
9928
1815
1155
5128
1044
54
5053
5180
2858
9993
4693
8697
2728
4775
7266
1579
1578
5266
3607
57
1890
4245
461
2811
4424
4233
4234
39
4918
9573
6850
519
520
683
682
305
306
878
9251
5864
401
8842
168
7604
2504
163
1835
8304
5337
3064
851
852
1614
3026
1702
6550
1545
6137
4821
4907
5628
5178
102
8789
6714
2824
862
2325
4169
7699
9378
2416
2415
1087
5485
3605
5233
6284
4352
6492
5218
972
9138
2408
9284
3181
4335
7157
3796
3795
4491
4492
7374
1704
9591
3418
5951
9124
7996
7790
2398
2020
3317
5248
8149
8182
7132
7616
8566
4331
689
3335
8771
5560
2443
221
8501
3711
7977
5001
4584
9792
8703
5290
5291
4069
9966
6985
7264
6569
4498
6378
484
2440
5321
8998
8286
1884
1885
2665
7676
5490
6991
220
2100
2099
7327
8538
6358
4017
6559
5573
8616
37
4675
1309
4609
2816
5416
9109
1119
4277
1542
5670
5999
3842
4379
3141
9317
4857
6870
3233
1473
2551
3586
5726
4366
3150
3579
9067
9613
3742
257
641
2239
1601
175
1478
4697
8743
1638
1755
1899
4281
3720
7928
1573
3305
2941
8349
998
7764
1777
281
2135
6142
1131
8375
5742
2265
6743
2961
3806
9607
3857
3856
7388
254
6679
9930
49
4027
3169
1466
5981
3519
9356
9355
9507
5109
946
780
7188
5398
7383
9445
245
550
8817
7720
3365
4743
1912
3957
3998
1355
7495
362
8333
6941
8405
9074
6432
7997
5383
3934
8962
4964
1138
6775
2371
9483
7413
8165
728
5502
6420
6419
1075
7022
7021
2521
3830
6822
7233
6736
9410
5847
2395
3511
3510
692
1016
405
6765
192
981
4181
4180
5240
844
6890
7018
5618
7712
1358
3404
1663
1147
1148
9545
881
5588
2276
4124
2654
3551
3550
6657
7970
1724
3635
2853
4115
5406
7466
2176
3665
1194
5060
6354
1167
4874
8111
1530
191
2186
5394
5469
7909
4321
8558
3637
4305
5074
5076
5996
9522
8152
7275
1405
5709
7822
2530
548
4221
6557
4237
9892
9893
1206
1422
2457
3100
4738
3668
6217
5916
6721
1527
2992
554
5692
7628
278
5194
791
4846
1173
2088
5457
1628
7845
9324
7173
5642
9149
3882
5097
7951
8522
964
9576
1021
2934
7638
4971
6916
8852
1970
3051
6219
1621
3160
8843
9199
9198
4465
1721
2438
6255
8069
1990
3089
8
7446
2403
2042
5414
3649
3839
8803
8802
9066
1499
5930
4878
6025
8279
5942
9318
8639
2139
5851
1598
5450
5451
3916
1232
9448
6214
6215
5358
4003
4461
7891
8645
3804
3214
8160
9666
227
228
2350
6074
2038
4302
2871
5955
6086
2634
2834
7433
7434
6824
1042
5152
9475
2771
454
1730
1242
2964
4571
7674
5882
510
3111
5486
3887
3886
7235
3954
6321
6973
2794
2795
9642
2151
1773
2377
5557
7109
7108
4776
197
1134
1713
6243
7810
2476
8004
8005
6410
8967
1808
1108
2206
2648
3483
9176
5346
6394
32
7062
4048
8738
8430
4549
2021
1905
1046
5510
5602
7365
6097
9533
6475
8422
6929
8423
8344
4945
4224
5443
4290
2979
4203
6054
7740
8766
9206
9032
5052
7149
213
6015
4834
160
8912
6450
823
9168
9167
3062
4324
8898
7214
617
885
464
6440
111
6968
6582
6225
2697
6732
3721
9746
6640
9696
7263
262
4848
5307
6144
9186
1080
7958
6610
6611
7609
5959
9431
9432
9502
270
8902
4684
3713
3236
3783
2346
6122
6292
7118
1038
2911
9193
7543
3262
3871
4967
2802
6078
1228
6247
3543
1911
837
4622
8373
4703
6020
4187
6249
7500
2783
2488
7539
880
2397
3601
2157
6978
2152
6245
4949
1511
5874
380
1611
4128
2452
3137
3136
2938
4806
1231
7860
394
195
2641
4174
7921
5365
6334
7462
2694
3350
7787
2838
4445
5609
7309
4415
3240
6167
6099
899
3056
9230
5615
2073
3812
321
1590
3703
3704
274
8767
1053
7564
5049
766
3217
1708
4423
12
8950
605
6781
4374
9600
9599
538
5739
370
3453
5842
9855
2345
1384
6002
9537
1647
2180
7093
7624
7625
210
1142
1143
8574
3151
5528
6197
8763
1035
6237
3777
4903
1567
5064
73
9788
2017
9472
2133
7420
5579
9921
4792
6165
7114
9118
6796
9588
1114
6527
792
9359
8350
3168
8618
2926
2927
60
4149
1594
4870
5659
6892
9554
6877
9313
5187
4963
7063
4519
7437
1588
9653
8917
5357
2045
2998
5102
8395
8706
1030
1029
5871
1867
7143
2680
4979
4592
3846
8434
9083
9702
6061
1554
6906
1965
9738
9739
3023
8679
5655
8846
6291
8819
9222
3264
6755
8734
2271
6564
5911
3130
6667
4434
5973
5550
7102
3764
7640
3759
8890
1121
3079
1682
6554
8068
2588
3939
7545
5734
8444
8567
2357
1502
8811
694
5717
5863
3078
4103
4246
6107
7243
5762
7807
8580
8259
4287
2704
2646
5172
4388
5272
7111
1
1441
898
1833
1832
1834
91
90
2967
1519
5050
8908
8221
4944
6276
9954
4575
1641
2580
9582
7447
8609
9457
5927
6697
350
5877
7457
655
1631
5363
7287
7286
1744
4947
6759
5978
524
3908
7096
3202
6300
2610
6159
7722
5255
8124
7002
7010
3657
5759
3411
7911
2217
2216
5127
5907
7834
8995
2502
9024
8966
1825
6088
1851
8956
2893
8393
8385
2736
3059
8032
1062
5872
1190
2412
7920
7930
6260
3569
6062
8134
8135
5543
989
990
7766
2012
445
799
800
2719
9293
5630
1251
9782
8947
4941
8850
1821
5138
5137
9794
9793
3825
6262
5861
5578
6846
8172
7246
2626
4768
2541
2542
7710
9115
3385
9040
6171
1859
1860
9629
775
776
3620
5361
9150
383
7268
9137
9219
6391
863
5413
295
6365
4901
1889
7535
36
2355
2356
2354
395
6885
8175
4974
3447
6114
6414
5215
7851
9710
4758
7716
1498
9007
2349
1586
4708
7686
7013
7101
8778
3189
1537
4406
1246
7302
3044
3045
7442
6534
9059
928
6666
9843
6840
5084
7901
2916
2915
1254
2708
7831
7923
7924
7213
9909
5318
2629
6460
450
5860
82
1201
7409
7696
3967
5057
5534
5533
1438
2903
3195
3196
9303
1750
4891
6342
358
1262
815
70
5083
7428
2146
8164
300
737
4713
6258
8428
7487
3185
8047
8048
8271
3121
7596
7372
9727
8891
4911
409
177
3074
1409
5154
762
1900
8855
9091
9092
4165
3368
6143
3782
693
387
388
1838
1839
3469
5498
1627
6453
5332
6981
9201
889
5284
6516
8665
3485
6683
8409
4481
1829
1077
2774
2775
5211
2550
679
2685
8932
5850
1882
3255
7098
3575
8881
5229
412
9458
3204
8970
6191
627
1883
1272
2692
7342
997
7296
7295
3686
1330
3791
6555
6746
5098
2333
1873
1152
2460
8527
558
7600
6315
9837
2847
2848
5649
3528
7183
659
8012
7700
9078
3440
1974
6904
4716
8288
8287
8289
3396
3937
1597
7037
4313
5401
3474
7059
8295
653
6587
7396
9783
2532
2533
476
6650
403
8671
3810
432
5558
9382
9383
8638
1523
5789
3631
5924
3139
3140
7804
3733
7639
1043
2970
9585
6490
6140
1270
3619
9254
9799
9986
99
100
755
4427
6903
3229
5746
2269
2845
9372
6093
2434
179
7935
7738
7737
5191
6479
2912
6273
9020
292
1128
3751
4725
4726
7621
8125
9305
8035
650
6012
1454
2220
2332
1665
9262
8191
8836
7504
7730
5760
5893
7707
7706
6938
2749
5982
7943
4454
2721
7809
6265
4338
4337
1550
6675
9622
7985
629
3807
5688
3539
3923
3356
4092
3285
355
4822
3274
3275
4959
4958
9725
8579
9602
62
288
8269
9335
2005
2055
5585
2319
4815
9525
4798
9025
5797
7756
2985
1238
77
78
9997
9998
5198
1408
3614
4162
8402
8561
7561
2027
8869
2689
8576
8416
8415
2386
7431
9964
7775
1749
3565
3566
7631
8088
236
6486
7078
4766
4591
1569
7565
6830
7254
8045
8046
2577
8212
1180
1179
6953
8946
1539
1660
6270
6269
5389
5402
5439
9056
6524
5045
7769
130
9747
3824
6050
470
8455
7476
9730
9861
9243
1696
1695
9605
1953
356
9990
1009
4353
9286
6701
8156
8516
5281
5282
7726
1156
1875
1486
5773
6764
916
1963
8082
7745
3002
3374
8721
4288
1060
3379
3378
4412
3029
2897
3982
3983
5033
3811
4122
9668
7306
1718
5941
3227
7555
3817
6884
811
2671
9367
4895
7968
7969
8016
9427
7126
9085
1339
1340
1385
3889
3890
1615
7546
634
4095
3344
9808
5040
7354
3978
867
6431
2808
93
8730
9952
506
9904
9905
5220
2262
2205
8264
5512
5511
5204
9048
1792
2474
6894
6984
8960
2667
2666
4672
3753
7137
2327
2326
8541
2049
9962
5342
7614
3071
6957
2525
8466
3835
3969
2316
6620
4922
9312
5572
3659
5719
2831
5538
6567
8104
8678
6684
2873
9886
1661
3917
8977
8217
9338
4297
5070
1411
686
2427
7980
5327
8727
1111
1604
753
1525
174
173
1483
5883
7570
3989
8034
4341
7044
2748
2171
2172
6825
6918
6917
9012
2562
2564
7331
5466
7461
967
1281
3546
9036
9119
678
759
3828
3829
710
709
349
1507
1929
6578
5339
7402
9817
9816
224
5637
5636
6151
9878
3242
3832
3833
8454
2688
4340
7873
8079
4087
5787
5786
6422
6421
4808
3400
6126
1504
1506
5948
7439
8204
9949
9443
3460
3899
6446
9177
527
2809
2548
1098
9691
9692
9711
317
1758
9407
6625
1984
1985
1124
5261
9540
4567
6540
6007
9322
3152
5664
6148
7330
5009
4910
8359
8234
1316
3289
570
7050
3132
2595
868
3570
4934
4926
4928
3609
919
9764
5313
5315
1153
2465
5833
217
4990
3148
9625
2336
2419
978
2527
6424
8710
8711
5141
9938
2781
6447
7964
1926
2989
302
399
1967
6372
1175
2118
2117
1517
1516
6198
6880
6881
2557
8320
6327
6326
7239
1952
6575
8937
819
8218
2128
9194
2007
2162
892
3971
8461
8790
2299
3771
6040
8397
1791
2209
5100
5099
1769
4357
6032
2161
8162
4689
6541
4602
416
9945
9514
1026
1027
8470
830
6639
787
7839
2762
7573
3462
7938
7936
124
664
663
8610
600
2740
1354
4404
4403
6120
6121
5093
2261
1253
2078
2050
8980
5933
6604
6605
9114
9132
4852
6963
3608
1418
135
8520
8521
6168
5879
3556
3557
3278
2178
6172
1276
9107
23
5654
632
633
9523
670
7484
276
275
5752
4019
8161
6459
6855
6854
6239
6241
97
1664
265
7174
4886
6727
8904
5144
8324
924
2286
5839
4121
3103
3104
149
9726
9845
5937
2292
1346
5936
4682
2999
1739
2388
5020
5019
6476
9108
955
954
7659
5226
1780
2479
7229
746
745
611
9330
3724
326
6051
43
9506
4795
6813
9567
4200
4199
7251
7253
6449
5853
5852
6401
6969
2889
1654
6483
6482
2867
4483
4484
920
8511
8510
675
1370
9977
1992
9859
9858
3201
4279
2490
2489
9238
3290
2191
7316
5501
7395
7201
3003
5518
7776
4663
6383
2568
8126
3293
4797
5965
4731
1323
8497
887
886
888
8605
740
9360
9754
4295
3210
7145
731
729
8040
5116
5115
8400
8401
7230
4860
1089
1088
7211
3822
8255
4176
4839
8481
8482
8539
2374
3754
9408
5482
1263
343
4996
3081
3082
1576
2031
8821
6868
1741
7773
26
9596
2015
9831
9830
5103
9676
9677
312
311
3312
3313
9662
5014
8504
2072
7515
7514
2716
2717
3866
4831
8894
8877
1444
1445
951
1671
3015
3162
4573
4572
2710
2709
9396
9218
1204
2603
6186
2830
5175
5174
8757
8758
5684
7991
5379
3507
3508
9807
4761
3165
8601
8602
8094
2092
6211
9714
51
4760
4023
4706
4707
4432
5903
9800
3386
9755
7732
4745
2900
6713
5705
6364
9202
165
5195
907
906
5676
1451
8139
4375
8701
1747
1748
9991
2644
7912
6864
3597
4618
9257
3306
8208
8209
5836
5835
6739
8372
1266
2890
2891
3729
3728
9910
3642
3643
7196
261
488
487
7636
7283
7284
5351
5352
6925
3
4827
7144
6067
6066
8598
9876
5296
5295
2061
4601
7665
5117
9295
3802
7960
1782
6566
4505
5467
6182
4440
4441
4994
5130
5129
4679
4785
2
3437
3715
3714
3648
3740
3739
4002
2499
2498
1306
2957
2956
2620
2619
1625
795
796
794
3992
69
184
2943
2942
8702
8747
8746
4983
3429
6494
5604
3425
3424
5376
7141
7956
7955
3881
1528
7011
3355
4782
6295
2800
2799
5253
5254
6207
1234
1233
9669
7204
7205
9278
9277
3476
2698
931
3124
4386
4385
9942
379
3009
8716
5279
2953
4071
4421
4422
8309
8308
8983
5815
8239
8384
9343
4720
209
6653
3959
1668
6375
6374
8471
4098
4099
7451
5792
9644
5826
5396
2409
9273
835
5148
5818
4230
8829
8195
5392
2285
2766
9477
439
4871
4260
7914
132
133
5235
8546
3681
8775
8774
9004
9005
5774
1512
608
7337
1406
7894
7895
4660
4659
4516
7355
2256
2255
2806
2805
8751
8752
5462
5461
957
958
4779
4778
9767
9766
8102
564
7444
7443
3347
3346
18
9821
6726
3444
3443
5544
1305
7840
5373
5372
1892
1056
1055
8379
8380
8530
4790
4789
4036
4037
4803
4786
7116
282
5444
6729
948
949
6888
6889
8533
8532
8534
6630
1932
1933
8198
8199
8084
9661
1333
5364
2983
7888
4065
9207
4607
7031
4413
6699
6698
8934
8935
6645
2954
2420
7190
7750
7751
3532
500
1520
4513
7742
6912
1264
3585
9282
6473
3904
3903
7855
6537
1078
2607
2608
714
4885
8973
6397
7223
7222
7224
8720
2266
975
7529
7784
7785
5526
9283
8570
8569
3910
3911
5231
1345
9995
4710
4709
1897
1898
6303
5854
5397
5993
368
369
5124
4311
4310
1245
2068
2069
2616
2617
6709
1687
5920
7635
6501
6500
9373
6470
8054
3843
5931
5246
8311
8312
1105
6833
5340
5164
6129
6206
6387
7812
7811
3363
533
7772
3338
3336
1583
3238
3239
4317
3482
8636
8637
4681
9214
9351
5596
5595
5597
5277
8417
3110
4634
5094
5795
8355
733
732
3863
3864
1019
1207
7130
7081
5209
5208
385
386
3950
610
5804
8360
7550
7549
7821
7154
8256
6858
8143
9185
3438
6723
1241
756
1805
8659
544
8371
5984
5985
1636
1637
5303
9009
7065
4241
4242
8282
8281
9399
8796
6042
6041
6043
2167
8653
8652
6377
1289
5404
5405
5403
225
4986
4985
7034
5704
8875
5489
6807
1003
7734
2447
8907
4938
4939
3391
3392
4345
8357
8356
104
4702
9000
8999
8548
3251
4662
3603
3604
7587
4280
3947
3948
5698
5699
5810
3639
1688
3166
5393
5899
5750
5751
7679
1800
2456
4475
4476
7238
4669
4670
3069
3070
3068
8019
1051
4655
4654
8699
8698
4809
7321
7322
643
642
5859
7577
5409
2323
2324
4410
159
5243
5244
8025
8726
5918
5919
939
9926
9927
2702
2703
8330
8329
6299
4034
4035
7256
7257
8880
9869
2439
2585
153
562
563
5997
2558
6644
1159
1157
9041
7905
115
116
5838
7667
7668
4470
5335
5336
9823
1113
8787
8788
7608
9461
7104
7103
384
2280
2281
7131
4416
2337
2329
2328
5430
1362
7328
5821
5822
9996
5106
7029
9097
9098
9488
9489
7883
5781
5782
8085
6529
6530
3591
5569
6878
2368
9143
4010
8805
8804
1165
2523
2522
2598
5747
9626
5796
8238
3676
3674
1227
109
110
7999
7998
2053
2052
6110
3057
2231
2230
1936
1937
5309
4479
4480
4478
8923
3798
3797
7723
7878
7879
8822
7033
828
1050
6138
4955
4954
7260
7259
6772
6773
1981
1980
8553
5330
5329
530
1667
7112
774
4554
6412
1891
5673
5672
5728
5727
9687
3114
3113
1787
1789
7798
995
5611
5612
6230
7187
242
241
6865
6429
5768
5769
1623
3094
2755
2754
7728
7727
410
4444
14
48
5581
5583
5690
5162
5163
8440
1395
8190
3011
3012
2656
3931
3932
3930
7084
7083
421
2787
8959
5086
5087
1630
6018
6019
478
477
7556
1256
1255
5367
5368
750
749
3993
6059
6058
2244
4274
4273
8953
7026
7025
6654
3851
7961
6627
6626
8140
9943
4555
6345
6347
8885
3945
3946
7994
9370
9369
4550
1186
1187
5988
5987
6076
6075
10
2057
2058
9019
4265
3413
3414
4007
9110
9983
9984
7844
6728
181
1656
434
7673
9648
1193
3054
2746
2745
9213
5934
5964
3172
3173
3268
7450
7505
9872
9871
2712
2711
4722
4721
9520
3521
9161
9566
2981
2150
2153
1282
4686
4685
5807
5808
9403
3774
3775
6827
2862
7376
15
16
3936
6037
9424
9423
901
904
4473
5160
2788
3222
3193
6596
6597
2198
1182
1183
8108
6282
6283
9851
6588
8606
9101
9100
760
2301
7645
5514
5513
316
313
4632
6435
3052
6744
7485
9972
583
448
449
9812
8910
8911
8779
8968
1940
7298
7297
375
8498
3158
5841
1810
1819
1818
2200
2199
9376
9377
9375
1450
246
4143
4142
8037
7591
7592
8485
8484
9301
7219
7218
1221
1220
5344
5343
122
4168
4248
4247
2471
2472
9045
9046
6913
4695
4696
7629
1343
1342
4497
4537
9703
4898
4897
5441
5442
6790
531
9712
2649
324
325
4637
6692
482
5875
5081
2747
4013
4012
1379
3333
7091
7090
4606
5107
7191
2142
6406
4740
1093
1094
6688
864
5992
6439
6528
592
9156
9259
6286
6287
6704
6703
7932
7931
1032
1031
7464
7463
5949
433
616
4239
4238
8267
9826
9827
2581
7032
8762
4680
5023
5024
8464
8463
893
2948
7456
2652
1918
1917
8591
8589
831
8377
983
7648
7649
352
7602
7603
4522
4521
5181
2886
2885
1371
7612
7613
8641
4863
1064
1065
3389
3390
3324
3325
2029
2030
5667
5666
2250
2249
4437
4819
6544
9705
68
4932
29
4919
4920
4917
1166
8933
9451
9450
724
2675
2674
3847
1106
2962
7064
3766
3767
374
8620
2759
2758
5063
717
718
6130
2040
2041
6339
6340
3979
8915
8916
2994
6693
8072
8070
806
6329
6328
7506
6769
6771
7340
7339
3874
6209
6210
8366
5155
7684
7685
2882
2883
9768
3492
5449
8305
4508
7160
7559
8038
3456
3455
3943
9976
8248
5167
5168
8708
8709
6826
5217
5216
2632
6352
6353
6845
8691
8692
330
1269
5125
1729
6695
4438
4436
5541
8596
8595
6636
4182
4771
2400
2399
3194
2268
5644
5643
8989
6201
3420
8479
8477
8524
8525
1203
1295
3578
3580
4629
3961
2792
8940
8938
7918
7038
7367
7366
8194
4604
4603
5520
5519
1020
4699
5837
7325
7324
4138
825
826
4393
3504
3505
1037
7735
3032
9620
9621
4741
8443
5043
5044
428
483
3996
3997
9883
9884
8634
8635
7518
1988
1547
1548
4411
9274
1000
1001
2426
9658
4472
5068
5069
1024
1022
2307
2308
2640
2575
2576
4770
8878
7898
7949
6369
6367
742
4146
5161
2546
9442
9562
6252
1436
1435
9645
8022
8023
360
8740
8741
7762
2513
8226
5889
1461
1462
2637
1607
1248
1249
5002
871
872
2714
6965
6964
8732
8733
3853
3852
3854
7789
7788
9350
7490
1059
4823
4820
6468
6469
1964
6945
6464
6463
3502
3503
4469
4564
2277
2275
7014
556
555
4690
779
781
4836
4835
9235
9234
2518
8203
1013
9392
5967
5968
6000
5998
572
7697
7698
4231
9631
9630
7869
9237
2785
2784
9684
2393
7493
7983
7982
2463
1735
594
1440
2597
4061
4250
7800
2495
4251
8838
8837
4905
4906
577
578
3399
9961
6178
9
2859
1761
1762
3498
4419
4418
9347
9348
6411
4319
5035
5034
28
5552
6356
6357
9589
8117
3973
3316
3315
9797
7370
6336
6337
9637
3513
8491
8490
6304
7313
3144
6535
3654
8614
8615
3042
3043
5975
4742
7470
7469
6920
6919
8785
8786
7778
3525
2836
2837
2314
3873
3629
3628
1880
2107
569
1223
1222
2065
2067
5120
607
333
332
9915
3680
9090
6718
2907
2908
587
1421
1420
8341
8340
3870
6232
9365
516
515
9033
2264
1987
3780
3779
3691
5382
9463
9462
3020
6955
4020
9366
1993
4193
9509
1129
8506
2596
1284
1283
4523
8003
7870
9733
137
138
3307
3125
3123
8425
8427
4500
4501
9163
8922
9473
813
816
105
765
8585
9752
6798
8451
8452
1928
5565
4008
8572
3536
6189
6190
2014
6740
2713
4139
9327
9328
5619
5072
5073
453
452
4580
1036
934
8631
2723
2724
7524
7525
154
244
4623
4624
1390
9842
4292
5885
5886
5007
941
942
8268
7072
1118
1863
1862
2034
2035
2509
6226
9897
107
108
4842
974
8674
8673
127
3518
1130
705
704
1726
1725
4612
4222
1705
1706
4900
4899
2682
2681
5715
5716
4030
2321
2322
8642
4961
4960
3841
9400
472
5757
7541
7542
4306
8629
8630
5736
5737
4322
4323
909
6222
6220
6546
9890
2311
2310
1091
1090
4378
9595
5151
5150
1768
1373
7411
7410
9635
4628
7418
7419
8571
9548
9387
3688
3689
4840
7569
3694
9076
9075
4507
5758
7198
8929
9170
9169
6316
2856
2857
328
327
3819
3818
9743
5121
3383
3384
4613
7907
7906
7862
7861
9216
9217
690
9435
9314
7758
1123
5006
3725
3723
87
5029
848
850
5957
5956
1843
1841
5743
5744
6474
3611
3612
4988
2137
2138
2196
9126
9128
8063
2643
7576
6392
9898
1491
1490
3534
3965
5471
5470
143
144
8130
8131
5421
5420
1794
1793
8176
6696
1313
1311
602
601
701
2843
2842
9891
5905
5904
7567
7566
7899
8292
1684
1683
9417
9418
2976
2977
971
4450
4449
1196
1195
8274
1006
1005
6563
9932
9931
3036
3035
3914
3915
8684
5682
5683
712
4858
9839
9838
1430
1431
6649
6949
4059
4058
4429
4430
2821
8387
6750
6749
6505
3640
3449
3448
9750
6756
1920
1919
5349
5350
4257
4256
613
9212
961
963
7643
7644
4063
125
5547
5546
9772
9771
6115
6029
9934
290
289
8518
8517
1318
1317
3849
3850
6156
6154
443
8755
8754
843
8991
8058
4262
4261
2827
2828
3913
5285
7867
7866
8089
2638
2817
8302
8303
936
7581
50
860
859
8346
8345
8251
2769
2767
8178
4589
636
635
575
2375
3419
7792
7795
346
348
5268
2922
6452
9969
9970
7004
3488
8158
8159
3788
3787
8624
547
546
3884
319
318
2737
6821
9104
9103
4408
4409
8169
8170
3826
3823
3244
3245
5275
5274
9345
9344
1474
3622
3621
3542
1202
6005
6004
4075
4076
4956
9153
7041
7040
3968
2901
1592
1591
7947
7948
3924
8612
8611
4160
4161
6976
4756
6187
1809
2339
2486
7882
4113
4114
6794
4289
1752
1754
8556
9152
985
986
4892
4894
2590
3284
8625
7007
7006
1999
4576
440
6841
6842
3322
3321
5270
4530
4532
4888
4889
9785
255
6323
6322
6324
2880
2881
6618
6619
9529
7694
7695
8884
8406
8404
8513
8514
1215
1680
4948
7332
3272
4543
5499
7352
7353
9577
457
1356
4192
4194
444
466
465
4452
4453
3362
9188
9187
5455
5456
2494
2483
2484
7661
7522
7523
462
2833
2835
5306
5305
6520
8468
8469
3735
5777
5776
6897
6898
6896
9022
9023
1960
9933
5527
3372
3373
1217
3099
9798
397
398
7759
5732
5731
7047
7046
8818
1278
1277
4661
4883
4884
7148
4644
7818
7819
199
3303
3302
468
469
6235
9581
9916
5634
5028
6932
6013
2210
9732
267
5360
5359
5224
3553
3555
6047
6046
3651
3650
7473
7474
541
542
8474
5961
5963
8982
8386
8052
9195
8293
5251
5252
5623
5622
7824
7825
9307
9308
8833
8832
2732
5817
9719
458
3019
821
820
7272
9615
9267
9268
6297
6298
5475
1797
1798
1795
3014
2614
2615
1085
5258
5259
4855
4856
3213
9196
6525
1944
1943
8900
6862
6863
3471
7423
7422
3634
590
589
8432
1069
1070
2791
8145
8144
9363
9364
8242
9174
5801
5803
422
2002
4172
4171
8770
194
193
6804
6805
8376
45
44
219
1533
2623
2624
2115
3441
8972
9415
9414
914
738
2164
3763
576
7055
7054
5090
5089
3170
9191
9192
7610
4032
8472
9209
9210
2342
3986
3988
3869
4737
883
882
3500
3501
2313
7076
3075
3076
4805
4804
1650
1649
8096
3814
3813
696
6512
6511
8260
2382
3410
7598
7599
2814
2815
8772
9386
25
1698
3250
7407
7405
8826
8827
9252
9250
5570
6648
5436
6072
6073
6734
4045
1543
417
9940
9941
7502
7503
4118
4117
4936
4935
8092
8091
8257
3093
5894
7375
7349
7348
1612
1610
3805
1732
1731
1734
1120
1565
6622
6623
4527
4081
4105
4106
5712
5713
2304
2306
2188
2187
4129
6488
6487
9550
2561
2159
2158
6135
2362
2360
2605
6992
6993
2650
597
3737
2318
2320
9494
9492
6536
480
481
5066
5065
75
74
9834
9832
9760
1872
1874
5031
5032
7163
7164
9988
9987
6250
6248
4158
4157
3587
3745
84
9574
5651
5653
3561
6823
1169
1168
5426
5625
5626
5908
5906
6309
6999
7000
232
8078
7060
7061
2095
2097
5390
557
3349
7368
4700
2202
2201
5230
5232
4350
8365
5264
5262
4188
8109
1894
1893
3669
3671
9221
9220
1472
1906
1904
8896
8893
1328
1326
3477
6980
6982
1955
1956
8457
5111
5110
7208
1865
8459
8456
648
6836
6835
9116
9113
842
3433
3432
2347
2344
3955
5000
9673
9675
9959
3666
3664
7155
2658
2367
9538
1273
2410
6950
1617
3598
5793
8412
8413
5601
5600
2531
764
9486
9484
9315
1572
6064
285
287
9847
9848
2677
2679
2109
4599
4600
4347
85
1555
214
7782
494
492
9612
2003
9498
4303
4301
3520
6560
7677
5507
6869
4845
4847
4131
1643
1644
4489
4487
1172
1174
8975
8976
8729
8728
8550
5177
3039
3038
5427
1826
1824
5488
9469
9468
9761
5530
3098
3224
2944
237
238
8184
8186
9572
911
7179
7177
4976
4977
4975
6111
4185
4186
4190
3088
8334
8336
4763
4762
7805
7803
9517
9515
3700
6731
6730
7168
6866
3027
3025
6101
6907
6905
743
1813
1814
3205
3206
1081
1079
9603
9604
7927
7929
8748
9508
1501
1500
6205
8584
1132
1998
4400
1485
1484
1145
2258
2260
4398
2077
5333
5331
3177
59
4526
425
8948
9134
3184
3183
784
7768
3063
6444
6442
9081
4276
4275
3878
3880
2670
1146
4040
4039
7583
4044
3765
5205
7926
7836
7838
273
4558
3756
3328
8319
6988
2549
7398
7397
7262
2442
2441
8437
8435
4067
5140
5139
2939
2940
1566
5764
5763
952
340
342
4734
4733
4736
7675
4593
9255
9253
1719
6829
6831
207
5607
3563
4579
1109
5559
4966
805
9778
9776
5192
5193
4052
8841
9864
9866
3175
2010
2011
8903
3838
3837
4799
6023
9446
9447
1375
649
6515
2166
8075
8076
2461
739
2536
2539
3407
3409
9224
876
5958
2987
7683
424
6208
6778
6777
2600
2602
896
897
1616
4462
4460
9534
9532
5479
5481
20
19
5239
5237
2963
9569
5848
5849
2931
2930
2089
2715
1012
877
598
31
3717
3719
2214
2218
5678
5681
4024
186
2730
5661
5662
6355
676
1467
1465
2570
2572
366
364
1336
1338
968
969
9333
5844
5843
698
5616
5617
7387
2294
2293
4704
8116
2468
2469
9742
5463
8318
3167
5176
7916
6498
396
1447
8996
8994
7498
7496
1496
1494
8854
8856
7993
7992
7988
7989
1510
6686
4213
3547
3548
9526
9524
5503
4585
6035
6317
6786
6784
4362
4360
5410
5722
9227
9226
2968
2966
6009
5701
5697
94
92
7590
1779
3731
3730
4810
5459
7886
4781
4780
6792
3927
3928
3925
2044
2043
7095
7097
1775
2820
4749
4747
788
7622
208
5639
5638
4164
3636
8866
8864
7976
5297
6161
7509
7508
6069
6068
5952
5953
869
1620
1622
5587
7414
7412
9334
6811
6809
1236
1235
5631
5632
7343
8644
8643
752
754
9670
6091
6089
5225
838
836
6150
7255
5909
8057
9453
6079
6080
2727
2726
5721
5385
5384
4691
9263
8955
7562
7560
371
9568
233
9452
8233
8232
1678
4989
4987
4049
4220
249
247
5433
5432
6333
6928
6927
3116
3115
7733
9922
8564
8565
3273
2686
2687
2528
2529
6716
4539
391
393
7170
5391
4875
4872
8031
8033
2659
526
525
3463
3464
6939
6937
3515
7390
1925
1927
9051
5037
5036
7717
7718
5591
5593
2450
2895
2894
5708
5707
8421
8420
5575
5574
586
8930
4329
4327
7780
7783
2233
2232
1869
1871
161
8215
8216
9231
8963
8961
3397
3398
7122
7124
7847
7849
8542
8540
2435
2436
1017
1018
5041
5039
6389
1697
8780
2391
9139
3287
9028
9030
1994
2991
9261
2432
2433
3369
3371
8352
8354
3490
1107
6467
1975
1536
1535
1412
1413
7381
7384
2102
2101
7892
7893
3698
6586
8619
9873
7595
7594
8291
8272
2289
2287
7747
7115
7335
7333
3512
677
5158
5159
691
1348
3907
3909
2567
2566
1103
6601
6600
2227
2228
3298
9951
9953
3281
8783
5892
5895
5940
7241
7240
2772
2770
6710
293
291
414
8008
7478
7477
7481
9584
9586
9790
4016
4014
1100
6484
3147
3149
7978
6579
7454
7455
2141
6990
329
3859
3862
666
9699
9698
3280
1274
8873
8872
5311
7553
7551
3743
3893
6752
6751
7300
7303
6758
6760
3188
8761
8760
9147
5813
5811
4793
4791
8155
8154
4284
7572
8011
6152
3327
979
1392
4135
4133
4639
4640
1359
1361
4712
4711
630
631
685
684
4446
4443
7623
4084
4083
4086
6259
6257
6145
8138
8141
5870
4912
4909
5648
5650
2503
5308
9660
8628
162
660
661
2813
6572
6127
1977
9397
9395
8845
8848
581
7228
8599
406
408
4380
4381
3480
6664
917
915
1922
1921
3412
6174
6176
7859
5143
5142
8081
8080
4620
7875
7877
6656
4511
9001
1047
1045
6478
6480
6711
6426
6423
4390
1398
430
431
2018
2019
4091
4090
6332
6335
9015
6580
5929
7828
7830
2763
2760
6017
4665
4664
8196
1559
1557
4997
4998
2224
2225
8193
4583
223
222
9002
4862
4206
4204
9296
9297
8597
8823
8824
722
721
1402
1404
8717
8718
2183
3755
5945
5943
183
5377
3190
4096
1224
6680
3216
3215
8657
5915
5913
9902
9903
4968
3750
7426
7448
33
2075
9122
9125
7276
2237
2235
5082
8228
9632
3219
3221
6497
9086
9088
8555
565
8887
8886
8688
9079
1803
8348
8351
7967
1846
1844
9058
9057
9053
9818
9819
535
532
9667
2515
3749
3265
3263
6942
6940
7711
5341
9980
9982
6124
4351
4724
4553
4556
7813
2606
5771
5772
6818
3602
9593
9592
6266
6267
4391
7249
7247
3820
584
2037
2039
866
7290
7292
5880
5881
1711
1710
1151
1154
977
5013
2385
6170
6173
6448
6445
1073
1072
178
176
771
768
5921
4617
7085
3940
3938
2807
5827
5824
2383
8494
141
1635
809
812
3784
3785
9182
9183
7363
1212
1214
4298
4299
6393
8647
8650
215
5606
3010
4499
3564
6285
2296
1764
3157
6638
6641
8148
8150
4651
4652
8300
8297
1259
1261
5537
5535
9479
9481
3402
9069
9072
1629
1633
1743
4829
4832
6816
4097
9304
9302
1321
1324
1292
1291
5994
5995
8812
2870
2872
2850
7135
2418
8018
8021
7605
6395
4314
4312
129
128
9500
8202
6629
6415
7709
5189
5186
4943
9558
9556
8750
1524
1522
6272
6271
8578
8581
7215
7212
9390
9389
2742
5054
657
6676
6678
9039
151
7691
7693
1443
5056
6513
1574
8736
8739
4867
4869
8914
7449
4153
4155
4569
4566
7871
5062
3660
3662
308
9689
9690
7068
4268
2246
9654
9656
2253
1424
1423
2194
2197
5979
5976
1546
7359
5320
6277
6275
8205
8765
8768
2877
2875
551
549
992
993
790
8222
9853
9854
9013
6302
6301
5928
4
5523
5521
4993
4991
4466
4463
923
926
5374
9544
9546
7265
6593
6595
4073
4070
7995
7512
5299
6106
6108
9148
4490
6503
6506
2405
9353
1386
3845
3844
9229
7138
7280
7278
6652
6651
1948
1946
7227
2487
6848
6847
1383
620
2951
2952
3710
3712
9175
9341
4814
4812
4816
6227
6456
6458
3921
3918
4784
4787
9908
9907
2743
2904
53
56
8283
8253
8250
2556
2559
7517
7516
5669
5674
3254
3257
4942
6185
7578
7579
7744
857
855
3235
3231
7843
7841
169
170
4332
4334
3496
3499
8986
8988
8492
2170
622
3352
9624
9623
3808
1670
9358
9361
6384
6382
8623
8626
7003
2446
497
495
6562
4925
1659
1662
7042
8882
3459
3457
9247
9244
2935
3617
6188
8685
5740
5741
8120
8118
1162
1160
5197
4715
4718
1830
2422
9239
5445
2902
3524
3527
6096
4608
4610
7946
6194
6196
2081
2080
4266
2458
2459
6745
6742
3331
3334
4006
4009
8662
8661
2810
9430
9434
626
628
1587
1589
6523
6006
8237
8235
6526
1759
1756
3956
3953
5868
8883
4166
6491
6493
8065
8066
6094
2516
2091
6229
7184
7181
9974
7872
7538
7540
5021
8086
8083
3294
3291
2669
7959
7962
2147
2149
297
299
7763
7765
3348
9326
9325
9159
9162
6946
6947
4370
9937
9939
3319
3318
3760
3762
9918
381
3446
3445
8958
4252
4254
8042
8044
4286
6891
6893
7009
4676
4678
7853
7857
6551
6548
2177
2179
3000
2997
80
81
7203
7207
1353
1509
5048
5051
2919
2917
1581
4851
4854
4456
4457
2933
6873
6871
2006
2008
2477
8394
8392
5725
5729
7017
7019
4880
4881
1878
1881
1877
5005
5003
3656
9405
9406
7601
5166
5170
8241
8240
3584
7344
8503
377
8325
8326
9963
402
400
7615
264
268
3600
441
438
2257
7467
7465
309
5399
5400
3143
9947
9944
5568
5571
7067
114
118
6131
6132
2971
2974
2738
2735
1352
8545
8543
9887
9888
4368
4363
1853
1856
2547
6413
6417
6722
6725
8224
9236
1366
1365
9810
9641
9643
1456
7972
7975
337
334
9456
9459
7012
3129
3127
9292
1096
1092
1913
1914
7319
7320
2579
2583
2865
2868
9682
9686
2242
4125
4123
3977
7282
3571
3568
6886
6887
3646
4109
5289
5287
3426
3428
6202
6199
671
669
2860
6307
9978
5104
5101
456
455
3625
8925
8926
2780
146
2752
502
504
2475
944
3060
3594
3595
1613
147
4773
3107
3109
6797
8798
8799
2693
2695
1125
1122
7647
1822
1827
3875
3872
2756
5454
5453
725
1602
8809
7146
2000
1997
5196
8906
1760
1599
5356
6330
8942
8945
7438
7440
644
640
3858
2132
6038
6034
1580
72
71
947
6400
6403
9521
9728
9729
64
61
6139
6141
1529
1531
9518
2492
2491
3405
7941
7939
9745
1136
1135
2722
9650
9652
7864
7863
2130
7129
252
4029
4033
8097
7052
7049
2782
8166
8168
1488
1492
1983
1982
933
6800
4439
9965
2645
2642
8129
8133
6967
6971
9707
9709
7655
7658
5017
2511
2507
6518
6517
5415
1177
1176
2025
2023
3981
8002
8000
7234
7236
7314
7315
3678
9992
9989
5862
5865
4342
4339
9269
9272
9465
1514
1513
1189
1191
5418
9441
9438
2270
2272
9844
918
357
359
6879
6876
155
157
2449
8183
8188
9464
9062
9065
612
5085
3473
3470
1115
5165
1252
966
5754
2592
2594
6669
6674
6737
6738
4535
4540
4687
4688
2801
2124
2119
6857
6861
256
7027
7023
7534
7531
1770
1772
3021
3017
3647
8446
8448
7400
5970
8528
1285
9913
9756
9753
2315
2317
8713
2370
3484
7035
7036
6472
6477
5123
5126
3005
8093
4405
4401
6633
6628
2701
7774
7771
1480
1476
5966
4137
7159
8263
8266
9131
9135
4175
7336
489
485
7417
6691
6694
5219
2797
8465
8460
3212
446
447
4210
4208
2706
6959
6961
3972
3975
8364
8362
5935
5938
8981
8978
4801
9956
9960
4774
6539
6538
4001
4005
1067
1068
8103
8106
2628
2627
5497
5495
8608
5876
5878
6026
6022
7307
7310
3693
1849
1847
3658
8507
8055
8051
198
196
4216
4214
7724
7729
8439
3792
5755
3241
3237
2535
7641
7637
7373
1858
9846
1010
1008
3683
5554
1931
1935
2428
2424
8211
8207
702
6589
6591
8613
6915
1286
5798
5780
5784
6430
6427
7666
7663
8700
8695
3387
4548
4552
1560
1716
1715
4056
6117
6113
1082
1086
5323
4148
4144
3380
3382
5267
5265
5515
5516
8714
3706
3708
3376
7128
9281
9279
2524
2526
6166
6169
6305
1344
4635
4636
4950
4952
5362
2365
7351
9874
5794
1117
3582
2986
2984
5556
1429
1433
3537
3530
615
463
459
1308
1969
1966
9717
9715
1209
1205
9539
9535
8529
517
512
6077
8725
8722
2823
2818
3101
3096
5016
8347
3901
3905
604
603
845
847
9044
9049
4728
4730
2910
2913
1061
1057
706
4425
4428
38
35
7547
3309
3311
6659
6661
7458
7459
3161
11
6
4980
7889
7890
1452
6102
6098
2062
2063
6706
6707
1332
1329
4753
4757
6362
279
284
5819
5820
5614
8315
8310
6766
6768
6609
6614
2378
2379
9628
4240
4244
5658
9425
8321
8322
471
467
3001
1039
1041
9379
9371
4574
2389
2387
4053
7079
7080
822
818
9701
9695
2844
2839
6053
6055
4471
4474
976
973
1692
1693
7797
7984
7986
9779
9774
5078
930
5478
5474
5424
5422
9106
4586
4582
8073
6568
3789
9416
9420
4094
3773
3770
7753
7749
1307
559
1738
9801
9795
4232
4229
5645
5641
687
2396
2401
7153
7151
5687
5686
3892
9287
6782
6780
3633
8408
8410
4563
4570
8486
8487
9505
9503
9223
7953
7957
5326
3357
3353
8633
7521
7520
7687
571
567
3491
3495
2335
2330
8275
8270
8680
8675
9634
7371
3452
3450
3364
3360
9609
553
8123
651
654
4838
6293
6289
6314
6319
9863
9868
3966
3963
9553
9560
4844
4965
4962
5134
2105
2104
1397
1393
7432
6565
5147
5153
2684
2683
803
798
2789
2786
8640
8853
8859
1907
1909
2662
2663
1568
1563
5249
5242
2047
2046
8834
8830
7094
7100
6685
6682
7189
7195
736
741
9082
