2500 753
-5000 -5000
-4997 -4996
-4994 -4992
-4991 -4988
-4988 -4984
-4985 -4980
-4982 -4976
-4979 -4972
-4976 -4968
-4973 -4964
-4970 -4960
-4967 -4956
-4964 -4952
-4961 -4948
-4958 -4944
-4955 -4940
-4952 -4936
-4949 -4932
-4946 -4928
-4943 -4924
-4940 -4920
-4937 -4916
-4934 -4912
-4931 -4908
-4928 -4904
-4925 -4900
-4922 -4896
-4919 -4892
-4916 -4888
-4913 -4884
-4910 -4880
-4907 -4876
-4904 -4872
-4901 -4868
-4898 -4864
-4895 -4860
-4892 -4856
-4889 -4852
-4886 -4848
-4883 -4844
-4880 -4840
-4877 -4836
-4874 -4832
-4871 -4828
-4868 -4824
-4865 -4820
-4862 -4816
-4859 -4812
-4856 -4808
-4853 -4804
-4850 -4800
-4847 -4796
-4844 -4792
-4841 -4788
-4838 -4784
-4835 -4780
-4832 -4776
-4829 -4772
-4826 -4768
-4823 -4764
-4820 -4760
-4817 -4756
-4814 -4752
-4811 -4748
-4808 -4744
-4805 -4740
-4802 -4736
-4799 -4732
-4796 -4728
-4793 -4724
-4790 -4720
-4787 -4716
-4784 -4712
-4781 -4708
-4778 -4704
-4775 -4700
-4772 -4696
-4769 -4692
-4766 -4688
-4763 -4684
-4760 -4680
-4757 -4676
-4754 -4672
-4751 -4668
-4748 -4664
-4745 -4660
-4742 -4656
-4739 -4652
-4736 -4648
-4733 -4644
-4730 -4640
-4727 -4636
-4724 -4632
-4721 -4628
-4718 -4624
-4715 -4620
-4712 -4616
-4709 -4612
-4706 -4608
-4703 -4604
-4700 -4600
-4697 -4596
-4694 -4592
-4691 -4588
-4688 -4584
-4685 -4580
-4682 -4576
-4679 -4572
-4676 -4568
-4673 -4564
-4670 -4560
-4667 -4556
-4664 -4552
-4661 -4548
-4658 -4544
-4655 -4540
-4652 -4536
-4649 -4532
-4646 -4528
-4643 -4524
-4640 -4520
-4637 -4516
-4634 -4512
-4631 -4508
-4628 -4504
-4625 -4500
-4622 -4496
-4619 -4492
-4616 -4488
-4613 -4484
-4610 -4480
-4607 -4476
-4604 -4472
-4601 -4468
-4598 -4464
-4595 -4460
-4592 -4456
-4589 -4452
-4586 -4448
-4583 -4444
-4580 -4440
-4577 -4436
-4574 -4432
-4571 -4428
-4568 -4424
-4565 -4420
-4562 -4416
-4559 -4412
-4556 -4408
-4553 -4404
-4550 -4400
-4547 -4396
-4544 -4392
-4541 -4388
-4538 -4384
-4535 -4380
-4532 -4376
-4529 -4372
-4526 -4368
-4523 -4364
-4520 -4360
-4517 -4356
-4514 -4352
-4511 -4348
-4508 -4344
-4505 -4340
-4502 -4336
-4499 -4332
-4496 -4328
-4493 -4324
-4490 -4320
-4487 -4316
-4484 -4312
-4481 -4308
-4478 -4304
-4475 -4300
-4472 -4296
-4469 -4292
-4466 -4288
-4463 -4284
-4460 -4280
-4457 -4276
-4454 -4272
-4451 -4268
-4448 -4264
-4445 -4260
-4442 -4256
-4439 -4252
-4436 -4248
-4433 -4244
-4430 -4240
-4427 -4236
-4424 -4232
-4421 -4228
-4418 -4224
-4415 -4220
-4412 -4216
-4409 -4212
-4406 -4208
-4403 -4204
-4400 -4200
-4397 -4196
-4394 -4192
-4391 -4188
-4388 -4184
-4385 -4180
-4382 -4176
-4379 -4172
-4376 -4168
-4373 -4164
-4370 -4160
-4367 -4156
-4364 -4152
-4361 -4148
-4358 -4144
-4355 -4140
-4352 -4136
-4349 -4132
-4346 -4128
-4343 -4124
-4340 -4120
-4337 -4116
-4334 -4112
-4331 -4108
-4328 -4104
-4325 -4100
-4322 -4096
-4319 -4092
-4316 -4088
-4313 -4084
-4310 -4080
-4307 -4076
-4304 -4072
-4301 -4068
-4298 -4064
-4295 -4060
-4292 -4056
-4289 -4052
-4286 -4048
-4283 -4044
-4280 -4040
-4277 -4036
-4274 -4032
-4271 -4028
-4268 -4024
-4265 -4020
-4262 -4016
-4259 -4012
-4256 -4008
-4253 -4004
-4250 -4000
-4247 -3996
-4244 -3992
-4241 -3988
-4238 -3984
-4235 -3980
-4232 -3976
-4229 -3972
-4226 -3968
-4223 -3964
-4220 -3960
-4217 -3956
-4214 -3952
-4211 -3948
-4208 -3944
-4205 -3940
-4202 -3936
-4199 -3932
-4196 -3928
-4193 -3924
-4190 -3920
-4187 -3916
-4184 -3912
-4181 -3908
-4178 -3904
-4175 -3900
-4172 -3896
-4169 -3892
-4166 -3888
-4163 -3884
-4160 -3880
-4157 -3876
-4154 -3872
-4151 -3868
-4148 -3864
-4145 -3860
-4142 -3856
-4139 -3852
-4136 -3848
-4133 -3844
-4130 -3840
-4127 -3836
-4124 -3832
-4121 -3828
-4118 -3824
-4115 -3820
-4112 -3816
-4109 -3812
-4106 -3808
-4103 -3804
-4100 -3800
-4097 -3796
-4094 -3792
-4091 -3788
-4088 -3784
-4085 -3780
-4082 -3776
-4079 -3772
-4076 -3768
-4073 -3764
-4070 -3760
-4067 -3756
-4064 -3752
-4061 -3748
-4058 -3744
-4055 -3740
-4052 -3736
-4049 -3732
-4046 -3728
-4043 -3724
-4040 -3720
-4037 -3716
-4034 -3712
-4031 -3708
-4028 -3704
-4025 -3700
-4022 -3696
-4019 -3692
-4016 -3688
-4013 -3684
-4010 -3680
-4007 -3676
-4004 -3672
-4001 -3668
-3998 -3664
-3995 -3660
-3992 -3656
-3989 -3652
-3986 -3648
-3983 -3644
-3980 -3640
-3977 -3636
-3974 -3632
-3971 -3628
-3968 -3624
-3965 -3620
-3962 -3616
-3959 -3612
-3956 -3608
-3953 -3604
-3950 -3600
-3947 -3596
-3944 -3592
-3941 -3588
-3938 -3584
-3935 -3580
-3932 -3576
-3929 -3572
-3926 -3568
-3923 -3564
-3920 -3560
-3917 -3556
-3914 -3552
-3911 -3548
-3908 -3544
-3905 -3540
-3902 -3536
-3899 -3532
-3896 -3528
-3893 -3524
-3890 -3520
-3887 -3516
-3884 -3512
-3881 -3508
-3878 -3504
-3875 -3500
-3872 -3496
-3869 -3492
-3866 -3488
-3863 -3484
-3860 -3480
-3857 -3476
-3854 -3472
-3851 -3468
-3848 -3464
-3845 -3460
-3842 -3456
-3839 -3452
-3836 -3448
-3833 -3444
-3830 -3440
-3827 -3436
-3824 -3432
-3821 -3428
-3818 -3424
-3815 -3420
-3812 -3416
-3809 -3412
-3806 -3408
-3803 -3404
-3800 -3400
-3797 -3396
-3794 -3392
-3791 -3388
-3788 -3384
-3785 -3380
-3782 -3376
-3779 -3372
-3776 -3368
-3773 -3364
-3770 -3360
-3767 -3356
-3764 -3352
-3761 -3348
-3758 -3344
-3755 -3340
-3752 -3336
-3749 -3332
-3746 -3328
-3743 -3324
-3740 -3320
-3737 -3316
-3734 -3312
-3731 -3308
-3728 -3304
-3725 -3300
-3722 -3296
-3719 -3292
-3716 -3288
-3713 -3284
-3710 -3280
-3707 -3276
-3704 -3272
-3701 -3268
-3698 -3264
-3695 -3260
-3692 -3256
-3689 -3252
-3686 -3248
-3683 -3244
-3680 -3240
-3677 -3236
-3674 -3232
-3671 -3228
-3668 -3224
-3665 -3220
-3662 -3216
-3659 -3212
-3656 -3208
-3653 -3204
-3650 -3200
-3647 -3196
-3644 -3192
-3641 -3188
-3638 -3184
-3635 -3180
-3632 -3176
-3629 -3172
-3626 -3168
-3623 -3164
-3620 -3160
-3617 -3156
-3614 -3152
-3611 -3148
-3608 -3144
-3605 -3140
-3602 -3136
-3599 -3132
-3596 -3128
-3593 -3124
-3590 -3120
-3587 -3116
-3584 -3112
-3581 -3108
-3578 -3104
-3575 -3100
-3572 -3096
-3569 -3092
-3566 -3088
-3563 -3084
-3560 -3080
-3557 -3076
-3554 -3072
-3551 -3068
-3548 -3064
-3545 -3060
-3542 -3056
-3539 -3052
-3536 -3048
-3533 -3044
-3530 -3040
-3527 -3036
-3524 -3032
-3521 -3028
-3518 -3024
-3515 -3020
-3512 -3016
-3509 -3012
-3506 -3008
-3503 -3004
-3500 -3000
-3497 -2996
-3494 -2992
-3491 -2988
-3488 -2984
-3485 -2980
-3482 -2976
-3479 -2972
-3476 -2968
-3473 -2964
-3470 -2960
-3467 -2956
-3464 -2952
-3461 -2948
-3458 -2944
-3455 -2940
-3452 -2936
-3449 -2932
-3446 -2928
-3443 -2924
-3440 -2920
-3437 -2916
-3434 -2912
-3431 -2908
-3428 -2904
-3425 -2900
-3422 -2896
-3419 -2892
-3416 -2888
-3413 -2884
-3410 -2880
-3407 -2876
-3404 -2872
-3401 -2868
-3398 -2864
-3395 -2860
-3392 -2856
-3389 -2852
-3386 -2848
-3383 -2844
-3380 -2840
-3377 -2836
-3374 -2832
-3371 -2828
-3368 -2824
-3365 -2820
-3362 -2816
-3359 -2812
-3356 -2808
-3353 -2804
-3350 -2800
-3347 -2796
-3344 -2792
-3341 -2788
-3338 -2784
-3335 -2780
-3332 -2776
-3329 -2772
-3326 -2768
-3323 -2764
-3320 -2760
-3317 -2756
-3314 -2752
-3311 -2748
-3308 -2744
-3305 -2740
-3302 -2736
-3299 -2732
-3296 -2728
-3293 -2724
-3290 -2720
-3287 -2716
-3284 -2712
-3281 -2708
-3278 -2704
-3275 -2700
-3272 -2696
-3269 -2692
-3266 -2688
-3263 -2684
-3260 -2680
-3257 -2676
-3254 -2672
-3251 -2668
-3248 -2664
-3245 -2660
-3242 -2656
-3239 -2652
-3236 -2648
-3233 -2644
-3230 -2640
-3227 -2636
-3224 -2632
-3221 -2628
-3218 -2624
-3215 -2620
-3212 -2616
-3209 -2612
-3206 -2608
-3203 -2604
-3200 -2600
-3197 -2596
-3194 -2592
-3191 -2588
-3188 -2584
-3185 -2580
-3182 -2576
-3179 -2572
-3176 -2568
-3173 -2564
-3170 -2560
-3167 -2556
-3164 -2552
-3161 -2548
-3158 -2544
-3155 -2540
-3152 -2536
-3149 -2532
-3146 -2528
-3143 -2524
-3140 -2520
-3137 -2516
-3134 -2512
-3131 -2508
-3128 -2504
-3125 -2500
-3122 -2496
-3119 -2492
-3116 -2488
-3113 -2484
-3110 -2480
-3107 -2476
-3104 -2472
-3101 -2468
-3098 -2464
-3095 -2460
-3092 -2456
-3089 -2452
-3086 -2448
-3083 -2444
-3080 -2440
-3077 -2436
-3074 -2432
-3071 -2428
-3068 -2424
-3065 -2420
-3062 -2416
-3059 -2412
-3056 -2408
-3053 -2404
-3050 -2400
-3047 -2396
-3044 -2392
-3041 -2388
-3038 -2384
-3035 -2380
-3032 -2376
-3029 -2372
-3026 -2368
-3023 -2364
-3020 -2360
-3017 -2356
-3014 -2352
-3011 -2348
-3008 -2344
-3005 -2340
-3002 -2336
-2999 -2332
-2996 -2328
-2993 -2324
-2990 -2320
-2987 -2316
-2984 -2312
-2981 -2308
-2978 -2304
-2975 -2300
-2972 -2296
-2969 -2292
-2966 -2288
-2963 -2284
-2960 -2280
-2957 -2276
-2954 -2272
-2951 -2268
-2948 -2264
-2945 -2260
-2942 -2256
-2939 -2252
-2936 -2248
-2933 -2244
-2930 -2240
-2927 -2236
-2924 -2232
-2921 -2228
-2918 -2224
-2915 -2220
-2912 -2216
-2909 -2212
-2906 -2208
-2903 -2204
-2900 -2200
-2897 -2196
-2894 -2192
-2891 -2188
-2888 -2184
-2885 -2180
-2882 -2176
-2879 -2172
-2876 -2168
-2873 -2164
-2870 -2160
-2867 -2156
-2864 -2152
-2861 -2148
-2858 -2144
-2855 -2140
-2852 -2136
-2849 -2132
-2846 -2128
-2843 -2124
-2840 -2120
-2837 -2116
-2834 -2112
-2831 -2108
-2828 -2104
-2825 -2100
-2822 -2096
-2819 -2092
-2816 -2088
-2813 -2084
-2810 -2080
-2807 -2076
-2804 -2072
-2801 -2068
-2798 -2064
-2795 -2060
-2792 -2056
-2789 -2052
-2786 -2048
-2783 -2044
-2780 -2040
-2777 -2036
-2774 -2032
-2771 -2028
-2768 -2024
-2765 -2020
-2762 -2016
-2759 -2012
-2756 -2008
-2753 -2004
-2750 -2000
-2747 -1996
-2744 -1992
-2741 -1988
-2738 -1984
-2735 -1980
-2732 -1976
-2729 -1972
-2726 -1968
-2723 -1964
-2720 -1960
-2717 -1956
-2714 -1952
-2711 -1948
-2708 -1944
-2705 -1940
-2702 -1936
-2699 -1932
-2696 -1928
-2693 -1924
-2690 -1920
-2687 -1916
-2684 -1912
-2681 -1908
-2678 -1904
-2675 -1900
-2672 -1896
-2669 -1892
-2666 -1888
-2663 -1884
-2660 -1880
-2657 -1876
-2654 -1872
-2651 -1868
-2648 -1864
-2645 -1860
-2642 -1856
-2639 -1852
-2636 -1848
-2633 -1844
-2630 -1840
-2627 -1836
-2624 -1832
-2621 -1828
-2618 -1824
-2615 -1820
-2612 -1816
-2609 -1812
-2606 -1808
-2603 -1804
-2600 -1800
-2597 -1796
-2594 -1792
-2591 -1788
-2588 -1784
-2585 -1780
-2582 -1776
-2579 -1772
-2576 -1768
-2573 -1764
-2570 -1760
-2567 -1756
-2564 -1752
-2561 -1748
-2558 -1744
-2555 -1740
-2552 -1736
-2549 -1732
-2546 -1728
-2543 -1724
-2540 -1720
-2537 -1716
-2534 -1712
-2531 -1708
-2528 -1704
-2525 -1700
-2522 -1696
-2519 -1692
-2516 -1688
-2513 -1684
-2510 -1680
-2507 -1676
-2504 -1672
-2501 -1668
-2498 -1664
-2495 -1660
-2492 -1656
-2489 -1652
-2486 -1648
-2483 -1644
-2480 -1640
-2477 -1636
-2474 -1632
-2471 -1628
-2468 -1624
-2465 -1620
-2462 -1616
-2459 -1612
-2456 -1608
-2453 -1604
-2450 -1600
-2447 -1596
-2444 -1592
-2441 -1588
-2438 -1584
-2435 -1580
-2432 -1576
-2429 -1572
-2426 -1568
-2423 -1564
-2420 -1560
-2417 -1556
-2414 -1552
-2411 -1548
-2408 -1544
-2405 -1540
-2402 -1536
-2399 -1532
-2396 -1528
-2393 -1524
-2390 -1520
-2387 -1516
-2384 -1512
-2381 -1508
-2378 -1504
-2375 -1500
-2372 -1496
-2369 -1492
-2366 -1488
-2363 -1484
-2360 -1480
-2357 -1476
-2354 -1472
-2351 -1468
-2348 -1464
-2345 -1460
-2342 -1456
-2339 -1452
-2336 -1448
-2333 -1444
-2330 -1440
-2327 -1436
-2324 -1432
-2321 -1428
-2318 -1424
-2315 -1420
-2312 -1416
-2309 -1412
-2306 -1408
-2303 -1404
-2300 -1400
-2297 -1396
-2294 -1392
-2291 -1388
-2288 -1384
-2285 -1380
-2282 -1376
-2279 -1372
-2276 -1368
-2273 -1364
-2270 -1360
-2267 -1356
-2264 -1352
-2261 -1348
-2258 -1344
-2255 -1340
-2252 -1336
-2249 -1332
-2246 -1328
-2243 -1324
-2240 -1320
-2237 -1316
-2234 -1312
-2231 -1308
-2228 -1304
-2225 -1300
-2222 -1296
-2219 -1292
-2216 -1288
-2213 -1284
-2210 -1280
-2207 -1276
-2204 -1272
-2201 -1268
-2198 -1264
-2195 -1260
-2192 -1256
-2189 -1252
-2186 -1248
-2183 -1244
-2180 -1240
-2177 -1236
-2174 -1232
-2171 -1228
-2168 -1224
-2165 -1220
-2162 -1216
-2159 -1212
-2156 -1208
-2153 -1204
-2150 -1200
-2147 -1196
-2144 -1192
-2141 -1188
-2138 -1184
-2135 -1180
-2132 -1176
-2129 -1172
-2126 -1168
-2123 -1164
-2120 -1160
-2117 -1156
-2114 -1152
-2111 -1148
-2108 -1144
-2105 -1140
-2102 -1136
-2099 -1132
-2096 -1128
-2093 -1124
-2090 -1120
-2087 -1116
-2084 -1112
-2081 -1108
-2078 -1104
-2075 -1100
-2072 -1096
-2069 -1092
-2066 -1088
-2063 -1084
-2060 -1080
-2057 -1076
-2054 -1072
-2051 -1068
-2048 -1064
-2045 -1060
-2042 -1056
-2039 -1052
-2036 -1048
-2033 -1044
-2030 -1040
-2027 -1036
-2024 -1032
-2021 -1028
-2018 -1024
-2015 -1020
-2012 -1016
-2009 -1012
-2006 -1008
-2003 -1004
-2000 -1000
-1997 -996
-1994 -992
-1991 -988
-1988 -984
-1985 -980
-1982 -976
-1979 -972
-1976 -968
-1973 -964
-1970 -960
-1967 -956
-1964 -952
-1961 -948
-1958 -944
-1955 -940
-1952 -936
-1949 -932
-1946 -928
-1943 -924
-1940 -920
-1937 -916
-1934 -912
-1931 -908
-1928 -904
-1925 -900
-1922 -896
-1919 -892
-1916 -888
-1913 -884
-1910 -880
-1907 -876
-1904 -872
-1901 -868
-1898 -864
-1895 -860
-1892 -856
-1889 -852
-1886 -848
-1883 -844
-1880 -840
-1877 -836
-1874 -832
-1871 -828
-1868 -824
-1865 -820
-1862 -816
-1859 -812
-1856 -808
-1853 -804
-1850 -800
-1847 -796
-1844 -792
-1841 -788
-1838 -784
-1835 -780
-1832 -776
-1829 -772
-1826 -768
-1823 -764
-1820 -760
-1817 -756
-1814 -752
-1811 -748
-1808 -744
-1805 -740
-1802 -736
-1799 -732
-1796 -728
-1793 -724
-1790 -720
-1787 -716
-1784 -712
-1781 -708
-1778 -704
-1775 -700
-1772 -696
-1769 -692
-1766 -688
-1763 -684
-1760 -680
-1757 -676
-1754 -672
-1751 -668
-1748 -664
-1745 -660
-1742 -656
-1739 -652
-1736 -648
-1733 -644
-1730 -640
-1727 -636
-1724 -632
-1721 -628
-1718 -624
-1715 -620
-1712 -616
-1709 -612
-1706 -608
-1703 -604
-1700 -600
-1697 -596
-1694 -592
-1691 -588
-1688 -584
-1685 -580
-1682 -576
-1679 -572
-1676 -568
-1673 -564
-1670 -560
-1667 -556
-1664 -552
-1661 -548
-1658 -544
-1655 -540
-1652 -536
-1649 -532
-1646 -528
-1643 -524
-1640 -520
-1637 -516
-1634 -512
-1631 -508
-1628 -504
-1625 -500
-1622 -496
-1619 -492
-1616 -488
-1613 -484
-1610 -480
-1607 -476
-1604 -472
-1601 -468
-1598 -464
-1595 -460
-1592 -456
-1589 -452
-1586 -448
-1583 -444
-1580 -440
-1577 -436
-1574 -432
-1571 -428
-1568 -424
-1565 -420
-1562 -416
-1559 -412
-1556 -408
-1553 -404
-1550 -400
-1547 -396
-1544 -392
-1541 -388
-1538 -384
-1535 -380
-1532 -376
-1529 -372
-1526 -368
-1523 -364
-1520 -360
-1517 -356
-1514 -352
-1511 -348
-1508 -344
-1505 -340
-1502 -336
-1499 -332
-1496 -328
-1493 -324
-1490 -320
-1487 -316
-1484 -312
-1481 -308
-1478 -304
-1475 -300
-1472 -296
-1469 -292
-1466 -288
-1463 -284
-1460 -280
-1457 -276
-1454 -272
-1451 -268
-1448 -264
-1445 -260
-1442 -256
-1439 -252
-1436 -248
-1433 -244
-1430 -240
-1427 -236
-1424 -232
-1421 -228
-1418 -224
-1415 -220
-1412 -216
-1409 -212
-1406 -208
-1403 -204
-1400 -200
-1397 -196
-1394 -192
-1391 -188
-1388 -184
-1385 -180
-1382 -176
-1379 -172
-1376 -168
-1373 -164
-1370 -160
-1367 -156
-1364 -152
-1361 -148
-1358 -144
-1355 -140
-1352 -136
-1349 -132
-1346 -128
-1343 -124
-1340 -120
-1337 -116
-1334 -112
-1331 -108
-1328 -104
-1325 -100
-1322 -96
-1319 -92
-1316 -88
-1313 -84
-1310 -80
-1307 -76
-1304 -72
-1301 -68
-1298 -64
-1295 -60
-1292 -56
-1289 -52
-1286 -48
-1283 -44
-1280 -40
-1277 -36
-1274 -32
-1271 -28
-1268 -24
-1265 -20
-1262 -16
-1259 -12
-1256 -8
-1253 -4
-1250 0
-1247 4
-1244 8
-1241 12
-1238 16
-1235 20
-1232 24
-1229 28
-1226 32
-1223 36
-1220 40
-1217 44
-1214 48
-1211 52
-1208 56
-1205 60
-1202 64
-1199 68
-1196 72
-1193 76
-1190 80
-1187 84
-1184 88
-1181 92
-1178 96
-1175 100
-1172 104
-1169 108
-1166 112
-1163 116
-1160 120
-1157 124
-1154 128
-1151 132
-1148 136
-1145 140
-1142 144
-1139 148
-1136 152
-1133 156
-1130 160
-1127 164
-1124 168
-1121 172
-1118 176
-1115 180
-1112 184
-1109 188
-1106 192
-1103 196
-1100 200
-1097 204
-1094 208
-1091 212
-1088 216
-1085 220
-1082 224
-1079 228
-1076 232
-1073 236
-1070 240
-1067 244
-1064 248
-1061 252
-1058 256
-1055 260
-1052 264
-1049 268
-1046 272
-1043 276
-1040 280
-1037 284
-1034 288
-1031 292
-1028 296
-1025 300
-1022 304
-1019 308
-1016 312
-1013 316
-1010 320
-1007 324
-1004 328
-1001 332
-998 336
-995 340
-992 344
-989 348
-986 352
-983 356
-980 360
-977 364
-974 368
-971 372
-968 376
-965 380
-962 384
-959 388
-956 392
-953 396
-950 400
-947 404
-944 408
-941 412
-938 416
-935 420
-932 424
-929 428
-926 432
-923 436
-920 440
-917 444
-914 448
-911 452
-908 456
-905 460
-902 464
-899 468
-896 472
-893 476
-890 480
-887 484
-884 488
-881 492
-878 496
-875 500
-872 504
-869 508
-866 512
-863 516
-860 520
-857 524
-854 528
-851 532
-848 536
-845 540
-842 544
-839 548
-836 552
-833 556
-830 560
-827 564
-824 568
-821 572
-818 576
-815 580
-812 584
-809 588
-806 592
-803 596
-800 600
-797 604
-794 608
-791 612
-788 616
-785 620
-782 624
-779 628
-776 632
-773 636
-770 640
-767 644
-764 648
-761 652
-758 656
-755 660
-752 664
-749 668
-746 672
-743 676
-740 680
-737 684
-734 688
-731 692
-728 696
-725 700
-722 704
-719 708
-716 712
-713 716
-710 720
-707 724
-704 728
-701 732
-698 736
-695 740
-692 744
-689 748
-686 752
-683 756
-680 760
-677 764
-674 768
-671 772
-668 776
-665 780
-662 784
-659 788
-656 792
-653 796
-650 800
-647 804
-644 808
-641 812
-638 816
-635 820
-632 824
-629 828
-626 832
-623 836
-620 840
-617 844
-614 848
-611 852
-608 856
-605 860
-602 864
-599 868
-596 872
-593 876
-590 880
-587 884
-584 888
-581 892
-578 896
-575 900
-572 904
-569 908
-566 912
-563 916
-560 920
-557 924
-554 928
-551 932
-548 936
-545 940
-542 944
-539 948
-536 952
-533 956
-530 960
-527 964
-524 968
-521 972
-518 976
-515 980
-512 984
-509 988
-506 992
-503 996
-500 1000
-497 1004
-494 1008
-491 1012
-488 1016
-485 1020
-482 1024
-479 1028
-476 1032
-473 1036
-470 1040
-467 1044
-464 1048
-461 1052
-458 1056
-455 1060
-452 1064
-449 1068
-446 1072
-443 1076
-440 1080
-437 1084
-434 1088
-431 1092
-428 1096
-425 1100
-422 1104
-419 1108
-416 1112
-413 1116
-410 1120
-407 1124
-404 1128
-401 1132
-398 1136
-395 1140
-392 1144
-389 1148
-386 1152
-383 1156
-380 1160
-377 1164
-374 1168
-371 1172
-368 1176
-365 1180
-362 1184
-359 1188
-356 1192
-353 1196
-350 1200
-347 1204
-344 1208
-341 1212
-338 1216
-335 1220
-332 1224
-329 1228
-326 1232
-323 1236
-320 1240
-317 1244
-314 1248
-311 1252
-308 1256
-305 1260
-302 1264
-299 1268
-296 1272
-293 1276
-290 1280
-287 1284
-284 1288
-281 1292
-278 1296
-275 1300
-272 1304
-269 1308
-266 1312
-263 1316
-260 1320
-257 1324
-254 1328
-251 1332
-248 1336
-245 1340
-242 1344
-239 1348
-236 1352
-233 1356
-230 1360
-227 1364
-224 1368
-221 1372
-218 1376
-215 1380
-212 1384
-209 1388
-206 1392
-203 1396
-200 1400
-197 1404
-194 1408
-191 1412
-188 1416
-185 1420
-182 1424
-179 1428
-176 1432
-173 1436
-170 1440
-167 1444
-164 1448
-161 1452
-158 1456
-155 1460
-152 1464
-149 1468
-146 1472
-143 1476
-140 1480
-137 1484
-134 1488
-131 1492
-128 1496
-125 1500
-122 1504
-119 1508
-116 1512
-113 1516
-110 1520
-107 1524
-104 1528
-101 1532
-98 1536
-95 1540
-92 1544
-89 1548
-86 1552
-83 1556
-80 1560
-77 1564
-74 1568
-71 1572
-68 1576
-65 1580
-62 1584
-59 1588
-56 1592
-53 1596
-50 1600
-47 1604
-44 1608
-41 1612
-38 1616
-35 1620
-32 1624
-29 1628
-26 1632
-23 1636
-20 1640
-17 1644
-14 1648
-11 1652
-8 1656
-5 1660
-2 1664
1 1668
4 1672
7 1676
10 1680
13 1684
16 1688
19 1692
22 1696
25 1700
28 1704
31 1708
34 1712
37 1716
40 1720
43 1724
46 1728
49 1732
52 1736
55 1740
58 1744
61 1748
64 1752
67 1756
70 1760
73 1764
76 1768
79 1772
82 1776
85 1780
88 1784
91 1788
94 1792
97 1796
100 1800
103 1804
106 1808
109 1812
112 1816
115 1820
118 1824
121 1828
124 1832
127 1836
130 1840
133 1844
136 1848
139 1852
142 1856
145 1860
148 1864
151 1868
154 1872
157 1876
160 1880
163 1884
166 1888
169 1892
172 1896
175 1900
178 1904
181 1908
184 1912
187 1916
190 1920
193 1924
196 1928
199 1932
202 1936
205 1940
208 1944
211 1948
214 1952
217 1956
220 1960
223 1964
226 1968
229 1972
232 1976
235 1980
238 1984
241 1988
244 1992
247 1996
250 2000
253 2004
256 2008
259 2012
262 2016
265 2020
268 2024
271 2028
274 2032
277 2036
280 2040
283 2044
286 2048
289 2052
292 2056
295 2060
298 2064
301 2068
304 2072
307 2076
310 2080
313 2084
316 2088
319 2092
322 2096
325 2100
328 2104
331 2108
334 2112
337 2116
340 2120
343 2124
346 2128
349 2132
352 2136
355 2140
358 2144
361 2148
364 2152
367 2156
370 2160
373 2164
376 2168
379 2172
382 2176
385 2180
388 2184
391 2188
394 2192
397 2196
400 2200
403 2204
406 2208
409 2212
412 2216
415 2220
418 2224
421 2228
424 2232
427 2236
430 2240
433 2244
436 2248
439 2252
442 2256
445 2260
448 2264
451 2268
454 2272
457 2276
460 2280
463 2284
466 2288
469 2292
472 2296
475 2300
478 2304
481 2308
484 2312
487 2316
490 2320
493 2324
496 2328
499 2332
502 2336
505 2340
508 2344
511 2348
514 2352
517 2356
520 2360
523 2364
526 2368
529 2372
532 2376
535 2380
538 2384
541 2388
544 2392
547 2396
550 2400
553 2404
556 2408
559 2412
562 2416
565 2420
568 2424
571 2428
574 2432
577 2436
580 2440
583 2444
586 2448
589 2452
592 2456
595 2460
598 2464
601 2468
604 2472
607 2476
610 2480
613 2484
616 2488
619 2492
622 2496
625 2500
628 2504
631 2508
634 2512
637 2516
640 2520
643 2524
646 2528
649 2532
652 2536
655 2540
658 2544
661 2548
664 2552
667 2556
670 2560
673 2564
676 2568
679 2572
682 2576
685 2580
688 2584
691 2588
694 2592
697 2596
700 2600
703 2604
706 2608
709 2612
712 2616
715 2620
718 2624
721 2628
724 2632
727 2636
730 2640
733 2644
736 2648
739 2652
742 2656
745 2660
748 2664
751 2668
754 2672
757 2676
760 2680
763 2684
766 2688
769 2692
772 2696
775 2700
778 2704
781 2708
784 2712
787 2716
790 2720
793 2724
796 2728
799 2732
802 2736
805 2740
808 2744
811 2748
814 2752
817 2756
820 2760
823 2764
826 2768
829 2772
832 2776
835 2780
838 2784
841 2788
844 2792
847 2796
850 2800
853 2804
856 2808
859 2812
862 2816
865 2820
868 2824
871 2828
874 2832
877 2836
880 2840
883 2844
886 2848
889 2852
892 2856
895 2860
898 2864
901 2868
904 2872
907 2876
910 2880
913 2884
916 2888
919 2892
922 2896
925 2900
928 2904
931 2908
934 2912
937 2916
940 2920
943 2924
946 2928
949 2932
952 2936
955 2940
958 2944
961 2948
964 2952
967 2956
970 2960
973 2964
976 2968
979 2972
982 2976
985 2980
988 2984
991 2988
994 2992
997 2996
1000 3000
1003 3004
1006 3008
1009 3012
1012 3016
1015 3020
1018 3024
1021 3028
1024 3032
1027 3036
1030 3040
1033 3044
1036 3048
1039 3052
1042 3056
1045 3060
1048 3064
1051 3068
1054 3072
1057 3076
1060 3080
1063 3084
1066 3088
1069 3092
1072 3096
1075 3100
1078 3104
1081 3108
1084 3112
1087 3116
1090 3120
1093 3124
1096 3128
1099 3132
1102 3136
1105 3140
1108 3144
1111 3148
1114 3152
1117 3156
1120 3160
1123 3164
1126 3168
1129 3172
1132 3176
1135 3180
1138 3184
1141 3188
1144 3192
1147 3196
1150 3200
1153 3204
1156 3208
1159 3212
1162 3216
1165 3220
1168 3224
1171 3228
1174 3232
1177 3236
1180 3240
1183 3244
1186 3248
1189 3252
1192 3256
1195 3260
1198 3264
1201 3268
1204 3272
1207 3276
1210 3280
1213 3284
1216 3288
1219 3292
1222 3296
1225 3300
1228 3304
1231 3308
1234 3312
1237 3316
1240 3320
1243 3324
1246 3328
1249 3332
1252 3336
1255 3340
1258 3344
1261 3348
1264 3352
1267 3356
1270 3360
1273 3364
1276 3368
1279 3372
1282 3376
1285 3380
1288 3384
1291 3388
1294 3392
1297 3396
1300 3400
1303 3404
1306 3408
1309 3412
1312 3416
1315 3420
1318 3424
1321 3428
1324 3432
1327 3436
1330 3440
1333 3444
1336 3448
1339 3452
1342 3456
1345 3460
1348 3464
1351 3468
1354 3472
1357 3476
1360 3480
1363 3484
1366 3488
1369 3492
1372 3496
1375 3500
1378 3504
1381 3508
1384 3512
1387 3516
1390 3520
1393 3524
1396 3528
1399 3532
1402 3536
1405 3540
1408 3544
1411 3548
1414 3552
1417 3556
1420 3560
1423 3564
1426 3568
1429 3572
1432 3576
1435 3580
1438 3584
1441 3588
1444 3592
1447 3596
1450 3600
1453 3604
1456 3608
1459 3612
1462 3616
1465 3620
1468 3624
1471 3628
1474 3632
1477 3636
1480 3640
1483 3644
1486 3648
1489 3652
1492 3656
1495 3660
1498 3664
1501 3668
1504 3672
1507 3676
1510 3680
1513 3684
1516 3688
1519 3692
1522 3696
1525 3700
1528 3704
1531 3708
1534 3712
1537 3716
1540 3720
1543 3724
1546 3728
1549 3732
1552 3736
1555 3740
1558 3744
1561 3748
1564 3752
1567 3756
1570 3760
1573 3764
1576 3768
1579 3772
1582 3776
1585 3780
1588 3784
1591 3788
1594 3792
1597 3796
1600 3800
1603 3804
1606 3808
1609 3812
1612 3816
1615 3820
1618 3824
1621 3828
1624 3832
1627 3836
1630 3840
1633 3844
1636 3848
1639 3852
1642 3856
1645 3860
1648 3864
1651 3868
1654 3872
1657 3876
1660 3880
1663 3884
1666 3888
1669 3892
1672 3896
1675 3900
1678 3904
1681 3908
1684 3912
1687 3916
1690 3920
1693 3924
1696 3928
1699 3932
1702 3936
1705 3940
1708 3944
1711 3948
1714 3952
1717 3956
1720 3960
1723 3964
1726 3968
1729 3972
1732 3976
1735 3980
1738 3984
1741 3988
1744 3992
1747 3996
1750 4000
1753 4004
1756 4008
1759 4012
1762 4016
1765 4020
1768 4024
1771 4028
1774 4032
1777 4036
1780 4040
1783 4044
1786 4048
1789 4052
1792 4056
1795 4060
1798 4064
1801 4068
1804 4072
1807 4076
1810 4080
1813 4084
1816 4088
1819 4092
1822 4096
1825 4100
1828 4104
1831 4108
1834 4112
1837 4116
1840 4120
1843 4124
1846 4128
1849 4132
1852 4136
1855 4140
1858 4144
1861 4148
1864 4152
1867 4156
1870 4160
1873 4164
1876 4168
1879 4172
1882 4176
1885 4180
1888 4184
1891 4188
1894 4192
1897 4196
1900 4200
1903 4204
1906 4208
1909 4212
1912 4216
1915 4220
1918 4224
1921 4228
1924 4232
1927 4236
1930 4240
1933 4244
1936 4248
1939 4252
1942 4256
1945 4260
1948 4264
1951 4268
1954 4272
1957 4276
1960 4280
1963 4284
1966 4288
1969 4292
1972 4296
1975 4300
1978 4304
1981 4308
1984 4312
1987 4316
1990 4320
1993 4324
1996 4328
1999 4332
2002 4336
2005 4340
2008 4344
2011 4348
2014 4352
2017 4356
2020 4360
2023 4364
2026 4368
2029 4372
2032 4376
2035 4380
2038 4384
2041 4388
2044 4392
2047 4396
2050 4400
2053 4404
2056 4408
2059 4412
2062 4416
2065 4420
2068 4424
2071 4428
2074 4432
2077 4436
2080 4440
2083 4444
2086 4448
2089 4452
2092 4456
2095 4460
2098 4464
2101 4468
2104 4472
2107 4476
2110 4480
2113 4484
2116 4488
2119 4492
2122 4496
2125 4500
2128 4504
2131 4508
2134 4512
2137 4516
2140 4520
2143 4524
2146 4528
2149 4532
2152 4536
2155 4540
2158 4544
2161 4548
2164 4552
2167 4556
2170 4560
2173 4564
2176 4568
2179 4572
2182 4576
2185 4580
2188 4584
2191 4588
2194 4592
2197 4596
2200 4600
2203 4604
2206 4608
2209 4612
2212 4616
2215 4620
2218 4624
2221 4628
2224 4632
2227 4636
2230 4640
2233 4644
2236 4648
2239 4652
2242 4656
2245 4660
2248 4664
2251 4668
2254 4672
2257 4676
2260 4680
2263 4684
2266 4688
2269 4692
2272 4696
2275 4700
2278 4704
2281 4708
2284 4712
2287 4716
2290 4720
2293 4724
2296 4728
2299 4732
2302 4736
2305 4740
2308 4744
2311 4748
2314 4752
2317 4756
2320 4760
2323 4764
2326 4768
2329 4772
2332 4776
2335 4780
2338 4784
2341 4788
2344 4792
2347 4796
2350 4800
2353 4804
2356 4808
2359 4812
2362 4816
2365 4820
2368 4824
2371 4828
2374 4832
2377 4836
2380 4840
2383 4844
2386 4848
2389 4852
2392 4856
2395 4860
2398 4864
2401 4868
2404 4872
2407 4876
2410 4880
2413 4884
2416 4888
2419 4892
2422 4896
2425 4900
2428 4904
2431 4908
2434 4912
2437 4916
2440 4920
2443 4924
2446 4928
2449 4932
2452 4936
2455 4940
2458 4944
2461 4948
2464 4952
2467 4956
2470 4960
2473 4964
2476 4968
2479 4972
2482 4976
2485 4980
2488 4984
2491 4988
2494 4992
2497 4996
2500 5000
