3029
7162
9034
9468
2007
9593
2294
4867
5803
7563
8182
1157
8151
167
1758
5291
2209
6765
7107
7665
1938
1537
2827
8619
1325
1561
4082
7553
7146
5524
7910
1953
2411
6267
5020
4137
8274
9087
572
1535
6898
9198
6348
1315
3562
4999
9338
8732
7588
180
904
3099
3694
4212
6448
9109
5865
4613
5520
1509
3857
3921
6467
3192
5544
3849
5086
765
9306
2379
443
6388
5678
8634
73
3393
9136
2358
483
6425
7539
845
2302
5609
366
776
1431
4498
6810
9564
8765
4112
5558
4060
2872
4286
1485
589
3560
4596
5896
7278
2643
597
2639
6969
1059
2510
9611
4791
6594
7204
6880
8187
8382
8816
7873
4611
2542
6989
4493
4649
9148
7759
7519
5780
7292
7786
516
1210
5318
6530
2012
2138
2154
3130
1402
195
3154
6824
5965
47
4762
3948
9738
941
3170
7070
1089
6733
231
8594
1039
3027
5380
2482
8000
6143
3943
7152
7589
6691
451
6052
8552
8460
7096
6557
7475
2892
9275
9641
7867
8250
2572
5934
3241
4350
6074
5819
7030
2385
3319
9436
2671
2979
9227
7844
9898
2694
8330
8504
3985
4660
4870
8117
8008
3367
8730
2608
1438
2842
9384
441
1307
758
1739
3526
2291
8172
8174
2615
1972
8428
1377
4474
7080
8201
1732
3589
9022
1372
6757
997
8888
3150
7166
7104
4533
6270
3874
6581
4393
5225
9692
4422
7405
9849
190
6025
3898
1776
3374
8259
2195
6148
3387
1416
9513
7552
8805
3107
1302
2399
2863
637
928
6341
7306
62
602
774
8880
2905
8742
2086
8034
1349
4471
5751
6131
4665
128
1223
5667
6003
1221
1639
268
7101
2103
7142
2191
2354
9705
5805
4021
1914
1872
2965
64
340
3859
1449
2886
4700
8693
9472
2499
7255
1896
5986
628
9685
4252
2394
1852
6696
7432
1018
6224
9358
3396
8942
4803
7860
1395
2404
1225
782
7971
5725
7502
4593
8003
1523
2631
5287
9963
3431
9015
6613
9077
3240
7143
8884
8850
5135
1033
7291
9191
520
3846
4027
5315
6402
2997
174
5015
5306
4628
6285
2809
7792
681
7767
4462
3642
3166
7672
2391
2151
3105
9810
632
1866
5200
849
8894
7864
4271
345
4787
1257
9996
2936
7084
9828
4478
7111
2585
9536
2273
5278
8451
4378
2008
8378
3209
7420
4485
7833
2713
2034
4594
4633
1532
1337
7466
9177
3140
5799
4028
9713
4675
7708
9554
4420
9031
686
1805
3653
4995
8193
7389
3509
4907
2021
8526
7618
6987
600
3304
8300
6694
2832
5143
9200
9292
3416
9069
860
6510
7629
40
1517
7018
9646
540
6166
6681
9549
1984
8053
6050
9525
6962
3747
1118
756
8529
669
1743
6473
735
2075
1962
4834
7877
7263
8780
5950
7463
9091
590
3537
5974
9174
780
4330
6273
2930
6306
5823
7340
5344
5592
5533
2109
1646
9324
9241
6086
8416
5066
1539
8817
9717
3802
7896
4755
7715
6916
367
773
2810
8476
2445
3925
3449
4925
6851
7694
9931
3852
6233
8165
2283
2387
1515
118
1800
6561
7936
5423
4124
4254
5375
9595
9938
6162
4176
6070
158
2957
9991
3968
4450
2887
8652
9632
2914
3204
177
250
4545
9244
4262
8964
6751
8882
3692
1715
3198
7297
903
6295
3196
4598
8759
2135
8315
7700
8512
8031
7948
275
9099
8566
4413
1235
1463
6979
9309
9655
8778
98
1044
2288
4943
9114
1476
5832
4570
5613
7912
4738
3622
4207
6768
3095
5822
5092
3079
3022
9379
5303
4901
5496
6079
9449
2990
9469
4121
1054
1345
4257
7089
9617
3132
8486
8044
2245
230
1020
4730
6077
328
9127
3713
5245
1502
4796
7042
141
6075
8644
410
434
3270
6644
4249
1494
3039
6658
9659
1867
5077
8919
9232
8001
823
8147
2117
1197
8544
3351
293
67
2879
4017
7515
5545
1028
5083
7200
7727
469
566
9271
8279
2575
9346
1772
9030
9729
8990
4874
7300
6168
6516
7446
9155
2906
1749
6383
7039
4308
1582
4409
6690
5608
8588
42
34
743
4038
875
2079
887
4376
879
4063
5877
7441
3454
147
305
1393
3930
7157
8306
5948
9131
1025
1184
1644
333
569
5178
1317
1882
6926
6337
7399
7217
7220
259
2522
8917
1481
3390
3819
4383
4646
6783
3684
8746
9150
318
4759
3001
5486
6924
9248
9298
9941
6868
3013
3186
3251
72
796
2231
7645
3964
8513
7522
4710
1420
7480
2617
3757
9522
4766
1642
2292
7666
2781
2841
9588
581
2560
7194
5530
6745
1389
7817
1825
5923
7746
4476
8585
4278
9277
185
2
249
706
1266
6324
2218
1358
5350
3582
4955
9398
3497
1335
5633
5373
1010
1122
7189
9283
577
1760
8754
2749
3919
8277
3807
7725
3280
3564
5919
378
4397
5430
3780
3549
6242
429
6949
6567
5213
2485
4065
8444
3193
2119
4166
6665
2697
5384
4774
2791
3547
2441
6036
189
5342
2111
2494
1844
859
5470
695
9916
6741
1080
3675
8026
8358
3745
330
4122
954
7674
194
3162
5319
5747
6952
2116
3792
8407
6899
1588
4099
4355
7062
6398
1107
3333
6706
510
1904
8145
7531
425
7524
8869
2331
3299
7462
2262
6906
1514
3663
8937
9176
4692
9885
9945
4563
8846
8049
8472
8821
5165
3644
6887
8321
9805
529
4499
6312
7280
8637
2130
3892
5328
7337
3356
698
1558
4741
7034
6350
3885
9119
9409
2889
3552
7789
5539
8463
257
5128
136
3689
2047
8303
4990
103
8901
1286
4321
9165
6097
8688
2159
6933
5261
461
6277
4433
518
9333
2451
7023
7484
6826
7343
2242
5033
8248
1576
5864
4154
4284
4978
7053
3660
5713
6352
492
4868
7888
9318
1720
8601
9765
9389
547
6188
4590
504
5281
9442
35
2077
6955
9016
8843
3794
8210
3200
5145
5205
1272
1674
8612
8911
1522
7923
1250
7259
8402
7660
4829
5237
8377
8676
6090
6484
3178
5393
8090
8223
5491
6563
270
7054
2598
8037
2992
3282
5841
5268
9853
5605
5642
9374
5358
9085
9854
7994
361
2939
4488
717
5505
3891
3867
5649
5002
4031
4549
1190
1782
4540
3916
8841
8534
5483
6801
9173
6538
2773
3467
2752
9905
999
7556
6147
7353
3774
3030
3234
7551
8673
8391
824
7779
9572
7763
8339
9261
165
5039
6931
2173
6859
9986
2637
8574
3593
7240
4210
4578
4794
7327
5770
6142
8803
5782
1729
2968
4811
6160
8010
5513
2547
8099
9561
171
8360
6714
4734
4889
1171
8030
8374
9762
3858
5984
9363
8346
3805
5943
2080
4951
9439
4344
7768
7103
1510
8079
3413
3407
8622
9331
9368
376
3288
5588
7412
7915
3007
3489
6218
5499
8727
8630
3973
6037
4059
7582
9546
2293
1525
9851
4958
5907
2782
9628
4910
2755
2067
626
530
4993
6183
5722
2143
6010
2344
8104
5561
6171
8932
5791
1671
3883
1793
439
183
3720
3394
1710
9350
3346
9923
3459
298
2178
303
151
6909
7933
2898
911
279
5976
9216
9664
3990
8196
1973
3563
4637
9404
1988
9047
2988
7753
1109
2937
307
3237
3257
8438
8678
1815
9268
1893
942
5726
9128
519
8075
2319
6133
4816
6116
8788
8811
8102
8103
3598
1672
9639
3951
4948
1088
5801
3217
6692
7370
3401
3993
7120
7785
2802
9395
9756
5921
5759
3122
8124
8674
1822
1722
3629
6959
1935
3474
9574
1231
2011
2333
2851
4573
7600
8851
2526
3223
448
4035
7212
2535
6833
8362
931
6730
9953
2983
9405
4896
5581
5057
7973
2684
6033
85
9586
799
7808
3878
5622
7797
5908
6998
3628
5810
4309
5640
5464
4761
4385
8219
5139
1547
5901
9694
1965
2215
5962
7579
6513
5771
2225
344
8433
3738
1854
4251
5378
2553
9740
7914
8388
5229
7616
4726
2026
5670
5879
2104
96
4110
4161
3321
9352
8469
4579
1239
7303
5902
9429
7572
3259
9524
1527
957
8624
2133
2435
3229
2243
2300
877
5111
3828
2479
3250
4475
6650
8697
107
977
9305
9601
5095
5198
1618
1007
2974
4651
4940
4720
2439
3567
8837
7
1614
2670
4115
4247
6260
7128
9887
2043
2407
7411
2758
7118
1668
3232
617
6135
5232
555
7525
9880
4348
4129
5946
5536
1248
9210
9872
3510
1232
4101
5307
5026
5207
1594
5263
9488
1863
1690
4079
7057
7738
477
3585
2355
8654
1140
9948
4159
1341
8308
8441
651
7569
4002
6616
6703
3446
316
6832
2381
2396
6718
9256
1737
7657
1012
7712
7613
1093
7897
7342
5189
7192
836
3578
327
4048
7073
4519
5266
7283
2582
5370
1790
4026
9413
1764
3136
9316
348
6403
1468
1472
1227
6803
6802
2238
6889
7114
3772
7943
749
8857
9847
2327
4073
381
5269
9343
5097
2110
7035
8132
9920
8289
5857
7181
2279
8018
8380
287
3861
4255
7159
6381
4983
6874
4552
7453
5124
8986
9464
3971
4169
7386
9181
9547
832
3518
3716
9146
312
5826
6653
9329
1503
4134
1770
7740
2082
6895
1603
6363
3046
5728
8605
4516
3941
5874
8498
5046
1803
228
6618
3060
2837
8859
375
9101
6716
1827
2807
3569
137
392
1084
7133
1102
1813
5620
6847
7490
648
3932
838
7439
2911
4056
6545
6058
4426
6492
7987
1068
3854
6673
7839
1186
535
8714
113
4934
247
5388
304
5817
3956
8554
9895
3769
7605
6664
1997
5024
5176
7892
266
3873
99
3273
5028
9822
4328
9961
4113
5809
3686
9095
3072
6628
4853
8782
6445
8948
4881
1156
5904
1862
2835
1806
1212
6118
4053
9010
341
244
5400
1034
1609
6344
385
8748
2864
7929
6570
923
215
4625
8699
6531
7129
1278
3876
5686
8253
6519
5736
9075
5304
9537
6507
2106
8405
971
1730
1846
3493
7540
1956
2688
7175
2261
3865
5940
5271
3365
7647
3002
7503
386
884
7244
9365
989
4199
1466
8702
1410
5718
8038
8541
1309
8808
9668
7422
9769
1679
778
2072
6678
5326
8877
8520
2343
7167
7542
8207
9454
4078
5253
7486
1305
7471
500
4752
8665
9634
9775
3246
7075
2464
1647
8470
9982
5071
6634
9517
7935
2430
1841
8458
6715
4827
6289
5699
5932
6179
8683
8493
4777
4686
2409
3050
2427
8786
8981
1709
9024
588
1916
3513
7141
7356
5806
2885
4407
8238
6588
1745
2233
7823
7026
1479
3112
692
32
3400
7514
2867
9825
4459
6879
1483
1482
8750
9981
6268
9028
6787
8944
8943
21
3704
2460
4852
9121
8316
1475
2953
5366
755
1880
2681
4487
8793
5416
6499
2569
6331
2377
8886
7363
4603
6339
4323
4187
9160
2489
4221
252
8285
1663
8629
1211
9637
396
5690
3045
5404
3102
7233
8518
2655
5800
8367
9048
1117
1002
1369
2768
4667
1531
197
196
9082
5597
4495
8799
908
1632
7077
4260
6271
9062
4912
4963
6449
4293
6409
9773
3294
2707
9394
9682
6375
5758
8202
6522
6770
2200
9204
4280
6102
2265
9827
3064
1921
5664
7567
6476
9603
3670
5493
4636
471
3790
7802
2503
2149
7251
4189
5116
8208
370
2514
4412
1735
7965
7199
5777
9371
2063
6558
1705
1158
2908
2907
6845
4402
7015
6584
2051
889
9774
5970
9857
3544
3583
8142
945
3923
5064
4643
5285
9164
5787
4357
6850
6314
9424
7266
3056
8669
5915
5563
840
5075
5556
6574
3516
4806
2594
4311
2015
2019
5630
4133
272
5323
7083
168
1453
1491
1724
1312
1654
1282
8318
2338
4440
9843
3329
256
7554
6045
580
93
5126
7442
3756
9976
1391
1146
9040
9238
6984
3261
1591
8659
1097
696
2155
763
4567
9505
3222
4482
1993
7043
8927
1543
5184
6819
733
6178
8446
5348
7517
9680
1948
9192
7302
2891
2760
9270
9132
4966
3977
6541
1357
6914
1597
8745
3184
8887
7407
9840
8638
4149
975
4304
6778
3907
4699
1261
700
5450
7704
1328
358
1360
1359
2055
4104
4830
8220
7875
373
9566
2069
2428
4000
4542
4541
9594
1026
7380
8191
1101
3912
3669
5655
5227
2724
7261
9913
3340
9994
594
7683
5860
8247
8772
2167
8796
3139
1553
4737
737
4415
6866
9377
8156
5239
5706
5929
6199
5188
6753
7393
8024
4525
4936
4663
3432
5991
1808
4961
3484
2267
7254
8974
3292
7975
938
1677
6231
7282
9295
6294
5136
3129
2470
8046
3020
3900
3213
2903
6608
1343
6793
3498
1565
4452
6472
3784
6790
7007
8696
8348
5518
7229
7561
7562
8827
4640
5697
200
1138
9657
2037
4767
5276
1110
4822
9731
309
4223
2520
5550
1253
1065
8491
4786
3009
5625
3961
2820
3032
3031
1421
1441
4146
3542
7387
6638
1778
3836
8455
6198
8333
389
5744
621
2563
2612
8656
4784
8776
2422
6013
179
9345
6902
371
123
3133
4728
4729
7065
3530
7246
8149
9859
2065
3817
9739
1355
7113
4875
2873
3759
3024
8926
2335
2346
2345
2531
7690
6683
8581
9555
1408
1584
4388
8664
9690
3091
4203
6082
176
3163
5889
9510
428
3870
1756
3797
7378
5966
5812
6251
7535
8517
605
5676
1015
2390
7620
1295
8617
3962
639
9481
7639
2208
7960
1891
9912
2761
8082
4556
9892
8400
4617
7365
134
9202
9201
2374
4532
9726
545
4010
7847
1978
3471
6391
5794
7419
1754
1755
2929
9186
4076
1394
3058
3604
7271
924
9427
8543
6015
8056
219
8069
8074
2537
6668
1850
235
6861
6571
8163
8641
8709
2895
918
6084
6083
1885
8875
3087
2830
7886
4182
9278
7954
7135
1160
9259
9260
7028
3643
7375
2310
3656
5356
5357
1217
7852
2059
9873
6808
5247
4618
7170
7744
9797
222
5898
7021
7022
5646
9222
7493
1621
5510
7610
8421
7295
5221
7880
3839
9721
2501
6712
7124
9207
5290
1698
4483
7048
5243
76
2443
2444
8831
4506
6988
4389
7458
8524
9266
9606
6300
2251
4457
4973
6667
7305
5931
3787
400
9157
4127
1166
7348
211
7431
6495
4935
8755
9932
9
2778
2100
2787
9579
3076
3681
1181
3969
2816
867
3616
9230
791
8384
4379
6636
4501
5425
7131
771
6763
6129
6964
6501
9677
7869
8409
5516
1941
8418
4214
2742
1641
4899
6844
8488
4915
6643
6912
2351
7742
8290
7685
9841
7730
1683
2142
8832
5602
8424
2524
2523
3708
9240
5180
9750
8146
8578
9830
2128
2129
1076
6965
8292
9746
3938
8189
114
6265
1910
3763
9901
7322
4690
4691
9229
2544
9126
7843
4045
16
1875
7804
3908
6440
8171
8865
2738
4444
6920
8376
60
6821
1434
8814
1268
7324
7473
7813
2529
4985
7818
4395
1347
9866
3350
5347
9382
2227
1982
1983
9704
5445
7520
551
6806
704
5300
5406
4953
6202
1519
1518
4920
708
5568
9043
3723
5204
2933
3935
6621
994
645
5422
3054
1653
7631
8874
800
2900
2693
7150
3279
6252
6809
7951
8977
1352
8592
1797
5886
3600
3599
7998
792
487
3776
814
7202
7203
5427
6766
1507
5677
9571
2766
2734
8096
1215
6194
3786
2580
277
276
1320
1512
1511
1113
2349
8381
3942
828
3289
7884
6735
4470
5402
7757
9558
3673
8999
3464
3953
5982
6940
7534
4612
3276
3312
5060
8351
899
2800
8929
8928
6890
8177
5339
2720
2254
6496
4067
4108
1497
2366
5585
1649
4227
8243
9218
9483
2792
23
6505
738
1256
3338
1741
1742
5673
9688
3109
4602
5399
3298
8521
3495
5032
7498
4662
5170
4707
3726
7333
7870
4969
5050
8113
7257
3740
9653
525
9767
3712
817
1748
8140
1048
131
9598
4363
3355
1658
9674
7728
1645
7117
6749
5107
5591
714
2825
2826
6422
5851
4748
7209
2597
1541
1687
5434
8523
7237
4668
5856
7444
5681
6554
9803
9213
1164
1265
7435
9349
1549
6311
5029
3821
3820
5916
9541
8651
1599
947
4259
4464
4416
7011
7276
4511
5996
3381
8485
3372
3753
2249
1206
1559
4333
2600
7827
4810
882
9462
969
970
1473
1470
3015
3014
9532
4893
2653
9037
1536
8213
2220
2219
6187
9057
8597
8060
5283
7972
5693
233
1899
5133
6299
7904
8818
5565
9479
3743
6132
9138
9137
102
3565
4465
2798
3067
6104
5606
8691
8692
4757
4758
9437
7320
2197
6780
1926
3592
2164
2308
7775
11
1638
9341
8879
3403
3265
3157
806
2747
4891
9837
6365
5440
4609
3409
7005
8236
3733
2275
7269
7634
6883
9086
3284
2622
4904
8198
8197
8007
4069
5293
58
9758
335
5534
3894
8181
43
41
7046
6489
6977
4244
5553
9112
4835
6107
3252
5226
4297
3363
8229
261
2587
3043
7921
8033
9006
2659
1681
6728
1134
6424
5611
5610
6322
9542
8426
1173
3370
3371
7736
4865
3005
5485
8893
1991
5523
1678
2304
9072
7576
502
3210
8577
8806
7917
9708
813
9701
6095
3482
2017
5854
1928
2604
2298
4631
1425
1366
8959
6256
5103
8266
5704
7235
2329
2330
17
2950
5784
8680
8679
7091
8296
8867
505
1333
3331
1902
2176
9590
797
5460
2432
7125
2022
2420
7008
7063
5360
7894
28
9724
7274
7275
9036
3888
9882
5738
8632
8570
7185
1980
8340
7059
7058
6504
638
5112
7696
472
5164
1436
1437
1950
7980
906
9999
5883
290
1149
4083
8997
142
973
974
9618
3444
3570
8508
3655
4696
70
71
7161
7755
4988
4989
6100
4353
8993
8774
1128
3902
9599
2972
4976
3634
125
124
4180
7781
5249
9630
1242
574
4174
1130
2573
7464
7855
7315
2303
8530
1086
2857
2158
5662
4886
9460
8921
3613
4233
5456
5479
152
4195
6061
9926
2361
3608
3114
8154
8155
9183
1323
614
2003
2492
9456
2888
7243
3575
4702
6661
4632
1775
881
5169
6535
549
6462
1263
2324
5653
4661
2959
9569
809
5778
5295
3815
6700
6210
8477
4001
2223
6035
8234
6732
9576
7958
9314
9315
3639
1450
1696
5753
479
9515
9514
3004
2188
3190
5142
4857
9035
2666
3127
7772
415
7179
901
900
3181
2102
217
4479
7329
1661
3247
6430
4097
4527
3533
3410
6427
6610
6609
5905
7093
2369
5559
9845
9844
5352
7822
5700
865
5073
465
3267
3844
8088
8957
458
8185
3100
4715
4366
7585
4236
5551
5615
3651
7507
8272
6112
7549
7550
5311
6421
2236
7207
4764
8627
2039
4718
5235
829
9787
9503
683
2192
4672
3523
7805
3594
5577
7109
8717
9743
3662
4522
4656
6127
4126
7406
241
3625
846
5369
7615
1057
2360
9940
5330
9421
6291
4448
2031
665
8328
5288
5286
9584
1832
9809
4230
3041
7622
3305
5980
6354
3963
1767
3098
2833
4956
7100
1878
8790
2222
9869
9648
4746
9116
592
3979
9354
453
4681
770
1717
6929
3612
6853
6852
1759
7357
4241
5911
339
2586
1364
8548
7940
3683
1177
6327
655
7336
6829
9790
1444
8066
145
3491
7689
1785
2418
5912
7737
3176
3177
7571
6227
2483
6586
9288
8768
1406
9856
2458
1634
9684
1545
1546
3765
7603
7901
7239
5636
5410
7662
9959
8126
8125
1152
3697
3376
4391
4392
9263
9262
8398
6679
5244
6956
532
531
6385
6384
7501
6122
6552
5843
5868
2406
9369
9402
9403
7416
1860
8085
5987
6972
5195
3501
6533
1400
9812
9410
935
2511
8822
6119
8557
8614
3171
9626
7706
9386
1316
6771
7211
9156
3120
6442
5587
674
4795
2552
6212
423
4095
4096
7937
8071
3244
3245
5018
5732
4307
8861
6065
2641
5447
4436
5067
2516
9620
873
285
1120
2395
9519
8028
1023
2169
9671
6556
9274
607
1143
4421
6632
8954
8721
4418
4086
5063
740
739
9055
4043
4044
4265
7279
164
582
7836
8760
5716
6417
8868
1237
1238
1521
2660
8278
6526
1834
5767
6281
4270
1961
3219
9902
652
5041
8798
6595
1694
6598
9544
9545
8412
7451
8713
4177
4862
5644
5258
9835
9935
2398
6825
282
6548
8304
3710
3711
1612
8971
3901
7890
784
1837
6437
1008
263
6184
9029
4712
4754
7172
8571
7952
960
2437
1967
2474
3144
6528
8757
4432
8593
5208
3388
6705
8609
9784
5566
20
7985
2468
2469
7991
940
8256
1959
6205
6240
3800
5489
8282
8158
9393
4467
7680
258
6903
2629
7400
38
2839
2840
332
3811
4005
3804
5849
5659
2066
4996
4364
5280
1289
497
1132
1592
9699
5766
6390
3693
8134
8186
2386
584
1037
1071
7682
3729
1927
6737
2567
2568
4336
5230
1554
2962
721
3688
3433
1445
760
7367
7214
468
690
6170
4653
6156
2624
6173
8173
7513
7678
7679
336
2883
4039
9001
9000
1489
8479
8478
3809
8731
4170
6776
6777
825
7360
3872
9714
3070
9361
8951
2727
3781
8649
6456
4568
6394
9768
6617
1099
1100
4354
3422
8915
9414
9387
9243
5106
436
4780
5730
854
7137
91
4349
9612
768
3343
3795
5001
8700
4849
7630
1246
1974
2679
1684
4981
595
7597
7164
7165
7676
1030
7249
1464
9589
4294
6042
4678
3117
4020
9397
9143
6318
6629
1397
8311
182
7350
7566
6886
3966
3965
707
4814
8836
8648
6543
2186
2096
8501
2165
917
1188
5429
3978
322
3083
7710
8661
3476
6329
6330
6367
6092
850
5871
7087
8871
8870
1384
6578
7226
6671
6672
7478
7497
4687
8537
7213
354
949
5094
6216
6217
1292
7151
3168
239
5579
314
6303
3380
3301
3300
1222
2466
2467
5500
8436
119
3824
5839
1371
4370
8121
3274
7434
9457
2685
4100
3318
5335
7511
9105
2731
2498
2500
4823
8854
9988
8200
1727
1728
6286
9081
4560
82
393
7395
9864
4325
3936
8812
3527
4012
5432
5431
9984
9802
9979
6946
3226
4923
188
4938
2414
1908
1909
4317
8072
3648
981
7722
6999
1693
3826
1340
7409
7410
3735
5695
9865
1000
5762
1398
1396
7558
7557
9946
2676
4332
2548
5541
2095
9492
9607
4136
9026
9027
5138
5446
8863
2556
4850
8762
4908
1712
9390
4225
4879
8159
3636
9670
1082
6124
2774
1795
6450
3428
9124
1823
6604
7838
4201
3187
1830
416
5149
5322
8365
668
9861
5155
5926
3254
3253
2114
364
1616
1615
1617
6612
9045
9782
1630
7931
9110
646
9629
52
658
9246
9247
9954
4442
4202
685
2884
8623
9651
2145
7469
5945
5947
8703
8270
1041
984
8989
1780
1127
407
3093
8411
9508
3159
3158
4576
4577
184
3314
3313
6577
9754
130
1868
3325
6547
3450
5844
4093
5775
1923
534
7154
3466
9319
9265
9820
10
5836
7862
7861
2981
2982
446
447
4574
4589
1840
895
7714
7450
8902
868
5273
4648
2125
7148
135
8845
204
3477
5452
7962
8829
8828
8830
6877
5082
6626
6627
7262
4949
6755
6756
207
5465
7982
1300
1301
7926
1848
1847
5336
6953
6894
6981
7718
412
9428
4626
9433
3021
6336
1458
7523
1419
6724
2449
6785
7598
5055
5056
1456
1457
1799
6710
1883
4211
2804
1386
1385
3479
6855
5647
5219
6719
7732
2745
4744
4888
8108
3719
2956
2859
4454
5920
5484
9928
4798
7670
2320
1013
7848
6054
4090
9188
9187
6290
5216
6562
4843
5009
6001
2371
245
4375
2317
2689
3987
7709
4782
3778
6842
6843
2770
6307
8946
8947
3457
490
2161
9447
9448
476
2730
9798
7198
4023
4022
4838
8734
8733
6297
6298
8252
3770
9890
9891
7944
7989
3734
6049
2989
6223
9166
1096
8015
7812
2645
2977
5594
5593
2705
5120
457
9196
7762
8567
9115
559
1258
1577
7793
63
5005
5048
9560
4165
5037
1586
1587
4058
7592
2910
4515
7874
149
148
618
751
3460
2923
9250
3534
8991
9906
9778
3296
5951
2383
2382
2384
2776
4066
7601
7599
8968
3260
9645
8042
5148
6400
8349
660
1176
6708
6709
9735
564
565
5749
5748
2028
4789
4788
1864
6816
7795
7796
8275
2638
4546
642
1769
6908
5743
2736
3834
914
9781
4338
2848
3233
3075
4524
7544
7543
4930
55
5012
7720
3207
676
747
2257
6029
864
8898
985
3931
6817
4460
8371
1428
6482
6483
3722
3721
9253
1056
7832
4605
1381
6942
5419
7932
9884
9254
2436
9356
9357
543
544
5314
6247
4677
1606
9877
2925
9161
7765
8804
2247
2248
1331
4818
4817
4197
4198
9832
4595
1498
4119
4342
8240
3767
3766
8562
3215
5893
1659
6591
654
5123
509
5377
6773
6414
9290
6153
6995
2823
2824
5702
2796
6580
728
8169
8170
1976
7970
8052
1932
6835
8666
3206
1580
6839
2270
9761
4776
310
8076
5956
2716
4770
8342
431
430
84
1440
1439
8466
4301
4274
7268
790
4324
8536
2271
6355
894
4015
4016
5998
4913
5850
5238
4268
4269
2656
170
725
538
4191
4508
4507
3146
9134
9135
5815
6603
6244
4033
4034
9777
6411
6410
8770
6457
821
6871
7307
5721
6371
9294
7369
8298
8299
2448
9145
6992
1172
680
2431
9823
3837
4008
4009
2091
6275
6276
6157
6235
9899
8848
8847
1063
1064
5833
6799
8645
3862
2477
2478
9327
9328
7850
5079
4490
4489
9234
7301
5570
3242
7068
7069
7064
419
7595
3375
4398
3278
7981
3486
2647
4839
8325
8368
8784
517
6568
8604
2076
7751
712
444
2753
7289
2136
7578
7916
6428
6238
5022
5023
8573
1072
6068
5298
5299
1274
1273
630
629
8188
7424
4340
5089
3425
8320
1856
1855
6431
9311
5710
3700
3126
295
1038
8204
8203
4250
7828
9482
4155
4584
1228
922
5624
5958
5957
2710
2701
8430
4946
4947
6296
1607
4537
8128
4143
2092
6181
6182
6180
1912
1913
4621
5650
6659
1888
4346
4345
897
9894
9282
7427
6985
8218
9791
9452
6795
7898
7182
8136
2928
8542
105
104
1280
1281
6518
9568
2538
2700
8167
8166
3142
5631
3391
3389
1230
3572
3571
4979
5574
3507
3896
6196
6195
7636
9943
9942
401
6529
8496
6722
4071
4072
3052
6740
7906
6804
6800
6597
3623
9300
9299
1051
435
2016
9493
5506
4724
4725
4264
9860
5774
2589
6663
5257
4705
7206
4216
1581
4441
7488
5891
160
7376
4931
4807
4683
4682
5201
5199
6498
7537
7538
8389
8910
9179
5382
2607
5132
3543
8739
6470
6471
930
271
5363
5174
5175
5639
6259
4430
4431
5051
6950
6951
3841
3840
7346
560
8100
4863
9997
3040
3619
1183
1898
1688
689
8481
4551
3502
4937
9523
9496
4246
6026
4305
1861
5212
8966
8967
8356
315
8561
2286
2287
2633
2632
4477
4585
1995
1996
9197
7637
7995
30
29
9509
8209
8465
2519
9451
9078
8962
8963
4047
4419
6021
6936
3988
5873
8263
3715
3048
3049
2045
2044
8036
6043
3920
7293
413
9140
1147
819
820
2865
3521
623
6137
1945
633
2948
7698
5462
5463
6540
4565
4466
5098
8724
5540
4882
8781
2229
9220
9219
8129
1529
1530
527
6019
6020
9930
7041
2392
3957
2336
7669
4968
7437
7438
2323
7349
4769
7607
1570
4927
1204
6435
4802
2049
8195
7425
5468
5469
501
9734
8422
3796
2915
2312
5669
4179
1290
2757
2759
5231
2255
3419
7891
8237
199
198
9650
1906
1905
8452
2651
2951
5027
4282
4283
1348
8050
6405
2970
2969
7081
7641
2853
2852
2205
5502
5501
1040
9585
4846
2999
2998
3000
1487
1488
1179
1178
8897
526
9321
9320
2081
7621
5333
5334
81
111
112
7088
7372
7371
8610
7158
6478
363
3559
7695
5548
5549
834
833
4088
4087
3085
1004
4971
6139
6138
2004
6891
5964
3238
4369
4860
4861
1940
3553
2364
1501
3915
4120
3494
7835
8092
8091
418
4277
4279
3848
7384
7385
3470
2814
2815
8062
5535
7313
5007
5008
5497
220
3701
8233
3424
1327
4163
4164
9065
1297
1296
3169
5835
8533
8590
8591
2845
1251
966
1818
1789
155
6961
2652
3323
3324
78
3905
3906
5658
6761
6762
9100
9125
3998
1627
2696
7611
6463
2663
9423
8386
8385
7697
9332
2204
7457
1734
1736
8313
8314
9710
9097
9098
9017
13
794
795
6704
2619
9709
5708
5707
4360
5396
5937
4208
3441
9053
6261
8055
8054
4302
4303
7949
1716
4554
4553
495
3522
5828
5975
5385
5383
223
7608
8945
3813
4797
2452
4289
5343
6958
5160
7956
9896
3579
6358
2365
9308
8474
4972
5354
6858
7339
1571
6867
7546
7545
5053
5054
3586
7961
5618
2425
2426
2846
5992
7145
7820
7819
965
759
9490
9489
6361
6362
3760
3758
300
299
7050
4558
4559
8287
8286
8723
320
321
5525
2870
2871
3405
3406
5683
5682
192
2213
6688
6689
7807
6333
2228
5938
3473
3472
3118
9269
5424
3742
649
1946
715
7658
4928
1919
1920
311
2678
8507
18
613
9666
9665
3152
3153
5172
5173
7687
7688
8241
8686
766
9962
7752
8682
5035
5034
9965
6237
6069
1601
1600
9609
9608
157
731
1478
1477
1701
7939
2610
2611
6864
6865
3
9578
3463
1469
5876
7654
745
746
9194
8973
6204
14
6096
3731
3730
6161
88
5909
1723
4428
4427
4869
3336
3337
4105
2785
2577
2576
2024
2023
1812
1662
5186
5187
5241
3833
5309
5310
4217
5236
5619
1411
2493
6870
3173
8122
294
5252
6921
9226
9228
5665
1284
1283
5711
5603
7361
8791
9807
6565
6564
4139
4138
6309
6310
7799
7798
106
2041
2042
7482
7481
3455
4131
4132
489
7955
1163
926
925
1624
7051
5715
6971
6974
8687
4401
5862
5861
5863
1136
1137
3631
3630
5316
9661
9660
8480
4745
2901
9615
5415
5043
5042
4642
7911
4296
803
9122
7414
9678
5573
3124
3123
4647
254
255
9042
7617
4329
5264
7777
6812
6811
6707
3287
9467
963
6373
2416
2417
3550
4722
4723
9730
1595
2098
3540
1796
8892
8740
6167
6169
6220
6219
8642
6087
6085
5
6
3452
3451
6674
9949
9947
2180
8064
8063
2739
8022
485
5214
4884
4883
5687
7574
7573
5692
6443
79
3737
3017
3016
5019
7222
7221
3348
3349
7830
7831
5472
1216
5389
8178
5596
9107
9106
9171
9172
8787
4634
7784
6419
6420
8264
9551
9550
6623
1104
1103
2455
2490
1943
1942
8440
9054
5223
5224
6601
6602
1829
8705
4694
4693
3822
4986
8119
8118
2667
1193
9966
7787
6910
962
6555
7127
7415
4841
4842
45
46
2140
2139
7325
1979
355
2311
214
8414
8413
3291
8950
3751
9193
1199
1198
7296
9372
87
1078
1077
8976
8975
7653
3992
2543
7495
7496
4918
4919
7908
7907
7909
226
227
383
382
384
4897
3830
5130
5131
3881
4239
4240
9237
5359
2264
5242
8657
8655
2122
1091
1090
872
3886
3214
3062
3063
6794
3103
3101
5637
2952
9477
9478
3658
3657
9205
8106
8107
1121
5557
4855
4854
8058
8057
6359
6257
3750
8114
5114
5113
8602
677
9795
6967
6968
5824
2278
3110
1205
2306
2307
4587
4588
1897
3555
3554
5196
2099
781
202
201
5353
6332
1636
1637
4148
8020
8021
9400
5954
5955
857
858
1704
5437
3512
1573
732
7627
8940
1508
7640
7851
8553
5756
5757
802
1208
1207
2240
2241
7677
1310
6648
6649
7347
3508
1374
1373
2508
2509
4615
4616
5346
6822
1144
1194
2144
4394
7927
2635
2636
9530
9531
3868
5047
7428
9539
9538
2722
2721
7643
7644
463
462
4820
4819
5734
4456
4077
1461
1462
352
353
7265
2506
5674
913
9474
8047
2009
454
4732
4733
9806
1623
3034
7252
7253
7366
9725
2562
5918
4847
1969
1968
6401
1047
5364
5154
562
563
8916
7978
7193
8616
920
919
3959
3960
6377
6376
2071
5890
9416
8397
7403
7404
9443
4054
6791
8392
4091
9816
372
4582
4583
4792
4790
1043
4130
2214
4386
8245
8244
7228
2763
5887
5884
5885
3515
3928
3929
606
878
7505
7504
8834
8833
9512
208
522
521
8014
8005
8006
3981
3980
9499
2797
2258
9004
398
399
397
7651
2581
6128
9771
9770
852
851
2717
403
402
2877
2878
2357
3602
3603
9050
9049
2978
8572
5152
7748
7747
8462
816
818
815
2550
2551
3783
1762
1763
4670
4671
8719
8720
910
1338
3997
8694
3789
6490
1750
3268
7187
7188
4504
1241
1240
9302
9301
3638
8636
7119
8599
5265
6114
6113
9565
3036
3035
6452
6451
90
4109
6884
4405
4406
995
9498
937
9909
1074
2108
2152
5436
8012
8011
3618
2454
1987
6249
6250
2190
2673
6840
9089
9090
7625
7626
8268
8357
6152
7650
9139
7382
7381
3665
3664
6279
6278
6454
6455
7986
9852
7841
7840
5101
5867
992
993
9152
9151
5811
1254
1255
362
2171
2172
9557
9556
4438
8775
5783
9431
5274
9074
9076
4991
2472
2471
3910
3909
3135
421
420
9061
3706
3705
3983
3982
4151
4081
5733
5583
5584
5847
5848
8461
9992
8227
8736
6524
6523
6080
7667
3081
3080
8309
3814
4384
7922
7882
7883
6645
9745
6229
7288
9910
7218
9703
162
163
3360
647
6460
6461
2341
154
2620
7001
269
6897
507
506
9020
9280
9279
4103
8372
1404
1405
5159
2410
8161
8162
2284
5514
8081
6698
6697
727
5666
9957
2507
5960
5961
6932
4313
4312
4372
4371
8040
8041
3528
391
6975
3676
5412
5411
139
7938
9417
1135
6302
6301
2789
2788
8363
7559
2060
2602
2603
8752
8753
5305
3084
8527
6941
9184
1556
1557
6641
1219
1220
3383
3382
7285
7284
3073
3074
3667
3668
9582
843
844
1075
3362
8660
5724
2893
4873
1124
2054
3228
2401
2400
4739
4219
9995
3557
3556
8611
1572
1955
1061
1062
7815
7814
5367
4193
4041
450
8583
8584
6396
6395
8222
7455
7454
9307
2920
3148
3147
8547
9215
6614
1115
1116
5167
5168
3378
3377
2712
9011
6486
6575
2057
2058
3606
3607
116
115
234
1626
8354
8355
5157
1161
1159
8958
7865
7863
65
8955
7782
6056
6055
7032
7033
1719
4924
8707
8708
6814
6815
1700
8640
9391
2794
2795
6342
6063
6062
6500
2991
5153
5972
5973
4315
4314
6797
6798
998
6640
4288
1154
1153
7074
8864
4623
4624
7012
6550
6549
6480
8890
6072
6073
9977
958
898
1513
4496
6587
7776
210
25
24
5248
5368
624
9972
3440
7790
3975
3974
1426
117
8906
1820
1819
6109
6108
8323
8324
2462
2463
8913
8914
1563
1562
8489
6537
6539
6512
6175
8550
8549
5567
9697
9698
8425
359
4172
4173
6904
9485
9484
3882
979
980
7098
7097
7468
4492
4494
6316
5903
6017
6018
9005
2812
2813
9323
6264
6266
3307
3306
3539
3995
3994
4903
7003
7002
2132
2131
100
5473
291
6214
1821
9956
9918
9917
8564
8565
9206
5508
5509
2687
1169
3924
9876
8935
8936
5191
5190
2994
4575
9336
9337
7045
7044
7702
7703
7967
7966
9970
9971
7177
7178
2899
6200
6197
6743
6742
635
6125
786
785
6935
1608
6465
6466
2995
2648
1017
5652
2921
9330
4600
4601
8551
9815
1276
1277
4832
4831
1016
5476
5648
7310
752
7465
3358
3357
7946
7947
9348
5059
1792
7418
4905
5764
5765
3791
173
9836
554
9419
9420
9924
4361
2315
6372
841
1362
1361
8839
8838
6078
6994
6340
2784
9083
2591
2590
1781
7858
3945
3944
2855
2856
2854
54
7196
7195
5641
5408
5407
5627
5626
6485
8556
9224
9223
952
953
2281
2282
5797
1027
6174
7139
7138
2803
8931
4381
4380
6005
6004
75
74
6656
6657
9430
9103
3344
7314
8539
8538
4641
2496
2497
3851
3853
3869
4535
4534
342
2942
722
3202
3203
702
701
4750
3412
1890
7025
1429
7245
8294
8293
4714
5275
2113
5183
5185
8706
1409
3934
3933
121
6254
6253
9624
9625
9622
9621
1505
1506
5741
5742
512
511
8771
7355
6596
2296
2295
2084
2085
2808
2811
9013
9014
3395
3392
3685
8658
2565
2566
9534
6145
6146
6144
1930
5528
5529
3115
2316
8979
8978
3174
3175
405
406
3199
5521
7976
5442
494
7692
575
4800
4799
9383
710
709
6406
9475
5102
2881
2880
5944
3096
3094
1752
1753
7460
7461
8671
8670
8215
8214
4411
4231
7231
7230
2777
9066
892
3615
8404
2182
2181
9748
9747
6782
7106
7105
1871
4226
3917
5109
5110
3955
6191
1691
1692
6726
6727
2691
2692
7988
2558
2557
8337
8338
5118
5117
2202
2201
6848
2513
2515
2986
2987
8510
8511
8509
2268
2266
568
567
7160
8600
8344
8345
2211
2210
8737
3739
486
8110
8109
9706
9951
9952
5989
8258
3438
4157
4156
2540
2541
2089
2090
3327
5820
5821
8824
8823
5600
5601
1112
1111
5321
893
7163
8331
3610
3611
1201
1200
6228
9527
9526
9501
9502
9818
9819
7529
7530
9471
9470
4778
7224
7225
6491
2036
2917
2916
1901
870
871
5481
5482
4858
4859
1858
1859
1931
51
7016
7122
7121
1526
1528
9614
7810
7809
6190
4658
4185
4186
1432
5338
2875
2874
3754
3755
6475
193
666
667
8267
6288
1050
8383
5978
5979
2662
5093
6624
8855
4160
4162
9239
9059
9060
4051
4052
3427
3426
514
1123
1376
8758
2276
7397
7398
9438
8435
5990
662
3679
3680
862
861
6779
8261
8260
3437
9742
9744
3690
3687
5875
5827
5449
6918
6917
8302
8579
6283
6284
6713
8996
8998
7859
4530
4531
671
670
6007
8094
8095
8468
4772
4773
5454
5453
1414
1415
9793
9792
9794
9168
9167
4042
3353
3352
8086
8607
8606
9974
9973
5913
7448
7447
1651
1652
6011
8394
1566
1964
3808
3806
4437
8419
242
8515
8514
9693
4906
9993
2818
2817
7272
44
9968
9969
237
238
240
9673
9672
4092
3574
3573
2244
9465
2147
2148
2030
1675
1673
6207
6206
2741
2945
8448
8447
6150
6149
4205
4206
619
9719
9720
6059
8228
8908
8909
5994
5995
1454
1455
3480
2163
9643
9644
4518
6066
6413
6412
4291
4292
5789
5790
6747
6746
1270
1269
811
812
8810
4117
4118
6117
9021
9353
6186
379
377
1321
1234
4751
9235
3499
5392
1170
9445
9446
1244
1243
2372
7492
7494
9008
3420
1656
1657
1886
3183
3316
3315
2750
2751
2348
2347
9007
8406
663
8711
8712
5830
5831
8332
49
48
5255
5256
4825
4824
1185
8352
8350
6008
1843
5217
7241
609
608
8443
8442
9800
9799
2112
8231
8232
4900
4685
4543
1379
1378
586
585
4287
4285
3398
3397
8905
8503
4141
4140
6434
9285
9284
5941
5939
4424
4423
8764
5397
9039
8366
807
6031
6032
7770
7769
6185
2001
2002
3185
9041
8743
2703
2702
9581
6040
6041
3577
5441
8138
8139
7584
109
108
4503
9257
4319
4318
325
326
1423
1422
2657
2252
2250
3385
3384
1354
1356
7331
7330
8395
5014
7317
7316
719
720
3799
4877
2376
2378
8080
3293
3361
3435
3434
6938
6937
5685
5477
3059
3889
3890
6369
6368
7997
7999
5719
5720
7734
7735
7979
7527
7526
2368
2367
6860
5069
5068
8434
1990
2487
2488
2423
7591
6509
6511
788
787
5331
5332
987
988
5761
5760
4377
6676
6677
6675
9788
4152
1150
1148
1810
1809
86
4365
611
612
557
558
2896
2894
1568
1569
6873
1665
1664
4932
4933
6875
1447
1448
4446
4447
4964
6944
6945
5701
5910
1604
1602
8152
8153
8741
6241
2166
2861
2862
3025
3023
3646
3645
3089
3088
4194
2674
8559
8560
3326
6620
6619
7092
6837
6836
7309
7902
8987
8988
6652
6323
2533
2532
2038
3989
3991
1306
7726
3801
8923
8922
576
3309
3308
280
278
3831
4962
4299
4300
2627
2628
6272
6274
9944
1585
7440
7825
7826
1496
8528
6315
2123
7871
3332
5193
5194
1707
1708
1069
6446
6447
8953
4959
1287
1285
2609
9407
9406
474
473
1367
1365
5088
6927
6925
1787
1786
9929
4538
1917
1915
9786
1540
1538
8335
8336
3535
8143
8141
2184
2183
2185
2175
2174
5458
5457
6966
5796
5798
5210
5209
8749
8483
8482
5881
5880
8801
8802
5554
5552
4266
6099
6098
4004
4003
9715
6515
6517
9780
9189
3011
3010
7009
6750
456
3504
3503
3614
9084
688
691
6759
6760
933
596
1430
3913
3911
4256
5398
6346
6347
6047
6046
7321
7564
7037
7038
7184
7186
2975
2973
2971
1260
1259
1768
3256
5853
5855
4275
4276
94
92
1351
1350
5543
9190
1773
1774
5320
9520
9521
7352
7351
4701
1236
5671
5668
5968
5969
4513
4512
9562
3068
6351
6353
1963
8420
3341
3339
1876
449
8983
8982
6606
6607
1611
1613
3195
3194
350
351
7919
7920
1551
1550
1548
932
1835
5537
3165
3164
4607
4608
2457
3695
742
744
8856
9378
481
480
8626
8628
9093
9092
4876
9687
9686
5072
5070
5376
4998
1669
1670
3939
5512
2446
9764
9766
5689
5691
5158
9937
9939
2456
7628
6023
6024
6022
8225
8224
9752
9751
6767
6764
4674
4673
9211
2941
2944
3525
7174
7176
6686
6687
4218
3727
3728
218
830
3940
9434
9432
144
2322
3621
5162
5163
9597
9596
2326
2325
6320
6321
9604
9602
7509
7508
3596
3597
1031
1029
3843
3842
4654
4652
9888
9889
9667
1958
1960
6379
6378
6701
6702
9293
4049
1999
2000
2960
2958
1620
1622
9848
8620
8621
5296
5297
5814
5813
68
66
9392
4013
4011
5899
1713
1714
972
1005
6913
8889
2403
2405
9573
8183
8184
6738
6739
6164
6163
3263
3262
5146
5144
5564
7656
7659
9829
9563
1342
2194
2193
5488
5487
4952
4950
8281
8280
7391
7392
3847
3845
1293
1294
7743
7745
1524
9255
5085
9874
7115
7112
7067
2068
1094
3775
2504
2502
2821
2819
3285
3283
3281
7335
2849
2850
3447
3448
697
7913
2764
2762
5260
5262
8587
8586
8895
8068
8070
3404
6828
6827
9636
9638
1836
1388
1387
9881
3546
3545
8766
6631
6630
3180
3179
1106
1105
2415
8883
8885
7258
4030
4032
9623
1129
8494
8492
4243
4242
4245
550
1319
2481
2480
4358
4356
3950
3952
8596
8595
8794
4713
442
9868
2966
7900
636
1504
5952
9506
9507
6982
6983
5807
4451
4449
9455
7072
3588
3587
7760
7761
2217
5025
6788
6789
7713
2614
2964
146
6651
7568
9273
9272
3626
3627
3531
7590
3271
3269
7586
4472
9113
7433
426
427
9209
5308
5634
5635
3069
1826
1824
4571
4569
4400
1746
1744
2616
2546
6637
6089
6091
1053
1055
1680
9408
347
1578
1579
5179
2733
2732
7474
7027
537
2305
5340
6439
6211
5011
5013
417
2025
205
203
7791
546
4887
7570
890
888
656
4709
4711
4813
4815
6326
6328
8297
8718
641
640
4229
1944
6387
6389
5838
5837
4997
6105
6103
9813
9811
2118
3674
4984
8532
8531
2780
2779
5769
5768
1989
498
6438
8797
2274
944
855
856
8970
2074
2078
3633
3632
7950
4914
9681
9679
8502
6213
6215
8473
8475
6067
8131
8130
5420
5421
8677
6572
8206
9904
8873
8872
7648
7646
5793
5795
1035
1036
7248
5852
5786
7581
7580
2932
2931
2352
2353
6590
6589
679
6076
284
286
6856
6854
1879
3468
3465
2450
7773
7774
57
7298
3201
1794
9175
7729
1334
9118
9120
433
5900
6576
1629
1628
5177
37
39
346
9783
6136
1382
1380
5616
5614
8017
8016
4717
4719
5729
5727
8563
902
1802
1804
2725
2723
4629
4627
7604
4068
9245
3224
515
9459
5925
4977
445
4062
4064
9656
9658
9375
9376
7247
7242
571
570
9162
9163
4183
4184
8684
8681
8933
885
883
2237
2239
5325
5327
2682
2683
3771
8939
9934
1095
5895
6881
2475
2473
1070
5080
2829
2828
9933
5576
5575
1399
4528
6246
7078
7079
7846
5779
3652
3654
4941
4939
19
3487
3485
4756
3415
2340
4335
9535
2728
2726
915
916
1686
1689
4145
1697
1695
7270
9102
8276
4351
4347
1903
6416
6418
1191
1189
9461
5999
5997
943
7879
7881
9833
9831
7717
7716
7155
7156
1894
1892
9312
9310
1009
4808
2926
2927
7019
7020
734
9340
9342
5571
5572
842
5345
4491
3782
7594
7593
536
5656
5657
438
437
5935
5933
4704
4703
6503
9023
9025
7144
5754
5755
4944
4945
1853
8457
8459
4898
4562
4561
6583
6582
9142
9141
678
3519
3520
2744
2743
9922
5924
5448
2289
2290
6130
3220
3218
6154
6151
467
138
224
225
2904
5140
5137
4237
4238
5586
3532
9733
9732
1951
1949
627
1195
1196
3061
4967
4970
388
390
3947
3946
3006
8454
8453
2593
2592
5081
3368
3366
7602
7633
7632
7169
7168
831
5661
5663
4684
603
604
5438
6357
6356
593
9975
4548
4550
289
1022
1024
599
598
7854
5928
5930
3926
8852
8849
3414
8284
3640
3641
5220
2018
4481
4484
273
3762
3761
3698
302
5696
5694
4526
1492
2280
5403
5405
4591
6305
6308
59
9695
1937
1939
9985
4781
4779
6774
6775
4144
3879
3877
2709
2711
3972
3976
9907
4334
2834
9425
9426
5417
9214
9487
4620
4622
1213
8255
8257
8726
8725
1330
1332
4168
4167
9360
9362
1924
1925
4894
4895
5842
5087
4659
5531
9366
9367
4521
4520
3649
3650
7260
6386
2623
5788
7663
1045
5121
5119
5504
5503
9759
9757
7664
4025
8327
8326
9631
9627
3258
5494
5492
6986
2062
2064
2061
2771
2769
2534
3334
7358
7928
7609
724
3236
3235
8176
8175
409
408
9495
9497
186
1484
7992
7993
8576
8575
673
672
5313
5317
3699
8647
8650
8027
8029
2126
2127
9251
9249
5714
5717
3160
723
4597
9737
9741
7794
805
1590
1593
2094
2097
3071
3134
4697
4695
274
2434
4055
4434
6544
6542
7691
7693
8312
6121
6120
7671
1226
1224
6831
6834
9867
4851
3864
3863
5623
6721
6720
9071
9073
6560
2527
2525
1443
1442
2408
4844
9276
1493
6335
6338
4037
3230
2234
2235
2198
2196
541
542
5897
3903
3904
9989
9987
950
951
3748
3746
1141
1139
1264
1267
9068
9070
9051
3443
3442
9033
7055
7052
3714
8994
8992
2033
2035
1046
6060
9883
2947
2949
2642
2640
8747
2087
6684
6685
1934
1936
762
761
3055
3057
1167
8899
8896
4084
4080
4742
4740
9580
9287
9289
8792
754
757
2052
2053
5739
5740
7236
7238
132
133
7477
7476
8499
8497
1725
1726
6635
3189
3191
7801
7803
7723
7721
7304
2649
2650
7856
306
3490
6243
1816
1817
8431
8429
8427
357
356
9914
9911
9325
9326
368
365
7040
127
129
5203
5202
9839
9838
7684
7686
8401
8399
6996
1313
1314
5004
5006
5870
5872
3856
1081
1079
4666
4664
2984
4341
4343
7205
7094
8023
499
6978
8271
8273
6502
4234
4232
9711
4074
5629
5628
2838
4190
4188
5251
265
267
6892
6479
6481
120
3461
3462
5372
5371
3044
3042
6991
6993
5387
5386
4638
4639
9322
7227
6474
1165
6905
1640
6110
5750
5250
6028
6027
6820
729
730
2013
2014
9441
9444
1610
2362
2363
7000
6494
7516
2715
5532
3008
5127
5125
7423
7426
2868
2866
2869
8370
7512
7623
4036
769
772
7489
7491
9552
9548
6432
6429
2668
6911
8319
8317
9649
9647
7533
7536
2440
2442
4125
4123
1
4
337
338
6957
6954
1633
1635
2334
2332
4735
4429
3581
33
31
9846
7887
7885
9130
6222
6221
4114
4111
6534
6532
2698
2699
7968
2669
2321
5461
3033
8212
8211
8045
3345
3347
5076
5074
6493
4263
8819
837
835
2664
2661
9412
9411
8369
4362
6823
2571
2574
1738
3492
5467
1985
548
3211
3208
4828
8077
8078
4070
7287
7286
3897
3402
5517
5515
6459
5522
5061
5058
1839
1838
2299
2297
5598
5595
7102
2206
2203
3825
2912
2913
777
779
2909
6669
6670
2714
6014
6016
907
909
2339
2342
8061
6106
5773
5776
459
8903
8668
7216
7215
2389
7344
7341
3558
6325
9399
6407
6408
8192
8190
2690
9064
9067
2621
8087
5233
5234
3275
3272
3119
3116
826
822
5391
5390
3827
2935
2938
2137
8112
8111
6752
4980
6234
1304
2221
2844
2843
8633
8631
3078
3082
5105
7014
7017
5439
2153
491
488
9878
9879
6729
6366
6976
741
6468
6469
3895
2801
2799
3568
5279
4679
4676
8779
5096
524
523
8048
1014
9824
9826
8960
8956
8860
5580
5578
178
8941
7374
7373
1126
9722
1865
3019
4544
4547
2263
8840
7750
7749
8150
8858
2006
2005
9296
7547
7541
5108
2706
2704
3231
798
1392
684
687
2259
2256
6660
7638
7642
7756
7754
7085
7082
2922
2924
4922
4926
1702
1699
4461
1873
4836
4833
1413
1412
8522
2141
2048
2046
7816
2518
2521
4295
2083
956
955
4917
4921
6922
6919
6158
6155
6846
6849
6599
4645
4644
7942
7945
4463
2115
1870
5150
5147
262
260
8904
6947
6948
6038
6034
961
964
9613
983
982
8519
5351
9180
9182
1499
7996
6393
6397
8135
8133
460
4222
4224
8089
9158
9159
7408
3418
3417
7834
7845
2157
2156
4327
4331
4106
4102
6364
4765
8972
6248
213
8098
8101
3161
3320
3317
7930
8920
7311
7312
6176
6177
5362
5365
1460
1459
3456
3453
9347
4469
4473
3106
3108
2596
2595
3538
659
661
4373
4374
7485
7487
3322
3777
7876
8663
8662
7964
6232
6258
6255
1324
1322
3580
4804
4801
5017
5016
8672
5292
8825
8826
2121
2124
6784
6786
5031
5030
9712
8815
622
625
216
1180
2545
4390
5282
6525
6527
5218
7132
7130
9381
9380
1383
5840
3481
9591
9592
5474
5471
3302
3303
1648
1643
1299
1303
8715
9958
9960
7528
7893
2605
2606
1085
1087
6907
7066
3138
3137
4443
9147
9149
5546
5542
4007
7326
5983
5981
6140
6141
5038
5036
3151
8918
1247
1249
9303
9304
7470
7472
553
556
3500
8307
8305
7668
8701
9727
9728
387
1534
876
3741
3736
331
329
990
991
1560
6900
6896
3143
3145
251
253
6192
6189
7323
7780
7778
8689
8685
874
3536
1881
2314
2318
9335
7895
750
753
1766
9862
9858
616
620
1970
9570
1471
1474
6292
9233
9231
1954
1957
246
243
5808
4455
4458
4404
4408
8777
5355
2029
2027
2388
8120
2491
8449
8445
866
863
5433
9038
1344
1346
1807
8329
9129
9133
7959
4509
4505
8467
848
853
3483
2429
4178
5959
5478
5480
3128
3125
8249
8246
8878
8881
5270
5267
9529
9528
9919
9915
323
319
6287
6051
1605
6226
6225
7060
7061
9199
9203
3678
3682
6508
6930
6934
2421
2424
97
6734
6731
6736
7707
7711
694
693
2737
5607
2735
8615
8613
296
292
2675
3918
3914
5735
5731
7362
7364
8341
8698
4018
4014
8471
4175
9610
1831
1833
6615
2373
2370
7334
6048
3707
3709
9339
8763
8761
3514
3517
7332
7903
7899
7006
3671
3666
4994
8361
8359
6872
6869
6695
2677
9980
9978
9983
9056
9052
101
5413
5409
8809
9900
9897
1784
1788
716
718
4500
4497
26
22
2626
2630
2963
1971
2226
2224
4572
2168
2170
7010
5495
5498
2555
8217
8221
1486
6885
6888
8984
8980
2356
9871
9875
1986
159
156
579
583
936
939
232
229
8375
8379
7401
7868
1451
1452
1446
7500
7506
3591
3595
2897
7191
7190
4768
8505
8506
12
15
7577
7575
8013
2561
2559
4213
4209
1887
1889
1994
3788
3793
1058
7957
5679
3172
6208
6209
7701
7705
8390
8387
2967
6646
6642
1175
5560
5562
7402
3812
3810
9516
9518
7445
7443
6878
6882
80
77
7739
8769
8773
1403
1407
8545
8546
5100
5099
5705
5709
7866
53
50
4821
1992
5045
5049
1203
1209
3724
3725
1003
1001
5680
6009
6012
2579
2578
8168
5289
3937
6002
6006
1779
1777
4445
9663
9662
2584
2588
5866
3090
3086
3430
9640
9642
4150
4153
7031
4200
9440
3051
3047
1851
6093
6088
6345
6343
169
9012
2767
2765
432
8410
283
281
7281
7394
7396
5379
3295
3290
8291
8288
2461
2465
466
470
3835
3838
4747
4743
5746
6559
3149
8051
9108
9104
4957
4960
6693
7110
7116
7388
7383
4606
4610
3436
703
705
1368
1418
1417
209
206
4581
4580
7652
7655
1542
7766
7771
6807
6805
3506
3511
3225
3221
1761
1757
808
804
9466
175
3248
3243
5643
5645
8813
8487
8484
4322
9700
9696
5892
5888
1275
1279
4878
2413
2419
5818
653
650
3986
4414
4417
6862
6857
6990
7149
7153
4326
1370
1798
1801
7733
5021
7456
9753
9749
9675
9669
4911
2754
2756
482
478
1977
1975
1845
1842
8437
8439
8265
8262
9351
4272
4267
3620
3624
8035
8032
8415
6269
7136
7134
8123
