476
2914
5408
8240
9366
369
3690
4500
8686
4256
9673
7330
762
2061
4367
4705
5438
6036
771
3035
5884
999
3447
7119
7873
5795
9807
6841
1290
7192
7893
1533
3341
1973
4994
3725
5091
8633
6329
2913
6300
9924
3160
1832
178
2169
1139
3567
6620
829
1846
8660
606
9198
4700
1474
5914
6125
1733
1024
1888
3003
4200
6292
9352
4912
3783
152
4660
2409
3087
4110
5642
8208
836
7746
6241
402
1531
8262
9305
2891
4947
2023
6455
7860
8789
489
2853
4071
9203
208
3951
7263
1018
7109
9288
9386
2872
7346
5612
4101
6059
8399
3459
8382
249
5877
4396
493
9916
4606
1043
3862
398
3085
1341
2141
6232
1760
3250
6225
9704
1163
2249
2762
6580
7493
4532
9493
1014
6207
2655
5225
139
7560
4371
6117
6731
5184
8487
1047
3674
5582
1097
1435
5132
7829
3064
2295
133
8703
9996
4724
4013
4564
2611
7781
6086
664
9787
292
6649
4526
4029
2266
330
6391
1241
6787
975
6284
9395
8757
4751
4068
7145
3849
2109
271
515
1005
2282
7552
4843
7785
8531
7286
4819
3973
2904
8143
3415
6735
9728
8355
618
7562
3488
5491
9933
4588
3609
3146
1593
301
1801
1122
603
3103
5888
8929
5430
4253
3965
4755
218
1412
3631
3397
4619
7288
6263
9357
6577
3231
7208
478
1804
2180
549
3077
1744
5861
5296
9
3365
6614
6894
9265
6251
5942
2696
3347
1330
6222
9190
9731
2186
650
6039
772
1631
8116
8914
5895
648
4881
6750
1108
6532
9959
1930
6178
3269
9576
9449
1681
371
909
1131
912
4892
3665
1041
6167
6616
6615
23
5666
7382
9565
9860
2005
5206
8117
6767
8198
1390
2137
8203
6182
8653
3929
9990
5790
3995
4731
8127
7469
9301
6986
680
1853
2028
4972
8753
8619
1414
2972
6362
4900
3105
6074
3578
2363
4768
3278
5584
2707
1477
6088
6163
2653
4535
984
4565
380
2089
6511
360
3747
5908
4340
8675
7339
1232
7505
957
6177
4555
8175
8697
3052
2559
4996
5416
7255
7280
2412
4145
5891
7069
8403
1365
8538
1707
2956
5325
5882
6256
3947
882
8317
6449
148
5104
9677
8372
7595
8414
339
9393
3048
8579
3704
7149
7378
9260
4325
8147
365
7437
6191
1225
5864
9427
8384
202
2879
599
9431
3328
1646
570
3621
640
5559
9958
4655
2049
5993
140
1061
2123
6352
3563
6946
122
1897
9726
4308
5688
6272
8586
631
2401
2425
5465
9890
1556
8581
2279
2807
7165
8306
9166
8157
8257
2798
6644
2754
9911
6789
84
8974
6718
51
9306
7576
590
4592
3741
5761
7464
35
2910
2927
3676
3524
5088
5243
4838
6463
7593
8879
4574
1162
4919
6077
3731
1935
4808
5372
9543
4224
5875
6709
250
5028
9268
6525
1665
6357
7188
9348
2245
4601
6522
1483
1849
2148
7830
9913
9970
1319
8007
9379
4353
5413
4797
7738
8063
8699
349
7955
7694
2921
1137
2673
3538
9840
38
4380
3634
3812
8918
6009
6282
9021
2819
8026
3343
5442
8395
6174
7952
7133
3985
6676
5832
8299
2520
1215
2190
1885
2323
9720
1295
3775
8837
3896
56
9800
8080
4737
2469
1994
9042
5057
5114
1568
1385
4466
5768
7411
2976
7798
2080
5935
2538
4539
4800
6845
7818
3338
8327
3309
4306
9559
3579
9461
2821
719
6446
846
7232
1096
9159
5596
6152
551
3854
3131
4237
2692
8779
2082
3138
4177
2370
3596
9836
9758
4988
8730
2456
8637
7604
8772
8497
8056
2812
6553
4404
3092
2283
3830
2528
8281
8665
3122
4683
4767
8219
7274
7686
867
2164
2415
7231
193
3923
5316
8055
3734
9676
9484
5784
357
574
7220
3109
4207
1975
8431
6110
6891
7920
4007
8137
66
1492
4394
1944
5395
9458
3513
4718
3792
609
4015
9589
671
2785
7416
9391
2726
7053
8911
5071
1827
7774
6277
7966
2919
4599
2334
1999
8626
3761
641
4108
2309
2688
3857
4168
3331
4208
2546
7105
1450
2679
2886
5155
7504
6929
8882
379
6933
3748
9067
1877
1469
2709
4674
1486
6368
6825
9885
1960
2576
3543
7940
4926
5829
8481
7303
1866
96
3439
3481
1949
4624
2079
3913
5177
4747
3500
4794
9435
6212
7583
4105
9909
8343
7043
9237
4406
5503
2315
7962
523
8415
7854
553
1694
5502
9247
5637
8162
998
1239
5856
613
2612
3573
6160
7163
3977
1181
9893
5309
7181
8170
7822
7372
3772
6748
7170
7492
4472
3906
3708
4903
8927
1745
8971
7622
8894
7085
532
8681
1572
6024
6230
6659
1427
1351
5907
5933
8596
6817
8871
9340
7358
4254
4290
4292
4854
6978
7353
4939
6499
9374
1329
3082
8047
3672
6069
3678
7278
3916
6949
3821
1254
6740
9626
4314
8059
9910
1670
2975
3248
6335
9036
9138
565
8500
3381
4780
6560
4120
4456
1340
4653
227
2013
9121
5848
5715
5913
5964
7356
8812
3450
5301
3401
315
6425
4112
8931
4241
6340
2770
5467
8866
1146
2418
3324
1424
1261
2026
2134
3352
8555
3695
5729
8221
8903
1431
5777
2112
9798
6678
9612
7325
927
7713
6953
5247
5628
9095
1640
9654
2720
6506
2099
3521
7861
4487
9234
510
2704
9747
7144
1167
1896
688
3953
327
3550
6792
8207
8662
9880
6205
6214
1717
3019
7409
5273
6607
8260
4160
9086
4089
7930
1133
9541
8634
9253
7563
7716
8656
9399
7976
8860
764
1159
9661
9707
8935
4009
9000
7869
3033
3034
7080
3506
359
4219
304
3687
2125
6288
6996
8166
3215
343
6654
7759
6693
1010
2453
7161
786
1752
5836
6171
7256
7267
4218
9276
156
8276
8303
9872
8842
2277
2397
8042
3989
8774
407
1470
5030
5345
4542
6913
6619
2830
6706
9521
2034
2614
9473
7627
3670
5567
6513
6969
4908
8168
1208
9192
2857
9804
2145
3554
4491
7307
9075
9656
4331
1598
3046
3653
7904
100
2021
3894
7087
8483
9687
5407
7673
6253
3475
3824
2139
3626
3771
4715
4303
34
7200
5194
8920
3863
6764
4570
5984
6202
222
4469
7547
6862
8123
7692
5218
9844
9310
1562
4341
5015
4250
9629
89
797
3135
4182
276
9542
9608
160
8562
4480
3469
4362
9945
4384
3920
594
3745
3727
4475
8096
8350
1372
9856
3713
6316
956
4684
4050
9382
7599
5487
8732
399
2316
4202
722
993
5598
4637
1177
1089
5892
7660
3480
5117
8009
7926
9347
5529
5971
3799
8569
86
5927
8951
5846
2076
9646
799
3360
7486
5300
1505
9592
8316
758
5735
9903
8252
9538
874
1114
1987
2887
6720
953
7970
6398
7981
6486
9991
3611
5488
2285
2486
4348
3410
7074
2303
7324
403
1718
5246
6149
1747
5702
4269
4461
6219
6624
6744
7497
9368
8614
720
7206
8419
8247
2582
7018
6570
5897
114
2923
4366
5329
8791
8191
8200
5170
806
6154
8234
6598
5174
5400
1210
9770
7049
1856
5474
5902
6999
2689
1269
7094
2796
282
2010
1360
586
8876
8284
9358
839
5357
694
8833
9620
3384
6730
3348
9196
4170
2995
1381
8932
1662
3101
5255
6990
4523
1195
1478
5434
6262
6421
6828
2043
7445
9410
7600
9505
2407
8034
9698
1695
6400
8683
9928
355
6126
9760
4063
8824
4442
4473
5109
4448
9869
1673
8728
3559
3527
7702
4614
4193
7065
2313
3827
396
397
8437
235
946
441
4458
6128
9130
9960
3892
1521
7072
745
8271
1267
2210
465
3604
1537
7299
6758
6915
8070
8540
2489
8575
9784
1489
686
2384
3126
9711
5838
5152
8892
5752
9073
3391
7186
3867
3880
1570
3305
1456
3736
408
3710
8215
6258
9295
5464
7319
646
9763
9998
881
1101
7613
3471
3885
6745
3465
1
6146
1979
4616
4851
4020
7530
7907
4273
9256
1813
3299
7459
7379
9834
3412
3963
27
2319
5497
3239
6071
1732
2664
5683
563
2784
3378
2838
3581
7058
177
5755
2413
6797
9667
3930
3600
7005
2175
4073
5952
2994
4084
5482
8062
1711
169
4135
8245
4633
2513
9696
1820
9007
6028
4805
9182
2293
8818
5120
2038
2474
8585
1991
9920
6135
9793
9053
7794
4937
7898
9421
962
1227
2624
6170
1783
6543
4811
7998
8868
2730
591
2188
9930
9929
1516
7008
7424
8608
4998
3015
2159
5420
143
725
5460
6267
2828
9065
1000
9145
4518
2521
7480
6389
2700
3026
2092
7997
3303
8230
362
8989
3585
578
8668
9058
729
5671
3598
5695
5858
6703
4870
5285
3358
2053
7644
7484
1190
996
4091
6905
9455
2068
7764
9134
2763
1289
587
619
6322
2618
8288
2437
9615
525
524
2055
4828
2861
4276
7082
6540
8409
6492
17
5528
9701
137
1701
3098
4435
9328
1402
6434
1045
9013
2550
7994
4640
9874
9526
6781
2376
1128
4771
9245
676
5185
8142
7817
6567
2623
3565
4054
4791
8454
5698
5713
305
1727
8502
8884
5398
7807
9624
7611
866
7451
7629
4357
8889
2379
4373
5454
5297
8529
9470
5068
7779
4262
9692
6035
3313
5814
6101
7148
9954
5572
5648
15
9523
518
3432
4932
5311
459
5736
2356
3179
6010
7963
5805
7729
1513
5417
99
4196
8844
4603
5638
8255
6448
9088
1383
7842
8392
6464
7440
2988
2296
715
4355
5810
7616
3641
1348
4169
8106
7718
4973
5138
8691
9111
5082
596
8094
1211
1738
5403
1955
2632
4803
6850
7944
5599
1802
2250
753
1986
3006
845
4295
8742
9622
8379
3284
1966
8759
5172
9795
637
5201
1088
1247
9417
7681
5047
7795
9483
7619
7046
8598
9604
1525
4648
2106
4857
8709
5665
3241
4047
7362
5518
9815
3293
1551
7676
4141
7446
6979
9680
323
7158
5268
9713
1154
1613
5154
791
4520
890
6665
8525
1135
9003
8908
4381
9082
2581
2728
6483
6412
1411
3870
468
3055
2253
8811
7630
1859
8108
8953
9527
8321
5780
7099
7260
7811
5796
3266
2944
6897
7210
4157
9178
9822
5050
5718
255
5016
7265
8365
3147
8456
173
4301
6319
104
6916
3163
6312
8808
9510
633
2585
4717
6604
555
554
2497
4455
5724
4282
9285
535
9595
5384
7070
52
7400
1117
2826
2827
9587
5623
9206
9271
2102
6363
2847
1448
2008
3304
4139
1292
8490
9556
8129
9102
1823
2423
2961
3801
3966
8044
6210
9995
3013
1323
6535
435
6015
1230
5706
750
4898
6119
6736
2746
3289
2750
5341
589
8495
6934
1263
5157
9370
6094
3031
4628
3689
8606
2599
2639
78
8111
4925
9330
9899
1615
3458
1490
977
1535
1534
3632
1692
3321
1057
4425
2237
9057
5722
4928
9650
5749
2529
6959
1025
3560
9413
8576
1676
8636
2332
2588
3597
2268
2503
6681
8028
1921
2842
7139
9225
3738
6073
7311
3990
6333
1305
1585
1848
2566
4392
1588
2410
2893
4950
9152
1336
9017
9194
9193
496
2258
6819
4249
1012
3902
9978
9965
2557
8674
4360
1463
6815
8225
520
4822
991
8477
8387
9188
5327
776
3171
1354
374
5547
424
4730
8795
835
5240
2592
4258
4257
6468
9639
5228
5077
7173
1473
8552
1959
3070
3453
1020
3935
7441
9355
5304
9867
298
6547
8527
6652
9033
9741
5092
8533
9982
7919
4270
5338
8489
3657
4225
8937
3456
1652
9733
5851
6545
128
5849
1898
2491
3222
8923
849
3843
5052
8101
75
1083
3962
9768
7569
3113
7242
9331
1033
2911
2594
5363
4287
1577
5450
9416
5313
5653
3403
3402
8121
971
3638
6349
7067
5079
1182
7668
8558
8963
6054
4338
4514
6459
5620
5948
1600
6557
6479
5405
2810
4222
1997
3446
9189
111
2403
2970
5524
2232
4703
2524
4941
318
3430
5522
1342
1604
4036
4934
7953
712
431
1721
1278
9967
2869
5995
9404
3185
4813
6881
410
3008
8862
8959
9439
454
3646
4836
8418
3167
5084
4279
654
8228
8610
61
5388
3329
3681
8735
7754
462
1644
3063
4191
6992
7837
8669
1421
4528
6002
1148
1740
4676
4984
1312
5889
451
4613
9984
1796
5542
6473
5772
8505
4878
4882
3350
7720
6873
8885
7985
2015
2014
4733
7233
7415
4307
6930
1867
9346
1325
2275
7573
1595
4563
1252
6133
4862
8014
9278
7016
9446
5592
3808
232
1187
5918
8998
482
3201
617
1106
1496
5764
9445
6762
959
328
2389
1990
28
2518
2519
7297
3968
5481
4026
1657
341
5640
6437
5452
3793
4496
7402
6497
9477
1838
2577
8048
472
4594
3061
9220
345
6346
1891
3535
3788
3406
7959
6518
5826
5860
7666
1113
2052
4983
7112
6278
2851
838
5165
7890
8855
3649
2711
3675
1388
7178
7884
8848
9124
5956
6203
4096
4129
4584
9532
629
9282
5692
2641
3614
7852
5189
2568
1809
3593
7801
421
7123
8553
7035
6476
7332
6423
8024
7626
3591
7767
3057
3056
1256
9730
5334
7923
2426
6383
5142
4918
2715
3389
4463
3926
5668
1454
3950
1374
2535
4093
6199
1686
2980
3723
8694
3366
1590
1589
5319
5045
661
3279
5009
2937
4364
4621
484
8467
6998
735
320
7292
2066
5002
6259
7364
2485
2526
8298
9832
756
815
3178
2119
6393
6392
4482
1358
2361
7011
7063
8761
3668
709
6728
9118
366
656
1736
1737
6185
6531
299
3940
2916
9682
8082
6378
2230
7992
2930
5765
7858
7510
9317
8781
8786
9230
1900
243
7744
2506
5260
3373
7225
1075
2004
2342
4099
4100
3781
9879
732
9585
888
598
11
7658
280
1911
2555
6122
5709
93
1228
1709
281
4498
6310
6440
5663
5664
7792
8189
3316
6889
8021
2649
3927
8629
6022
9224
610
9462
2544
4890
5833
1284
3636
3252
2463
1409
3509
5793
7913
8713
4079
8134
6773
8887
3948
3024
4596
2157
4618
6236
9149
389
5869
6626
6625
4298
5368
1542
6686
607
1425
1624
3198
575
3461
4066
4849
8705
919
4773
5536
6498
4711
9043
7513
1502
2132
2133
3729
4886
3806
7548
8173
1879
6840
1203
5221
4335
1889
7734
4427
4426
8767
2086
7336
5915
1606
9099
2900
6325
412
6806
9175
3210
857
1373
2875
2920
231
5904
9314
2255
1281
4759
1367
1366
2736
2752
4687
7722
8309
677
4651
4652
1279
212
2499
3004
4709
8184
3833
7624
8425
9142
6208
6275
3574
5196
5195
7978
6777
2448
6563
9517
6939
8991
4123
929
2608
4346
5987
2177
2883
4545
3539
1451
6075
1659
1658
4799
505
2001
4000
4057
6451
6450
8478
2050
393
2822
1880
2325
2220
5238
2199
559
2349
6812
5039
6695
6694
8086
3039
1766
4232
3619
6667
3190
5336
7104
8347
3993
6341
6140
3194
5456
1170
6150
1003
1282
4011
6372
8000
7999
4086
6113
5661
779
1828
6843
6056
8149
3212
4694
8654
8737
5990
1345
4151
5633
8856
3418
8978
8310
9637
6874
577
9402
238
9721
4915
4743
1152
1153
7532
1712
5757
896
6401
4319
7443
9848
8084
4450
2787
263
8444
933
4967
5646
9127
8098
8061
7876
9114
2854
8506
6442
2057
2712
8345
8590
5818
9467
4568
7989
636
8872
5054
5053
8745
6716
2216
3642
2616
8335
5494
669
3834
6407
2792
5507
5248
1224
2564
3703
8677
47
5443
8159
8158
2205
6886
3260
1928
6162
2441
7237
4087
5980
9751
2223
2539
4470
9186
307
6756
2298
8474
2094
9432
2162
3245
1934
5380
6955
7448
1583
7522
4184
9343
9582
2041
289
3864
491
3972
4431
1545
2962
7397
184
6111
7154
5121
6942
7496
3749
9593
1395
9645
4598
5677
1156
5476
7262
1968
9573
6130
6864
9866
2863
9578
8205
6301
158
310
2103
3699
7652
4244
9243
9571
9664
1655
5159
2778
4922
2571
7674
8895
6142
1222
1213
2242
2406
8561
2429
9071
5716
312
9524
2030
5186
8434
9619
4343
852
6197
6334
5738
3227
8039
2992
4537
8385
4888
7516
9156
7799
3086
3265
1625
9388
7609
6007
1415
9459
9674
5216
5686
2834
7041
7042
474
473
1777
7388
7689
9242
9097
906
9724
9725
3175
7091
3151
5626
5786
8268
2167
4510
247
7535
2458
5807
6139
4180
3851
1941
1303
5440
5439
4865
6879
8571
4285
5923
5954
5867
3022
80
9215
4214
7929
8132
9148
1648
7745
7578
3128
7881
7283
2974
8273
2958
3219
2301
5769
4896
1786
8765
8766
5386
864
4911
9333
9332
9658
2247
2248
2335
3810
4210
6923
2966
1111
7116
6011
438
9735
509
2322
5006
7354
274
9940
2745
4698
5579
5680
6037
2225
8583
3829
5076
6478
9599
747
2174
2243
684
4243
5448
5449
4465
3311
3669
6564
6910
9769
6461
5563
8513
4186
7096
5279
9594
945
8940
1429
1428
2968
3797
6107
9261
1086
8775
6516
2831
5217
9364
9365
8139
2150
9397
429
430
7607
9072
63
62
9323
1092
1240
1193
5271
6921
5975
7949
3071
5885
9222
6622
5812
1964
5276
284
614
7728
9173
5101
8729
3722
7175
7174
627
3606
6587
2629
8746
9231
6835
1759
3174
9038
894
8679
4787
593
5323
200
5299
3547
8825
8314
2136
4901
6084
6951
3234
528
1297
338
6490
5192
6466
7784
8983
7878
2495
7002
8302
6668
4109
8523
766
765
4153
7911
7912
810
8613
5552
8778
7147
3839
6403
427
3409
8329
8962
2442
240
9545
1917
3143
6269
887
2699
3686
6489
7575
7883
7189
9170
1250
2665
7427
3576
488
5727
7250
1445
443
9754
4550
4741
1334
2326
4116
2252
9602
7733
3655
879
5510
6005
7309
7310
674
6546
2197
3121
6904
7426
1246
8664
5139
2471
8546
7647
4234
4359
8428
9554
1901
8943
4816
8358
6688
1677
7915
9669
1602
1504
145
5242
4144
3396
1985
3914
2153
5234
4979
8016
8378
1273
1830
8724
8707
8706
3382
5073
405
406
404
1546
9547
2400
6081
2305
7942
1175
1176
6090
7224
7395
3910
1772
793
3662
4278
3846
8151
8631
3119
5681
7833
7029
4847
7269
7268
9452
223
4173
8357
7369
6031
6376
3281
3149
7201
7368
7475
1439
7581
3320
3108
9339
8672
8622
9610
6470
7394
3937
7788
7489
5414
5415
3504
3505
7197
7295
4605
2609
5651
5652
1145
4076
2650
1523
9659
1407
1619
1143
7136
4247
1027
3272
4051
6032
7840
5098
7430
539
8816
4765
4766
192
9023
269
5631
581
3273
4782
7988
9876
9051
3440
4577
8517
3628
5982
3134
1519
4961
5731
5730
8226
6414
4499
3483
6000
2181
3427
7596
294
863
205
4194
4192
5127
6386
9479
4966
7229
4867
6888
1051
5590
103
744
3091
7138
5257
2229
5842
6344
9008
9820
5704
9429
9428
2898
8511
774
4990
2880
7456
5462
5461
4114
7246
4312
9227
5281
197
1726
3996
3235
219
7551
9846
9847
1099
1098
5150
5855
6698
7487
7485
2367
7037
7617
7638
2318
5377
5252
4590
4591
9567
7010
2780
2551
8449
1807
3376
1905
6062
1161
6860
2115
3000
3987
1869
6838
2866
1379
9424
9756
9755
941
1596
6673
1948
3203
3202
187
8324
1259
2732
8965
4831
8958
760
761
5262
2672
3255
7543
1266
3588
1818
1819
9090
8784
8785
3042
4130
2697
9973
1918
1850
7901
8312
2472
1539
8051
2683
5162
5446
6700
6169
3368
8366
3899
5200
2721
7636
8518
4664
5355
5356
9377
1306
5943
7093
1926
6671
9773
9785
6800
9830
8926
7812
1443
9987
773
7556
9858
5061
7477
109
9534
4423
1299
9861
3326
3327
4904
4668
1810
2982
8936
3192
1067
6876
6908
8603
9997
5977
8807
440
4938
5235
869
1480
9240
3753
5473
7120
652
9456
9441
2874
9236
679
1019
6988
7421
807
7771
822
3860
1509
8216
6374
1472
2681
6966
8243
8751
1333
9566
3751
3752
6116
1705
1706
7663
8195
3354
5614
2795
5746
3840
7824
6634
567
9789
1645
2906
5564
7606
2934
5290
7967
82
2307
8013
9113
8840
9827
6181
5421
4002
8898
2300
1437
9250
381
1316
6974
2579
6234
6233
4350
4043
4547
8769
2375
6684
9010
1893
545
3217
2979
1982
811
5733
7863
4682
7338
6255
9634
2260
1037
4558
2556
2633
8865
2584
4260
2480
685
5703
6610
3501
8550
5580
2392
8543
8473
4980
7467
4418
503
1790
1294
6811
7164
1840
4976
2064
9888
4274
5204
7633
8972
9307
3434
8851
49
4137
6967
8237
9047
6852
6795
4082
3074
3079
9497
4383
4955
8616
6091
6196
2955
5125
9139
3790
979
4332
302
9270
8564
4728
2591
3083
6770
7258
9684
9882
2659
7141
5033
6190
8794
336
337
8341
6418
5146
4632
1404
4502
8153
923
8829
558
1141
7748
9335
6187
6379
7404
8607
5350
5603
314
6689
8891
2948
1995
4710
1460
3286
642
4039
6790
2090
6994
7688
4876
4877
6104
5659
3726
1621
6507
1357
8066
9509
2183
3181
833
8852
1894
7130
9264
5801
7213
8353
1081
2428
901
4951
2562
2563
2856
4667
1361
1908
1260
2207
5898
13
1321
8917
4289
3800
855
3398
7342
7697
6523
571
4059
8235
8352
4187
8594
3762
5962
2768
4909
7385
7671
8161
1989
5894
6637
1465
2636
4010
186
8078
8079
7351
4788
5022
1126
4552
1072
7580
2738
5824
7407
7408
9055
1702
3218
3756
1753
7216
9907
9908
8113
9436
4880
2814
6428
1560
3760
9974
8050
356
7021
1530
7253
7879
4459
5587
7517
8375
6928
9777
7662
3719
6408
3893
9936
795
9106
3371
3492
9643
447
4825
8644
5880
5881
6121
3616
107
4166
5583
8719
5696
4580
3544
3817
5013
8484
9742
332
507
413
2817
2147
9349
347
1724
7909
2450
3693
9031
8648
1007
1006
2338
1875
8460
4025
2627
2628
512
5845
3666
8069
3587
7933
2789
2788
5426
8295
9014
828
5959
7820
6590
1121
4147
7903
1965
8332
8074
8404
6855
3879
3262
3261
9737
6043
6648
2163
3213
7418
313
1970
325
324
8145
2574
7301
7302
8510
5231
6640
4872
1069
300
7293
3706
3707
4227
4226
4802
4801
1338
9681
4126
7481
6218
8338
7588
20
9249
3297
3451
7701
9601
6823
7433
6359
6358
2040
967
7329
4530
813
9842
6049
4424
3124
3125
6630
8970
4623
3097
1453
3917
5332
9489
530
3627
6857
989
3421
4720
5399
32
4433
4434
2036
2035
5822
6859
9321
4817
6339
207
151
994
537
9810
9180
3766
106
2895
8805
8140
2984
2983
195
824
9915
1550
1750
3601
4958
5492
9690
9691
6970
9706
9714
7566
568
5972
1235
1778
3282
3557
3558
2270
4064
7392
7393
6987
6132
8091
5939
9628
7726
6501
8994
3336
8645
5499
9085
9362
5946
9561
9560
4103
3206
5361
5362
3875
548
2572
7243
1569
8486
9475
3187
3186
2801
3130
9648
5019
6102
8154
1977
9581
3889
8199
9537
4323
842
1392
1391
9606
9607
5778
1244
8119
8120
4030
6048
7567
1914
7471
8689
1798
6305
245
8806
6722
6721
6155
6249
7528
1314
1768
5809
291
6596
9932
164
5556
4833
4832
377
7546
2084
647
5546
5754
4636
6742
9700
4690
4150
433
9717
2096
2508
4795
3497
7156
7272
7273
3436
1951
1950
2946
3564
6260
5985
9863
2025
2806
179
5540
5541
2196
4477
3571
5067
4959
5347
5346
5427
1352
3444
3445
296
7853
8054
5647
6060
8002
383
2657
5798
5466
892
5036
7865
8601
1787
8427
9824
1633
9213
5353
5018
2757
9059
2483
2514
3903
2490
3037
6458
5744
3205
5710
5471
3116
5804
7003
6494
5549
9902
3464
126
127
8223
8224
3300
5390
4884
4885
4883
7205
88
2837
7602
7601
9529
4299
987
7723
9782
5901
5669
3803
3802
754
4479
1218
6429
8037
6784
5921
2357
7859
5533
3594
8859
3290
2644
8270
73
1609
4021
2740
546
4701
7897
7160
6603
3568
5486
3776
6318
9504
7642
8005
6308
5198
2212
8178
8820
8241
877
5627
5806
5720
8749
1774
2748
8192
9845
1685
3512
9549
286
5250
3041
5108
4033
8950
7033
3066
3065
1812
3787
5697
2352
6027
1376
1375
2193
4453
4454
4809
2803
2802
2967
2941
3333
6004
7747
5687
1862
4642
181
6520
6519
8909
4729
804
4164
4515
5081
1924
6725
1638
6594
4609
7683
3683
3682
7948
916
8105
5065
5996
9797
7125
7124
9688
8658
8657
9748
2500
7670
6957
6958
4005
8508
8507
8604
2226
7052
7751
2656
2306
4492
8623
1301
7849
8814
2686
2776
1396
1274
4749
4750
6804
8600
1433
9027
9838
9837
8389
3476
1571
7360
584
585
699
697
7222
7221
9109
6223
974
9941
7077
3388
9765
9764
9805
1302
2284
3856
2702
5609
9697
3952
7984
7100
6766
1179
1180
1743
9914
1857
4451
5635
272
3473
3472
5550
5404
1172
3692
7463
7108
7678
7677
649
3429
6093
4400
6827
7520
9219
3029
3425
1442
1653
3493
6045
5208
5207
3866
7506
3956
4069
8254
6963
4486
7024
8466
5024
3784
1065
5479
5480
6866
6865
3487
4304
7937
8231
1611
9685
9686
9812
4398
4399
4397
9297
2743
4265
3018
9199
542
8300
7843
9663
8458
5141
2719
5369
1271
1270
9884
4389
9168
9169
5569
5568
1214
5470
3059
9962
6641
8800
2759
5289
2940
7977
9273
9530
1199
9153
4327
4533
5331
7776
7211
7466
6482
4074
3140
5026
659
3226
8915
1355
7313
7312
6549
8463
2365
1693
6327
6328
1538
965
5102
3826
8277
4316
660
964
4856
6656
6555
1458
1457
1418
72
1597
7383
4779
5149
3716
739
2596
2595
5740
5739
6502
9208
1201
1202
1382
2122
3900
6439
9801
4559
2329
9158
4266
2192
2706
7645
2454
8710
6803
2386
2385
3526
1564
7846
2444
2443
2127
7651
1508
9098
922
67
700
213
8390
4917
12
6509
6508
9563
9562
952
3624
3625
8921
5129
5128
3455
3457
5394
853
7974
7975
1698
2291
2077
1001
4626
4625
2019
2020
7129
538
2414
7195
5179
5178
9286
9457
7740
7739
1954
437
1487
5212
6184
1197
4953
7357
9448
7730
9993
9992
6495
3292
9980
8763
8762
8878
5111
5110
8578
7259
3942
4242
8220
3355
8758
3495
8089
8210
2575
4097
1517
3530
6541
7540
8901
8902
2669
9516
6635
6137
6136
6367
470
5366
5367
6018
604
44
4541
5164
1962
1963
4977
267
268
9373
7239
803
9438
6972
6971
5432
5433
5922
7031
6433
5573
6504
6505
4678
7006
5144
3153
5707
6471
458
3659
3658
5938
2447
5617
2130
8587
2321
3536
3094
9921
8095
2294
8362
1775
7529
6627
2179
4376
7819
3871
9828
6948
9588
668
1464
970
5410
5409
4235
818
7864
4714
4716
7086
8110
5266
4991
8459
3335
364
2517
884
883
5096
5324
8125
8124
5359
5360
2858
5254
5256
7317
7318
390
6454
226
1074
8980
3650
3531
9878
9817
9816
8554
2345
727
904
1046
4161
5999
2751
9104
8541
6014
6824
6
6832
1558
166
2048
4579
4841
4842
8266
7050
1370
2621
2622
287
8635
2884
6661
6660
1070
8025
2739
579
1755
6869
9258
9259
1031
1032
9577
6754
6755
9147
480
481
9738
4390
4736
9233
5725
3582
8821
2825
8740
8741
4229
2202
926
9407
4172
4494
4320
5484
5483
6019
3170
8304
9064
2493
2527
154
153
5773
7390
7389
119
8183
3635
7592
5214
5213
2262
2261
2957
6982
2069
3362
3011
3012
740
4391
97
2714
4386
9360
9361
7797
628
9961
819
2347
2348
3312
6995
446
8592
8593
8966
4853
5190
1780
1632
5330
1769
3960
3961
3051
9252
501
9274
258
2044
7910
8922
7832
8835
8836
9411
9005
9006
76
2848
5249
4471
6252
7803
7802
1815
1814
8503
6896
1058
7559
6220
8999
3737
8976
8977
8256
7825
3240
3743
3742
5455
4189
4188
2725
7656
7657
2766
9551
9550
4437
972
7118
3844
5535
8496
1423
3823
7322
7323
612
3243
3242
6438
8682
6226
3142
5965
4387
2896
2168
9806
7590
7589
1166
3256
2482
2660
6413
9937
5070
4604
2694
2695
4046
3068
3067
2945
9870
768
6609
8567
5317
252
6395
3647
7285
5203
5202
6697
3229
3228
9539
6738
6737
2676
1485
6397
691
1498
1497
9464
8286
8287
2201
2395
2396
9302
3478
3479
9611
8722
8723
3718
4067
6354
6353
2063
6556
920
796
3357
3359
1118
6534
9093
9094
9716
9507
9506
9508
278
279
8401
8400
5994
8642
5874
5876
333
7932
734
2950
3009
5820
8165
9019
9020
7986
7684
5588
5673
690
6052
2868
4629
4627
6566
1909
9744
8292
873
6157
6064
9502
9503
4970
4971
171
7706
147
2344
7203
9979
2598
3332
3351
321
2993
4645
4001
4489
4488
9217
8897
8896
1988
8011
8010
3837
3838
7363
6785
3044
3045
7453
5887
9976
9975
7226
7554
7553
1548
1547
3822
2467
891
5931
5932
3921
170
6655
7757
8468
9492
6144
4649
4650
9197
8831
8830
6211
3848
3850
8131
5040
4436
5866
2648
3268
3267
7850
7715
3162
531
4179
4061
5343
5344
9135
9598
7501
5816
5815
4294
8827
8826
2114
1220
2685
5782
5781
9076
7345
394
7769
7770
229
230
2925
2924
3932
7524
2710
3189
6280
6279
859
4572
4571
8146
9078
9024
9791
5089
6290
6291
711
6512
1192
7348
2926
9313
5968
7695
7502
3882
3881
6348
6051
3183
3184
18
8293
2422
8946
9781
5693
9694
9693
2677
6158
3522
2531
632
9892
6743
7036
1308
8441
5373
5906
1494
1493
6944
6945
1150
4770
4769
5226
5375
5376
417
5989
3208
3207
2432
8250
2952
2951
4921
2772
2771
9512
2844
2843
1722
1920
4512
4775
4774
3523
4821
3943
7922
1781
1206
1207
516
4835
7135
4848
2328
85
4230
798
4041
1884
4677
2240
2241
7707
6194
6195
5775
5776
8563
6816
423
7315
7316
8690
9813
5358
4092
848
149
2126
3714
5032
5594
5595
257
2218
2217
2494
5700
5699
4122
4948
7902
6798
9745
6527
8515
8514
8371
4476
7956
4131
3001
1912
2257
8651
8652
6173
6172
2929
6583
9905
4672
8535
8534
4504
7347
948
947
353
354
8736
1601
9161
9160
673
5520
5521
3485
3484
4593
5909
4845
4844
5173
7709
7009
1584
8422
9469
2889
2888
4986
4987
6266
2129
7499
7498
7252
9299
9300
5295
8480
8479
6417
5315
5672
4293
4329
4328
4330
4175
4174
9775
9776
5534
6295
7204
2073
452
7083
7084
2932
2931
5684
6331
6330
3417
2917
6551
6550
1386
3915
9129
253
3877
3876
5223
2259
707
708
7710
9708
6067
6068
8720
5423
5422
1981
8945
2011
2012
9028
9359
6537
6536
1938
500
4484
5197
4133
4134
6851
7150
9668
5853
5854
2850
9591
7971
513
8910
6033
6034
9195
6314
6315
8410
561
560
138
2382
2383
3161
4421
4422
5526
5525
4377
4739
4740
7055
6906
7240
6528
4657
4656
2311
2312
2108
2152
4671
368
3369
9418
2899
2369
8696
4205
4206
4345
3345
3344
2560
868
6381
6382
5389
2476
2475
7564
1401
860
4439
2088
5508
3519
3520
2465
2464
2461
1610
1825
1826
7399
7401
5544
5545
8446
9205
6307
8793
167
2755
1617
1616
7428
4221
4223
6123
418
3295
3294
3508
248
4062
174
8542
506
5819
7196
4522
9040
9041
7191
2767
7523
5043
5044
6286
6285
4935
6775
6776
9851
6096
6095
1322
6833
8905
5512
7951
1149
6901
498
497
3120
5644
5643
9061
9060
1248
1833
1447
6127
3979
3978
9201
7871
7870
9966
8755
8754
3112
1730
1731
4763
3541
3542
1957
6847
6846
2536
2989
8213
8214
7639
4654
6868
9079
717
716
2998
783
3998
7218
7217
7219
8006
5265
2105
1956
6487
6488
1327
767
7014
7015
1285
1559
936
8726
8727
2273
2274
4707
4708
7435
7436
1697
6883
6882
9108
8279
8280
3423
3424
5934
8267
7027
9119
2548
2549
2547
5062
9531
4407
3416
4004
4513
2118
7102
7101
2537
54
55
6405
6404
43
9267
3764
3763
6900
3620
8036
217
3671
7235
7234
3
2
6524
425
486
485
801
802
696
1580
7127
7128
2703
644
645
8330
2553
5286
3449
4639
9752
4796
306
778
9672
7276
7277
8557
6937
6938
3975
3974
2221
1574
1573
8319
8320
2642
6445
5119
8687
703
2417
5352
124
123
6961
6962
9943
9944
5783
1408
8639
8638
8251
9128
7461
7462
6112
5575
5574
655
6079
6078
6243
6242
8667
8396
3750
3999
7327
7326
9408
4369
4370
8442
9889
2032
2033
6791
5135
1186
4561
4297
7649
7648
7736
7735
7737
9476
9918
9919
8482
8938
4864
841
8524
5514
5513
3697
3698
1016
1017
4785
4786
3732
6606
6605
1237
1238
6040
6038
3981
3608
514
9514
9513
3038
1094
1276
1277
6296
4155
4156
6871
6872
1939
3165
2171
2170
8695
3467
3468
2372
2371
4693
8186
8185
8647
847
5650
9091
8701
8702
625
626
9337
9338
8968
8969
1932
1933
8984
8849
6216
6215
8566
5113
7143
6373
3589
2078
8076
8075
5758
5756
4493
25
24
6663
6662
8815
1854
3795
3796
4322
5143
3769
3770
5973
6480
3058
4446
4447
6808
6807
113
4722
4723
5872
5873
7835
7834
8875
8877
5094
5093
9986
2723
2722
9952
6779
6778
4410
4056
7782
7783
9923
1054
9353
7889
8015
5561
5562
8383
4280
5097
2002
5222
2436
2589
4860
4861
8261
4284
1369
1371
4220
6733
7449
1219
7381
5458
8548
8547
9555
234
1837
2289
2290
1864
1865
3992
3991
5283
5282
3339
3337
5103
9569
9568
1528
1529
2601
2600
6981
6980
4641
1639
3757
1184
4460
9394
1050
4403
3249
6669
4119
9211
8022
8452
8453
8492
8491
9202
663
662
9291
9525
4075
9652
9653
5577
5578
7790
7789
3717
8532
737
736
738
1764
1765
4993
1627
1626
6636
937
9103
4305
7742
7743
7990
7775
5899
7924
9574
9572
3644
3645
1679
1678
3148
1326
1109
9290
7153
7155
8336
4761
4760
5305
721
1635
261
262
4216
4215
40
9625
7537
7536
5106
5107
5105
4429
4428
3166
1349
4585
519
5134
6250
4855
130
982
983
9184
9185
6365
6366
6364
7214
9116
9117
3711
8337
8429
8426
6388
6390
5675
5676
5840
5839
9342
1085
5955
5505
5506
5504
1714
1713
8325
7941
4483
5181
5180
5025
6098
1029
1030
5000
4999
5321
5320
4942
4940
931
3276
3277
6713
6691
469
8445
9895
9894
2378
6729
1607
9392
1035
1036
7693
5657
5658
4181
3115
8406
8405
2662
2661
7168
7366
7365
7
2408
3809
162
161
9951
2460
8072
8071
9481
9482
4538
2502
2501
7571
9854
9855
2541
2540
4610
6065
4035
5988
840
5210
5209
9792
6579
6143
4507
1667
1666
5229
5392
5391
1543
3887
3886
233
1592
1594
9163
6559
4873
7541
3778
3777
94
95
1040
1576
7805
7806
1287
1288
3924
3925
3922
7761
1467
1468
5168
5169
7756
3287
3288
6165
6164
6298
6299
2902
2901
6911
7376
7377
2973
7867
7868
5601
5600
1398
1397
3307
3308
4910
9617
9618
8471
8472
1683
1684
666
665
8368
8367
70
9049
9048
932
6337
6338
3933
9283
9284
851
2605
3490
3489
7028
5941
4792
4793
215
214
2938
1053
992
7704
7703
6842
5008
1636
7167
6239
6240
7275
6108
826
825
9904
7413
7414
7412
789
790
3413
3414
3049
3047
1873
1874
1500
1499
7917
7916
7334
7333
917
6356
4255
8180
4777
4776
7906
3199
8041
2340
2339
6370
6369
5690
5691
6612
6611
9045
6431
6432
2264
2265
2263
2862
2782
2783
30
29
5967
9325
9324
4662
4661
4696
4697
942
1757
1758
6836
444
445
8803
8804
8744
6591
2431
9177
7804
4946
6600
6599
2455
1514
3237
3236
9400
9398
5788
5789
8618
2717
3970
3971
5859
8641
7056
415
414
4106
4107
4964
4965
3701
6747
3258
3259
1890
9495
9494
9850
9486
9485
3586
372
7935
7934
6960
3907
6228
6227
7839
2120
1063
1062
4315
1882
1881
8290
8289
1189
1191
1188
3386
3387
4503
8361
8374
4646
2840
2839
1579
550
816
8788
8787
69
5012
6582
8797
8796
2439
2438
1844
1845
4024
8948
8947
6080
6821
6820
8996
8997
4575
7753
8846
8845
6763
41
7020
6919
6920
5477
7762
2399
6581
9897
9898
4438
8987
8988
1309
6829
7039
8436
91
90
6023
9239
2606
190
191
4781
3442
3441
4920
5863
5865
6677
9354
9356
7290
7291
7654
7653
4562
7073
1629
1630
8264
8263
2964
2965
1553
1552
7081
9443
9442
5554
5553
5531
5532
4757
4758
4745
4746
1138
2054
7183
7182
9712
9420
6422
5244
5245
6984
6985
9515
1511
1510
7586
7587
6118
8211
1160
7614
7615
2774
2773
1104
1105
5436
5437
8421
3552
3551
5049
5051
5929
8030
8029
3196
3195
3688
6109
8412
8411
449
450
448
3873
3872
3861
1803
7570
4198
4199
4416
9414
9412
6682
4573
3515
3514
3911
3912
4411
9132
9131
2017
2018
2100
2101
2646
2647
5981
8019
8020
210
209
211
2877
2878
4275
4444
4445
4686
4685
5004
5005
8591
5086
5087
7526
705
704
2832
4906
4905
2113
6712
9956
9957
621
620
5792
713
9150
385
9465
351
6343
8906
2610
1283
9246
9248
9423
5930
4334
5069
183
185
384
1913
1642
1643
2189
387
388
5621
9719
623
624
6246
3100
3099
5655
5656
5059
5058
4894
4895
2204
7179
2359
2358
3030
456
455
9210
9949
9950
8612
9947
9946
4048
7038
7838
9779
9780
8103
8104
950
949
2466
8925
8924
4239
4240
9293
9294
3679
3680
6760
6759
7060
7059
6749
373
5382
5383
3107
914
915
9471
1906
2718
7371
7370
3394
3395
8179
2533
2534
8202
8201
2986
466
2511
2512
7621
3595
7107
9500
59
60
7508
7509
5419
8888
3224
3225
3089
3090
8870
7856
7857
9319
9320
1022
1023
7298
7300
4582
4581
4548
4546
4508
8088
6752
6753
784
2554
1566
1565
9519
9518
2143
2144
3815
3816
8771
8748
5538
5537
142
2835
2836
3021
3020
4726
4727
4725
7875
7877
7809
7808
2997
9218
8296
8297
2380
2587
2059
2060
4017
4016
9140
199
201
1794
1795
5605
5604
4680
4681
2173
2478
2477
3835
6245
1762
1763
6932
9772
9771
5862
2603
2604
7012
576
5607
5608
6410
6411
3405
131
129
3533
3532
4415
898
897
8171
7814
7813
7810
3982
116
115
6646
6647
8058
8060
2227
2224
9641
9640
781
780
7557
7558
1871
1872
5750
3016
3017
3517
3518
135
134
1257
1258
9678
4012
7891
3318
3317
4553
1688
1687
693
7946
7947
6321
9228
9229
6707
6794
6796
144
1784
1785
1077
1076
2214
2215
4040
2797
4310
4309
1363
1362
5925
8032
8033
9380
742
741
6271
8188
8190
8715
8714
8777
9821
6515
6514
1417
1416
7987
527
526
1426
1042
1650
1651
8520
8519
464
4753
4752
6925
4342
1674
1675
8326
2908
2907
9037
36
8573
2420
2419
908
4212
4213
7264
6099
682
683
2234
2233
5191
9665
1079
1080
7281
7279
9499
2434
2433
5751
3652
3654
33
4268
8067
5843
5844
6585
6586
2138
6572
6571
3088
9632
9633
5429
5431
9833
8717
8718
6768
5339
2505
2504
4413
4412
8238
8236
7690
5074
5072
7886
7885
3221
3220
4806
4804
5237
5239
1946
1945
9636
9638
3546
3545
1792
1791
9605
2287
2288
9926
9927
2238
7454
924
7965
2071
2072
2070
9137
3375
4665
4521
8620
1860
1858
5230
8661
9341
8955
8954
3379
3377
8773
3510
601
4975
5799
6643
6645
6632
6631
6575
6576
9069
9070
7500
1317
8659
6320
7374
7375
265
264
871
872
5924
8065
939
940
6303
6302
5950
5949
8572
1440
8624
1835
1834
4321
9384
9383
3945
3946
3158
3159
7712
9280
9281
2734
2735
1264
1265
2271
3958
3957
16
3617
5340
4352
7089
7088
1903
1904
5516
5515
1771
1384
1842
1843
2670
2671
6484
6481
4944
4943
5870
5868
5031
9891
3025
6976
6977
1716
8114
3232
3233
3230
4798
6680
8439
8438
3700
2007
2006
8499
8498
831
832
2155
2156
3363
7248
7249
8673
5272
4978
7470
7468
8628
2165
7895
7894
7699
7698
8023
2083
2354
2355
5827
2523
2525
6204
7527
21
5123
5122
8196
7420
3767
3768
4735
7680
7682
342
340
7114
7113
1124
1125
4148
5766
7047
8556
1009
2203
8135
3177
4927
9334
1476
7473
7472
2185
2187
7185
7187
9176
5835
5834
9032
225
228
2985
2634
6176
6175
6385
6384
3076
5293
5294
5307
5308
8274
8272
6651
6650
8854
7827
7828
5622
1690
1689
352
22
9204
6692
730
9164
9162
1056
600
3739
3141
9016
9015
9378
6941
6943
3868
3865
5742
5741
1347
3612
2046
2047
3615
4704
4706
7022
2390
8738
8313
7594
7632
7631
6892
6890
1741
1739
6702
4203
4201
5802
5800
5803
2815
2813
3155
3154
3853
5911
5912
3785
6837
1719
8782
8783
3404
3895
8197
1749
1751
1034
1102
1100
9451
74
2753
3819
3818
582
580
5615
2029
3939
7097
8934
7665
7664
9799
7199
7198
8150
8100
7305
7304
7045
9081
9080
7098
6926
5459
5463
3301
9311
9312
5349
5351
9450
4014
2691
2690
2097
2098
2667
2668
7494
7495
7515
3462
3460
731
4930
4929
5490
960
958
3610
1773
9964
317
319
7177
9262
5919
5920
1622
1620
4689
4688
5717
4914
543
544
5828
7132
7131
2487
4525
4524
6552
8376
4142
4140
9759
4149
4379
635
634
1234
1236
6732
4441
4443
4246
4248
6674
6675
9316
6151
2871
2873
65
8340
5685
81
3807
9039
5978
5979
9369
9367
7961
7341
7340
2543
2542
5171
3694
3691
4286
4823
2331
2330
4907
5958
5957
5645
3080
3078
4263
7711
8133
1449
8248
8246
7386
7387
6188
6189
3172
2404
2405
9614
4037
2675
5712
5714
9025
6863
1011
204
203
6854
6853
9002
9001
921
5425
4125
4124
5137
5140
7623
9809
9808
9087
2912
7847
7848
3380
7479
254
7171
7172
4117
4115
4078
4077
7458
7460
8432
8630
4617
6124
8417
4053
4052
5064
7207
986
8605
4551
1974
1157
1158
3661
8450
8451
3437
3438
3938
4347
5495
5493
5263
5261
4829
4830
9616
5670
8315
7439
7533
7531
6715
6717
4195
4190
2280
2281
2286
988
9983
3073
3072
1671
1672
6782
6783
2849
7289
3246
3244
5302
8537
8539
6180
6183
5322
8328
490
487
7908
8083
6539
6538
5762
5763
1405
1403
376
375
3845
3254
6324
6326
9430
1311
1313
499
1134
8052
2569
2570
290
3639
3640
48
50
9172
9171
2882
2885
9655
7899
7900
787
785
8416
9315
1091
1090
1318
9490
9491
363
2892
1703
1704
6877
6875
6147
6148
7066
9825
9826
4081
4083
108
9405
9403
4839
4840
3323
3322
8099
3780
3782
4820
7422
5705
980
981
4467
2674
1337
1335
1394
8839
8841
242
9794
9796
5277
9122
9120
8582
8580
5156
1520
1518
1461
1459
420
419
8913
8916
856
854
4159
4158
2631
5269
5270
8128
8126
1942
1943
4163
4165
6562
4556
4557
9255
9257
7778
7780
1649
7641
7640
