3333 1492
-5000 -5000
-4997 -4998
-4994 -4996
-4991 -4994
-4988 -4992
-4985 -4990
-4982 -4988
-4979 -4986
-4976 -4984
-4973 -4982
-4970 -4980
-4967 -4978
-4964 -4976
-4961 -4974
-4958 -4972
-4955 -4970
-4952 -4968
-4949 -4966
-4946 -4964
-4943 -4962
-4940 -4960
-4937 -4958
-4934 -4956
-4931 -4954
-4928 -4952
-4925 -4950
-4922 -4948
-4919 -4946
-4916 -4944
-4913 -4942
-4910 -4940
-4907 -4938
-4904 -4936
-4901 -4934
-4898 -4932
-4895 -4930
-4892 -4928
-4889 -4926
-4886 -4924
-4883 -4922
-4880 -4920
-4877 -4918
-4874 -4916
-4871 -4914
-4868 -4912
-4865 -4910
-4862 -4908
-4859 -4906
-4856 -4904
-4853 -4902
-4850 -4900
-4847 -4898
-4844 -4896
-4841 -4894
-4838 -4892
-4835 -4890
-4832 -4888
-4829 -4886
-4826 -4884
-4823 -4882
-4820 -4880
-4817 -4878
-4814 -4876
-4811 -4874
-4808 -4872
-4805 -4870
-4802 -4868
-4799 -4866
-4796 -4864
-4793 -4862
-4790 -4860
-4787 -4858
-4784 -4856
-4781 -4854
-4778 -4852
-4775 -4850
-4772 -4848
-4769 -4846
-4766 -4844
-4763 -4842
-4760 -4840
-4757 -4838
-4754 -4836
-4751 -4834
-4748 -4832
-4745 -4830
-4742 -4828
-4739 -4826
-4736 -4824
-4733 -4822
-4730 -4820
-4727 -4818
-4724 -4816
-4721 -4814
-4718 -4812
-4715 -4810
-4712 -4808
-4709 -4806
-4706 -4804
-4703 -4802
-4700 -4800
-4697 -4798
-4694 -4796
-4691 -4794
-4688 -4792
-4685 -4790
-4682 -4788
-4679 -4786
-4676 -4784
-4673 -4782
-4670 -4780
-4667 -4778
-4664 -4776
-4661 -4774
-4658 -4772
-4655 -4770
-4652 -4768
-4649 -4766
-4646 -4764
-4643 -4762
-4640 -4760
-4637 -4758
-4634 -4756
-4631 -4754
-4628 -4752
-4625 -4750
-4622 -4748
-4619 -4746
-4616 -4744
-4613 -4742
-4610 -4740
-4607 -4738
-4604 -4736
-4601 -4734
-4598 -4732
-4595 -4730
-4592 -4728
-4589 -4726
-4586 -4724
-4583 -4722
-4580 -4720
-4577 -4718
-4574 -4716
-4571 -4714
-4568 -4712
-4565 -4710
-4562 -4708
-4559 -4706
-4556 -4704
-4553 -4702
-4550 -4700
-4547 -4698
-4544 -4696
-4541 -4694
-4538 -4692
-4535 -4690
-4532 -4688
-4529 -4686
-4526 -4684
-4523 -4682
-4520 -4680
-4517 -4678
-4514 -4676
-4511 -4674
-4508 -4672
-4505 -4670
-4502 -4668
-4499 -4666
-4496 -4664
-4493 -4662
-4490 -4660
-4487 -4658
-4484 -4656
-4481 -4654
-4478 -4652
-4475 -4650
-4472 -4648
-4469 -4646
-4466 -4644
-4463 -4642
-4460 -4640
-4457 -4638
-4454 -4636
-4451 -4634
-4448 -4632
-4445 -4630
-4442 -4628
-4439 -4626
-4436 -4624
-4433 -4622
-4430 -4620
-4427 -4618
-4424 -4616
-4421 -4614
-4418 -4612
-4415 -4610
-4412 -4608
-4409 -4606
-4406 -4604
-4403 -4602
-4400 -4600
-4397 -4598
-4394 -4596
-4391 -4594
-4388 -4592
-4385 -4590
-4382 -4588
-4379 -4586
-4376 -4584
-4373 -4582
-4370 -4580
-4367 -4578
-4364 -4576
-4361 -4574
-4358 -4572
-4355 -4570
-4352 -4568
-4349 -4566
-4346 -4564
-4343 -4562
-4340 -4560
-4337 -4558
-4334 -4556
-4331 -4554
-4328 -4552
-4325 -4550
-4322 -4548
-4319 -4546
-4316 -4544
-4313 -4542
-4310 -4540
-4307 -4538
-4304 -4536
-4301 -4534
-4298 -4532
-4295 -4530
-4292 -4528
-4289 -4526
-4286 -4524
-4283 -4522
-4280 -4520
-4277 -4518
-4274 -4516
-4271 -4514
-4268 -4512
-4265 -4510
-4262 -4508
-4259 -4506
-4256 -4504
-4253 -4502
-4250 -4500
-4247 -4498
-4244 -4496
-4241 -4494
-4238 -4492
-4235 -4490
-4232 -4488
-4229 -4486
-4226 -4484
-4223 -4482
-4220 -4480
-4217 -4478
-4214 -4476
-4211 -4474
-4208 -4472
-4205 -4470
-4202 -4468
-4199 -4466
-4196 -4464
-4193 -4462
-4190 -4460
-4187 -4458
-4184 -4456
-4181 -4454
-4178 -4452
-4175 -4450
-4172 -4448
-4169 -4446
-4166 -4444
-4163 -4442
-4160 -4440
-4157 -4438
-4154 -4436
-4151 -4434
-4148 -4432
-4145 -4430
-4142 -4428
-4139 -4426
-4136 -4424
-4133 -4422
-4130 -4420
-4127 -4418
-4124 -4416
-4121 -4414
-4118 -4412
-4115 -4410
-4112 -4408
-4109 -4406
-4106 -4404
-4103 -4402
-4100 -4400
-4097 -4398
-4094 -4396
-4091 -4394
-4088 -4392
-4085 -4390
-4082 -4388
-4079 -4386
-4076 -4384
-4073 -4382
-4070 -4380
-4067 -4378
-4064 -4376
-4061 -4374
-4058 -4372
-4055 -4370
-4052 -4368
-4049 -4366
-4046 -4364
-4043 -4362
-4040 -4360
-4037 -4358
-4034 -4356
-4031 -4354
-4028 -4352
-4025 -4350
-4022 -4348
-4019 -4346
-4016 -4344
-4013 -4342
-4010 -4340
-4007 -4338
-4004 -4336
-4001 -4334
-3998 -4332
-3995 -4330
-3992 -4328
-3989 -4326
-3986 -4324
-3983 -4322
-3980 -4320
-3977 -4318
-3974 -4316
-3971 -4314
-3968 -4312
-3965 -4310
-3962 -4308
-3959 -4306
-3956 -4304
-3953 -4302
-3950 -4300
-3947 -4298
-3944 -4296
-3941 -4294
-3938 -4292
-3935 -4290
-3932 -4288
-3929 -4286
-3926 -4284
-3923 -4282
-3920 -4280
-3917 -4278
-3914 -4276
-3911 -4274
-3908 -4272
-3905 -4270
-3902 -4268
-3899 -4266
-3896 -4264
-3893 -4262
-3890 -4260
-3887 -4258
-3884 -4256
-3881 -4254
-3878 -4252
-3875 -4250
-3872 -4248
-3869 -4246
-3866 -4244
-3863 -4242
-3860 -4240
-3857 -4238
-3854 -4236
-3851 -4234
-3848 -4232
-3845 -4230
-3842 -4228
-3839 -4226
-3836 -4224
-3833 -4222
-3830 -4220
-3827 -4218
-3824 -4216
-3821 -4214
-3818 -4212
-3815 -4210
-3812 -4208
-3809 -4206
-3806 -4204
-3803 -4202
-3800 -4200
-3797 -4198
-3794 -4196
-3791 -4194
-3788 -4192
-3785 -4190
-3782 -4188
-3779 -4186
-3776 -4184
-3773 -4182
-3770 -4180
-3767 -4178
-3764 -4176
-3761 -4174
-3758 -4172
-3755 -4170
-3752 -4168
-3749 -4166
-3746 -4164
-3743 -4162
-3740 -4160
-3737 -4158
-3734 -4156
-3731 -4154
-3728 -4152
-3725 -4150
-3722 -4148
-3719 -4146
-3716 -4144
-3713 -4142
-3710 -4140
-3707 -4138
-3704 -4136
-3701 -4134
-3698 -4132
-3695 -4130
-3692 -4128
-3689 -4126
-3686 -4124
-3683 -4122
-3680 -4120
-3677 -4118
-3674 -4116
-3671 -4114
-3668 -4112
-3665 -4110
-3662 -4108
-3659 -4106
-3656 -4104
-3653 -4102
-3650 -4100
-3647 -4098
-3644 -4096
-3641 -4094
-3638 -4092
-3635 -4090
-3632 -4088
-3629 -4086
-3626 -4084
-3623 -4082
-3620 -4080
-3617 -4078
-3614 -4076
-3611 -4074
-3608 -4072
-3605 -4070
-3602 -4068
-3599 -4066
-3596 -4064
-3593 -4062
-3590 -4060
-3587 -4058
-3584 -4056
-3581 -4054
-3578 -4052
-3575 -4050
-3572 -4048
-3569 -4046
-3566 -4044
-3563 -4042
-3560 -4040
-3557 -4038
-3554 -4036
-3551 -4034
-3548 -4032
-3545 -4030
-3542 -4028
-3539 -4026
-3536 -4024
-3533 -4022
-3530 -4020
-3527 -4018
-3524 -4016
-3521 -4014
-3518 -4012
-3515 -4010
-3512 -4008
-3509 -4006
-3506 -4004
-3503 -4002
-3500 -4000
-3497 -3998
-3494 -3996
-3491 -3994
-3488 -3992
-3485 -3990
-3482 -3988
-3479 -3986
-3476 -3984
-3473 -3982
-3470 -3980
-3467 -3978
-3464 -3976
-3461 -3974
-3458 -3972
-3455 -3970
-3452 -3968
-3449 -3966
-3446 -3964
-3443 -3962
-3440 -3960
-3437 -3958
-3434 -3956
-3431 -3954
-3428 -3952
-3425 -3950
-3422 -3948
-3419 -3946
-3416 -3944
-3413 -3942
-3410 -3940
-3407 -3938
-3404 -3936
-3401 -3934
-3398 -3932
-3395 -3930
-3392 -3928
-3389 -3926
-3386 -3924
-3383 -3922
-3380 -3920
-3377 -3918
-3374 -3916
-3371 -3914
-3368 -3912
-3365 -3910
-3362 -3908
-3359 -3906
-3356 -3904
-3353 -3902
-3350 -3900
-3347 -3898
-3344 -3896
-3341 -3894
-3338 -3892
-3335 -3890
-3332 -3888
-3329 -3886
-3326 -3884
-3323 -3882
-3320 -3880
-3317 -3878
-3314 -3876
-3311 -3874
-3308 -3872
-3305 -3870
-3302 -3868
-3299 -3866
-3296 -3864
-3293 -3862
-3290 -3860
-3287 -3858
-3284 -3856
-3281 -3854
-3278 -3852
-3275 -3850
-3272 -3848
-3269 -3846
-3266 -3844
-3263 -3842
-3260 -3840
-3257 -3838
-3254 -3836
-3251 -3834
-3248 -3832
-3245 -3830
-3242 -3828
-3239 -3826
-3236 -3824
-3233 -3822
-3230 -3820
-3227 -3818
-3224 -3816
-3221 -3814
-3218 -3812
-3215 -3810
-3212 -3808
-3209 -3806
-3206 -3804
-3203 -3802
-3200 -3800
-3197 -3798
-3194 -3796
-3191 -3794
-3188 -3792
-3185 -3790
-3182 -3788
-3179 -3786
-3176 -3784
-3173 -3782
-3170 -3780
-3167 -3778
-3164 -3776
-3161 -3774
-3158 -3772
-3155 -3770
-3152 -3768
-3149 -3766
-3146 -3764
-3143 -3762
-3140 -3760
-3137 -3758
-3134 -3756
-3131 -3754
-3128 -3752
-3125 -3750
-3122 -3748
-3119 -3746
-3116 -3744
-3113 -3742
-3110 -3740
-3107 -3738
-3104 -3736
-3101 -3734
-3098 -3732
-3095 -3730
-3092 -3728
-3089 -3726
-3086 -3724
-3083 -3722
-3080 -3720
-3077 -3718
-3074 -3716
-3071 -3714
-3068 -3712
-3065 -3710
-3062 -3708
-3059 -3706
-3056 -3704
-3053 -3702
-3050 -3700
-3047 -3698
-3044 -3696
-3041 -3694
-3038 -3692
-3035 -3690
-3032 -3688
-3029 -3686
-3026 -3684
-3023 -3682
-3020 -3680
-3017 -3678
-3014 -3676
-3011 -3674
-3008 -3672
-3005 -3670
-3002 -3668
-2999 -3666
-2996 -3664
-2993 -3662
-2990 -3660
-2987 -3658
-2984 -3656
-2981 -3654
-2978 -3652
-2975 -3650
-2972 -3648
-2969 -3646
-2966 -3644
-2963 -3642
-2960 -3640
-2957 -3638
-2954 -3636
-2951 -3634
-2948 -3632
-2945 -3630
-2942 -3628
-2939 -3626
-2936 -3624
-2933 -3622
-2930 -3620
-2927 -3618
-2924 -3616
-2921 -3614
-2918 -3612
-2915 -3610
-2912 -3608
-2909 -3606
-2906 -3604
-2903 -3602
-2900 -3600
-2897 -3598
-2894 -3596
-2891 -3594
-2888 -3592
-2885 -3590
-2882 -3588
-2879 -3586
-2876 -3584
-2873 -3582
-2870 -3580
-2867 -3578
-2864 -3576
-2861 -3574
-2858 -3572
-2855 -3570
-2852 -3568
-2849 -3566
-2846 -3564
-2843 -3562
-2840 -3560
-2837 -3558
-2834 -3556
-2831 -3554
-2828 -3552
-2825 -3550
-2822 -3548
-2819 -3546
-2816 -3544
-2813 -3542
-2810 -3540
-2807 -3538
-2804 -3536
-2801 -3534
-2798 -3532
-2795 -3530
-2792 -3528
-2789 -3526
-2786 -3524
-2783 -3522
-2780 -3520
-2777 -3518
-2774 -3516
-2771 -3514
-2768 -3512
-2765 -3510
-2762 -3508
-2759 -3506
-2756 -3504
-2753 -3502
-2750 -3500
-2747 -3498
-2744 -3496
-2741 -3494
-2738 -3492
-2735 -3490
-2732 -3488
-2729 -3486
-2726 -3484
-2723 -3482
-2720 -3480
-2717 -3478
-2714 -3476
-2711 -3474
-2708 -3472
-2705 -3470
-2702 -3468
-2699 -3466
-2696 -3464
-2693 -3462
-2690 -3460
-2687 -3458
-2684 -3456
-2681 -3454
-2678 -3452
-2675 -3450
-2672 -3448
-2669 -3446
-2666 -3444
-2663 -3442
-2660 -3440
-2657 -3438
-2654 -3436
-2651 -3434
-2648 -3432
-2645 -3430
-2642 -3428
-2639 -3426
-2636 -3424
-2633 -3422
-2630 -3420
-2627 -3418
-2624 -3416
-2621 -3414
-2618 -3412
-2615 -3410
-2612 -3408
-2609 -3406
-2606 -3404
-2603 -3402
-2600 -3400
-2597 -3398
-2594 -3396
-2591 -3394
-2588 -3392
-2585 -3390
-2582 -3388
-2579 -3386
-2576 -3384
-2573 -3382
-2570 -3380
-2567 -3378
-2564 -3376
-2561 -3374
-2558 -3372
-2555 -3370
-2552 -3368
-2549 -3366
-2546 -3364
-2543 -3362
-2540 -3360
-2537 -3358
-2534 -3356
-2531 -3354
-2528 -3352
-2525 -3350
-2522 -3348
-2519 -3346
-2516 -3344
-2513 -3342
-2510 -3340
-2507 -3338
-2504 -3336
-2501 -3334
-2498 -3332
-2495 -3330
-2492 -3328
-2489 -3326
-2486 -3324
-2483 -3322
-2480 -3320
-2477 -3318
-2474 -3316
-2471 -3314
-2468 -3312
-2465 -3310
-2462 -3308
-2459 -3306
-2456 -3304
-2453 -3302
-2450 -3300
-2447 -3298
-2444 -3296
-2441 -3294
-2438 -3292
-2435 -3290
-2432 -3288
-2429 -3286
-2426 -3284
-2423 -3282
-2420 -3280
-2417 -3278
-2414 -3276
-2411 -3274
-2408 -3272
-2405 -3270
-2402 -3268
-2399 -3266
-2396 -3264
-2393 -3262
-2390 -3260
-2387 -3258
-2384 -3256
-2381 -3254
-2378 -3252
-2375 -3250
-2372 -3248
-2369 -3246
-2366 -3244
-2363 -3242
-2360 -3240
-2357 -3238
-2354 -3236
-2351 -3234
-2348 -3232
-2345 -3230
-2342 -3228
-2339 -3226
-2336 -3224
-2333 -3222
-2330 -3220
-2327 -3218
-2324 -3216
-2321 -3214
-2318 -3212
-2315 -3210
-2312 -3208
-2309 -3206
-2306 -3204
-2303 -3202
-2300 -3200
-2297 -3198
-2294 -3196
-2291 -3194
-2288 -3192
-2285 -3190
-2282 -3188
-2279 -3186
-2276 -3184
-2273 -3182
-2270 -3180
-2267 -3178
-2264 -3176
-2261 -3174
-2258 -3172
-2255 -3170
-2252 -3168
-2249 -3166
-2246 -3164
-2243 -3162
-2240 -3160
-2237 -3158
-2234 -3156
-2231 -3154
-2228 -3152
-2225 -3150
-2222 -3148
-2219 -3146
-2216 -3144
-2213 -3142
-2210 -3140
-2207 -3138
-2204 -3136
-2201 -3134
-2198 -3132
-2195 -3130
-2192 -3128
-2189 -3126
-2186 -3124
-2183 -3122
-2180 -3120
-2177 -3118
-2174 -3116
-2171 -3114
-2168 -3112
-2165 -3110
-2162 -3108
-2159 -3106
-2156 -3104
-2153 -3102
-2150 -3100
-2147 -3098
-2144 -3096
-2141 -3094
-2138 -3092
-2135 -3090
-2132 -3088
-2129 -3086
-2126 -3084
-2123 -3082
-2120 -3080
-2117 -3078
-2114 -3076
-2111 -3074
-2108 -3072
-2105 -3070
-2102 -3068
-2099 -3066
-2096 -3064
-2093 -3062
-2090 -3060
-2087 -3058
-2084 -3056
-2081 -3054
-2078 -3052
-2075 -3050
-2072 -3048
-2069 -3046
-2066 -3044
-2063 -3042
-2060 -3040
-2057 -3038
-2054 -3036
-2051 -3034
-2048 -3032
-2045 -3030
-2042 -3028
-2039 -3026
-2036 -3024
-2033 -3022
-2030 -3020
-2027 -3018
-2024 -3016
-2021 -3014
-2018 -3012
-2015 -3010
-2012 -3008
-2009 -3006
-2006 -3004
-2003 -3002
-2000 -3000
-1997 -2998
-1994 -2996
-1991 -2994
-1988 -2992
-1985 -2990
-1982 -2988
-1979 -2986
-1976 -2984
-1973 -2982
-1970 -2980
-1967 -2978
-1964 -2976
-1961 -2974
-1958 -2972
-1955 -2970
-1952 -2968
-1949 -2966
-1946 -2964
-1943 -2962
-1940 -2960
-1937 -2958
-1934 -2956
-1931 -2954
-1928 -2952
-1925 -2950
-1922 -2948
-1919 -2946
-1916 -2944
-1913 -2942
-1910 -2940
-1907 -2938
-1904 -2936
-1901 -2934
-1898 -2932
-1895 -2930
-1892 -2928
-1889 -2926
-1886 -2924
-1883 -2922
-1880 -2920
-1877 -2918
-1874 -2916
-1871 -2914
-1868 -2912
-1865 -2910
-1862 -2908
-1859 -2906
-1856 -2904
-1853 -2902
-1850 -2900
-1847 -2898
-1844 -2896
-1841 -2894
-1838 -2892
-1835 -2890
-1832 -2888
-1829 -2886
-1826 -2884
-1823 -2882
-1820 -2880
-1817 -2878
-1814 -2876
-1811 -2874
-1808 -2872
-1805 -2870
-1802 -2868
-1799 -2866
-1796 -2864
-1793 -2862
-1790 -2860
-1787 -2858
-1784 -2856
-1781 -2854
-1778 -2852
-1775 -2850
-1772 -2848
-1769 -2846
-1766 -2844
-1763 -2842
-1760 -2840
-1757 -2838
-1754 -2836
-1751 -2834
-1748 -2832
-1745 -2830
-1742 -2828
-1739 -2826
-1736 -2824
-1733 -2822
-1730 -2820
-1727 -2818
-1724 -2816
-1721 -2814
-1718 -2812
-1715 -2810
-1712 -2808
-1709 -2806
-1706 -2804
-1703 -2802
-1700 -2800
-1697 -2798
-1694 -2796
-1691 -2794
-1688 -2792
-1685 -2790
-1682 -2788
-1679 -2786
-1676 -2784
-1673 -2782
-1670 -2780
-1667 -2778
-1664 -2776
-1661 -2774
-1658 -2772
-1655 -2770
-1652 -2768
-1649 -2766
-1646 -2764
-1643 -2762
-1640 -2760
-1637 -2758
-1634 -2756
-1631 -2754
-1628 -2752
-1625 -2750
-1622 -2748
-1619 -2746
-1616 -2744
-1613 -2742
-1610 -2740
-1607 -2738
-1604 -2736
-1601 -2734
-1598 -2732
-1595 -2730
-1592 -2728
-1589 -2726
-1586 -2724
-1583 -2722
-1580 -2720
-1577 -2718
-1574 -2716
-1571 -2714
-1568 -2712
-1565 -2710
-1562 -2708
-1559 -2706
-1556 -2704
-1553 -2702
-1550 -2700
-1547 -2698
-1544 -2696
-1541 -2694
-1538 -2692
-1535 -2690
-1532 -2688
-1529 -2686
-1526 -2684
-1523 -2682
-1520 -2680
-1517 -2678
-1514 -2676
-1511 -2674
-1508 -2672
-1505 -2670
-1502 -2668
-1499 -2666
-1496 -2664
-1493 -2662
-1490 -2660
-1487 -2658
-1484 -2656
-1481 -2654
-1478 -2652
-1475 -2650
-1472 -2648
-1469 -2646
-1466 -2644
-1463 -2642
-1460 -2640
-1457 -2638
-1454 -2636
-1451 -2634
-1448 -2632
-1445 -2630
-1442 -2628
-1439 -2626
-1436 -2624
-1433 -2622
-1430 -2620
-1427 -2618
-1424 -2616
-1421 -2614
-1418 -2612
-1415 -2610
-1412 -2608
-1409 -2606
-1406 -2604
-1403 -2602
-1400 -2600
-1397 -2598
-1394 -2596
-1391 -2594
-1388 -2592
-1385 -2590
-1382 -2588
-1379 -2586
-1376 -2584
-1373 -2582
-1370 -2580
-1367 -2578
-1364 -2576
-1361 -2574
-1358 -2572
-1355 -2570
-1352 -2568
-1349 -2566
-1346 -2564
-1343 -2562
-1340 -2560
-1337 -2558
-1334 -2556
-1331 -2554
-1328 -2552
-1325 -2550
-1322 -2548
-1319 -2546
-1316 -2544
-1313 -2542
-1310 -2540
-1307 -2538
-1304 -2536
-1301 -2534
-1298 -2532
-1295 -2530
-1292 -2528
-1289 -2526
-1286 -2524
-1283 -2522
-1280 -2520
-1277 -2518
-1274 -2516
-1271 -2514
-1268 -2512
-1265 -2510
-1262 -2508
-1259 -2506
-1256 -2504
-1253 -2502
-1250 -2500
-1247 -2498
-1244 -2496
-1241 -2494
-1238 -2492
-1235 -2490
-1232 -2488
-1229 -2486
-1226 -2484
-1223 -2482
-1220 -2480
-1217 -2478
-1214 -2476
-1211 -2474
-1208 -2472
-1205 -2470
-1202 -2468
-1199 -2466
-1196 -2464
-1193 -2462
-1190 -2460
-1187 -2458
-1184 -2456
-1181 -2454
-1178 -2452
-1175 -2450
-1172 -2448
-1169 -2446
-1166 -2444
-1163 -2442
-1160 -2440
-1157 -2438
-1154 -2436
-1151 -2434
-1148 -2432
-1145 -2430
-1142 -2428
-1139 -2426
-1136 -2424
-1133 -2422
-1130 -2420
-1127 -2418
-1124 -2416
-1121 -2414
-1118 -2412
-1115 -2410
-1112 -2408
-1109 -2406
-1106 -2404
-1103 -2402
-1100 -2400
-1097 -2398
-1094 -2396
-1091 -2394
-1088 -2392
-1085 -2390
-1082 -2388
-1079 -2386
-1076 -2384
-1073 -2382
-1070 -2380
-1067 -2378
-1064 -2376
-1061 -2374
-1058 -2372
-1055 -2370
-1052 -2368
-1049 -2366
-1046 -2364
-1043 -2362
-1040 -2360
-1037 -2358
-1034 -2356
-1031 -2354
-1028 -2352
-1025 -2350
-1022 -2348
-1019 -2346
-1016 -2344
-1013 -2342
-1010 -2340
-1007 -2338
-1004 -2336
-1001 -2334
-998 -2332
-995 -2330
-992 -2328
-989 -2326
-986 -2324
-983 -2322
-980 -2320
-977 -2318
-974 -2316
-971 -2314
-968 -2312
-965 -2310
-962 -2308
-959 -2306
-956 -2304
-953 -2302
-950 -2300
-947 -2298
-944 -2296
-941 -2294
-938 -2292
-935 -2290
-932 -2288
-929 -2286
-926 -2284
-923 -2282
-920 -2280
-917 -2278
-914 -2276
-911 -2274
-908 -2272
-905 -2270
-902 -2268
-899 -2266
-896 -2264
-893 -2262
-890 -2260
-887 -2258
-884 -2256
-881 -2254
-878 -2252
-875 -2250
-872 -2248
-869 -2246
-866 -2244
-863 -2242
-860 -2240
-857 -2238
-854 -2236
-851 -2234
-848 -2232
-845 -2230
-842 -2228
-839 -2226
-836 -2224
-833 -2222
-830 -2220
-827 -2218
-824 -2216
-821 -2214
-818 -2212
-815 -2210
-812 -2208
-809 -2206
-806 -2204
-803 -2202
-800 -2200
-797 -2198
-794 -2196
-791 -2194
-788 -2192
-785 -2190
-782 -2188
-779 -2186
-776 -2184
-773 -2182
-770 -2180
-767 -2178
-764 -2176
-761 -2174
-758 -2172
-755 -2170
-752 -2168
-749 -2166
-746 -2164
-743 -2162
-740 -2160
-737 -2158
-734 -2156
-731 -2154
-728 -2152
-725 -2150
-722 -2148
-719 -2146
-716 -2144
-713 -2142
-710 -2140
-707 -2138
-704 -2136
-701 -2134
-698 -2132
-695 -2130
-692 -2128
-689 -2126
-686 -2124
-683 -2122
-680 -2120
-677 -2118
-674 -2116
-671 -2114
-668 -2112
-665 -2110
-662 -2108
-659 -2106
-656 -2104
-653 -2102
-650 -2100
-647 -2098
-644 -2096
-641 -2094
-638 -2092
-635 -2090
-632 -2088
-629 -2086
-626 -2084
-623 -2082
-620 -2080
-617 -2078
-614 -2076
-611 -2074
-608 -2072
-605 -2070
-602 -2068
-599 -2066
-596 -2064
-593 -2062
-590 -2060
-587 -2058
-584 -2056
-581 -2054
-578 -2052
-575 -2050
-572 -2048
-569 -2046
-566 -2044
-563 -2042
-560 -2040
-557 -2038
-554 -2036
-551 -2034
-548 -2032
-545 -2030
-542 -2028
-539 -2026
-536 -2024
-533 -2022
-530 -2020
-527 -2018
-524 -2016
-521 -2014
-518 -2012
-515 -2010
-512 -2008
-509 -2006
-506 -2004
-503 -2002
-500 -2000
-497 -1998
-494 -1996
-491 -1994
-488 -1992
-485 -1990
-482 -1988
-479 -1986
-476 -1984
-473 -1982
-470 -1980
-467 -1978
-464 -1976
-461 -1974
-458 -1972
-455 -1970
-452 -1968
-449 -1966
-446 -1964
-443 -1962
-440 -1960
-437 -1958
-434 -1956
-431 -1954
-428 -1952
-425 -1950
-422 -1948
-419 -1946
-416 -1944
-413 -1942
-410 -1940
-407 -1938
-404 -1936
-401 -1934
-398 -1932
-395 -1930
-392 -1928
-389 -1926
-386 -1924
-383 -1922
-380 -1920
-377 -1918
-374 -1916
-371 -1914
-368 -1912
-365 -1910
-362 -1908
-359 -1906
-356 -1904
-353 -1902
-350 -1900
-347 -1898
-344 -1896
-341 -1894
-338 -1892
-335 -1890
-332 -1888
-329 -1886
-326 -1884
-323 -1882
-320 -1880
-317 -1878
-314 -1876
-311 -1874
-308 -1872
-305 -1870
-302 -1868
-299 -1866
-296 -1864
-293 -1862
-290 -1860
-287 -1858
-284 -1856
-281 -1854
-278 -1852
-275 -1850
-272 -1848
-269 -1846
-266 -1844
-263 -1842
-260 -1840
-257 -1838
-254 -1836
-251 -1834
-248 -1832
-245 -1830
-242 -1828
-239 -1826
-236 -1824
-233 -1822
-230 -1820
-227 -1818
-224 -1816
-221 -1814
-218 -1812
-215 -1810
-212 -1808
-209 -1806
-206 -1804
-203 -1802
-200 -1800
-197 -1798
-194 -1796
-191 -1794
-188 -1792
-185 -1790
-182 -1788
-179 -1786
-176 -1784
-173 -1782
-170 -1780
-167 -1778
-164 -1776
-161 -1774
-158 -1772
-155 -1770
-152 -1768
-149 -1766
-146 -1764
-143 -1762
-140 -1760
-137 -1758
-134 -1756
-131 -1754
-128 -1752
-125 -1750
-122 -1748
-119 -1746
-116 -1744
-113 -1742
-110 -1740
-107 -1738
-104 -1736
-101 -1734
-98 -1732
-95 -1730
-92 -1728
-89 -1726
-86 -1724
-83 -1722
-80 -1720
-77 -1718
-74 -1716
-71 -1714
-68 -1712
-65 -1710
-62 -1708
-59 -1706
-56 -1704
-53 -1702
-50 -1700
-47 -1698
-44 -1696
-41 -1694
-38 -1692
-35 -1690
-32 -1688
-29 -1686
-26 -1684
-23 -1682
-20 -1680
-17 -1678
-14 -1676
-11 -1674
-8 -1672
-5 -1670
-2 -1668
1 -1666
4 -1664
7 -1662
10 -1660
13 -1658
16 -1656
19 -1654
22 -1652
25 -1650
28 -1648
31 -1646
34 -1644
37 -1642
40 -1640
43 -1638
46 -1636
49 -1634
52 -1632
55 -1630
58 -1628
61 -1626
64 -1624
67 -1622
70 -1620
73 -1618
76 -1616
79 -1614
82 -1612
85 -1610
88 -1608
91 -1606
94 -1604
97 -1602
100 -1600
103 -1598
106 -1596
109 -1594
112 -1592
115 -1590
118 -1588
121 -1586
124 -1584
127 -1582
130 -1580
133 -1578
136 -1576
139 -1574
142 -1572
145 -1570
148 -1568
151 -1566
154 -1564
157 -1562
160 -1560
163 -1558
166 -1556
169 -1554
172 -1552
175 -1550
178 -1548
181 -1546
184 -1544
187 -1542
190 -1540
193 -1538
196 -1536
199 -1534
202 -1532
205 -1530
208 -1528
211 -1526
214 -1524
217 -1522
220 -1520
223 -1518
226 -1516
229 -1514
232 -1512
235 -1510
238 -1508
241 -1506
244 -1504
247 -1502
250 -1500
253 -1498
256 -1496
259 -1494
262 -1492
265 -1490
268 -1488
271 -1486
274 -1484
277 -1482
280 -1480
283 -1478
286 -1476
289 -1474
292 -1472
295 -1470
298 -1468
301 -1466
304 -1464
307 -1462
310 -1460
313 -1458
316 -1456
319 -1454
322 -1452
325 -1450
328 -1448
331 -1446
334 -1444
337 -1442
340 -1440
343 -1438
346 -1436
349 -1434
352 -1432
355 -1430
358 -1428
361 -1426
364 -1424
367 -1422
370 -1420
373 -1418
376 -1416
379 -1414
382 -1412
385 -1410
388 -1408
391 -1406
394 -1404
397 -1402
400 -1400
403 -1398
406 -1396
409 -1394
412 -1392
415 -1390
418 -1388
421 -1386
424 -1384
427 -1382
430 -1380
433 -1378
436 -1376
439 -1374
442 -1372
445 -1370
448 -1368
451 -1366
454 -1364
457 -1362
460 -1360
463 -1358
466 -1356
469 -1354
472 -1352
475 -1350
478 -1348
481 -1346
484 -1344
487 -1342
490 -1340
493 -1338
496 -1336
499 -1334
502 -1332
505 -1330
508 -1328
511 -1326
514 -1324
517 -1322
520 -1320
523 -1318
526 -1316
529 -1314
532 -1312
535 -1310
538 -1308
541 -1306
544 -1304
547 -1302
550 -1300
553 -1298
556 -1296
559 -1294
562 -1292
565 -1290
568 -1288
571 -1286
574 -1284
577 -1282
580 -1280
583 -1278
586 -1276
589 -1274
592 -1272
595 -1270
598 -1268
601 -1266
604 -1264
607 -1262
610 -1260
613 -1258
616 -1256
619 -1254
622 -1252
625 -1250
628 -1248
631 -1246
634 -1244
637 -1242
640 -1240
643 -1238
646 -1236
649 -1234
652 -1232
655 -1230
658 -1228
661 -1226
664 -1224
667 -1222
670 -1220
673 -1218
676 -1216
679 -1214
682 -1212
685 -1210
688 -1208
691 -1206
694 -1204
697 -1202
700 -1200
703 -1198
706 -1196
709 -1194
712 -1192
715 -1190
718 -1188
721 -1186
724 -1184
727 -1182
730 -1180
733 -1178
736 -1176
739 -1174
742 -1172
745 -1170
748 -1168
751 -1166
754 -1164
757 -1162
760 -1160
763 -1158
766 -1156
769 -1154
772 -1152
775 -1150
778 -1148
781 -1146
784 -1144
787 -1142
790 -1140
793 -1138
796 -1136
799 -1134
802 -1132
805 -1130
808 -1128
811 -1126
814 -1124
817 -1122
820 -1120
823 -1118
826 -1116
829 -1114
832 -1112
835 -1110
838 -1108
841 -1106
844 -1104
847 -1102
850 -1100
853 -1098
856 -1096
859 -1094
862 -1092
865 -1090
868 -1088
871 -1086
874 -1084
877 -1082
880 -1080
883 -1078
886 -1076
889 -1074
892 -1072
895 -1070
898 -1068
901 -1066
904 -1064
907 -1062
910 -1060
913 -1058
916 -1056
919 -1054
922 -1052
925 -1050
928 -1048
931 -1046
934 -1044
937 -1042
940 -1040
943 -1038
946 -1036
949 -1034
952 -1032
955 -1030
958 -1028
961 -1026
964 -1024
967 -1022
970 -1020
973 -1018
976 -1016
979 -1014
982 -1012
985 -1010
988 -1008
991 -1006
994 -1004
997 -1002
1000 -1000
1003 -998
1006 -996
1009 -994
1012 -992
1015 -990
1018 -988
1021 -986
1024 -984
1027 -982
1030 -980
1033 -978
1036 -976
1039 -974
1042 -972
1045 -970
1048 -968
1051 -966
1054 -964
1057 -962
1060 -960
1063 -958
1066 -956
1069 -954
1072 -952
1075 -950
1078 -948
1081 -946
1084 -944
1087 -942
1090 -940
1093 -938
1096 -936
1099 -934
1102 -932
1105 -930
1108 -928
1111 -926
1114 -924
1117 -922
1120 -920
1123 -918
1126 -916
1129 -914
1132 -912
1135 -910
1138 -908
1141 -906
1144 -904
1147 -902
1150 -900
1153 -898
1156 -896
1159 -894
1162 -892
1165 -890
1168 -888
1171 -886
1174 -884
1177 -882
1180 -880
1183 -878
1186 -876
1189 -874
1192 -872
1195 -870
1198 -868
1201 -866
1204 -864
1207 -862
1210 -860
1213 -858
1216 -856
1219 -854
1222 -852
1225 -850
1228 -848
1231 -846
1234 -844
1237 -842
1240 -840
1243 -838
1246 -836
1249 -834
1252 -832
1255 -830
1258 -828
1261 -826
1264 -824
1267 -822
1270 -820
1273 -818
1276 -816
1279 -814
1282 -812
1285 -810
1288 -808
1291 -806
1294 -804
1297 -802
1300 -800
1303 -798
1306 -796
1309 -794
1312 -792
1315 -790
1318 -788
1321 -786
1324 -784
1327 -782
1330 -780
1333 -778
1336 -776
1339 -774
1342 -772
1345 -770
1348 -768
1351 -766
1354 -764
1357 -762
1360 -760
1363 -758
1366 -756
1369 -754
1372 -752
1375 -750
1378 -748
1381 -746
1384 -744
1387 -742
1390 -740
1393 -738
1396 -736
1399 -734
1402 -732
1405 -730
1408 -728
1411 -726
1414 -724
1417 -722
1420 -720
1423 -718
1426 -716
1429 -714
1432 -712
1435 -710
1438 -708
1441 -706
1444 -704
1447 -702
1450 -700
1453 -698
1456 -696
1459 -694
1462 -692
1465 -690
1468 -688
1471 -686
1474 -684
1477 -682
1480 -680
1483 -678
1486 -676
1489 -674
1492 -672
1495 -670
1498 -668
1501 -666
1504 -664
1507 -662
1510 -660
1513 -658
1516 -656
1519 -654
1522 -652
1525 -650
1528 -648
1531 -646
1534 -644
1537 -642
1540 -640
1543 -638
1546 -636
1549 -634
1552 -632
1555 -630
1558 -628
1561 -626
1564 -624
1567 -622
1570 -620
1573 -618
1576 -616
1579 -614
1582 -612
1585 -610
1588 -608
1591 -606
1594 -604
1597 -602
1600 -600
1603 -598
1606 -596
1609 -594
1612 -592
1615 -590
1618 -588
1621 -586
1624 -584
1627 -582
1630 -580
1633 -578
1636 -576
1639 -574
1642 -572
1645 -570
1648 -568
1651 -566
1654 -564
1657 -562
1660 -560
1663 -558
1666 -556
1669 -554
1672 -552
1675 -550
1678 -548
1681 -546
1684 -544
1687 -542
1690 -540
1693 -538
1696 -536
1699 -534
1702 -532
1705 -530
1708 -528
1711 -526
1714 -524
1717 -522
1720 -520
1723 -518
1726 -516
1729 -514
1732 -512
1735 -510
1738 -508
1741 -506
1744 -504
1747 -502
1750 -500
1753 -498
1756 -496
1759 -494
1762 -492
1765 -490
1768 -488
1771 -486
1774 -484
1777 -482
1780 -480
1783 -478
1786 -476
1789 -474
1792 -472
1795 -470
1798 -468
1801 -466
1804 -464
1807 -462
1810 -460
1813 -458
1816 -456
1819 -454
1822 -452
1825 -450
1828 -448
1831 -446
1834 -444
1837 -442
1840 -440
1843 -438
1846 -436
1849 -434
1852 -432
1855 -430
1858 -428
1861 -426
1864 -424
1867 -422
1870 -420
1873 -418
1876 -416
1879 -414
1882 -412
1885 -410
1888 -408
1891 -406
1894 -404
1897 -402
1900 -400
1903 -398
1906 -396
1909 -394
1912 -392
1915 -390
1918 -388
1921 -386
1924 -384
1927 -382
1930 -380
1933 -378
1936 -376
1939 -374
1942 -372
1945 -370
1948 -368
1951 -366
1954 -364
1957 -362
1960 -360
1963 -358
1966 -356
1969 -354
1972 -352
1975 -350
1978 -348
1981 -346
1984 -344
1987 -342
1990 -340
1993 -338
1996 -336
1999 -334
2002 -332
2005 -330
2008 -328
2011 -326
2014 -324
2017 -322
2020 -320
2023 -318
2026 -316
2029 -314
2032 -312
2035 -310
2038 -308
2041 -306
2044 -304
2047 -302
2050 -300
2053 -298
2056 -296
2059 -294
2062 -292
2065 -290
2068 -288
2071 -286
2074 -284
2077 -282
2080 -280
2083 -278
2086 -276
2089 -274
2092 -272
2095 -270
2098 -268
2101 -266
2104 -264
2107 -262
2110 -260
2113 -258
2116 -256
2119 -254
2122 -252
2125 -250
2128 -248
2131 -246
2134 -244
2137 -242
2140 -240
2143 -238
2146 -236
2149 -234
2152 -232
2155 -230
2158 -228
2161 -226
2164 -224
2167 -222
2170 -220
2173 -218
2176 -216
2179 -214
2182 -212
2185 -210
2188 -208
2191 -206
2194 -204
2197 -202
2200 -200
2203 -198
2206 -196
2209 -194
2212 -192
2215 -190
2218 -188
2221 -186
2224 -184
2227 -182
2230 -180
2233 -178
2236 -176
2239 -174
2242 -172
2245 -170
2248 -168
2251 -166
2254 -164
2257 -162
2260 -160
2263 -158
2266 -156
2269 -154
2272 -152
2275 -150
2278 -148
2281 -146
2284 -144
2287 -142
2290 -140
2293 -138
2296 -136
2299 -134
2302 -132
2305 -130
2308 -128
2311 -126
2314 -124
2317 -122
2320 -120
2323 -118
2326 -116
2329 -114
2332 -112
2335 -110
2338 -108
2341 -106
2344 -104
2347 -102
2350 -100
2353 -98
2356 -96
2359 -94
2362 -92
2365 -90
2368 -88
2371 -86
2374 -84
2377 -82
2380 -80
2383 -78
2386 -76
2389 -74
2392 -72
2395 -70
2398 -68
2401 -66
2404 -64
2407 -62
2410 -60
2413 -58
2416 -56
2419 -54
2422 -52
2425 -50
2428 -48
2431 -46
2434 -44
2437 -42
2440 -40
2443 -38
2446 -36
2449 -34
2452 -32
2455 -30
2458 -28
2461 -26
2464 -24
2467 -22
2470 -20
2473 -18
2476 -16
2479 -14
2482 -12
2485 -10
2488 -8
2491 -6
2494 -4
2497 -2
2500 0
2503 2
2506 4
2509 6
2512 8
2515 10
2518 12
2521 14
2524 16
2527 18
2530 20
2533 22
2536 24
2539 26
2542 28
2545 30
2548 32
2551 34
2554 36
2557 38
2560 40
2563 42
2566 44
2569 46
2572 48
2575 50
2578 52
2581 54
2584 56
2587 58
2590 60
2593 62
2596 64
2599 66
2602 68
2605 70
2608 72
2611 74
2614 76
2617 78
2620 80
2623 82
2626 84
2629 86
2632 88
2635 90
2638 92
2641 94
2644 96
2647 98
2650 100
2653 102
2656 104
2659 106
2662 108
2665 110
2668 112
2671 114
2674 116
2677 118
2680 120
2683 122
2686 124
2689 126
2692 128
2695 130
2698 132
2701 134
2704 136
2707 138
2710 140
2713 142
2716 144
2719 146
2722 148
2725 150
2728 152
2731 154
2734 156
2737 158
2740 160
2743 162
2746 164
2749 166
2752 168
2755 170
2758 172
2761 174
2764 176
2767 178
2770 180
2773 182
2776 184
2779 186
2782 188
2785 190
2788 192
2791 194
2794 196
2797 198
2800 200
2803 202
2806 204
2809 206
2812 208
2815 210
2818 212
2821 214
2824 216
2827 218
2830 220
2833 222
2836 224
2839 226
2842 228
2845 230
2848 232
2851 234
2854 236
2857 238
2860 240
2863 242
2866 244
2869 246
2872 248
2875 250
2878 252
2881 254
2884 256
2887 258
2890 260
2893 262
2896 264
2899 266
2902 268
2905 270
2908 272
2911 274
2914 276
2917 278
2920 280
2923 282
2926 284
2929 286
2932 288
2935 290
2938 292
2941 294
2944 296
2947 298
2950 300
2953 302
2956 304
2959 306
2962 308
2965 310
2968 312
2971 314
2974 316
2977 318
2980 320
2983 322
2986 324
2989 326
2992 328
2995 330
2998 332
3001 334
3004 336
3007 338
3010 340
3013 342
3016 344
3019 346
3022 348
3025 350
3028 352
3031 354
3034 356
3037 358
3040 360
3043 362
3046 364
3049 366
3052 368
3055 370
3058 372
3061 374
3064 376
3067 378
3070 380
3073 382
3076 384
3079 386
3082 388
3085 390
3088 392
3091 394
3094 396
3097 398
3100 400
3103 402
3106 404
3109 406
3112 408
3115 410
3118 412
3121 414
3124 416
3127 418
3130 420
3133 422
3136 424
3139 426
3142 428
3145 430
3148 432
3151 434
3154 436
3157 438
3160 440
3163 442
3166 444
3169 446
3172 448
3175 450
3178 452
3181 454
3184 456
3187 458
3190 460
3193 462
3196 464
3199 466
3202 468
3205 470
3208 472
3211 474
3214 476
3217 478
3220 480
3223 482
3226 484
3229 486
3232 488
3235 490
3238 492
3241 494
3244 496
3247 498
3250 500
3253 502
3256 504
3259 506
3262 508
3265 510
3268 512
3271 514
3274 516
3277 518
3280 520
3283 522
3286 524
3289 526
3292 528
3295 530
3298 532
3301 534
3304 536
3307 538
3310 540
3313 542
3316 544
3319 546
3322 548
3325 550
3328 552
3331 554
3334 556
3337 558
3340 560
3343 562
3346 564
3349 566
3352 568
3355 570
3358 572
3361 574
3364 576
3367 578
3370 580
3373 582
3376 584
3379 586
3382 588
3385 590
3388 592
3391 594
3394 596
3397 598
3400 600
3403 602
3406 604
3409 606
3412 608
3415 610
3418 612
3421 614
3424 616
3427 618
3430 620
3433 622
3436 624
3439 626
3442 628
3445 630
3448 632
3451 634
3454 636
3457 638
3460 640
3463 642
3466 644
3469 646
3472 648
3475 650
3478 652
3481 654
3484 656
3487 658
3490 660
3493 662
3496 664
3499 666
3502 668
3505 670
3508 672
3511 674
3514 676
3517 678
3520 680
3523 682
3526 684
3529 686
3532 688
3535 690
3538 692
3541 694
3544 696
3547 698
3550 700
3553 702
3556 704
3559 706
3562 708
3565 710
3568 712
3571 714
3574 716
3577 718
3580 720
3583 722
3586 724
3589 726
3592 728
3595 730
3598 732
3601 734
3604 736
3607 738
3610 740
3613 742
3616 744
3619 746
3622 748
3625 750
3628 752
3631 754
3634 756
3637 758
3640 760
3643 762
3646 764
3649 766
3652 768
3655 770
3658 772
3661 774
3664 776
3667 778
3670 780
3673 782
3676 784
3679 786
3682 788
3685 790
3688 792
3691 794
3694 796
3697 798
3700 800
3703 802
3706 804
3709 806
3712 808
3715 810
3718 812
3721 814
3724 816
3727 818
3730 820
3733 822
3736 824
3739 826
3742 828
3745 830
3748 832
3751 834
3754 836
3757 838
3760 840
3763 842
3766 844
3769 846
3772 848
3775 850
3778 852
3781 854
3784 856
3787 858
3790 860
3793 862
3796 864
3799 866
3802 868
3805 870
3808 872
3811 874
3814 876
3817 878
3820 880
3823 882
3826 884
3829 886
3832 888
3835 890
3838 892
3841 894
3844 896
3847 898
3850 900
3853 902
3856 904
3859 906
3862 908
3865 910
3868 912
3871 914
3874 916
3877 918
3880 920
3883 922
3886 924
3889 926
3892 928
3895 930
3898 932
3901 934
3904 936
3907 938
3910 940
3913 942
3916 944
3919 946
3922 948
3925 950
3928 952
3931 954
3934 956
3937 958
3940 960
3943 962
3946 964
3949 966
3952 968
3955 970
3958 972
3961 974
3964 976
3967 978
3970 980
3973 982
3976 984
3979 986
3982 988
3985 990
3988 992
3991 994
3994 996
3997 998
4000 1000
4003 1002
4006 1004
4009 1006
4012 1008
4015 1010
4018 1012
4021 1014
4024 1016
4027 1018
4030 1020
4033 1022
4036 1024
4039 1026
4042 1028
4045 1030
4048 1032
4051 1034
4054 1036
4057 1038
4060 1040
4063 1042
4066 1044
4069 1046
4072 1048
4075 1050
4078 1052
4081 1054
4084 1056
4087 1058
4090 1060
4093 1062
4096 1064
4099 1066
4102 1068
4105 1070
4108 1072
4111 1074
4114 1076
4117 1078
4120 1080
4123 1082
4126 1084
4129 1086
4132 1088
4135 1090
4138 1092
4141 1094
4144 1096
4147 1098
4150 1100
4153 1102
4156 1104
4159 1106
4162 1108
4165 1110
4168 1112
4171 1114
4174 1116
4177 1118
4180 1120
4183 1122
4186 1124
4189 1126
4192 1128
4195 1130
4198 1132
4201 1134
4204 1136
4207 1138
4210 1140
4213 1142
4216 1144
4219 1146
4222 1148
4225 1150
4228 1152
4231 1154
4234 1156
4237 1158
4240 1160
4243 1162
4246 1164
4249 1166
4252 1168
4255 1170
4258 1172
4261 1174
4264 1176
4267 1178
4270 1180
4273 1182
4276 1184
4279 1186
4282 1188
4285 1190
4288 1192
4291 1194
4294 1196
4297 1198
4300 1200
4303 1202
4306 1204
4309 1206
4312 1208
4315 1210
4318 1212
4321 1214
4324 1216
4327 1218
4330 1220
4333 1222
4336 1224
4339 1226
4342 1228
4345 1230
4348 1232
4351 1234
4354 1236
4357 1238
4360 1240
4363 1242
4366 1244
4369 1246
4372 1248
4375 1250
4378 1252
4381 1254
4384 1256
4387 1258
4390 1260
4393 1262
4396 1264
4399 1266
4402 1268
4405 1270
4408 1272
4411 1274
4414 1276
4417 1278
4420 1280
4423 1282
4426 1284
4429 1286
4432 1288
4435 1290
4438 1292
4441 1294
4444 1296
4447 1298
4450 1300
4453 1302
4456 1304
4459 1306
4462 1308
4465 1310
4468 1312
4471 1314
4474 1316
4477 1318
4480 1320
4483 1322
4486 1324
4489 1326
4492 1328
4495 1330
4498 1332
4501 1334
4504 1336
4507 1338
4510 1340
4513 1342
4516 1344
4519 1346
4522 1348
4525 1350
4528 1352
4531 1354
4534 1356
4537 1358
4540 1360
4543 1362
4546 1364
4549 1366
4552 1368
4555 1370
4558 1372
4561 1374
4564 1376
4567 1378
4570 1380
4573 1382
4576 1384
4579 1386
4582 1388
4585 1390
4588 1392
4591 1394
4594 1396
4597 1398
4600 1400
4603 1402
4606 1404
4609 1406
4612 1408
4615 1410
4618 1412
4621 1414
4624 1416
4627 1418
4630 1420
4633 1422
4636 1424
4639 1426
4642 1428
4645 1430
4648 1432
4651 1434
4654 1436
4657 1438
4660 1440
4663 1442
4666 1444
4669 1446
4672 1448
4675 1450
4678 1452
4681 1454
4684 1456
4687 1458
4690 1460
4693 1462
4696 1464
4699 1466
4702 1468
4705 1470
4708 1472
4711 1474
4714 1476
4717 1478
4720 1480
4723 1482
4726 1484
4729 1486
4732 1488
4735 1490
4738 1492
4741 1494
4744 1496
4747 1498
4750 1500
4753 1502
4756 1504
4759 1506
4762 1508
4765 1510
4768 1512
4771 1514
4774 1516
4777 1518
4780 1520
4783 1522
4786 1524
4789 1526
4792 1528
4795 1530
4798 1532
4801 1534
4804 1536
4807 1538
4810 1540
4813 1542
4816 1544
4819 1546
4822 1548
4825 1550
4828 1552
4831 1554
4834 1556
4837 1558
4840 1560
4843 1562
4846 1564
4849 1566
4852 1568
4855 1570
4858 1572
4861 1574
4864 1576
4867 1578
4870 1580
4873 1582
4876 1584
4879 1586
4882 1588
4885 1590
4888 1592
4891 1594
4894 1596
4897 1598
4900 1600
4903 1602
4906 1604
4909 1606
4912 1608
4915 1610
4918 1612
4921 1614
4924 1616
4927 1618
4930 1620
4933 1622
4936 1624
4939 1626
4942 1628
4945 1630
4948 1632
4951 1634
4954 1636
4957 1638
4960 1640
4963 1642
4966 1644
4969 1646
4972 1648
4975 1650
4978 1652
4981 1654
4984 1656
4987 1658
4990 1660
4993 1662
4996 1664
4999 1666
