100
4222424248288282848882884244442884444888848428848848284288482424224242422448888442
82888842444
4842488244422428248222848228244224442242488824882888424282824484842282888482
424884482822442882442442288284244488242284482842882844242424428488244222
4282422822848482242828828424222848884282482242424282282288228824482222884422488
42288422488482448428228824844884284828424224228828824224242448448228422422444
248888284444228482882884244288222248284
48282442828228444828842488288822488882282488288448828848428222222288884
42442228248
42242882244488284488848282848484288888428228448244424844224222
82828224248828448828884228882228444228
24224244244428882828244422442428228484224
28824282282422242284884282482288442824844288242422848888
2428848282828882228242222888488442422442428844884424
22422822448882822484422428848448228228442244442424248842282848228844482482824442244
2488424844448488242488884282824
8842422242222248888
2888482422228844844222224884282828
8228282442822422
2448822848422
44282488248
824484422248884
8284842882282848444248484288284448
28822842824888848242228842242842884828842844244848222224288848444884228828
8282444444
2482282848242882884
428884882448288482222888482824244244444888284282
28288444248222428422284822884224888448228248224822
44282248442
848844824844488224848424244488884428242224442884282242488244
8428482444482844242288242848244422824828424228822
88448844422
2882248884482448
242
882848244224884822842288248884888488444424488848224284888444488822844424
48484224282228428242888882242244824882424442448
442242242824282828
488842882428228482842844828444222222242424428824282442848444848488
82484882242222444424488884884222424888248242282884844284288822282822884888
2284828882884
24824424228482488448448842828442444422824884444224484222822428442288882282228284824444822882442
8244428844488488444224
28844442228224422284448484282482484224488484884482848282482884282488828282482448888884284822
2822884242828884828822828242442848282284284882828842882848824422828444822242422824828444288228
24442282844
2882422484
844842288222444242824884822848888428288444428824482
4242444484444222842222428828444424224482842422444282
2424228228224824844482822844444
48824884448884448244228828428848824444448828428284488824
2844248248222844284442424284224844444422248484224222884828484848888488242828284488882288424422484
848888882822882844822
82482844224244482224444484224428842228488842444842482884882
248828288448842824448828
28442882822442428882288488228882828482248444482224448888828488842282284822842424842844444848288
84884282284242442244484222
2888242
484282248244822228244848824242884888284844242488242228448
22242224428422842888444422848
242288822482242888828288444882288242422842
2482482848828244228284424288
4422424244884428244424842884884288242822
24244
24244422884482
282822422822
222244248288828442824844448428882
24288882824884442848848444224
82484844882848828224
8882284824284288842822228842882828228848822288222224
4422488244422242282228222244424
28484482422882844248224488428822882488822844882282448428282442
24484424884224828448484282482228
8288484824444224824828422228222842228888484842222488224842444422
82442488844848882448844224842482884282224448424484848488824282248424484848882
82422484482288488282282824822244448424248228424248482244884282228244482
48448882828282224228
842222824822842844248224422242224448488282482224448822224882842244242488844222428228
284
22222248884242884844848484448244448442482224222
844244844488844844
42824888444444888242488882848828444244
4424248242228888248244848424
882284448842288482244844882
4244888822884242822844222242428844888
848482244282484288244228488482844242422844248444222424248442424422882828284888828
484288822424824
2288284484488424242444428444888844848844884442
884282444224222824482828484444888488422888448284
488484842842244242822224888824482222882842228442888484884488222442488282488428842
4882424884842248248288222422242888222
224882482488222888
48424848422448244288442882442282248844244448
4222822824444484484228224488224484224282428848222228842828
2888484888828428442442228888844242844848442482282424442224224448844842428
888848848448488884488224444442848222442288428242448884844
488488282882488282
48284488424884422824422244882822822422224848822288284282822484884288424884842448282228448848284
2222422284882248444422888222888424224242244482884842422444488822282448248828442
42442882288248248482424488422222822888242244442422248242488842
88242422422
