15
84224842248422484224842248422484224842248422484224842248422484224842248422484224842248422484224842
28282828282828282828282828282828282828282828282828282828282828282828282828282828282828282828282828
82828282828282828282828282828282828282828282828282828282828282828282828282828282828282828282828282
248248248248248248248248248248248248248248248248248248248248248248248248248248248248248248248248
284284284284284284284284284284284284284284284284284284284284284284284284284284284284284284284284
822482248224822482248224822482248224822482248224822482248224822482248224822482248224822482248224
2222222222222222222222222222222222222222222222222222222222222222222222222222222222222222222222222222
4444444444444444444444444444444444444444444444444444444444444444444444444444444444444444444444444444
8888888888888888888888888888888888888888888888888888888888888888888888888888888888888888888888888888
2222222222222222222222222222222822222222222222222222222222222222222222222222222222222222222222222222
2222222222222222222222222222222222222222222222222222222222222222222222222222228222222222222222222222
2222222222222222222222222222222422222222222222222222222222222222222222222222228222222222222222222222
2222222222222222222222222222222822222222222222222222222222222222222222222222224222222222222222222222
2222222222222222222222222222222422222222222222222222222222222222222222222222224222222222222222222222
2222222222222222222222222222222822222222222222222222222222222222222222222222228222222222222222222222
