842244842244842244842244842244842244842244842244842244842244842244842244842244842244842244842244842244842244842244842288888
2248224822482248224822482248224822482248224822482248224822482248224822482248224822482248224822482248224822482248224822482248224822482248224822482248224822482248224822482248224822482248224822482248888888888888888888888888888888
8224822482248224822482248224822482248224822482248224822482248224822482248224822482248224822482248224822482248224822482248224822482248224822482248224822482248224822482248224822482248224822482248224888888888888888888888888888888
22482248224822482248224822482248224822482248224822482248224822482248224822482248224822482248224822482248224822482248224822482248
2248422842284228422842284228422842284228422842284228422842284228422842284228422842284228422842284228422842284228422842284228422844888888888888888888888888888888888888888888888888888888888888888
8224822482248224822482248224822482248224822482248224822482248224822482248224822482248224822482248888888888888888
22222222222222222222222222222222222222222222222222222222222222222222222222222222222222222222222222228888888
444444444444444444444444444444444444444444444444444444444444444444444444444444444444444444444444444488888888888888
88888888888888888888888888888888888888888888888888888888888888888888888888888888888888888888888888888888888888888888888888888888
22222222222222222222222222222222822222222222222222222222222222222222222222222222222222222222222222222888888
222222222222222222222222222222222222222222222222222222222222222222222222222222482222222222222222222222488888
222222222222222222222222222222224222222222222222222222222222222222222222222222282222222222222222222222488888
222222222222222222222222222222228222222222222222222222222222222222222222222222242222222222222222222222488888
222222222222222222222222222222224222222222222222222222222222222222222222222222242222222222222222222222888888
222222222222222222222222222222228222222222222222222222222222222222222222222222248222222222222222222222248888
