4222242242248224882248224844888224884224444224884444888844842288448844822484228844822422422422422422444888844224888
8224888842244448888888
448422448822444224224822482222844822482244224442242244888224882248884224228224822444844842282248884482248888888888
422448844822482244228822442244224882248422444488224224844822484228822484422422422442284488224422224888888888888888
42282242248224844844822422482248822484224222248448884228224822422422422482248224882248822444822228844224888888888888
422884224488448224448422822488224844884228448224842242242288224882242242242244484482248422422444488888888888888
224888822484444224844822488224884224422488222244822484488
448224822442282248224844448224884224488224888224888822482248822488448822488448422822222222888844888888888
4224422228224888
422422882244488224844888448224822484484484228888842282248448224442248442242222888888888888888888888
82248224822422488224844882248884228882222844422888888
22422422442244422888224822482244422442242282248448422448888888
22488224224822482242222422844884228224822488442248224844224882242242248448888888888888888888888888888
2242248844822482248224888222282242222888448844224224422422884488442248888888888888888888888888888
22422482244488822482248442242248844844822482248442244442242242244884228224844822488444482248224822444224448888888888
22488422448444484488224224888842282248224888888888
884224222242222224888888888
22488844822422228844844222222488422822482248888888888
8224822482244228224224888888
224448822484484228888888
442248224882248
8224448442222448884488888
82248448422882248224844844422448448422882248444488888
224882248422822488884482242222884224228422884482248842284422444844822222242248884484444884228822488888888888
822482244444448
224822482248448224224882248844
4228884488224448224884482222888448224822422442244444488822484228224888888888888888888888888888
224822488444224482222422842222484482248842244888448224822482248224888888888888888888888888888888
4422482248442248
844884482248444488224844842242244448888442248224222244422884228224224882244488888888888888888888888
84228448224444482248442242248822422484482244422482248224842242288224888888888888888888888888888888
884488444228
224882248884482244488888
224224
8822484482244224488448224842288224888448884488444422444888448224224844888444488822484442244888888888
44844842242282222842282242248888822422444822488224224442244488
4422422422482242248224822488888
448884228822422482248448224842284482248444222222224224224422882242248224422844844448448448888888888888888888
8224844882242222444422444888844884222242248882248224224822488448442248422888222282248224884488888888888888
224844822488822488448888
224822442242284482248844844884228224844224444228224884444224448422224822422484422488882248222282248448224444482248822442288
8224442248844448844884442244
224884444222282244222248444484484228224822484224488448448844822484482248224822488422822488822482248224822444888888422844822488888888888888888888888888888888888888888888888888888888888
224822488422422822488844822488224822482242244228448224822484228448822482248842288224844882244228224844448222242242282248224844422882248888888888888888888888888888888888888888888888888888888888
2244422482248448
224882242248448
8448422882222444224228224884482248448888422822488444422488224448224888888888888888888888888888
422422444484444222284222242248822484444224224448224842242244422822488
22422422482248224822484444822482248444444888888888888
4488224884444888444482244228822484228844882244444448822484228224844888224888888888888888888888
224844224822482222844224844422422422842244844444422224484484224222248844822484484484488884488224224822482248448888224884224422484488888888888888888888888888888888888888888888888888888888888
844888888224822488224844822488888888888888
822482248442242244482222444444842244224884222248448884224444842244822488448822488888888888888888888888
2248822482248844884228224448822488888888888888
224844224882248224422422888224884488224888224822484482248444482222444488888224844888422822484482248422422448422844444484482248888888888888888888888888888888888888888888888888888888888
844884228224842242244224448422224
22488822422488
4484228224822444822228224448448822422422488448882248448442242248822422228448888888888888888888888888
22224222244228422842288844442248448888888888888888
2242248882248224224888822482248844448822488224224224842288
2248224822484488224822442282248442242248888888888888
44224224224448844224822444224842288448842288224224822488888
224224448
22422444224884482248888888
224822482242248224
22224422482248882248442248224844448422888224888888888
2242248888224822488444228448844844422448888888888
822484484488224844882248224
88822484482242248422888422822228842288224822482248844882222882222224888888888888888888888888888
4422488224442222422822228222244422448
224844844822422488224844224822444884228822488224888224844882248224448422822482244228888888888888888888
2244484422488422448224844844842282248222288888888888
8224884484482244442244822482248422224822228422224888844844842222488224842244442248888888888888888888888
822442244888448448882244488442248422448224884228222244448422448448448448882242248224842244844844888224888888
822422484482248844882248224822482248222244448422422448224842242244844822444884228222282244482248888888888888888
44844888224822482248222242288
84222248224822484228442248224422224222244448448822482248222244448822224488224842244224224888442222422822488888888888888
2248448
2222224888422422884484484484484444822444448442248222242222488
844224448444488844844888
4228224888444444888224224888822484488224844422448888
442242248224222288882248224448448422448888888888888
882248444488422884482244484488224888888888888
4224488882248842242282248442222422422884488888888888
844844822442282248422882244228448844822484422422422484422484442222422422484422422442288224822482248448888224888888888
4484228882242248224888888
2248822484484488422422422444422484444888844844884488444228888888888888888888888888888888
8842282244422422228224448224822484484444888448842288844822484488888888888888888888888888888
4488448448422842244224224822224488882244482222882248422224844224888448448844882222442248822482248842288422888888
448822422488448422448224822488222242222422488822228888888
2248822482248822228888888
4484224484484224482244228844224882244228224884422444448888
42222482248224444484484228224448822444842242282242248844822222248842282248888888888888888888888888888
224888448448888224842284422442222488888442242248448448442248224822422444222242244448844842242288888888888888
8888448844844844888844882244444422844822224422488422822422444888448448888888888888888888888
44884488224822488224882248224888888888888888
4482248448842244884422482244222244488224822482242222448448822228822484228224822484488422884224488448422448224822228448844822484488888888888888888888888888888888888888888888888888888888888
22224222248448822484444224888222288842242242242244448224884484224224444888222282244482248822484422488888888888888
422442248822488224822484482242244488422222282248882242244442242222482242248884228888888888888888888888888
8822422422422488
