100
25 101 0
88 144 0
83 137 0
51 27 0
61 33 1 35
118 116 1 73
39 45 0
116 189 0
53 30 0
78 59 0
154 125 0
63 54 0
143 198 2 65 54
105 141 0
56 187 1 88
172 183 0
116 25 0
94 165 0
138 127 1 63
86 187 0
69 142 1 45
79 72 0
186 180 0
66 56 0
156 195 0
117 73 1 20
4 41 1 54
112 93 0
100 145 1 64
137 79 0
18 160 2 64 86
126 129 0
65 131 0
2 122 0
134 188 0
59 167 0
73 33 1 65
54 19 0
90 194 0
142 151 0
64 172 0
7 109 1 62
21 162 0
185 43 1 20
125 60 0
109 200 1 9
10 196 0
105 130 0
32 33 0
195 39 0
113 152 0
48 91 0
12 3 0
188 139 0
75 6 0
137 1 0
20 69 0
162 3 0
46 178 1 90
19 52 0
82 168 0
101 157 0
71 59 1 65
11 31 0
77 169 0
26 63 0
11 83 1 8
61 172 0
117 83 0
132 56 0
49 44 0
126 149 1 77
111 90 0
98 189 0
48 98 0
81 188 0
21 72 0
51 58 0
156 161 0
123 16 0
182 157 1 74
193 127 0
112 34 1 53
155 30 0
30 149 1 42
133 12 0
142 200 0
88 132 0
20 6 1 34
155 106 0
199 134 0
182 78 1 54
141 95 0
27 155 0
131 91 0
56 182 0
155 55 0
65 61 0
112 35 0
81 98 0
