8164
9974
1219
3210
8853
574
4988
8096
9123
6777
8411
4639
8519
5045
6792
659
8943
2109
6279
128
188
2058
4978
5799
4472
2591
2011
2705
5456
1667
6607
9842
5879
3707
1032
9550
5826
8125
4750
7780
3332
6133
1076
4925
2075
4535
3933
7174
5361
1984
3108
7362
8497
6871
7928
1879
1458
941
7670
8997
5144
3806
1833
8021
2815
324
7470
8090
9228
223
1383
2487
606
1595
4344
9631
1542
2425
4540
2352
4221
5154
9093
467
1866
7715
5310
350
9600
6262
725
5930
1810
86
5714
7783
8878
3395
7618
4970
2340
6298
3741
1260
4205
2040
6929
115
2654
8880
2517
8221
1429
2354
3379
4543
9061
7867
8764
2267
2275
2249
4686
6993
7648
3031
4789
8705
52
5169
1807
6389
9052
719
8079
4200
4523
6695
6986
1200
4585
6573
6825
7303
9195
9886
9166
93
2484
4511
4916
6449
5873
6753
9967
1466
3978
6493
4617
5789
1684
5523
8047
2715
6413
6557
4157
4
1368
2979
3239
8481
7460
8541
7679
4152
6296
6665
586
6130
7462
1483
3813
4580
4500
8119
9794
3292
28
2260
2818
8326
5190
9215
5880
8719
595
4642
3579
8099
1264
5782
4497
7060
9114
9851
6854
7325
7535
1347
4640
8431
386
6314
6445
8952
480
4116
7733
6441
3237
46
9555
2309
4189
7909
1981
3646
6681
892
4009
5350
6705
8607
4361
5354
9160
3155
5285
9161
9641
8531
3934
4284
4143
4512
9591
6877
7766
5381
9493
1859
7205
1694
4941
7184
668
8432
2235
1196
3911
1019
9193
180
6740
9396
279
2034
1912
8899
3893
4877
7981
1212
9824
5075
9181
9481
9222
9232
9552
8635
1582
1787
8963
9818
7270
8913
496
5934
1362
2799
9534
537
6225
1349
6570
4666
7844
4234
4313
7423
9069
3299
2032
418
1863
1874
3802
5233
6905
9568
2094
6365
8617
3476
5069
1897
414
6287
1962
9005
14
2925
2658
6614
529
8791
234
4699
3885
4903
9449
9360
3121
7697
9826
6576
4456
7894
9897
5795
8159
5513
3408
7660
933
7225
6178
8151
2507
3906
7106
6931
8437
9501
3829
9544
4029
2380
3939
937
777
1121
6195
6453
7692
5656
947
8578
6147
6957
8370
2661
928
1399
6239
8405
6203
3387
6173
8580
6601
4572
7083
6090
9785
7192
6037
2945
3406
4317
5371
6787
220
5554
1386
5097
7068
8335
465
5823
7873
3485
6631
4505
6435
7999
6772
901
7413
9473
6794
190
1103
8810
9380
2742
6232
9452
1111
6548
9089
741
25
3077
8423
8303
4912
6649
154
404
3040
6629
6524
7533
2804
1979
2185
9750
2780
2844
6959
974
177
2613
7911
9144
5039
124
1517
2515
8536
1971
3449
5750
6222
9910
515
9784
3172
2176
3022
9032
4581
8640
159
9064
5485
7181
3631
5771
8751
3137
3360
6140
3936
5585
7494
8805
2841
5417
9284
3432
9075
9587
3730
2298
8911
1691
7434
691
4349
9799
1356
8894
7505
2615
2887
3148
6073
2973
3469
6458
6638
9559
1047
2999
8251
9094
3585
3652
343
3791
5011
7503
4574
362
6742
2454
3373
4670
8247
2180
2774
2167
8596
3331
9355
2811
3111
7175
7055
8429
9713
7189
7214
3606
6379
6517
8569
1298
5240
6802
6780
1245
4807
1109
7183
598
2433
3167
3540
6424
1008
1789
5477
9281
210
4754
5298
7318
5061
6635
8615
3165
6529
3769
397
8134
7737
955
9468
9920
9660
8175
8486
4482
7740
8827
9517
7163
1487
4723
4752
7576
733
7332
7338
671
6734
5537
5620
4421
1413
4322
1643
3880
5911
6060
5613
5904
8623
6798
966
5134
6948
3807
6378
5327
5308
7376
462
7117
3229
6080
2720
793
412
7355
9900
1877
264
1797
5237
5246
1128
1316
5665
6823
6214
9674
479
5774
2217
4749
8743
7900
2349
1657
9100
9486
9760
5254
4311
62
2400
8463
692
2124
9980
2711
9561
3232
5776
5809
1610
6053
2045
36
3305
8739
3445
3850
3150
5294
804
3288
1903
8229
8564
8700
6155
8829
200
706
2644
3702
7378
2727
5649
9138
1856
3858
221
3704
5914
7642
132
5595
8060
8288
8216
1195
1823
2917
7141
2856
3672
64
3690
4074
8355
8975
5624
9265
4301
5534
2362
8197
9109
6395
1084
9749
4460
8893
3072
3345
5099
334
8994
914
8342
7442
8034
4662
4887
1345
7130
5470
3559
4111
7956
448
8767
6898
4852
8559
1099
4776
1393
3088
1870
6703
8053
7538
903
6542
7391
5235
8779
5349
8195
8004
2959
6020
5704
7198
8508
8688
9702
5312
6385
9104
8330
8883
7384
5550
8759
5145
7562
7950
7387
769
5992
2323
2687
5259
8366
9034
1130
2827
7280
2096
2409
5479
9288
9384
1956
9862
9994
298
5935
7824
4008
802
9154
9535
8245
1605
4330
8686
5660
9407
3754
8741
9156
6254
5153
5458
8525
8414
1900
5150
7473
5196
5206
9259
3079
8650
5716
6170
7710
1540
3725
8886
66
684
8912
2498
6887
7484
3065
421
2296
5501
1555
4206
7143
565
8239
3510
6821
202
6760
7023
8900
2577
2609
6890
8031
4701
6483
1995
1115
3315
4209
6811
2502
4000
6075
3957
6008
3400
261
3761
2027
681
381
361
5114
5238
5205
2671
6251
9376
4708
8788
1292
216
9367
1033
5953
356
4620
9218
4185
7353
3972
867
1446
1
1294
7342
9808
675
5331
1030
871
1412
3006
7973
7258
575
1201
4139
5250
1723
3236
6442
402
6968
7476
9273
3220
4900
8209
1731
1993
9267
3876
8388
4948
6016
2427
5545
7201
5395
2714
828
8571
1273
2501
7634
7683
896
2113
3964
2356
2994
9540
4938
9961
1255
5302
6788
8061
332
8692
533
8309
1330
9709
6100
8381
7091
7559
3504
6655
7447
8585
2090
982
5026
6901
3810
4118
9401
5004
5184
8057
6226
9691
5713
8927
5821
6095
7500
1137
1572
3694
9648
788
1743
7223
3194
6119
3623
8199
5815
3441
5694
6643
3792
5521
19
3113
3971
247
4825
6207
7135
8462
5559
2834
6653
1455
3800
6193
601
7250
8980
3405
4905
5979
4122
7821
8142
807
3717
3483
3863
6508
7603
8591
3103
2413
3998
4633
2146
3181
5593
5629
3819
5405
2197
5248
8600
2331
134
1392
4096
8568
2244
8581
9778
9279
5587
3771
4706
8277
444
5015
455
4290
6739
9840
5805
5231
9953
4464
1613
523
3481
4387
8136
1473
7718
8069
293
500
1581
1739
8704
8374
1018
7793
3124
6229
8114
6906
9838
3090
3536
9581
8444
5343
6181
1796
8588
8896
2155
3722
2777
4600
2480
3100
8504
5262
2210
3822
9420
3419
6922
9986
311
633
7587
8338
544
2653
5959
6361
5729
3142
329
9728
5139
8577
9315
4132
4450
3117
550
6345
3390
6791
6661
7699
3709
5346
5243
7366
9618
6305
4909
1505
8109
5897
8841
5877
7496
644
7992
4399
8187
9484
1528
1639
7067
1222
5362
5732
557
4128
6546
9038
9176
3323
6513
5407
5670
9488
1842
4966
7390
5680
7596
4613
2105
1328
2954
4165
5848
7743
4870
1311
1727
5984
4182
5386
2996
9211
5831
4181
117
8848
339
3311
7369
4063
9350
9721
3897
8715
8732
2164
6014
2150
3250
3262
6260
4945
899
8771
9847
4607
4953
971
4442
5797
1477
9850
7800
2086
2915
872
4230
4463
5448
364
9497
379
7892
206
5253
7883
5125
6285
7896
9405
39
642
7076
331
7315
6862
823
7671
9646
7446
800
1513
3637
9135
2021
4051
7158
252
5033
8334
904
2373
3532
6964
3222
4060
4957
3338
9302
532
2520
7833
4092
7268
9538
375
943
918
7467
5841
5127
8876
7812
6748
8292
1861
1649
3087
5337
3067
8828
5203
8918
7456
619
848
8356
1382
9447
2627
4727
640
4194
7731
8611
776
3945
8328
267
615
4310
3183
8858
2755
5329
6083
4033
4762
1832
1156
2890
2162
4282
1836
2477
9029
9049
1133
5507
3259
7381
1387
1369
1390
8409
5844
5402
4389
6745
1533
4712
4299
5807
5398
3794
6597
8784
4720
8701
7240
8285
887
2348
2056
3175
5701
1419
6974
9235
6245
1575
145
864
2303
9185
5035
1721
1352
1389
6001
3491
6587
7259
1049
8539
2437
4094
4093
4768
9693
9972
6947
6058
6059
7774
4672
7787
1025
2525
4846
6299
6510
6926
5901
5956
1104
2212
9718
9309
4532
4627
5571
9322
3381
7249
9997
1884
4921
862
8213
37
5256
9546
6069
9470
677
7364
8632
5589
8170
6163
9188
5697
7030
7464
3285
7085
158
509
4030
6448
1342
9689
5296
5690
7834
3650
8945
2747
1562
8163
6466
196
1088
2831
6633
1146
8019
9916
881
9392
8042
1748
1991
5708
8533
2358
8036
8787
3629
783
526
4815
5379
9575
4342
2575
6842
7547
1716
6783
2559
6121
2933
218
7525
1067
3845
8385
24
47
4377
4503
6886
7976
393
3612
6583
5835
1660
3341
6418
1936
3403
764
4804
3294
7216
8172
8862
9569
2394
1434
9613
3575
1482
2703
6744
3677
7299
4984
2893
1765
7963
6556
9261
5373
5372
1148
9208
5695
9305
1398
8039
269
6011
7652
3915
6755
1116
8776
2064
251
4860
6123
6893
7745
4283
4786
4593
8861
4056
4095
908
6579
6651
9868
2475
3319
55
5838
2441
9022
1865
8025
7668
2245
5946
8628
2673
4868
984
9053
3665
1228
7838
7277
7512
8664
3283
8450
8852
240
3168
6670
717
1415
5741
8453
3843
5617
2187
5556
729
2482
9431
875
3464
3644
8503
8949
1171
9178
832
9478
72
2545
5824
4489
2306
3498
8573
285
4368
3115
3114
4432
7210
5383
4823
5676
718
2854
8747
854
662
1251
8557
9346
8167
8999
3478
4172
2567
6431
9763
178
2929
49
1041
8872
6844
7781
666
1061
2505
2750
4447
4709
2377
5685
6248
2920
6812
9018
1850
4520
4175
8914
4078
8223
4928
2526
6839
3133
5530
3551
5915
4332
6610
2133
6996
7314
9145
3459
3507
4254
8796
2463
9003
1974
7050
6370
2824
7168
7948
7949
9503
7789
342
5491
3186
9870
960
4264
8074
8968
817
3066
697
1868
3266
9992
8720
7052
7549
3549
5043
4396
7839
9922
5339
5475
3818
2495
317
9944
8483
4080
6710
2977
2539
3866
8323
198
1317
1547
2224
302
7145
844
2261
1894
4628
9531
43
8763
6018
6581
7406
1679
3188
9735
3838
4542
8566
6808
8301
9696
7243
7166
3436
6031
6436
9951
9341
926
5413
9815
1893
1871
5454
5819
6499
6393
8723
4202
4604
6153
4237
1758
1225
938
6623
2497
7523
8626
3501
9043
7945
3289
878
2600
5131
4703
5886
7528
4594
5894
8890
5919
4255
6474
7934
1641
4043
3246
8002
6188
9372
6936
9065
9669
7246
2700
4184
174
450
1845
9616
409
5323
1626
7266
9442
7042
7848
5778
9672
4501
4136
4558
2208
1768
5654
2927
7156
4086
6233
7508
7560
7860
1205
5301
7880
7923
3414
796
3660
2638
1773
2610
730
185
5053
7388
7965
372
648
3889
9317
5198
1909
698
9357
1902
2297
4965
6386
8684
1625
5365
6773
5040
7253
2905
6210
5751
8168
5388
5078
5093
5071
8451
6325
9445
8156
3773
5644
6918
6151
6797
5177
7980
9577
8016
2704
8456
7761
4429
8656
1746
6835
8093
1363
6782
2191
6289
6288
1073
664
4278
8194
3325
1071
6327
8659
1496
2922
5081
4779
2346
6751
2912
2312
6575
4440
7356
5275
9127
7797
593
9931
819
1006
9716
748
3622
763
4149
1234
4021
4601
3798
9514
7735
9926
2270
5368
9757
7000
8360
8924
1687
4565
9448
5744
6673
7132
7131
1106
4249
5333
7607
2215
6580
2788
6429
9765
9313
651
5582
3942
6160
2119
6609
4100
2207
5052
2383
1932
8274
6950
9949
127
1122
5504
8138
8478
2690
990
3671
1233
6416
9206
3157
3931
7713
353
7261
997
2100
6645
165
5591
6589
654
1325
9650
8399
4862
9337
7061
3291
5148
814
9046
1334
1630
6358
2908
1085
3580
8332
1192
3698
4293
153
3898
6955
3821
5726
4753
609
7655
400
347
2473
4625
6394
5159
2809
5427
7144
4826
9402
4874
7738
7736
8978
9326
463
7080
1822
1522
2294
3456
7930
6938
9686
7375
3242
5460
5459
5706
7186
7345
8097
5182
5183
1054
2158
4329
6312
5994
3467
709
294
8973
2771
4514
7593
7807
6684
6382
1327
1839
8122
1406
5287
7463
3203
5313
9106
82
16
2044
1304
8316
2549
9102
9871
2434
3045
4393
3525
2285
8391
3965
8183
9472
5633
6274
1943
8013
58
6855
7852
3149
4881
6311
2073
9653
4960
9196
1197
3883
2131
9768
5165
3561
4632
7674
439
2534
8790
9703
8271
8179
5924
9830
6307
3075
9712
5638
2830
3976
1307
4040
147
9819
1056
7777
3835
5219
8728
1769
1672
5273
2510
6040
9307
1816
2369
3789
8976
3610
4398
5687
6515
8757
7803
365
1151
2786
2884
5271
9141
8306
1917
9565
3493
4587
2276
9479
6626
4783
771
6801
7444
7443
5437
3600
1493
6197
5014
4841
7845
968
1675
7543
313
9009
3397
3396
8670
9780
2781
3617
897
1662
6940
5541
2453
6613
3860
3950
8290
2388
1737
2881
6420
8884
1012
9705
7089
890
7452
6490
9682
4680
1878
2466
2088
1344
3766
8802
1169
2272
9677
8806
1830
4939
4486
4834
5142
3783
1124
5955
6848
4210
6954
6149
4842
821
7997
9083
65
5876
5378
786
9970
6440
9458
4854
9786
8008
8393
4506
1199
75
189
7028
7113
9426
8243
2985
1693
3433
6024
2656
5781
7540
1512
4924
5164
6319
7580
4931
5357
2019
7871
4305
7235
3748
4410
8821
1620
9028
5767
6496
9908
4437
3026
7814
7125
8410
4936
8816
2424
4809
6398
9152
9938
685
3196
1097
6659
9725
1358
7188
7925
2812
9981
5773
2765
4569
5415
2843
1139
9164
3544
5424
6990
1696
6088
7401
6115
1379
8620
768
5754
1038
391
4800
9656
2321
8200
7759
7622
3597
6881
1288
3012
7222
3973
1949
248
5057
1608
2642
5107
7585
8518
8955
4742
3084
4178
9781
7128
7129
4151
9685
236
9394
9395
2259
3983
9832
5100
9199
4515
3882
4024
7727
5675
5353
4385
490
6055
6725
5137
4125
4771
5072
1889
3138
9130
8091
9875
315
6502
2416
541
2288
2892
6003
7608
9983
5608
999
2278
7611
6472
8986
3985
5975
2174
2717
9012
2153
4353
1321
192
3634
232
1354
3841
4986
4204
9230
9229
4250
4716
7394
5066
8932
9339
7290
2940
1449
1271
1301
3779
4192
4212
9746
4897
9454
431
6158
5210
8465
9734
2896
7632
3953
8148
9006
3355
5024
9745
1713
8996
3962
2070
4833
5212
1690
405
6563
6479
1462
9241
3558
7474
5788
4803
1588
760
3244
6810
3563
4126
8046
2696
4829
1320
5912
3855
7402
8130
8144
1785
5762
8595
6987
8426
3352
6481
6756
957
8538
9586
2063
7640
1465
2028
2136
5221
5220
5579
8602
7663
1340
2000
4039
5251
8935
9024
2861
5282
2025
4405
9928
3683
7154
5547
7349
4381
2234
2950
5280
5281
1166
4240
7553
3301
2707
3189
2635
3474
3470
4577
5489
6562
2821
9306
579
3388
9381
9723
935
8141
7032
9572
1812
5764
1491
7096
3128
2937
8023
8022
8645
9125
2195
9353
9759
3370
8501
8502
1454
631
9292
5120
1615
5852
6559
4657
6726
7297
846
3804
9294
1035
494
5089
8024
242
1590
258
635
4696
7936
227
809
6175
5516
1776
7203
7202
7988
2649
8555
3648
4163
7961
326
1914
6174
2269
485
4260
6666
3655
4106
2344
3592
6185
2461
1095
1882
9762
1651
3375
2541
3146
8227
8228
7025
7024
7326
1365
2629
4882
2725
6553
3156
162
6127
8950
3427
84
85
1430
2171
2310
1348
5001
119
4725
5948
1059
3034
2326
885
3708
5173
1940
2730
2674
8669
6836
7421
1751
1093
3667
3666
2299
7932
8304
5999
8111
7673
2784
3961
667
827
3385
90
911
8488
8189
8472
1422
9905
7534
9207
7878
7568
7488
482
3641
2489
7569
3466
7842
5227
8233
561
3377
3862
8666
5090
9147
3251
1728
2846
8731
5188
9942
8711
8383
2733
38
4218
3418
1593
2006
8563
5103
1602
283
4347
4219
7864
8867
6343
6344
8459
2853
505
1190
6933
459
5963
5334
2987
2986
4677
6009
1717
3017
1119
932
1530
2624
3605
6707
1586
6761
8690
6240
9579
3633
6461
6675
7037
9858
3739
3740
6883
520
3528
5268
8178
7810
9589
3847
6867
7492
6329
695
1847
6421
2573
8181
571
4886
7614
204
7425
7424
9806
988
3958
5604
212
211
7555
9527
3392
3214
782
9373
6074
3208
3927
4555
650
5111
5682
5681
181
8088
3921
8320
7217
7348
1792
9427
7967
156
9260
9451
8892
1730
8492
3030
8613
8612
8350
617
9771
2967
7813
2228
7624
4134
612
1804
622
9290
7644
8211
3831
5646
6648
3750
4269
9149
7827
3699
4797
6860
6861
7898
2014
3679
7719
7796
3448
7689
6711
149
9344
9731
4103
5192
5895
8824
9020
3756
5410
1004
9476
4475
5828
2201
8345
7695
7696
6091
3981
3982
8416
5486
2222
3918
1069
8131
2605
7749
2970
7862
2879
7681
7931
1966
3815
2607
2608
3574
6129
9789
4228
3895
6628
7890
7891
5438
4071
8898
9999
8447
5321
7114
5527
4858
894
4652
6402
5063
5062
6023
6897
2172
3826
7021
4596
5390
10
8365
2491
4002
4001
8115
9918
4559
6098
2422
4844
4845
8470
4188
9086
4016
5272
6831
2151
235
4641
9349
487
6136
4049
8294
6349
4479
5030
7123
7124
6454
2617
6215
9296
799
2803
5493
8923
6094
2002
4582
3010
8762
2335
8870
7707
624
1153
9679
2182
2181
4386
629
6664
3869
7396
577
4774
512
4468
6112
8077
3492
6169
6604
5269
9255
6522
9120
2598
5890
9988
6907
2926
6489
4302
3337
9804
4981
7601
8990
7232
8698
8699
8098
3614
3613
4058
5215
3760
4434
5977
3439
1899
6657
8287
2232
5359
2900
4375
5432
1022
1100
7764
2239
4445
6063
172
7048
6895
2694
1741
2531
4231
5970
3278
5990
4795
8340
8467
9835
6391
6390
7152
7721
8253
8252
6934
4179
9887
9625
4454
7440
1719
7851
1752
7941
3811
7882
7497
4813
2347
4700
4818
2960
1775
4973
7588
1044
9413
5561
2745
3993
4866
8078
7621
5918
7520
4076
4075
7288
1186
9598
5036
6690
1441
944
942
8207
8208
641
8954
5502
6806
1479
5775
5533
7074
2602
4286
8438
1280
972
6190
3989
6571
6875
4112
8473
7479
5094
3511
5925
7819
7785
1985
1500
4362
1510
2789
4423
7339
1082
4884
113
2874
9116
3015
3016
9272
9354
6050
4412
5191
920
4985
1126
4552
6769
73
724
8495
8051
2406
2848
4490
1763
3724
3719
3718
746
5303
3854
4848
2125
2251
5167
427
3566
2486
9893
7150
6676
7516
3053
3248
868
4066
194
3160
6397
9516
7282
8387
6722
1409
6141
7468
1597
7616
912
9822
6872
2302
8067
8068
2048
4547
5668
7630
5429
7208
8296
5846
5847
1901
2888
2353
9604
8567
3306
4648
3
4265
8817
8983
4759
948
8204
9554
539
540
5560
6717
9055
9054
4401
4400
97
7013
9252
1653
4346
256
2816
5050
275
2008
6026
2557
9523
7018
2543
2910
1268
5044
5803
8312
9530
3588
5441
6199
7043
3327
6912
1992
5451
3173
1450
3640
6577
7513
1592
7914
1987
4117
6520
1571
2314
2662
5991
5495
3078
5909
5910
3081
5906
743
5995
456
309
5509
1928
7906
9860
2980
8783
1503
1504
2097
8268
9170
3937
2746
4995
8713
8714
9680
6400
6401
7920
2689
7209
7686
7876
2430
4736
1011
3796
4622
7571
301
7918
4449
3235
5389
3164
1188
1283
6457
6731
3903
1578
4297
7098
6102
6101
9936
1702
226
682
108
8032
9465
4244
7869
9813
2722
4083
3349
9329
5692
7256
8318
2386
6504
2594
2579
5086
6194
8033
7351
9239
3824
7478
1494
5888
4518
8811
5929
6617
5622
8378
2060
2059
4494
3318
6594
2447
9410
1860
123
2418
1815
8972
7978
8774
5482
7716
6106
168
3488
8242
1075
735
2110
2603
5703
5864
580
8056
834
4088
9582
3094
4130
1808
1923
8258
9584
5667
8466
9856
569
1853
5423
4243
4855
1668
5850
2451
1551
291
4998
5175
5174
7650
7651
7087
5048
2266
611
8768
2597
7140
1710
8661
7754
53
272
8560
3226
2137
9268
950
1241
9078
4782
6276
8552
5756
5700
2465
1976
1975
1558
2290
5364
2552
8102
1997
335
222
6919
9031
7321
7723
8173
6732
3987
8412
5345
7943
27
6071
2669
74
758
759
306
1024
3506
7756
1998
1938
2148
2149
2202
9853
9852
8006
328
3757
4919
11
1524
6816
6257
2870
1295
8683
1050
6217
4876
6271
8854
7482
6952
6951
7843
7971
374
2944
5520
8117
9233
4991
5316
5449
8256
3658
9015
9499
2078
2470
9620
2255
979
5408
6967
2936
5565
8314
4526
6599
2372
9993
3545
2640
8676
8327
8629
2263
3316
3979
8510
3451
8826
7171
3539
2157
9593
474
2366
7005
6636
2665
9945
1488
3362
714
9423
3630
460
9249
778
9101
7328
752
1757
8071
2537
4334
9204
7323
3159
1237
5768
7383
6125
1538
8361
6650
8222
5471
1208
8261
7926
627
712
9899
2104
1187
7352
3795
2403
3184
383
4760
6204
9596
81
6620
753
5277
5225
6846
4425
4258
7008
6982
8622
5941
3192
9316
9739
2586
1471
7064
842
843
3521
4509
1647
1648
5258
3661
9226
9389
7450
499
9437
3280
3279
7110
4756
4993
5634
2632
2023
7070
2964
5129
4549
4548
1474
424
2793
8960
2506
1028
1029
282
6302
2565
6971
7178
5973
857
5785
6375
2280
2134
8548
1564
4370
7101
8833
4982
8052
312
3967
2264
477
8642
2518
6029
9438
9595
8707
880
3948
4990
4899
5949
3105
8317
5109
193
1964
1963
4319
6392
4214
4213
7292
7088
4529
6406
6536
3195
4810
434
2878
9000
4646
865
6301
6300
4968
8908
2651
2652
9795
2962
6889
1927
8724
4545
9958
2845
8217
3582
3581
9878
6779
3364
5791
5790
924
7558
3258
6224
9628
9802
1204
8246
8185
9611
6191
6192
2923
587
9495
1527
5664
3873
6852
637
8678
883
3924
3514
3908
6758
1107
5671
8663
5869
1952
9592
8887
9250
9433
2092
2093
3523
2225
9236
2561
2560
6333
359
5525
388
387
8512
8511
3801
603
9187
653
6621
2551
9960
3645
5419
7227
7226
3732
3731
6371
6591
6590
9048
6942
1670
4235
7586
2914
9788
447
6882
9933
9932
8191
4562
4538
4539
1291
1293
3061
2740
8545
1644
5758
5939
5940
1248
8903
2982
703
563
562
564
3328
9390
2112
3608
6865
6669
3297
5446
7656
8005
2169
7817
1818
3992
6551
1336
5722
5800
9912
9911
2835
357
8357
2639
7105
8299
8964
3892
9904
6405
4983
991
9050
9051
5020
4741
2037
969
970
9519
215
9873
3997
4156
4272
1733
5753
5019
7272
2118
330
3603
9280
8648
8649
9227
8576
7010
3569
1682
9041
9042
1378
6747
7801
2325
77
9775
3049
1969
3152
3151
9834
6356
5576
8942
8944
3935
2481
4109
3170
3171
1418
9335
5618
773
9019
2683
9107
1824
5727
4591
428
6167
1306
3368
3369
6066
8522
5858
7481
9839
3001
3778
5382
9035
6903
3321
3064
442
964
7177
502
1424
6209
9430
3429
2859
9506
8475
1819
7310
2697
6478
469
2569
4636
7725
7724
7741
5737
9010
9608
5552
2688
4391
4392
2003
2512
3878
3879
3430
6706
6006
6007
1262
6032
6526
6525
7455
3872
370
1134
3334
3333
3126
1611
9884
9885
9155
9541
7093
1180
954
5202
8269
8542
860
5105
922
3763
3762
2572
4893
4054
1404
1405
1948
1767
6924
6925
7191
1087
3970
7267
2681
5151
6698
5783
2415
7220
7221
4339
5961
916
917
670
4687
1063
1621
504
1015
9494
2144
8407
8408
319
318
3902
5002
8905
1160
9136
3886
6841
1549
1548
7407
7147
1155
3577
3576
7159
1843
1254
5369
2775
3134
4019
8881
6764
7121
1584
8734
8733
1681
4435
5543
5544
6795
2932
3070
3071
5022
5021
6228
4761
7837
3497
694
5171
5170
8418
6227
3253
5338
6423
5964
5748
3076
3626
1568
7746
7977
9612
9060
4806
7537
6566
9690
169
5506
5508
9891
3827
1442
9485
5265
1910
1567
8397
8398
8766
4315
7921
8780
2948
2949
1554
7524
9419
3162
3161
8592
4655
8926
3008
3489
321
320
4746
69
9079
2067
2411
1523
8094
1427
4417
7274
7273
7436
1688
1689
3057
6532
7304
8037
8035
2680
889
9491
9492
5180
548
1535
1534
3785
5085
3844
9180
5007
6637
599
8165
7691
8126
2043
5867
5868
9320
7137
7136
1183
4890
8717
8843
3692
6357
9548
2511
2708
4356
7599
1001
2315
547
2375
2374
9285
9634
6602
9791
513
2983
1175
582
581
6118
2659
7600
9026
9027
3533
4665
1164
1278
2237
2236
6682
1457
6565
7459
7684
7361
2219
2218
6316
6315
2523
2524
3141
1165
792
5214
105
6995
8740
9333
7380
7433
7702
7015
7014
2645
4885
9707
9708
4695
3342
8257
175
173
1978
4470
5568
4610
4684
4685
8157
5648
8631
8864
8863
4961
2283
2284
3041
5650
5601
1849
5009
5008
4977
144
6545
5433
8428
4285
6261
1802
4314
8857
3309
3310
2016
3201
6238
1127
1734
3420
8015
5292
5806
4913
4428
6104
6105
605
7284
1281
3444
3199
7775
1178
1179
3268
3267
1780
4544
6150
4947
2712
2713
9383
9382
8793
8792
2083
4932
6220
673
674
5817
5818
6820
9057
7989
5465
5837
7411
7939
9444
8835
9274
5016
5881
4530
2976
9664
689
690
7441
7017
8368
8369
8916
8915
3359
2797
2798
7895
6234
1020
2826
2906
9736
2017
6335
9393
8530
2582
286
2030
2029
5162
5856
1977
5056
6250
1131
4863
8516
8517
5899
5900
8967
164
9606
9605
4788
6541
7504
5884
2620
4787
1323
1322
2650
8070
6721
6827
6826
1786
1959
6337
594
5857
5223
5224
2339
7582
7581
8845
4828
4827
2563
2564
7004
608
3519
3520
5586
8352
1599
7994
7993
5290
5291
7472
3212
3211
2448
1915
3529
3178
7529
3091
1066
5283
4415
4416
9168
1314
4277
5476
54
8272
5932
5931
850
849
1174
6980
6981
1267
9351
6678
6677
3177
3477
7329
4321
2253
2254
5498
8749
8750
7886
6945
6946
7714
554
5397
6046
7230
3681
3682
838
8601
7357
8637
297
8636
5642
9213
9212
34
5711
5712
8625
3097
1037
1545
1546
4340
8308
6043
441
244
9809
1120
5514
9549
263
7770
7403
6085
6084
3746
3747
9126
6660
2782
1891
1890
2672
5335
1145
1147
8937
8936
8693
825
824
789
8480
7162
2692
8673
7795
5718
9110
7637
3515
3217
7262
2684
7237
9399
9400
4424
6269
6270
6054
6976
6975
4383
4384
2317
6310
407
406
5264
6701
6702
7666
1094
7092
2957
2958
5944
453
454
5443
4006
4007
1828
1829
9935
13
2863
2862
7659
5921
5920
4791
930
3926
1663
9466
2492
7910
2247
2246
9223
67
929
6757
1351
3125
2589
9914
6593
1002
657
658
1685
3727
3726
1182
3261
6351
6350
7856
2529
2530
1501
2410
888
701
6243
1376
2221
4252
4251
8044
8043
687
686
503
6970
2419
8869
7293
5070
2767
9566
430
5041
2533
9283
4044
7169
4650
6789
1676
354
355
5684
8770
112
6923
962
963
913
199
9319
9318
5641
2107
4138
9191
9767
44
5745
3712
1224
5625
1243
2667
5462
5461
9172
1411
3619
7996
6467
92
3675
3676
9940
8018
278
4871
1560
1559
9633
8280
245
2342
2341
8550
8551
559
560
8948
3191
6916
6917
1062
61
794
8266
8267
2554
2553
2129
2130
1211
4644
4645
4643
3955
3956
33
4183
9574
3020
8139
7059
5244
6120
3907
6683
6506
6507
7687
8506
1170
3458
3366
3367
1437
2570
6911
4159
1628
1627
1629
4223
4222
2035
4850
4849
2901
5981
5980
1444
1443
2762
5403
5793
5794
3271
7573
3322
6015
1046
4755
4158
2759
9245
6728
6727
3542
3543
41
9811
419
2193
2192
6369
4599
996
9262
1070
1485
1486
8064
6775
9756
9671
906
905
475
2205
1310
9658
9659
803
3609
2384
9976
7612
4667
6476
3951
837
7399
8987
5328
4121
5862
7040
7041
4504
6989
6988
1609
4376
95
96
378
380
679
680
5583
2242
1930
8065
8066
8133
8132
6533
2399
8196
516
2392
4471
558
3715
3696
3697
766
767
840
841
6899
1113
1112
2178
120
8795
9063
7229
4635
4004
4005
3753
2903
2904
6242
8305
7416
5118
5119
3272
5317
4614
2801
2802
9081
9082
5653
4792
1257
1256
9014
9368
2647
2646
7885
5937
5936
4037
4038
8931
5156
5155
6799
6283
6284
2757
2758
3340
9113
9115
2159
2273
2271
7825
6608
3787
1433
1080
2311
5967
367
5724
5725
415
873
3480
9902
9903
727
726
8152
3743
6464
9551
4458
4457
436
435
9812
9828
9829
9827
3437
6699
9375
9133
1580
1090
1089
6134
4176
7373
7374
2188
6743
8921
8922
8815
7295
7296
1005
1855
5297
3930
8351
274
7213
5885
8674
9722
5607
4902
2921
877
7703
6022
1193
2540
5605
7791
7792
3716
3555
7045
7044
591
4496
8443
5742
3590
3589
3721
1911
1370
6984
4819
5943
5639
5229
5230
2122
2123
8679
9412
1778
1777
4531
3705
1886
5113
9773
9774
3255
6376
8808
30
29
9637
4011
3435
6264
8263
5241
5239
8348
1469
2024
9362
3954
1244
9738
8737
8738
2081
2082
2363
9011
3060
9662
9661
109
1896
2379
3021
6492
7190
2241
7398
7577
4910
5811
5810
6219
7151
646
647
4732
584
583
5614
6438
6439
6437
9182
614
3775
5829
6019
1275
5840
750
751
4199
2628
8526
2257
2258
9989
8544
2102
2101
4682
4683
7854
7855
7853
2768
9073
8668
9056
8238
7510
8219
8218
8336
7316
1742
9291
2476
4153
7823
5717
6231
2991
9163
8011
8604
8603
1401
1400
3517
3516
2316
9159
8755
3357
3356
6471
6473
8433
8430
7677
7678
7590
7589
2069
6770
8231
8230
6354
6355
4714
4715
8085
6064
4879
4878
9843
2438
103
5480
8341
2971
6165
6164
137
9557
9556
6138
6139
6763
7551
7550
9343
8809
7118
6618
9622
9621
993
6363
1078
1077
3913
6814
6813
6154
8454
3028
3029
3788
5065
5064
8837
8836
4934
1638
1640
6124
3351
8392
4309
4608
5186
9510
351
4592
7069
2393
4951
4952
6323
6324
8236
4294
7752
4946
1989
1990
1725
1726
6736
4704
4702
3594
3593
3900
3899
3901
5059
1057
2741
2329
2330
4734
4733
6340
7916
7915
830
829
3917
3166
9324
9325
6419
8202
8201
1665
1666
4997
7002
7001
7003
7034
7033
79
78
9525
9526
3275
5163
1338
1339
238
7078
7079
7938
6077
6076
7765
2106
70
3706
2963
1381
4336
3914
9640
2293
8799
1958
6992
2423
50
7627
7946
7947
4821
4822
6347
6348
7902
7901
3425
3426
1518
5400
5399
8293
6280
6477
2468
2469
8282
8281
859
1384
4359
4360
5662
5663
8104
8103
607
366
253
6293
384
3479
5172
1704
952
451
1289
9504
8819
8372
8373
8371
981
8940
8941
1303
3781
4519
3303
3304
3180
2677
