7146
9339
143
3489
3350
8585
9063
6723
5739
6771
726
2251
9412
4322
6964
5093
7648
1871
2548
9783
8483
2013
9549
67
4102
6571
2271
8127
1851
6172
4253
8758
2403
7124
3031
1508
5346
825
4060
5843
1024
1276
5250
9375
1299
5143
5673
1967
478
3187
8603
7898
5383
9700
1546
2944
9703
3550
6455
6538
8631
9256
9627
2962
2808
8634
2199
2599
7719
372
8704
9414
2354
3266
3572
6872
9939
1026
6179
920
5290
2995
3478
6443
8155
9532
111
6990
8875
2872
3987
8395
3889
8094
8576
4805
89
1399
2924
2031
4778
6748
425
9315
1414
6682
2494
7192
6205
6426
6909
8880
6834
7580
629
1889
7402
638
7934
7988
7373
8494
898
8345
8931
117
696
4671
1126
2645
5588
9417
1256
6236
7633
9006
9119
5913
6297
6108
733
2606
3861
1996
8648
5123
9775
4301
5500
2099
7366
2754
5287
6978
8182
1835
3783
6675
5570
4085
8296
7276
5190
5313
7583
9922
5584
3955
7985
9644
6351
2794
3720
8375
2470
6089
8416
6881
8200
9804
6819
8265
9425
5849
2763
6937
9691
5717
8963
587
894
3126
5344
7482
1189
3714
7976
9880
8643
4765
9813
94
873
1374
4801
4832
6468
8305
2908
6017
9553
8338
1804
1926
8348
503
930
6379
1759
4353
4280
6514
5461
6855
1638
363
56
3665
5000
5819
3604
4318
2065
3413
1576
8791
4249
6767
499
7324
307
8244
8716
3661
2972
4823
6283
1879
6713
9043
331
4215
7241
9028
3625
6618
174
9786
806
1222
4720
6628
6820
5258
8267
2111
6635
8522
488
2487
6994
2427
2439
2341
1981
1171
3852
5924
4513
9184
519
6901
5764
6263
6692
1766
7008
9843
5068
7051
2752
8505
1613
178
763
7359
7404
4433
7877
481
1264
3406
5284
5902
7558
8582
8747
9435
4251
9701
2285
7785
1959
3347
4371
5788
9836
9930
5361
6656
6146
8382
864
4483
7173
9762
4406
8098
3136
4355
5987
2580
8347
7551
8012
7531
1400
2755
8466
1735
7449
8104
9659
9664
1661
3250
8647
5885
8561
3671
7237
9220
4741
7811
3568
8701
51
3618
2639
644
369
8073
617
6507
9087
1263
7288
1801
6494
4615
2178
2946
754
4043
5360
1731
6144
8016
3008
6626
8263
2571
9868
7707
3709
8513
969
9143
3178
6374
4651
1667
7216
9505
9898
9266
173
8132
1093
3589
1869
2422
6824
7045
5049
5567
6452
8378
7603
8830
339
4263
7262
2560
620
4932
1347
9726
6765
9925
731
985
1647
4456
7315
9388
2350
8174
3959
3592
2517
9168
9830
6684
6058
5338
2086
8362
1674
739
4493
4002
6069
7246
2398
9993
8184
5209
4947
5615
9878
3416
883
4713
1811
3926
6629
7611
181
7642
7690
779
4480
2582
5305
8188
1946
6343
8554
4276
8479
1429
3108
1372
8498
4062
5688
4286
6758
6308
8737
2287
1894
5542
8660
8691
2023
1427
1990
5865
1176
1237
3114
1589
5262
2725
4007
6952
1468
1179
6036
444
1226
649
6991
6835
2329
3398
4903
8628
6386
8330
9354
1825
2332
7698
8668
904
6667
7858
1671
9216
7436
950
9075
8620
8699
48
3474
2742
9259
900
492
1500
6857
642
3679
3942
2444
4754
8068
3085
5038
5229
1408
1752
7267
7851
9807
786
1504
5663
4101
9583
8911
3687
1061
3901
7370
860
2142
6955
1456
4881
3905
7912
9904
837
154
7188
1721
9292
7793
9294
5956
205
2357
9163
7484
4998
1845
2790
133
283
2678
3684
5367
7229
39
3344
3770
5350
4866
2654
8610
6755
7069
2228
2912
4798
3374
679
4312
7087
7675
8292
1328
7181
6294
7486
4472
4552
9841
7607
3389
9603
1369
4284
848
3325
3321
3689
2214
8723
3484
695
1884
6633
8027
6644
9152
9254
4137
4174
5807
9080
6358
6774
3468
5169
5408
1005
2952
2440
5576
5774
589
7781
8046
2432
8076
6167
9464
8852
319
2857
5851
9844
9060
1108
8892
9373
9436
409
7041
275
3511
2948
2363
1571
4858
2738
3455
4365
105
8277
7024
4109
6249
4909
8641
5659
3486
446
4566
5934
6290
8090
8994
3629
8147
6275
9429
2745
1807
8944
6854
8922
2061
2282
4722
7925
3865
2712
3476
8319
2124
4226
6237
9642
8773
9374
2419
5599
6315
1550
4707
8748
9177
3594
536
1218
4104
418
2701
8683
3234
5321
8468
2869
3208
4708
1646
5304
4593
5109
2037
6246
1163
5955
6972
9530
451
5057
8086
544
8742
7670
8037
37
7681
2150
3414
4831
2900
4517
4627
5010
345
1188
9026
7957
2249
3070
5003
9482
95
246
3711
3893
6911
6746
9455
1693
2726
4441
2257
6926
948
3422
9614
937
1886
7224
1823
3988
6510
8353
3279
4417
7300
9323
1343
9513
1599
9872
1277
1558
1622
6650
4697
5181
9934
3969
3151
3015
8890
2128
7709
4528
5029
288
8091
8252
4691
8409
1726
5472
7226
4289
4877
4871
7273
83
6437
6120
7272
812
1460
6999
2595
9406
1954
2430
2830
3164
4436
1821
8161
8819
5136
9432
1539
3021
7684
8034
8326
8839
2542
4464
4243
9331
1148
6577
8129
2002
924
6785
9366
2138
7488
333
423
6957
3403
6474
4893
7659
6733
6330
4926
2050
3891
4607
2526
6018
8291
609
539
2959
6512
7948
8297
7891
406
3630
9997
4940
5686
7542
7900
3201
5896
2154
6555
2268
6178
2660
3697
5612
309
3787
1034
3978
137
5509
1584
1687
3240
9439
801
3479
975
3710
6185
9106
5044
3378
7218
8078
3338
9447
773
2426
7762
9777
5498
8687
556
4183
2662
6784
8757
5288
7503
1015
9103
5130
4175
3292
783
9503
9847
1430
4536
940
7673
9495
4332
6151
8581
538
4672
2985
9171
4011
1562
8452
9955
2202
9268
2472
2856
6450
6726
7166
6254
6895
88
9985
2880
3466
5404
7935
7947
5447
5825
529
4744
523
2076
6612
1418
799
6491
5096
7254
7445
3755
7975
6091
9281
9431
2345
8869
630
1174
7609
3305
1903
9752
1936
3764
3535
171
1052
4038
4116
7724
7703
677
2447
7329
8645
1309
8802
6322
4523
9078
2816
6502
8898
6903
7882
9858
4168
7249
8339
8531
3219
593
954
1123
5207
7941
6757
2079
6481
5678
1119
1941
870
6752
8824
9669
3573
2264
4681
5393
6219
6967
2399
7651
2633
3001
4129
5750
7306
5789
3193
9913
4488
9548
1394
5051
816
1198
9988
8336
3216
3729
5324
6830
5369
8588
6360
4787
8501
2144
7819
1840
2176
5668
3748
910
8404
9046
9501
300
2927
8915
2665
6418
4968
9632
8649
9801
4014
4217
4799
7499
8929
9231
4518
4773
5802
386
977
6976
4135
3825
8018
3128
6687
3087
5027
7788
2728
6886
5540
5541
1060
7067
7930
1235
7002
9310
7394
7756
357
6357
2650
5462
8420
8410
4524
3719
6536
1607
2530
6191
2108
1602
2482
4748
5413
3142
6038
5279
897
8775
1516
6368
6956
4807
8809
1957
1958
5320
177
4325
4961
7309
4468
5264
1491
9660
8070
9662
8787
6391
6594
1158
2095
6477
1746
5947
6847
7932
5920
4214
7289
8653
1514
8655
803
9528
1617
4770
5120
30
4189
8470
972
3732
8868
5062
5023
7714
1803
1392
2589
3772
5757
5481
5117
3934
5594
3515
1193
5298
7459
9965
4704
5972
7035
5053
5477
993
6504
3606
7640
9116
8208
9100
2767
1362
4811
1209
9907
8721
3677
5115
6064
8239
9586
4392
4383
6590
4063
6891
2787
9452
9313
4165
5046
3172
3538
5899
215
4199
6061
5963
4380
7206
9564
4374
38
1860
74
8183
9288
7055
9445
2242
9222
4889
6615
5410
8113
3397
9849
2515
2891
1304
4757
5780
635
9393
189
2729
6071
3951
4911
6940
6077
8979
6210
7116
1907
5759
8192
5558
3107
6153
9358
4852
9309
688
6843
9218
7193
8622
4725
6335
3006
4856
9324
7626
2714
9489
7829
2197
2198
2011
130
1691
1895
1352
1292
5631
1511
2750
5127
8968
5311
8204
1359
8482
8684
4412
1912
287
7186
3648
8768
5867
5875
6548
3319
8112
8438
6420
9235
6731
7214
7722
6384
8938
9963
2300
3364
1142
4376
5794
9525
7398
1739
2697
3445
6140
5597
5154
7683
818
6171
236
1892
2043
4543
595
9690
5505
7295
8465
3541
8720
6678
1658
980
145
6365
946
9983
5502
5613
3327
3647
7308
5729
8989
728
2819
9870
2576
5610
1022
2511
5224
836
3392
5716
6016
5479
7266
766
3313
2696
9274
6388
8351
493
4428
7286
7028
1049
8218
9602
6033
9093
535
2648
8674
9879
1340
1977
4288
7460
8168
6918
5837
2024
2886
3705
5696
7123
2059
4963
7042
3171
103
8942
78
1601
3907
4125
9022
1290
662
6142
8321
2837
3928
5800
1114
3284
5240
2520
3527
1611
5564
6381
1208
777
6196
7991
1853
5816
9809
2699
1003
7996
9355
5428
9389
856
1764
4340
7392
4028
3459
9335
2127
3565
5238
7661
5160
3682
8601
6553
5891
2926
1383
1501
5695
550
624
3707
7222
7578
8213
1057
496
5101
7576
7577
3112
2116
5099
6985
8612
8800
6422
3725
7111
1820
4540
7665
3828
3437
895
6314
8827
1857
7759
1240
2921
2873
9608
1076
3600
6795
9928
2534
2497
298
7411
4603
5537
8461
7645
5381
3223
5918
6220
5150
789
1106
4118
458
1464
6325
4362
5033
5435
8442
5778
8508
9234
3260
5077
5547
1615
7496
5083
1243
3146
9013
9526
1535
5363
5872
6101
9796
9886
693
1136
1875
4590
2685
7784
627
8373
4300
2096
5929
8626
8710
4683
6498
1998
1997
8376
833
1116
2307
8590
5915
5914
4382
168
6303
6875
5720
3438
3855
4898
5231
4281
851
7375
5687
6791
4091
7321
7400
4542
6599
8266
9187
1074
3691
2795
9097
8991
655
4305
4795
9942
3257
8199
8672
705
1145
6913
3110
3612
4654
9769
1012
6271
3758
4093
1680
1865
1335
8440
8984
2156
7076
7201
1697
5546
5671
184
5205
1030
2611
4403
2778
3371
2759
8393
367
3797
6716
7911
8895
3097
4142
7594
1045
4636
5456
8860
6916
6917
9453
9833
718
3586
107
3947
8307
4065
3807
9129
8154
966
9510
1446
785
6176
2554
2027
8925
4650
7360
2456
6879
6866
918
4548
3181
3876
6988
6989
3018
6149
7155
3039
4088
4389
3163
4113
3610
324
9678
7699
9940
3447
1973
3765
5242
8081
371
2091
8855
460
1151
9914
2194
4326
1917
9378
1677
2379
7232
6051
482
1909
1386
5192
2230
4364
6014
5566
3356
5005
6526
8355
4422
8575
8228
26
2485
4942
3841
285
337
3945
4689
560
1069
4049
8258
4965
6212
2737
6252
6295
2222
2853
758
4078
846
6849
590
1989
697
615
5274
9263
3741
2305
3810
7129
2859
5938
1639
4774
5922
3750
9789
7007
769
2210
543
6338
8008
3221
666
7516
4999
24
4839
8259
4971
9533
9556
9559
2849
7345
9883
6385
7854
9785
6198
8316
20
6892
2206
2575
1780
1855
9251
1833
7843
689
598
6281
6282
5329
7917
2056
2040
7178
8080
304
622
4096
7470
1377
9385
139
3834
6574
4197
6207
7339
1483
6416
660
4594
3544
7504
486
8164
5798
6828
562
60
3044
5382
7733
2063
506
8519
9196
6165
5925
6974
4687
6631
4398
4933
7318
3643
7018
7175
8804
1064
7998
3520
8313
1586
3394
6180
8681
9626
571
5637
3212
8658
5309
7568
3122
8207
8071
5660
5604
5862
355
2551
9487
465
5725
5974
760
2533
6301
4486
5617
7058
8982
8983
1281
9598
7063
8273
7688
2401
5736
6582
8971
8549
606
8166
8088
1297
3092
6182
8038
3449
3896
2867
6490
8138
4629
3375
1476
3494
9767
740
3310
5268
8878
9657
7770
5233
4515
7584
6242
6259
2904
8703
9247
8019
9566
4737
1786
509
2416
6135
6286
9735
4394
6932
907
5336
8384
2491
5804
8605
4644
4785
7383
1381
1828
6905
6920
9162
7549
1969
2814
258
1832
9404
1453
8486
6400
8794
3010
5772
6462
7061
7062
4719
5973
8714
6003
7205
4575
4476
9893
6484
3166
9131
5058
8975
1268
9240
4842
1864
8142
4675
5426
5709
455
9595
9408
6949
4258
5608
6960
8752
5864
2735
182
645
4936
526
927
3492
5417
8950
251
2504
3738
2751
6704
6813
7283
1736
2211
5713
3949
1081
4952
2987
6194
7711
834
8134
1247
8032
9823
2261
4534
98
7083
5386
9828
3735
7030
1497
4172
5339
3563
675
3124
9145
4045
2133
9822
4848
5648
3203
8189
8616
9688
4925
9245
5217
4351
7848
3009
6559
2973
1172
5810
5176
8957
8739
9991
7678
8042
1785
293
2557
3991
4702
7169
437
1140
995
1547
3098
1154
8477
4110
8156
2811
4209
8145
2295
7855
8885
1084
211
4378
7388
3640
3188
9606
6024
1839
3025
3014
6072
5812
6787
6786
7598
354
8567
691
5654
6331
1409
576
8241
8240
8669
9206
5582
1729
8769
960
2980
6662
9153
2366
3470
4314
4313
3281
5197
2587
3274
6939
2238
2462
1466
1465
4734
8261
2266
2267
6007
7525
9461
5276
7109
147
2502
6697
4646
7804
8882
2208
6075
8045
7191
8250
8234
1462
1757
5530
1396
4781
1773
7297
6728
968
7741
673
2522
3897
4621
5219
1779
6084
448
4854
4310
2604
821
8458
142
5131
8488
4677
6653
9141
9142
4562
7808
473
1254
7079
1047
1048
1086
2318
3983
6745
6762
2140
4930
5574
2631
842
9209
9229
990
2166
6113
7691
4269
6461
8639
531
3818
8864
6032
5187
3753
4598
4711
3623
6081
6439
9007
6614
2135
2134
4465
6661
9411
2190
9536
2396
4143
4208
933
8662
5984
6810
9944
125
4152
7894
5532
3050
5940
6397
263
7987
209
6822
8441
2360
7100
1320
2774
3656
565
998
8141
5981
3960
7945
7589
3911
1595
1018
2313
7889
1791
4360
581
8904
4732
419
8051
9030
9042
163
7842
724
1635
7799
2123
2191
9350
4020
9422
8370
651
1033
9579
1518
5494
1621
9368
3075
9540
2691
5080
5433
3581
3168
8284
9225
2894
3868
4756
9137
8001
3723
5602
711
3080
7073
8119
7364
3892
1435
8965
8724
47
3956
8366
5441
1317
3233
2988
244
552
8247
5450
9708
9092
2780
8437
3980
3979
4977
5047
5833
2601
5998
69
3295
3580
5257
6403
8771
3518
2716
2474
601
793
2536
5236
1028
5
6651
1411
3209
8280
3042
9237
2567
4759
912
3384
6537
6079
6080
7717
7718
7832
6298
2603
6395
6966
2385
8664
8728
3477
4623
2029
2028
1992
2209
5171
5937
4845
3037
6228
3180
5857
8223
2068
6404
2413
8733
7616
7960
1755
9269
2489
2488
901
659
1289
5332
5701
4425
1484
3252
2358
4131
9825
5055
5767
6859
1891
4633
8380
6333
6332
9483
2245
3525
3509
3543
7915
196
5549
5879
7317
9191
3912
9966
4177
2248
5401
4880
7259
772
5745
2540
4220
6499
4974
2232
7943
6453
3937
2054
5705
8224
8398
8608
3062
8535
8514
1890
2846
2185
7481
8546
1559
9856
6157
9194
8594
5164
5438
3418
5078
5884
3047
6899
2931
2596
3930
4260
2162
3634
2069
5066
7311
8463
1099
6131
2797
7327
4735
5783
7021
7115
1573
9491
794
5134
4449
5387
8823
4015
9169
428
5184
4275
5763
7012
8912
9147
4453
9181
233
6877
2762
7313
1178
6803
1300
5389
2608
4402
545
3308
4611
2562
4247
3401
4797
5399
7881
3853
5252
5485
5468
1043
1044
1578
3519
8065
8029
9440
1219
4193
5643
5512
9058
4659
9074
1390
8798
1344
6642
6643
3795
3830
6721
7422
8066
9340
2450
8368
8367
7845
4951
4853
4657
6729
8782
6087
3694
3595
6169
708
6435
4184
2217
9400
218
1356
9920
9921
5013
4618
891
2789
3813
3316
7777
8948
2688
8988
5050
8842
7862
2888
5959
2376
4163
28
2278
6541
4229
8914
4668
1593
7836
9172
2655
3299
7749
6740
9518
3938
1767
3843
7634
5301
1139
2292
5907
7444
1161
52
4161
7657
8551
5064
5065
9044
7221
1367
1368
4743
6605
2836
4297
3372
5168
9126
5125
415
2831
3557
7011
5771
5371
5370
1905
1904
7540
9975
7927
722
723
7408
4504
4789
5333
6372
3496
9716
2897
5343
8834
4571
7518
4500
3577
8923
8936
3831
5496
8762
868
7653
6845
3950
1249
1806
3779
2148
8715
3734
2928
732
9156
9973
2983
4895
6289
7905
957
1168
3288
9778
1488
7448
4352
5760
3254
5782
2323
8846
8004
2073
2939
6487
6603
1699
5711
6122
4660
7161
640
922
923
241
2220
2919
7139
6657
3925
4761
1604
6816
8402
9521
6547
5465
1284
7026
7025
7964
8876
7162
7532
3349
4442
394
5726
1001
9415
2410
8580
4613
9902
1770
1897
3702
4056
8287
9009
9008
942
2216
7529
6410
2006
4992
8511
8759
9649
854
7538
1450
9577
2391
6464
7140
4270
6584
8341
585
8021
3690
1441
3804
6580
8777
7870
9721
5847
8364
2317
8006
2717
8232
8632
1619
6811
389
3560
3524
6445
2188
3673
7899
781
7872
4920
9277
5375
201
8920
6037
533
3837
8196
8220
6134
7814
7792
6430
1420
1419
8024
321
4013
3382
3383
1054
3443
417
7761
8328
2890
4948
9978
3909
813
3760
398
4739
5110
1082
5839
296
4544
1748
9645
1591
2179
6929
1924
5490
1339
6040
4606
1529
3105
3224
4369
4370
453
4705
4134
4170
6897
6896
3068
8390
9071
2406
7435
1919
1918
6801
3883
8886
9952
7560
7559
4457
8125
475
6454
441
7049
7597
8600
8451
3119
5260
397
1068
7544
9214
1185
1713
9166
7244
7245
4124
1800
9668
8100
5106
2105
150
170
6564
962
1553
350
9321
4273
6838
8689
2883
5088
2518
3529
6268
6341
9158
8953
9356
4625
5989
3077
7593
756
65
9095
5213
6927
5870
6119
8294
1817
4074
8843
518
3931
3278
4891
4158
5196
119
118
3020
4913
984
6942
1663
7380
5932
8609
5743
9675
1524
2007
2825
9290
9025
9763
5579
6231
3431
6852
7258
8299
1579
823
824
8960
462
1259
1644
6930
5419
378
9319
9706
1937
1302
9704
7255
4993
6798
1066
6969
3873
81
7136
7820
1532
8050
8331
213
1952
1953
1387
4296
6100
6424
5753
1232
4239
8054
7490
7489
7556
2342
5991
9296
4191
8445
9908
1694
788
3598
5629
5630
8697
8698
4477
1664
6493
9865
3899
3898
4585
6216
4278
7954
1927
3502
2865
9617
2842
7508
9741
1826
328
7623
471
4145
1008
1216
1217
5526
9494
186
6996
2298
8816
7442
3846
5221
194
8446
1091
6683
6871
2687
7009
332
8564
4996
4997
9062
7735
9118
6029
5312
1323
5464
9850
5561
3940
1750
3424
6350
3387
1063
5364
4153
7839
2275
6199
2564
4941
5952
9793
737
1078
9574
4460
2514
2876
4292
1642
6936
7938
6373
8538
3334
2990
2617
2369
4009
6255
1348
2107
2118
2117
1274
1275
1471
9561
4665
1229
3473
4073
5977
6696
8831
1413
7553
7726
1988
7414
9842
7425
8909
476
5731
9079
1200
5166
6627
2915
7302
8749
4121
9498
2315
8290
3814
4329
9932
8525
528
4510
2695
457
2614
5226
9544
1020
7501
7502
4582
7457
1725
8939
7420
1102
1239
469
6111
3699
3698
6021
9596
3060
3061
6592
3533
4701
715
1307
3839
7674
4573
7210
9905
685
2060
3235
32
31
9099
8495
3082
7332
9748
6105
2828
3202
2634
2632
2159
9744
4904
8902
6776
6775
3800
7102
6327
2806
7745
5622
6376
6375
8945
7056
3963
7910
8849
1512
875
3863
3862
6117
9672
2263
1403
8303
358
1706
8480
4863
2145
8282
9463
3198
9047
7754
8359
915
5294
7263
2042
4337
2495
1211
4005
3971
4945
360
5060
5059
1331
7565
6412
6804
4330
6749
3745
4709
4052
7352
5513
561
7813
8924
3229
6145
9004
4876
4641
5349
3174
3173
5829
1051
5396
8661
7107
871
6311
5357
7789
8102
7825
8541
1901
1902
5996
3487
3801
2424
3226
3916
4917
8796
810
5734
6239
859
1124
1186
3358
1214
5893
3994
384
7281
5215
6516
9067
3457
3458
4923
9680
827
4114
7016
2429
6362
653
654
2992
981
1037
1244
5824
4342
9989
4408
68
3461
3460
9781
7990
5175
2975
4766
5034
8333
2347
6680
7071
9999
267
450
9050
4791
4988
8060
1698
752
1715
4256
4257
2
6842
6769
9159
8858
5289
5418
9085
9798
9797
9896
3660
623
8671
2000
4344
3312
5402
8122
7033
5191
5244
5243
7706
3192
5437
5508
2664
7562
1443
1442
2201
2200
2909
316
4578
3361
1554
9684
6718
6717
9379
7468
9860
9938
5889
5890
8059
6759
7982
4883
9371
9802
7950
3715
7650
5818
9477
6026
8429
2235
8835
3777
220
9639
335
5900
7386
8216
2436
8772
6980
8617
2260
6621
3681
8401
8473
9370
7963
1707
8117
9958
2033
123
8311
9123
3786
610
9730
2682
709
4808
4358
4359
1964
4868
3363
8377
5650
5355
3619
5868
567
797
9846
5905
7866
3886
9
5575
9976
6346
5657
5658
8083
8179
8614
8613
7227
9427
7512
8905
945
7830
22
5070
3615
9305
775
774
6203
6204
4717
5352
7151
9697
5645
3088
9867
2866
4410
8545
2252
3434
1506
6766
9693
1543
6067
3391
8177
1111
6779
4530
4529
2963
1702
3053
1312
2537
7418
7419
1039
1038
5707
830
1847
6055
7581
4216
5317
555
5927
5926
3737
4413
431
3100
7089
8993
6986
6987
7797
9109
3591
6702
7118
7117
7779
3790
268
892
2661
8317
4959
3273
57
3774
1305
3148
4445
3953
351
115
5638
1788
9291
2336
5118
156
7182
5910
7874
4772
8484
7472
7879
7880
9182
5715
4031
5326
1624
1623
9888
9469
1738
664
6380
5821
3970
6479
3781
3782
4447
4448
6161
5586
2845
6666
936
4282
2649
9994
1651
7552
2022
2641
8324
8325
278
9113
4234
6884
5721
3575
3574
9727
2383
2384
3032
1425
1426
7802
9128
3409
5158
5040
1986
2747
7737
939
4525
573
572
1565
7208
7207
9876
7822
6238
1630
7282
1742
1627
1164
8524
5373
8423
92
3654
8534
9568
2822
8629
8630
6471
4061
4750
5090
2340
7344
7980
547
8136
8135
512
4946
7270
9931
4560
5454
4050
7923
7924
497
5445
819
817
986
6567
9282
7492
317
7005
9736
342
5954
6868
7294
7126
7730
1976
2702
4451
4452
231
2957
9176
5534
6441
3161
3162
4599
702
2607
1676
8755
9083
1881
6060
9589
135
1287
4699
6414
2875
2874
7215
8812
3156
7080
4983
6093
9040
2674
7355
1534
6888
9334
2783
1322
3005
5153
9382
5842
976
3481
3480
9303
1610
8934
9227
9226
338
6690
7376
6189
305
1880
9068
1732
4676
9565
9186
4081
1433
4901
4902
9257
6233
1326
4058
6862
3849
6995
5831
1653
949
8
3303
1121
1405
1404
6513
7995
2640
2956
9135
1682
6442
2622
9345
5551
6309
1013
3435
9935
1931
2704
7816
9115
8406
5016
2465
3247
4727
5451
1469
1255
4004
7292
4850
4851
3605
2565
5854
9750
4272
6279
2731
3196
7725
2709
6011
2408
6688
191
9383
5769
9029
3564
8999
7908
2182
3669
34
7304
6551
591
5624
9466
1961
1960
4813
225
5809
4496
3024
4827
7766
2528
6836
9273
2570
849
9478
4715
9051
4498
4730
4731
9732
8433
3713
5015
9619
7614
3428
9635
6531
5488
8596
4025
7837
6432
9199
4955
7517
7323
8973
6907
7847
8231
3282
2457
744
9552
8695
8350
6534
6535
6883
1271
3627
3628
9212
6139
9394
686
3141
433
2978
4779
9652
4908
3602
4546
4547
5971
7620
9611
4156
4157
8096
8097
5835
5834
4804
313
5296
5882
6250
3651
2375
4385
4384
7086
3632
3633
6127
7239
7465
7773
8570
3256
2824
3336
5916
3588
8227
2393
4181
4182
2933
9609
5222
3555
7092
8820
9585
3974
5072
8193
8245
5141
2637
9437
1458
1459
443
445
1294
1293
5506
3244
248
5755
5756
2003
4047
4048
4749
2863
5340
9264
3022
6739
1843
1844
5492
9523
9524
2130
2129
2223
826
8056
8055
1090
392
195
9253
7112
4066
3207
134
158
157
1266
5522
1526
5351
8810
9949
4420
4421
4070
4648
9571
7949
2297
9654
2320
3923
9179
9180
6369
1095
3903
3902
9458
2181
8087
2968
9873
7682
5430
9615
3239
1207
6214
2748
7806
8005
4195
7453
5019
9329
3463
5467
2213
2215
5545
18
9473
9917
9398
9399
7511
3816
3815
1177
3658
2578
6260
3462
310
953
9751
1361
6523
2782
9817
1391
1378
4662
7158
668
667
3984
7065
2700
9592
3432
5392
6317
9017
5529
8014
8013
5178
9673
271
6572
4427
6610
6611
8412
8411
6475
5960
8955
8956
3769
1944
5909
7401
1633
1634
4874
4875
8826
5669
4508
3996
713
712
2786
9018
3227
6560
4319
5104
1495
1496
5155
1971
1970
4835
6982
3027
9020
880
9984
9910
7671
8475
8476
427
84
2373
2374
9582
4108
2947
5030
6457
3998
8152
8153
4244
9033
8797
9104
5861
8927
8926
4869
2459
7693
7692
1949
6924
6925
2724
7929
1656
1837
1836
1838
4080
886
8448
765
5247
6563
4099
41
40
5086
8388
3147
1262
8552
4086
2720
5140
6488
9863
2443
2506
5227
6000
8082
6968
9405
3269
4224
6041
7098
6057
5074
2965
3052
9838
2758
5635
6912
1675
8025
9572
2938
7171
7170
4740
3637
1686
5665
5664
2807
5203
3703
750
3276
3275
343
8278
5942
1196
1197
1810
5519
3653
2302
7723
4596
4595
5237
9758
647
646
1798
1799
3452
387
2870
7869
906
2591
2590
6223
1129
63
292
2170
8176
5523
6544
8271
8015
203
204
3821
7632
7432
5592
5593
3135
1711
4036
4037
3545
5471
1756
1438
4162
8803
9818
3369
8268
1203
8814
8815
1528
4553
1455
5431
223
6066
7454
2010
7902
9981
9982
4723
8903
3613
4439
4440
1439
3143
9450
9122
6300
2629
2630
8666
8667
167
169
3601
2084
2085
1517
2334
3675
3674
7187
5323
5322
1934
879
8571
8589
6054
9895
2879
2016
3311
8700
5590
3871
8214
480
1448
2644
6505
6503
7563
3879
7864
8414
8413
8415
3426
8069
7920
7095
867
6496
7743
122
5517
5518
252
5749
8788
521
520
2906
2907
9090
9091
8115
8114
1332
1143
2082
4814
6285
6922
487
9694
2672
3103
7293
8637
9959
1520
6483
3380
3381
3944
6948
1940
4966
1872
8917
5478
7396
7395
4346
6826
6827
7130
8708
4656
8523
6596
2400
8106
2453
4200
6225
6224
6448
6449
2155
7520
3034
9711
2240
2241
2454
6163
6164
6593
5085
2930
1556
3220
2693
2694
2593
2594
9056
540
1999
4584
3867
4179
4180
9470
4140
4141
7602
5901
7628
6921
6709
8744
8743
9509
8394
633
9539
2509
2510
5619
4087
6232
3762
3763
4455
1859
964
965
963
6321
4373
4372
2431
5845
5844
4918
5555
9014
6848
6856
3064
6132
2658
11
10
7567
2193
805
4768
2255
2256
9557
7301
5185
4266
4685
4684
926
3608
3609
9663
3614
9964
8529
8676
8675
6392
665
6617
346
344
6840
6841
9499
153
2953
1681
917
3043
9391
9392
9390
5487
8335
8337
8150
2945
3337
2171
2812
6778
2796
8624
8625
9442
9441
1714
9998
9971
1645
4023
5785
6671
9515
5378
3645
3646
126
7742
5559
4430
2019
7142
6287
9808
401
596
9947
7337
7338
200
4395
5272
5273
71
6159
6160
7970
1874
3497
9504
5589
4794
579
580
2367
3330
5307
4564
4563
5263
7728
7729
7686
5436
5253
9279
7228
403
402
8998
87
6890
4847
4459
6274
6664
6663
7974
5727
6044
9918
8686
8685
2636
2671
9105
8108
8107
4559
9287
1423
5114
2893
2048
8727
1110
6873
9348
9065
9066
2389
7586
7585
3506
5079
2463
3919
3030
3467
7971
9386
8679
8680
2553
8043
2326
8562
569
3542
8126
6977
2052
9486
1868
161
162
3323
2523
284
286
5036
5035
876
2328
1719
6344
5204
4484
8186
8187
8185
5985
1885
3650
9301
5334
9132
4490
1763
5633
5634
365
366
2349
2186
6175
6177
3183
3182
1351
8766
8767
9866
637
6269
4205
7000
7150
7440
1152
6860
7636
7903
8149
5625
2500
5248
3657
113
112
8454
8453
5269
3878
5877
5876
45
46
9535
9805
9035
9034
3850
9719
7644
1315
1316
3345
8121
1016
1014
2361
3086
4367
4366
7202
7350
9465
2708
7003
6753
971
3754
3442
1098
4248
9192
1070
586
1537
1538
180
9284
3246
192
7865
704
6963
7600
5945
7697
4829
4830
6557
6558
6808
8272
9472
6902
5941
4149
1134
1135
4631
4632
6353
6352
490
491
259
1115
7349
780
6639
7132
1308
657
658
656
5966
3056
1985
3427
6777
5724
5675
7638
7637
3990
6428
6429
958
9968
6456
8383
379
101
102
1921
1920
8444
8309
8310
3138
3137
7535
43
44
1157
1345
2149
7141
699
3228
5100
4635
6543
9670
7712
290
291
1364
1363
5230
5693
7769
8432
1062
9771
9770
262
249
6797
7039
7040
2038
4187
1795
2765
2764
5124
2545
2993
3767
3768
3190
3191
4819
6520
5792
5793
2205
2112
9629
9628
9945
7369
7660
8249
6711
6710
219
3571
5368
148
5525
7365
8077
6229
3567
2321
5550
5548
8256
8257
4533
9496
6676
9681
7131
7647
9446
4186
551
4960
4287
2338
2339
4022
2772
2773
3440
3439
3549
4782
4780
2799
2798
6601
6600
9651
9396
9397
3258
9278
3113
4915
4916
4667
632
2781
8548
857
6632
1132
1133
1830
1831
7989
4435
5652
5653
602
3352
3351
4494
4211
4210
745
8597
1286
4262
2507
2898
9911
9912
9924
2476
2445
4788
7144
7145
934
9923
7474
2174
2175
50
5147
8555
376
2579
8092
5103
764
2683
3872
8469
3918
7410
3285
8492
8493
3377
2929
5569
5568
7120
7119
2448
1416
6063
716
3243
7574
2914
9599
3420
3419
6266
6267
6620
5694
8010
8011
2234
3686
5627
843
9677
6865
7617
7739
9139
9140
1025
5039
7605
7606
6
1551
7439
6624
7483
7390
1979
1978
5421
5420
2309
2308
6763
6459
6460
1440
1709
1708
1710
999
1628
2478
2477
33
4471
5022
9344
7621
6524
7094
9720
8158
1564
6085
7506
9306
2736
3237
3238
3236
4896
6625
9759
2501
3664
7978
7977
2020
2690
4334
4333
7335
4924
273
272
274
5330
6818
4612
1424
2848
5095
4695
7890
3185
3186
2075
6306
6307
198
197
6654
4307
4306
7763
8202
8201
5577
1689
1690
8818
8542
3743
3742
106
527
2574
9640
1166
1165
7852
7853
9710
7479
3340
3339
2483
2390
1041
1042
2544
1793
1792
1769
6509
8405
9773
9591
7473
1668
265
9001
1796
7599
72
207
206
208
2164
2163
2165
6832
6831
3822
8503
8504
7547
7548
4323
5682
8986
8987
2862
7391
7575
3914
3913
2549
7334
5752
599
600
4972
7746
2284
2286
3695
3696
5681
9449
3554
7884
7883
1202
2106
2626
5255
5256
9215
6383
7036
929
928
4637
5200
326
3026
9347
5735
6355
6354
1749
8883
5814
5815
5999
4550
4551
2471
3857
2290
2291
9271
9272
8139
8140
5770
6345
5328
2395
3094
3093
2325
5425
7371
2066
2064
3326
4034
4035
698
7108
4303
4304
5740
8730
2561
5020
2663
5415
5414
7164
7163
7165
8131
2841
7027
8559
8560
3263
3117
2418
1382
8517
8428
6248
1908
6637
6638
2045
2044
6050
5979
3195
1182
9891
7738
7801
1596
9733
6540
3875
6466
6465
6463
238
237
680
3291
6124
7958
5950
3405
6973
3354
3353
4173
1723
1722
1744
1743
2713
4238
7235
7236
1283
2246
2247
5968
5967
6184
1056
4837
7248
6241
6945
1966
6959
9300
8089
9420
9421
8604
3090
3089
2333
7966
7965
9204
9205
4202
4201
7458
9402
9403
8873
8874
4557
6659
4068
4069
2034
5700
9647
9648
3133
3134
4828
2769
3561
7252
7253
9057
1007
2077
4509
3727
3728
2304
3490
5208
7357
4232
2189
2192
8866
8867
7914
7913
3642
3644
4388
5161
3264
9969
4399
62
1557
3751
8490
6694
6695
5906
6705
3488
4029
8764
8763
4127
4126
4122
5475
9362
6789
6790
7666
8949
505
5776
5775
1105
1107
7860
7861
1929
1930
4339
8806
8805
507
2999
9308
1270
7834
3046
7663
7662
3528
8718
8717
8489
2114
9794
9795
4520
6405
8970
6086
8907
8908
6262
6646
8656
2823
1819
9038
2053
8101
2311
2312
6148
6147
6137
6138
9754
9753
3211
3210
5784
3539
7810
7812
7075
4692
4690
7835
5992
7610
9219
8731
7571
8619
8618
3504
3505
5951
5714
9108
4558
228
5887
8039
6645
9806
3785
6154
2229
2917
2918
6648
6647
4572
8426
19
9516
8002
1704
5888
8516
1850
6407
1487
2552
3578
3579
2922
1569
1570
988
987
4979
6366
9661
516
517
13
2584
8792
1776
683
6126
356
5706
3072
3071
9698
9019
5211
5212
4502
4501
3666
6476
7322
281
4001
7134
7133
6793
6794
616
6880
7514
7572
4821
4820
4822
6215
2120
2119
1876
6123
1375
1376
1153
7798
4679
4680
6597
3051
9000
8418
6318
3798
3799
2047
2352
2353
7358
7827
7828
6944
682
2740
2741
2407
6115
6116
2280
2281
2279
6129
9631
501
502
8210
8209
9666
9363
5858
4150
8996
8995
5978
1935
8022
9189
6527
6525
2226
9774
3522
3523
4555
4554
916
1718
4098
9312
9882
9881
955
862
861
6098
6099
3844
9475
9474
5606
5607
7382
8712
6193
6195
6933
4138
7752
7753
413
5266
5265
2792
2770
4462
4461
4463
9728
7148
73
9624
6700
6938
6128
5560
5840
7341
7340
1279
1278
7534
7533
5007
5006
9520
5640
5639
4746
4747
1816
753
7331
8642
8425
7641
7639
7921
222
5994
5995
405
404
5347
761
7993
6521
4664
6052
5690
5689
7952
6608
6609
2971
4418
7147
2089
2090
2936
2624
2625
5194
5193
5075
2449
7405
3301
3302
1160
1162
2421
1513
3773
1914
1913
9285
4016
9714
9715
2950
9003
2296
1862
1863
2464
742
741
1493
6735
6734
4294
4293
6398
8573
8574
9459
4147
4146
2387
2386
5377
7437
1775
5384
4491
4639
4640
9542
9541
6433
2381
2380
7849
5873
5874
701
3003
6043
3717
3716
6744
1594
6103
6104
9037
9036
4478
3766
2776
2775
1813
1812
5315
3621
3620
435
436
3793
3794
9223
9224
3346
4986
4987
5603
2838
12
5112
5113
1334
4825
3315
3314
4843
8837
8836
2679
7184
7185
8392
8889
7020
3483
3485
5292
5293
348
349
2884
7480
4429
8343
8342
8435
8434
6669
6670
1346
8361
8363
887
1236
4802
4800
4803
6851
6850
1655
7326
7325
882
2719
1191
1192
8725
4106
4107
4105
15
1649
2125
9686
9687
532
2434
2435
9174
9175
5135
6201
6202
8967
5827
5826
5484
5486
7362
7361
5089
8387
1398
4469
510
508
6047
9318
8539
9155
9157
5853
1085
3289
612
611
3516
1035
7780
6336
6334
1248
7668
7669
4838
3055
4816
4815
4236
4237
8540
3118
3859
3860
9127
9352
9353
149
2935
2303
7857
7856
3965
3964
242
4569
4570
3513
3514
3512
3597
3596
2942
2943
4928
4929
8063
8064
6486
9892
2371
2372
4906
4512
5572
5571
6707
6708
7451
7450
9150
9151
8584
8583
7505
2225
3726
5423
5422
325
4905
5964
911
6292
6293
5180
9053
9052
5148
8735
8734
9791
9792
8357
8356
814
2525
7896
7897
9742
3038
1354
1353
5314
5698
256
257
6569
6570
9298
9297
114
8074
8072
2273
2272
2274
9111
1474
1475
254
253
735
734
6348
6349
6378
4776
4777
1782
1781
4206
9454
6046
4601
4600
4090
4089
4222
4221
9507
9508
5515
5514
5516
2986
1541
1542
282
1205
1206
5848
5186
9261
9262
2093
2092
7199
129
1705
7250
4609
4610
9387
1224
1225
9430
9479
3386
3385
4767
1311
1310
8236
8235
2949
2834
2835
9239
852
850
8966
7060
8243
8242
9213
9249
9250
1480
2568
2569
9900
9901
4716
7105
7106
619
7053
7054
7091
3791
8784
8783
414
2659
992
838
8510
8512
484
483
6272
6273
7412
7679
1983
1984
3927
2982
2984
5054
5056
3000
3017
3019
6549
3921
3920
2152
2153
6518
6517
2615
5697
3547
3548
6257
6258
6772
8977
8978
1888
721
7695
7694
5442
7279
6028
7082
7081
1251
1250
140
6782
6783
8657
8659
3012
3013
4241
4240
4673
1329
1330
7196
2158
6668
7795
7796
4521
574
7968
7969
7268
4862
1925
299
5201
8871
8870
5799
3809
9070
9069
6158
5703
5702
3176
3177
5535
9578
9201
9200
7219
7220
9885
9887
7757
7786
5474
8118
1660
4492
7047
7046
4083
4084
9195
5173
5172
421
422
2803
9161
2706
970
6253
6587
6931
2896
6328
6326
9633
7630
7631
2467
2466
8302
5138
5139
9746
9242
9241
9811
9810
8399
6005
2902
2903
1088
1089
8856
8172
8173
2480
2479
7347
7346
9995
2100
4859
4588
4589
8322
7655
7656
8754
439
440
7494
7495
467
468
54
55
1494
6389
6387
8162
4018
4019
4538
4539
4541
1031
7591
5647
3058
3059
8779
8778
7212
7213
8421
8419
1072
1073
9739
9740
558
559
8557
8556
7765
8323
1169
1167
266
6508
4042
6532
6533
1567
1566
4969
4970
7590
3131
9948
4686
6588
671
672
5448
9112
7378
7379
5628
5632
3297
3298
2610
1417
5354
5353
4885
4884
6277
6276
3500
3501
3503
2113
889
888
8120
234
9936
7775
7776
5616
1581
1580
4245
4246
429
7424
583
584
8918
8854
3583
3582
4824
4076
4075
8226
3451
1006
6737
6736
1023
4223
109
3976
3975
2404
2402
6408
6009
6010
9953
3552
3551
3566
3231
3232
4341
16
2620
2621
5684
5685
4694
6364
8578
8577
2744
2746
3805
5491
2646
9723
1371
1373
9367
7463
7464
165
166
5281
5280
9927
9926
3109
1588
3129
7887
7888
1010
1011
2652
2653
9961
9962
9413
7430
7431
6660
4698
4415
4416
229
840
841
2071
2070
8279
5676
5092
9610
7527
7526
3396
1612
899
8862
8863
187
1521
3411
3410
7285
7284
5216
9326
9325
4316
216
214
7953
1662
2913
5025
5024
2707
997
9625
808
807
3399
7103
6240
3249
3251
3004
5012
4349
4350
5944
605
3701
302
303
4760
4758
6604
6602
3957
3154
3155
4980
1296
1295
5553
5552
6096
6097
6673
6672
390
5411
2237
2239
9812
9190
9337
9338
9336
8981
2676
2677
7428
9724
791
792
8144
8146
8143
4315
2733
2734
375
3739
3740
6065
8159
8157
7523
7524
4620
8962
7319
8254
8255
2804
7195
524
522
3214
7790
9820
9821
277
276
8651
8650
188
4409
4950
4231
8170
8169
4912
2997
2996
6714
6715
5459
5460
9563
8592
8591
1899
1900
5563
5565
8028
9077
5679
5011
97
96
9853
2160
2157
1740
8706
8705
9709
7031
7477
7478
6110
5002
3749
3982
5302
4990
4991
9332
1574
1572
6799
4938
4939
9101
6565
2667
2666
1141
6092
6809
3851
8057
5082
3888
3890
381
380
9852
5151
1478
1479
408
5766
5765
1101
8481
1319
1318
6997
5747
5748
5395
9637
9636
8930
8928
1181
7137
7138
2036
2183
7014
7015
4887
4886
2543
7940
7942
121
6244
6243
7198
1147
6701
8048
8047
4752
5897
9815
9814
7384
7893
7892
4132
4133
1341
1342
3271
3272
131
4347
979
978
6579
6581
463
6954
2851
2850
2103
2104
2083
4653
4655
7153
7154
747
746
9780
3967
3968
6023
6187
6186
1761
1760
3329
8110
8111
3995
1509
1510
8693
8694
2531
2532
7608
9506
6004
9342
3205
3204
7421
5649
1407
1406
9088
9089
5145
5144
9747
6112
9621
9620
4763
7713
7429
3342
3343
5159
3045
3261
3259
9951
104
1789
6806
6805
2583
2895
2827
2829
5234
5232
9972
3066
3067
3624
3626
7701
7702
8275
8274
7515
8507
8506
5042
5043
5285
2137
2136
1994
1993
4616
1360
2722
2723
3536
4054
4055
7467
3074
9875
9874
9877
8381
2689
2801
2800
3213
7685
1241
1238
5796
5795
1728
1730
5149
9546
9547
3083
3084
1963
1962
9765
9766
4391
4393
8371
8369
6013
6015
1861
4580
4581
4622
8460
3985
3366
3365
7397
1625
9756
9755
6312
6313
7363
5997
6742
6741
7956
4040
4041
4039
7097
717
5931
5933
2168
2167
4753
1827
1829
4736
4733
5596
5598
8020
8746
76
75
2547
5107
5108
941
3639
2860
2858
3132
8035
8033
4094
4092
9011
9010
7999
7997
4003
4614
1641
1640
8532
8533
6190
6188
3881
3880
5805
5803
1
295
294
7961
7962
8751
8750
7868
7260
2368
1079
1077
4309
6034
3808
2843
1684
1685
5098
1608
1609
3531
3532
872
9377
9376
8829
7275
7750
1585
4784
4786
4783
5406
5405
6529
6530
4228
8457
8527
8528
6556
1149
9360
9359
845
847
5539
7127
1672
1231
7416
7415
9779
1867
7732
3217
3218
4506
4505
6950
1337
1336
1472
6686
6685
4474
4473
4475
8943
1324
2669
2670
6438
6440
8314
8315
692
694
548
549
3456
6359
6356
831
832
2791
2793
6339
6337
6469
6467
2219
2218
6304
6302
4112
7509
7510
4872
4873
2539
2538
1055
7537
9605
9604
3123
6768
4356
4354
7840
7838
1503
9424
9423
464
9084
9086
5220
3856
8959
8961
9512
9511
3332
3333
8740
6030
4764
3845
7543
2344
2343
8845
8844
3941
4361
4357
2126
1974
1972
7179
514
515
8052
8053
4444
8520
8521
8900
8899
7907
7909
370
4424
4426
7298
7296
4299
9656
9658
568
570
7992
9165
9164
3158
3157
9835
7328
7613
7612
8568
8569
7876
7878
4957
4958
3757
3756
1490
1492
472
474
9136
9138
6415
411
412
9667
9665
7257
7844
5642
5641
3318
9230
9228
5121
5119
5004
7050
7048
903
905
9689
8607
5852
2492
2493
9409
9407
4643
4642
6291
4728
6869
6870
5790
5761
5758
91
90
93
7817
7815
7818
361
359
8893
1128
6107
6109
8935
6218
8738
6576
5732
5730
3939
8891
9098
1772
1771
8340
4111
1393
5737
1470
1452
1896
626
625
318
2882
3895
3900
8822
5128
6542
6539
5817
9588
9590
3475
8285
8283
5982
5983
3731
3733
6724
6722
3537
4167
4169
707
3169
3170
8205
8203
7498
7500
5958
5957
8937
2524
9276
8105
2881
5779
5777
7233
7234
4267
4268
6208
4336
4335
8952
8951
1598
1600
9148
9149
7074
3294
3293
7734
5163
5165
1103
8677
2441
858
314
315
636
4151
159
3641
1545
1544
9418
9416
2412
3150
8221
8222
1648
2817
1230
4567
1616
1614
4032
4030
3199
3200
7469
3079
3081
7555
7554
2815
183
5921
9827
9829
1451
1631
1632
8497
8496
4666
3307
3309
4568
5129
1096
1097
7168
2180
8793
6492
4377
9492
9490
9676
329
330
6421
7088
865
7278
5822
5823
7748
4628
4630
6168
6170
1380
3776
3778
391
9987
4443
2887
2889
1385
3910
6761
2141
5300
7824
6399
5499
1445
1444
2868
4976
2411
7353
7351
3471
3472
9183
8449
8450
4604
4602
2623
8840
8841
1605
1606
9434
6665
9023
9024
4967
7242
7243
3833
3832
6677
6674
8635
8633
796
5017
2923
4218
7672
7984
7986
4405
3286
3283
4404
9594
395
396
3746
3744
1357
1355
5936
5939
727
7493
7113
7114
8500
8502
2014
5898
5432
564
563
4010
2146
2147
432
434
8262
8260
5581
5583
994
2057
2055
6074
6073
7487
9519
8472
8474
8896
8897
2558
2559
5277
5275
4254
4255
3407
5206
383
5358
5356
6020
6019
1991
7826
2364
2362
2378
2377
4984
4985
2969
5397
2967
4975
7159
6446
6444
6143
4437
4438
6234
4792
4790
6082
7068
5742
5744
6472
6470
6226
2021
7290
7918
7919
7314
449
447
8711
8713
7539
7225
4279
6377
7004
1734
1733
4026
4027
7271
2498
2496
2067
4160
6480
6482
9643
5894
5892
3836
3838
6630
1221
1220
5482
5480
6751
3417
6693
1436
1437
4119
4120
9569
9567
4865
4867
6500
9956
9957
9244
9243
4879
4878
7029
9208
9207
5503
5501
6206
9979
9977
340
341
5680
3722
3724
3508
3510
3585
2415
2417
2976
2974
9484
2484
2481
866
7372
1118
1117
4400
4401
5116
8009
8300
8298
4954
2460
2458
7569
7566
1258
6773
4176
3819
322
320
1939
1938
1432
1434
240
2026
9839
9837
9840
6417
9341
4327
1127
7625
7
4953
5923
6578
6619
2078
2452
2455
8417
5662
7407
7409
1477
9580
3360
3362
822
1943
1942
8197
8198
4810
4812
878
881
9862
9864
3423
3421
4892
5390
5388
1666
3692
1150
7521
2598
2597
6863
6864
8212
8211
3149
2012
8061
8058
541
8690
8692
3546
3493
3491
80
82
3946
1531
1533
9990
4514
6423
5948
5949
4576
3824
1156
1155
650
648
652
6961
3992
3989
2810
2809
4577
3678
3676
2259
2618
2616
1549
1548
9316
9314
6221
6501
2749
4375
7772
7771
8850
3617
3622
3035
3036
9800
5614
1673
9198
9120
9117
3826
3869
1213
1215
3885
3887
9832
9834
1366
1365
8821
59
58
6640
4532
4535
1980
5444
5443
3268
3270
1695
1692
5409
4899
4900
5556
5557
2008
2854
2852
3935
4298
3587
8828
5719
5718
2960
2958
2519
4921
8180
8178
3073
749
751
3668
3670
7316
9760
9757
2766
6585
6583
7619
8786
6915
6946
6947
8163
5223
6893
9443
6983
6984
3368
3370
6906
6904
5830
5832
4190
4188
1561
1560
6823
6821
1384
382
3096
3095
3999
2204
2203
2017
2018
7624
1260
6958
6280
2293
7291
3933
4935
4937
8859
8857
108
7264
7261
5510
5511
8851
6815
6817
6394
6396
3636
3635
5014
1019
1017
577
575
4944
4943
364
7157
8887
8888
5241
1753
1751
8467
5335
3997
2820
2818
4230
5457
5458
3448
5453
5455
1245
1246
7177
932
931
9258
3450
3436
4432
4431
2711
5318
5319
8288
8286
1502
4556
944
947
8761
8765
5859
5297
5295
9381
9380
768
767
554
557
5881
5883
1950
1951
5429
7307
4481
4479
3820
6319
9124
5850
6867
4497
4495
9328
9327
8602
226
227
7937
7936
5969
4841
4840
9916
9915
5667
5666
7190
9575
9576
5528
3102
3104
4586
4583
1267
1269
5081
2605
4994
3906
3904
9788
9790
2586
2585
3430
3433
4670
4674
2940
2941
3390
9551
9550
2785
2788
7519
9061
9064
710
1947
1945
9267
2647
795
9584
4919
5620
5618
454
456
4890
5988
5986
9737
9738
8565
8563
4688
2757
4008
6090
9529
9683
9685
1523
1525
8424
8422
4185
1701
1700
311
312
6764
5531
5374
5372
9133
9048
9045
9717
2262
5911
5912
2294
1195
1199
641
643
3558
3556
9537
9538
4285
7037
6230
6235
3402
3404
4261
4259
6887
5308
5310
6048
6049
7122
7121
7022
7023
8774
9560
9558
3465
3464
8785
1848
1849
7677
7680
7676
8217
8219
4467
4466
7387
7389
811
4526
8919
802
804
7705
7708
736
8306
8386
8385
8308
152
151
5710
5708
5704
9855
9857
4834
4833
5031
5032
9696
9699
3789
3792
9527
7783
7787
239
175
172
7541
7017
4729
2348
5199
5202
2346
5246
5245
4387
4386
5133
5137
6876
6874
5469
1587
5521
5520
6251
7618
7904
8879
8881
1808
1805
7931
7933
4320
6370
6367
5365
5366
1717
3121
6155
6156
7803
7800
7807
2330
2327
3355
3144
6323
6320
4283
6885
23
21
1112
1109
2139
4291
8230
8229
1002
1000
3388
9349
9351
9597
8407
8403
9468
9471
5962
5961
2316
3498
3495
676
674
9015
9016
7223
426
2730
2727
27
29
1856
1858
4647
4649
5270
5267
9233
9232
3961
3958
4328
261
260
1173
1170
1777
1774
3
1716
778
776
8430
8431
952
7038
5838
5836
8041
8044
1669
8974
8972
3253
2253
2250
2172
2684
2686
3242
3245
8598
8595
5337
8638
8636
8544
8543
6898
7426
7423
4194
4192
2356
8237
8238
2612
2609
5470
3662
3663
9121
4591
4592
7841
245
247
7070
8397
8396
2032
2035
3706
3708
9295
1784
1783
6562
6566
6264
6261
8191
7981
9364
8776
5495
5497
7455
7452
2911
8921
5182
5183
4487
4489
2009
9457
9456
1679
1678
8167
8171
4703
4706
7446
7447
9146
2355
7873
7875
2169
4128
4123
2573
9073
9076
1242
5063
5061
5069
5067
5342
5345
5904
5908
6552
6554
8817
4860
4857
7128
3870
7203
7204
5026
9280
7716
7715
36
4204
4203
4207
6121
49
2004
2001
374
373
5866
6546
6545
2101
2102
3803
3802
1652
1650
6613
2074
1928
3652
959
956
919
7983
124
607
608
6211
6213
3189
4981
4978
1815
1814
913
914
1183
1180
874
6914
6730
6732
6411
6413
2423
2420
8190
757
759
4290
9365
2097
2098
2979
2981
5655
5656
2954
2951
3693
7901
2513
2516
9613
9612
3320
1486
1489
495
494
5278
1137
2642
2643
2269
2270
4317
3917
144
146
2635
9320
9322
64
66
8360
8365
9265
1482
1481
8558
5672
5670
4155
4154
1461
6002
6001
5283
5286
8808
8811
9848
9845
5379
5376
8329
8327
3140
2756
2041
7174
7176
9401
7809
729
1910
1906
9903
4139
8130
8128
3952
3948
1797
1802
983
2322
2319
4046
2505
2508
7280
597
3248
663
661
5170
1046
1227
1228
3444
3446
7767
7764
8456
8455
5048
5052
8084
8085
6324
7774
2991
2989
232
230
6342
5623
5626
4071
4072
2110
2109
784
782
4059
3973
3972
6078
3376
3373
3179
3184
3054
3521
9713
8352
8354
9943
9941
6070
6589
6591
6042
6039
4712
4710
7595
7592
8732
7546
7550
5886
7926
4855
6894
4097
4095
9705
9702
8910
8293
5543
5544
8264
7928
1138
8248
8246
2288
2289
9302
6118
5751
1412
1410
1657
1654
9178
3683
3680
1915
1916
3603
1379
9819
9674
9671
5536
5533
2224
2221
6402
6401
2233
2236
6340
687
1397
1395
9784
9782
5797
5591
3116
4079
4082
1745
1747
7579
3127
3130
7441
7438
2469
2473
1122
1125
2934
2932
7310
8003
8007
485
5601
5605
9304
7758
7760
7333
7330
9055
9059
8736
3954
893
2675
8346
8349
5449
5452
1282
1280
7652
7654
7462
7461
1303
1306
9438
5424
2964
631
634
9170
5787
5791
6993
6992
9869
9871
9653
9650
9202
9031
9027
4724
4726
7093
7090
1067
1065
5811
5813
2394
2392
9248
9246
4882
1058
1053
6519
6522
1358
4661
4658
2049
2046
614
613
3304
3306
6102
8992
1029
1027
9731
9734
4250
269
270
8030
8031
2718
2715
4771
4775
4846
4844
6699
6698
4597
5087
5084
4274
4277
6427
6425
4345
4348
9286
9289
138
141
7374
9480
9476
6941
2966
6434
6431
9173
7303
7299
7013
1325
1327
6622
4742
4738
6655
1253
1252
9587
3115
9500
9502
6025
6022
896
5177
5179
5174
7099
7096
5156
5152
8462
8464
9897
9899
5976
5980
3607
3848
306
308
1463
8487
8491
7475
7476
2779
2784
1637
1643
9890
9894
2438
2442
7944
2121
2122
8095
8093
5073
5071
5076
9255
5251
5249
8623
8627
6971
6975
1883
1887
6853
973
974
5400
5403
1092
3649
1822
1824
3065
3063
2840
2844
6068
7689
7561
7564
4458
9488
424
5580
9462
9467
8946
8947
1842
1841
3922
4962
6031
6027
6636
6641
6634
885
884
3761
1877
1873
3775
3771
3029
3033
2901
2905
2301
2306
8833
8832
6056
6053
5856
5855
3265
3267
128
127
6658
8587
352
347
6800
6802
6928
534
537
2277
2276
1536
592
588
908
909
500
504
6197
6192
8550
8553
6837
5869
5723
5728
1515
5439
5434
5773
9634
6756
8652
8439
8436
4396
5041
5037
6720
6725
1582
1583
3412
3408
3415
3517
1087
7077
1724
1727
6094
6095
9428
9426
6485
2195
2196
1765
1768
703
706
8289
6299
9622
9618
1291
7078
9493
1955
7587
7582
7863
3225
3222
6008
6012
4624
4626
8374
8379
8536
8537
1499
1498
6833
8958
1527
1530
6754
3827
3823
5578
5094
5097
2877
2871
6943
7972
7967
8799
7343
7348
7635
1421
399
5259
5261
5254
6706
3324
3322
684
9745
9749
9743
8644
8640
8795
7646
7643
8756
3570
3569
7057
7052
8665
8663
7197
7200
1852
1846
8848
8847
4397
5327
5331
2555
2550
9543
5595
2335
2331
4527
4531
193
4519
4522
4053
4057
160
164
829
828
991
989
9826
9831
6296
7135
3811
3806
4213
4212
6181
1187
1190
4964
4989
9110
9114
5394
5391
6133
6136
6150
4910
853
2087
8760
5646
5644
1592
1590
3317
85
86
7946
8707
8702
7251
7256
925
9210
9772
4265
7721
7720
400
9725
5189
5188
3784
3780
7211
7217
7747
1314
4164
4159
7433
7434
5008
5009
4718
4721
8593
3165
3167
2656
2651
3395
3400
720
725
7867
212
210
5303
5299
9517
9514
9933
9929
4
6781
6780
938
1415
553
3840
3835
4696
4693
1449
1447
4368
996
7403
7406
2184
2566
8673
1790
1794
6363
6361
8722
8719
6844
6846
2703
2698
8933
8932
7152
7149
943
4545
3530
3534
3331
3335
221
224
8990
9970
9974
1075
3101
3099
4450
4446
9448
9444
8678
8906
4817
6573
6568
2324
6812
6807
1968
9096
9094
2832
2826
5661
5651
442
2529
2535
2088
7601
7604
3153
3152
9996
9992
334
327
7751
416
477
6965
6962
4021
4024
199
5930
5935
9764
9768
9761
4907
8270
8276
790
461
459
4233
4235
6382
4411
4407
2600
5806
5801
7381
7377
9859
1036
1040
3280
3277
2771
9601
9607
1272
1265
2777
5738
280
279
9799
3048
7064
7059
9555
9554
4931
4934
7006
7010
5733
525
9630
6173
6174
3932
3936
7627
7629
479
6152
5316
7740
7736
8206
743
738
7664
7658
7955
7951
1620
1618
3882
3877
9861
297
301
2244
2243
6495
6489
5214
5210
3049
3718
3721
800
8781
8780
4419
4423
7043
7044
2475
6747
6743
7700
7704
1210
1212
4271
5692
5691
5105
5102
9722
3215
9039
1555
8865
8318
8312
2861
2855
8611
8615
388
385
961
6792
6796
1313
9002
9005
9188
9185
8980
2187
6910
2920
2925
2521
9950
9954
6284
6288
8515
8518
5762
5768
3540
1758
1762
4638
4634
5946
5953
6681
6679
9041
7530
7536
5993
9641
9638
8391
2428
2425
7274
7277
2058
2051
4225
4219
4503
4499
8123
8124
4537
2680
2681
8976
5489
5493
4894
4888
1629
1636
2998
2994
5142
3590
621
618
1021
3007
3002
4044
2739
2743
7823
7821
3593
1349
420
2761
2768
3290
3296
1575
1577
2212
5919
5917
4818
7886
7885
6606
6607
3864
3866
2577
2572
9333
5412
5416
7231
7238
6511
6515
1080
5228
5235
2409
2414
4617
8023
8017
7104
7110
5677
5683
8067
1932
1933
3559
3553
4308
4302
179
176
4103
3076
3069
2627
2619
4678
4682
4864
4870
5126
5132
1428
1422
8036
5609
670
839
844
5878
5871
8151
8148
6183
1975
3631
77
79
6270
1100
2030
5162
5167
678
3667
3672
2132
2131
1233
1234
9197
2025
9081
9082
2602
6919
9130
9134
9712
9718
4338
4343
4381
9311
9317
5476
5483
2080
2072
815
820
603
604
4511
770
771
6222
6227
3981
3977
116
120
9369
9372
8872
