2500 390
-5000 -5000
-5000 -4996
-5000 -4992
-5000 -4988
-5000 -4984
-5000 -4980
-5000 -4976
-5000 -4972
-5000 -4968
-5000 -4964
-5000 -4960
-5000 -4956
-5000 -4952
-5000 -4948
-5000 -4944
-5000 -4940
-5000 -4936
-5000 -4932
-5000 -4928
-5000 -4924
-5000 -4920
-5000 -4916
-5000 -4912
-5000 -4908
-5000 -4904
-5000 -4900
-5000 -4896
-5000 -4892
-5000 -4888
-5000 -4884
-5000 -4880
-5000 -4876
-5000 -4872
-5000 -4868
-5000 -4864
-5000 -4860
-5000 -4856
-5000 -4852
-5000 -4848
-5000 -4844
-5000 -4840
-5000 -4836
-5000 -4832
-5000 -4828
-5000 -4824
-5000 -4820
-5000 -4816
-5000 -4812
-5000 -4808
-5000 -4804
-5000 -4800
-5000 -4796
-5000 -4792
-5000 -4788
-5000 -4784
-5000 -4780
-5000 -4776
-5000 -4772
-5000 -4768
-5000 -4764
-5000 -4760
-5000 -4756
-5000 -4752
-5000 -4748
-5000 -4744
-5000 -4740
-5000 -4736
-5000 -4732
-5000 -4728
-5000 -4724
-5000 -4720
-5000 -4716
-5000 -4712
-5000 -4708
-5000 -4704
-5000 -4700
-5000 -4696
-5000 -4692
-5000 -4688
-5000 -4684
-5000 -4680
-5000 -4676
-5000 -4672
-5000 -4668
-5000 -4664
-5000 -4660
-5000 -4656
-5000 -4652
-5000 -4648
-5000 -4644
-5000 -4640
-5000 -4636
-5000 -4632
-5000 -4628
-5000 -4624
-5000 -4620
-5000 -4616
-5000 -4612
-5000 -4608
-5000 -4604
-5000 -4600
-5000 -4596
-5000 -4592
-5000 -4588
-5000 -4584
-5000 -4580
-5000 -4576
-5000 -4572
-5000 -4568
-5000 -4564
-5000 -4560
-5000 -4556
-5000 -4552
-5000 -4548
-5000 -4544
-5000 -4540
-5000 -4536
-5000 -4532
-5000 -4528
-5000 -4524
-5000 -4520
-5000 -4516
-5000 -4512
-5000 -4508
-5000 -4504
-5000 -4500
-5000 -4496
-5000 -4492
-5000 -4488
-5000 -4484
-5000 -4480
-5000 -4476
-5000 -4472
-5000 -4468
-5000 -4464
-5000 -4460
-5000 -4456
-5000 -4452
-5000 -4448
-5000 -4444
-5000 -4440
-5000 -4436
-5000 -4432
-5000 -4428
-5000 -4424
-5000 -4420
-5000 -4416
-5000 -4412
-5000 -4408
-5000 -4404
-5000 -4400
-5000 -4396
-5000 -4392
-5000 -4388
-5000 -4384
-5000 -4380
-5000 -4376
-5000 -4372
-5000 -4368
-5000 -4364
-5000 -4360
-5000 -4356
-5000 -4352
-5000 -4348
-5000 -4344
-5000 -4340
-5000 -4336
-5000 -4332
-5000 -4328
-5000 -4324
-5000 -4320
-5000 -4316
-5000 -4312
-5000 -4308
-5000 -4304
-5000 -4300
-5000 -4296
-5000 -4292
-5000 -4288
-5000 -4284
-5000 -4280
-5000 -4276
-5000 -4272
-5000 -4268
-5000 -4264
-5000 -4260
-5000 -4256
-5000 -4252
-5000 -4248
-5000 -4244
-5000 -4240
-5000 -4236
-5000 -4232
-5000 -4228
-5000 -4224
-5000 -4220
-5000 -4216
-5000 -4212
-5000 -4208
-5000 -4204
-5000 -4200
-5000 -4196
-5000 -4192
-5000 -4188
-5000 -4184
-5000 -4180
-5000 -4176
-5000 -4172
-5000 -4168
-5000 -4164
-5000 -4160
-5000 -4156
-5000 -4152
-5000 -4148
-5000 -4144
-5000 -4140
-5000 -4136
-5000 -4132
-5000 -4128
-5000 -4124
-5000 -4120
-5000 -4116
-5000 -4112
-5000 -4108
-5000 -4104
-5000 -4100
-5000 -4096
-5000 -4092
-5000 -4088
-5000 -4084
-5000 -4080
-5000 -4076
-5000 -4072
-5000 -4068
-5000 -4064
-5000 -4060
-5000 -4056
-5000 -4052
-5000 -4048
-5000 -4044
-5000 -4040
-5000 -4036
-5000 -4032
-5000 -4028
-5000 -4024
-5000 -4020
-5000 -4016
-5000 -4012
-5000 -4008
-5000 -4004
-5000 -4000
-5000 -3996
-5000 -3992
-5000 -3988
-5000 -3984
-5000 -3980
-5000 -3976
-5000 -3972
-5000 -3968
-5000 -3964
-5000 -3960
-5000 -3956
-5000 -3952
-5000 -3948
-5000 -3944
-5000 -3940
-5000 -3936
-5000 -3932
-5000 -3928
-5000 -3924
-5000 -3920
-5000 -3916
-5000 -3912
-5000 -3908
-5000 -3904
-5000 -3900
-5000 -3896
-5000 -3892
-5000 -3888
-5000 -3884
-5000 -3880
-5000 -3876
-5000 -3872
-5000 -3868
-5000 -3864
-5000 -3860
-5000 -3856
-5000 -3852
-5000 -3848
-5000 -3844
-5000 -3840
-5000 -3836
-5000 -3832
-5000 -3828
-5000 -3824
-5000 -3820
-5000 -3816
-5000 -3812
-5000 -3808
-5000 -3804
-5000 -3800
-5000 -3796
-5000 -3792
-5000 -3788
-5000 -3784
-5000 -3780
-5000 -3776
-5000 -3772
-5000 -3768
-5000 -3764
-5000 -3760
-5000 -3756
-5000 -3752
-5000 -3748
-5000 -3744
-5000 -3740
-5000 -3736
-5000 -3732
-5000 -3728
-5000 -3724
-5000 -3720
-5000 -3716
-5000 -3712
-5000 -3708
-5000 -3704
-5000 -3700
-5000 -3696
-5000 -3692
-5000 -3688
-5000 -3684
-5000 -3680
-5000 -3676
-5000 -3672
-5000 -3668
-5000 -3664
-5000 -3660
-5000 -3656
-5000 -3652
-5000 -3648
-5000 -3644
-5000 -3640
-5000 -3636
-5000 -3632
-5000 -3628
-5000 -3624
-5000 -3620
-5000 -3616
-5000 -3612
-5000 -3608
-5000 -3604
-5000 -3600
-5000 -3596
-5000 -3592
-5000 -3588
-5000 -3584
-5000 -3580
-5000 -3576
-5000 -3572
-5000 -3568
-5000 -3564
-5000 -3560
-5000 -3556
-5000 -3552
-5000 -3548
-5000 -3544
-5000 -3540
-5000 -3536
-5000 -3532
-5000 -3528
-5000 -3524
-5000 -3520
-5000 -3516
-5000 -3512
-5000 -3508
-5000 -3504
-5000 -3500
-5000 -3496
-5000 -3492
-5000 -3488
-5000 -3484
-5000 -3480
-5000 -3476
-5000 -3472
-5000 -3468
-5000 -3464
-5000 -3460
-5000 -3456
-5000 -3452
-5000 -3448
-5000 -3444
-5000 -3440
-5000 -3436
-5000 -3432
-5000 -3428
-5000 -3424
-5000 -3420
-5000 -3416
-5000 -3412
-5000 -3408
-5000 -3404
-5000 -3400
-5000 -3396
-5000 -3392
-5000 -3388
-5000 -3384
-5000 -3380
-5000 -3376
-5000 -3372
-5000 -3368
-5000 -3364
-5000 -3360
-5000 -3356
-5000 -3352
-5000 -3348
-5000 -3344
-5000 -3340
-5000 -3336
-5000 -3332
-5000 -3328
-5000 -3324
-5000 -3320
-5000 -3316
-5000 -3312
-5000 -3308
-5000 -3304
-5000 -3300
-5000 -3296
-5000 -3292
-5000 -3288
-5000 -3284
-5000 -3280
-5000 -3276
-5000 -3272
-5000 -3268
-5000 -3264
-5000 -3260
-5000 -3256
-5000 -3252
-5000 -3248
-5000 -3244
-5000 -3240
-5000 -3236
-5000 -3232
-5000 -3228
-5000 -3224
-5000 -3220
-5000 -3216
-5000 -3212
-5000 -3208
-5000 -3204
-5000 -3200
-5000 -3196
-5000 -3192
-5000 -3188
-5000 -3184
-5000 -3180
-5000 -3176
-5000 -3172
-5000 -3168
-5000 -3164
-5000 -3160
-5000 -3156
-5000 -3152
-5000 -3148
-5000 -3144
-5000 -3140
-5000 -3136
-5000 -3132
-5000 -3128
-5000 -3124
-5000 -3120
-5000 -3116
-5000 -3112
-5000 -3108
-5000 -3104
-5000 -3100
-5000 -3096
-5000 -3092
-5000 -3088
-5000 -3084
-5000 -3080
-5000 -3076
-5000 -3072
-5000 -3068
-5000 -3064
-5000 -3060
-5000 -3056
-5000 -3052
-5000 -3048
-5000 -3044
-5000 -3040
-5000 -3036
-5000 -3032
-5000 -3028
-5000 -3024
-5000 -3020
-5000 -3016
-5000 -3012
-5000 -3008
-5000 -3004
-5000 -3000
-5000 -2996
-5000 -2992
-5000 -2988
-5000 -2984
-5000 -2980
-5000 -2976
-5000 -2972
-5000 -2968
-5000 -2964
-5000 -2960
-5000 -2956
-5000 -2952
-5000 -2948
-5000 -2944
-5000 -2940
-5000 -2936
-5000 -2932
-5000 -2928
-5000 -2924
-5000 -2920
-5000 -2916
-5000 -2912
-5000 -2908
-5000 -2904
-5000 -2900
-5000 -2896
-5000 -2892
-5000 -2888
-5000 -2884
-5000 -2880
-5000 -2876
-5000 -2872
-5000 -2868
-5000 -2864
-5000 -2860
-5000 -2856
-5000 -2852
-5000 -2848
-5000 -2844
-5000 -2840
-5000 -2836
-5000 -2832
-5000 -2828
-5000 -2824
-5000 -2820
-5000 -2816
-5000 -2812
-5000 -2808
-5000 -2804
-5000 -2800
-5000 -2796
-5000 -2792
-5000 -2788
-5000 -2784
-5000 -2780
-5000 -2776
-5000 -2772
-5000 -2768
-5000 -2764
-5000 -2760
-5000 -2756
-5000 -2752
-5000 -2748
-5000 -2744
-5000 -2740
-5000 -2736
-5000 -2732
-5000 -2728
-5000 -2724
-5000 -2720
-5000 -2716
-5000 -2712
-5000 -2708
-5000 -2704
-5000 -2700
-5000 -2696
-5000 -2692
-5000 -2688
-5000 -2684
-5000 -2680
-5000 -2676
-5000 -2672
-5000 -2668
-5000 -2664
-5000 -2660
-5000 -2656
-5000 -2652
-5000 -2648
-5000 -2644
-5000 -2640
-5000 -2636
-5000 -2632
-5000 -2628
-5000 -2624
-5000 -2620
-5000 -2616
-5000 -2612
-5000 -2608
-5000 -2604
-5000 -2600
-5000 -2596
-5000 -2592
-5000 -2588
-5000 -2584
-5000 -2580
-5000 -2576
-5000 -2572
-5000 -2568
-5000 -2564
-5000 -2560
-5000 -2556
-5000 -2552
-5000 -2548
-5000 -2544
-5000 -2540
-5000 -2536
-5000 -2532
-5000 -2528
-5000 -2524
-5000 -2520
-5000 -2516
-5000 -2512
-5000 -2508
-5000 -2504
-5000 -2500
-5000 -2496
-5000 -2492
-5000 -2488
-5000 -2484
-5000 -2480
-5000 -2476
-5000 -2472
-5000 -2468
-5000 -2464
-5000 -2460
-5000 -2456
-5000 -2452
-5000 -2448
-5000 -2444
-5000 -2440
-5000 -2436
-5000 -2432
-5000 -2428
-5000 -2424
-5000 -2420
-5000 -2416
-5000 -2412
-5000 -2408
-5000 -2404
-5000 -2400
-5000 -2396
-5000 -2392
-5000 -2388
-5000 -2384
-5000 -2380
-5000 -2376
-5000 -2372
-5000 -2368
-5000 -2364
-5000 -2360
-5000 -2356
-5000 -2352
-5000 -2348
-5000 -2344
-5000 -2340
-5000 -2336
-5000 -2332
-5000 -2328
-5000 -2324
-5000 -2320
-5000 -2316
-5000 -2312
-5000 -2308
-5000 -2304
-5000 -2300
-5000 -2296
-5000 -2292
-5000 -2288
-5000 -2284
-5000 -2280
-5000 -2276
-5000 -2272
-5000 -2268
-5000 -2264
-5000 -2260
-5000 -2256
-5000 -2252
-5000 -2248
-5000 -2244
-5000 -2240
-5000 -2236
-5000 -2232
-5000 -2228
-5000 -2224
-5000 -2220
-5000 -2216
-5000 -2212
-5000 -2208
-5000 -2204
-5000 -2200
-5000 -2196
-5000 -2192
-5000 -2188
-5000 -2184
-5000 -2180
-5000 -2176
-5000 -2172
-5000 -2168
-5000 -2164
-5000 -2160
-5000 -2156
-5000 -2152
-5000 -2148
-5000 -2144
-5000 -2140
-5000 -2136
-5000 -2132
-5000 -2128
-5000 -2124
-5000 -2120
-5000 -2116
-5000 -2112
-5000 -2108
-5000 -2104
-5000 -2100
-5000 -2096
-5000 -2092
-5000 -2088
-5000 -2084
-5000 -2080
-5000 -2076
-5000 -2072
-5000 -2068
-5000 -2064
-5000 -2060
-5000 -2056
-5000 -2052
-5000 -2048
-5000 -2044
-5000 -2040
-5000 -2036
-5000 -2032
-5000 -2028
-5000 -2024
-5000 -2020
-5000 -2016
-5000 -2012
-5000 -2008
-5000 -2004
-5000 -2000
-5000 -1996
-5000 -1992
-5000 -1988
-5000 -1984
-5000 -1980
-5000 -1976
-5000 -1972
-5000 -1968
-5000 -1964
-5000 -1960
-5000 -1956
-5000 -1952
-5000 -1948
-5000 -1944
-5000 -1940
-5000 -1936
-5000 -1932
-5000 -1928
-5000 -1924
-5000 -1920
-5000 -1916
-5000 -1912
-5000 -1908
-5000 -1904
-5000 -1900
-5000 -1896
-5000 -1892
-5000 -1888
-5000 -1884
-5000 -1880
-5000 -1876
-5000 -1872
-5000 -1868
-5000 -1864
-5000 -1860
-5000 -1856
-5000 -1852
-5000 -1848
-5000 -1844
-5000 -1840
-5000 -1836
-5000 -1832
-5000 -1828
-5000 -1824
-5000 -1820
-5000 -1816
-5000 -1812
-5000 -1808
-5000 -1804
-5000 -1800
-5000 -1796
-5000 -1792
-5000 -1788
-5000 -1784
-5000 -1780
-5000 -1776
-5000 -1772
-5000 -1768
-5000 -1764
-5000 -1760
-5000 -1756
-5000 -1752
-5000 -1748
-5000 -1744
-5000 -1740
-5000 -1736
-5000 -1732
-5000 -1728
-5000 -1724
-5000 -1720
-5000 -1716
-5000 -1712
-5000 -1708
-5000 -1704
-5000 -1700
-5000 -1696
-5000 -1692
-5000 -1688
-5000 -1684
-5000 -1680
-5000 -1676
-5000 -1672
-5000 -1668
-5000 -1664
-5000 -1660
-5000 -1656
-5000 -1652
-5000 -1648
-5000 -1644
-5000 -1640
-5000 -1636
-5000 -1632
-5000 -1628
-5000 -1624
-5000 -1620
-5000 -1616
-5000 -1612
-5000 -1608
-5000 -1604
-5000 -1600
-5000 -1596
-5000 -1592
-5000 -1588
-5000 -1584
-5000 -1580
-5000 -1576
-5000 -1572
-5000 -1568
-5000 -1564
-5000 -1560
-5000 -1556
-5000 -1552
-5000 -1548
-5000 -1544
-5000 -1540
-5000 -1536
-5000 -1532
-5000 -1528
-5000 -1524
-5000 -1520
-5000 -1516
-5000 -1512
-5000 -1508
-5000 -1504
-5000 -1500
-5000 -1496
-5000 -1492
-5000 -1488
-5000 -1484
-5000 -1480
-5000 -1476
-5000 -1472
-5000 -1468
-5000 -1464
-5000 -1460
-5000 -1456
-5000 -1452
-5000 -1448
-5000 -1444
-5000 -1440
-5000 -1436
-5000 -1432
-5000 -1428
-5000 -1424
-5000 -1420
-5000 -1416
-5000 -1412
-5000 -1408
-5000 -1404
-5000 -1400
-5000 -1396
-5000 -1392
-5000 -1388
-5000 -1384
-5000 -1380
-5000 -1376
-5000 -1372
-5000 -1368
-5000 -1364
-5000 -1360
-5000 -1356
-5000 -1352
-5000 -1348
-5000 -1344
-5000 -1340
-5000 -1336
-5000 -1332
-5000 -1328
-5000 -1324
-5000 -1320
-5000 -1316
-5000 -1312
-5000 -1308
-5000 -1304
-5000 -1300
-5000 -1296
-5000 -1292
-5000 -1288
-5000 -1284
-5000 -1280
-5000 -1276
-5000 -1272
-5000 -1268
-5000 -1264
-5000 -1260
-5000 -1256
-5000 -1252
-5000 -1248
-5000 -1244
-5000 -1240
-5000 -1236
-5000 -1232
-5000 -1228
-5000 -1224
-5000 -1220
-5000 -1216
-5000 -1212
-5000 -1208
-5000 -1204
-5000 -1200
-5000 -1196
-5000 -1192
-5000 -1188
-5000 -1184
-5000 -1180
-5000 -1176
-5000 -1172
-5000 -1168
-5000 -1164
-5000 -1160
-5000 -1156
-5000 -1152
-5000 -1148
-5000 -1144
-5000 -1140
-5000 -1136
-5000 -1132
-5000 -1128
-5000 -1124
-5000 -1120
-5000 -1116
-5000 -1112
-5000 -1108
-5000 -1104
-5000 -1100
-5000 -1096
-5000 -1092
-5000 -1088
-5000 -1084
-5000 -1080
-5000 -1076
-5000 -1072
-5000 -1068
-5000 -1064
-5000 -1060
-5000 -1056
-5000 -1052
-5000 -1048
-5000 -1044
-5000 -1040
-5000 -1036
-5000 -1032
-5000 -1028
-5000 -1024
-5000 -1020
-5000 -1016
-5000 -1012
-5000 -1008
-5000 -1004
-5000 -1000
-5000 -996
-5000 -992
-5000 -988
-5000 -984
-5000 -980
-5000 -976
-5000 -972
-5000 -968
-5000 -964
-5000 -960
-5000 -956
-5000 -952
-5000 -948
-5000 -944
-5000 -940
-5000 -936
-5000 -932
-5000 -928
-5000 -924
-5000 -920
-5000 -916
-5000 -912
-5000 -908
-5000 -904
-5000 -900
-5000 -896
-5000 -892
-5000 -888
-5000 -884
-5000 -880
-5000 -876
-5000 -872
-5000 -868
-5000 -864
-5000 -860
-5000 -856
-5000 -852
-5000 -848
-5000 -844
-5000 -840
-5000 -836
-5000 -832
-5000 -828
-5000 -824
-5000 -820
-5000 -816
-5000 -812
-5000 -808
-5000 -804
-5000 -800
-5000 -796
-5000 -792
-5000 -788
-5000 -784
-5000 -780
-5000 -776
-5000 -772
-5000 -768
-5000 -764
-5000 -760
-5000 -756
-5000 -752
-5000 -748
-5000 -744
-5000 -740
-5000 -736
-5000 -732
-5000 -728
-5000 -724
-5000 -720
-5000 -716
-5000 -712
-5000 -708
-5000 -704
-5000 -700
-5000 -696
-5000 -692
-5000 -688
-5000 -684
-5000 -680
-5000 -676
-5000 -672
-5000 -668
-5000 -664
-5000 -660
-5000 -656
-5000 -652
-5000 -648
-5000 -644
-5000 -640
-5000 -636
-5000 -632
-5000 -628
-5000 -624
-5000 -620
-5000 -616
-5000 -612
-5000 -608
-5000 -604
-5000 -600
-5000 -596
-5000 -592
-5000 -588
-5000 -584
-5000 -580
-5000 -576
-5000 -572
-5000 -568
-5000 -564
-5000 -560
-5000 -556
-5000 -552
-5000 -548
-5000 -544
-5000 -540
-5000 -536
-5000 -532
-5000 -528
-5000 -524
-5000 -520
-5000 -516
-5000 -512
-5000 -508
-5000 -504
-5000 -500
-5000 -496
-5000 -492
-5000 -488
-5000 -484
-5000 -480
-5000 -476
-5000 -472
-5000 -468
-5000 -464
-5000 -460
-5000 -456
-5000 -452
-5000 -448
-5000 -444
-5000 -440
-5000 -436
-5000 -432
-5000 -428
-5000 -424
-5000 -420
-5000 -416
-5000 -412
-5000 -408
-5000 -404
-5000 -400
-5000 -396
-5000 -392
-5000 -388
-5000 -384
-5000 -380
-5000 -376
-5000 -372
-5000 -368
-5000 -364
-5000 -360
-5000 -356
-5000 -352
-5000 -348
-5000 -344
-5000 -340
-5000 -336
-5000 -332
-5000 -328
-5000 -324
-5000 -320
-5000 -316
-5000 -312
-5000 -308
-5000 -304
-5000 -300
-5000 -296
-5000 -292
-5000 -288
-5000 -284
-5000 -280
-5000 -276
-5000 -272
-5000 -268
-5000 -264
-5000 -260
-5000 -256
-5000 -252
-5000 -248
-5000 -244
-5000 -240
-5000 -236
-5000 -232
-5000 -228
-5000 -224
-5000 -220
-5000 -216
-5000 -212
-5000 -208
-5000 -204
-5000 -200
-5000 -196
-5000 -192
-5000 -188
-5000 -184
-5000 -180
-5000 -176
-5000 -172
-5000 -168
-5000 -164
-5000 -160
-5000 -156
-5000 -152
-5000 -148
-5000 -144
-5000 -140
-5000 -136
-5000 -132
-5000 -128
-5000 -124
-5000 -120
-5000 -116
-5000 -112
-5000 -108
-5000 -104
-5000 -100
-5000 -96
-5000 -92
-5000 -88
-5000 -84
-5000 -80
-5000 -76
-5000 -72
-5000 -68
-5000 -64
-5000 -60
-5000 -56
-5000 -52
-5000 -48
-5000 -44
-5000 -40
-5000 -36
-5000 -32
-5000 -28
-5000 -24
-5000 -20
-5000 -16
-5000 -12
-5000 -8
-5000 -4
-5000 0
-5000 4
-5000 8
-5000 12
-5000 16
-5000 20
-5000 24
-5000 28
-5000 32
-5000 36
-5000 40
-5000 44
-5000 48
-5000 52
-5000 56
-5000 60
-5000 64
-5000 68
-5000 72
-5000 76
-5000 80
-5000 84
-5000 88
-5000 92
-5000 96
-5000 100
-5000 104
-5000 108
-5000 112
-5000 116
-5000 120
-5000 124
-5000 128
-5000 132
-5000 136
-5000 140
-5000 144
-5000 148
-5000 152
-5000 156
-5000 160
-5000 164
-5000 168
-5000 172
-5000 176
-5000 180
-5000 184
-5000 188
-5000 192
-5000 196
-5000 200
-5000 204
-5000 208
-5000 212
-5000 216
-5000 220
-5000 224
-5000 228
-5000 232
-5000 236
-5000 240
-5000 244
-5000 248
-5000 252
-5000 256
-5000 260
-5000 264
-5000 268
-5000 272
-5000 276
-5000 280
-5000 284
-5000 288
-5000 292
-5000 296
-5000 300
-5000 304
-5000 308
-5000 312
-5000 316
-5000 320
-5000 324
-5000 328
-5000 332
-5000 336
-5000 340
-5000 344
-5000 348
-5000 352
-5000 356
-5000 360
-5000 364
-5000 368
-5000 372
-5000 376
-5000 380
-5000 384
-5000 388
-5000 392
-5000 396
-5000 400
-5000 404
-5000 408
-5000 412
-5000 416
-5000 420
-5000 424
-5000 428
-5000 432
-5000 436
-5000 440
-5000 444
-5000 448
-5000 452
-5000 456
-5000 460
-5000 464
-5000 468
-5000 472
-5000 476
-5000 480
-5000 484
-5000 488
-5000 492
-5000 496
-5000 500
-5000 504
-5000 508
-5000 512
-5000 516
-5000 520
-5000 524
-5000 528
-5000 532
-5000 536
-5000 540
-5000 544
-5000 548
-5000 552
-5000 556
-5000 560
-5000 564
-5000 568
-5000 572
-5000 576
-5000 580
-5000 584
-5000 588
-5000 592
-5000 596
-5000 600
-5000 604
-5000 608
-5000 612
-5000 616
-5000 620
-5000 624
-5000 628
-5000 632
-5000 636
-5000 640
-5000 644
-5000 648
-5000 652
-5000 656
-5000 660
-5000 664
-5000 668
-5000 672
-5000 676
-5000 680
-5000 684
-5000 688
-5000 692
-5000 696
-5000 700
-5000 704
-5000 708
-5000 712
-5000 716
-5000 720
-5000 724
-5000 728
-5000 732
-5000 736
-5000 740
-5000 744
-5000 748
-5000 752
-5000 756
-5000 760
-5000 764
-5000 768
-5000 772
-5000 776
-5000 780
-5000 784
-5000 788
-5000 792
-5000 796
-5000 800
-5000 804
-5000 808
-5000 812
-5000 816
-5000 820
-5000 824
-5000 828
-5000 832
-5000 836
-5000 840
-5000 844
-5000 848
-5000 852
-5000 856
-5000 860
-5000 864
-5000 868
-5000 872
-5000 876
-5000 880
-5000 884
-5000 888
-5000 892
-5000 896
-5000 900
-5000 904
-5000 908
-5000 912
-5000 916
-5000 920
-5000 924
-5000 928
-5000 932
-5000 936
-5000 940
-5000 944
-5000 948
-5000 952
-5000 956
-5000 960
-5000 964
-5000 968
-5000 972
-5000 976
-5000 980
-5000 984
-5000 988
-5000 992
-5000 996
-5000 1000
-5000 1004
-5000 1008
-5000 1012
-5000 1016
-5000 1020
-5000 1024
-5000 1028
-5000 1032
-5000 1036
-5000 1040
-5000 1044
-5000 1048
-5000 1052
-5000 1056
-5000 1060
-5000 1064
-5000 1068
-5000 1072
-5000 1076
-5000 1080
-5000 1084
-5000 1088
-5000 1092
-5000 1096
-5000 1100
-5000 1104
-5000 1108
-5000 1112
-5000 1116
-5000 1120
-5000 1124
-5000 1128
-5000 1132
-5000 1136
-5000 1140
-5000 1144
-5000 1148
-5000 1152
-5000 1156
-5000 1160
-5000 1164
-5000 1168
-5000 1172
-5000 1176
-5000 1180
-5000 1184
-5000 1188
-5000 1192
-5000 1196
-5000 1200
-5000 1204
-5000 1208
-5000 1212
-5000 1216
-5000 1220
-5000 1224
-5000 1228
-5000 1232
-5000 1236
-5000 1240
-5000 1244
-5000 1248
-5000 1252
-5000 1256
-5000 1260
-5000 1264
-5000 1268
-5000 1272
-5000 1276
-5000 1280
-5000 1284
-5000 1288
-5000 1292
-5000 1296
-5000 1300
-5000 1304
-5000 1308
-5000 1312
-5000 1316
-5000 1320
-5000 1324
-5000 1328
-5000 1332
-5000 1336
-5000 1340
-5000 1344
-5000 1348
-5000 1352
-5000 1356
-5000 1360
-5000 1364
-5000 1368
-5000 1372
-5000 1376
-5000 1380
-5000 1384
-5000 1388
-5000 1392
-5000 1396
-5000 1400
-5000 1404
-5000 1408
-5000 1412
-5000 1416
-5000 1420
-5000 1424
-5000 1428
-5000 1432
-5000 1436
-5000 1440
-5000 1444
-5000 1448
-5000 1452
-5000 1456
-5000 1460
-5000 1464
-5000 1468
-5000 1472
-5000 1476
-5000 1480
-5000 1484
-5000 1488
-5000 1492
-5000 1496
-5000 1500
-5000 1504
-5000 1508
-5000 1512
-5000 1516
-5000 1520
-5000 1524
-5000 1528
-5000 1532
-5000 1536
-5000 1540
-5000 1544
-5000 1548
-5000 1552
-5000 1556
-5000 1560
-5000 1564
-5000 1568
-5000 1572
-5000 1576
-5000 1580
-5000 1584
-5000 1588
-5000 1592
-5000 1596
-5000 1600
-5000 1604
-5000 1608
-5000 1612
-5000 1616
-5000 1620
-5000 1624
-5000 1628
-5000 1632
-5000 1636
-5000 1640
-5000 1644
-5000 1648
-5000 1652
-5000 1656
-5000 1660
-5000 1664
-5000 1668
-5000 1672
-5000 1676
-5000 1680
-5000 1684
-5000 1688
-5000 1692
-5000 1696
-5000 1700
-5000 1704
-5000 1708
-5000 1712
-5000 1716
-5000 1720
-5000 1724
-5000 1728
-5000 1732
-5000 1736
-5000 1740
-5000 1744
-5000 1748
-5000 1752
-5000 1756
-5000 1760
-5000 1764
-5000 1768
-5000 1772
-5000 1776
-5000 1780
-5000 1784
-5000 1788
-5000 1792
-5000 1796
-5000 1800
-5000 1804
-5000 1808
-5000 1812
-5000 1816
-5000 1820
-5000 1824
-5000 1828
-5000 1832
-5000 1836
-5000 1840
-5000 1844
-5000 1848
-5000 1852
-5000 1856
-5000 1860
-5000 1864
-5000 1868
-5000 1872
-5000 1876
-5000 1880
-5000 1884
-5000 1888
-5000 1892
-5000 1896
-5000 1900
-5000 1904
-5000 1908
-5000 1912
-5000 1916
-5000 1920
-5000 1924
-5000 1928
-5000 1932
-5000 1936
-5000 1940
-5000 1944
-5000 1948
-5000 1952
-5000 1956
-5000 1960
-5000 1964
-5000 1968
-5000 1972
-5000 1976
-5000 1980
-5000 1984
-5000 1988
-5000 1992
-5000 1996
-5000 2000
-5000 2004
-5000 2008
-5000 2012
-5000 2016
-5000 2020
-5000 2024
-5000 2028
-5000 2032
-5000 2036
-5000 2040
-5000 2044
-5000 2048
-5000 2052
-5000 2056
-5000 2060
-5000 2064
-5000 2068
-5000 2072
-5000 2076
-5000 2080
-5000 2084
-5000 2088
-5000 2092
-5000 2096
-5000 2100
-5000 2104
-5000 2108
-5000 2112
-5000 2116
-5000 2120
-5000 2124
-5000 2128
-5000 2132
-5000 2136
-5000 2140
-5000 2144
-5000 2148
-5000 2152
-5000 2156
-5000 2160
-5000 2164
-5000 2168
-5000 2172
-5000 2176
-5000 2180
-5000 2184
-5000 2188
-5000 2192
-5000 2196
-5000 2200
-5000 2204
-5000 2208
-5000 2212
-5000 2216
-5000 2220
-5000 2224
-5000 2228
-5000 2232
-5000 2236
-5000 2240
-5000 2244
-5000 2248
-5000 2252
-5000 2256
-5000 2260
-5000 2264
-5000 2268
-5000 2272
-5000 2276
-5000 2280
-5000 2284
-5000 2288
-5000 2292
-5000 2296
-5000 2300
-5000 2304
-5000 2308
-5000 2312
-5000 2316
-5000 2320
-5000 2324
-5000 2328
-5000 2332
-5000 2336
-5000 2340
-5000 2344
-5000 2348
-5000 2352
-5000 2356
-5000 2360
-5000 2364
-5000 2368
-5000 2372
-5000 2376
-5000 2380
-5000 2384
-5000 2388
-5000 2392
-5000 2396
-5000 2400
-5000 2404
-5000 2408
-5000 2412
-5000 2416
-5000 2420
-5000 2424
-5000 2428
-5000 2432
-5000 2436
-5000 2440
-5000 2444
-5000 2448
-5000 2452
-5000 2456
-5000 2460
-5000 2464
-5000 2468
-5000 2472
-5000 2476
-5000 2480
-5000 2484
-5000 2488
-5000 2492
-5000 2496
-5000 2500
-5000 2504
-5000 2508
-5000 2512
-5000 2516
-5000 2520
-5000 2524
-5000 2528
-5000 2532
-5000 2536
-5000 2540
-5000 2544
-5000 2548
-5000 2552
-5000 2556
-5000 2560
-5000 2564
-5000 2568
-5000 2572
-5000 2576
-5000 2580
-5000 2584
-5000 2588
-5000 2592
-5000 2596
-5000 2600
-5000 2604
-5000 2608
-5000 2612
-5000 2616
-5000 2620
-5000 2624
-5000 2628
-5000 2632
-5000 2636
-5000 2640
-5000 2644
-5000 2648
-5000 2652
-5000 2656
-5000 2660
-5000 2664
-5000 2668
-5000 2672
-5000 2676
-5000 2680
-5000 2684
-5000 2688
-5000 2692
-5000 2696
-5000 2700
-5000 2704
-5000 2708
-5000 2712
-5000 2716
-5000 2720
-5000 2724
-5000 2728
-5000 2732
-5000 2736
-5000 2740
-5000 2744
-5000 2748
-5000 2752
-5000 2756
-5000 2760
-5000 2764
-5000 2768
-5000 2772
-5000 2776
-5000 2780
-5000 2784
-5000 2788
-5000 2792
-5000 2796
-5000 2800
-5000 2804
-5000 2808
-5000 2812
-5000 2816
-5000 2820
-5000 2824
-5000 2828
-5000 2832
-5000 2836
-5000 2840
-5000 2844
-5000 2848
-5000 2852
-5000 2856
-5000 2860
-5000 2864
-5000 2868
-5000 2872
-5000 2876
-5000 2880
-5000 2884
-5000 2888
-5000 2892
-5000 2896
-5000 2900
-5000 2904
-5000 2908
-5000 2912
-5000 2916
-5000 2920
-5000 2924
-5000 2928
-5000 2932
-5000 2936
-5000 2940
-5000 2944
-5000 2948
-5000 2952
-5000 2956
-5000 2960
-5000 2964
-5000 2968
-5000 2972
-5000 2976
-5000 2980
-5000 2984
-5000 2988
-5000 2992
-5000 2996
-5000 3000
-5000 3004
-5000 3008
-5000 3012
-5000 3016
-5000 3020
-5000 3024
-5000 3028
-5000 3032
-5000 3036
-5000 3040
-5000 3044
-5000 3048
-5000 3052
-5000 3056
-5000 3060
-5000 3064
-5000 3068
-5000 3072
-5000 3076
-5000 3080
-5000 3084
-5000 3088
-5000 3092
-5000 3096
-5000 3100
-5000 3104
-5000 3108
-5000 3112
-5000 3116
-5000 3120
-5000 3124
-5000 3128
-5000 3132
-5000 3136
-5000 3140
-5000 3144
-5000 3148
-5000 3152
-5000 3156
-5000 3160
-5000 3164
-5000 3168
-5000 3172
-5000 3176
-5000 3180
-5000 3184
-5000 3188
-5000 3192
-5000 3196
-5000 3200
-5000 3204
-5000 3208
-5000 3212
-5000 3216
-5000 3220
-5000 3224
-5000 3228
-5000 3232
-5000 3236
-5000 3240
-5000 3244
-5000 3248
-5000 3252
-5000 3256
-5000 3260
-5000 3264
-5000 3268
-5000 3272
-5000 3276
-5000 3280
-5000 3284
-5000 3288
-5000 3292
-5000 3296
-5000 3300
-5000 3304
-5000 3308
-5000 3312
-5000 3316
-5000 3320
-5000 3324
-5000 3328
-5000 3332
-5000 3336
-5000 3340
-5000 3344
-5000 3348
-5000 3352
-5000 3356
-5000 3360
-5000 3364
-5000 3368
-5000 3372
-5000 3376
-5000 3380
-5000 3384
-5000 3388
-5000 3392
-5000 3396
-5000 3400
-5000 3404
-5000 3408
-5000 3412
-5000 3416
-5000 3420
-5000 3424
-5000 3428
-5000 3432
-5000 3436
-5000 3440
-5000 3444
-5000 3448
-5000 3452
-5000 3456
-5000 3460
-5000 3464
-5000 3468
-5000 3472
-5000 3476
-5000 3480
-5000 3484
-5000 3488
-5000 3492
-5000 3496
-5000 3500
-5000 3504
-5000 3508
-5000 3512
-5000 3516
-5000 3520
-5000 3524
-5000 3528
-5000 3532
-5000 3536
-5000 3540
-5000 3544
-5000 3548
-5000 3552
-5000 3556
-5000 3560
-5000 3564
-5000 3568
-5000 3572
-5000 3576
-5000 3580
-5000 3584
-5000 3588
-5000 3592
-5000 3596
-5000 3600
-5000 3604
-5000 3608
-5000 3612
-5000 3616
-5000 3620
-5000 3624
-5000 3628
-5000 3632
-5000 3636
-5000 3640
-5000 3644
-5000 3648
-5000 3652
-5000 3656
-5000 3660
-5000 3664
-5000 3668
-5000 3672
-5000 3676
-5000 3680
-5000 3684
-5000 3688
-5000 3692
-5000 3696
-5000 3700
-5000 3704
-5000 3708
-5000 3712
-5000 3716
-5000 3720
-5000 3724
-5000 3728
-5000 3732
-5000 3736
-5000 3740
-5000 3744
-5000 3748
-5000 3752
-5000 3756
-5000 3760
-5000 3764
-5000 3768
-5000 3772
-5000 3776
-5000 3780
-5000 3784
-5000 3788
-5000 3792
-5000 3796
-5000 3800
-5000 3804
-5000 3808
-5000 3812
-5000 3816
-5000 3820
-5000 3824
-5000 3828
-5000 3832
-5000 3836
-5000 3840
-5000 3844
-5000 3848
-5000 3852
-5000 3856
-5000 3860
-5000 3864
-5000 3868
-5000 3872
-5000 3876
-5000 3880
-5000 3884
-5000 3888
-5000 3892
-5000 3896
-5000 3900
-5000 3904
-5000 3908
-5000 3912
-5000 3916
-5000 3920
-5000 3924
-5000 3928
-5000 3932
-5000 3936
-5000 3940
-5000 3944
-5000 3948
-5000 3952
-5000 3956
-5000 3960
-5000 3964
-5000 3968
-5000 3972
-5000 3976
-5000 3980
-5000 3984
-5000 3988
-5000 3992
-5000 3996
-5000 4000
-5000 4004
-5000 4008
-5000 4012
-5000 4016
-5000 4020
-5000 4024
-5000 4028
-5000 4032
-5000 4036
-5000 4040
-5000 4044
-5000 4048
-5000 4052
-5000 4056
-5000 4060
-5000 4064
-5000 4068
-5000 4072
-5000 4076
-5000 4080
-5000 4084
-5000 4088
-5000 4092
-5000 4096
-5000 4100
-5000 4104
-5000 4108
-5000 4112
-5000 4116
-5000 4120
-5000 4124
-5000 4128
-5000 4132
-5000 4136
-5000 4140
-5000 4144
-5000 4148
-5000 4152
-5000 4156
-5000 4160
-5000 4164
-5000 4168
-5000 4172
-5000 4176
-5000 4180
-5000 4184
-5000 4188
-5000 4192
-5000 4196
-5000 4200
-5000 4204
-5000 4208
-5000 4212
-5000 4216
-5000 4220
-5000 4224
-5000 4228
-5000 4232
-5000 4236
-5000 4240
-5000 4244
-5000 4248
-5000 4252
-5000 4256
-5000 4260
-5000 4264
-5000 4268
-5000 4272
-5000 4276
-5000 4280
-5000 4284
-5000 4288
-5000 4292
-5000 4296
-5000 4300
-5000 4304
-5000 4308
-5000 4312
-5000 4316
-5000 4320
-5000 4324
-5000 4328
-5000 4332
-5000 4336
-5000 4340
-5000 4344
-5000 4348
-5000 4352
-5000 4356
-5000 4360
-5000 4364
-5000 4368
-5000 4372
-5000 4376
-5000 4380
-5000 4384
-5000 4388
-5000 4392
-5000 4396
-5000 4400
-5000 4404
-5000 4408
-5000 4412
-5000 4416
-5000 4420
-5000 4424
-5000 4428
-5000 4432
-5000 4436
-5000 4440
-5000 4444
-5000 4448
-5000 4452
-5000 4456
-5000 4460
-5000 4464
-5000 4468
-5000 4472
-5000 4476
-5000 4480
-5000 4484
-5000 4488
-5000 4492
-5000 4496
-5000 4500
-5000 4504
-5000 4508
-5000 4512
-5000 4516
-5000 4520
-5000 4524
-5000 4528
-5000 4532
-5000 4536
-5000 4540
-5000 4544
-5000 4548
-5000 4552
-5000 4556
-5000 4560
-5000 4564
-5000 4568
-5000 4572
-5000 4576
-5000 4580
-5000 4584
-5000 4588
-5000 4592
-5000 4596
-5000 4600
-5000 4604
-5000 4608
-5000 4612
-5000 4616
-5000 4620
-5000 4624
-5000 4628
-5000 4632
-5000 4636
-5000 4640
-5000 4644
-5000 4648
-5000 4652
-5000 4656
-5000 4660
-5000 4664
-5000 4668
-5000 4672
-5000 4676
-5000 4680
-5000 4684
-5000 4688
-5000 4692
-5000 4696
-5000 4700
-5000 4704
-5000 4708
-5000 4712
-5000 4716
-5000 4720
-5000 4724
-5000 4728
-5000 4732
-5000 4736
-5000 4740
-5000 4744
-5000 4748
-5000 4752
-5000 4756
-5000 4760
-5000 4764
-5000 4768
-5000 4772
-5000 4776
-5000 4780
-5000 4784
-5000 4788
-5000 4792
-5000 4796
-5000 4800
-5000 4804
-5000 4808
-5000 4812
-5000 4816
-5000 4820
-5000 4824
-5000 4828
-5000 4832
-5000 4836
-5000 4840
-5000 4844
-5000 4848
-5000 4852
-5000 4856
-5000 4860
-5000 4864
-5000 4868
-5000 4872
-5000 4876
-5000 4880
-5000 4884
-5000 4888
-5000 4892
-5000 4896
-5000 4900
-5000 4904
-5000 4908
-5000 4912
-5000 4916
-5000 4920
-5000 4924
-5000 4928
-5000 4932
-5000 4936
-5000 4940
-5000 4944
-5000 4948
-5000 4952
-5000 4956
-5000 4960
-5000 4964
-5000 4968
-5000 4972
-5000 4976
-5000 4980
-5000 4984
-5000 4988
-5000 4992
-5000 4996
-5000 5000
