2500 845
-2500 5000
-2497 4996
-2494 4992
-2491 4988
-2488 4984
-2485 4980
-2482 4976
-2479 4972
-2476 4968
-2473 4964
-2470 4960
-2467 4956
-2464 4952
-2461 4948
-2458 4944
-2455 4940
-2452 4936
-2449 4932
-2446 4928
-2443 4924
-2440 4920
-2437 4916
-2434 4912
-2431 4908
-2428 4904
-2425 4900
-2422 4896
-2419 4892
-2416 4888
-2413 4884
-2410 4880
-2407 4876
-2404 4872
-2401 4868
-2398 4864
-2395 4860
-2392 4856
-2389 4852
-2386 4848
-2383 4844
-2380 4840
-2377 4836
-2374 4832
-2371 4828
-2368 4824
-2365 4820
-2362 4816
-2359 4812
-2356 4808
-2353 4804
-2350 4800
-2347 4796
-2344 4792
-2341 4788
-2338 4784
-2335 4780
-2332 4776
-2329 4772
-2326 4768
-2323 4764
-2320 4760
-2317 4756
-2314 4752
-2311 4748
-2308 4744
-2305 4740
-2302 4736
-2299 4732
-2296 4728
-2293 4724
-2290 4720
-2287 4716
-2284 4712
-2281 4708
-2278 4704
-2275 4700
-2272 4696
-2269 4692
-2266 4688
-2263 4684
-2260 4680
-2257 4676
-2254 4672
-2251 4668
-2248 4664
-2245 4660
-2242 4656
-2239 4652
-2236 4648
-2233 4644
-2230 4640
-2227 4636
-2224 4632
-2221 4628
-2218 4624
-2215 4620
-2212 4616
-2209 4612
-2206 4608
-2203 4604
-2200 4600
-2197 4596
-2194 4592
-2191 4588
-2188 4584
-2185 4580
-2182 4576
-2179 4572
-2176 4568
-2173 4564
-2170 4560
-2167 4556
-2164 4552
-2161 4548
-2158 4544
-2155 4540
-2152 4536
-2149 4532
-2146 4528
-2143 4524
-2140 4520
-2137 4516
-2134 4512
-2131 4508
-2128 4504
-2125 4500
-2122 4496
-2119 4492
-2116 4488
-2113 4484
-2110 4480
-2107 4476
-2104 4472
-2101 4468
-2098 4464
-2095 4460
-2092 4456
-2089 4452
-2086 4448
-2083 4444
-2080 4440
-2077 4436
-2074 4432
-2071 4428
-2068 4424
-2065 4420
-2062 4416
-2059 4412
-2056 4408
-2053 4404
-2050 4400
-2047 4396
-2044 4392
-2041 4388
-2038 4384
-2035 4380
-2032 4376
-2029 4372
-2026 4368
-2023 4364
-2020 4360
-2017 4356
-2014 4352
-2011 4348
-2008 4344
-2005 4340
-2002 4336
-1999 4332
-1996 4328
-1993 4324
-1990 4320
-1987 4316
-1984 4312
-1981 4308
-1978 4304
-1975 4300
-1972 4296
-1969 4292
-1966 4288
-1963 4284
-1960 4280
-1957 4276
-1954 4272
-1951 4268
-1948 4264
-1945 4260
-1942 4256
-1939 4252
-1936 4248
-1933 4244
-1930 4240
-1927 4236
-1924 4232
-1921 4228
-1918 4224
-1915 4220
-1912 4216
-1909 4212
-1906 4208
-1903 4204
-1900 4200
-1897 4196
-1894 4192
-1891 4188
-1888 4184
-1885 4180
-1882 4176
-1879 4172
-1876 4168
-1873 4164
-1870 4160
-1867 4156
-1864 4152
-1861 4148
-1858 4144
-1855 4140
-1852 4136
-1849 4132
-1846 4128
-1843 4124
-1840 4120
-1837 4116
-1834 4112
-1831 4108
-1828 4104
-1825 4100
-1822 4096
-1819 4092
-1816 4088
-1813 4084
-1810 4080
-1807 4076
-1804 4072
-1801 4068
-1798 4064
-1795 4060
-1792 4056
-1789 4052
-1786 4048
-1783 4044
-1780 4040
-1777 4036
-1774 4032
-1771 4028
-1768 4024
-1765 4020
-1762 4016
-1759 4012
-1756 4008
-1753 4004
-1750 4000
-1747 3996
-1744 3992
-1741 3988
-1738 3984
-1735 3980
-1732 3976
-1729 3972
-1726 3968
-1723 3964
-1720 3960
-1717 3956
-1714 3952
-1711 3948
-1708 3944
-1705 3940
-1702 3936
-1699 3932
-1696 3928
-1693 3924
-1690 3920
-1687 3916
-1684 3912
-1681 3908
-1678 3904
-1675 3900
-1672 3896
-1669 3892
-1666 3888
-1663 3884
-1660 3880
-1657 3876
-1654 3872
-1651 3868
-1648 3864
-1645 3860
-1642 3856
-1639 3852
-1636 3848
-1633 3844
-1630 3840
-1627 3836
-1624 3832
-1621 3828
-1618 3824
-1615 3820
-1612 3816
-1609 3812
-1606 3808
-1603 3804
-1600 3800
-1597 3796
-1594 3792
-1591 3788
-1588 3784
-1585 3780
-1582 3776
-1579 3772
-1576 3768
-1573 3764
-1570 3760
-1567 3756
-1564 3752
-1561 3748
-1558 3744
-1555 3740
-1552 3736
-1549 3732
-1546 3728
-1543 3724
-1540 3720
-1537 3716
-1534 3712
-1531 3708
-1528 3704
-1525 3700
-1522 3696
-1519 3692
-1516 3688
-1513 3684
-1510 3680
-1507 3676
-1504 3672
-1501 3668
-1498 3664
-1495 3660
-1492 3656
-1489 3652
-1486 3648
-1483 3644
-1480 3640
-1477 3636
-1474 3632
-1471 3628
-1468 3624
-1465 3620
-1462 3616
-1459 3612
-1456 3608
-1453 3604
-1450 3600
-1447 3596
-1444 3592
-1441 3588
-1438 3584
-1435 3580
-1432 3576
-1429 3572
-1426 3568
-1423 3564
-1420 3560
-1417 3556
-1414 3552
-1411 3548
-1408 3544
-1405 3540
-1402 3536
-1399 3532
-1396 3528
-1393 3524
-1390 3520
-1387 3516
-1384 3512
-1381 3508
-1378 3504
-1375 3500
-1372 3496
-1369 3492
-1366 3488
-1363 3484
-1360 3480
-1357 3476
-1354 3472
-1351 3468
-1348 3464
-1345 3460
-1342 3456
-1339 3452
-1336 3448
-1333 3444
-1330 3440
-1327 3436
-1324 3432
-1321 3428
-1318 3424
-1315 3420
-1312 3416
-1309 3412
-1306 3408
-1303 3404
-1300 3400
-1297 3396
-1294 3392
-1291 3388
-1288 3384
-1285 3380
-1282 3376
-1279 3372
-1276 3368
-1273 3364
-1270 3360
-1267 3356
-1264 3352
-1261 3348
-1258 3344
-1255 3340
-1252 3336
-1249 3332
-1246 3328
-1243 3324
-1240 3320
-1237 3316
-1234 3312
-1231 3308
-1228 3304
-1225 3300
-1222 3296
-1219 3292
-1216 3288
-1213 3284
-1210 3280
-1207 3276
-1204 3272
-1201 3268
-1198 3264
-1195 3260
-1192 3256
-1189 3252
-1186 3248
-1183 3244
-1180 3240
-1177 3236
-1174 3232
-1171 3228
-1168 3224
-1165 3220
-1162 3216
-1159 3212
-1156 3208
-1153 3204
-1150 3200
-1147 3196
-1144 3192
-1141 3188
-1138 3184
-1135 3180
-1132 3176
-1129 3172
-1126 3168
-1123 3164
-1120 3160
-1117 3156
-1114 3152
-1111 3148
-1108 3144
-1105 3140
-1102 3136
-1099 3132
-1096 3128
-1093 3124
-1090 3120
-1087 3116
-1084 3112
-1081 3108
-1078 3104
-1075 3100
-1072 3096
-1069 3092
-1066 3088
-1063 3084
-1060 3080
-1057 3076
-1054 3072
-1051 3068
-1048 3064
-1045 3060
-1042 3056
-1039 3052
-1036 3048
-1033 3044
-1030 3040
-1027 3036
-1024 3032
-1021 3028
-1018 3024
-1015 3020
-1012 3016
-1009 3012
-1006 3008
-1003 3004
-1000 3000
-997 2996
-994 2992
-991 2988
-988 2984
-985 2980
-982 2976
-979 2972
-976 2968
-973 2964
-970 2960
-967 2956
-964 2952
-961 2948
-958 2944
-955 2940
-952 2936
-949 2932
-946 2928
-943 2924
-940 2920
-937 2916
-934 2912
-931 2908
-928 2904
-925 2900
-922 2896
-919 2892
-916 2888
-913 2884
-910 2880
-907 2876
-904 2872
-901 2868
-898 2864
-895 2860
-892 2856
-889 2852
-886 2848
-883 2844
-880 2840
-877 2836
-874 2832
-871 2828
-868 2824
-865 2820
-862 2816
-859 2812
-856 2808
-853 2804
-850 2800
-847 2796
-844 2792
-841 2788
-838 2784
-835 2780
-832 2776
-829 2772
-826 2768
-823 2764
-820 2760
-817 2756
-814 2752
-811 2748
-808 2744
-805 2740
-802 2736
-799 2732
-796 2728
-793 2724
-790 2720
-787 2716
-784 2712
-781 2708
-778 2704
-775 2700
-772 2696
-769 2692
-766 2688
-763 2684
-760 2680
-757 2676
-754 2672
-751 2668
-748 2664
-745 2660
-742 2656
-739 2652
-736 2648
-733 2644
-730 2640
-727 2636
-724 2632
-721 2628
-718 2624
-715 2620
-712 2616
-709 2612
-706 2608
-703 2604
-700 2600
-697 2596
-694 2592
-691 2588
-688 2584
-685 2580
-682 2576
-679 2572
-676 2568
-673 2564
-670 2560
-667 2556
-664 2552
-661 2548
-658 2544
-655 2540
-652 2536
-649 2532
-646 2528
-643 2524
-640 2520
-637 2516
-634 2512
-631 2508
-628 2504
-625 2500
-622 2496
-619 2492
-616 2488
-613 2484
-610 2480
-607 2476
-604 2472
-601 2468
-598 2464
-595 2460
-592 2456
-589 2452
-586 2448
-583 2444
-580 2440
-577 2436
-574 2432
-571 2428
-568 2424
-565 2420
-562 2416
-559 2412
-556 2408
-553 2404
-550 2400
-547 2396
-544 2392
-541 2388
-538 2384
-535 2380
-532 2376
-529 2372
-526 2368
-523 2364
-520 2360
-517 2356
-514 2352
-511 2348
-508 2344
-505 2340
-502 2336
-499 2332
-496 2328
-493 2324
-490 2320
-487 2316
-484 2312
-481 2308
-478 2304
-475 2300
-472 2296
-469 2292
-466 2288
-463 2284
-460 2280
-457 2276
-454 2272
-451 2268
-448 2264
-445 2260
-442 2256
-439 2252
-436 2248
-433 2244
-430 2240
-427 2236
-424 2232
-421 2228
-418 2224
-415 2220
-412 2216
-409 2212
-406 2208
-403 2204
-400 2200
-397 2196
-394 2192
-391 2188
-388 2184
-385 2180
-382 2176
-379 2172
-376 2168
-373 2164
-370 2160
-367 2156
-364 2152
-361 2148
-358 2144
-355 2140
-352 2136
-349 2132
-346 2128
-343 2124
-340 2120
-337 2116
-334 2112
-331 2108
-328 2104
-325 2100
-322 2096
-319 2092
-316 2088
-313 2084
-310 2080
-307 2076
-304 2072
-301 2068
-298 2064
-295 2060
-292 2056
-289 2052
-286 2048
-283 2044
-280 2040
-277 2036
-274 2032
-271 2028
-268 2024
-265 2020
-262 2016
-259 2012
-256 2008
-253 2004
-250 2000
-247 1996
-244 1992
-241 1988
-238 1984
-235 1980
-232 1976
-229 1972
-226 1968
-223 1964
-220 1960
-217 1956
-214 1952
-211 1948
-208 1944
-205 1940
-202 1936
-199 1932
-196 1928
-193 1924
-190 1920
-187 1916
-184 1912
-181 1908
-178 1904
-175 1900
-172 1896
-169 1892
-166 1888
-163 1884
-160 1880
-157 1876
-154 1872
-151 1868
-148 1864
-145 1860
-142 1856
-139 1852
-136 1848
-133 1844
-130 1840
-127 1836
-124 1832
-121 1828
-118 1824
-115 1820
-112 1816
-109 1812
-106 1808
-103 1804
-100 1800
-97 1796
-94 1792
-91 1788
-88 1784
-85 1780
-82 1776
-79 1772
-76 1768
-73 1764
-70 1760
-67 1756
-64 1752
-61 1748
-58 1744
-55 1740
-52 1736
-49 1732
-46 1728
-43 1724
-40 1720
-37 1716
-34 1712
-31 1708
-28 1704
-25 1700
-22 1696
-19 1692
-16 1688
-13 1684
-10 1680
-7 1676
-4 1672
-1 1668
2 1664
5 1660
8 1656
11 1652
14 1648
17 1644
20 1640
23 1636
26 1632
29 1628
32 1624
35 1620
38 1616
41 1612
44 1608
47 1604
50 1600
53 1596
56 1592
59 1588
62 1584
65 1580
68 1576
71 1572
74 1568
77 1564
80 1560
83 1556
86 1552
89 1548
92 1544
95 1540
98 1536
101 1532
104 1528
107 1524
110 1520
113 1516
116 1512
119 1508
122 1504
125 1500
128 1496
131 1492
134 1488
137 1484
140 1480
143 1476
146 1472
149 1468
152 1464
155 1460
158 1456
161 1452
164 1448
167 1444
170 1440
173 1436
176 1432
179 1428
182 1424
185 1420
188 1416
191 1412
194 1408
197 1404
200 1400
203 1396
206 1392
209 1388
212 1384
215 1380
218 1376
221 1372
224 1368
227 1364
230 1360
233 1356
236 1352
239 1348
242 1344
245 1340
248 1336
251 1332
254 1328
257 1324
260 1320
263 1316
266 1312
269 1308
272 1304
275 1300
278 1296
281 1292
284 1288
287 1284
290 1280
293 1276
296 1272
299 1268
302 1264
305 1260
308 1256
311 1252
314 1248
317 1244
320 1240
323 1236
326 1232
329 1228
332 1224
335 1220
338 1216
341 1212
344 1208
347 1204
350 1200
353 1196
356 1192
359 1188
362 1184
365 1180
368 1176
371 1172
374 1168
377 1164
380 1160
383 1156
386 1152
389 1148
392 1144
395 1140
398 1136
401 1132
404 1128
407 1124
410 1120
413 1116
416 1112
419 1108
422 1104
425 1100
428 1096
431 1092
434 1088
437 1084
440 1080
443 1076
446 1072
449 1068
452 1064
455 1060
458 1056
461 1052
464 1048
467 1044
470 1040
473 1036
476 1032
479 1028
482 1024
485 1020
488 1016
491 1012
494 1008
497 1004
500 1000
503 996
506 992
509 988
512 984
515 980
518 976
521 972
524 968
527 964
530 960
533 956
536 952
539 948
542 944
545 940
548 936
551 932
554 928
557 924
560 920
563 916
566 912
569 908
572 904
575 900
578 896
581 892
584 888
587 884
590 880
593 876
596 872
599 868
602 864
605 860
608 856
611 852
614 848
617 844
620 840
623 836
626 832
629 828
632 824
635 820
638 816
641 812
644 808
647 804
650 800
653 796
656 792
659 788
662 784
665 780
668 776
671 772
674 768
677 764
680 760
683 756
686 752
689 748
692 744
695 740
698 736
701 732
704 728
707 724
710 720
713 716
716 712
719 708
722 704
725 700
728 696
731 692
734 688
737 684
740 680
743 676
746 672
749 668
752 664
755 660
758 656
761 652
764 648
767 644
770 640
773 636
776 632
779 628
782 624
785 620
788 616
791 612
794 608
797 604
800 600
803 596
806 592
809 588
812 584
815 580
818 576
821 572
824 568
827 564
830 560
833 556
836 552
839 548
842 544
845 540
848 536
851 532
854 528
857 524
860 520
863 516
866 512
869 508
872 504
875 500
878 496
881 492
884 488
887 484
890 480
893 476
896 472
899 468
902 464
905 460
908 456
911 452
914 448
917 444
920 440
923 436
926 432
929 428
932 424
935 420
938 416
941 412
944 408
947 404
950 400
953 396
956 392
959 388
962 384
965 380
968 376
971 372
974 368
977 364
980 360
983 356
986 352
989 348
992 344
995 340
998 336
1001 332
1004 328
1007 324
1010 320
1013 316
1016 312
1019 308
1022 304
1025 300
1028 296
1031 292
1034 288
1037 284
1040 280
1043 276
1046 272
1049 268
1052 264
1055 260
1058 256
1061 252
1064 248
1067 244
1070 240
1073 236
1076 232
1079 228
1082 224
1085 220
1088 216
1091 212
1094 208
1097 204
1100 200
1103 196
1106 192
1109 188
1112 184
1115 180
1118 176
1121 172
1124 168
1127 164
1130 160
1133 156
1136 152
1139 148
1142 144
1145 140
1148 136
1151 132
1154 128
1157 124
1160 120
1163 116
1166 112
1169 108
1172 104
1175 100
1178 96
1181 92
1184 88
1187 84
1190 80
1193 76
1196 72
1199 68
1202 64
1205 60
1208 56
1211 52
1214 48
1217 44
1220 40
1223 36
1226 32
1229 28
1232 24
1235 20
1238 16
1241 12
1244 8
1247 4
1250 0
1253 -4
1256 -8
1259 -12
1262 -16
1265 -20
1268 -24
1271 -28
1274 -32
1277 -36
1280 -40
1283 -44
1286 -48
1289 -52
1292 -56
1295 -60
1298 -64
1301 -68
1304 -72
1307 -76
1310 -80
1313 -84
1316 -88
1319 -92
1322 -96
1325 -100
1328 -104
1331 -108
1334 -112
1337 -116
1340 -120
1343 -124
1346 -128
1349 -132
1352 -136
1355 -140
1358 -144
1361 -148
1364 -152
1367 -156
1370 -160
1373 -164
1376 -168
1379 -172
1382 -176
1385 -180
1388 -184
1391 -188
1394 -192
1397 -196
1400 -200
1403 -204
1406 -208
1409 -212
1412 -216
1415 -220
1418 -224
1421 -228
1424 -232
1427 -236
1430 -240
1433 -244
1436 -248
1439 -252
1442 -256
1445 -260
1448 -264
1451 -268
1454 -272
1457 -276
1460 -280
1463 -284
1466 -288
1469 -292
1472 -296
1475 -300
1478 -304
1481 -308
1484 -312
1487 -316
1490 -320
1493 -324
1496 -328
1499 -332
1502 -336
1505 -340
1508 -344
1511 -348
1514 -352
1517 -356
1520 -360
1523 -364
1526 -368
1529 -372
1532 -376
1535 -380
1538 -384
1541 -388
1544 -392
1547 -396
1550 -400
1553 -404
1556 -408
1559 -412
1562 -416
1565 -420
1568 -424
1571 -428
1574 -432
1577 -436
1580 -440
1583 -444
1586 -448
1589 -452
1592 -456
1595 -460
1598 -464
1601 -468
1604 -472
1607 -476
1610 -480
1613 -484
1616 -488
1619 -492
1622 -496
1625 -500
1628 -504
1631 -508
1634 -512
1637 -516
1640 -520
1643 -524
1646 -528
1649 -532
1652 -536
1655 -540
1658 -544
1661 -548
1664 -552
1667 -556
1670 -560
1673 -564
1676 -568
1679 -572
1682 -576
1685 -580
1688 -584
1691 -588
1694 -592
1697 -596
1700 -600
1703 -604
1706 -608
1709 -612
1712 -616
1715 -620
1718 -624
1721 -628
1724 -632
1727 -636
1730 -640
1733 -644
1736 -648
1739 -652
1742 -656
1745 -660
1748 -664
1751 -668
1754 -672
1757 -676
1760 -680
1763 -684
1766 -688
1769 -692
1772 -696
1775 -700
1778 -704
1781 -708
1784 -712
1787 -716
1790 -720
1793 -724
1796 -728
1799 -732
1802 -736
1805 -740
1808 -744
1811 -748
1814 -752
1817 -756
1820 -760
1823 -764
1826 -768
1829 -772
1832 -776
1835 -780
1838 -784
1841 -788
1844 -792
1847 -796
1850 -800
1853 -804
1856 -808
1859 -812
1862 -816
1865 -820
1868 -824
1871 -828
1874 -832
1877 -836
1880 -840
1883 -844
1886 -848
1889 -852
1892 -856
1895 -860
1898 -864
1901 -868
1904 -872
1907 -876
1910 -880
1913 -884
1916 -888
1919 -892
1922 -896
1925 -900
1928 -904
1931 -908
1934 -912
1937 -916
1940 -920
1943 -924
1946 -928
1949 -932
1952 -936
1955 -940
1958 -944
1961 -948
1964 -952
1967 -956
1970 -960
1973 -964
1976 -968
1979 -972
1982 -976
1985 -980
1988 -984
1991 -988
1994 -992
1997 -996
2000 -1000
2003 -1004
2006 -1008
2009 -1012
2012 -1016
2015 -1020
2018 -1024
2021 -1028
2024 -1032
2027 -1036
2030 -1040
2033 -1044
2036 -1048
2039 -1052
2042 -1056
2045 -1060
2048 -1064
2051 -1068
2054 -1072
2057 -1076
2060 -1080
2063 -1084
2066 -1088
2069 -1092
2072 -1096
2075 -1100
2078 -1104
2081 -1108
2084 -1112
2087 -1116
2090 -1120
2093 -1124
2096 -1128
2099 -1132
2102 -1136
2105 -1140
2108 -1144
2111 -1148
2114 -1152
2117 -1156
2120 -1160
2123 -1164
2126 -1168
2129 -1172
2132 -1176
2135 -1180
2138 -1184
2141 -1188
2144 -1192
2147 -1196
2150 -1200
2153 -1204
2156 -1208
2159 -1212
2162 -1216
2165 -1220
2168 -1224
2171 -1228
2174 -1232
2177 -1236
2180 -1240
2183 -1244
2186 -1248
2189 -1252
2192 -1256
2195 -1260
2198 -1264
2201 -1268
2204 -1272
2207 -1276
2210 -1280
2213 -1284
2216 -1288
2219 -1292
2222 -1296
2225 -1300
2228 -1304
2231 -1308
2234 -1312
2237 -1316
2240 -1320
2243 -1324
2246 -1328
2249 -1332
2252 -1336
2255 -1340
2258 -1344
2261 -1348
2264 -1352
2267 -1356
2270 -1360
2273 -1364
2276 -1368
2279 -1372
2282 -1376
2285 -1380
2288 -1384
2291 -1388
2294 -1392
2297 -1396
2300 -1400
2303 -1404
2306 -1408
2309 -1412
2312 -1416
2315 -1420
2318 -1424
2321 -1428
2324 -1432
2327 -1436
2330 -1440
2333 -1444
2336 -1448
2339 -1452
2342 -1456
2345 -1460
2348 -1464
2351 -1468
2354 -1472
2357 -1476
2360 -1480
2363 -1484
2366 -1488
2369 -1492
2372 -1496
2375 -1500
2378 -1504
2381 -1508
2384 -1512
2387 -1516
2390 -1520
2393 -1524
2396 -1528
2399 -1532
2402 -1536
2405 -1540
2408 -1544
2411 -1548
2414 -1552
2417 -1556
2420 -1560
2423 -1564
2426 -1568
2429 -1572
2432 -1576
2435 -1580
2438 -1584
2441 -1588
2444 -1592
2447 -1596
2450 -1600
2453 -1604
2456 -1608
2459 -1612
2462 -1616
2465 -1620
2468 -1624
2471 -1628
2474 -1632
2477 -1636
2480 -1640
2483 -1644
2486 -1648
2489 -1652
2492 -1656
2495 -1660
2498 -1664
2501 -1668
2504 -1672
2507 -1676
2510 -1680
2513 -1684
2516 -1688
2519 -1692
2522 -1696
2525 -1700
2528 -1704
2531 -1708
2534 -1712
2537 -1716
2540 -1720
2543 -1724
2546 -1728
2549 -1732
2552 -1736
2555 -1740
2558 -1744
2561 -1748
2564 -1752
2567 -1756
2570 -1760
2573 -1764
2576 -1768
2579 -1772
2582 -1776
2585 -1780
2588 -1784
2591 -1788
2594 -1792
2597 -1796
2600 -1800
2603 -1804
2606 -1808
2609 -1812
2612 -1816
2615 -1820
2618 -1824
2621 -1828
2624 -1832
2627 -1836
2630 -1840
2633 -1844
2636 -1848
2639 -1852
2642 -1856
2645 -1860
2648 -1864
2651 -1868
2654 -1872
2657 -1876
2660 -1880
2663 -1884
2666 -1888
2669 -1892
2672 -1896
2675 -1900
2678 -1904
2681 -1908
2684 -1912
2687 -1916
2690 -1920
2693 -1924
2696 -1928
2699 -1932
2702 -1936
2705 -1940
2708 -1944
2711 -1948
2714 -1952
2717 -1956
2720 -1960
2723 -1964
2726 -1968
2729 -1972
2732 -1976
2735 -1980
2738 -1984
2741 -1988
2744 -1992
2747 -1996
2750 -2000
2753 -2004
2756 -2008
2759 -2012
2762 -2016
2765 -2020
2768 -2024
2771 -2028
2774 -2032
2777 -2036
2780 -2040
2783 -2044
2786 -2048
2789 -2052
2792 -2056
2795 -2060
2798 -2064
2801 -2068
2804 -2072
2807 -2076
2810 -2080
2813 -2084
2816 -2088
2819 -2092
2822 -2096
2825 -2100
2828 -2104
2831 -2108
2834 -2112
2837 -2116
2840 -2120
2843 -2124
2846 -2128
2849 -2132
2852 -2136
2855 -2140
2858 -2144
2861 -2148
2864 -2152
2867 -2156
2870 -2160
2873 -2164
2876 -2168
2879 -2172
2882 -2176
2885 -2180
2888 -2184
2891 -2188
2894 -2192
2897 -2196
2900 -2200
2903 -2204
2906 -2208
2909 -2212
2912 -2216
2915 -2220
2918 -2224
2921 -2228
2924 -2232
2927 -2236
2930 -2240
2933 -2244
2936 -2248
2939 -2252
2942 -2256
2945 -2260
2948 -2264
2951 -2268
2954 -2272
2957 -2276
2960 -2280
2963 -2284
2966 -2288
2969 -2292
2972 -2296
2975 -2300
2978 -2304
2981 -2308
2984 -2312
2987 -2316
2990 -2320
2993 -2324
2996 -2328
2999 -2332
3002 -2336
3005 -2340
3008 -2344
3011 -2348
3014 -2352
3017 -2356
3020 -2360
3023 -2364
3026 -2368
3029 -2372
3032 -2376
3035 -2380
3038 -2384
3041 -2388
3044 -2392
3047 -2396
3050 -2400
3053 -2404
3056 -2408
3059 -2412
3062 -2416
3065 -2420
3068 -2424
3071 -2428
3074 -2432
3077 -2436
3080 -2440
3083 -2444
3086 -2448
3089 -2452
3092 -2456
3095 -2460
3098 -2464
3101 -2468
3104 -2472
3107 -2476
3110 -2480
3113 -2484
3116 -2488
3119 -2492
3122 -2496
3125 -2500
3128 -2504
3131 -2508
3134 -2512
3137 -2516
3140 -2520
3143 -2524
3146 -2528
3149 -2532
3152 -2536
3155 -2540
3158 -2544
3161 -2548
3164 -2552
3167 -2556
3170 -2560
3173 -2564
3176 -2568
3179 -2572
3182 -2576
3185 -2580
3188 -2584
3191 -2588
3194 -2592
3197 -2596
3200 -2600
3203 -2604
3206 -2608
3209 -2612
3212 -2616
3215 -2620
3218 -2624
3221 -2628
3224 -2632
3227 -2636
3230 -2640
3233 -2644
3236 -2648
3239 -2652
3242 -2656
3245 -2660
3248 -2664
3251 -2668
3254 -2672
3257 -2676
3260 -2680
3263 -2684
3266 -2688
3269 -2692
3272 -2696
3275 -2700
3278 -2704
3281 -2708
3284 -2712
3287 -2716
3290 -2720
3293 -2724
3296 -2728
3299 -2732
3302 -2736
3305 -2740
3308 -2744
3311 -2748
3314 -2752
3317 -2756
3320 -2760
3323 -2764
3326 -2768
3329 -2772
3332 -2776
3335 -2780
3338 -2784
3341 -2788
3344 -2792
3347 -2796
3350 -2800
3353 -2804
3356 -2808
3359 -2812
3362 -2816
3365 -2820
3368 -2824
3371 -2828
3374 -2832
3377 -2836
3380 -2840
3383 -2844
3386 -2848
3389 -2852
3392 -2856
3395 -2860
3398 -2864
3401 -2868
3404 -2872
3407 -2876
3410 -2880
3413 -2884
3416 -2888
3419 -2892
3422 -2896
3425 -2900
3428 -2904
3431 -2908
3434 -2912
3437 -2916
3440 -2920
3443 -2924
3446 -2928
3449 -2932
3452 -2936
3455 -2940
3458 -2944
3461 -2948
3464 -2952
3467 -2956
3470 -2960
3473 -2964
3476 -2968
3479 -2972
3482 -2976
3485 -2980
3488 -2984
3491 -2988
3494 -2992
3497 -2996
3500 -3000
3503 -3004
3506 -3008
3509 -3012
3512 -3016
3515 -3020
3518 -3024
3521 -3028
3524 -3032
3527 -3036
3530 -3040
3533 -3044
3536 -3048
3539 -3052
3542 -3056
3545 -3060
3548 -3064
3551 -3068
3554 -3072
3557 -3076
3560 -3080
3563 -3084
3566 -3088
3569 -3092
3572 -3096
3575 -3100
3578 -3104
3581 -3108
3584 -3112
3587 -3116
3590 -3120
3593 -3124
3596 -3128
3599 -3132
3602 -3136
3605 -3140
3608 -3144
3611 -3148
3614 -3152
3617 -3156
3620 -3160
3623 -3164
3626 -3168
3629 -3172
3632 -3176
3635 -3180
3638 -3184
3641 -3188
3644 -3192
3647 -3196
3650 -3200
3653 -3204
3656 -3208
3659 -3212
3662 -3216
3665 -3220
3668 -3224
3671 -3228
3674 -3232
3677 -3236
3680 -3240
3683 -3244
3686 -3248
3689 -3252
3692 -3256
3695 -3260
3698 -3264
3701 -3268
3704 -3272
3707 -3276
3710 -3280
3713 -3284
3716 -3288
3719 -3292
3722 -3296
3725 -3300
3728 -3304
3731 -3308
3734 -3312
3737 -3316
3740 -3320
3743 -3324
3746 -3328
3749 -3332
3752 -3336
3755 -3340
3758 -3344
3761 -3348
3764 -3352
3767 -3356
3770 -3360
3773 -3364
3776 -3368
3779 -3372
3782 -3376
3785 -3380
3788 -3384
3791 -3388
3794 -3392
3797 -3396
3800 -3400
3803 -3404
3806 -3408
3809 -3412
3812 -3416
3815 -3420
3818 -3424
3821 -3428
3824 -3432
3827 -3436
3830 -3440
3833 -3444
3836 -3448
3839 -3452
3842 -3456
3845 -3460
3848 -3464
3851 -3468
3854 -3472
3857 -3476
3860 -3480
3863 -3484
3866 -3488
3869 -3492
3872 -3496
3875 -3500
3878 -3504
3881 -3508
3884 -3512
3887 -3516
3890 -3520
3893 -3524
3896 -3528
3899 -3532
3902 -3536
3905 -3540
3908 -3544
3911 -3548
3914 -3552
3917 -3556
3920 -3560
3923 -3564
3926 -3568
3929 -3572
3932 -3576
3935 -3580
3938 -3584
3941 -3588
3944 -3592
3947 -3596
3950 -3600
3953 -3604
3956 -3608
3959 -3612
3962 -3616
3965 -3620
3968 -3624
3971 -3628
3974 -3632
3977 -3636
3980 -3640
3983 -3644
3986 -3648
3989 -3652
3992 -3656
3995 -3660
3998 -3664
4001 -3668
4004 -3672
4007 -3676
4010 -3680
4013 -3684
4016 -3688
4019 -3692
4022 -3696
4025 -3700
4028 -3704
4031 -3708
4034 -3712
4037 -3716
4040 -3720
4043 -3724
4046 -3728
4049 -3732
4052 -3736
4055 -3740
4058 -3744
4061 -3748
4064 -3752
4067 -3756
4070 -3760
4073 -3764
4076 -3768
4079 -3772
4082 -3776
4085 -3780
4088 -3784
4091 -3788
4094 -3792
4097 -3796
4100 -3800
4103 -3804
4106 -3808
4109 -3812
4112 -3816
4115 -3820
4118 -3824
4121 -3828
4124 -3832
4127 -3836
4130 -3840
4133 -3844
4136 -3848
4139 -3852
4142 -3856
4145 -3860
4148 -3864
4151 -3868
4154 -3872
4157 -3876
4160 -3880
4163 -3884
4166 -3888
4169 -3892
4172 -3896
4175 -3900
4178 -3904
4181 -3908
4184 -3912
4187 -3916
4190 -3920
4193 -3924
4196 -3928
4199 -3932
4202 -3936
4205 -3940
4208 -3944
4211 -3948
4214 -3952
4217 -3956
4220 -3960
4223 -3964
4226 -3968
4229 -3972
4232 -3976
4235 -3980
4238 -3984
4241 -3988
4244 -3992
4247 -3996
4250 -4000
4253 -4004
4256 -4008
4259 -4012
4262 -4016
4265 -4020
4268 -4024
4271 -4028
4274 -4032
4277 -4036
4280 -4040
4283 -4044
4286 -4048
4289 -4052
4292 -4056
4295 -4060
4298 -4064
4301 -4068
4304 -4072
4307 -4076
4310 -4080
4313 -4084
4316 -4088
4319 -4092
4322 -4096
4325 -4100
4328 -4104
4331 -4108
4334 -4112
4337 -4116
4340 -4120
4343 -4124
4346 -4128
4349 -4132
4352 -4136
4355 -4140
4358 -4144
4361 -4148
4364 -4152
4367 -4156
4370 -4160
4373 -4164
4376 -4168
4379 -4172
4382 -4176
4385 -4180
4388 -4184
4391 -4188
4394 -4192
4397 -4196
4400 -4200
4403 -4204
4406 -4208
4409 -4212
4412 -4216
4415 -4220
4418 -4224
4421 -4228
4424 -4232
4427 -4236
4430 -4240
4433 -4244
4436 -4248
4439 -4252
4442 -4256
4445 -4260
4448 -4264
4451 -4268
4454 -4272
4457 -4276
4460 -4280
4463 -4284
4466 -4288
4469 -4292
4472 -4296
4475 -4300
4478 -4304
4481 -4308
4484 -4312
4487 -4316
4490 -4320
4493 -4324
4496 -4328
4499 -4332
4502 -4336
4505 -4340
4508 -4344
4511 -4348
4514 -4352
4517 -4356
4520 -4360
4523 -4364
4526 -4368
4529 -4372
4532 -4376
4535 -4380
4538 -4384
4541 -4388
4544 -4392
4547 -4396
4550 -4400
4553 -4404
4556 -4408
4559 -4412
4562 -4416
4565 -4420
4568 -4424
4571 -4428
4574 -4432
4577 -4436
4580 -4440
4583 -4444
4586 -4448
4589 -4452
4592 -4456
4595 -4460
4598 -4464
4601 -4468
4604 -4472
4607 -4476
4610 -4480
4613 -4484
4616 -4488
4619 -4492
4622 -4496
4625 -4500
4628 -4504
4631 -4508
4634 -4512
4637 -4516
4640 -4520
4643 -4524
4646 -4528
4649 -4532
4652 -4536
4655 -4540
4658 -4544
4661 -4548
4664 -4552
4667 -4556
4670 -4560
4673 -4564
4676 -4568
4679 -4572
4682 -4576
4685 -4580
4688 -4584
4691 -4588
4694 -4592
4697 -4596
4700 -4600
4703 -4604
4706 -4608
4709 -4612
4712 -4616
4715 -4620
4718 -4624
4721 -4628
4724 -4632
4727 -4636
4730 -4640
4733 -4644
4736 -4648
4739 -4652
4742 -4656
4745 -4660
4748 -4664
4751 -4668
4754 -4672
4757 -4676
4760 -4680
4763 -4684
4766 -4688
4769 -4692
4772 -4696
4775 -4700
4778 -4704
4781 -4708
4784 -4712
4787 -4716
4790 -4720
4793 -4724
4796 -4728
4799 -4732
4802 -4736
4805 -4740
4808 -4744
4811 -4748
4814 -4752
4817 -4756
4820 -4760
4823 -4764
4826 -4768
4829 -4772
4832 -4776
4835 -4780
4838 -4784
4841 -4788
4844 -4792
4847 -4796
4850 -4800
4853 -4804
4856 -4808
4859 -4812
4862 -4816
4865 -4820
4868 -4824
4871 -4828
4874 -4832
4877 -4836
4880 -4840
4883 -4844
4886 -4848
4889 -4852
4892 -4856
4895 -4860
4898 -4864
4901 -4868
4904 -4872
4907 -4876
4910 -4880
4913 -4884
4916 -4888
4919 -4892
4922 -4896
4925 -4900
4928 -4904
4931 -4908
4934 -4912
4937 -4916
4940 -4920
4943 -4924
4946 -4928
4949 -4932
4952 -4936
4955 -4940
4958 -4944
4961 -4948
4964 -4952
4967 -4956
4970 -4960
4973 -4964
4976 -4968
4979 -4972
4982 -4976
4985 -4980
4988 -4984
4991 -4988
4994 -4992
4997 -4996
5000 -5000
