2603
5787
7620
5640
6871
8400
2430
5607
212
464
7332
1247
1684
2224
4823
4151
2012
2856
6501
7866
1015
3632
9822
610
7982
4794
2084
171
678
7266
2890
8650
2549
8829
2641
3253
2235
3432
4212
1373
9158
2108
6215
9437
6859
476
7875
9996
261
2783
3330
3998
7176
249
2688
2985
2870
4698
1001
1751
5098
2267
5406
4707
5733
5282
472
3972
4695
4970
2843
3122
3610
7972
9221
292
4053
1349
5658
4025
2901
5346
6214
35
1934
7192
1318
6362
2209
793
8243
2990
6327
4068
3131
7474
9104
1758
5797
6820
7445
8383
1125
5751
75
3272
6165
947
1097
7860
2182
7029
4368
4475
9190
2749
3891
3893
9326
1544
4352
8156
386
5027
6597
1466
3980
5987
2070
1589
5070
699
6197
9779
7248
8344
635
5779
2992
4701
9317
9721
4274
8740
4817
9085
8636
9099
973
4834
7472
349
6868
4485
4594
6171
6948
8852
568
624
4096
5121
7535
1413
7739
8539
7809
8888
9371
3715
7656
8627
5474
5676
8576
3412
3274
8748
7182
8431
8488
2838
6060
9612
716
2529
3876
3963
8834
6854
5649
480
5168
1706
4586
5506
1256
2217
3238
5132
7868
6138
7008
8885
1766
8401
1100
5486
2368
6170
2260
3819
6562
7276
4027
6684
7936
2312
4413
7040
2275
6426
4671
887
1016
6975
5293
2213
970
6424
595
4330
8330
8184
9148
3825
575
4361
9229
5831
7032
9520
4260
1582
2206
3220
3791
3798
4449
578
4397
4601
7439
8495
8781
1138
6320
825
7158
192
1133
5753
4596
9736
42
2571
9329
4842
6570
7403
7753
9461
1141
2059
4791
9517
846
6943
7468
9033
9673
4036
2274
9897
448
7203
9181
9340
4107
6776
955
7260
8999
2460
6751
7053
5424
3810
6973
8160
466
4721
9768
2492
7886
6676
2139
3105
8622
6438
6058
5806
4555
9020
3614
8275
176
28
7173
6773
2914
7027
8906
2883
2943
4563
7926
1035
8200
3468
2407
4920
8028
3458
5851
6999
3495
6054
6742
9422
3814
4933
5957
3484
5337
8967
3340
3802
5148
8020
5266
6945
4408
3686
188
275
9685
4894
706
9918
6647
9354
8919
7278
9094
363
1481
5745
5032
1960
4008
4388
7320
5224
1202
6120
517
8859
6723
5494
7800
897
3250
5322
8253
1805
406
1795
8429
9666
401
2439
4793
8102
2699
6908
9385
8457
1129
1861
3641
4169
46
3605
3833
6217
6657
8106
804
1793
2253
8981
1636
864
5095
87
6085
6580
875
2889
7436
7369
9332
5238
1262
6130
3503
3587
9657
9842
7637
8610
5441
7748
8148
906
403
6044
4514
606
4949
8876
6207
1055
9912
123
1549
5279
6704
7382
8811
1191
5021
6182
6264
5793
3156
688
1617
9213
5999
6574
2658
4923
5965
938
6924
7825
9545
2359
3355
4820
921
778
4884
6503
3402
4629
6896
710
839
9756
2480
4020
9272
9719
1444
4071
6433
1789
3720
8686
9234
6449
6079
633
2833
3404
5268
8292
3244
3984
4717
4858
8233
9344
7256
7645
3990
8842
1607
2342
8220
9493
8268
9699
4424
5848
9642
427
2135
4743
7398
8591
9866
7916
1402
9919
135
7149
5730
751
1120
3703
5109
182
1042
8097
6645
612
3467
1434
3172
8524
3021
5417
5673
8806
496
6770
2818
8822
8913
3529
9374
4140
2411
4720
5729
8456
9378
3828
5217
3586
7262
2939
278
1537
8016
4432
5316
2978
7842
6765
7243
8057
1093
4784
4867
1927
372
6288
7286
5776
830
7477
9030
2758
6148
9361
1371
3376
1574
9637
1993
5449
2356
9214
8946
7666
8619
161
3185
5882
2609
4001
1415
9618
8609
1257
7187
7470
1659
3735
8870
2451
1187
4543
9245
5112
257
773
1376
7583
7421
9660
3067
3773
375
398
4370
6697
1471
9844
1136
4010
7621
1978
7311
7633
22
3229
109
1292
2771
6605
6794
2606
7496
2995
4850
3879
4250
4279
7518
233
9936
5288
9960
1328
2623
7106
8768
4612
5200
1546
8778
6920
1280
7318
4128
9398
1671
2075
4928
8863
6585
7131
1594
2792
8848
1272
7937
9495
4961
8475
1297
5922
2823
9489
9310
1089
5392
1987
8304
7839
750
1368
7380
7065
9468
1331
2835
7942
126
8472
237
7004
316
1172
6125
3163
5436
4650
4963
2469
8055
3192
6768
2744
5617
6398
7337
7709
1810
8723
104
2598
8478
2537
9205
3369
1686
1558
4797
5368
1013
5203
7965
2229
4635
3554
4175
798
5232
6536
7649
8574
5181
6290
857
3617
4428
7643
1633
9832
2941
5570
9443
2189
7662
8487
3423
4606
7962
7711
9300
5888
6310
8499
1772
6027
6767
8112
5984
1198
3207
5125
9257
3757
9058
1219
1956
4078
9227
3847
4305
7152
454
2842
3343
4897
269
941
3965
6011
3048
17
694
7513
8995
193
9810
6446
7349
8397
9328
6061
6266
5235
6909
9847
6548
24
8661
9510
6963
1485
219
7690
9368
8076
2872
6038
4451
5351
2728
6740
6650
1438
4159
8675
9972
728
1612
8789
3040
4666
1009
2234
4622
1285
3578
3590
3444
6393
957
8861
2805
3779
3625
4800
8761
7603
842
2672
1526
3083
3435
5362
8521
4814
3268
7561
9927
2885
2049
5445
5990
6755
1825
4939
2852
2840
5090
8714
1605
6463
7007
8008
5274
5979
5761
9298
2421
2237
7094
7293
1462
4977
3634
6790
5937
8514
9219
8463
7892
9083
5241
7041
5538
6639
7301
1629
554
4199
4957
8146
8312
6369
4752
7082
3871
3884
9176
7443
4672
1808
2563
9731
5841
3655
8580
9970
6419
2282
8086
3046
6762
6239
5075
1226
8635
9811
5660
207
8263
2343
5188
1743
6669
9484
2807
4214
651
8960
493
4267
2458
3115
7758
9198
1839
5499
223
5128
7985
3816
1260
2096
5097
3427
1208
1501
7170
4181
1695
3874
6915
6729
2803
4607
556
3221
890
7484
6874
4179
6412
6933
662
4984
6347
313
8705
7873
3112
7567
3182
3186
4256
4380
6276
9802
684
1111
7366
5143
7684
8062
766
1238
3190
3191
471
1932
3968
9766
6400
5451
8902
2336
8367
5258
3476
2876
9393
570
9266
7070
9881
836
5547
8770
2862
4832
4833
7695
1246
4426
5154
8731
2484
4749
7361
591
5789
5788
6365
4811
2323
4075
2736
4776
7103
1254
7989
6775
740
1865
8166
4133
4320
8970
2929
9775
4253
4287
4104
5172
8942
6614
7491
8197
5256
4284
6878
3394
3052
1733
1002
5626
4295
8316
7211
266
5024
4436
4360
1
531
5308
4931
9981
9692
4773
5117
5138
3088
7600
1490
6843
6300
2242
3104
4525
3960
6745
7653
8801
2132
4852
3653
5381
7346
1894
7031
4099
4755
1324
1447
9250
5927
2054
447
1513
3008
7123
200
7668
5223
3442
9387
1372
2555
3069
8088
9824
1426
7396
8782
9932
4354
3142
5527
6204
6800
6004
2782
5891
8271
8360
4714
7128
1845
6655
6307
1178
6292
7894
4691
1044
3844
81
7034
184
548
9018
1075
2048
4655
8387
8260
423
8719
4407
1475
4046
6052
3979
2004
6103
412
758
5047
2806
817
2423
3333
1164
5439
6553
8513
8556
3790
9859
1869
9696
4312
4185
273
2066
1855
5634
8128
2264
1864
1877
8110
2449
4997
1566
2094
9945
7660
1651
5694
5710
5856
8291
5910
5102
5497
5749
2184
8403
1353
3643
3705
8795
9410
1797
1796
3909
4442
5521
9604
6576
5151
3465
5077
4617
5379
7914
9302
1312
7098
9207
6936
2246
8680
9626
5163
3451
6099
3338
1395
9304
6107
3692
6979
7378
9773
5899
431
3889
211
9071
478
4572
1056
3754
1290
3669
1234
4055
4054
1031
7604
8525
9283
4532
6380
3310
6836
7307
3171
7756
14
4264
7025
893
4014
2882
5880
2907
8546
7956
450
7517
6992
4492
6929
8133
6423
3473
7804
8026
2127
5967
4238
5704
1931
9808
3479
2374
8884
1091
1454
2215
8798
3446
8815
8534
6516
4908
3199
4751
3663
4584
8930
6336
2730
7254
5065
8135
325
2717
8596
883
2052
5816
6510
677
4508
6005
4369
7767
6791
715
6972
9126
9131
4337
362
8011
4847
7504
1519
3527
2008
7798
4157
3942
9265
2028
3345
4542
923
1418
2634
2945
5822
8356
3180
6029
8655
6430
4248
9166
745
8975
6617
7896
2472
8468
9390
2911
4207
4401
1153
4291
7419
4579
5330
425
8352
8047
880
3071
2448
3260
2186
2185
2738
6441
7808
3300
4641
524
9418
755
3384
5469
3925
2595
7541
5454
8758
7156
5939
5638
537
4234
5663
8936
3567
2188
713
3270
7735
2394
3241
2392
7435
239
6826
56
4975
5166
4790
9722
9951
328
2905
5706
1701
5312
6227
9532
8572
9608
3657
8721
2710
7630
3216
6797
8040
8323
7272
8338
6350
7951
5212
6357
8053
1941
4932
9709
1358
8510
5323
3915
4247
7979
5284
5283
5352
5000
9794
2880
8450
5941
3438
9285
1888
7770
9448
1757
4259
2602
659
3328
1460
4786
9308
4308
8209
7196
765
2310
1614
84
7749
8646
1938
3482
3296
8035
2502
800
7140
6353
7792
9008
3144
5759
1310
4876
7608
9986
1269
8878
587
4348
9316
5207
5918
6856
7009
4037
4339
3114
6660
112
2455
3897
6434
1095
4261
6246
1689
1543
3097
983
2999
2273
848
847
9499
4658
5072
9
9534
2874
732
1711
9435
6021
6277
7834
8809
978
7997
8216
6882
9735
9077
723
3348
735
1355
7341
7773
9087
9074
1177
5254
8991
385
649
7432
2103
3494
4316
2099
2398
6268
7297
1967
9040
1182
2809
5310
7108
3379
6552
7239
8932
4042
2198
9930
2786
8553
421
4511
5876
6101
2653
5744
6478
1961
2801
2514
3202
6977
2193
8343
5622
4982
7076
73
2279
4860
7627
287
8955
3233
7521
8639
3188
2350
1464
1356
371
2632
8976
2417
3697
8183
4190
63
4216
2307
579
8620
8307
5531
3781
6298
768
2948
582
1656
3448
8600
5050
4539
5568
1929
8385
1450
2125
4039
2954
5115
6017
8964
9475
2332
3168
6781
7373
270
3651
7220
8668
4785
6221
6226
2174
6506
3454
4299
7784
642
1801
6048
9185
8033
5808
2338
2337
3865
852
7772
8752
4864
6309
9424
8633
4481
400
8169
870
5141
4725
5510
9938
4806
3032
3512
3751
1835
5479
9456
8211
1737
6074
7572
6123
2080
2320
1897
1982
7817
8392
9728
7618
8443
1741
7762
4625
3145
9579
8465
8928
6159
4987
7179
9940
2693
5377
1184
4634
8529
1276
1379
9703
1871
5756
1592
414
5017
950
1322
1729
106
971
6317
6980
512
9193
1755
5244
8240
9268
7454
8659
9679
7730
563
9878
3024
7101
5616
2568
3823
8207
8358
50
4026
491
3510
1926
6330
7625
9480
1975
9412
3840
5185
3772
6558
6077
4412
7681
1528
6408
5209
5208
7089
2345
4318
7452
2681
4962
4769
6247
7223
3093
4836
8555
9000
5586
9092
5813
9201
9816
9979
92
681
4454
6080
9908
1645
6900
6659
5702
6234
8083
9570
4335
8141
4599
6128
7478
8188
5056
2746
4746
8734
6067
6890
1456
3881
2239
7777
5326
5994
6670
253
2276
5269
3842
666
7623
1899
2250
7333
2226
9421
2495
838
693
1924
790
4116
3081
8257
8637
9586
2379
5397
1577
19
8417
6417
8272
6508
4826
1240
9606
2827
9542
9676
467
3076
3682
7020
5721
8857
3780
8702
9873
6912
2491
1406
3820
4880
5685
3347
4243
7918
5592
9530
3566
3183
5341
356
6190
7389
8122
5983
6002
3636
8246
7548
6460
246
3443
2544
5030
9395
5739
7915
9760
6485
8777
9349
2587
634
718
717
3627
5871
4761
1365
4415
5364
323
9924
1033
5422
2748
342
3507
6088
5149
586
2546
8138
5535
4549
3804
5087
8847
8036
179
5662
1602
3195
6046
6045
6864
892
7384
7194
7856
3723
3038
8631
9056
2979
3987
6420
7226
3391
5040
5175
8376
8899
1212
3520
9512
7599
9163
4546
9834
2197
7864
8115
4003
4002
3294
7502
9277
2536
4837
1130
6712
1157
7367
7231
1767
3931
1572
4741
7523
7522
9922
4553
3463
4383
2580
6367
1522
3225
2434
4328
4559
7910
1215
3055
5514
9781
9864
5344
5590
6318
8023
9552
39
1493
7531
298
3173
2156
2088
8531
4341
4849
4851
9747
3714
3933
101
9363
3282
1173
7611
4497
7921
9934
9069
2465
5355
3057
5483
5843
9988
380
2354
8252
3164
9324
5523
6674
9142
3982
8007
5952
776
2222
6261
522
175
9818
9803
9953
4378
5574
9370
3574
6253
4358
6725
8363
9942
3537
534
9366
197
7984
501
3415
814
6057
7327
1072
1911
4733
8604
6396
5264
7193
9849
1950
3648
90
9199
6850
6952
9704
3062
6778
7755
3072
772
1770
2494
4324
687
8
1498
3752
6893
9598
3564
5045
530
737
4033
6390
8497
9380
2371
4888
8698
5652
8727
7647
8043
9330
9438
8425
4700
6150
2508
352
8565
6738
9964
483
8314
644
8826
304
6598
9652
1103
1953
2934
8641
5933
6690
6324
5601
4280
3532
6808
21
5493
7012
8649
4704
518
3460
8328
1990
9819
1337
3593
5969
8059
2146
5299
6757
3382
844
150
1470
9589
6470
347
3436
6071
6923
5833
4201
5683
877
876
6986
6322
3158
9650
2662
6109
5420
5421
78
7673
4344
4393
6498
302
7945
8666
8766
295
6953
542
9978
508
5675
1886
2433
7302
9089
4590
7700
5935
2675
7933
6993
217
9119
691
2412
3247
5705
8549
4556
9129
9577
318
317
4808
7499
1363
8925
7509
9742
5408
1618
1642
9473
5332
3623
1081
2129
1155
6142
3178
7165
9891
3119
6927
3285
4732
7048
8678
1194
4830
2116
2340
6568
2041
4505
1584
258
8897
6578
4874
8348
1853
2959
6386
7463
782
2325
7811
442
2498
812
4266
5286
6541
4647
391
8349
4758
231
6620
2220
2221
5020
3267
8415
7554
6804
9501
8288
3904
8987
4604
3895
4057
3148
855
4909
1814
9536
9535
5410
4807
7628
9241
291
7028
4326
1524
6496
1762
5610
3721
868
2532
3906
2501
9360
32
6332
9376
167
7802
326
3500
5582
8310
3835
7671
1996
5874
2106
8837
7132
917
5157
7448
9772
4765
5291
8749
8231
1315
3559
1423
667
9139
3852
3132
2329
2923
7126
9034
3604
51
5201
2854
7429
4220
2751
9800
4145
9408
850
6832
6315
9467
9262
2760
4883
7418
2897
8003
7978
7409
8774
8484
5613
455
5641
5625
7890
8558
9452
1189
1188
2367
5557
1939
3307
3324
2912
7174
6202
9546
9915
3940
7063
4677
7427
117
114
6535
9334
6944
2795
6294
9715
7927
2
2425
4615
2647
6649
6147
2266
4332
5895
702
8118
2428
2429
4859
2685
6592
4338
9623
9022
9989
8331
9600
1252
244
3400
9256
2733
2976
4464
7394
1018
5520
6371
9049
7075
4044
1968
2868
4948
9630
220
9047
9048
6137
6861
802
4921
8538
2510
5865
6888
8818
5840
1114
609
3312
7759
4364
5720
5476
795
2402
9062
2468
5038
418
671
6582
4944
7675
5250
2767
9593
7779
3208
6166
5190
5189
5667
5530
8626
7900
8582
395
5772
9446
5784
6211
3425
9168
2270
5387
4684
1478
6410
1404
8335
6637
346
6312
6311
1905
7355
6714
1639
4375
9504
7401
1357
6152
3901
4581
6665
2815
9557
7790
2530
5959
8872
1416
5855
5123
5061
5623
6469
2026
2648
4444
3360
747
964
1245
3765
9833
794
4073
5169
7090
172
1038
3314
3313
5956
6964
7903
7966
1675
7635
4389
1287
2714
1881
4644
8439
2022
8405
9060
9059
3734
9107
4102
823
4564
8543
5427
8951
54
7953
3861
8278
494
3712
3488
5068
5069
148
6720
809
8267
9632
2438
3125
3809
9669
5174
1085
4058
7438
5100
5099
1087
1088
3954
2507
2521
4245
5260
5259
6185
8656
2892
2721
3762
9413
721
8162
1842
3396
6049
3475
2930
9969
8126
89
2919
4968
3472
5297
7350
6538
9146
4232
8968
2969
4803
5578
4148
2759
3601
9485
514
5498
1600
6178
108
7655
7891
6555
6009
5963
2179
6847
3877
4980
7557
3262
5456
9737
8298
1627
2812
8923
3985
5122
8492
1386
6384
7130
1879
8807
1176
6295
3298
159
3612
3920
6524
9159
4351
997
3011
9404
7406
9004
3257
3812
9175
8517
4627
683
1680
1872
8804
5878
2232
8223
7145
2154
8250
8108
7246
8394
7823
8949
1664
1621
1832
3459
5193
1692
7717
474
473
8673
8979
2703
7437
7746
2789
2917
7357
9097
2318
2362
5443
1007
7171
1774
1830
9910
9925
9985
6019
3797
4676
934
7545
7737
7738
1727
826
5782
5783
3429
2706
6090
3783
4529
3907
4706
277
3535
6958
445
9655
3196
6631
4084
2078
5093
4177
1201
1746
9688
5358
7086
1803
4905
7252
2754
3864
5713
3975
4227
833
6764
1704
7050
4538
1062
4810
9238
8473
9151
7257
6710
4257
5916
9976
3409
4561
2068
2069
5859
4620
9620
1437
3672
8821
4188
9885
1401
7576
9315
479
7370
8688
2572
1214
7596
8835
2575
3737
3886
1718
5472
9776
3966
9454
5802
2709
7115
8613
1551
1550
9900
4410
5914
4526
616
8503
7060
6108
8001
1192
8071
3952
3962
990
2365
1760
5961
9273
6455
8098
5554
9343
1970
2086
1101
2409
8629
8630
3044
8739
5153
7207
7991
8461
1677
1850
7861
1580
8561
7988
5009
1361
4845
6590
6591
2608
5289
3361
4224
6914
1366
8587
4083
226
8321
8322
979
3109
5105
1334
2020
5400
908
5560
5609
2540
2561
5589
729
1278
9616
6830
457
4385
3799
8402
9259
6241
2983
4788
8019
674
3335
3334
7506
6035
3152
5995
6195
1385
6630
7148
128
127
4964
100
4587
1817
7295
1162
4137
5709
7488
354
355
8420
9333
2061
7640
4998
6451
6450
6703
7038
8433
3407
2137
2136
1535
9745
3352
4122
2258
5912
944
6693
9749
4893
410
3728
3755
7237
9415
4941
5162
7330
7947
8369
9871
5374
1813
7887
5868
7569
3996
3997
3607
6372
6015
4679
7785
7939
5974
4423
6512
9136
9017
9019
8194
5196
5348
4567
6845
1389
4536
9246
7247
3422
2386
7871
281
1977
2937
3118
2593
7848
3100
4468
4477
4566
3707
3418
2376
1243
6181
499
500
6040
3570
331
5501
7768
2149
8598
8597
8890
4915
3545
6083
5467
6144
6143
206
7821
5504
6956
7832
3769
3014
7137
6857
369
4215
66
5824
2361
4018
2302
3591
8903
4391
5581
8505
8504
426
3128
1340
1021
5628
9668
6282
8390
2590
4064
4097
7313
914
1668
1682
1783
3856
7870
9249
7897
6352
8737
961
5314
438
6255
6427
8860
5221
7744
7160
6711
539
7692
1096
1306
6679
9153
1902
6491
4986
5306
6413
5620
6799
6304
3729
6897
5799
5164
899
6174
9312
9311
3375
3736
9813
9812
2121
4869
5003
1213
3049
5604
2118
2117
1778
8077
5094
819
3497
4359
7689
1948
3017
7480
8691
1433
2100
8217
9116
7788
6161
335
503
1661
4551
9633
8258
1023
4991
5214
7650
3516
7431
8865
8864
394
3264
3745
6502
1118
5820
2697
2664
4094
5741
8380
9442
4456
1440
3786
141
5534
8164
9122
2977
6055
4930
4911
4910
1554
9301
2533
6187
1858
5650
1525
8235
4197
5415
3001
5116
8893
7543
1625
7534
3492
9693
3543
3544
2683
8706
5892
1142
4936
975
2695
4637
4994
6623
9956
2261
1648
1697
306
462
1785
1784
4051
5382
5380
6250
8143
843
6338
9894
811
6806
2077
7682
2997
8642
8593
657
2560
9270
9798
5338
5319
7442
7444
8742
8585
7930
8453
5010
2848
7658
1876
3140
5390
2299
9983
9521
9726
6903
1915
2987
6465
4302
9858
25
4173
777
9372
208
8378
9125
7485
7679
4420
146
147
527
5199
7023
7714
9100
9098
9426
9425
5566
9965
283
4089
1452
6495
2060
9336
2164
4653
5924
5923
5770
9024
1951
5255
1539
5830
1059
2436
4480
4710
489
1052
1128
5598
8911
8912
3969
8875
3793
6026
4152
5404
6407
7461
6514
6513
3935
2690
3074
5052
82
1348
2397
5644
8685
7079
9029
3456
1190
4285
6817
2925
1740
7150
5430
1443
5972
8144
1846
994
1635
8724
5126
8074
1221
3505
3506
1273
1206
8566
7198
2668
3947
7975
4667
9133
2031
743
744
4450
8997
8998
2097
2037
7051
2141
6344
6731
2034
3846
5059
1170
9640
2504
7113
8939
6557
5953
4781
1921
1506
7072
5747
3026
72
7044
2557
9527
7612
8412
7343
4917
5631
8712
9382
7430
4009
2528
8407
2091
5551
7593
9026
1457
7335
7336
3028
3977
2636
2635
2133
2965
8408
7083
939
7288
7287
98
3064
3056
4466
613
6739
9110
1503
1082
4417
6526
8027
9253
566
7035
7033
645
8069
8070
8079
321
322
5861
8066
6618
9013
1070
2867
6349
1690
2256
2724
4356
8772
8773
9770
6547
9144
6480
6479
4206
5723
5821
9043
5131
7578
7139
8950
4521
1453
1151
7062
618
617
3087
3958
3959
214
213
9156
4281
9678
9752
573
4429
7525
3079
5277
622
5453
1218
5083
3667
6231
9903
8005
2303
3539
1488
1239
7837
8498
3177
216
2567
267
5886
6772
6063
6062
9290
2414
5803
9869
9837
6111
4821
9187
9186
2612
5698
2013
6886
1074
4503
8176
3789
3213
9231
669
4160
7577
6689
6752
7588
741
2065
2202
567
8690
4043
8229
6744
6467
8520
379
7280
7882
2370
4069
9409
5687
8569
415
9292
3530
7646
4030
7845
8208
59
2211
2210
4855
6602
4079
4906
338
9514
7698
891
3676
8242
882
933
6445
6931
6932
6941
6942
7218
3644
6529
3061
9391
1309
7281
2016
5281
8896
4418
6375
6200
2831
7563
7562
6342
8480
9338
9339
9807
4218
4217
8295
2627
7959
9038
7968
7967
9583
2403
4901
7316
1113
803
9319
9764
9765
7476
7117
3372
3287
9861
8592
4487
2334
1343
9281
1496
1497
6681
6937
8103
7667
6439
581
1107
3661
6287
7829
8302
3747
4763
3085
7241
641
2666
2667
5240
8318
1277
2144
2145
3235
3234
7014
664
1919
4136
9288
7154
7155
8589
5242
5758
2073
6867
5184
8959
9103
860
8089
1270
9723
429
430
1066
5340
4143
6782
2391
913
2420
2617
6588
3004
2122
3016
2190
2043
2042
7284
7285
5301
5300
1195
4129
7395
4597
9647
6493
6814
4631
8854
8853
5898
924
1904
5042
4209
4208
6112
9472
9477
9476
3709
3938
8672
1396
7742
7743
1556
1557
8203
9200
532
1683
4787
2322
2161
7323
5949
2651
2652
6564
6364
2352
2523
2522
9208
153
3662
739
4940
7881
2613
5041
4254
7849
5230
5231
2552
8458
1676
2295
4100
3053
960
3989
4119
5459
8623
8507
8285
9928
9926
485
4686
4804
8388
984
9195
4841
2478
661
9788
5082
5237
9882
4628
6091
6421
920
1090
5791
5790
7729
4249
2244
2861
3704
8119
8694
8516
2400
8676
1717
2155
3292
1223
7234
4735
9106
733
3167
3637
8153
8470
9459
7940
9325
4458
9933
3724
4240
4239
3850
5144
2645
6643
6023
9592
9784
7339
7338
7340
6905
5734
2092
3685
4754
7422
1148
5603
5814
121
2996
4395
4396
3354
2910
8551
1744
2252
3892
1053
1657
8944
8945
2285
7980
6610
761
5349
4621
1909
1910
5945
4198
9540
6236
4742
4885
5385
631
632
627
987
3910
9269
5371
4992
8219
9973
7216
3245
5360
1204
1520
6779
8577
8575
3378
968
3624
6359
6917
5760
5251
7097
9854
4086
4952
1995
2160
8445
8444
1026
8085
7416
5669
6066
6966
2834
4035
4659
4872
4314
6328
2017
3227
7527
8793
1890
3699
9609
9641
886
4574
4573
4922
2488
5246
7854
5563
3401
3357
2720
1581
2763
2151
6970
6971
5461
7315
4999
6220
18
1427
6706
2024
1411
1412
1922
7225
9793
9481
1029
7459
9574
2195
2196
7142
251
3278
8282
3480
195
4798
2331
9403
4109
4108
4277
9507
4636
3387
5991
3356
4399
786
9920
4736
5147
2824
8373
7177
7122
1267
9462
1969
2316
9346
9345
2172
2173
6447
9569
7024
3155
7146
8248
9399
5752
9469
9223
1303
435
2288
1266
1965
7923
7922
7721
3321
6950
9644
9643
992
4223
8845
8846
9109
5395
1593
4441
9799
4300
9172
9178
2248
2249
705
5552
1824
1596
602
3005
9913
8124
8398
5407
4483
4484
6967
3710
8880
7865
7699
165
2489
4047
1710
4081
3759
2278
9957
6626
8150
465
584
585
4171
4170
9843
551
8462
4167
4168
134
8825
8109
2741
9898
5239
1771
3719
5716
6577
5016
6748
3666
8032
9627
2622
9519
7514
7702
3147
3137
3160
1289
9712
3141
697
8718
8493
5837
160
156
9805
9804
3449
2289
3619
5920
5921
8612
9381
589
588
5318
2871
4813
3867
3866
6881
6717
7109
5447
8934
5271
6925
289
1943
7925
4203
4202
5867
8173
9596
2167
2389
5774
6473
2778
2056
3524
8255
2800
2802
9039
6823
1708
5526
628
9005
9164
9967
9968
2390
7163
4618
2679
2680
810
4528
4162
5086
2000
181
3477
5033
9680
5681
4506
4504
8230
3275
7046
4421
3731
3730
2756
2757
8151
6489
7492
6116
5680
926
4230
3827
2415
6842
2793
2642
6472
1874
1873
2286
7734
7736
4728
6682
7751
7752
7750
6114
6115
6113
5394
9137
1816
6008
7705
4382
5247
2600
2599
3210
3209
544
3286
711
3136
490
4839
4838
9695
3599
8713
7559
7560
4493
8427
8426
8812
6686
9556
9429
9672
68
8158
8157
5328
5329
130
129
6334
7188
5194
4718
4719
7636
358
7932
3189
7644
6607
6606
4292
6873
1299
1298
1958
7250
7251
7249
8730
3584
3585
5718
1787
1786
4778
4269
4268
7867
2019
5727
2849
7712
9224
2515
5737
5738
4005
4004
1569
3923
8479
1231
4517
7017
948
7765
3656
314
315
1606
5366
930
1391
4194
4729
7885
4989
4988
241
240
7052
1502
9524
1848
1847
1849
9991
9990
9252
8182
1326
1327
9445
9444
3368
7057
4309
8527
8526
8528
6034
9889
3327
872
871
9420
2698
770
771
4509
1714
6672
7298
559
9322
9323
6081
8754
6482
8168
5177
5176
7104
2739
7092
7093
6326
8185
4873
7805
6771
2780
2779
2781
7912
7913
6822
827
6379
5388
7816
8984
5619
5950
8763
8762
2933
3478
3688
5007
8790
2785
3801
8522
8681
3471
5903
6432
2454
2444
8616
1399
1400
8570
3937
9836
999
1000
8921
6303
5435
6259
6260
1687
8699
1166
1511
4061
4322
4321
9959
2418
8270
6389
7616
7725
9939
4405
4406
6540
9874
6573
2966
8374
2952
2953
1180
1179
6810
11
10
2158
2157
7001
7000
7413
3364
7290
7289
5512
5511
4583
6157
4192
4193
4711
8341
8342
8113
8111
6201
1210
1209
5635
8306
2446
2447
5261
4146
4082
7358
113
201
967
1541
1540
1868
1736
366
2399
6355
6354
3502
6611
8746
7067
9573
1822
5543
8696
8695
8697
4748
8049
8048
8745
9072
8916
9690
5294
1823
4697
7141
1780
5572
5571
4610
344
345
7331
2204
3
9730
2570
6673
9179
543
3872
9780
6104
3576
3577
1508
1112
3036
3037
1722
7706
2441
2440
9872
2974
7224
2715
2701
2700
8214
8215
5110
7606
7605
1725
1799
9358
9359
6906
6907
3322
6549
5576
6235
6728
6730
7457
8780
6892
5104
6069
6139
9560
4682
433
1034
3416
3806
3805
8550
5135
7874
8447
8446
8644
8645
1564
1565
6360
5940
1892
1891
6560
6559
5654
3487
6708
6707
3431
8189
3146
1123
1124
4603
6401
374
9035
4816
5555
2033
9239
5809
2594
2475
1933
6851
4124
4123
9464
9830
9831
5028
3305
3306
6663
7321
8917
169
7135
4357
3562
1518
5275
4304
4118
4527
9167
7678
9439
7417
6521
1012
3924
1533
1534
1132
1900
7407
9351
5452
7718
5073
9079
9078
2548
2811
6919
4771
4772
5517
6916
6935
2565
2564
523
4325
2317
2620
434
432
5089
623
954
806
805
4499
4498
9394
3758
5363
7167
7166
2894
4902
9906
9907
7200
1791
9700
7550
7549
9095
5425
5423
9893
552
2380
8464
4180
4643
1330
2348
831
6792
4236
5429
696
6274
7764
8022
8021
6787
8985
3383
6834
6833
6835
3813
5699
8254
3582
5825
9406
9405
2503
8922
1474
1380
509
8973
8974
8092
7471
6163
6164
9848
3934
1105
1104
8994
8996
9128
4973
4974
7037
4438
1748
91
229
2864
7181
8327
8329
3248
3834
5518
5519
5775
9157
2180
4981
4513
5766
9010
9009
4831
1986
2837
2968
2583
2711
7844
1590
7412
9711
5645
3921
4896
4895
3134
3133
7807
6718
8607
8608
2660
2659
574
2138
4366
4367
929
2543
7594
5491
6422
2499
2500
4126
4127
1749
8080
69
2082
2081
4534
4533
8154
3483
4155
4156
9197
1163
3633
3405
6013
7390
1199
1200
4705
952
951
8653
8654
7392
190
189
2405
2406
5205
5204
2845
2844
9580
7565
2616
6291
5134
2241
3237
5765
2836
6244
6245
4141
9054
9055
863
1392
756
1587
4690
9757
1060
7511
7510
83
3983
3795
3796
311
312
6634
3094
2902
7233
6531
6530
3822
5932
7210
7068
6273
5492
3522
3523
3521
6875
5414
365
1724
7274
7273
8840
8841
5036
5037
2243
2921
2920
6135
4674
4675
5608
7292
3555
4163
7495
6461
8202
769
2463
2464
605
5213
5179
5180
791
492
274
5487
6119
7935
8259
6641
6640
49
3583
6786
7574
4374
2819
6097
8590
3030
3031
9551
3739
3914
5971
3746
5139
2471
8828
1653
1652
8830
3339
7919
7920
6415
6416
3271
132
133
4611
1570
9602
9603
5795
5794
2957
2958
9216
9215
3774
1293
2104
3197
30
31
29
1139
1140
1603
9375
5853
5854
3600
3670
3261
5206
279
2581
9994
9995
1339
7230
7232
8015
6599
8856
8858
7908
452
453
6168
1529
1527
6075
1699
1698
5712
5711
5080
7826
6031
6382
6381
4827
722
124
122
9149
6652
6651
1776
1775
4437
8365
8366
6167
8735
1819
1818
8757
2625
5665
5666
4221
6158
3200
665
225
5119
5120
3455
3956
3955
9613
2045
2044
8599
2888
1320
1319
1781
3777
3778
1169
3377
5947
7724
8052
907
238
9275
9276
373
7402
6209
6210
1301
1302
1300
3680
3681
9826
4548
1641
8933
2526
2527
3646
3647
1424
7326
9494
1067
701
8333
8332
2130
79
80
5577
1666
1673
1674
6267
6984
5907
5272
2170
2171
469
5533
8125
1647
5062
64
6749
6750
2726
2725
763
764
1667
6695
6696
1966
7686
7685
8305
44
45
7575
9226
8139
5798
6464
4471
680
682
1463
1992
8800
6664
9064
9063
598
186
185
3687
4523
4522
38
7999
8000
7998
9899
7708
7710
1862
1863
396
4233
7799
3113
125
9710
1487
3332
5079
972
9203
757
6280
2291
2290
9465
1715
5591
7691
7641
7391
9646
8579
6458
6459
9243
9242
505
504
502
5216
9548
9547
8989
8988
4591
8850
6586
7614
7613
995
8482
8481
3303
3318
7267
3561
5559
4340
898
2705
2981
2982
3439
9619
3717
3718
9821
107
8743
8093
9578
5481
5482
4899
4898
9931
8490
8491
340
1040
1039
5508
5509
3929
6151
5005
5004
1514
4663
6990
6991
5013
3766
7363
7362
3420
