9635
1637
2772
9048
9266
5802
8834
6494
6175
7859
2541
781
4588
5462
2365
1038
4601
9005
5043
9875
2148
4082
3224
4966
7770
1996
8761
9373
7609
7056
5338
9381
5540
1600
5531
1649
2262
8775
7740
2283
3382
5036
9438
1583
3666
9954
4517
8433
4733
6195
6787
4947
2388
3102
6584
7994
3910
4418
311
1541
1861
2426
4545
5600
7632
4364
5234
4170
9765
3277
3211
9820
1523
7824
1534
7943
8569
5359
6366
9221
3183
6631
9618
3397
9862
5881
1030
6114
6775
3098
6545
1767
3638
6656
5986
7538
7955
6813
806
3731
5553
9020
3754
9007
7555
5729
8643
8999
217
3251
5300
6026
8922
5174
6349
8977
4225
8342
9495
4216
9416
6856
1208
2845
8268
6050
7407
9670
4022
9437
9864
1190
700
2533
8742
1806
8211
3503
6127
8033
1200
3032
7247
5619
988
8603
9857
1570
5276
8298
866
197
1712
6286
584
2509
7750
4576
9096
9428
6710
1347
9028
9189
1148
1164
5887
6216
1424
803
46
2318
2575
5018
7377
5646
4282
5217
427
3421
5586
8804
9171
9575
321
681
1440
2007
6007
9290
8276
2265
9570
133
2597
3531
4809
2278
1072
7042
7202
9908
3291
9776
6820
4287
4299
5558
3162
5921
1204
2584
4850
8389
3171
7340
1096
3535
3891
5975
2140
5585
6148
9408
7722
4309
5143
6505
7932
694
1150
3805
5781
3552
4619
5530
9345
1392
1281
6681
7806
8883
9919
5391
8750
1630
2101
7412
7866
653
1036
3310
7266
5415
9951
5138
104
9573
106
2152
5578
5936
6389
6542
2817
6683
5290
8438
6453
8927
8769
4482
3525
1885
9712
1166
4847
8949
434
2895
944
8765
1660
325
9542
3929
4017
3067
7477
9258
7366
9244
9707
4160
4241
7811
5548
8845
7928
3519
763
839
6524
1435
2747
3037
3228
4234
6071
6929
184
4961
9218
873
3756
6612
5708
7309
623
1881
8556
2587
470
2275
8044
6164
1905
6834
160
352
6358
8668
7587
3174
2159
1966
3615
1025
1743
276
3736
1511
6784
9457
9204
9026
8858
923
1868
3199
5045
9270
2796
9306
8563
1220
5335
7662
9174
2981
539
6208
6351
7922
1245
5393
8655
9928
5990
5507
8672
816
4275
267
1914
6597
3417
9792
6918
7995
9709
8237
2169
5099
1821
3288
1322
614
2672
6552
9736
61
1787
2527
2511
8007
9322
3864
7562
5537
9296
363
7677
9037
3534
6769
7598
9496
4720
1383
8781
1553
4554
1224
6027
3223
4559
3690
9272
9401
1513
4166
153
798
9330
1736
7048
9211
5072
5572
2624
7154
3779
5870
4474
2633
3333
7822
2045
1133
9996
7464
9311
613
149
6837
8228
175
7690
304
4977
7687
5914
7250
7648
2156
5258
6624
2607
487
666
5494
968
2596
8135
5661
8244
7815
752
8016
227
4550
1720
9925
1142
3146
6926
5963
2196
4705
3943
5785
1336
3117
8100
9969
2631
6672
5137
2218
8082
2404
963
3620
6056
7710
9568
3366
4555
5628
9000
2106
2749
588
953
8370
4367
1615
6404
2037
3143
3401
5680
7827
8924
3902
7799
6715
3419
5068
654
5926
6455
7456
376
2402
3207
1800
4604
1059
3087
5453
697
7671
3592
9226
4819
5932
8080
8459
1020
1467
3274
4803
9498
7379
6313
8885
2707
5863
7027
995
5148
4265
620
894
1647
1400
8503
3243
5293
4880
9039
9119
583
7073
8947
54
6345
8102
3013
8384
1547
4136
1242
6484
7847
9753
2868
9675
9939
8071
2467
2277
6986
1618
4681
9860
2798
2738
4369
3328
5224
7603
457
2203
7374
9339
345
1310
8664
8626
3295
6591
1267
5440
5686
6310
9793
3969
4461
1625
8281
4580
4830
6046
253
5241
6468
7546
2446
4206
1050
1320
7594
7624
7007
2161
1989
3312
8985
5238
6166
6447
9298
8345
8120
2472
7884
2733
9651
9854
8145
9839
5063
8631
6877
2990
3376
3904
1730
5725
577
1573
51
7898
2501
7972
7067
4962
47
4470
8894
9141
1315
1472
8406
8953
9462
8296
6441
6
9605
1964
780
7737
7125
5809
7845
4509
7039
5417
2125
6842
9547
2611
3306
7420
8005
8201
8697
6010
3496
5830
8257
8307
9809
4494
3379
792
920
8628
3335
7448
1791
6488
7930
9560
2373
5722
9378
1769
5894
4792
5834
3917
3883
2743
5468
2207
842
4786
7215
3134
4000
1463
834
6042
3184
4105
6780
885
5261
312
4646
9199
1341
1446
6179
1369
2554
5366
8596
9705
2877
2819
8214
708
4497
6720
5823
8646
9684
26
7980
7777
9422
6486
9772
3979
8366
579
1685
9144
754
6131
2636
3499
4324
8921
3281
9184
1035
7659
3269
7437
9393
8917
2087
9622
2435
4056
6295
9047
7364
5641
7755
250
306
5195
7089
8784
6382
1663
3404
8126
110
7015
2311
7719
4593
6429
8592
5711
1464
1360
7191
4277
5683
6259
5502
4764
7621
1950
6732
4794
2827
2453
338
1193
5892
6664
7688
5435
4666
8651
121
851
3215
3657
8712
2757
3044
1818
2403
9255
9986
6214
6215
4523
9430
2977
5408
2431
3646
5751
3701
7196
7347
1945
2065
2938
1555
7924
1429
9935
1480
4590
7571
8573
1372
2648
8794
414
464
6641
4533
8913
2349
7028
2869
2890
5581
9700
5816
804
848
6701
4775
506
6426
6851
7429
9725
4449
1823
6696
9519
2351
7240
6998
8928
2343
8147
5021
2008
1947
6577
7979
493
1565
475
2226
2428
8189
557
4185
7447
3993
3068
3927
1234
3721
8429
2016
3320
7607
4710
96
3471
9324
3887
4458
1711
7383
9727
9481
811
6377
6137
874
6282
4390
1655
8522
3762
9229
93
915
5274
9060
7563
7812
5977
4838
3536
7345
7051
1976
4562
821
7034
1227
4998
7536
9617
550
8062
3880
3974
2913
3161
3365
9539
1549
6145
6189
1255
4296
7328
9711
5843
259
4762
8611
5372
6147
3936
4261
4607
1893
5793
370
4863
141
6898
4043
6359
7986
2690
3965
9644
2477
488
2369
992
5184
8512
1505
2565
2686
4553
3062
471
6739
5349
357
2955
6638
9294
1016
6058
3912
5736
3982
3823
7223
7530
32
3710
6481
8182
8439
5243
6464
3042
7702
882
9014
4318
9448
3465
5124
8728
3257
4798
1469
7408
2043
5397
3791
9114
5589
586
1325
659
1642
1715
4340
4512
9474
2230
5115
4544
6746
6338
1350
4427
6951
5208
7905
560
6844
6178
3210
7312
7642
3989
6203
9137
68
204
2883
5297
7181
3529
4115
9948
2131
1404
6222
9095
3196
7369
9385
7773
747
8250
1703
3303
4384
9042
3006
1529
1962
4411
7703
5770
9213
102
5819
4899
6121
6565
6884
2973
8773
8536
7441
2162
2996
1461
6660
7997
6273
269
3261
6539
2568
3084
8851
8142
513
9962
389
4199
4988
8355
8267
5519
3603
8996
8861
1344
4940
599
5844
2076
526
1832
5291
9967
4024
3579
461
9284
229
9666
7403
7550
5805
2602
2784
4723
9594
3802
6906
9531
6560
3522
5192
3846
7494
9615
2699
3111
8110
7358
1591
2866
8699
7680
2250
2711
2720
4083
5747
6865
8576
9534
1312
6828
8793
2199
9625
7208
3287
1436
7047
1493
6275
6304
1582
8357
9566
1367
6211
7616
9030
1111
1452
8404
3235
287
2928
6980
733
4690
536
6635
9252
5215
4814
1597
3351
8654
3005
9122
8414
4739
6890
4611
4780
9629
1930
8846
4202
8648
252
8165
4300
1153
2417
1458
2321
4398
6887
7808
6964
5476
2070
9090
215
1205
9887
7792
8515
5054
8871
6247
4274
1215
5700
4931
5473
7087
8265
3834
45
5203
8353
2645
7912
5227
2837
3644
9069
2715
1062
8263
6849
2857
5952
3092
4422
8518
3240
6040
3040
3574
5079
2061
957
2185
5303
2316
5599
7523
4745
8640
564
683
4934
2549
6449
62
1488
4227
3094
4053
7915
6312
299
6974
6495
4196
1785
2780
9663
309
6880
9937
422
2253
8520
7203
1119
5517
6711
2291
9901
1449
5626
5627
7566
8721
758
541
1226
5766
4767
1952
5478
7881
4632
3293
7558
7612
3656
6391
6492
2195
5128
6225
7334
5471
438
5918
6152
2280
2279
3874
8021
1249
5623
9596
3514
8842
1496
4982
4777
2458
7841
8134
2033
8481
3416
1545
4037
6977
7895
6949
636
5689
4684
1815
6904
4742
2592
9756
2438
1737
7323
1845
1005
3589
9786
5902
7283
2025
2613
2612
6573
1682
2871
4109
6057
6170
163
1559
2622
6516
2691
9132
1969
5422
9621
2725
3677
7289
3018
3629
9260
3849
8032
879
7498
4521
9930
8687
169
2407
2419
6342
2713
6104
9851
6689
1080
1138
9718
6993
7285
3439
1633
459
7823
4396
390
2589
3048
2805
5044
5490
4004
6385
2256
8492
6500
837
6159
817
4322
6091
2950
1174
8288
2507
2135
3353
5199
5554
6022
7878
1500
1707
7012
2983
3622
257
8219
9723
6013
6990
4528
6250
5370
6070
7856
2308
808
1678
2442
5432
6533
3429
7176
9291
4039
4150
8386
1516
1840
7303
9156
9320
9398
6942
2561
3997
7030
3952
5204
9344
2617
7544
2580
8805
7431
7111
1132
7234
3915
3059
9034
1670
5726
767
360
4567
9153
887
8859
9779
9822
385
6036
1457
4800
9044
5719
8489
2024
1
5772
8789
8422
5170
8059
1091
7619
2081
9728
365
9098
3272
2998
6267
6835
2480
8974
2675
7136
4687
10
1836
8463
8959
7733
5094
5089
397
8907
7697
6111
232
1757
2012
9478
7053
9077
1410
1173
6233
3285
6128
3494
8937
6617
3920
5457
1789
9812
1419
6066
9881
4807
2993
3204
5446
9565
3780
4015
162
1972
7650
7649
3432
8766
7784
5037
5081
6396
7158
9973
6163
8012
3030
3991
8896
9577
2490
8756
7781
5387
7882
4951
3231
5697
7443
4143
5318
2019
6051
1442
2263
8915
2229
3359
1438
9831
4536
783
6596
435
785
1526
4028
5796
1939
7767
8217
3899
2525
3342
737
2850
5111
7348
3104
5534
7109
2004
3545
6680
844
2331
4957
1482
7489
5672
2485
4574
3598
4209
8723
4539
8029
8252
9382
2922
2299
5583
6848
9926
294
6727
1850
6946
2126
3212
8868
6239
627
5426
5486
2763
4232
8578
4079
2742
9818
3116
7790
2915
1317
5104
886
6763
1330
3487
3628
2315
9799
3153
166
1331
650
2366
6004
4388
9694
3447
5401
8848
9071
5448
6025
6610
7752
606
3009
1412
3437
7355
7248
8831
241
3786
315
5787
3609
3669
9889
3817
9250
9918
1401
2302
6803
9170
6293
4124
7081
6077
9390
7269
3318
346
4564
7471
9337
5286
1701
4205
2285
5443
896
7991
4623
8510
9956
1351
2102
6753
5923
5403
705
3149
3524
9128
4826
6244
4067
1359
581
1484
7072
7198
9783
9236
2795
2638
7579
1269
2919
489
6101
5968
4111
8151
9636
5323
5876
8562
5597
5854
7886
7885
1829
7000
3249
8571
9201
8106
9456
1503
4928
3398
4748
4797
7118
7467
9518
2651
4238
9467
279
1408
1917
9469
5741
3566
5283
8787
5482
3017
6109
7395
3913
9443
3848
7143
117
3089
6249
4386
7900
4703
2214
6838
6205
2769
4429
960
933
5821
86
8002
4912
3527
2530
8443
3967
9626
6878
8291
6750
4870
8325
948
2842
6174
6694
9120
9357
7059
1019
4839
8078
8079
9109
5791
8661
4048
2335
1070
3259
3246
6325
1656
7425
2251
760
6675
4250
9350
1478
3329
8696
7271
5011
1628
9780
3734
6870
8089
740
8039
9203
5259
6381
9803
5176
5016
5017
911
1160
4570
1928
7069
7068
3384
3737
601
4027
6357
8190
3078
6477
9904
568
2505
8807
1230
2774
9208
6387
8684
9988
6790
7814
9348
954
3298
3959
8116
5826
3610
7937
9846
1795
2137
6772
451
7577
7853
1381
3346
200
719
9528
4453
9152
3863
9415
7168
74
218
4859
7919
5647
7133
2167
4362
3024
5092
7165
3922
852
9493
2779
4920
7540
7013
5212
1745
1744
5326
5659
6371
6625
8882
2055
1535
7534
9246
9906
619
9195
1117
4337
8727
727
6605
9017
245
5263
5840
3502
4994
1060
8505
8087
8130
7375
317
9036
6098
2934
8939
2470
1713
3170
8545
3814
8704
1308
1143
7207
4486
505
2897
1898
3054
4174
5411
5717
485
4376
3715
7950
3725
2383
2604
7675
3772
6047
5603
3180
959
3941
6663
9515
3155
5755
9658
519
4768
6547
454
1353
5878
548
2706
491
4444
2048
9426
2888
4578
9640
2440
2441
1477
6118
6741
2455
3189
5485
6831
4758
6557
5852
5853
400
3144
1661
9215
4473
5060
8068
979
1289
5865
7693
1231
7435
9209
2790
8665
5000
3095
762
3002
4283
4941
8581
9752
777
3434
3433
407
5695
7481
7503
9745
3000
3001
4119
9332
9942
1779
6976
9107
5701
735
2863
9411
863
8055
3968
4307
2709
5521
2484
3809
4263
8290
6074
8724
1680
5606
7731
3843
5218
135
7818
1024
4726
825
1094
1246
8238
193
8187
2537
4921
3511
9143
6548
6414
8542
5180
7055
9341
6428
5738
7220
9232
4812
9196
6348
6218
4485
1028
4585
6526
8679
3237
8824
1502
6799
531
3388
9944
1788
2918
3422
28
4093
7626
8072
2676
4313
3129
2399
9278
2151
641
5643
7851
411
7968
1293
3441
2245
7306
3073
6644
6587
8226
4937
8469
7173
688
4360
8801
5882
5577
6737
4752
6157
7760
423
6283
7233
7279
4829
711
3857
5744
8906
1049
796
8051
6316
9540
1940
1907
8196
5639
7975
1043
5771
6913
2803
3254
4435
7483
6862
9601
419
3777
3186
7468
342
6423
2241
5783
1124
7120
258
1803
2116
7452
2171
7085
4248
4866
8972
9431
511
512
4943
2752
4217
8148
3165
4357
3729
1376
3206
2557
3035
3036
5222
4127
4492
3582
5149
2986
8941
8547
1983
5636
4689
2821
4041
895
5835
7212
5230
5362
9687
8436
5669
9603
8069
8344
7433
2425
8159
8910
722
2840
1158
3733
5505
6340
6825
4181
3955
9124
5594
877
6078
8836
2401
2105
8612
3930
5110
5144
3660
4455
7797
4757
1614
5209
6497
9667
5690
3308
9302
869
2247
7748
9630
5569
8275
8989
3395
437
7356
5315
4643
5657
5522
7274
5562
4790
4046
5006
7114
1727
1532
5382
2289
9586
4902
9974
7162
9976
1491
1740
9360
4311
4960
2911
1387
4669
5981
4259
6873
9958
76
633
3641
393
6783
8428
5909
6567
4621
2832
4063
3517
8184
3556
5427
7297
5327
3543
5285
3540
6755
5166
5071
3106
4514
2000
2601
9708
1932
927
1394
5617
8175
8902
5308
7037
9733
5337
5493
5028
305
5034
5035
2662
5256
5257
1604
1675
978
4330
6301
3879
5153
7946
4327
5611
4010
2563
2562
224
1362
1361
5733
5813
616
5955
8193
1275
2660
6451
1156
1145
8064
4254
1645
3948
7960
5182
8675
4630
1307
7875
1032
4302
8737
5867
3234
3236
292
2609
2610
1302
3060
1728
4609
7838
9452
5954
7086
3056
4918
7200
4640
7700
3176
951
1599
6354
2286
8399
3893
3892
4278
2361
1365
6418
7582
8066
8919
5992
6616
1149
2540
9505
8875
8903
9584
9877
4719
3625
7252
4401
1506
3587
6809
4692
5237
7499
3694
1610
8588
8715
6702
1509
324
5154
2010
5664
9104
3191
8833
2408
4661
2572
9945
1152
1171
9134
4508
235
9279
545
4765
429
4469
6279
872
5374
3789
3452
2031
497
2164
2163
3356
9397
3248
5294
815
6217
4121
6031
8392
1557
1602
1603
1601
4658
4811
7003
8127
8943
9995
5348
1593
6445
9730
9729
6988
3214
2942
7679
8412
9219
8815
9791
1235
8763
5088
6144
189
7170
7510
5250
6922
8526
430
2187
1109
2113
6490
6491
6757
9992
3889
4890
8311
9021
3727
4774
5126
3264
4572
2049
7121
9106
2788
4964
4465
2469
607
5704
6243
8935
975
1854
2423
5003
2036
5023
7414
8692
7723
3200
1624
1693
6722
7682
328
7254
3957
6140
7911
9363
1498
4481
3712
4477
8278
9395
7292
7103
5566
8205
3711
9796
7931
6874
794
4315
3203
3835
8043
9168
6902
8755
6270
3468
7009
4633
2693
7521
4131
5107
100
9749
6193
2697
9838
5919
9316
2606
6436
765
3908
8114
367
9806
7787
774
4678
5810
1398
6725
404
89
5344
5075
7257
4817
4818
1958
1631
9472
573
1607
8502
5301
4954
8161
3571
1709
7475
3600
6086
1974
4033
2354
6518
9061
1774
5988
6412
562
1755
6487
5120
7156
3124
5455
7729
9190
663
1065
3377
7397
7461
6107
7075
2380
3868
5489
8637
4122
5226
2520
8694
7727
19
3707
5857
2807
7373
7459
8368
7718
4983
7023
7330
7329
4168
7813
5358
5604
4821
7381
7380
3322
1639
2899
4103
319
6970
6965
7600
3473
6328
2387
3136
3147
5886
3856
7821
7186
7210
8601
2961
984
2678
4243
5654
3393
3394
5591
6197
515
2110
2894
9764
3490
3075
123
1088
9872
4834
8098
7295
3316
3296
9704
5469
7479
3459
1908
1521
8854
9856
7634
7889
1936
9446
4616
1517
2940
2939
6698
8812
5995
3262
212
5568
3964
4413
3454
6866
5947
6462
6135
1569
9326
7287
5551
5552
2736
4873
6124
8037
5980
5912
778
4489
6288
8415
9671
892
57
2412
2756
5859
1046
9441
1799
1814
8178
4012
8335
3436
9023
3949
7862
7226
4980
2168
7337
9135
9418
9417
3405
7256
7637
7923
8777
8776
9774
183
1176
8998
4171
4169
7736
3745
5825
7419
4854
7829
7828
9572
1965
9072
3851
6199
831
7965
7063
8465
1104
3696
2436
5450
4561
7228
4671
791
4674
4424
6893
1075
724
2337
6959
1346
4730
5390
7101
7102
4876
8383
4210
8008
150
2182
1922
6659
3194
1010
3450
5723
5399
5380
9169
2787
65
1698
4926
8254
1834
1835
368
7151
2487
4596
589
661
662
3325
2092
1562
4138
6291
8986
881
6308
139
4991
8332
3167
4060
9386
3348
3164
9868
909
4801
9784
9757
3546
689
7802
7276
4699
5650
3683
2829
7897
5420
8395
1875
8409
8350
5973
5974
7714
8618
3742
1313
1311
3614
178
528
7179
9486
4341
5644
2545
4566
6642
7370
3070
1380
5869
7656
1113
9842
9163
3386
6253
7746
7524
3052
1943
8362
6924
1948
3026
3025
129
7903
7904
2235
2296
7998
8622
6568
7957
30
9248
187
6369
3360
8203
7004
9283
8992
1955
3550
925
9819
8513
1933
3562
9304
9521
4057
8798
8693
8714
5026
9867
7178
40
8319
5621
7417
7595
9307
1734
1735
9825
1013
2328
2696
6054
597
196
2847
1889
5779
5564
5563
1935
3344
3109
2719
3033
9451
2358
9140
3647
157
9263
5984
124
9863
3575
7557
8449
7113
6622
6933
2497
9767
2041
5047
5046
9165
9164
680
6896
6744
7291
7606
6543
351
4547
9689
9892
1040
5776
355
7753
473
789
7877
2567
2615
5524
6948
5406
5407
8527
3654
7105
4345
7804
6438
2267
5949
6859
7956
647
6452
6869
7268
9642
4176
3829
5442
5320
2824
8420
147
4358
1872
6805
4002
4001
7098
7982
8827
4285
5510
5365
2344
6589
6588
4972
4887
3692
7128
222
8235
4072
4502
9931
4412
5784
1879
1880
3826
4335
456
3461
7699
316
450
2449
1689
6029
6431
6430
3181
3182
3753
5714
8154
2903
3331
7929
1273
3593
576
578
1183
552
6299
4663
4662
4932
3946
6767
8337
8336
8841
9608
9274
4612
2322
5588
4319
6171
6306
2683
9092
2957
5838
2224
2225
2341
2342
2421
6765
2098
9403
5763
6044
5130
6096
1877
6095
6759
1004
2921
9614
6575
8791
8122
5395
5394
4106
1782
2835
7218
652
5178
4923
5376
1099
9550
2625
8839
5340
406
2809
7531
9192
81
3463
3464
2663
6320
7684
1925
6120
4500
301
6241
399
9285
8248
8249
7401
9871
9504
5709
8206
9427
4298
7286
5064
1572
1797
466
1301
145
1167
7183
7182
7539
8658
3680
2179
5767
1455
1456
4099
7213
3973
9680
9082
720
1357
725
1085
6688
5142
5928
2078
327
5268
7138
5188
1129
8738
7630
567
2095
9922
508
507
469
1338
6677
6676
1054
6730
4
3933
4963
8926
669
1217
1216
9131
9720
518
2944
9681
7547
4346
4445
4008
9511
5280
6017
5146
5145
4620
8541
1531
6540
5959
9065
9894
4542
2932
4696
2578
2579
9509
756
6370
8397
3767
4968
3505
3504
1718
7320
6520
3873
5181
602
2535
2964
2548
4100
9318
2666
4949
6627
6626
1333
7446
9313
9312
1327
5172
5171
4707
8172
9233
4844
3315
4161
130
4715
5798
8215
1802
4970
1900
6400
4334
3674
7044
7043
8453
6717
9514
3797
7848
9421
9827
2073
2834
6553
6983
857
1084
2614
971
8485
5429
8635
63
9435
5102
2348
918
919
8568
4188
1979
8748
8749
348
3635
8583
7685
3108
2599
2598
5461
3065
146
4905
8294
8295
4938
1426
126
6003
7581
8706
9177
4365
7025
8222
1285
8091
8418
8479
6751
3258
9214
1181
1858
4295
2310
6142
7343
2294
4052
4049
8123
9449
902
4835
4649
5743
6483
9912
2754
846
6087
7762
7761
8969
4198
8829
9093
3596
932
1827
6297
6298
2657
3758
7552
6237
8329
9661
290
2815
2243
1749
1430
3374
1194
9696
8608
9482
7230
6410
6503
9587
4582
9978
7360
1853
7869
2393
5069
6646
5900
8500
282
2777
819
6406
6405
8352
8354
9963
2063
2064
2445
2702
5668
7509
5832
5831
4326
3475
3474
1101
5804
9262
2641
8877
2935
1619
9016
5086
3509
8890
9593
4076
1298
5966
7014
8980
5248
9638
9637
4479
9053
1260
180
7944
2240
9380
7744
1839
1748
2865
8531
9984
813
1687
8957
2925
9971
9972
1304
955
8090
4090
3650
9795
7314
7590
8424
5762
7668
4353
8870
3057
2325
8558
8557
9185
8011
4557
5965
6154
6153
9275
501
9748
2232
6393
29
8952
3119
2482
1717
3497
1671
9056
9678
5313
5314
2859
4693
6931
6930
4651
3569
1229
7077
9
571
8457
4537
9355
82
1574
9374
6001
1186
7126
5632
6038
15
592
5050
1811
7091
3385
5528
1213
9998
4402
8627
5698
8361
7319
2183
903
5676
387
386
4503
372
7569
1548
8586
1564
2039
7568
6561
8040
854
853
8157
8158
3477
1258
1259
174
3363
8818
7423
6652
7455
742
1884
2210
4192
60
6921
3284
6908
9336
1538
2792
2891
3838
4085
2266
3792
6260
4516
6196
9653
8185
171
9464
9463
7325
8169
4030
8303
4437
4436
865
3900
4374
4375
3265
2767
9031
1318
9459
9458
7418
6863
2875
7692
9685
3665
5861
7785
6375
7556
3672
7172
5378
7872
2332
3483
6632
6373
5613
8018
4269
3047
3782
8286
7388
1076
5014
5609
2830
4845
5053
7843
7842
6943
8734
9766
1954
5681
8284
9738
7246
1390
8445
9533
2546
4784
2057
7316
3749
9501
3743
6322
1120
1053
7032
7031
4246
609
5497
9157
7466
3760
3861
6593
8731
2142
8471
8470
4849
2979
2980
1432
8402
3631
2237
8024
6265
6266
5828
3425
3985
6202
9475
4290
3229
2750
621
1772
9923
9400
5759
8435
9404
1843
4892
4267
9898
499
2476
8606
8607
5839
617
682
8108
7666
9699
6969
4627
8670
8669
2879
2878
9491
7533
5333
7404
8552
4184
772
998
6532
3105
9580
5330
2952
181
8139
7344
1470
533
5735
1725
4992
6734
7920
8076
8077
8508
5693
2898
482
9655
2510
5961
9742
5904
8979
8975
8162
5895
7194
7123
7122
382
3217
3008
3239
3445
1982
103
743
6019
6018
6379
8923
8783
4985
4984
4862
4203
4204
3738
1674
289
5614
3276
5049
418
1008
9855
5103
706
5543
6667
1146
5346
5347
9581
9546
6621
3096
4484
8709
7864
6502
949
378
377
6594
6595
5161
7963
1287
937
2217
9632
5030
7485
5688
2128
2127
3420
9223
500
4117
2059
5509
6916
7495
7646
8212
6967
6966
7617
1551
1552
6892
2338
7867
4573
7734
8322
1654
5848
8621
4349
4421
8862
9813
1244
8653
5525
5211
1265
9057
676
3567
5282
264
7504
8373
4222
8795
3413
4759
7484
4441
9001
8027
4213
6184
1294
8962
6204
6953
6952
1115
1114
9269
1240
6461
7410
7409
7190
8232
3585
3820
8423
889
3532
8759
8760
9558
9559
5913
8849
7273
5162
8473
6613
3604
7472
1643
2176
2885
6691
6690
3984
52
9407
1391
7001
4130
4808
3218
3778
6263
3014
4558
111
6706
2190
4137
9933
9934
4709
2906
9490
9066
559
3771
1746
6649
9240
555
556
2619
7299
6113
8061
5096
8730
5077
5076
2360
9759
4392
6476
7749
6796
5106
4788
8326
9075
9665
9222
1874
7831
7830
132
4256
3407
3406
85
6471
8137
8138
8136
1441
9980
4460
1613
2160
2687
1169
6841
8272
6075
6076
9079
8387
7107
7738
5288
5287
5289
1427
523
3126
9377
9088
8499
939
1187
4304
8376
4255
4416
3343
359
6252
5750
8956
6978
5731
5732
1978
1352
6307
343
6857
8866
8867
4097
6778
6779
9479
207
9646
3719
3720
5122
5121
7384
9917
6442
3411
4885
8493
4654
170
6817
3292
8549
7976
7160
5310
8181
906
4897
4898
9523
962
2812
4606
2673
2739
8164
495
4526
8269
5355
6068
6067
6069
7391
7161
7793
8961
924
1250
5168
3795
5703
4915
9358
2583
8930
425
8690
2433
2432
2111
9136
2988
2989
219
9599
9600
9182
9183
6793
1253
9848
7768
3481
4712
2329
7317
9280
1126
1125
4141
7805
4433
2174
2175
6100
78
6278
2727
4086
2459
7278
2722
2721
2726
3488
8003
5940
6510
990
991
1514
1515
4677
2017
8047
9247
6090
7712
7713
3679
2013
8396
5194
6712
7860
1640
1777
769
768
4005
3632
6081
6854
6855
637
6639
3787
1393
9526
9527
206
1824
1822
2414
2634
120
729
9187
9186
9188
1031
7166
7153
833
8746
8718
3559
1993
5941
2515
9033
5200
8821
1946
6255
1140
605
2463
6864
8681
8680
3978
1561
1141
9497
2785
9367
9085
4152
6735
1650
4133
4132
9905
424
6229
152
4359
7263
2149
7788
1577
4945
1332
7758
320
3520
3518
3774
3773
3815
2154
2155
9800
3996
9147
9293
2
8524
7424
8441
8440
7757
5997
5214
5216
7513
25
8401
43
1414
1560
4882
2271
4126
1897
5663
6761
6374
5083
9993
5466
5467
3806
5535
8167
8166
7522
484
2096
9289
5058
3801
7193
6256
6581
643
642
330
2136
1022
1023
4219
828
6362
4303
1041
1590
9612
4066
1667
8931
527
1122
1123
3659
674
675
7839
6671
98
97
8860
859
9488
9487
8591
7560
7561
3637
8304
2997
3380
3378
18
2600
3391
7361
5884
5905
8933
4878
4877
4021
2170
598
4682
8014
1988
4379
5157
6792
3338
6900
5652
7608
2813
4074
4073
4075
5112
6136
4080
2375
2374
3476
8477
1413
8577
6599
2573
4736
4271
1007
1134
5491
7313
9859
702
701
3158
7778
3489
448
449
3688
8645
278
2029
9543
7188
7187
6693
3987
6748
6749
2524
7333
211
4541
4952
7236
7235
1137
8564
9702
9701
7497
1475
1476
5890
5891
1453
1454
7664
7663
7490
1530
1669
3961
3960
8242
8743
1990
2069
4746
137
136
2654
7259
9847
7262
8421
2732
1342
2758
8316
2670
1297
823
822
263
793
2416
445
1191
9161
9162
3548
3549
2413
9554
4749
5247
2644
6105
2122
9735
8597
7970
7969
2301
5152
9695
9832
3479
8630
4488
7512
997
4343
4342
8317
2028
695
6826
595
596
6821
4163
280
4939
8372
5513
913
5207
2269
2270
2647
2646
4738
6808
5189
5031
5812
4591
730
5862
5265
5264
2800
9816
4665
946
947
945
8173
1938
7229
3443
6190
2397
3831
6394
9817
2282
3151
3150
3371
3444
3313
1221
7305
4371
4370
2003
6955
6035
9769
8300
2503
2504
8405
8788
3703
3702
8908
2499
9530
3029
5970
5969
5198
4228
4430
3825
646
8876
5156
5593
9101
9003
9004
4974
3568
8533
8532
2034
2035
7622
9770
6055
6416
6417
3988
4158
4159
6989
2346
2347
3485
3486
5737
9591
7281
7282
8299
2959
9896
914
5117
5116
5706
5707
3510
5090
49
48
3302
9206
9205
4193
784
5845
860
5275
55
53
9674
2629
9924
6499
478
4306
1525
3639
2005
5167
186
1588
7578
8642
7742
7741
8988
8707
5459
5458
6815
6816
6158
1447
8378
8377
4095
4096
3865
1623
3273
4597
2193
1278
6315
6314
1001
21
6685
6684
782
412
692
693
5556
1869
3083
9537
2588
467
9808
248
249
7082
4391
8143
8886
4778
9115
1776
6883
8811
7260
7653
3971
6888
8537
5361
7855
2679
7673
7674
4495
7341
9010
7427
7428
7426
1262
1261
7526
6467
7934
9076
5678
5679
7585
7586
4908
4280
4279
8020
5555
4272
2558
4405
9556
9555
9557
4865
9239
9716
9717
4525
7078
3244
2492
658
8754
631
632
4568
9179
9178
1162
3480
5901
8321
8837
6905
5514
4907
8830
432
433
2494
2493
9424
3895
8314
6846
6847
907
6123
8514
2145
9423
1773
5278
5279
3072
1817
8233
2532
8331
12
8594
8595
73
8285
6006
7635
3811
3810
8243
981
3685
3684
194
9227
77
35
7501
7502
5715
714
6363
7573
7572
5133
302
8330
5424
5423
5425
2228
1700
6583
5571
5570
5260
6981
7267
2306
2191
7096
7097
4532
2377
2376
750
751
8230
8229
1056
8104
8105
690
6555
6556
6220
9743
9982
9960
9961
1960
1959
5818
8660
5930
5931
3077
7112
9929
3607
6474
6475
2464
9379
9999
6352
6350
8817
5254
5255
8411
4317
5616
8292
3159
6116
6274
209
208
7131
7132
2320
670
3370
310
4522
2410
2409
4770
4769
1696
7050
8497
2946
8057
6957
6956
9692
9693
4914
3634
5874
5875
1912
2084
9775
7940
4459
845
7601
712
4440
7775
7774
2382
6343
5910
980
3091
8619
3299
3744
402
401
3538
3537
3270
8566
8567
6995
6994
6402
6403
6899
8095
494
6102
6161
6160
2985
5245
5246
3554
3555
7835
7017
7016
230
6023
6024
1495
7705
7704
1585
1584
6629
6630
1887
4753
8048
7765
7766
8129
9309
7301
7302
2945
5356
3086
4511
4452
8689
1864
8144
1274
5753
5754
2551
2550
9829
9830
2205
2206
6472
1460
1178
1177
5339
5388
1856
1855
9111
9883
9882
6602
2710
7553
1057
1466
1465
7010
8220
4791
5040
5487
1417
1658
1659
1182
4332
4333
481
5221
462
6513
8234
2212
2213
7021
7022
4732
2130
8803
5235
7065
7066
4233
5368
5367
6228
2574
4355
4354
8015
9287
9288
5602
5674
5673
8892
7876
8934
335
4288
261
262
900
4868
4867
7894
1576
2390
2389
9050
9049
7643
2452
2454
8948
9154
6009
2146
9371
3190
5082
4657
6740
2655
3100
3101
6657
6972
6973
1021
9070
6640
2298
1082
1083
8720
707
4592
3125
5134
340
341
339
8945
8946
297
5400
8426
8425
2178
8703
6408
4190
7352
3140
3606
1098
4356
1888
3747
5666
5667
8050
3938
3937
5416
7964
5057
6041
7795
7796
1567
1568
7834
5270
5269
4713
6084
8544
4852
4851
3970
8339
8085
3141
3142
2968
1128
4721
9352
9331
2967
8096
2103
1635
6703
1288
5758
3655
2498
3906
3907
1764
2227
7846
832
34
5872
5871
745
746
1903
1904
3723
9197
942
943
3617
3616
8213
9787
4728
5998
1595
1594
1271
1270
1490
3564
3563
2248
7393
7392
540
284
4755
9611
4220
6534
9008
2022
2023
6422
4107
88
87
8380
8379
8677
8678
3796
7460
8478
7592
8461
7002
2908
3885
3884
3716
4602
5574
5573
6634
143
142
5777
3663
3664
2118
2117
3131
3130
9019
6187
7984
7985
8814
715
6771
2437
3148
8045
9353
201
8310
1017
4112
6236
9299
4406
5500
5501
8430
9100
3668
3765
6648
3314
3245
1103
2761
5464
5465
7725
7724
9902
4832
4831
9648
8779
8778
13
9370
1726
6570
6569
5879
9342
3921
1323
1321
9981
2855
7652
800
7707
7706
9551
7593
537
6355
6356
155
154
3225
2123
7167
4016
1751
237
4628
3021
7046
1210
1209
9538
334
5638
5640
5702
1107
1108
8199
8200
5305
6669
8496
8940
167
1416
7817
7816
1830
3430
1000
7575
7576
8994
8995
1994
867
2789
3279
3278
7326
3324
9965
9966
9964
1154
5444
9319
5020
5019
5332
1501
1248
8641
9359
2080
4148
4551
1291
1290
3493
1522
4155
4856
4855
6177
3113
3112
3122
2133
2134
4804
4802
3601
8058
841
843
3526
5306
4519
4518
8898
8897
5924
4463
4464
3340
3339
6917
9886
6409
3197
2762
3975
1078
1079
3467
271
270
6668
2186
908
5864
1606
1605
2067
2066
969
764
3456
3455
1406
1407
7873
9844
9843
2931
2522
6457
6456
4911
4779
9011
6585
6958
238
6000
8983
8984
8987
7290
799
6550
6549
2668
2669
3877
3878
4394
4395
8688
8434
6080
2313
2314
5173
6337
2591
4975
2363
2362
7751
9103
3830
4308
446
2799
4659
3705
3704
4247
656
655
273
272
4088
4087
5582
9914
1422
1556
2518
4252
8359
8358
3626
9368
4741
6398
6399
7147
3451
965
964
6045
2371
7242
7241
6186
678
679
677
7040
7041
2881
2880
973
974
6246
6248
524
625
626
7439
2198
935
934
5343
364
1063
8916
6940
6941
443
6514
3230
6786
7716
7717
9054
685
684
4062
7613
4953
629
628
243
244
5847
4011
4179
4264
1627
1626
5159
5158
4293
4294
1973
9690
2717
2716
2260
2261
9334
9333
1754
1985
1984
7280
3004
3007
7525
1489
8740
8739
288
2852
2851
4989
9081
4754
899
3925
3751
3752
1634
9910
9911
1664
2543
2544
9235
9647
3542
5447
6935
6934
1481
2120
2119
9891
4638
4639
6231
6230
1163
4415
9950
4025
8710
1609
9454
9455
3045
836
6485
7365
199
2523
6143
2201
4078
2071
4146
4147
9805
9807
3896
3894
2975
2976
3321
3323
7507
7508
4230
4229
4178
7094
8991
9660
409
408
410
876
8131
2474
2475
4505
4504
2782
2783
2781
1911
1697
191
190
5938
5939
1587
3784
3783
3513
8455
8456
7093
5127
2194
1895
1896
7990
3373
4716
2108
2107
3992
6335
8880
5164
5163
1714
7351
7890
9524
8347
8346
7647
3255
2097
8733
2090
2091
8093
7141
7142
4510
8560
113
112
7124
4824
4825
453
452
9484
9485
421
6601
5039
5038
2765
1303
8964
8963
2236
7192
7175
9836
9837
8523
7339
2689
4140
9659
8209
1679
1202
1203
2814
9413
9412
3507
3508
6063
479
3903
3368
3369
5202
4197
7205
7204
7206
2872
3022
8719
4996
4997
9259
9952
9915
2958
8053
8052
1759
4409
4410
3121
7628
7629
7857
3714
2528
6875
6344
168
2202
3951
9433
9432
2994
2242
8195
9328
9329
3583
2513
2512
1847
1846
9879
9878
2304
2305
1544
1546
6636
8240
8241
1374
1375
1621
1620
1722
1721
1891
1892
2517
6292
565
5001
5728
8074
8075
6280
3403
7061
7060
4881
