10000 4954
-5000 0
-4999 10
-4998 0
-4997 10
-4996 0
-4995 10
-4994 0
-4993 10
-4992 0
-4991 10
-4990 0
-4989 10
-4988 0
-4987 10
-4986 0
-4985 10
-4984 0
-4983 10
-4982 0
-4981 10
-4980 0
-4979 10
-4978 0
-4977 10
-4976 0
-4975 10
-4974 0
-4973 10
-4972 0
-4971 10
-4970 0
-4969 10
-4968 0
-4967 10
-4966 0
-4965 10
-4964 0
-4963 10
-4962 0
-4961 10
-4960 0
-4959 10
-4958 0
-4957 10
-4956 0
-4955 10
-4954 0
-4953 10
-4952 0
-4951 10
-4950 0
-4949 10
-4948 0
-4947 10
-4946 0
-4945 10
-4944 0
-4943 10
-4942 0
-4941 10
-4940 0
-4939 10
-4938 0
-4937 10
-4936 0
-4935 10
-4934 0
-4933 10
-4932 0
-4931 10
-4930 0
-4929 10
-4928 0
-4927 10
-4926 0
-4925 10
-4924 0
-4923 10
-4922 0
-4921 10
-4920 0
-4919 10
-4918 0
-4917 10
-4916 0
-4915 10
-4914 0
-4913 10
-4912 0
-4911 10
-4910 0
-4909 10
-4908 0
-4907 10
-4906 0
-4905 10
-4904 0
-4903 10
-4902 0
-4901 10
-4900 0
-4899 10
-4898 0
-4897 10
-4896 0
-4895 10
-4894 0
-4893 10
-4892 0
-4891 10
-4890 0
-4889 10
-4888 0
-4887 10
-4886 0
-4885 10
-4884 0
-4883 10
-4882 0
-4881 10
-4880 0
-4879 10
-4878 0
-4877 10
-4876 0
-4875 10
-4874 0
-4873 10
-4872 0
-4871 10
-4870 0
-4869 10
-4868 0
-4867 10
-4866 0
-4865 10
-4864 0
-4863 10
-4862 0
-4861 10
-4860 0
-4859 10
-4858 0
-4857 10
-4856 0
-4855 10
-4854 0
-4853 10
-4852 0
-4851 10
-4850 0
-4849 10
-4848 0
-4847 10
-4846 0
-4845 10
-4844 0
-4843 10
-4842 0
-4841 10
-4840 0
-4839 10
-4838 0
-4837 10
-4836 0
-4835 10
-4834 0
-4833 10
-4832 0
-4831 10
-4830 0
-4829 10
-4828 0
-4827 10
-4826 0
-4825 10
-4824 0
-4823 10
-4822 0
-4821 10
-4820 0
-4819 10
-4818 0
-4817 10
-4816 0
-4815 10
-4814 0
-4813 10
-4812 0
-4811 10
-4810 0
-4809 10
-4808 0
-4807 10
-4806 0
-4805 10
-4804 0
-4803 10
-4802 0
-4801 10
-4800 0
-4799 10
-4798 0
-4797 10
-4796 0
-4795 10
-4794 0
-4793 10
-4792 0
-4791 10
-4790 0
-4789 10
-4788 0
-4787 10
-4786 0
-4785 10
-4784 0
-4783 10
-4782 0
-4781 10
-4780 0
-4779 10
-4778 0
-4777 10
-4776 0
-4775 10
-4774 0
-4773 10
-4772 0
-4771 10
-4770 0
-4769 10
-4768 0
-4767 10
-4766 0
-4765 10
-4764 0
-4763 10
-4762 0
-4761 10
-4760 0
-4759 10
-4758 0
-4757 10
-4756 0
-4755 10
-4754 0
-4753 10
-4752 0
-4751 10
-4750 0
-4749 10
-4748 0
-4747 10
-4746 0
-4745 10
-4744 0
-4743 10
-4742 0
-4741 10
-4740 0
-4739 10
-4738 0
-4737 10
-4736 0
-4735 10
-4734 0
-4733 10
-4732 0
-4731 10
-4730 0
-4729 10
-4728 0
-4727 10
-4726 0
-4725 10
-4724 0
-4723 10
-4722 0
-4721 10
-4720 0
-4719 10
-4718 0
-4717 10
-4716 0
-4715 10
-4714 0
-4713 10
-4712 0
-4711 10
-4710 0
-4709 10
-4708 0
-4707 10
-4706 0
-4705 10
-4704 0
-4703 10
-4702 0
-4701 10
-4700 0
-4699 10
-4698 0
-4697 10
-4696 0
-4695 10
-4694 0
-4693 10
-4692 0
-4691 10
-4690 0
-4689 10
-4688 0
-4687 10
-4686 0
-4685 10
-4684 0
-4683 10
-4682 0
-4681 10
-4680 0
-4679 10
-4678 0
-4677 10
-4676 0
-4675 10
-4674 0
-4673 10
-4672 0
-4671 10
-4670 0
-4669 10
-4668 0
-4667 10
-4666 0
-4665 10
-4664 0
-4663 10
-4662 0
-4661 10
-4660 0
-4659 10
-4658 0
-4657 10
-4656 0
-4655 10
-4654 0
-4653 10
-4652 0
-4651 10
-4650 0
-4649 10
-4648 0
-4647 10
-4646 0
-4645 10
-4644 0
-4643 10
-4642 0
-4641 10
-4640 0
-4639 10
-4638 0
-4637 10
-4636 0
-4635 10
-4634 0
-4633 10
-4632 0
-4631 10
-4630 0
-4629 10
-4628 0
-4627 10
-4626 0
-4625 10
-4624 0
-4623 10
-4622 0
-4621 10
-4620 0
-4619 10
-4618 0
-4617 10
-4616 0
-4615 10
-4614 0
-4613 10
-4612 0
-4611 10
-4610 0
-4609 10
-4608 0
-4607 10
-4606 0
-4605 10
-4604 0
-4603 10
-4602 0
-4601 10
-4600 0
-4599 10
-4598 0
-4597 10
-4596 0
-4595 10
-4594 0
-4593 10
-4592 0
-4591 10
-4590 0
-4589 10
-4588 0
-4587 10
-4586 0
-4585 10
-4584 0
-4583 10
-4582 0
-4581 10
-4580 0
-4579 10
-4578 0
-4577 10
-4576 0
-4575 10
-4574 0
-4573 10
-4572 0
-4571 10
-4570 0
-4569 10
-4568 0
-4567 10
-4566 0
-4565 10
-4564 0
-4563 10
-4562 0
-4561 10
-4560 0
-4559 10
-4558 0
-4557 10
-4556 0
-4555 10
-4554 0
-4553 10
-4552 0
-4551 10
-4550 0
-4549 10
-4548 0
-4547 10
-4546 0
-4545 10
-4544 0
-4543 10
-4542 0
-4541 10
-4540 0
-4539 10
-4538 0
-4537 10
-4536 0
-4535 10
-4534 0
-4533 10
-4532 0
-4531 10
-4530 0
-4529 10
-4528 0
-4527 10
-4526 0
-4525 10
-4524 0
-4523 10
-4522 0
-4521 10
-4520 0
-4519 10
-4518 0
-4517 10
-4516 0
-4515 10
-4514 0
-4513 10
-4512 0
-4511 10
-4510 0
-4509 10
-4508 0
-4507 10
-4506 0
-4505 10
-4504 0
-4503 10
-4502 0
-4501 10
-4500 0
-4499 10
-4498 0
-4497 10
-4496 0
-4495 10
-4494 0
-4493 10
-4492 0
-4491 10
-4490 0
-4489 10
-4488 0
-4487 10
-4486 0
-4485 10
-4484 0
-4483 10
-4482 0
-4481 10
-4480 0
-4479 10
-4478 0
-4477 10
-4476 0
-4475 10
-4474 0
-4473 10
-4472 0
-4471 10
-4470 0
-4469 10
-4468 0
-4467 10
-4466 0
-4465 10
-4464 0
-4463 10
-4462 0
-4461 10
-4460 0
-4459 10
-4458 0
-4457 10
-4456 0
-4455 10
-4454 0
-4453 10
-4452 0
-4451 10
-4450 0
-4449 10
-4448 0
-4447 10
-4446 0
-4445 10
-4444 0
-4443 10
-4442 0
-4441 10
-4440 0
-4439 10
-4438 0
-4437 10
-4436 0
-4435 10
-4434 0
-4433 10
-4432 0
-4431 10
-4430 0
-4429 10
-4428 0
-4427 10
-4426 0
-4425 10
-4424 0
-4423 10
-4422 0
-4421 10
-4420 0
-4419 10
-4418 0
-4417 10
-4416 0
-4415 10
-4414 0
-4413 10
-4412 0
-4411 10
-4410 0
-4409 10
-4408 0
-4407 10
-4406 0
-4405 10
-4404 0
-4403 10
-4402 0
-4401 10
-4400 0
-4399 10
-4398 0
-4397 10
-4396 0
-4395 10
-4394 0
-4393 10
-4392 0
-4391 10
-4390 0
-4389 10
-4388 0
-4387 10
-4386 0
-4385 10
-4384 0
-4383 10
-4382 0
-4381 10
-4380 0
-4379 10
-4378 0
-4377 10
-4376 0
-4375 10
-4374 0
-4373 10
-4372 0
-4371 10
-4370 0
-4369 10
-4368 0
-4367 10
-4366 0
-4365 10
-4364 0
-4363 10
-4362 0
-4361 10
-4360 0
-4359 10
-4358 0
-4357 10
-4356 0
-4355 10
-4354 0
-4353 10
-4352 0
-4351 10
-4350 0
-4349 10
-4348 0
-4347 10
-4346 0
-4345 10
-4344 0
-4343 10
-4342 0
-4341 10
-4340 0
-4339 10
-4338 0
-4337 10
-4336 0
-4335 10
-4334 0
-4333 10
-4332 0
-4331 10
-4330 0
-4329 10
-4328 0
-4327 10
-4326 0
-4325 10
-4324 0
-4323 10
-4322 0
-4321 10
-4320 0
-4319 10
-4318 0
-4317 10
-4316 0
-4315 10
-4314 0
-4313 10
-4312 0
-4311 10
-4310 0
-4309 10
-4308 0
-4307 10
-4306 0
-4305 10
-4304 0
-4303 10
-4302 0
-4301 10
-4300 0
-4299 10
-4298 0
-4297 10
-4296 0
-4295 10
-4294 0
-4293 10
-4292 0
-4291 10
-4290 0
-4289 10
-4288 0
-4287 10
-4286 0
-4285 10
-4284 0
-4283 10
-4282 0
-4281 10
-4280 0
-4279 10
-4278 0
-4277 10
-4276 0
-4275 10
-4274 0
-4273 10
-4272 0
-4271 10
-4270 0
-4269 10
-4268 0
-4267 10
-4266 0
-4265 10
-4264 0
-4263 10
-4262 0
-4261 10
-4260 0
-4259 10
-4258 0
-4257 10
-4256 0
-4255 10
-4254 0
-4253 10
-4252 0
-4251 10
-4250 0
-4249 10
-4248 0
-4247 10
-4246 0
-4245 10
-4244 0
-4243 10
-4242 0
-4241 10
-4240 0
-4239 10
-4238 0
-4237 10
-4236 0
-4235 10
-4234 0
-4233 10
-4232 0
-4231 10
-4230 0
-4229 10
-4228 0
-4227 10
-4226 0
-4225 10
-4224 0
-4223 10
-4222 0
-4221 10
-4220 0
-4219 10
-4218 0
-4217 10
-4216 0
-4215 10
-4214 0
-4213 10
-4212 0
-4211 10
-4210 0
-4209 10
-4208 0
-4207 10
-4206 0
-4205 10
-4204 0
-4203 10
-4202 0
-4201 10
-4200 0
-4199 10
-4198 0
-4197 10
-4196 0
-4195 10
-4194 0
-4193 10
-4192 0
-4191 10
-4190 0
-4189 10
-4188 0
-4187 10
-4186 0
-4185 10
-4184 0
-4183 10
-4182 0
-4181 10
-4180 0
-4179 10
-4178 0
-4177 10
-4176 0
-4175 10
-4174 0
-4173 10
-4172 0
-4171 10
-4170 0
-4169 10
-4168 0
-4167 10
-4166 0
-4165 10
-4164 0
-4163 10
-4162 0
-4161 10
-4160 0
-4159 10
-4158 0
-4157 10
-4156 0
-4155 10
-4154 0
-4153 10
-4152 0
-4151 10
-4150 0
-4149 10
-4148 0
-4147 10
-4146 0
-4145 10
-4144 0
-4143 10
-4142 0
-4141 10
-4140 0
-4139 10
-4138 0
-4137 10
-4136 0
-4135 10
-4134 0
-4133 10
-4132 0
-4131 10
-4130 0
-4129 10
-4128 0
-4127 10
-4126 0
-4125 10
-4124 0
-4123 10
-4122 0
-4121 10
-4120 0
-4119 10
-4118 0
-4117 10
-4116 0
-4115 10
-4114 0
-4113 10
-4112 0
-4111 10
-4110 0
-4109 10
-4108 0
-4107 10
-4106 0
-4105 10
-4104 0
-4103 10
-4102 0
-4101 10
-4100 0
-4099 10
-4098 0
-4097 10
-4096 0
-4095 10
-4094 0
-4093 10
-4092 0
-4091 10
-4090 0
-4089 10
-4088 0
-4087 10
-4086 0
-4085 10
-4084 0
-4083 10
-4082 0
-4081 10
-4080 0
-4079 10
-4078 0
-4077 10
-4076 0
-4075 10
-4074 0
-4073 10
-4072 0
-4071 10
-4070 0
-4069 10
-4068 0
-4067 10
-4066 0
-4065 10
-4064 0
-4063 10
-4062 0
-4061 10
-4060 0
-4059 10
-4058 0
-4057 10
-4056 0
-4055 10
-4054 0
-4053 10
-4052 0
-4051 10
-4050 0
-4049 10
-4048 0
-4047 10
-4046 0
-4045 10
-4044 0
-4043 10
-4042 0
-4041 10
-4040 0
-4039 10
-4038 0
-4037 10
-4036 0
-4035 10
-4034 0
-4033 10
-4032 0
-4031 10
-4030 0
-4029 10
-4028 0
-4027 10
-4026 0
-4025 10
-4024 0
-4023 10
-4022 0
-4021 10
-4020 0
-4019 10
-4018 0
-4017 10
-4016 0
-4015 10
-4014 0
-4013 10
-4012 0
-4011 10
-4010 0
-4009 10
-4008 0
-4007 10
-4006 0
-4005 10
-4004 0
-4003 10
-4002 0
-4001 10
-4000 0
-3999 10
-3998 0
-3997 10
-3996 0
-3995 10
-3994 0
-3993 10
-3992 0
-3991 10
-3990 0
-3989 10
-3988 0
-3987 10
-3986 0
-3985 10
-3984 0
-3983 10
-3982 0
-3981 10
-3980 0
-3979 10
-3978 0
-3977 10
-3976 0
-3975 10
-3974 0
-3973 10
-3972 0
-3971 10
-3970 0
-3969 10
-3968 0
-3967 10
-3966 0
-3965 10
-3964 0
-3963 10
-3962 0
-3961 10
-3960 0
-3959 10
-3958 0
-3957 10
-3956 0
-3955 10
-3954 0
-3953 10
-3952 0
-3951 10
-3950 0
-3949 10
-3948 0
-3947 10
-3946 0
-3945 10
-3944 0
-3943 10
-3942 0
-3941 10
-3940 0
-3939 10
-3938 0
-3937 10
-3936 0
-3935 10
-3934 0
-3933 10
-3932 0
-3931 10
-3930 0
-3929 10
-3928 0
-3927 10
-3926 0
-3925 10
-3924 0
-3923 10
-3922 0
-3921 10
-3920 0
-3919 10
-3918 0
-3917 10
-3916 0
-3915 10
-3914 0
-3913 10
-3912 0
-3911 10
-3910 0
-3909 10
-3908 0
-3907 10
-3906 0
-3905 10
-3904 0
-3903 10
-3902 0
-3901 10
-3900 0
-3899 10
-3898 0
-3897 10
-3896 0
-3895 10
-3894 0
-3893 10
-3892 0
-3891 10
-3890 0
-3889 10
-3888 0
-3887 10
-3886 0
-3885 10
-3884 0
-3883 10
-3882 0
-3881 10
-3880 0
-3879 10
-3878 0
-3877 10
-3876 0
-3875 10
-3874 0
-3873 10
-3872 0
-3871 10
-3870 0
-3869 10
-3868 0
-3867 10
-3866 0
-3865 10
-3864 0
-3863 10
-3862 0
-3861 10
-3860 0
-3859 10
-3858 0
-3857 10
-3856 0
-3855 10
-3854 0
-3853 10
-3852 0
-3851 10
-3850 0
-3849 10
-3848 0
-3847 10
-3846 0
-3845 10
-3844 0
-3843 10
-3842 0
-3841 10
-3840 0
-3839 10
-3838 0
-3837 10
-3836 0
-3835 10
-3834 0
-3833 10
-3832 0
-3831 10
-3830 0
-3829 10
-3828 0
-3827 10
-3826 0
-3825 10
-3824 0
-3823 10
-3822 0
-3821 10
-3820 0
-3819 10
-3818 0
-3817 10
-3816 0
-3815 10
-3814 0
-3813 10
-3812 0
-3811 10
-3810 0
-3809 10
-3808 0
-3807 10
-3806 0
-3805 10
-3804 0
-3803 10
-3802 0
-3801 10
-3800 0
-3799 10
-3798 0
-3797 10
-3796 0
-3795 10
-3794 0
-3793 10
-3792 0
-3791 10
-3790 0
-3789 10
-3788 0
-3787 10
-3786 0
-3785 10
-3784 0
-3783 10
-3782 0
-3781 10
-3780 0
-3779 10
-3778 0
-3777 10
-3776 0
-3775 10
-3774 0
-3773 10
-3772 0
-3771 10
-3770 0
-3769 10
-3768 0
-3767 10
-3766 0
-3765 10
-3764 0
-3763 10
-3762 0
-3761 10
-3760 0
-3759 10
-3758 0
-3757 10
-3756 0
-3755 10
-3754 0
-3753 10
-3752 0
-3751 10
-3750 0
-3749 10
-3748 0
-3747 10
-3746 0
-3745 10
-3744 0
-3743 10
-3742 0
-3741 10
-3740 0
-3739 10
-3738 0
-3737 10
-3736 0
-3735 10
-3734 0
-3733 10
-3732 0
-3731 10
-3730 0
-3729 10
-3728 0
-3727 10
-3726 0
-3725 10
-3724 0
-3723 10
-3722 0
-3721 10
-3720 0
-3719 10
-3718 0
-3717 10
-3716 0
-3715 10
-3714 0
-3713 10
-3712 0
-3711 10
-3710 0
-3709 10
-3708 0
-3707 10
-3706 0
-3705 10
-3704 0
-3703 10
-3702 0
-3701 10
-3700 0
-3699 10
-3698 0
-3697 10
-3696 0
-3695 10
-3694 0
-3693 10
-3692 0
-3691 10
-3690 0
-3689 10
-3688 0
-3687 10
-3686 0
-3685 10
-3684 0
-3683 10
-3682 0
-3681 10
-3680 0
-3679 10
-3678 0
-3677 10
-3676 0
-3675 10
-3674 0
-3673 10
-3672 0
-3671 10
-3670 0
-3669 10
-3668 0
-3667 10
-3666 0
-3665 10
-3664 0
-3663 10
-3662 0
-3661 10
-3660 0
-3659 10
-3658 0
-3657 10
-3656 0
-3655 10
-3654 0
-3653 10
-3652 0
-3651 10
-3650 0
-3649 10
-3648 0
-3647 10
-3646 0
-3645 10
-3644 0
-3643 10
-3642 0
-3641 10
-3640 0
-3639 10
-3638 0
-3637 10
-3636 0
-3635 10
-3634 0
-3633 10
-3632 0
-3631 10
-3630 0
-3629 10
-3628 0
-3627 10
-3626 0
-3625 10
-3624 0
-3623 10
-3622 0
-3621 10
-3620 0
-3619 10
-3618 0
-3617 10
-3616 0
-3615 10
-3614 0
-3613 10
-3612 0
-3611 10
-3610 0
-3609 10
-3608 0
-3607 10
-3606 0
-3605 10
-3604 0
-3603 10
-3602 0
-3601 10
-3600 0
-3599 10
-3598 0
-3597 10
-3596 0
-3595 10
-3594 0
-3593 10
-3592 0
-3591 10
-3590 0
-3589 10
-3588 0
-3587 10
-3586 0
-3585 10
-3584 0
-3583 10
-3582 0
-3581 10
-3580 0
-3579 10
-3578 0
-3577 10
-3576 0
-3575 10
-3574 0
-3573 10
-3572 0
-3571 10
-3570 0
-3569 10
-3568 0
-3567 10
-3566 0
-3565 10
-3564 0
-3563 10
-3562 0
-3561 10
-3560 0
-3559 10
-3558 0
-3557 10
-3556 0
-3555 10
-3554 0
-3553 10
-3552 0
-3551 10
-3550 0
-3549 10
-3548 0
-3547 10
-3546 0
-3545 10
-3544 0
-3543 10
-3542 0
-3541 10
-3540 0
-3539 10
-3538 0
-3537 10
-3536 0
-3535 10
-3534 0
-3533 10
-3532 0
-3531 10
-3530 0
-3529 10
-3528 0
-3527 10
-3526 0
-3525 10
-3524 0
-3523 10
-3522 0
-3521 10
-3520 0
-3519 10
-3518 0
-3517 10
-3516 0
-3515 10
-3514 0
-3513 10
-3512 0
-3511 10
-3510 0
-3509 10
-3508 0
-3507 10
-3506 0
-3505 10
-3504 0
-3503 10
-3502 0
-3501 10
-3500 0
-3499 10
-3498 0
-3497 10
-3496 0
-3495 10
-3494 0
-3493 10
-3492 0
-3491 10
-3490 0
-3489 10
-3488 0
-3487 10
-3486 0
-3485 10
-3484 0
-3483 10
-3482 0
-3481 10
-3480 0
-3479 10
-3478 0
-3477 10
-3476 0
-3475 10
-3474 0
-3473 10
-3472 0
-3471 10
-3470 0
-3469 10
-3468 0
-3467 10
-3466 0
-3465 10
-3464 0
-3463 10
-3462 0
-3461 10
-3460 0
-3459 10
-3458 0
-3457 10
-3456 0
-3455 10
-3454 0
-3453 10
-3452 0
-3451 10
-3450 0
-3449 10
-3448 0
-3447 10
-3446 0
-3445 10
-3444 0
-3443 10
-3442 0
-3441 10
-3440 0
-3439 10
-3438 0
-3437 10
-3436 0
-3435 10
-3434 0
-3433 10
-3432 0
-3431 10
-3430 0
-3429 10
-3428 0
-3427 10
-3426 0
-3425 10
-3424 0
-3423 10
-3422 0
-3421 10
-3420 0
-3419 10
-3418 0
-3417 10
-3416 0
-3415 10
-3414 0
-3413 10
-3412 0
-3411 10
-3410 0
-3409 10
-3408 0
-3407 10
-3406 0
-3405 10
-3404 0
-3403 10
-3402 0
-3401 10
-3400 0
-3399 10
-3398 0
-3397 10
-3396 0
-3395 10
-3394 0
-3393 10
-3392 0
-3391 10
-3390 0
-3389 10
-3388 0
-3387 10
-3386 0
-3385 10
-3384 0
-3383 10
-3382 0
-3381 10
-3380 0
-3379 10
-3378 0
-3377 10
-3376 0
-3375 10
-3374 0
-3373 10
-3372 0
-3371 10
-3370 0
-3369 10
-3368 0
-3367 10
-3366 0
-3365 10
-3364 0
-3363 10
-3362 0
-3361 10
-3360 0
-3359 10
-3358 0
-3357 10
-3356 0
-3355 10
-3354 0
-3353 10
-3352 0
-3351 10
-3350 0
-3349 10
-3348 0
-3347 10
-3346 0
-3345 10
-3344 0
-3343 10
-3342 0
-3341 10
-3340 0
-3339 10
-3338 0
-3337 10
-3336 0
-3335 10
-3334 0
-3333 10
-3332 0
-3331 10
-3330 0
-3329 10
-3328 0
-3327 10
-3326 0
-3325 10
-3324 0
-3323 10
-3322 0
-3321 10
-3320 0
-3319 10
-3318 0
-3317 10
-3316 0
-3315 10
-3314 0
-3313 10
-3312 0
-3311 10
-3310 0
-3309 10
-3308 0
-3307 10
-3306 0
-3305 10
-3304 0
-3303 10
-3302 0
-3301 10
-3300 0
-3299 10
-3298 0
-3297 10
-3296 0
-3295 10
-3294 0
-3293 10
-3292 0
-3291 10
-3290 0
-3289 10
-3288 0
-3287 10
-3286 0
-3285 10
-3284 0
-3283 10
-3282 0
-3281 10
-3280 0
-3279 10
-3278 0
-3277 10
-3276 0
-3275 10
-3274 0
-3273 10
-3272 0
-3271 10
-3270 0
-3269 10
-3268 0
-3267 10
-3266 0
-3265 10
-3264 0
-3263 10
-3262 0
-3261 10
-3260 0
-3259 10
-3258 0
-3257 10
-3256 0
-3255 10
-3254 0
-3253 10
-3252 0
-3251 10
-3250 0
-3249 10
-3248 0
-3247 10
-3246 0
-3245 10
-3244 0
-3243 10
-3242 0
-3241 10
-3240 0
-3239 10
-3238 0
-3237 10
-3236 0
-3235 10
-3234 0
-3233 10
-3232 0
-3231 10
-3230 0
-3229 10
-3228 0
-3227 10
-3226 0
-3225 10
-3224 0
-3223 10
-3222 0
-3221 10
-3220 0
-3219 10
-3218 0
-3217 10
-3216 0
-3215 10
-3214 0
-3213 10
-3212 0
-3211 10
-3210 0
-3209 10
-3208 0
-3207 10
-3206 0
-3205 10
-3204 0
-3203 10
-3202 0
-3201 10
-3200 0
-3199 10
-3198 0
-3197 10
-3196 0
-3195 10
-3194 0
-3193 10
-3192 0
-3191 10
-3190 0
-3189 10
-3188 0
-3187 10
-3186 0
-3185 10
-3184 0
-3183 10
-3182 0
-3181 10
-3180 0
-3179 10
-3178 0
-3177 10
-3176 0
-3175 10
-3174 0
-3173 10
-3172 0
-3171 10
-3170 0
-3169 10
-3168 0
-3167 10
-3166 0
-3165 10
-3164 0
-3163 10
-3162 0
-3161 10
-3160 0
-3159 10
-3158 0
-3157 10
-3156 0
-3155 10
-3154 0
-3153 10
-3152 0
-3151 10
-3150 0
-3149 10
-3148 0
-3147 10
-3146 0
-3145 10
-3144 0
-3143 10
-3142 0
-3141 10
-3140 0
-3139 10
-3138 0
-3137 10
-3136 0
-3135 10
-3134 0
-3133 10
-3132 0
-3131 10
-3130 0
-3129 10
-3128 0
-3127 10
-3126 0
-3125 10
-3124 0
-3123 10
-3122 0
-3121 10
-3120 0
-3119 10
-3118 0
-3117 10
-3116 0
-3115 10
-3114 0
-3113 10
-3112 0
-3111 10
-3110 0
-3109 10
-3108 0
-3107 10
-3106 0
-3105 10
-3104 0
-3103 10
-3102 0
-3101 10
-3100 0
-3099 10
-3098 0
-3097 10
-3096 0
-3095 10
-3094 0
-3093 10
-3092 0
-3091 10
-3090 0
-3089 10
-3088 0
-3087 10
-3086 0
-3085 10
-3084 0
-3083 10
-3082 0
-3081 10
-3080 0
-3079 10
-3078 0
-3077 10
-3076 0
-3075 10
-3074 0
-3073 10
-3072 0
-3071 10
-3070 0
-3069 10
-3068 0
-3067 10
-3066 0
-3065 10
-3064 0
-3063 10
-3062 0
-3061 10
-3060 0
-3059 10
-3058 0
-3057 10
-3056 0
-3055 10
-3054 0
-3053 10
-3052 0
-3051 10
-3050 0
-3049 10
-3048 0
-3047 10
-3046 0
-3045 10
-3044 0
-3043 10
-3042 0
-3041 10
-3040 0
-3039 10
-3038 0
-3037 10
-3036 0
-3035 10
-3034 0
-3033 10
-3032 0
-3031 10
-3030 0
-3029 10
-3028 0
-3027 10
-3026 0
-3025 10
-3024 0
-3023 10
-3022 0
-3021 10
-3020 0
-3019 10
-3018 0
-3017 10
-3016 0
-3015 10
-3014 0
-3013 10
-3012 0
-3011 10
-3010 0
-3009 10
-3008 0
-3007 10
-3006 0
-3005 10
-3004 0
-3003 10
-3002 0
-3001 10
-3000 0
-2999 10
-2998 0
-2997 10
-2996 0
-2995 10
-2994 0
-2993 10
-2992 0
-2991 10
-2990 0
-2989 10
-2988 0
-2987 10
-2986 0
-2985 10
-2984 0
-2983 10
-2982 0
-2981 10
-2980 0
-2979 10
-2978 0
-2977 10
-2976 0
-2975 10
-2974 0
-2973 10
-2972 0
-2971 10
-2970 0
-2969 10
-2968 0
-2967 10
-2966 0
-2965 10
-2964 0
-2963 10
-2962 0
-2961 10
-2960 0
-2959 10
-2958 0
-2957 10
-2956 0
-2955 10
-2954 0
-2953 10
-2952 0
-2951 10
-2950 0
-2949 10
-2948 0
-2947 10
-2946 0
-2945 10
-2944 0
-2943 10
-2942 0
-2941 10
-2940 0
-2939 10
-2938 0
-2937 10
-2936 0
-2935 10
-2934 0
-2933 10
-2932 0
-2931 10
-2930 0
-2929 10
-2928 0
-2927 10
-2926 0
-2925 10
-2924 0
-2923 10
-2922 0
-2921 10
-2920 0
-2919 10
-2918 0
-2917 10
-2916 0
-2915 10
-2914 0
-2913 10
-2912 0
-2911 10
-2910 0
-2909 10
-2908 0
-2907 10
-2906 0
-2905 10
-2904 0
-2903 10
-2902 0
-2901 10
-2900 0
-2899 10
-2898 0
-2897 10
-2896 0
-2895 10
-2894 0
-2893 10
-2892 0
-2891 10
-2890 0
-2889 10
-2888 0
-2887 10
-2886 0
-2885 10
-2884 0
-2883 10
-2882 0
-2881 10
-2880 0
-2879 10
-2878 0
-2877 10
-2876 0
-2875 10
-2874 0
-2873 10
-2872 0
-2871 10
-2870 0
-2869 10
-2868 0
-2867 10
-2866 0
-2865 10
-2864 0
-2863 10
-2862 0
-2861 10
-2860 0
-2859 10
-2858 0
-2857 10
-2856 0
-2855 10
-2854 0
-2853 10
-2852 0
-2851 10
-2850 0
-2849 10
-2848 0
-2847 10
-2846 0
-2845 10
-2844 0
-2843 10
-2842 0
-2841 10
-2840 0
-2839 10
-2838 0
-2837 10
-2836 0
-2835 10
-2834 0
-2833 10
-2832 0
-2831 10
-2830 0
-2829 10
-2828 0
-2827 10
-2826 0
-2825 10
-2824 0
-2823 10
-2822 0
-2821 10
-2820 0
-2819 10
-2818 0
-2817 10
-2816 0
-2815 10
-2814 0
-2813 10
-2812 0
-2811 10
-2810 0
-2809 10
-2808 0
-2807 10
-2806 0
-2805 10
-2804 0
-2803 10
-2802 0
-2801 10
-2800 0
-2799 10
-2798 0
-2797 10
-2796 0
-2795 10
-2794 0
-2793 10
-2792 0
-2791 10
-2790 0
-2789 10
-2788 0
-2787 10
-2786 0
-2785 10
-2784 0
-2783 10
-2782 0
-2781 10
-2780 0
-2779 10
-2778 0
-2777 10
-2776 0
-2775 10
-2774 0
-2773 10
-2772 0
-2771 10
-2770 0
-2769 10
-2768 0
-2767 10
-2766 0
-2765 10
-2764 0
-2763 10
-2762 0
-2761 10
-2760 0
-2759 10
-2758 0
-2757 10
-2756 0
-2755 10
-2754 0
-2753 10
-2752 0
-2751 10
-2750 0
-2749 10
-2748 0
-2747 10
-2746 0
-2745 10
-2744 0
-2743 10
-2742 0
-2741 10
-2740 0
-2739 10
-2738 0
-2737 10
-2736 0
-2735 10
-2734 0
-2733 10
-2732 0
-2731 10
-2730 0
-2729 10
-2728 0
-2727 10
-2726 0
-2725 10
-2724 0
-2723 10
-2722 0
-2721 10
-2720 0
-2719 10
-2718 0
-2717 10
-2716 0
-2715 10
-2714 0
-2713 10
-2712 0
-2711 10
-2710 0
-2709 10
-2708 0
-2707 10
-2706 0
-2705 10
-2704 0
-2703 10
-2702 0
-2701 10
-2700 0
-2699 10
-2698 0
-2697 10
-2696 0
-2695 10
-2694 0
-2693 10
-2692 0
-2691 10
-2690 0
-2689 10
-2688 0
-2687 10
-2686 0
-2685 10
-2684 0
-2683 10
-2682 0
-2681 10
-2680 0
-2679 10
-2678 0
-2677 10
-2676 0
-2675 10
-2674 0
-2673 10
-2672 0
-2671 10
-2670 0
-2669 10
-2668 0
-2667 10
-2666 0
-2665 10
-2664 0
-2663 10
-2662 0
-2661 10
-2660 0
-2659 10
-2658 0
-2657 10
-2656 0
-2655 10
-2654 0
-2653 10
-2652 0
-2651 10
-2650 0
-2649 10
-2648 0
-2647 10
-2646 0
-2645 10
-2644 0
-2643 10
-2642 0
-2641 10
-2640 0
-2639 10
-2638 0
-2637 10
-2636 0
-2635 10
-2634 0
-2633 10
-2632 0
-2631 10
-2630 0
-2629 10
-2628 0
-2627 10
-2626 0
-2625 10
-2624 0
-2623 10
-2622 0
-2621 10
-2620 0
-2619 10
-2618 0
-2617 10
-2616 0
-2615 10
-2614 0
-2613 10
-2612 0
-2611 10
-2610 0
-2609 10
-2608 0
-2607 10
-2606 0
-2605 10
-2604 0
-2603 10
-2602 0
-2601 10
-2600 0
-2599 10
-2598 0
-2597 10
-2596 0
-2595 10
-2594 0
-2593 10
-2592 0
-2591 10
-2590 0
-2589 10
-2588 0
-2587 10
-2586 0
-2585 10
-2584 0
-2583 10
-2582 0
-2581 10
-2580 0
-2579 10
-2578 0
-2577 10
-2576 0
-2575 10
-2574 0
-2573 10
-2572 0
-2571 10
-2570 0
-2569 10
-2568 0
-2567 10
-2566 0
-2565 10
-2564 0
-2563 10
-2562 0
-2561 10
-2560 0
-2559 10
-2558 0
-2557 10
-2556 0
-2555 10
-2554 0
-2553 10
-2552 0
-2551 10
-2550 0
-2549 10
-2548 0
-2547 10
-2546 0
-2545 10
-2544 0
-2543 10
-2542 0
-2541 10
-2540 0
-2539 10
-2538 0
-2537 10
-2536 0
-2535 10
-2534 0
-2533 10
-2532 0
-2531 10
-2530 0
-2529 10
-2528 0
-2527 10
-2526 0
-2525 10
-2524 0
-2523 10
-2522 0
-2521 10
-2520 0
-2519 10
-2518 0
-2517 10
-2516 0
-2515 10
-2514 0
-2513 10
-2512 0
-2511 10
-2510 0
-2509 10
-2508 0
-2507 10
-2506 0
-2505 10
-2504 0
-2503 10
-2502 0
-2501 10
-2500 0
-2499 10
-2498 0
-2497 10
-2496 0
-2495 10
-2494 0
-2493 10
-2492 0
-2491 10
-2490 0
-2489 10
-2488 0
-2487 10
-2486 0
-2485 10
-2484 0
-2483 10
-2482 0
-2481 10
-2480 0
-2479 10
-2478 0
-2477 10
-2476 0
-2475 10
-2474 0
-2473 10
-2472 0
-2471 10
-2470 0
-2469 10
-2468 0
-2467 10
-2466 0
-2465 10
-2464 0
-2463 10
-2462 0
-2461 10
-2460 0
-2459 10
-2458 0
-2457 10
-2456 0
-2455 10
-2454 0
-2453 10
-2452 0
-2451 10
-2450 0
-2449 10
-2448 0
-2447 10
-2446 0
-2445 10
-2444 0
-2443 10
-2442 0
-2441 10
-2440 0
-2439 10
-2438 0
-2437 10
-2436 0
-2435 10
-2434 0
-2433 10
-2432 0
-2431 10
-2430 0
-2429 10
-2428 0
-2427 10
-2426 0
-2425 10
-2424 0
-2423 10
-2422 0
-2421 10
-2420 0
-2419 10
-2418 0
-2417 10
-2416 0
-2415 10
-2414 0
-2413 10
-2412 0
-2411 10
-2410 0
-2409 10
-2408 0
-2407 10
-2406 0
-2405 10
-2404 0
-2403 10
-2402 0
-2401 10
-2400 0
-2399 10
-2398 0
-2397 10
-2396 0
-2395 10
-2394 0
-2393 10
-2392 0
-2391 10
-2390 0
-2389 10
-2388 0
-2387 10
-2386 0
-2385 10
-2384 0
-2383 10
-2382 0
-2381 10
-2380 0
-2379 10
-2378 0
-2377 10
-2376 0
-2375 10
-2374 0
-2373 10
-2372 0
-2371 10
-2370 0
-2369 10
-2368 0
-2367 10
-2366 0
-2365 10
-2364 0
-2363 10
-2362 0
-2361 10
-2360 0
-2359 10
-2358 0
-2357 10
-2356 0
-2355 10
-2354 0
-2353 10
-2352 0
-2351 10
-2350 0
-2349 10
-2348 0
-2347 10
-2346 0
-2345 10
-2344 0
-2343 10
-2342 0
-2341 10
-2340 0
-2339 10
-2338 0
-2337 10
-2336 0
-2335 10
-2334 0
-2333 10
-2332 0
-2331 10
-2330 0
-2329 10
-2328 0
-2327 10
-2326 0
-2325 10
-2324 0
-2323 10
-2322 0
-2321 10
-2320 0
-2319 10
-2318 0
-2317 10
-2316 0
-2315 10
-2314 0
-2313 10
-2312 0
-2311 10
-2310 0
-2309 10
-2308 0
-2307 10
-2306 0
-2305 10
-2304 0
-2303 10
-2302 0
-2301 10
-2300 0
-2299 10
-2298 0
-2297 10
-2296 0
-2295 10
-2294 0
-2293 10
-2292 0
-2291 10
-2290 0
-2289 10
-2288 0
-2287 10
-2286 0
-2285 10
-2284 0
-2283 10
-2282 0
-2281 10
-2280 0
-2279 10
-2278 0
-2277 10
-2276 0
-2275 10
-2274 0
-2273 10
-2272 0
-2271 10
-2270 0
-2269 10
-2268 0
-2267 10
-2266 0
-2265 10
-2264 0
-2263 10
-2262 0
-2261 10
-2260 0
-2259 10
-2258 0
-2257 10
-2256 0
-2255 10
-2254 0
-2253 10
-2252 0
-2251 10
-2250 0
-2249 10
-2248 0
-2247 10
-2246 0
-2245 10
-2244 0
-2243 10
-2242 0
-2241 10
-2240 0
-2239 10
-2238 0
-2237 10
-2236 0
-2235 10
-2234 0
-2233 10
-2232 0
-2231 10
-2230 0
-2229 10
-2228 0
-2227 10
-2226 0
-2225 10
-2224 0
-2223 10
-2222 0
-2221 10
-2220 0
-2219 10
-2218 0
-2217 10
-2216 0
-2215 10
-2214 0
-2213 10
-2212 0
-2211 10
-2210 0
-2209 10
-2208 0
-2207 10
-2206 0
-2205 10
-2204 0
-2203 10
-2202 0
-2201 10
-2200 0
-2199 10
-2198 0
-2197 10
-2196 0
-2195 10
-2194 0
-2193 10
-2192 0
-2191 10
-2190 0
-2189 10
-2188 0
-2187 10
-2186 0
-2185 10
-2184 0
-2183 10
-2182 0
-2181 10
-2180 0
-2179 10
-2178 0
-2177 10
-2176 0
-2175 10
-2174 0
-2173 10
-2172 0
-2171 10
-2170 0
-2169 10
-2168 0
-2167 10
-2166 0
-2165 10
-2164 0
-2163 10
-2162 0
-2161 10
-2160 0
-2159 10
-2158 0
-2157 10
-2156 0
-2155 10
-2154 0
-2153 10
-2152 0
-2151 10
-2150 0
-2149 10
-2148 0
-2147 10
-2146 0
-2145 10
-2144 0
-2143 10
-2142 0
-2141 10
-2140 0
-2139 10
-2138 0
-2137 10
-2136 0
-2135 10
-2134 0
-2133 10
-2132 0
-2131 10
-2130 0
-2129 10
-2128 0
-2127 10
-2126 0
-2125 10
-2124 0
-2123 10
-2122 0
-2121 10
-2120 0
-2119 10
-2118 0
-2117 10
-2116 0
-2115 10
-2114 0
-2113 10
-2112 0
-2111 10
-2110 0
-2109 10
-2108 0
-2107 10
-2106 0
-2105 10
-2104 0
-2103 10
-2102 0
-2101 10
-2100 0
-2099 10
-2098 0
-2097 10
-2096 0
-2095 10
-2094 0
-2093 10
-2092 0
-2091 10
-2090 0
-2089 10
-2088 0
-2087 10
-2086 0
-2085 10
-2084 0
-2083 10
-2082 0
-2081 10
-2080 0
-2079 10
-2078 0
-2077 10
-2076 0
-2075 10
-2074 0
-2073 10
-2072 0
-2071 10
-2070 0
-2069 10
-2068 0
-2067 10
-2066 0
-2065 10
-2064 0
-2063 10
-2062 0
-2061 10
-2060 0
-2059 10
-2058 0
-2057 10
-2056 0
-2055 10
-2054 0
-2053 10
-2052 0
-2051 10
-2050 0
-2049 10
-2048 0
-2047 10
-2046 0
-2045 10
-2044 0
-2043 10
-2042 0
-2041 10
-2040 0
-2039 10
-2038 0
-2037 10
-2036 0
-2035 10
-2034 0
-2033 10
-2032 0
-2031 10
-2030 0
-2029 10
-2028 0
-2027 10
-2026 0
-2025 10
-2024 0
-2023 10
-2022 0
-2021 10
-2020 0
-2019 10
-2018 0
-2017 10
-2016 0
-2015 10
-2014 0
-2013 10
-2012 0
-2011 10
-2010 0
-2009 10
-2008 0
-2007 10
-2006 0
-2005 10
-2004 0
-2003 10
-2002 0
-2001 10
-2000 0
-1999 10
-1998 0
-1997 10
-1996 0
-1995 10
-1994 0
-1993 10
-1992 0
-1991 10
-1990 0
-1989 10
-1988 0
-1987 10
-1986 0
-1985 10
-1984 0
-1983 10
-1982 0
-1981 10
-1980 0
-1979 10
-1978 0
-1977 10
-1976 0
-1975 10
-1974 0
-1973 10
-1972 0
-1971 10
-1970 0
-1969 10
-1968 0
-1967 10
-1966 0
-1965 10
-1964 0
-1963 10
-1962 0
-1961 10
-1960 0
-1959 10
-1958 0
-1957 10
-1956 0
-1955 10
-1954 0
-1953 10
-1952 0
-1951 10
-1950 0
-1949 10
-1948 0
-1947 10
-1946 0
-1945 10
-1944 0
-1943 10
-1942 0
-1941 10
-1940 0
-1939 10
-1938 0
-1937 10
-1936 0
-1935 10
-1934 0
-1933 10
-1932 0
-1931 10
-1930 0
-1929 10
-1928 0
-1927 10
-1926 0
-1925 10
-1924 0
-1923 10
-1922 0
-1921 10
-1920 0
-1919 10
-1918 0
-1917 10
-1916 0
-1915 10
-1914 0
-1913 10
-1912 0
-1911 10
-1910 0
-1909 10
-1908 0
-1907 10
-1906 0
-1905 10
-1904 0
-1903 10
-1902 0
-1901 10
-1900 0
-1899 10
-1898 0
-1897 10
-1896 0
-1895 10
-1894 0
-1893 10
-1892 0
-1891 10
-1890 0
-1889 10
-1888 0
-1887 10
-1886 0
-1885 10
-1884 0
-1883 10
-1882 0
-1881 10
-1880 0
-1879 10
-1878 0
-1877 10
-1876 0
-1875 10
-1874 0
-1873 10
-1872 0
-1871 10
-1870 0
-1869 10
-1868 0
-1867 10
-1866 0
-1865 10
-1864 0
-1863 10
-1862 0
-1861 10
-1860 0
-1859 10
-1858 0
-1857 10
-1856 0
-1855 10
-1854 0
-1853 10
-1852 0
-1851 10
-1850 0
-1849 10
-1848 0
-1847 10
-1846 0
-1845 10
-1844 0
-1843 10
-1842 0
-1841 10
-1840 0
-1839 10
-1838 0
-1837 10
-1836 0
-1835 10
-1834 0
-1833 10
-1832 0
-1831 10
-1830 0
-1829 10
-1828 0
-1827 10
-1826 0
-1825 10
-1824 0
-1823 10
-1822 0
-1821 10
-1820 0
-1819 10
-1818 0
-1817 10
-1816 0
-1815 10
-1814 0
-1813 10
-1812 0
-1811 10
-1810 0
-1809 10
-1808 0
-1807 10
-1806 0
-1805 10
-1804 0
-1803 10
-1802 0
-1801 10
-1800 0
-1799 10
-1798 0
-1797 10
-1796 0
-1795 10
-1794 0
-1793 10
-1792 0
-1791 10
-1790 0
-1789 10
-1788 0
-1787 10
-1786 0
-1785 10
-1784 0
-1783 10
-1782 0
-1781 10
-1780 0
-1779 10
-1778 0
-1777 10
-1776 0
-1775 10
-1774 0
-1773 10
-1772 0
-1771 10
-1770 0
-1769 10
-1768 0
-1767 10
-1766 0
-1765 10
-1764 0
-1763 10
-1762 0
-1761 10
-1760 0
-1759 10
-1758 0
-1757 10
-1756 0
-1755 10
-1754 0
-1753 10
-1752 0
-1751 10
-1750 0
-1749 10
-1748 0
-1747 10
-1746 0
-1745 10
-1744 0
-1743 10
-1742 0
-1741 10
-1740 0
-1739 10
-1738 0
-1737 10
-1736 0
-1735 10
-1734 0
-1733 10
-1732 0
-1731 10
-1730 0
-1729 10
-1728 0
-1727 10
-1726 0
-1725 10
-1724 0
-1723 10
-1722 0
-1721 10
-1720 0
-1719 10
-1718 0
-1717 10
-1716 0
-1715 10
-1714 0
-1713 10
-1712 0
-1711 10
-1710 0
-1709 10
-1708 0
-1707 10
-1706 0
-1705 10
-1704 0
-1703 10
-1702 0
-1701 10
-1700 0
-1699 10
-1698 0
-1697 10
-1696 0
-1695 10
-1694 0
-1693 10
-1692 0
-1691 10
-1690 0
-1689 10
-1688 0
-1687 10
-1686 0
-1685 10
-1684 0
-1683 10
-1682 0
-1681 10
-1680 0
-1679 10
-1678 0
-1677 10
-1676 0
-1675 10
-1674 0
-1673 10
-1672 0
-1671 10
-1670 0
-1669 10
-1668 0
-1667 10
-1666 0
-1665 10
-1664 0
-1663 10
-1662 0
-1661 10
-1660 0
-1659 10
-1658 0
-1657 10
-1656 0
-1655 10
-1654 0
-1653 10
-1652 0
-1651 10
-1650 0
-1649 10
-1648 0
-1647 10
-1646 0
-1645 10
-1644 0
-1643 10
-1642 0
-1641 10
-1640 0
-1639 10
-1638 0
-1637 10
-1636 0
-1635 10
-1634 0
-1633 10
-1632 0
-1631 10
-1630 0
-1629 10
-1628 0
-1627 10
-1626 0
-1625 10
-1624 0
-1623 10
-1622 0
-1621 10
-1620 0
-1619 10
-1618 0
-1617 10
-1616 0
-1615 10
-1614 0
-1613 10
-1612 0
-1611 10
-1610 0
-1609 10
-1608 0
-1607 10
-1606 0
-1605 10
-1604 0
-1603 10
-1602 0
-1601 10
-1600 0
-1599 10
-1598 0
-1597 10
-1596 0
-1595 10
-1594 0
-1593 10
-1592 0
-1591 10
-1590 0
-1589 10
-1588 0
-1587 10
-1586 0
-1585 10
-1584 0
-1583 10
-1582 0
-1581 10
-1580 0
-1579 10
-1578 0
-1577 10
-1576 0
-1575 10
-1574 0
-1573 10
-1572 0
-1571 10
-1570 0
-1569 10
-1568 0
-1567 10
-1566 0
-1565 10
-1564 0
-1563 10
-1562 0
-1561 10
-1560 0
-1559 10
-1558 0
-1557 10
-1556 0
-1555 10
-1554 0
-1553 10
-1552 0
-1551 10
-1550 0
-1549 10
-1548 0
-1547 10
-1546 0
-1545 10
-1544 0
-1543 10
-1542 0
-1541 10
-1540 0
-1539 10
-1538 0
-1537 10
-1536 0
-1535 10
-1534 0
-1533 10
-1532 0
-1531 10
-1530 0
-1529 10
-1528 0
-1527 10
-1526 0
-1525 10
-1524 0
-1523 10
-1522 0
-1521 10
-1520 0
-1519 10
-1518 0
-1517 10
-1516 0
-1515 10
-1514 0
-1513 10
-1512 0
-1511 10
-1510 0
-1509 10
-1508 0
-1507 10
-1506 0
-1505 10
-1504 0
-1503 10
-1502 0
-1501 10
-1500 0
-1499 10
-1498 0
-1497 10
-1496 0
-1495 10
-1494 0
-1493 10
-1492 0
-1491 10
-1490 0
-1489 10
-1488 0
-1487 10
-1486 0
-1485 10
-1484 0
-1483 10
-1482 0
-1481 10
-1480 0
-1479 10
-1478 0
-1477 10
-1476 0
-1475 10
-1474 0
-1473 10
-1472 0
-1471 10
-1470 0
-1469 10
-1468 0
-1467 10
-1466 0
-1465 10
-1464 0
-1463 10
-1462 0
-1461 10
-1460 0
-1459 10
-1458 0
-1457 10
-1456 0
-1455 10
-1454 0
-1453 10
-1452 0
-1451 10
-1450 0
-1449 10
-1448 0
-1447 10
-1446 0
-1445 10
-1444 0
-1443 10
-1442 0
-1441 10
-1440 0
-1439 10
-1438 0
-1437 10
-1436 0
-1435 10
-1434 0
-1433 10
-1432 0
-1431 10
-1430 0
-1429 10
-1428 0
-1427 10
-1426 0
-1425 10
-1424 0
-1423 10
-1422 0
-1421 10
-1420 0
-1419 10
-1418 0
-1417 10
-1416 0
-1415 10
-1414 0
-1413 10
-1412 0
-1411 10
-1410 0
-1409 10
-1408 0
-1407 10
-1406 0
-1405 10
-1404 0
-1403 10
-1402 0
-1401 10
-1400 0
-1399 10
-1398 0
-1397 10
-1396 0
-1395 10
-1394 0
-1393 10
-1392 0
-1391 10
-1390 0
-1389 10
-1388 0
-1387 10
-1386 0
-1385 10
-1384 0
-1383 10
-1382 0
-1381 10
-1380 0
-1379 10
-1378 0
-1377 10
-1376 0
-1375 10
-1374 0
-1373 10
-1372 0
-1371 10
-1370 0
-1369 10
-1368 0
-1367 10
-1366 0
-1365 10
-1364 0
-1363 10
-1362 0
-1361 10
-1360 0
-1359 10
-1358 0
-1357 10
-1356 0
-1355 10
-1354 0
-1353 10
-1352 0
-1351 10
-1350 0
-1349 10
-1348 0
-1347 10
-1346 0
-1345 10
-1344 0
-1343 10
-1342 0
-1341 10
-1340 0
-1339 10
-1338 0
-1337 10
-1336 0
-1335 10
-1334 0
-1333 10
-1332 0
-1331 10
-1330 0
-1329 10
-1328 0
-1327 10
-1326 0
-1325 10
-1324 0
-1323 10
-1322 0
-1321 10
-1320 0
-1319 10
-1318 0
-1317 10
-1316 0
-1315 10
-1314 0
-1313 10
-1312 0
-1311 10
-1310 0
-1309 10
-1308 0
-1307 10
-1306 0
-1305 10
-1304 0
-1303 10
-1302 0
-1301 10
-1300 0
-1299 10
-1298 0
-1297 10
-1296 0
-1295 10
-1294 0
-1293 10
-1292 0
-1291 10
-1290 0
-1289 10
-1288 0
-1287 10
-1286 0
-1285 10
-1284 0
-1283 10
-1282 0
-1281 10
-1280 0
-1279 10
-1278 0
-1277 10
-1276 0
-1275 10
-1274 0
-1273 10
-1272 0
-1271 10
-1270 0
-1269 10
-1268 0
-1267 10
-1266 0
-1265 10
-1264 0
-1263 10
-1262 0
-1261 10
-1260 0
-1259 10
-1258 0
-1257 10
-1256 0
-1255 10
-1254 0
-1253 10
-1252 0
-1251 10
-1250 0
-1249 10
-1248 0
-1247 10
-1246 0
-1245 10
-1244 0
-1243 10
-1242 0
-1241 10
-1240 0
-1239 10
-1238 0
-1237 10
-1236 0
-1235 10
-1234 0
-1233 10
-1232 0
-1231 10
-1230 0
-1229 10
-1228 0
-1227 10
-1226 0
-1225 10
-1224 0
-1223 10
-1222 0
-1221 10
-1220 0
-1219 10
-1218 0
-1217 10
-1216 0
-1215 10
-1214 0
-1213 10
-1212 0
-1211 10
-1210 0
-1209 10
-1208 0
-1207 10
-1206 0
-1205 10
-1204 0
-1203 10
-1202 0
-1201 10
-1200 0
-1199 10
-1198 0
-1197 10
-1196 0
-1195 10
-1194 0
-1193 10
-1192 0
-1191 10
-1190 0
-1189 10
-1188 0
-1187 10
-1186 0
-1185 10
-1184 0
-1183 10
-1182 0
-1181 10
-1180 0
-1179 10
-1178 0
-1177 10
-1176 0
-1175 10
-1174 0
-1173 10
-1172 0
-1171 10
-1170 0
-1169 10
-1168 0
-1167 10
-1166 0
-1165 10
-1164 0
-1163 10
-1162 0
-1161 10
-1160 0
-1159 10
-1158 0
-1157 10
-1156 0
-1155 10
-1154 0
-1153 10
-1152 0
-1151 10
-1150 0
-1149 10
-1148 0
-1147 10
-1146 0
-1145 10
-1144 0
-1143 10
-1142 0
-1141 10
-1140 0
-1139 10
-1138 0
-1137 10
-1136 0
-1135 10
-1134 0
-1133 10
-1132 0
-1131 10
-1130 0
-1129 10
-1128 0
-1127 10
-1126 0
-1125 10
-1124 0
-1123 10
-1122 0
-1121 10
-1120 0
-1119 10
-1118 0
-1117 10
-1116 0
-1115 10
-1114 0
-1113 10
-1112 0
-1111 10
-1110 0
-1109 10
-1108 0
-1107 10
-1106 0
-1105 10
-1104 0
-1103 10
-1102 0
-1101 10
-1100 0
-1099 10
-1098 0
-1097 10
-1096 0
-1095 10
-1094 0
-1093 10
-1092 0
-1091 10
-1090 0
-1089 10
-1088 0
-1087 10
-1086 0
-1085 10
-1084 0
-1083 10
-1082 0
-1081 10
-1080 0
-1079 10
-1078 0
-1077 10
-1076 0
-1075 10
-1074 0
-1073 10
-1072 0
-1071 10
-1070 0
-1069 10
-1068 0
-1067 10
-1066 0
-1065 10
-1064 0
-1063 10
-1062 0
-1061 10
-1060 0
-1059 10
-1058 0
-1057 10
-1056 0
-1055 10
-1054 0
-1053 10
-1052 0
-1051 10
-1050 0
-1049 10
-1048 0
-1047 10
-1046 0
-1045 10
-1044 0
-1043 10
-1042 0
-1041 10
-1040 0
-1039 10
-1038 0
-1037 10
-1036 0
-1035 10
-1034 0
-1033 10
-1032 0
-1031 10
-1030 0
-1029 10
-1028 0
-1027 10
-1026 0
-1025 10
-1024 0
-1023 10
-1022 0
-1021 10
-1020 0
-1019 10
-1018 0
-1017 10
-1016 0
-1015 10
-1014 0
-1013 10
-1012 0
-1011 10
-1010 0
-1009 10
-1008 0
-1007 10
-1006 0
-1005 10
-1004 0
-1003 10
-1002 0
-1001 10
-1000 0
-999 10
-998 0
-997 10
-996 0
-995 10
-994 0
-993 10
-992 0
-991 10
-990 0
-989 10
-988 0
-987 10
-986 0
-985 10
-984 0
-983 10
-982 0
-981 10
-980 0
-979 10
-978 0
-977 10
-976 0
-975 10
-974 0
-973 10
-972 0
-971 10
-970 0
-969 10
-968 0
-967 10
-966 0
-965 10
-964 0
-963 10
-962 0
-961 10
-960 0
-959 10
-958 0
-957 10
-956 0
-955 10
-954 0
-953 10
-952 0
-951 10
-950 0
-949 10
-948 0
-947 10
-946 0
-945 10
-944 0
-943 10
-942 0
-941 10
-940 0
-939 10
-938 0
-937 10
-936 0
-935 10
-934 0
-933 10
-932 0
-931 10
-930 0
-929 10
-928 0
-927 10
-926 0
-925 10
-924 0
-923 10
-922 0
-921 10
-920 0
-919 10
-918 0
-917 10
-916 0
-915 10
-914 0
-913 10
-912 0
-911 10
-910 0
-909 10
-908 0
-907 10
-906 0
-905 10
-904 0
-903 10
-902 0
-901 10
-900 0
-899 10
-898 0
-897 10
-896 0
-895 10
-894 0
-893 10
-892 0
-891 10
-890 0
-889 10
-888 0
-887 10
-886 0
-885 10
-884 0
-883 10
-882 0
-881 10
-880 0
-879 10
-878 0
-877 10
-876 0
-875 10
-874 0
-873 10
-872 0
-871 10
-870 0
-869 10
-868 0
-867 10
-866 0
-865 10
-864 0
-863 10
-862 0
-861 10
-860 0
-859 10
-858 0
-857 10
-856 0
-855 10
-854 0
-853 10
-852 0
-851 10
-850 0
-849 10
-848 0
-847 10
-846 0
-845 10
-844 0
-843 10
-842 0
-841 10
-840 0
-839 10
-838 0
-837 10
-836 0
-835 10
-834 0
-833 10
-832 0
-831 10
-830 0
-829 10
-828 0
-827 10
-826 0
-825 10
-824 0
-823 10
-822 0
-821 10
-820 0
-819 10
-818 0
-817 10
-816 0
-815 10
-814 0
-813 10
-812 0
-811 10
-810 0
-809 10
-808 0
-807 10
-806 0
-805 10
-804 0
-803 10
-802 0
-801 10
-800 0
-799 10
-798 0
-797 10
-796 0
-795 10
-794 0
-793 10
-792 0
-791 10
-790 0
-789 10
-788 0
-787 10
-786 0
-785 10
-784 0
-783 10
-782 0
-781 10
-780 0
-779 10
-778 0
-777 10
-776 0
-775 10
-774 0
-773 10
-772 0
-771 10
-770 0
-769 10
-768 0
-767 10
-766 0
-765 10
-764 0
-763 10
-762 0
-761 10
-760 0
-759 10
-758 0
-757 10
-756 0
-755 10
-754 0
-753 10
-752 0
-751 10
-750 0
-749 10
-748 0
-747 10
-746 0
-745 10
-744 0
-743 10
-742 0
-741 10
-740 0
-739 10
-738 0
-737 10
-736 0
-735 10
-734 0
-733 10
-732 0
-731 10
-730 0
-729 10
-728 0
-727 10
-726 0
-725 10
-724 0
-723 10
-722 0
-721 10
-720 0
-719 10
-718 0
-717 10
-716 0
-715 10
-714 0
-713 10
-712 0
-711 10
-710 0
-709 10
-708 0
-707 10
-706 0
-705 10
-704 0
-703 10
-702 0
-701 10
-700 0
-699 10
-698 0
-697 10
-696 0
-695 10
-694 0
-693 10
-692 0
-691 10
-690 0
-689 10
-688 0
-687 10
-686 0
-685 10
-684 0
-683 10
-682 0
-681 10
-680 0
-679 10
-678 0
-677 10
-676 0
-675 10
-674 0
-673 10
-672 0
-671 10
-670 0
-669 10
-668 0
-667 10
-666 0
-665 10
-664 0
-663 10
-662 0
-661 10
-660 0
-659 10
-658 0
-657 10
-656 0
-655 10
-654 0
-653 10
-652 0
-651 10
-650 0
-649 10
-648 0
-647 10
-646 0
-645 10
-644 0
-643 10
-642 0
-641 10
-640 0
-639 10
-638 0
-637 10
-636 0
-635 10
-634 0
-633 10
-632 0
-631 10
-630 0
-629 10
-628 0
-627 10
-626 0
-625 10
-624 0
-623 10
-622 0
-621 10
-620 0
-619 10
-618 0
-617 10
-616 0
-615 10
-614 0
-613 10
-612 0
-611 10
-610 0
-609 10
-608 0
-607 10
-606 0
-605 10
-604 0
-603 10
-602 0
-601 10
-600 0
-599 10
-598 0
-597 10
-596 0
-595 10
-594 0
-593 10
-592 0
-591 10
-590 0
-589 10
-588 0
-587 10
-586 0
-585 10
-584 0
-583 10
-582 0
-581 10
-580 0
-579 10
-578 0
-577 10
-576 0
-575 10
-574 0
-573 10
-572 0
-571 10
-570 0
-569 10
-568 0
-567 10
-566 0
-565 10
-564 0
-563 10
-562 0
-561 10
-560 0
-559 10
-558 0
-557 10
-556 0
-555 10
-554 0
-553 10
-552 0
-551 10
-550 0
-549 10
-548 0
-547 10
-546 0
-545 10
-544 0
-543 10
-542 0
-541 10
-540 0
-539 10
-538 0
-537 10
-536 0
-535 10
-534 0
-533 10
-532 0
-531 10
-530 0
-529 10
-528 0
-527 10
-526 0
-525 10
-524 0
-523 10
-522 0
-521 10
-520 0
-519 10
-518 0
-517 10
-516 0
-515 10
-514 0
-513 10
-512 0
-511 10
-510 0
-509 10
-508 0
-507 10
-506 0
-505 10
-504 0
-503 10
-502 0
-501 10
-500 0
-499 10
-498 0
-497 10
-496 0
-495 10
-494 0
-493 10
-492 0
-491 10
-490 0
-489 10
-488 0
-487 10
-486 0
-485 10
-484 0
-483 10
-482 0
-481 10
-480 0
-479 10
-478 0
-477 10
-476 0
-475 10
-474 0
-473 10
-472 0
-471 10
-470 0
-469 10
-468 0
-467 10
-466 0
-465 10
-464 0
-463 10
-462 0
-461 10
-460 0
-459 10
-458 0
-457 10
-456 0
-455 10
-454 0
-453 10
-452 0
-451 10
-450 0
-449 10
-448 0
-447 10
-446 0
-445 10
-444 0
-443 10
-442 0
-441 10
-440 0
-439 10
-438 0
-437 10
-436 0
-435 10
-434 0
-433 10
-432 0
-431 10
-430 0
-429 10
-428 0
-427 10
-426 0
-425 10
-424 0
-423 10
-422 0
-421 10
-420 0
-419 10
-418 0
-417 10
-416 0
-415 10
-414 0
-413 10
-412 0
-411 10
-410 0
-409 10
-408 0
-407 10
-406 0
-405 10
-404 0
-403 10
-402 0
-401 10
-400 0
-399 10
-398 0
-397 10
-396 0
-395 10
-394 0
-393 10
-392 0
-391 10
-390 0
-389 10
-388 0
-387 10
-386 0
-385 10
-384 0
-383 10
-382 0
-381 10
-380 0
-379 10
-378 0
-377 10
-376 0
-375 10
-374 0
-373 10
-372 0
-371 10
-370 0
-369 10
-368 0
-367 10
-366 0
-365 10
-364 0
-363 10
-362 0
-361 10
-360 0
-359 10
-358 0
-357 10
-356 0
-355 10
-354 0
-353 10
-352 0
-351 10
-350 0
-349 10
-348 0
-347 10
-346 0
-345 10
-344 0
-343 10
-342 0
-341 10
-340 0
-339 10
-338 0
-337 10
-336 0
-335 10
-334 0
-333 10
-332 0
-331 10
-330 0
-329 10
-328 0
-327 10
-326 0
-325 10
-324 0
-323 10
-322 0
-321 10
-320 0
-319 10
-318 0
-317 10
-316 0
-315 10
-314 0
-313 10
-312 0
-311 10
-310 0
-309 10
-308 0
-307 10
-306 0
-305 10
-304 0
-303 10
-302 0
-301 10
-300 0
-299 10
-298 0
-297 10
-296 0
-295 10
-294 0
-293 10
-292 0
-291 10
-290 0
-289 10
-288 0
-287 10
-286 0
-285 10
-284 0
-283 10
-282 0
-281 10
-280 0
-279 10
-278 0
-277 10
-276 0
-275 10
-274 0
-273 10
-272 0
-271 10
-270 0
-269 10
-268 0
-267 10
-266 0
-265 10
-264 0
-263 10
-262 0
-261 10
-260 0
-259 10
-258 0
-257 10
-256 0
-255 10
-254 0
-253 10
-252 0
-251 10
-250 0
-249 10
-248 0
-247 10
-246 0
-245 10
-244 0
-243 10
-242 0
-241 10
-240 0
-239 10
-238 0
-237 10
-236 0
-235 10
-234 0
-233 10
-232 0
-231 10
-230 0
-229 10
-228 0
-227 10
-226 0
-225 10
-224 0
-223 10
-222 0
-221 10
-220 0
-219 10
-218 0
-217 10
-216 0
-215 10
-214 0
-213 10
-212 0
-211 10
-210 0
-209 10
-208 0
-207 10
-206 0
-205 10
-204 0
-203 10
-202 0
-201 10
-200 0
-199 10
-198 0
-197 10
-196 0
-195 10
-194 0
-193 10
-192 0
-191 10
-190 0
-189 10
-188 0
-187 10
-186 0
-185 10
-184 0
-183 10
-182 0
-181 10
-180 0
-179 10
-178 0
-177 10
-176 0
-175 10
-174 0
-173 10
-172 0
-171 10
-170 0
-169 10
-168 0
-167 10
-166 0
-165 10
-164 0
-163 10
-162 0
-161 10
-160 0
-159 10
-158 0
-157 10
-156 0
-155 10
-154 0
-153 10
-152 0
-151 10
-150 0
-149 10
-148 0
-147 10
-146 0
-145 10
-144 0
-143 10
-142 0
-141 10
-140 0
-139 10
-138 0
-137 10
-136 0
-135 10
-134 0
-133 10
-132 0
-131 10
-130 0
-129 10
-128 0
-127 10
-126 0
-125 10
-124 0
-123 10
-122 0
-121 10
-120 0
-119 10
-118 0
-117 10
-116 0
-115 10
-114 0
-113 10
-112 0
-111 10
-110 0
-109 10
-108 0
-107 10
-106 0
-105 10
-104 0
-103 10
-102 0
-101 10
-100 0
-99 10
-98 0
-97 10
-96 0
-95 10
-94 0
-93 10
-92 0
-91 10
-90 0
-89 10
-88 0
-87 10
-86 0
-85 10
-84 0
-83 10
-82 0
-81 10
-80 0
-79 10
-78 0
-77 10
-76 0
-75 10
-74 0
-73 10
-72 0
-71 10
-70 0
-69 10
-68 0
-67 10
-66 0
-65 10
-64 0
-63 10
-62 0
-61 10
-60 0
-59 10
-58 0
-57 10
-56 0
-55 10
-54 0
-53 10
-52 0
-51 10
-50 0
-49 10
-48 0
-47 10
-46 0
-45 10
-44 0
-43 10
-42 0
-41 10
-40 0
-39 10
-38 0
-37 10
-36 0
-35 10
-34 0
-33 10
-32 0
-31 10
-30 0
-29 10
-28 0
-27 10
-26 0
-25 10
-24 0
-23 10
-22 0
-21 10
-20 0
-19 10
-18 0
-17 10
-16 0
-15 10
-14 0
-13 10
-12 0
-11 10
-10 0
-9 10
-8 0
-7 10
-6 0
-5 10
-4 0
-3 10
-2 0
-1 10
0 0
1 10
2 0
3 10
4 0
5 10
6 0
7 10
8 0
9 10
10 0
11 10
12 0
13 10
14 0
15 10
16 0
17 10
18 0
19 10
20 0
21 10
22 0
23 10
24 0
25 10
26 0
27 10
28 0
29 10
30 0
31 10
32 0
33 10
34 0
35 10
36 0
37 10
38 0
39 10
40 0
41 10
42 0
43 10
44 0
45 10
46 0
47 10
48 0
49 10
50 0
51 10
52 0
53 10
54 0
55 10
56 0
57 10
58 0
59 10
60 0
61 10
62 0
63 10
64 0
65 10
66 0
67 10
68 0
69 10
70 0
71 10
72 0
73 10
74 0
75 10
76 0
77 10
78 0
79 10
80 0
81 10
82 0
83 10
84 0
85 10
86 0
87 10
88 0
89 10
90 0
91 10
92 0
93 10
94 0
95 10
96 0
97 10
98 0
99 10
100 0
101 10
102 0
103 10
104 0
105 10
106 0
107 10
108 0
109 10
110 0
111 10
112 0
113 10
114 0
115 10
116 0
117 10
118 0
119 10
120 0
121 10
122 0
123 10
124 0
125 10
126 0
127 10
128 0
129 10
130 0
131 10
132 0
133 10
134 0
135 10
136 0
137 10
138 0
139 10
140 0
141 10
142 0
143 10
144 0
145 10
146 0
147 10
148 0
149 10
150 0
151 10
152 0
153 10
154 0
155 10
156 0
157 10
158 0
159 10
160 0
161 10
162 0
163 10
164 0
165 10
166 0
167 10
168 0
169 10
170 0
171 10
172 0
173 10
174 0
175 10
176 0
177 10
178 0
179 10
180 0
181 10
182 0
183 10
184 0
185 10
186 0
187 10
188 0
189 10
190 0
191 10
192 0
193 10
194 0
195 10
196 0
197 10
198 0
199 10
200 0
201 10
202 0
203 10
204 0
205 10
206 0
207 10
208 0
209 10
210 0
211 10
212 0
213 10
214 0
215 10
216 0
217 10
218 0
219 10
220 0
221 10
222 0
223 10
224 0
225 10
226 0
227 10
228 0
229 10
230 0
231 10
232 0
233 10
234 0
235 10
236 0
237 10
238 0
239 10
240 0
241 10
242 0
243 10
244 0
245 10
246 0
247 10
248 0
249 10
250 0
251 10
252 0
253 10
254 0
255 10
256 0
257 10
258 0
259 10
260 0
261 10
262 0
263 10
264 0
265 10
266 0
267 10
268 0
269 10
270 0
271 10
272 0
273 10
274 0
275 10
276 0
277 10
278 0
279 10
280 0
281 10
282 0
283 10
284 0
285 10
286 0
287 10
288 0
289 10
290 0
291 10
292 0
293 10
294 0
295 10
296 0
297 10
298 0
299 10
300 0
301 10
302 0
303 10
304 0
305 10
306 0
307 10
308 0
309 10
310 0
311 10
312 0
313 10
314 0
315 10
316 0
317 10
318 0
319 10
320 0
321 10
322 0
323 10
324 0
325 10
326 0
327 10
328 0
329 10
330 0
331 10
332 0
333 10
334 0
335 10
336 0
337 10
338 0
339 10
340 0
341 10
342 0
343 10
344 0
345 10
346 0
347 10
348 0
349 10
350 0
351 10
352 0
353 10
354 0
355 10
356 0
357 10
358 0
359 10
360 0
361 10
362 0
363 10
364 0
365 10
366 0
367 10
368 0
369 10
370 0
371 10
372 0
373 10
374 0
375 10
376 0
377 10
378 0
379 10
380 0
381 10
382 0
383 10
384 0
385 10
386 0
387 10
388 0
389 10
390 0
391 10
392 0
393 10
394 0
395 10
396 0
397 10
398 0
399 10
400 0
401 10
402 0
403 10
404 0
405 10
406 0
407 10
408 0
409 10
410 0
411 10
412 0
413 10
414 0
415 10
416 0
417 10
418 0
419 10
420 0
421 10
422 0
423 10
424 0
425 10
426 0
427 10
428 0
429 10
430 0
431 10
432 0
433 10
434 0
435 10
436 0
437 10
438 0
439 10
440 0
441 10
442 0
443 10
444 0
445 10
446 0
447 10
448 0
449 10
450 0
451 10
452 0
453 10
454 0
455 10
456 0
457 10
458 0
459 10
460 0
461 10
462 0
463 10
464 0
465 10
466 0
467 10
468 0
469 10
470 0
471 10
472 0
473 10
474 0
475 10
476 0
477 10
478 0
479 10
480 0
481 10
482 0
483 10
484 0
485 10
486 0
487 10
488 0
489 10
490 0
491 10
492 0
493 10
494 0
495 10
496 0
497 10
498 0
499 10
500 0
501 10
502 0
503 10
504 0
505 10
506 0
507 10
508 0
509 10
510 0
511 10
512 0
513 10
514 0
515 10
516 0
517 10
518 0
519 10
520 0
521 10
522 0
523 10
524 0
525 10
526 0
527 10
528 0
529 10
530 0
531 10
532 0
533 10
534 0
535 10
536 0
537 10
538 0
539 10
540 0
541 10
542 0
543 10
544 0
545 10
546 0
547 10
548 0
549 10
550 0
551 10
552 0
553 10
554 0
555 10
556 0
557 10
558 0
559 10
560 0
561 10
562 0
563 10
564 0
565 10
566 0
567 10
568 0
569 10
570 0
571 10
572 0
573 10
574 0
575 10
576 0
577 10
578 0
579 10
580 0
581 10
582 0
583 10
584 0
585 10
586 0
587 10
588 0
589 10
590 0
591 10
592 0
593 10
594 0
595 10
596 0
597 10
598 0
599 10
600 0
601 10
602 0
603 10
604 0
605 10
606 0
607 10
608 0
609 10
610 0
611 10
612 0
613 10
614 0
615 10
616 0
617 10
618 0
619 10
620 0
621 10
622 0
623 10
624 0
625 10
626 0
627 10
628 0
629 10
630 0
631 10
632 0
633 10
634 0
635 10
636 0
637 10
638 0
639 10
640 0
641 10
642 0
643 10
644 0
645 10
646 0
647 10
648 0
649 10
650 0
651 10
652 0
653 10
654 0
655 10
656 0
657 10
658 0
659 10
660 0
661 10
662 0
663 10
664 0
665 10
666 0
667 10
668 0
669 10
670 0
671 10
672 0
673 10
674 0
675 10
676 0
677 10
678 0
679 10
680 0
681 10
682 0
683 10
684 0
685 10
686 0
687 10
688 0
689 10
690 0
691 10
692 0
693 10
694 0
695 10
696 0
697 10
698 0
699 10
700 0
701 10
702 0
703 10
704 0
705 10
706 0
707 10
708 0
709 10
710 0
711 10
712 0
713 10
714 0
715 10
716 0
717 10
718 0
719 10
720 0
721 10
722 0
723 10
724 0
725 10
726 0
727 10
728 0
729 10
730 0
731 10
732 0
733 10
734 0
735 10
736 0
737 10
738 0
739 10
740 0
741 10
742 0
743 10
744 0
745 10
746 0
747 10
748 0
749 10
750 0
751 10
752 0
753 10
754 0
755 10
756 0
757 10
758 0
759 10
760 0
761 10
762 0
763 10
764 0
765 10
766 0
767 10
768 0
769 10
770 0
771 10
772 0
773 10
774 0
775 10
776 0
777 10
778 0
779 10
780 0
781 10
782 0
783 10
784 0
785 10
786 0
787 10
788 0
789 10
790 0
791 10
792 0
793 10
794 0
795 10
796 0
797 10
798 0
799 10
800 0
801 10
802 0
803 10
804 0
805 10
806 0
807 10
808 0
809 10
810 0
811 10
812 0
813 10
814 0
815 10
816 0
817 10
818 0
819 10
820 0
821 10
822 0
823 10
824 0
825 10
826 0
827 10
828 0
829 10
830 0
831 10
832 0
833 10
834 0
835 10
836 0
837 10
838 0
839 10
840 0
841 10
842 0
843 10
844 0
845 10
846 0
847 10
848 0
849 10
850 0
851 10
852 0
853 10
854 0
855 10
856 0
857 10
858 0
859 10
860 0
861 10
862 0
863 10
864 0
865 10
866 0
867 10
868 0
869 10
870 0
871 10
872 0
873 10
874 0
875 10
876 0
877 10
878 0
879 10
880 0
881 10
882 0
883 10
884 0
885 10
886 0
887 10
888 0
889 10
890 0
891 10
892 0
893 10
894 0
895 10
896 0
897 10
898 0
899 10
900 0
901 10
902 0
903 10
904 0
905 10
906 0
907 10
908 0
909 10
910 0
911 10
912 0
913 10
914 0
915 10
916 0
917 10
918 0
919 10
920 0
921 10
922 0
923 10
924 0
925 10
926 0
927 10
928 0
929 10
930 0
931 10
932 0
933 10
934 0
935 10
936 0
937 10
938 0
939 10
940 0
941 10
942 0
943 10
944 0
945 10
946 0
947 10
948 0
949 10
950 0
951 10
952 0
953 10
954 0
955 10
956 0
957 10
958 0
959 10
960 0
961 10
962 0
963 10
964 0
965 10
966 0
967 10
968 0
969 10
970 0
971 10
972 0
973 10
974 0
975 10
976 0
977 10
978 0
979 10
980 0
981 10
982 0
983 10
984 0
985 10
986 0
987 10
988 0
989 10
990 0
991 10
992 0
993 10
994 0
995 10
996 0
997 10
998 0
999 10
1000 0
1001 10
1002 0
1003 10
1004 0
1005 10
1006 0
1007 10
1008 0
1009 10
1010 0
1011 10
1012 0
1013 10
1014 0
1015 10
1016 0
1017 10
1018 0
1019 10
1020 0
1021 10
1022 0
1023 10
1024 0
1025 10
1026 0
1027 10
1028 0
1029 10
1030 0
1031 10
1032 0
1033 10
1034 0
1035 10
1036 0
1037 10
1038 0
1039 10
1040 0
1041 10
1042 0
1043 10
1044 0
1045 10
1046 0
1047 10
1048 0
1049 10
1050 0
1051 10
1052 0
1053 10
1054 0
1055 10
1056 0
1057 10
1058 0
1059 10
1060 0
1061 10
1062 0
1063 10
1064 0
1065 10
1066 0
1067 10
1068 0
1069 10
1070 0
1071 10
1072 0
1073 10
1074 0
1075 10
1076 0
1077 10
1078 0
1079 10
1080 0
1081 10
1082 0
1083 10
1084 0
1085 10
1086 0
1087 10
1088 0
1089 10
1090 0
1091 10
1092 0
1093 10
1094 0
1095 10
1096 0
1097 10
1098 0
1099 10
1100 0
1101 10
1102 0
1103 10
1104 0
1105 10
1106 0
1107 10
1108 0
1109 10
1110 0
1111 10
1112 0
1113 10
1114 0
1115 10
1116 0
1117 10
1118 0
1119 10
1120 0
1121 10
1122 0
1123 10
1124 0
1125 10
1126 0
1127 10
1128 0
1129 10
1130 0
1131 10
1132 0
1133 10
1134 0
1135 10
1136 0
1137 10
1138 0
1139 10
1140 0
1141 10
1142 0
1143 10
1144 0
1145 10
1146 0
1147 10
1148 0
1149 10
1150 0
1151 10
1152 0
1153 10
1154 0
1155 10
1156 0
1157 10
1158 0
1159 10
1160 0
1161 10
1162 0
1163 10
1164 0
1165 10
1166 0
1167 10
1168 0
1169 10
1170 0
1171 10
1172 0
1173 10
1174 0
1175 10
1176 0
1177 10
1178 0
1179 10
1180 0
1181 10
1182 0
1183 10
1184 0
1185 10
1186 0
1187 10
1188 0
1189 10
1190 0
1191 10
1192 0
1193 10
1194 0
1195 10
1196 0
1197 10
1198 0
1199 10
1200 0
1201 10
1202 0
1203 10
1204 0
1205 10
1206 0
1207 10
1208 0
1209 10
1210 0
1211 10
1212 0
1213 10
1214 0
1215 10
1216 0
1217 10
1218 0
1219 10
1220 0
1221 10
1222 0
1223 10
1224 0
1225 10
1226 0
1227 10
1228 0
1229 10
1230 0
1231 10
1232 0
1233 10
1234 0
1235 10
1236 0
1237 10
1238 0
1239 10
1240 0
1241 10
1242 0
1243 10
1244 0
1245 10
1246 0
1247 10
1248 0
1249 10
1250 0
1251 10
1252 0
1253 10
1254 0
1255 10
1256 0
1257 10
1258 0
1259 10
1260 0
1261 10
1262 0
1263 10
1264 0
1265 10
1266 0
1267 10
1268 0
1269 10
1270 0
1271 10
1272 0
1273 10
1274 0
1275 10
1276 0
1277 10
1278 0
1279 10
1280 0
1281 10
1282 0
1283 10
1284 0
1285 10
1286 0
1287 10
1288 0
1289 10
1290 0
1291 10
1292 0
1293 10
1294 0
1295 10
1296 0
1297 10
1298 0
1299 10
1300 0
1301 10
1302 0
1303 10
1304 0
1305 10
1306 0
1307 10
1308 0
1309 10
1310 0
1311 10
1312 0
1313 10
1314 0
1315 10
1316 0
1317 10
1318 0
1319 10
1320 0
1321 10
1322 0
1323 10
1324 0
1325 10
1326 0
1327 10
1328 0
1329 10
1330 0
1331 10
1332 0
1333 10
1334 0
1335 10
1336 0
1337 10
1338 0
1339 10
1340 0
1341 10
1342 0
1343 10
1344 0
1345 10
1346 0
1347 10
1348 0
1349 10
1350 0
1351 10
1352 0
1353 10
1354 0
1355 10
1356 0
1357 10
1358 0
1359 10
1360 0
1361 10
1362 0
1363 10
1364 0
1365 10
1366 0
1367 10
1368 0
1369 10
1370 0
1371 10
1372 0
1373 10
1374 0
1375 10
1376 0
1377 10
1378 0
1379 10
1380 0
1381 10
1382 0
1383 10
1384 0
1385 10
1386 0
1387 10
1388 0
1389 10
1390 0
1391 10
1392 0
1393 10
1394 0
1395 10
1396 0
1397 10
1398 0
1399 10
1400 0
1401 10
1402 0
1403 10
1404 0
1405 10
1406 0
1407 10
1408 0
1409 10
1410 0
1411 10
1412 0
1413 10
1414 0
1415 10
1416 0
1417 10
1418 0
1419 10
1420 0
1421 10
1422 0
1423 10
1424 0
1425 10
1426 0
1427 10
1428 0
1429 10
1430 0
1431 10
1432 0
1433 10
1434 0
1435 10
1436 0
1437 10
1438 0
1439 10
1440 0
1441 10
1442 0
1443 10
1444 0
1445 10
1446 0
1447 10
1448 0
1449 10
1450 0
1451 10
1452 0
1453 10
1454 0
1455 10
1456 0
1457 10
1458 0
1459 10
1460 0
1461 10
1462 0
1463 10
1464 0
1465 10
1466 0
1467 10
1468 0
1469 10
1470 0
1471 10
1472 0
1473 10
1474 0
1475 10
1476 0
1477 10
1478 0
1479 10
1480 0
1481 10
1482 0
1483 10
1484 0
1485 10
1486 0
1487 10
1488 0
1489 10
1490 0
1491 10
1492 0
1493 10
1494 0
1495 10
1496 0
1497 10
1498 0
1499 10
1500 0
1501 10
1502 0
1503 10
1504 0
1505 10
1506 0
1507 10
1508 0
1509 10
1510 0
1511 10
1512 0
1513 10
1514 0
1515 10
1516 0
1517 10
1518 0
1519 10
1520 0
1521 10
1522 0
1523 10
1524 0
1525 10
1526 0
1527 10
1528 0
1529 10
1530 0
1531 10
1532 0
1533 10
1534 0
1535 10
1536 0
1537 10
1538 0
1539 10
1540 0
1541 10
1542 0
1543 10
1544 0
1545 10
1546 0
1547 10
1548 0
1549 10
1550 0
1551 10
1552 0
1553 10
1554 0
1555 10
1556 0
1557 10
1558 0
1559 10
1560 0
1561 10
1562 0
1563 10
1564 0
1565 10
1566 0
1567 10
1568 0
1569 10
1570 0
1571 10
1572 0
1573 10
1574 0
1575 10
1576 0
1577 10
1578 0
1579 10
1580 0
1581 10
1582 0
1583 10
1584 0
1585 10
1586 0
1587 10
1588 0
1589 10
1590 0
1591 10
1592 0
1593 10
1594 0
1595 10
1596 0
1597 10
1598 0
1599 10
1600 0
1601 10
1602 0
1603 10
1604 0
1605 10
1606 0
1607 10
1608 0
1609 10
1610 0
1611 10
1612 0
1613 10
1614 0
1615 10
1616 0
1617 10
1618 0
1619 10
1620 0
1621 10
1622 0
1623 10
1624 0
1625 10
1626 0
1627 10
1628 0
1629 10
1630 0
1631 10
1632 0
1633 10
1634 0
1635 10
1636 0
1637 10
1638 0
1639 10
1640 0
1641 10
1642 0
1643 10
1644 0
1645 10
1646 0
1647 10
1648 0
1649 10
1650 0
1651 10
1652 0
1653 10
1654 0
1655 10
1656 0
1657 10
1658 0
1659 10
1660 0
1661 10
1662 0
1663 10
1664 0
1665 10
1666 0
1667 10
1668 0
1669 10
1670 0
1671 10
1672 0
1673 10
1674 0
1675 10
1676 0
1677 10
1678 0
1679 10
1680 0
1681 10
1682 0
1683 10
1684 0
1685 10
1686 0
1687 10
1688 0
1689 10
1690 0
1691 10
1692 0
1693 10
1694 0
1695 10
1696 0
1697 10
1698 0
1699 10
1700 0
1701 10
1702 0
1703 10
1704 0
1705 10
1706 0
1707 10
1708 0
1709 10
1710 0
1711 10
1712 0
1713 10
1714 0
1715 10
1716 0
1717 10
1718 0
1719 10
1720 0
1721 10
1722 0
1723 10
1724 0
1725 10
1726 0
1727 10
1728 0
1729 10
1730 0
1731 10
1732 0
1733 10
1734 0
1735 10
1736 0
1737 10
1738 0
1739 10
1740 0
1741 10
1742 0
1743 10
1744 0
1745 10
1746 0
1747 10
1748 0
1749 10
1750 0
1751 10
1752 0
1753 10
1754 0
1755 10
1756 0
1757 10
1758 0
1759 10
1760 0
1761 10
1762 0
1763 10
1764 0
1765 10
1766 0
1767 10
1768 0
1769 10
1770 0
1771 10
1772 0
1773 10
1774 0
1775 10
1776 0
1777 10
1778 0
1779 10
1780 0
1781 10
1782 0
1783 10
1784 0
1785 10
1786 0
1787 10
1788 0
1789 10
1790 0
1791 10
1792 0
1793 10
1794 0
1795 10
1796 0
1797 10
1798 0
1799 10
1800 0
1801 10
1802 0
1803 10
1804 0
1805 10
1806 0
1807 10
1808 0
1809 10
1810 0
1811 10
1812 0
1813 10
1814 0
1815 10
1816 0
1817 10
1818 0
1819 10
1820 0
1821 10
1822 0
1823 10
1824 0
1825 10
1826 0
1827 10
1828 0
1829 10
1830 0
1831 10
1832 0
1833 10
1834 0
1835 10
1836 0
1837 10
1838 0
1839 10
1840 0
1841 10
1842 0
1843 10
1844 0
1845 10
1846 0
1847 10
1848 0
1849 10
1850 0
1851 10
1852 0
1853 10
1854 0
1855 10
1856 0
1857 10
1858 0
1859 10
1860 0
1861 10
1862 0
1863 10
1864 0
1865 10
1866 0
1867 10
1868 0
1869 10
1870 0
1871 10
1872 0
1873 10
1874 0
1875 10
1876 0
1877 10
1878 0
1879 10
1880 0
1881 10
1882 0
1883 10
1884 0
1885 10
1886 0
1887 10
1888 0
1889 10
1890 0
1891 10
1892 0
1893 10
1894 0
1895 10
1896 0
1897 10
1898 0
1899 10
1900 0
1901 10
1902 0
1903 10
1904 0
1905 10
1906 0
1907 10
1908 0
1909 10
1910 0
1911 10
1912 0
1913 10
1914 0
1915 10
1916 0
1917 10
1918 0
1919 10
1920 0
1921 10
1922 0
1923 10
1924 0
1925 10
1926 0
1927 10
1928 0
1929 10
1930 0
1931 10
1932 0
1933 10
1934 0
1935 10
1936 0
1937 10
1938 0
1939 10
1940 0
1941 10
1942 0
1943 10
1944 0
1945 10
1946 0
1947 10
1948 0
1949 10
1950 0
1951 10
1952 0
1953 10
1954 0
1955 10
1956 0
1957 10
1958 0
1959 10
1960 0
1961 10
1962 0
1963 10
1964 0
1965 10
1966 0
1967 10
1968 0
1969 10
1970 0
1971 10
1972 0
1973 10
1974 0
1975 10
1976 0
1977 10
1978 0
1979 10
1980 0
1981 10
1982 0
1983 10
1984 0
1985 10
1986 0
1987 10
1988 0
1989 10
1990 0
1991 10
1992 0
1993 10
1994 0
1995 10
1996 0
1997 10
1998 0
1999 10
2000 0
2001 10
2002 0
2003 10
2004 0
2005 10
2006 0
2007 10
2008 0
2009 10
2010 0
2011 10
2012 0
2013 10
2014 0
2015 10
2016 0
2017 10
2018 0
2019 10
2020 0
2021 10
2022 0
2023 10
2024 0
2025 10
2026 0
2027 10
2028 0
2029 10
2030 0
2031 10
2032 0
2033 10
2034 0
2035 10
2036 0
2037 10
2038 0
2039 10
2040 0
2041 10
2042 0
2043 10
2044 0
2045 10
2046 0
2047 10
2048 0
2049 10
2050 0
2051 10
2052 0
2053 10
2054 0
2055 10
2056 0
2057 10
2058 0
2059 10
2060 0
2061 10
2062 0
2063 10
2064 0
2065 10
2066 0
2067 10
2068 0
2069 10
2070 0
2071 10
2072 0
2073 10
2074 0
2075 10
2076 0
2077 10
2078 0
2079 10
2080 0
2081 10
2082 0
2083 10
2084 0
2085 10
2086 0
2087 10
2088 0
2089 10
2090 0
2091 10
2092 0
2093 10
2094 0
2095 10
2096 0
2097 10
2098 0
2099 10
2100 0
2101 10
2102 0
2103 10
2104 0
2105 10
2106 0
2107 10
2108 0
2109 10
2110 0
2111 10
2112 0
2113 10
2114 0
2115 10
2116 0
2117 10
2118 0
2119 10
2120 0
2121 10
2122 0
2123 10
2124 0
2125 10
2126 0
2127 10
2128 0
2129 10
2130 0
2131 10
2132 0
2133 10
2134 0
2135 10
2136 0
2137 10
2138 0
2139 10
2140 0
2141 10
2142 0
2143 10
2144 0
2145 10
2146 0
2147 10
2148 0
2149 10
2150 0
2151 10
2152 0
2153 10
2154 0
2155 10
2156 0
2157 10
2158 0
2159 10
2160 0
2161 10
2162 0
2163 10
2164 0
2165 10
2166 0
2167 10
2168 0
2169 10
2170 0
2171 10
2172 0
2173 10
2174 0
2175 10
2176 0
2177 10
2178 0
2179 10
2180 0
2181 10
2182 0
2183 10
2184 0
2185 10
2186 0
2187 10
2188 0
2189 10
2190 0
2191 10
2192 0
2193 10
2194 0
2195 10
2196 0
2197 10
2198 0
2199 10
2200 0
2201 10
2202 0
2203 10
2204 0
2205 10
2206 0
2207 10
2208 0
2209 10
2210 0
2211 10
2212 0
2213 10
2214 0
2215 10
2216 0
2217 10
2218 0
2219 10
2220 0
2221 10
2222 0
2223 10
2224 0
2225 10
2226 0
2227 10
2228 0
2229 10
2230 0
2231 10
2232 0
2233 10
2234 0
2235 10
2236 0
2237 10
2238 0
2239 10
2240 0
2241 10
2242 0
2243 10
2244 0
2245 10
2246 0
2247 10
2248 0
2249 10
2250 0
2251 10
2252 0
2253 10
2254 0
2255 10
2256 0
2257 10
2258 0
2259 10
2260 0
2261 10
2262 0
2263 10
2264 0
2265 10
2266 0
2267 10
2268 0
2269 10
2270 0
2271 10
2272 0
2273 10
2274 0
2275 10
2276 0
2277 10
2278 0
2279 10
2280 0
2281 10
2282 0
2283 10
2284 0
2285 10
2286 0
2287 10
2288 0
2289 10
2290 0
2291 10
2292 0
2293 10
2294 0
2295 10
2296 0
2297 10
2298 0
2299 10
2300 0
2301 10
2302 0
2303 10
2304 0
2305 10
2306 0
2307 10
2308 0
2309 10
2310 0
2311 10
2312 0
2313 10
2314 0
2315 10
2316 0
2317 10
2318 0
2319 10
2320 0
2321 10
2322 0
2323 10
2324 0
2325 10
2326 0
2327 10
2328 0
2329 10
2330 0
2331 10
2332 0
2333 10
2334 0
2335 10
2336 0
2337 10
2338 0
2339 10
2340 0
2341 10
2342 0
2343 10
2344 0
2345 10
2346 0
2347 10
2348 0
2349 10
2350 0
2351 10
2352 0
2353 10
2354 0
2355 10
2356 0
2357 10
2358 0
2359 10
2360 0
2361 10
2362 0
2363 10
2364 0
2365 10
2366 0
2367 10
2368 0
2369 10
2370 0
2371 10
2372 0
2373 10
2374 0
2375 10
2376 0
2377 10
2378 0
2379 10
2380 0
2381 10
2382 0
2383 10
2384 0
2385 10
2386 0
2387 10
2388 0
2389 10
2390 0
2391 10
2392 0
2393 10
2394 0
2395 10
2396 0
2397 10
2398 0
2399 10
2400 0
2401 10
2402 0
2403 10
2404 0
2405 10
2406 0
2407 10
2408 0
2409 10
2410 0
2411 10
2412 0
2413 10
2414 0
2415 10
2416 0
2417 10
2418 0
2419 10
2420 0
2421 10
2422 0
2423 10
2424 0
2425 10
2426 0
2427 10
2428 0
2429 10
2430 0
2431 10
2432 0
2433 10
2434 0
2435 10
2436 0
2437 10
2438 0
2439 10
2440 0
2441 10
2442 0
2443 10
2444 0
2445 10
2446 0
2447 10
2448 0
2449 10
2450 0
2451 10
2452 0
2453 10
2454 0
2455 10
2456 0
2457 10
2458 0
2459 10
2460 0
2461 10
2462 0
2463 10
2464 0
2465 10
2466 0
2467 10
2468 0
2469 10
2470 0
2471 10
2472 0
2473 10
2474 0
2475 10
2476 0
2477 10
2478 0
2479 10
2480 0
2481 10
2482 0
2483 10
2484 0
2485 10
2486 0
2487 10
2488 0
2489 10
2490 0
2491 10
2492 0
2493 10
2494 0
2495 10
2496 0
2497 10
2498 0
2499 10
2500 0
2501 10
2502 0
2503 10
2504 0
2505 10
2506 0
2507 10
2508 0
2509 10
2510 0
2511 10
2512 0
2513 10
2514 0
2515 10
2516 0
2517 10
2518 0
2519 10
2520 0
2521 10
2522 0
2523 10
2524 0
2525 10
2526 0
2527 10
2528 0
2529 10
2530 0
2531 10
2532 0
2533 10
2534 0
2535 10
2536 0
2537 10
2538 0
2539 10
2540 0
2541 10
2542 0
2543 10
2544 0
2545 10
2546 0
2547 10
2548 0
2549 10
2550 0
2551 10
2552 0
2553 10
2554 0
2555 10
2556 0
2557 10
2558 0
2559 10
2560 0
2561 10
2562 0
2563 10
2564 0
2565 10
2566 0
2567 10
2568 0
2569 10
2570 0
2571 10
2572 0
2573 10
2574 0
2575 10
2576 0
2577 10
2578 0
2579 10
2580 0
2581 10
2582 0
2583 10
2584 0
2585 10
2586 0
2587 10
2588 0
2589 10
2590 0
2591 10
2592 0
2593 10
2594 0
2595 10
2596 0
2597 10
2598 0
2599 10
2600 0
2601 10
2602 0
2603 10
2604 0
2605 10
2606 0
2607 10
2608 0
2609 10
2610 0
2611 10
2612 0
2613 10
2614 0
2615 10
2616 0
2617 10
2618 0
2619 10
2620 0
2621 10
2622 0
2623 10
2624 0
2625 10
2626 0
2627 10
2628 0
2629 10
2630 0
2631 10
2632 0
2633 10
2634 0
2635 10
2636 0
2637 10
2638 0
2639 10
2640 0
2641 10
2642 0
2643 10
2644 0
2645 10
2646 0
2647 10
2648 0
2649 10
2650 0
2651 10
2652 0
2653 10
2654 0
2655 10
2656 0
2657 10
2658 0
2659 10
2660 0
2661 10
2662 0
2663 10
2664 0
2665 10
2666 0
2667 10
2668 0
2669 10
2670 0
2671 10
2672 0
2673 10
2674 0
2675 10
2676 0
2677 10
2678 0
2679 10
2680 0
2681 10
2682 0
2683 10
2684 0
2685 10
2686 0
2687 10
2688 0
2689 10
2690 0
2691 10
2692 0
2693 10
2694 0
2695 10
2696 0
2697 10
2698 0
2699 10
2700 0
2701 10
2702 0
2703 10
2704 0
2705 10
2706 0
2707 10
2708 0
2709 10
2710 0
2711 10
2712 0
2713 10
2714 0
2715 10
2716 0
2717 10
2718 0
2719 10
2720 0
2721 10
2722 0
2723 10
2724 0
2725 10
2726 0
2727 10
2728 0
2729 10
2730 0
2731 10
2732 0
2733 10
2734 0
2735 10
2736 0
2737 10
2738 0
2739 10
2740 0
2741 10
2742 0
2743 10
2744 0
2745 10
2746 0
2747 10
2748 0
2749 10
2750 0
2751 10
2752 0
2753 10
2754 0
2755 10
2756 0
2757 10
2758 0
2759 10
2760 0
2761 10
2762 0
2763 10
2764 0
2765 10
2766 0
2767 10
2768 0
2769 10
2770 0
2771 10
2772 0
2773 10
2774 0
2775 10
2776 0
2777 10
2778 0
2779 10
2780 0
2781 10
2782 0
2783 10
2784 0
2785 10
2786 0
2787 10
2788 0
2789 10
2790 0
2791 10
2792 0
2793 10
2794 0
2795 10
2796 0
2797 10
2798 0
2799 10
2800 0
2801 10
2802 0
2803 10
2804 0
2805 10
2806 0
2807 10
2808 0
2809 10
2810 0
2811 10
2812 0
2813 10
2814 0
2815 10
2816 0
2817 10
2818 0
2819 10
2820 0
2821 10
2822 0
2823 10
2824 0
2825 10
2826 0
2827 10
2828 0
2829 10
2830 0
2831 10
2832 0
2833 10
2834 0
2835 10
2836 0
2837 10
2838 0
2839 10
2840 0
2841 10
2842 0
2843 10
2844 0
2845 10
2846 0
2847 10
2848 0
2849 10
2850 0
2851 10
2852 0
2853 10
2854 0
2855 10
2856 0
2857 10
2858 0
2859 10
2860 0
2861 10
2862 0
2863 10
2864 0
2865 10
2866 0
2867 10
2868 0
2869 10
2870 0
2871 10
2872 0
2873 10
2874 0
2875 10
2876 0
2877 10
2878 0
2879 10
2880 0
2881 10
2882 0
2883 10
2884 0
2885 10
2886 0
2887 10
2888 0
2889 10
2890 0
2891 10
2892 0
2893 10
2894 0
2895 10
2896 0
2897 10
2898 0
2899 10
2900 0
2901 10
2902 0
2903 10
2904 0
2905 10
2906 0
2907 10
2908 0
2909 10
2910 0
2911 10
2912 0
2913 10
2914 0
2915 10
2916 0
2917 10
2918 0
2919 10
2920 0
2921 10
2922 0
2923 10
2924 0
2925 10
2926 0
2927 10
2928 0
2929 10
2930 0
2931 10
2932 0
2933 10
2934 0
2935 10
2936 0
2937 10
2938 0
2939 10
2940 0
2941 10
2942 0
2943 10
2944 0
2945 10
2946 0
2947 10
2948 0
2949 10
2950 0
2951 10
2952 0
2953 10
2954 0
2955 10
2956 0
2957 10
2958 0
2959 10
2960 0
2961 10
2962 0
2963 10
2964 0
2965 10
2966 0
2967 10
2968 0
2969 10
2970 0
2971 10
2972 0
2973 10
2974 0
2975 10
2976 0
2977 10
2978 0
2979 10
2980 0
2981 10
2982 0
2983 10
2984 0
2985 10
2986 0
2987 10
2988 0
2989 10
2990 0
2991 10
2992 0
2993 10
2994 0
2995 10
2996 0
2997 10
2998 0
2999 10
3000 0
3001 10
3002 0
3003 10
3004 0
3005 10
3006 0
3007 10
3008 0
3009 10
3010 0
3011 10
3012 0
3013 10
3014 0
3015 10
3016 0
3017 10
3018 0
3019 10
3020 0
3021 10
3022 0
3023 10
3024 0
3025 10
3026 0
3027 10
3028 0
3029 10
3030 0
3031 10
3032 0
3033 10
3034 0
3035 10
3036 0
3037 10
3038 0
3039 10
3040 0
3041 10
3042 0
3043 10
3044 0
3045 10
3046 0
3047 10
3048 0
3049 10
3050 0
3051 10
3052 0
3053 10
3054 0
3055 10
3056 0
3057 10
3058 0
3059 10
3060 0
3061 10
3062 0
3063 10
3064 0
3065 10
3066 0
3067 10
3068 0
3069 10
3070 0
3071 10
3072 0
3073 10
3074 0
3075 10
3076 0
3077 10
3078 0
3079 10
3080 0
3081 10
3082 0
3083 10
3084 0
3085 10
3086 0
3087 10
3088 0
3089 10
3090 0
3091 10
3092 0
3093 10
3094 0
3095 10
3096 0
3097 10
3098 0
3099 10
3100 0
3101 10
3102 0
3103 10
3104 0
3105 10
3106 0
3107 10
3108 0
3109 10
3110 0
3111 10
3112 0
3113 10
3114 0
3115 10
3116 0
3117 10
3118 0
3119 10
3120 0
3121 10
3122 0
3123 10
3124 0
3125 10
3126 0
3127 10
3128 0
3129 10
3130 0
3131 10
3132 0
3133 10
3134 0
3135 10
3136 0
3137 10
3138 0
3139 10
3140 0
3141 10
3142 0
3143 10
3144 0
3145 10
3146 0
3147 10
3148 0
3149 10
3150 0
3151 10
3152 0
3153 10
3154 0
3155 10
3156 0
3157 10
3158 0
3159 10
3160 0
3161 10
3162 0
3163 10
3164 0
3165 10
3166 0
3167 10
3168 0
3169 10
3170 0
3171 10
3172 0
3173 10
3174 0
3175 10
3176 0
3177 10
3178 0
3179 10
3180 0
3181 10
3182 0
3183 10
3184 0
3185 10
3186 0
3187 10
3188 0
3189 10
3190 0
3191 10
3192 0
3193 10
3194 0
3195 10
3196 0
3197 10
3198 0
3199 10
3200 0
3201 10
3202 0
3203 10
3204 0
3205 10
3206 0
3207 10
3208 0
3209 10
3210 0
3211 10
3212 0
3213 10
3214 0
3215 10
3216 0
3217 10
3218 0
3219 10
3220 0
3221 10
3222 0
3223 10
3224 0
3225 10
3226 0
3227 10
3228 0
3229 10
3230 0
3231 10
3232 0
3233 10
3234 0
3235 10
3236 0
3237 10
3238 0
3239 10
3240 0
3241 10
3242 0
3243 10
3244 0
3245 10
3246 0
3247 10
3248 0
3249 10
3250 0
3251 10
3252 0
3253 10
3254 0
3255 10
3256 0
3257 10
3258 0
3259 10
3260 0
3261 10
3262 0
3263 10
3264 0
3265 10
3266 0
3267 10
3268 0
3269 10
3270 0
3271 10
3272 0
3273 10
3274 0
3275 10
3276 0
3277 10
3278 0
3279 10
3280 0
3281 10
3282 0
3283 10
3284 0
3285 10
3286 0
3287 10
3288 0
3289 10
3290 0
3291 10
3292 0
3293 10
3294 0
3295 10
3296 0
3297 10
3298 0
3299 10
3300 0
3301 10
3302 0
3303 10
3304 0
3305 10
3306 0
3307 10
3308 0
3309 10
3310 0
3311 10
3312 0
3313 10
3314 0
3315 10
3316 0
3317 10
3318 0
3319 10
3320 0
3321 10
3322 0
3323 10
3324 0
3325 10
3326 0
3327 10
3328 0
3329 10
3330 0
3331 10
3332 0
3333 10
3334 0
3335 10
3336 0
3337 10
3338 0
3339 10
3340 0
3341 10
3342 0
3343 10
3344 0
3345 10
3346 0
3347 10
3348 0
3349 10
3350 0
3351 10
3352 0
3353 10
3354 0
3355 10
3356 0
3357 10
3358 0
3359 10
3360 0
3361 10
3362 0
3363 10
3364 0
3365 10
3366 0
3367 10
3368 0
3369 10
3370 0
3371 10
3372 0
3373 10
3374 0
3375 10
3376 0
3377 10
3378 0
3379 10
3380 0
3381 10
3382 0
3383 10
3384 0
3385 10
3386 0
3387 10
3388 0
3389 10
3390 0
3391 10
3392 0
3393 10
3394 0
3395 10
3396 0
3397 10
3398 0
3399 10
3400 0
3401 10
3402 0
3403 10
3404 0
3405 10
3406 0
3407 10
3408 0
3409 10
3410 0
3411 10
3412 0
3413 10
3414 0
3415 10
3416 0
3417 10
3418 0
3419 10
3420 0
3421 10
3422 0
3423 10
3424 0
3425 10
3426 0
3427 10
3428 0
3429 10
3430 0
3431 10
3432 0
3433 10
3434 0
3435 10
3436 0
3437 10
3438 0
3439 10
3440 0
3441 10
3442 0
3443 10
3444 0
3445 10
3446 0
3447 10
3448 0
3449 10
3450 0
3451 10
3452 0
3453 10
3454 0
3455 10
3456 0
3457 10
3458 0
3459 10
3460 0
3461 10
3462 0
3463 10
3464 0
3465 10
3466 0
3467 10
3468 0
3469 10
3470 0
3471 10
3472 0
3473 10
3474 0
3475 10
3476 0
3477 10
3478 0
3479 10
3480 0
3481 10
3482 0
3483 10
3484 0
3485 10
3486 0
3487 10
3488 0
3489 10
3490 0
3491 10
3492 0
3493 10
3494 0
3495 10
3496 0
3497 10
3498 0
3499 10
3500 0
3501 10
3502 0
3503 10
3504 0
3505 10
3506 0
3507 10
3508 0
3509 10
3510 0
3511 10
3512 0
3513 10
3514 0
3515 10
3516 0
3517 10
3518 0
3519 10
3520 0
3521 10
3522 0
3523 10
3524 0
3525 10
3526 0
3527 10
3528 0
3529 10
3530 0
3531 10
3532 0
3533 10
3534 0
3535 10
3536 0
3537 10
3538 0
3539 10
3540 0
3541 10
3542 0
3543 10
3544 0
3545 10
3546 0
3547 10
3548 0
3549 10
3550 0
3551 10
3552 0
3553 10
3554 0
3555 10
3556 0
3557 10
3558 0
3559 10
3560 0
3561 10
3562 0
3563 10
3564 0
3565 10
3566 0
3567 10
3568 0
3569 10
3570 0
3571 10
3572 0
3573 10
3574 0
3575 10
3576 0
3577 10
3578 0
3579 10
3580 0
3581 10
3582 0
3583 10
3584 0
3585 10
3586 0
3587 10
3588 0
3589 10
3590 0
3591 10
3592 0
3593 10
3594 0
3595 10
3596 0
3597 10
3598 0
3599 10
3600 0
3601 10
3602 0
3603 10
3604 0
3605 10
3606 0
3607 10
3608 0
3609 10
3610 0
3611 10
3612 0
3613 10
3614 0
3615 10
3616 0
3617 10
3618 0
3619 10
3620 0
3621 10
3622 0
3623 10
3624 0
3625 10
3626 0
3627 10
3628 0
3629 10
3630 0
3631 10
3632 0
3633 10
3634 0
3635 10
3636 0
3637 10
3638 0
3639 10
3640 0
3641 10
3642 0
3643 10
3644 0
3645 10
3646 0
3647 10
3648 0
3649 10
3650 0
3651 10
3652 0
3653 10
3654 0
3655 10
3656 0
3657 10
3658 0
3659 10
3660 0
3661 10
3662 0
3663 10
3664 0
3665 10
3666 0
3667 10
3668 0
3669 10
3670 0
3671 10
3672 0
3673 10
3674 0
3675 10
3676 0
3677 10
3678 0
3679 10
3680 0
3681 10
3682 0
3683 10
3684 0
3685 10
3686 0
3687 10
3688 0
3689 10
3690 0
3691 10
3692 0
3693 10
3694 0
3695 10
3696 0
3697 10
3698 0
3699 10
3700 0
3701 10
3702 0
3703 10
3704 0
3705 10
3706 0
3707 10
3708 0
3709 10
3710 0
3711 10
3712 0
3713 10
3714 0
3715 10
3716 0
3717 10
3718 0
3719 10
3720 0
3721 10
3722 0
3723 10
3724 0
3725 10
3726 0
3727 10
3728 0
3729 10
3730 0
3731 10
3732 0
3733 10
3734 0
3735 10
3736 0
3737 10
3738 0
3739 10
3740 0
3741 10
3742 0
3743 10
3744 0
3745 10
3746 0
3747 10
3748 0
3749 10
3750 0
3751 10
3752 0
3753 10
3754 0
3755 10
3756 0
3757 10
3758 0
3759 10
3760 0
3761 10
3762 0
3763 10
3764 0
3765 10
3766 0
3767 10
3768 0
3769 10
3770 0
3771 10
3772 0
3773 10
3774 0
3775 10
3776 0
3777 10
3778 0
3779 10
3780 0
3781 10
3782 0
3783 10
3784 0
3785 10
3786 0
3787 10
3788 0
3789 10
3790 0
3791 10
3792 0
3793 10
3794 0
3795 10
3796 0
3797 10
3798 0
3799 10
3800 0
3801 10
3802 0
3803 10
3804 0
3805 10
3806 0
3807 10
3808 0
3809 10
3810 0
3811 10
3812 0
3813 10
3814 0
3815 10
3816 0
3817 10
3818 0
3819 10
3820 0
3821 10
3822 0
3823 10
3824 0
3825 10
3826 0
3827 10
3828 0
3829 10
3830 0
3831 10
3832 0
3833 10
3834 0
3835 10
3836 0
3837 10
3838 0
3839 10
3840 0
3841 10
3842 0
3843 10
3844 0
3845 10
3846 0
3847 10
3848 0
3849 10
3850 0
3851 10
3852 0
3853 10
3854 0
3855 10
3856 0
3857 10
3858 0
3859 10
3860 0
3861 10
3862 0
3863 10
3864 0
3865 10
3866 0
3867 10
3868 0
3869 10
3870 0
3871 10
3872 0
3873 10
3874 0
3875 10
3876 0
3877 10
3878 0
3879 10
3880 0
3881 10
3882 0
3883 10
3884 0
3885 10
3886 0
3887 10
3888 0
3889 10
3890 0
3891 10
3892 0
3893 10
3894 0
3895 10
3896 0
3897 10
3898 0
3899 10
3900 0
3901 10
3902 0
3903 10
3904 0
3905 10
3906 0
3907 10
3908 0
3909 10
3910 0
3911 10
3912 0
3913 10
3914 0
3915 10
3916 0
3917 10
3918 0
3919 10
3920 0
3921 10
3922 0
3923 10
3924 0
3925 10
3926 0
3927 10
3928 0
3929 10
3930 0
3931 10
3932 0
3933 10
3934 0
3935 10
3936 0
3937 10
3938 0
3939 10
3940 0
3941 10
3942 0
3943 10
3944 0
3945 10
3946 0
3947 10
3948 0
3949 10
3950 0
3951 10
3952 0
3953 10
3954 0
3955 10
3956 0
3957 10
3958 0
3959 10
3960 0
3961 10
3962 0
3963 10
3964 0
3965 10
3966 0
3967 10
3968 0
3969 10
3970 0
3971 10
3972 0
3973 10
3974 0
3975 10
3976 0
3977 10
3978 0
3979 10
3980 0
3981 10
3982 0
3983 10
3984 0
3985 10
3986 0
3987 10
3988 0
3989 10
3990 0
3991 10
3992 0
3993 10
3994 0
3995 10
3996 0
3997 10
3998 0
3999 10
4000 0
4001 10
4002 0
4003 10
4004 0
4005 10
4006 0
4007 10
4008 0
4009 10
4010 0
4011 10
4012 0
4013 10
4014 0
4015 10
4016 0
4017 10
4018 0
4019 10
4020 0
4021 10
4022 0
4023 10
4024 0
4025 10
4026 0
4027 10
4028 0
4029 10
4030 0
4031 10
4032 0
4033 10
4034 0
4035 10
4036 0
4037 10
4038 0
4039 10
4040 0
4041 10
4042 0
4043 10
4044 0
4045 10
4046 0
4047 10
4048 0
4049 10
4050 0
4051 10
4052 0
4053 10
4054 0
4055 10
4056 0
4057 10
4058 0
4059 10
4060 0
4061 10
4062 0
4063 10
4064 0
4065 10
4066 0
4067 10
4068 0
4069 10
4070 0
4071 10
4072 0
4073 10
4074 0
4075 10
4076 0
4077 10
4078 0
4079 10
4080 0
4081 10
4082 0
4083 10
4084 0
4085 10
4086 0
4087 10
4088 0
4089 10
4090 0
4091 10
4092 0
4093 10
4094 0
4095 10
4096 0
4097 10
4098 0
4099 10
4100 0
4101 10
4102 0
4103 10
4104 0
4105 10
4106 0
4107 10
4108 0
4109 10
4110 0
4111 10
4112 0
4113 10
4114 0
4115 10
4116 0
4117 10
4118 0
4119 10
4120 0
4121 10
4122 0
4123 10
4124 0
4125 10
4126 0
4127 10
4128 0
4129 10
4130 0
4131 10
4132 0
4133 10
4134 0
4135 10
4136 0
4137 10
4138 0
4139 10
4140 0
4141 10
4142 0
4143 10
4144 0
4145 10
4146 0
4147 10
4148 0
4149 10
4150 0
4151 10
4152 0
4153 10
4154 0
4155 10
4156 0
4157 10
4158 0
4159 10
4160 0
4161 10
4162 0
4163 10
4164 0
4165 10
4166 0
4167 10
4168 0
4169 10
4170 0
4171 10
4172 0
4173 10
4174 0
4175 10
4176 0
4177 10
4178 0
4179 10
4180 0
4181 10
4182 0
4183 10
4184 0
4185 10
4186 0
4187 10
4188 0
4189 10
4190 0
4191 10
4192 0
4193 10
4194 0
4195 10
4196 0
4197 10
4198 0
4199 10
4200 0
4201 10
4202 0
4203 10
4204 0
4205 10
4206 0
4207 10
4208 0
4209 10
4210 0
4211 10
4212 0
4213 10
4214 0
4215 10
4216 0
4217 10
4218 0
4219 10
4220 0
4221 10
4222 0
4223 10
4224 0
4225 10
4226 0
4227 10
4228 0
4229 10
4230 0
4231 10
4232 0
4233 10
4234 0
4235 10
4236 0
4237 10
4238 0
4239 10
4240 0
4241 10
4242 0
4243 10
4244 0
4245 10
4246 0
4247 10
4248 0
4249 10
4250 0
4251 10
4252 0
4253 10
4254 0
4255 10
4256 0
4257 10
4258 0
4259 10
4260 0
4261 10
4262 0
4263 10
4264 0
4265 10
4266 0
4267 10
4268 0
4269 10
4270 0
4271 10
4272 0
4273 10
4274 0
4275 10
4276 0
4277 10
4278 0
4279 10
4280 0
4281 10
4282 0
4283 10
4284 0
4285 10
4286 0
4287 10
4288 0
4289 10
4290 0
4291 10
4292 0
4293 10
4294 0
4295 10
4296 0
4297 10
4298 0
4299 10
4300 0
4301 10
4302 0
4303 10
4304 0
4305 10
4306 0
4307 10
4308 0
4309 10
4310 0
4311 10
4312 0
4313 10
4314 0
4315 10
4316 0
4317 10
4318 0
4319 10
4320 0
4321 10
4322 0
4323 10
4324 0
4325 10
4326 0
4327 10
4328 0
4329 10
4330 0
4331 10
4332 0
4333 10
4334 0
4335 10
4336 0
4337 10
4338 0
4339 10
4340 0
4341 10
4342 0
4343 10
4344 0
4345 10
4346 0
4347 10
4348 0
4349 10
4350 0
4351 10
4352 0
4353 10
4354 0
4355 10
4356 0
4357 10
4358 0
4359 10
4360 0
4361 10
4362 0
4363 10
4364 0
4365 10
4366 0
4367 10
4368 0
4369 10
4370 0
4371 10
4372 0
4373 10
4374 0
4375 10
4376 0
4377 10
4378 0
4379 10
4380 0
4381 10
4382 0
4383 10
4384 0
4385 10
4386 0
4387 10
4388 0
4389 10
4390 0
4391 10
4392 0
4393 10
4394 0
4395 10
4396 0
4397 10
4398 0
4399 10
4400 0
4401 10
4402 0
4403 10
4404 0
4405 10
4406 0
4407 10
4408 0
4409 10
4410 0
4411 10
4412 0
4413 10
4414 0
4415 10
4416 0
4417 10
4418 0
4419 10
4420 0
4421 10
4422 0
4423 10
4424 0
4425 10
4426 0
4427 10
4428 0
4429 10
4430 0
4431 10
4432 0
4433 10
4434 0
4435 10
4436 0
4437 10
4438 0
4439 10
4440 0
4441 10
4442 0
4443 10
4444 0
4445 10
4446 0
4447 10
4448 0
4449 10
4450 0
4451 10
4452 0
4453 10
4454 0
4455 10
4456 0
4457 10
4458 0
4459 10
4460 0
4461 10
4462 0
4463 10
4464 0
4465 10
4466 0
4467 10
4468 0
4469 10
4470 0
4471 10
4472 0
4473 10
4474 0
4475 10
4476 0
4477 10
4478 0
4479 10
4480 0
4481 10
4482 0
4483 10
4484 0
4485 10
4486 0
4487 10
4488 0
4489 10
4490 0
4491 10
4492 0
4493 10
4494 0
4495 10
4496 0
4497 10
4498 0
4499 10
4500 0
4501 10
4502 0
4503 10
4504 0
4505 10
4506 0
4507 10
4508 0
4509 10
4510 0
4511 10
4512 0
4513 10
4514 0
4515 10
4516 0
4517 10
4518 0
4519 10
4520 0
4521 10
4522 0
4523 10
4524 0
4525 10
4526 0
4527 10
4528 0
4529 10
4530 0
4531 10
4532 0
4533 10
4534 0
4535 10
4536 0
4537 10
4538 0
4539 10
4540 0
4541 10
4542 0
4543 10
4544 0
4545 10
4546 0
4547 10
4548 0
4549 10
4550 0
4551 10
4552 0
4553 10
4554 0
4555 10
4556 0
4557 10
4558 0
4559 10
4560 0
4561 10
4562 0
4563 10
4564 0
4565 10
4566 0
4567 10
4568 0
4569 10
4570 0
4571 10
4572 0
4573 10
4574 0
4575 10
4576 0
4577 10
4578 0
4579 10
4580 0
4581 10
4582 0
4583 10
4584 0
4585 10
4586 0
4587 10
4588 0
4589 10
4590 0
4591 10
4592 0
4593 10
4594 0
4595 10
4596 0
4597 10
4598 0
4599 10
4600 0
4601 10
4602 0
4603 10
4604 0
4605 10
4606 0
4607 10
4608 0
4609 10
4610 0
4611 10
4612 0
4613 10
4614 0
4615 10
4616 0
4617 10
4618 0
4619 10
4620 0
4621 10
4622 0
4623 10
4624 0
4625 10
4626 0
4627 10
4628 0
4629 10
4630 0
4631 10
4632 0
4633 10
4634 0
4635 10
4636 0
4637 10
4638 0
4639 10
4640 0
4641 10
4642 0
4643 10
4644 0
4645 10
4646 0
4647 10
4648 0
4649 10
4650 0
4651 10
4652 0
4653 10
4654 0
4655 10
4656 0
4657 10
4658 0
4659 10
4660 0
4661 10
4662 0
4663 10
4664 0
4665 10
4666 0
4667 10
4668 0
4669 10
4670 0
4671 10
4672 0
4673 10
4674 0
4675 10
4676 0
4677 10
4678 0
4679 10
4680 0
4681 10
4682 0
4683 10
4684 0
4685 10
4686 0
4687 10
4688 0
4689 10
4690 0
4691 10
4692 0
4693 10
4694 0
4695 10
4696 0
4697 10
4698 0
4699 10
4700 0
4701 10
4702 0
4703 10
4704 0
4705 10
4706 0
4707 10
4708 0
4709 10
4710 0
4711 10
4712 0
4713 10
4714 0
4715 10
4716 0
4717 10
4718 0
4719 10
4720 0
4721 10
4722 0
4723 10
4724 0
4725 10
4726 0
4727 10
4728 0
4729 10
4730 0
4731 10
4732 0
4733 10
4734 0
4735 10
4736 0
4737 10
4738 0
4739 10
4740 0
4741 10
4742 0
4743 10
4744 0
4745 10
4746 0
4747 10
4748 0
4749 10
4750 0
4751 10
4752 0
4753 10
4754 0
4755 10
4756 0
4757 10
4758 0
4759 10
4760 0
4761 10
4762 0
4763 10
4764 0
4765 10
4766 0
4767 10
4768 0
4769 10
4770 0
4771 10
4772 0
4773 10
4774 0
4775 10
4776 0
4777 10
4778 0
4779 10
4780 0
4781 10
4782 0
4783 10
4784 0
4785 10
4786 0
4787 10
4788 0
4789 10
4790 0
4791 10
4792 0
4793 10
4794 0
4795 10
4796 0
4797 10
4798 0
4799 10
4800 0
4801 10
4802 0
4803 10
4804 0
4805 10
4806 0
4807 10
4808 0
4809 10
4810 0
4811 10
4812 0
4813 10
4814 0
4815 10
4816 0
4817 10
4818 0
4819 10
4820 0
4821 10
4822 0
4823 10
4824 0
4825 10
4826 0
4827 10
4828 0
4829 10
4830 0
4831 10
4832 0
4833 10
4834 0
4835 10
4836 0
4837 10
4838 0
4839 10
4840 0
4841 10
4842 0
4843 10
4844 0
4845 10
4846 0
4847 10
4848 0
4849 10
4850 0
4851 10
4852 0
4853 10
4854 0
4855 10
4856 0
4857 10
4858 0
4859 10
4860 0
4861 10
4862 0
4863 10
4864 0
4865 10
4866 0
4867 10
4868 0
4869 10
4870 0
4871 10
4872 0
4873 10
4874 0
4875 10
4876 0
4877 10
4878 0
4879 10
4880 0
4881 10
4882 0
4883 10
4884 0
4885 10
4886 0
4887 10
4888 0
4889 10
4890 0
4891 10
4892 0
4893 10
4894 0
4895 10
4896 0
4897 10
4898 0
4899 10
4900 0
4901 10
4902 0
4903 10
4904 0
4905 10
4906 0
4907 10
4908 0
4909 10
4910 0
4911 10
4912 0
4913 10
4914 0
4915 10
4916 0
4917 10
4918 0
4919 10
4920 0
4921 10
4922 0
4923 10
4924 0
4925 10
4926 0
4927 10
4928 0
4929 10
4930 0
4931 10
4932 0
4933 10
4934 0
4935 10
4936 0
4937 10
4938 0
4939 10
4940 0
4941 10
4942 0
4943 10
4944 0
4945 10
4946 0
4947 10
4948 0
4949 10
4950 0
4951 10
4952 0
4953 10
4954 0
4955 10
4956 0
4957 10
4958 0
4959 10
4960 0
4961 10
4962 0
4963 10
4964 0
4965 10
4966 0
4967 10
4968 0
4969 10
4970 0
4971 10
4972 0
4973 10
4974 0
4975 10
4976 0
4977 10
4978 0
4979 10
4980 0
4981 10
4982 0
4983 10
4984 0
4985 10
4986 0
4987 10
4988 0
4989 10
4990 0
4991 10
4992 0
4993 10
4994 0
4995 10
4996 0
4997 10
4998 0
4999 10
5000 0
