100 198 198
1 2 1
2 1 1
2 3 1
3 2 1
3 4 1
4 3 1
4 5 1
5 4 1
5 6 1
6 5 1
6 7 1
7 6 1
7 8 1
8 7 1
8 9 1
9 8 1
9 10 1
10 9 1
10 11 1
11 10 1
11 12 1
12 11 1
12 13 1
13 12 1
13 14 1
14 13 1
14 15 1
15 14 1
15 16 1
16 15 1
16 17 1
17 16 1
17 18 1
18 17 1
18 19 1
19 18 1
19 20 1
20 19 1
20 21 1
21 20 1
21 22 1
22 21 1
22 23 1
23 22 1
23 24 1
24 23 1
24 25 1
25 24 1
25 26 1
26 25 1
26 27 1
27 26 1
27 28 1
28 27 1
28 29 1
29 28 1
29 30 1
30 29 1
30 31 1
31 30 1
31 32 1
32 31 1
32 33 1
33 32 1
33 34 1
34 33 1
34 35 1
35 34 1
35 36 1
36 35 1
36 37 1
37 36 1
37 38 1
38 37 1
38 39 1
39 38 1
39 40 1
40 39 1
40 41 1
41 40 1
41 42 1
42 41 1
42 43 1
43 42 1
43 44 1
44 43 1
44 45 1
45 44 1
45 46 1
46 45 1
46 47 1
47 46 1
47 48 1
48 47 1
48 49 1
49 48 1
49 50 1
50 49 1
50 51 1
51 50 1
51 52 1
52 51 1
52 53 1
53 52 1
53 54 1
54 53 1
54 55 1
55 54 1
55 56 1
56 55 1
56 57 1
57 56 1
57 58 1
58 57 1
58 59 1
59 58 1
59 60 1
60 59 1
60 61 1
61 60 1
61 62 1
62 61 1
62 63 1
63 62 1
63 64 1
64 63 1
64 65 1
65 64 1
65 66 1
66 65 1
66 67 1
67 66 1
67 68 1
68 67 1
68 69 1
69 68 1
69 70 1
70 69 1
70 71 1
71 70 1
71 72 1
72 71 1
72 73 1
73 72 1
73 74 1
74 73 1
74 75 1
75 74 1
75 76 1
76 75 1
76 77 1
77 76 1
77 78 1
78 77 1
78 79 1
79 78 1
79 80 1
80 79 1
80 81 1
81 80 1
81 82 1
82 81 1
82 83 1
83 82 1
83 84 1
84 83 1
84 85 1
85 84 1
85 86 1
86 85 1
86 87 1
87 86 1
87 88 1
88 87 1
88 89 1
89 88 1
89 90 1
90 89 1
90 91 1
91 90 1
91 92 1
92 91 1
92 93 1
93 92 1
93 94 1
94 93 1
94 95 1
95 94 1
95 96 1
96 95 1
96 97 1
97 96 1
97 98 1
98 97 1
98 99 1
99 98 1
99 100 1
100 99 1
1 2 0
2 3 1
3 4 2
4 5 3
5 6 4
6 7 5
7 8 6
8 9 7
9 10 8
10 11 9
11 12 10
12 13 11
13 14 12
14 15 13
15 16 14
16 17 15
17 18 16
18 19 17
19 20 18
20 21 19
21 22 20
22 23 21
23 24 22
24 25 23
25 26 24
26 27 25
27 28 26
28 29 27
29 30 28
30 31 29
31 32 30
32 33 31
33 34 32
34 35 33
35 36 34
36 37 35
37 38 36
38 39 37
39 40 38
40 41 39
41 42 40
42 43 41
43 44 42
44 45 43
45 46 44
46 47 45
47 48 46
48 49 47
49 50 48
50 51 49
51 52 50
52 53 51
53 54 52
54 55 53
55 56 54
56 57 55
57 58 56
58 59 57
59 60 58
60 61 59
61 62 60
62 63 61
63 64 62
64 65 63
65 66 64
66 67 65
67 68 66
68 69 67
69 70 68
70 71 69
71 72 70
72 73 71
73 74 72
74 75 73
75 76 74
76 77 75
77 78 76
78 79 77
79 80 78
80 81 79
81 82 80
82 83 81
83 84 82
84 85 83
85 86 84
86 87 85
87 88 86
88 89 87
89 90 88
90 91 89
91 92 90
92 93 91
93 94 92
94 95 93
95 96 94
96 97 95
97 98 96
98 99 97
99 100 98
100 99 0
99 98 1
98 97 2
97 96 3
96 95 4
95 94 5
94 93 6
93 92 7
92 91 8
91 90 9
90 89 10
89 88 11
88 87 12
87 86 13
86 85 14
85 84 15
84 83 16
83 82 17
82 81 18
81 80 19
80 79 20
79 78 21
78 77 22
77 76 23
76 75 24
75 74 25
74 73 26
73 72 27
72 71 28
71 70 29
70 69 30
69 68 31
68 67 32
67 66 33
66 65 34
65 64 35
64 63 36
63 62 37
62 61 38
61 60 39
60 59 40
59 58 41
58 57 42
57 56 43
56 55 44
55 54 45
54 53 46
53 52 47
52 51 48
51 50 49
50 49 50
49 48 51
48 47 52
47 46 53
46 45 54
45 44 55
44 43 56
43 42 57
42 41 58
41 40 59
40 39 60
39 38 61
38 37 62
37 36 63
36 35 64
35 34 65
34 33 66
33 32 67
32 31 68
31 30 69
30 29 70
29 28 71
28 27 72
27 26 73
26 25 74
25 24 75
24 23 76
23 22 77
22 21 78
21 20 79
20 19 80
19 18 81
18 17 82
17 16 83
16 15 84
15 14 85
14 13 86
13 12 87
12 11 88
11 10 89
10 9 90
9 8 91
8 7 92
7 6 93
6 5 94
5 4 95
4 3 96
3 2 97
2 1 98
