75 5550 100
1 2 471
1 3 200
1 4 233
1 5 24
1 6 326
1 7 132
1 8 424
1 9 83
1 10 388
1 11 406
1 12 479
1 13 162
1 14 379
1 15 341
1 16 131
1 17 70
1 18 125
1 19 252
1 20 399
1 21 331
1 22 478
1 23 54
1 24 84
1 25 414
1 26 116
1 27 195
1 28 281
1 29 429
1 30 275
1 31 146
1 32 319
1 33 103
1 34 228
1 35 314
1 36 425
1 37 290
1 38 387
1 39 375
1 40 221
1 41 264
1 42 444
1 43 436
1 44 149
1 45 356
1 46 302
1 47 308
1 48 14
1 49 81
1 50 399
1 51 462
1 52 195
1 53 240
1 54 215
1 55 109
1 56 436
1 57 37
1 58 186
1 59 466
1 60 230
1 61 355
1 62 130
1 63 102
1 64 271
1 65 282
1 66 51
1 67 50
1 68 30
1 69 75
1 70 435
1 71 269
1 72 413
1 73 397
1 74 164
1 75 191
2 1 69
2 3 249
2 4 40
2 5 452
2 6 191
2 7 180
2 8 261
2 9 69
2 10 319
2 11 116
2 12 467
2 13 314
2 14 212
2 15 370
2 16 378
2 17 322
2 18 150
2 19 368
2 20 381
2 21 306
2 22 16
2 23 403
2 24 261
2 25 27
2 26 473
2 27 210
2 28 96
2 29 308
2 30 211
2 31 162
2 32 43
2 33 319
2 34 111
2 35 248
2 36 420
2 37 267
2 38 228
2 39 85
2 40 23
2 41 172
2 42 211
2 43 28
2 44 417
2 45 26
2 46 67
2 47 227
2 48 239
2 49 386
2 50 83
2 51 25
2 52 153
2 53 435
2 54 217
2 55 346
2 56 266
2 57 85
2 58 274
2 59 355
2 60 391
2 61 409
2 62 305
2 63 136
2 64 246
2 65 83
2 66 427
2 67 82
2 68 220
2 69 261
2 70 365
2 71 466
2 72 413
2 73 376
2 74 174
2 75 361
3 1 216
3 2 108
3 4 53
3 5 45
3 6 355
3 7 149
3 8 308
3 9 130
3 10 192
3 11 80
3 12 371
3 13 211
3 14 286
3 15 237
3 16 382
3 17 127
3 18 273
3 19 247
3 20 15
3 21 475
3 22 436
3 23 252
3 24 161
3 25 348
3 26 8
3 27 282
3 28 170
3 29 242
3 30 455
3 31 435
3 32 186
3 33 461
3 34 201
3 35 280
3 36 69
3 37 134
3 38 285
3 39 14
3 40 372
3 41 479
3 42 297
3 43 360
3 44 404
3 45 174
3 46 59
3 47 197
3 48 102
3 49 257
3 50 364
3 51 407
3 52 327
3 53 278
3 54 425
3 55 290
3 56 402
3 57 337
3 58 120
3 59 230
3 60 180
3 61 448
3 62 292
3 63 441
3 64 227
3 65 328
3 66 293
3 67 193
3 68 263
3 69 174
3 70 317
3 71 338
3 72 176
3 73 360
3 74 254
3 75 60
4 1 149
4 2 272
4 3 108
4 5 26
4 6 308
4 7 383
4 8 349
4 9 109
4 10 35
4 11 380
4 12 360
4 13 367
4 14 149
4 15 475
4 16 171
4 17 153
4 18 104
4 19 6
4 20 68
4 21 24
4 22 383
4 23 174
4 24 164
4 25 347
4 26 115
4 27 179
4 28 49
4 29 171
4 30 205
4 31 310
4 32 443
4 33 269
4 34 279
4 35 230
4 36 457
4 37 155
4 38 239
4 39 31
4 40 116
4 41 414
4 42 132
4 43 88
4 44 405
4 45 117
4 46 441
4 47 230
4 48 176
4 49 131
4 50 423
4 51 111
4 52 177
4 53 229
4 54 317
4 55 114
4 56 34
4 57 477
4 58 257
4 59 60
4 60 292
4 61 462
4 62 351
4 63 142
4 64 158
4 65 189
4 66 9
4 67 50
4 68 102
4 69 55
4 70 239
4 71 9
4 72 477
4 73 211
4 74 161
4 75 460
5 1 359
5 2 302
5 3 104
5 4 340
5 6 197
5 7 349
5 8 33
5 9 448
5 10 418
5 11 381
5 12 259
5 13 134
5 14 310
5 15 129
5 16 111
5 17 304
5 18 469
5 19 367
5 20 267
5 21 234
5 22 312
5 23 134
5 24 338
5 25 158
5 26 366
5 27 86
5 28 243
5 29 472
5 30 197
5 31 447
5 32 246
5 33 17
5 34 221
5 35 440
5 36 274
5 37 85
5 38 227
5 39 329
5 40 269
5 41 196
5 42 452
5 43 137
5 44 97
5 45 135
5 46 210
5 47 220
5 48 154
5 49 366
5 50 368
5 51 117
5 52 222
5 53 413
5 54 154
5 55 477
5 56 212
5 57 232
5 58 196
5 59 248
5 60 176
5 61 241
5 62 93
5 63 285
5 64 90
5 65 96
5 66 322
5 67 159
5 68 314
5 69 99
5 70 266
5 71 127
5 72 266
5 73 218
5 74 264
5 75 2
6 1 300
6 2 309
6 3 192
6 4 287
6 5 107
6 7 427
6 8 35
6 9 457
6 10 44
6 11 270
6 12 35
6 13 387
6 14 424
6 15 419
6 16 164
6 17 273
6 18 356
6 19 380
6 20 174
6 21 201
6 22 386
6 23 114
6 24 208
6 25 120
6 26 197
6 27 463
6 28 397
6 29 416
6 30 116
6 31 413
6 32 181
6 33 302
6 34 74
6 35 283
6 36 19
6 37 427
6 38 250
6 39 150
6 40 439
6 41 442
6 42 283
6 43 34
6 44 320
6 45 253
6 46 342
6 47 328
6 48 51
6 49 308
6 50 344
6 51 83
6 52 343
6 53 388
6 54 455
6 55 67
6 56 160
6 57 262
6 58 71
6 59 164
6 60 399
6 61 329
6 62 343
6 63 140
6 64 57
6 65 217
6 66 262
6 67 80
6 68 223
6 69 78
6 70 438
6 71 414
6 72 113
6 73 182
6 74 300
6 75 373
7 1 399
7 2 129
7 3 128
7 4 396
7 5 53
7 6 445
7 8 132
7 9 435
7 10 122
7 11 446
7 12 241
7 13 186
7 14 58
7 15 360
7 16 113
7 17 300
7 18 413
7 19 367
7 20 87
7 21 354
7 22 116
7 23 204
7 24 159
7 25 467
7 26 360
7 27 393
7 28 187
7 29 199
7 30 442
7 31 222
7 32 443
7 33 255
7 34 443
7 35 165
7 36 31
7 37 178
7 38 298
7 39 13
7 40 226
7 41 186
7 42 208
7 43 330
7 44 267
7 45 42
7 46 164
7 47 439
7 48 425
7 49 363
7 50 463
7 51 240
7 52 402
7 53 130
7 54 209
7 55 290
7 56 107
7 57 312
7 58 374
7 59 468
7 60 63
7 61 48
7 62 224
7 63 426
7 64 460
7 65 167
7 66 372
7 67 207
7 68 40
7 69 146
7 70 74
7 71 335
7 72 120
7 73 258
7 74 400
7 75 144
8 1 218
8 2 8
8 3 409
8 4 398
8 5 464
8 6 265
8 7 117
8 9 220
8 10 329
8 11 412
8 12 459
8 13 293
8 14 335
8 15 213
8 16 156
8 17 242
8 18 276
8 19 161
8 20 59
8 21 334
8 22 138
8 23 16
8 24 202
8 25 326
8 26 79
8 27 460
8 28 372
8 29 144
8 30 104
8 31 261
8 32 11
8 33 309
8 34 126
8 35 349
8 36 26
8 37 16
8 38 73
8 39 161
8 40 240
8 41 114
8 42 350
8 43 300
8 44 370
8 45 158
8 46 331
8 47 409
8 48 65
8 49 230
8 50 25
8 51 63
8 52 274
8 53 124
8 54 429
8 55 321
8 56 421
8 57 419
8 58 462
8 59 286
8 60 7
8 61 80
8 62 391
8 63 471
8 64 206
8 65 34
8 66 383
8 67 293
8 68 250
8 69 160
8 70 175
8 71 304
8 72 87
8 73 307
8 74 402
8 75 90
9 1 422
9 2 471
9 3 64
9 4 67
9 5 75
9 6 179
9 7 170
9 8 63
9 10 351
9 11 181
9 12 6
9 13 182
9 14 96
9 15 385
9 16 253
9 17 316
9 18 364
9 19 399
9 20 160
9 21 33
9 22 199
9 23 95
9 24 378
9 25 280
9 26 184
9 27 164
9 28 58
9 29 329
9 30 247
9 31 202
9 32 211
9 33 143
9 34 165
9 35 423
9 36 282
9 37 353
9 38 294
9 39 424
9 40 14
9 41 361
9 42 189
9 43 433
9 44 129
9 45 17
9 46 3
9 47 94
9 48 339
9 49 71
9 50 460
9 51 277
9 52 272
9 53 179
9 54 362
9 55 213
9 56 404
9 57 374
9 58 322
9 59 3
9 60 150
9 61 427
9 62 139
9 63 366
9 64 311
9 65 34
9 66 344
9 67 129
9 68 31
9 69 182
9 70 198
9 71 335
9 72 101
9 73 431
9 74 269
9 75 62
10 1 377
10 2 270
10 3 61
10 4 248
10 5 300
10 6 388
10 7 406
10 8 206
10 9 251
10 11 381
10 12 325
10 13 189
10 14 410
10 15 375
10 16 79
10 17 290
10 18 276
10 19 289
10 20 462
10 21 245
10 22 54
10 23 85
10 24 84
10 25 72
10 26 145
10 27 121
10 28 73
10 29 88
10 30 225
10 31 110
10 32 147
10 33 125
10 34 221
10 35 249
10 36 285
10 37 439
10 38 457
10 39 84
10 40 365
10 41 416
10 42 3
10 43 321
10 44 417
10 45 478
10 46 269
10 47 71
10 48 273
10 49 313
10 50 245
10 51 337
10 52 13
10 53 326
10 54 76
10 55 354
10 56 382
10 57 87
10 58 479
10 59 360
10 60 75
10 61 83
10 62 85
10 63 355
10 64 253
10 65 91
10 66 83
10 67 117
10 68 80
10 69 129
10 70 267
10 71 292
10 72 32
10 73 245
10 74 423
10 75 201
11 1 428
11 2 198
11 3 278
11 4 389
11 5 273
11 6 476
11 7 294
11 8 354
11 9 360
11 10 304
11 12 375
11 13 171
11 14 123
11 15 50
11 16 413
11 17 9
11 18 127
11 19 168
11 20 244
11 21 45
11 22 454
11 23 289
11 24 316
11 25 157
11 26 117
11 27 329
11 28 9
11 29 344
11 30 161
11 31 94
11 32 476
11 33 228
11 34 305
11 35 190
11 36 399
11 37 115
11 38 74
11 39 265
11 40 353
11 41 448
11 42 298
11 43 418
11 44 394
11 45 345
11 46 139
11 47 137
11 48 78
11 49 82
11 50 65
11 51 171
11 52 289
11 53 130
11 54 405
11 55 324
11 56 431
11 57 405
11 58 312
11 59 364
11 60 182
11 61 439
11 62 312
11 63 257
11 64 4
11 65 457
11 66 264
11 67 239
11 68 148
11 69 451
11 70 181
11 71 166
11 72 91
11 73 73
11 74 209
11 75 241
12 1 347
12 2 388
12 3 60
12 4 41
12 5 317
12 6 83
12 7 435
12 8 205
12 9 176
12 10 167
12 11 261
12 13 372
12 14 22
12 15 30
12 16 14
12 17 298
12 18 86
12 19 65
12 20 376
12 21 79
12 22 123
12 23 284
12 24 351
12 25 182
12 26 311
12 27 342
12 28 151
12 29 359
12 30 255
12 31 323
12 32 435
12 33 452
12 34 68
12 35 60
12 36 31
12 37 72
12 38 227
12 39 223
12 40 96
12 41 453
12 42 274
12 43 233
12 44 430
12 45 474
12 46 435
12 47 193
12 48 369
12 49 370
12 50 199
12 51 115
12 52 45
12 53 408
12 54 147
12 55 68
12 56 72
12 57 388
12 58 298
12 59 387
12 60 191
12 61 90
12 62 454
12 63 164
12 64 57
12 65 314
12 66 211
12 67 252
12 68 414
12 69 12
12 70 415
12 71 189
12 72 203
12 73 400
12 74 7
12 75 414
13 1 353
13 2 289
13 3 421
13 4 272
13 5 360
13 6 385
13 7 360
13 8 308
13 9 56
13 10 452
13 11 132
13 12 344
13 14 91
13 15 334
13 16 372
13 17 453
13 18 72
13 19 440
13 20 288
13 21 84
13 22 448
13 23 465
13 24 403
13 25 249
13 26 404
13 27 432
13 28 65
13 29 54
13 30 187
13 31 214
13 32 265
13 33 213
13 34 75
13 35 315
13 36 134
13 37 105
13 38 307
13 39 353
13 40 442
13 41 445
13 42 476
13 43 133
13 44 153
13 45 477
13 46 435
13 47 318
13 48 388
13 49 76
13 50 94
13 51 8
13 52 397
13 53 420
13 54 241
13 55 399
13 56 432
13 57 323
13 58 150
13 59 289
13 60 285
13 61 26
13 62 332
13 63 399
13 64 25
13 65 427
13 66 471
13 67 186
13 68 332
13 69 78
13 70 120
13 71 197
13 72 192
13 73 330
13 74 158
13 75 39
14 1 133
14 2 219
14 3 259
14 4 18
14 5 136
14 6 227
14 7 152
14 8 234
14 9 369
14 10 300
14 11 377
14 12 245
14 13 206
14 15 40
14 16 478
14 17 235
14 18 250
14 19 99
14 20 44
14 21 310
14 22 350
14 23 279
14 24 319
14 25 413
14 26 443
14 27 160
14 28 197
14 29 143
14 30 79
14 31 381
14 32 126
14 33 258
14 34 174
14 35 312
14 36 172
14 37 21
14 38 145
14 39 388
14 40 199
14 41 197
14 42 301
14 43 362
14 44 173
14 45 332
14 46 260
14 47 156
14 48 7
14 49 81
14 50 225
14 51 107
14 52 64
14 53 366
14 54 258
14 55 392
14 56 193
14 57 321
14 58 263
14 59 74
14 60 379
14 61 220
14 62 338
14 63 179
14 64 395
14 65 188
14 66 65
14 67 366
14 68 196
14 69 235
14 70 11
14 71 432
14 72 462
14 73 179
14 74 319
14 75 54
15 1 89
15 2 244
15 3 34
15 4 332
15 5 47
15 6 220
15 7 199
15 8 342
15 9 74
15 10 2
15 11 319
15 12 479
15 13 265
15 14 142
15 16 190
15 17 191
15 18 301
15 19 471
15 20 203
15 21 409
15 22 199
15 23 262
15 24 32
15 25 345
15 26 341
15 27 417
15 28 21
15 29 451
15 30 388
15 31 285
15 32 339
15 33 75
15 34 455
15 35 373
15 36 458
15 37 1
15 38 202
15 39 439
15 40 414
15 41 5
15 42 271
15 43 273
15 44 22
15 45 301
15 46 171
15 47 462
15 48 174
15 49 462
15 50 314
15 51 285
15 52 387
15 53 165
15 54 276
15 55 259
15 56 286
15 57 20
15 58 293
15 59 419
15 60 134
15 61 32
15 62 340
15 63 278
15 64 463
15 65 409
15 66 132
15 67 475
15 68 124
15 69 233
15 70 34
15 71 435
15 72 335
15 73 354
15 74 110
15 75 242
16 1 290
16 2 169
16 3 202
16 4 9
16 5 51
16 6 303
16 7 470
16 8 254
16 9 431
16 10 83
16 11 294
16 12 448
16 13 29
16 14 78
16 15 198
16 17 194
16 18 149
16 19 295
16 20 152
16 21 42
16 22 23
16 23 303
16 24 387
16 25 382
16 26 250
16 27 309
16 28 27
16 29 304
16 30 454
16 31 147
16 32 60
16 33 240
16 34 243
16 35 380
16 36 445
16 37 216
16 38 91
16 39 155
16 40 78
16 41 477
16 42 151
16 43 414
16 44 126
16 45 356
16 46 160
16 47 347
16 48 368
16 49 91
16 50 201
16 51 315
16 52 299
16 53 116
16 54 274
16 55 224
16 56 345
16 57 76
16 58 463
16 59 304
16 60 339
16 61 272
16 62 337
16 63 470
16 64 230
16 65 428
16 66 275
16 67 429
16 68 292
16 69 242
16 70 308
16 71 41
16 72 120
16 73 198
16 74 236
16 75 284
17 1 269
17 2 464
17 3 374
17 4 109
17 5 458
17 6 249
17 7 474
17 8 86
17 9 447
17 10 48
17 11 269
17 12 236
17 13 415
17 14 379
17 15 321
17 16 103
17 18 420
17 19 111
17 20 381
17 21 12
17 22 290
17 23 89
17 24 332
17 25 251
17 26 47
17 27 471
17 28 417
17 29 399
17 30 459
17 31 43
17 32 379
17 33 417
17 34 27
17 35 168
17 36 103
17 37 287
17 38 52
17 39 205
17 40 181
17 41 290
17 42 431
17 43 99
17 44 32
17 45 460
17 46 272
17 47 189
17 48 274
17 49 22
17 50 310
17 51 220
17 52 196
17 53 207
17 54 222
17 55 225
17 56 67
17 57 281
17 58 318
17 59 307
17 60 31
17 61 271
17 62 56
17 63 212
17 64 144
17 65 449
17 66 94
17 67 453
17 68 236
17 69 78
17 70 122
17 71 460
17 72 465
17 73 77
17 74 436
17 75 348
18 1 400
18 2 342
18 3 216
18 4 230
18 5 168
18 6 315
18 7 56
18 8 202
18 9 133
18 10 343
18 11 333
18 12 302
18 13 29
18 14 392
18 15 113
18 16 292
18 17 89
18 19 264
18 20 214
18 21 48
18 22 199
18 23 94
18 24 371
18 25 87
18 26 165
18 27 152
18 28 247
18 29 435
18 30 60
18 31 261
18 32 406
18 33 295
18 34 242
18 35 382
18 36 398
18 37 192
18 38 76
18 39 245
18 40 173
18 41 74
18 42 169
18 43 411
18 44 433
18 45 337
18 46 472
18 47 43
18 48 94
18 49 120
18 50 129
18 51 428
18 52 123
18 53 479
18 54 278
18 55 61
18 56 420
18 57 139
18 58 39
18 59 176
18 60 71
18 61 456
18 62 25
18 63 301
18 64 20
18 65 356
18 66 317
18 67 227
18 68 346
18 69 36
18 70 379
18 71 67
18 72 316
18 73 91
18 74 177
18 75 322
19 1 280
19 2 333
19 3 381
19 4 67
19 5 39
19 6 349
19 7 286
19 8 425
19 9 446
19 10 340
19 11 148
19 12 102
19 13 175
19 14 8
19 15 73
19 16 337
19 17 439
19 18 2
19 20 438
19 21 470
19 22 306
19 23 138
19 24 210
19 25 195
19 26 413
19 27 456
19 28 16
19 29 103
19 30 4
19 31 84
19 32 170
19 33 149
19 34 374
19 35 151
19 36 96
19 37 155
19 38 213
19 39 324
19 40 108
19 41 415
19 42 409
19 43 172
19 44 109
19 45 313
19 46 14
19 47 464
19 48 361
19 49 101
19 50 170
19 51 232
19 52 78
19 53 17
19 54 169
19 55 466
19 56 25
19 57 2
19 58 134
19 59 423
19 60 97
19 61 377
19 62 150
19 63 124
19 64 113
19 65 413
19 66 92
19 67 440
19 68 265
19 69 280
19 70 65
19 71 409
19 72 379
19 73 190
19 74 253
19 75 236
20 1 187
20 2 414
20 3 464
20 4 433
20 5 382
20 6 332
20 7 132
20 8 216
20 9 410
20 10 133
20 11 23
20 12 225
20 13 98
20 14 89
20 15 247
20 16 92
20 17 344
20 18 397
20 19 181
20 21 313
20 22 188
20 23 282
20 24 461
20 25 28
20 26 447
20 27 88
20 28 100
20 29 217
20 30 42
20 31 244
20 32 295
20 33 288
20 34 404
20 35 87
20 36 59
20 37 438
20 38 403
20 39 383
20 40 382
20 41 13
20 42 376
20 43 333
20 44 71
20 45 290
20 46 384
20 47 217
20 48 321
20 49 360
20 50 265
20 51 184
20 52 260
20 53 394
20 54 279
20 55 130
20 56 101
20 57 228
20 58 217
20 59 384
20 60 355
20 61 390
20 62 28
20 63 259
20 64 251
20 65 196
20 66 216
20 67 316
20 68 180
20 69 80
20 70 248
20 71 386
20 72 460
20 73 460
20 74 250
20 75 362
21 1 272
21 2 265
21 3 101
21 4 73
21 5 21
21 6 26
21 7 462
21 8 297
21 9 340
21 10 350
21 11 365
21 12 235
21 13 349
21 14 460
21 15 383
21 16 439
21 17 382
21 18 214
21 19 440
21 20 152
21 22 359
21 23 252
21 24 119
21 25 460
21 26 200
21 27 374
21 28 207
21 29 212
21 30 266
21 31 410
21 32 373
21 33 112
21 34 356
21 35 427
21 36 377
21 37 475
21 38 116
21 39 300
21 40 146
21 41 67
21 42 176
21 43 9
21 44 353
21 45 383
21 46 399
21 47 157
21 48 39
21 49 269
21 50 433
21 51 91
21 52 42
21 53 6
21 54 28
21 55 317
21 56 127
21 57 50
21 58 48
21 59 353
21 60 133
21 61 18
21 62 374
21 63 205
21 64 461
21 65 106
21 66 312
21 67 124
21 68 274
21 69 3
21 70 281
21 71 348
21 72 150
21 73 333
21 74 86
21 75 50
22 1 362
22 2 457
22 3 230
22 4 134
22 5 67
22 6 150
22 7 433
22 8 403
22 9 91
22 10 117
22 11 447
22 12 56
22 13 27
22 14 199
22 15 186
22 16 124
22 17 323
22 18 106
22 19 40
22 20 289
22 21 268
22 23 46
22 24 138
22 25 112
22 26 121
22 27 232
22 28 89
22 29 42
22 30 429
22 31 74
22 32 227
22 33 90
22 34 443
22 35 435
22 36 340
22 37 53
22 38 304
22 39 346
22 40 339
22 41 302
22 42 50
22 43 366
22 44 73
22 45 439
22 46 287
22 47 181
22 48 395
22 49 102
22 50 456
22 51 416
22 52 153
22 53 293
22 54 37
22 55 136
22 56 269
22 57 306
22 58 141
22 59 90
22 60 36
22 61 257
22 62 41
22 63 447
22 64 468
22 65 402
22 66 179
22 67 40
22 68 165
22 69 408
22 70 294
22 71 435
22 72 316
22 73 87
22 74 229
22 75 336
23 1 7
23 2 427
23 3 366
23 4 163
23 5 356
23 6 124
23 7 236
23 8 332
23 9 329
23 10 277
23 11 342
23 12 170
23 13 262
23 14 202
23 15 319
23 16 141
23 17 69
23 18 451
23 19 192
23 20 478
23 21 433
23 22 329
23 24 52
23 25 156
23 26 185
23 27 24
23 28 472
23 29 447
23 30 286
23 31 383
23 32 326
23 33 354
23 34 342
23 35 127
23 36 236
23 37 87
23 38 388
23 39 9
23 40 390
23 41 224
23 42 142
23 43 95
23 44 29
23 45 144
23 46 50
23 47 29
23 48 410
23 49 312
23 50 375
23 51 327
23 52 290
23 53 22
23 54 401
23 55 284
23 56 64
23 57 430
23 58 111
23 59 269
23 60 398
23 61 239
23 62 371
23 63 267
23 64 473
23 65 50
23 66 137
23 67 123
23 68 270
23 69 114
23 70 45
23 71 160
23 72 355
23 73 33
23 74 222
23 75 118
24 1 391
24 2 389
24 3 223
24 4 70
24 5 289
24 6 111
24 7 113
24 8 244
24 9 331
24 10 382
24 11 337
24 12 200
24 13 430
24 14 354
24 15 108
24 16 5
24 17 39
24 18 22
24 19 251
24 20 391
24 21 308
24 22 159
24 23 23
24 25 34
24 26 265
24 27 8
24 28 46
24 29 223
24 30 106
24 31 75
24 32 336
24 33 170
24 34 201
24 35 38
24 36 20
24 37 2
24 38 407
24 39 226
24 40 468
24 41 378
24 42 473
24 43 150
24 44 177
24 45 241
24 46 167
24 47 288
24 48 187
24 49 126
24 50 408
24 51 380
24 52 152
24 53 92
24 54 331
24 55 262
24 56 236
24 57 97
24 58 224
24 59 424
24 60 361
24 61 192
24 62 443
24 63 423
24 64 387
24 65 438
24 66 81
24 67 319
24 68 35
24 69 136
24 70 306
24 71 334
24 72 377
24 73 71
24 74 214
24 75 362
25 1 225
25 2 168
25 3 190
25 4 339
25 5 188
25 6 269
25 7 18
25 8 231
25 9 108
25 10 461
25 11 41
25 12 243
25 13 147
25 14 198
25 15 243
25 16 211
25 17 456
25 18 236
25 19 110
25 20 106
25 21 447
25 22 82
25 23 403
25 24 158
25 26 269
25 27 69
25 28 152
25 29 342
25 30 130
25 31 344
25 32 82
25 33 56
25 34 149
25 35 62
25 36 431
25 37 35
25 38 430
25 39 146
25 40 336
25 41 256
25 42 16
25 43 232
25 44 179
25 45 240
25 46 44
25 47 368
25 48 376
25 49 115
25 50 390
25 51 291
25 52 38
25 53 308
25 54 267
25 55 144
25 56 301
25 57 218
25 58 177
25 59 44
25 60 214
25 61 111
25 62 262
25 63 235
25 64 468
25 65 285
25 66 121
25 67 328
25 68 155
25 69 37
25 70 420
25 71 321
25 72 133
25 73 87
25 74 369
25 75 191
26 1 281
26 2 315
26 3 350
26 4 302
26 5 380
26 6 257
26 7 78
26 8 469
26 9 407
26 10 435
26 11 454
26 12 47
26 13 321
26 14 428
26 15 129
26 16 243
26 17 404
26 18 134
26 19 344
26 20 87
26 21 476
26 22 232
26 23 124
26 24 401
26 25 20
26 27 172
26 28 12
26 29 381
26 30 12
26 31 247
26 32 73
26 33 401
26 34 49
26 35 410
26 36 284
26 37 316
26 38 13
26 39 318
26 40 201
26 41 256
26 42 338
26 43 235
26 44 404
26 45 329
26 46 45
26 47 436
26 48 421
26 49 83
26 50 381
26 51 288
26 52 253
26 53 168
26 54 422
26 55 388
26 56 382
26 57 193
26 58 468
26 59 410
26 60 199
26 61 116
26 62 190
26 63 473
26 64 457
26 65 375
26 66 38
26 67 477
26 68 10
26 69 160
26 70 399
26 71 256
26 72 269
26 73 310
26 74 252
26 75 97
27 1 62
27 2 297
27 3 411
27 4 82
27 5 38
27 6 325
27 7 416
27 8 136
27 9 159
27 10 137
27 11 357
27 12 215
27 13 410
27 14 50
27 15 454
27 16 300
27 17 353
27 18 377
27 19 312
27 20 215
27 21 113
27 22 335
27 23 234
27 24 134
27 25 34
27 26 334
27 28 196
27 29 278
27 30 362
27 31 377
27 32 26
27 33 145
27 34 409
27 35 440
27 36 157
27 37 358
27 38 407
27 39 290
27 40 262
27 41 461
27 42 215
27 43 231
27 44 154
27 45 460
27 46 335
27 47 14
27 48 413
27 49 307
27 50 463
27 51 51
27 52 438
27 53 30
27 54 210
27 55 381
27 56 463
27 57 186
27 58 305
27 59 445
27 60 104
27 61 169
27 62 5
27 63 57
27 64 72
27 65 348
27 66 182
27 67 49
27 68 273
27 69 336
27 70 229
27 71 358
27 72 375
27 73 323
27 74 167
27 75 181
28 1 156
28 2 65
28 3 228
28 4 192
28 5 97
28 6 133
28 7 160
28 8 47
28 9 403
28 10 334
28 11 263
28 12 154
28 13 421
28 14 164
28 15 178
28 16 111
28 17 278
28 18 409
28 19 39
28 20 271
28 21 299
28 22 295
28 23 306
28 24 405
28 25 394
28 26 74
28 27 178
28 29 105
28 30 417
28 31 91
28 32 223
28 33 27
28 34 135
28 35 461
28 36 378
28 37 328
28 38 244
28 39 275
28 40 361
28 41 414
28 42 49
28 43 241
28 44 71
28 45 76
28 46 86
28 47 81
28 48 256
28 49 306
28 50 387
28 51 157
28 52 68
28 53 17
28 54 359
28 55 269
28 56 143
28 57 178
28 58 424
28 59 427
28 60 222
28 61 173
28 62 414
28 63 440
28 64 179
28 65 90
28 66 61
28 67 47
28 68 362
28 69 242
28 70 225
28 71 105
28 72 351
28 73 273
28 74 407
28 75 141
29 1 33
29 2 269
29 3 396
29 4 129
29 5 371
29 6 394
29 7 5
29 8 406
29 9 360
29 10 275
29 11 46
29 12 207
29 13 240
29 14 236
29 15 479
29 16 112
29 17 469
29 18 241
29 19 50
29 20 319
29 21 334
29 22 275
29 23 229
29 24 266
29 25 234
29 26 459
29 27 360
29 28 313
29 30 367
29 31 199
29 32 264
29 33 95
29 34 160
29 35 237
29 36 267
29 37 471
29 38 229
29 39 402
29 40 319
29 41 146
29 42 173
29 43 96
29 44 444
29 45 15
29 46 1
29 47 357
29 48 412
29 49 468
29 50 138
29 51 160
29 52 303
29 53 236
29 54 6
29 55 340
29 56 399
29 57 195
29 58 100
29 59 224
29 60 62
29 61 279
29 62 441
29 63 287
29 64 441
29 65 371
29 66 287
29 67 50
29 68 73
29 69 261
29 70 165
29 71 191
29 72 156
29 73 258
29 74 333
29 75 302
30 1 356
30 2 291
30 3 263
30 4 43
30 5 359
30 6 76
30 7 388
30 8 318
30 9 276
30 10 37
30 11 127
30 12 186
30 13 101
30 14 240
30 15 281
30 16 385
30 17 290
30 18 10
30 19 196
30 20 467
30 21 423
30 22 74
30 23 361
30 24 223
30 25 285
30 26 108
30 27 44
30 28 169
30 29 212
30 31 158
30 32 172
30 33 381
30 34 391
30 35 170
30 36 349
30 37 319
30 38 382
30 39 391
30 40 54
30 41 11
30 42 198
30 43 168
30 44 69
30 45 134
30 46 301
30 47 30
30 48 354
30 49 147
30 50 412
30 51 247
30 52 68
30 53 123
30 54 159
30 55 141
30 56 297
30 57 60
30 58 244
30 59 241
30 60 408
30 61 116
30 62 401
30 63 245
30 64 325
30 65 93
30 66 251
30 67 286
30 68 12
30 69 57
30 70 101
30 71 381
30 72 347
30 73 203
30 74 78
30 75 108
31 1 162
31 2 114
31 3 57
31 4 351
31 5 403
31 6 18
31 7 36
31 8 99
31 9 383
31 10 92
31 11 196
31 12 303
31 13 443
31 14 433
31 15 338
31 16 355
31 17 379
31 18 119
31 19 354
31 20 245
31 21 196
31 22 74
31 23 197
31 24 83
31 25 215
31 26 60
31 27 88
31 28 162
31 29 300
31 30 165
31 32 220
31 33 14
31 34 218
31 35 422
31 36 205
31 37 367
31 38 403
31 39 293
31 40 430
31 41 171
31 42 404
31 43 110
31 44 457
31 45 442
31 46 466
31 47 107
31 48 139
31 49 162
31 50 195
31 51 233
31 52 56
31 53 173
31 54 407
31 55 391
31 56 380
31 57 185
31 58 56
31 59 179
31 60 144
31 61 418
31 62 262
31 63 207
31 64 133
31 65 20
31 66 124
31 67 57
31 68 18
31 69 238
31 70 452
31 71 125
31 72 412
31 73 58
31 74 27
31 75 9
32 1 187
32 2 191
32 3 40
32 4 397
32 5 200
32 6 186
32 7 4
32 8 424
32 9 350
32 10 306
32 11 318
32 12 313
32 13 98
32 14 279
32 15 463
32 16 61
32 17 162
32 18 278
32 19 142
32 20 63
32 21 300
32 22 232
32 23 380
32 24 216
32 25 296
32 26 108
32 27 242
32 28 355
32 29 394
32 30 433
32 31 88
32 33 28
32 34 211
32 35 108
32 36 446
32 37 240
32 38 3
32 39 140
32 40 192
32 41 377
32 42 45
32 43 168
32 44 29
32 45 246
32 46 200
32 47 240
32 48 440
32 49 302
32 50 424
32 51 184
32 52 359
32 53 428
32 54 47
32 55 169
32 56 26
32 57 138
32 58 382
32 59 442
32 60 449
32 61 293
32 62 204
32 63 50
32 64 346
32 65 210
32 66 3
32 67 31
32 68 53
32 69 140
32 70 386
32 71 232
32 72 422
32 73 53
32 74 424
32 75 102
33 1 207
33 2 296
33 3 316
33 4 126
33 5 364
33 6 427
33 7 190
33 8 342
33 9 85
33 10 377
33 11 169
33 12 378
33 13 196
33 14 365
33 15 217
33 16 369
33 17 356
33 18 37
33 19 279
33 20 254
33 21 209
33 22 365
33 23 27
33 24 395
33 25 80
33 26 37
33 27 212
33 28 133
33 29 360
33 30 49
33 31 280
33 32 173
33 34 157
33 35 33
33 36 143
33 37 67
33 38 42
33 39 295
33 40 54
33 41 449
33 42 356
33 43 376
33 44 80
33 45 462
33 46 116
33 47 49
33 48 267
33 49 319
33 50 452
33 51 220
33 52 1
33 53 234
33 54 476
33 55 125
33 56 335
33 57 136
33 58 90
33 59 34
33 60 241
33 61 175
33 62 19
33 63 6
33 64 254
33 65 104
33 66 96
33 67 424
33 68 458
33 69 305
33 70 80
33 71 348
33 72 157
33 73 341
33 74 323
33 75 289
34 1 132
34 2 25
34 3 81
34 4 465
34 5 281
34 6 285
34 7 275
34 8 146
34 9 363
34 10 80
34 11 92
34 12 118
34 13 421
34 14 10
34 15 419
34 16 314
34 17 437
34 18 351
34 19 237
34 20 292
34 21 138
34 22 407
34 23 233
34 24 134
34 25 242
34 26 23
34 27 218
34 28 454
34 29 78
34 30 220
34 31 22
34 32 139
34 33 352
34 35 311
34 36 239
34 37 45
34 38 125
34 39 279
34 40 252
34 41 305
34 42 21
34 43 413
34 44 151
34 45 46
34 46 97
34 47 350
34 48 442
34 49 69
34 50 411
34 51 3
34 52 468
34 53 471
34 54 32
34 55 330
34 56 280
34 57 432
34 58 103
34 59 48
34 60 429
34 61 249
34 62 209
34 63 92
34 64 35
34 65 474
34 66 340
34 67 227
34 68 33
34 69 352
34 70 34
34 71 332
34 72 243
34 73 356
34 74 183
34 75 321
35 1 409
35 2 291
35 3 341
35 4 226
35 5 23
35 6 87
35 7 191
35 8 224
35 9 304
35 10 174
35 11 335
35 12 272
35 13 427
35 14 381
35 15 403
35 16 116
35 17 367
35 18 234
35 19 29
35 20 101
35 21 219
35 22 273
35 23 400
35 24 88
35 25 478
35 26 286
35 27 3
35 28 338
35 29 71
35 30 149
35 31 97
35 32 40
35 33 244
35 34 22
35 36 94
35 37 368
35 38 125
35 39 206
35 40 8
35 41 11
35 42 401
35 43 396
35 44 309
35 45 431
35 46 276
35 47 20
35 48 199
35 49 252
35 50 260
35 51 84
35 52 256
35 53 66
35 54 25
35 55 107
35 56 452
35 57 187
35 58 130
35 59 177
35 60 436
35 61 99
35 62 137
35 63 71
35 64 210
35 65 121
35 66 358
35 67 172
35 68 103
35 69 140
35 70 350
35 71 382
35 72 53
35 73 410
35 74 89
35 75 151
36 1 378
36 2 209
36 3 472
36 4 250
36 5 192
36 6 184
36 7 159
36 8 457
36 9 212
36 10 421
36 11 179
36 12 294
36 13 278
36 14 233
36 15 468
36 16 127
36 17 443
36 18 192
36 19 94
36 20 110
36 21 195
36 22 369
36 23 313
36 24 284
36 25 73
36 26 464
36 27 465
36 28 134
36 29 67
36 30 241
36 31 266
36 32 267
36 33 291
36 34 425
36 35 218
36 37 441
36 38 338
36 39 283
36 40 182
36 41 441
36 42 385
36 43 450
36 44 179
36 45 215
36 46 6
36 47 228
36 48 84
36 49 443
36 50 471
36 51 75
36 52 397
36 53 132
36 54 338
36 55 248
36 56 125
36 57 312
36 58 153
36 59 426
36 60 200
36 61 405
36 62 61
36 63 180
36 64 382
36 65 200
36 66 428
36 67 440
36 68 428
36 69 279
36 70 327
36 71 40
36 72 113
36 73 215
36 74 296
36 75 340
37 1 257
37 2 158
37 3 383
37 4 79
37 5 451
37 6 473
37 7 93
37 8 247
37 9 324
37 10 175
37 11 342
37 12 237
37 13 87
37 14 471
37 15 172
37 16 339
37 17 188
37 18 456
37 19 119
37 20 53
37 21 272
37 22 245
37 23 240
37 24 291
37 25 70
37 26 12
37 27 449
37 28 161
37 29 462
37 30 221
37 31 311
37 32 343
37 33 432
37 34 276
37 35 451
37 36 337
37 38 255
37 39 7
37 40 8
37 41 478
37 42 187
37 43 451
37 44 323
37 45 127
37 46 409
37 47 179
37 48 471
37 49 172
37 50 362
37 51 251
37 52 192
37 53 228
37 54 80
37 55 185
37 56 412
37 57 58
37 58 475
37 59 136
37 60 313
37 61 387
37 62 272
37 63 322
37 64 76
37 65 434
37 66 84
37 67 425
37 68 393
37 69 207
37 70 319
37 71 196
37 72 433
37 73 343
37 74 65
37 75 335
38 1 285
38 2 463
38 3 215
38 4 168
38 5 336
38 6 421
38 7 16
38 8 37
38 9 353
38 10 95
38 11 199
38 12 360
38 13 263
38 14 198
38 15 392
38 16 185
38 17 411
38 18 459
38 19 121
38 20 307
38 21 237
38 22 376
38 23 420
38 24 323
38 25 85
38 26 153
38 27 70
38 28 299
38 29 370
38 30 91
38 31 423
38 32 168
38 33 296
38 34 63
38 35 415
38 36 242
38 37 430
38 39 119
38 40 57
38 41 212
38 42 217
38 43 9
38 44 167
38 45 221
38 46 40
38 47 227
38 48 320
38 49 284
38 50 153
38 51 246
38 52 79
38 53 395
38 54 299
38 55 175
38 56 181
38 57 74
38 58 459
38 59 246
38 60 174
38 61 420
38 62 199
38 63 301
38 64 377
38 65 57
38 66 345
38 67 454
38 68 358
38 69 285
38 70 236
38 71 238
38 72 478
38 73 99
38 74 449
38 75 62
39 1 479
39 2 334
39 3 310
39 4 39
39 5 14
39 6 415
39 7 306
39 8 12
39 9 387
39 10 408
39 11 188
39 12 366
39 13 77
39 14 180
39 15 171
39 16 224
39 17 252
39 18 204
39 19 68
39 20 187
39 21 351
39 22 478
39 23 277
39 24 168
39 25 164
39 26 120
39 27 360
39 28 174
39 29 127
39 30 237
39 31 159
39 32 478
39 33 396
39 34 85
39 35 126
39 36 47
39 37 122
39 38 362
39 40 422
39 41 161
39 42 254
39 43 307
39 44 374
39 45 467
39 46 166
39 47 243
39 48 240
39 49 96
39 50 389
39 51 364
39 52 312
39 53 140
39 54 342
39 55 309
39 56 333
39 57 243
39 58 195
39 59 448
39 60 195
39 61 440
39 62 216
39 63 343
39 64 46
39 65 289
39 66 240
39 67 234
39 68 190
39 69 214
39 70 471
39 71 144
39 72 21
39 73 218
39 74 127
39 75 346
40 1 446
40 2 385
40 3 127
40 4 120
40 5 295
40 6 25
40 7 320
40 8 53
40 9 95
40 10 222
40 11 430
40 12 457
40 13 215
40 14 181
40 15 245
40 16 455
40 17 266
40 18 66
40 19 471
40 20 437
40 21 413
40 22 361
40 23 459
40 24 72
40 25 116
40 26 12
40 27 101
40 28 357
40 29 79
40 30 91
40 31 430
40 32 395
40 33 109
40 34 303
40 35 58
40 36 216
40 37 140
40 38 275
40 39 143
40 41 348
40 42 303
40 43 132
40 44 355
40 45 55
40 46 186
40 47 375
40 48 1
40 49 209
40 50 434
40 51 427
40 52 115
40 53 397
40 54 69
40 55 421
40 56 135
40 57 346
40 58 74
40 59 208
40 60 185
40 61 295
40 62 303
40 63 91
40 64 475
40 65 57
40 66 461
40 67 455
40 68 409
40 69 285
40 70 203
40 71 352
40 72 226
40 73 431
40 74 364
40 75 348
41 1 13
41 2 79
41 3 149
41 4 353
41 5 52
41 6 90
41 7 459
41 8 250
41 9 346
41 10 435
41 11 293
41 12 31
41 13 180
41 14 442
41 15 96
41 16 78
41 17 3
41 18 241
41 19 323
41 20 33
41 21 82
41 22 325
41 23 100
41 24 299
41 25 150
41 26 387
41 27 412
41 28 478
41 29 5
41 30 89
41 31 379
41 32 440
41 33 417
41 34 278
41 35 171
41 36 362
41 37 205
41 38 312
41 39 271
41 40 234
41 42 14
41 43 76
41 44 336
41 45 242
41 46 131
41 47 237
41 48 223
41 49 417
41 50 5
41 51 331
41 52 348
41 53 367
41 54 413
41 55 472
41 56 332
41 57 131
41 58 431
41 59 108
41 60 4
41 61 462
41 62 71
41 63 52
41 64 305
41 65 70
41 66 230
41 67 417
41 68 433
41 69 11
41 70 307
41 71 157
41 72 450
41 73 12
41 74 32
41 75 140
42 1 243
42 2 102
42 3 312
42 4 421
42 5 304
42 6 215
42 7 466
42 8 53
42 9 73
42 10 87
42 11 398
42 12 188
42 13 227
42 14 131
42 15 302
42 16 129
42 17 428
42 18 127
42 19 398
42 20 203
42 21 98
42 22 430
42 23 208
42 24 53
42 25 25
42 26 372
42 27 311
42 28 380
42 29 180
42 30 167
42 31 394
42 32 75
42 33 278
42 34 246
42 35 182
42 36 436
42 37 74
42 38 64
42 39 204
42 40 393
42 41 134
42 43 342
42 44 264
42 45 138
42 46 396
42 47 126
42 48 187
42 49 216
42 50 390
42 51 112
42 52 430
42 53 266
42 54 397
42 55 50
42 56 434
42 57 410
42 58 214
42 59 477
42 60 439
42 61 398
42 62 61
42 63 137
42 64 257
42 65 97
42 66 302
42 67 358
42 68 87
42 69 207
42 70 126
42 71 361
42 72 446
42 73 161
42 74 417
42 75 72
43 1 271
43 2 39
43 3 363
43 4 351
43 5 11
43 6 21
43 7 172
43 8 280
43 9 25
43 10 229
43 11 58
43 12 259
43 13 127
43 14 190
43 15 475
43 16 294
43 17 131
43 18 166
43 19 176
43 20 138
43 21 62
43 22 104
43 23 89
43 24 446
43 25 144
43 26 212
43 27 77
43 28 414
43 29 20
43 30 221
43 31 127
43 32 50
43 33 112
43 34 40
43 35 234
43 36 470
43 37 123
43 38 226
43 39 58
43 40 269
43 41 332
43 42 49
43 44 164
43 45 445
43 46 228
43 47 409
43 48 347
43 49 346
43 50 93
43 51 281
43 52 44
43 53 107
43 54 425
43 55 210
43 56 186
43 57 94
43 58 101
43 59 212
43 60 289
43 61 315
43 62 218
43 63 261
43 64 434
43 65 286
43 66 194
43 67 451
43 68 159
43 69 102
43 70 25
43 71 427
43 72 37
43 73 102
43 74 473
43 75 148
44 1 440
44 2 202
44 3 43
44 4 160
44 5 212
44 6 35
44 7 236
44 8 152
44 9 303
44 10 468
44 11 127
44 12 39
44 13 345
44 14 414
44 15 286
44 16 449
44 17 223
44 18 318
44 19 45
44 20 423
44 21 467
44 22 193
44 23 297
44 24 73
44 25 253
44 26 181
44 27 112
44 28 451
44 29 427
44 30 55
44 31 407
44 32 42
44 33 398
44 34 315
44 35 399
44 36 40
44 37 89
44 38 458
44 39 444
44 40 250
44 41 237
44 42 219
44 43 40
44 45 257
44 46 129
44 47 54
44 48 208
44 49 397
44 50 56
44 51 454
44 52 200
44 53 368
44 54 429
44 55 162
44 56 376
44 57 350
44 58 440
44 59 157
44 60 458
44 61 429
44 62 290
44 63 119
44 64 475
44 65 142
44 66 166
44 67 237
44 68 178
44 69 466
44 70 186
44 71 86
44 72 300
44 73 56
44 74 345
44 75 379
45 1 197
45 2 213
45 3 130
45 4 332
45 5 256
45 6 213
45 7 210
45 8 136
45 9 258
45 10 384
45 11 215
45 12 401
45 13 472
45 14 16
45 15 11
45 16 302
45 17 200
45 18 293
45 19 252
45 20 398
45 21 465
45 22 58
45 23 173
45 24 278
45 25 408
45 26 218
45 27 451
45 28 415
45 29 460
45 30 159
45 31 375
45 32 436
45 33 320
45 34 328
45 35 210
45 36 138
45 37 167
45 38 296
45 39 20
45 40 318
45 41 39
45 42 394
45 43 352
45 44 240
45 46 382
45 47 296
45 48 150
45 49 161
45 50 305
45 51 388
45 52 405
45 53 190
45 54 176
45 55 391
45 56 136
45 57 101
45 58 159
45 59 257
45 60 324
45 61 186
45 62 288
45 63 161
45 64 460
45 65 215
45 66 384
45 67 369
45 68 212
45 69 65
45 70 56
45 71 101
45 72 340
45 73 94
45 74 426
45 75 245
46 1 6
46 2 43
46 3 361
46 4 2
46 5 417
46 6 371
46 7 234
46 8 12
46 9 237
46 10 11
46 11 132
46 12 146
46 13 215
46 14 275
46 15 313
46 16 177
46 17 130
46 18 281
46 19 217
46 20 462
46 21 176
46 22 84
46 23 328
46 24 420
46 25 74
46 26 159
46 27 306
46 28 246
46 29 264
46 30 362
46 31 287
46 32 359
46 33 286
46 34 23
46 35 465
46 36 349
46 37 399
46 38 50
46 39 127
46 40 334
46 41 390
46 42 186
46 43 80
46 44 189
46 45 269
46 47 370
46 48 240
46 49 291
46 50 382
46 51 404
46 52 397
46 53 39
46 54 392
46 55 298
46 56 170
46 57 127
46 58 52
46 59 220
46 60 306
46 61 50
46 62 167
46 63 18
46 64 216
46 65 372
46 66 279
46 67 84
46 68 10
46 69 135
46 70 415
46 71 230
46 72 330
46 73 188
46 74 106
46 75 284
47 1 322
47 2 363
47 3 389
47 4 363
47 5 153
47 6 478
47 7 170
47 8 207
47 9 258
47 10 13
47 11 66
47 12 293
47 13 165
47 14 4
47 15 339
47 16 325
47 17 114
47 18 310
47 19 397
47 20 315
47 21 477
47 22 86
47 23 308
47 24 66
47 25 7
47 26 258
47 27 262
47 28 474
47 29 132
47 30 158
47 31 318
47 32 251
47 33 65
47 34 460
47 35 330
47 36 60
47 37 446
47 38 461
47 39 253
47 40 279
47 41 40
47 42 289
47 43 92
47 44 117
47 45 347
47 46 188
47 48 121
47 49 126
47 50 459
47 51 170
47 52 304
47 53 318
47 54 88
47 55 265
47 56 259
47 57 111
47 58 13
47 59 344
47 60 119
47 61 154
47 62 197
47 63 302
47 64 345
47 65 408
47 66 463
47 67 148
47 68 469
47 69 57
47 70 386
47 71 30
47 72 89
47 73 425
47 74 339
47 75 450
48 1 321
48 2 124
48 3 151
48 4 36
48 5 413
48 6 378
48 7 152
48 8 157
48 9 103
48 10 233
48 11 355
48 12 401
48 13 377
48 14 309
48 15 170
48 16 274
48 17 367
48 18 295
48 19 40
48 20 3
48 21 241
48 22 178
48 23 111
48 24 162
48 25 9
48 26 202
48 27 436
48 28 230
48 29 260
48 30 85
48 31 340
48 32 20
48 33 427
48 34 193
48 35 403
48 36 142
48 37 411
48 38 206
48 39 35
48 40 20
48 41 444
48 42 461
48 43 170
48 44 72
48 45 181
48 46 398
48 47 450
48 49 253
48 50 247
48 51 284
48 52 324
48 53 316
48 54 222
48 55 131
48 56 334
48 57 11
48 58 262
48 59 267
48 60 375
48 61 192
48 62 248
48 63 150
48 64 434
48 65 241
48 66 60
48 67 350
48 68 44
48 69 463
48 70 259
48 71 237
48 72 348
48 73 394
48 74 170
48 75 434
49 1 148
49 2 419
49 3 474
49 4 409
49 5 419
49 6 263
49 7 264
49 8 141
49 9 248
49 10 162
49 11 261
49 12 118
49 13 105
49 14 129
49 15 358
49 16 72
49 17 260
49 18 304
49 19 77
49 20 460
49 21 327
49 22 192
49 23 40
49 24 187
49 25 57
49 26 328
49 27 218
49 28 272
49 29 162
49 30 442
49 31 186
49 32 447
49 33 244
49 34 301
49 35 331
49 36 472
49 37 268
49 38 344
49 39 404
49 40 272
49 41 411
49 42 430
49 43 271
49 44 199
49 45 355
49 46 334
49 47 369
49 48 426
49 50 88
49 51 185
49 52 261
49 53 252
49 54 53
49 55 426
49 56 390
49 57 155
49 58 400
49 59 477
49 60 22
49 61 212
49 62 359
49 63 12
49 64 474
49 65 120
49 66 243
49 67 306
49 68 113
49 69 290
49 70 107
49 71 205
49 72 463
49 73 125
49 74 30
49 75 358
50 1 10
50 2 402
50 3 169
50 4 283
50 5 73
50 6 396
50 7 446
50 8 446
50 9 256
50 10 359
50 11 228
50 12 210
50 13 238
50 14 387
50 15 88
50 16 185
50 17 408
50 18 233
50 19 368
50 20 359
50 21 417
50 22 477
50 23 26
50 24 315
50 25 194
50 26 468
50 27 123
50 28 363
50 29 23
50 30 61
50 31 54
50 32 176
50 33 71
50 34 103
50 35 230
50 36 105
50 37 426
50 38 453
50 39 234
50 40 178
50 41 254
50 42 152
50 43 393
50 44 43
50 45 416
50 46 413
50 47 103
50 48 460
50 49 131
50 51 411
50 52 347
50 53 361
50 54 371
50 55 72
50 56 340
50 57 420
50 58 451
50 59 453
50 60 381
50 61 121
50 62 106
50 63 387
50 64 89
50 65 19
50 66 438
50 67 302
50 68 408
50 69 447
50 70 40
50 71 428
50 72 45
50 73 444
50 74 54
50 75 320
51 1 189
51 2 440
51 3 136
51 4 171
51 5 256
51 6 297
51 7 348
51 8 96
51 9 463
51 10 430
51 11 356
51 12 24
51 13 107
51 14 127
51 15 73
51 16 221
51 17 24
51 18 246
51 19 18
51 20 252
51 21 148
51 22 353
51 23 289
51 24 431
51 25 161
51 26 157
51 27 152
51 28 282
51 29 246
51 30 150
51 31 52
51 32 361
51 33 62
51 34 48
51 35 23
51 36 19
51 37 366
51 38 157
51 39 178
51 40 171
51 41 354
51 42 103
51 43 176
51 44 442
51 45 243
51 46 93
51 47 276
51 48 52
51 49 62
51 50 269
51 52 234
51 53 165
51 54 472
51 55 67
51 56 416
51 57 46
51 58 57
51 59 88
51 60 372
51 61 34
51 62 19
51 63 222
51 64 235
51 65 123
51 66 129
51 67 165
51 68 204
51 69 73
51 70 162
51 71 149
51 72 264
51 73 436
51 74 118
51 75 121
52 1 335
52 2 109
52 3 217
52 4 414
52 5 30
52 6 169
52 7 15
52 8 410
52 9 406
52 10 93
52 11 367
52 12 371
52 13 38
52 14 103
52 15 393
52 16 74
52 17 441
52 18 43
52 19 41
52 20 297
52 21 116
52 22 329
52 23 429
52 24 219
52 25 301
52 26 108
52 27 135
52 28 408
52 29 389
52 30 240
52 31 385
52 32 252
52 33 462
52 34 457
52 35 223
52 36 438
52 37 127
52 38 45
52 39 225
52 40 156
52 41 305
52 42 142
52 43 201
52 44 399
52 45 144
52 46 85
52 47 76
52 48 184
52 49 443
52 50 259
52 51 465
52 53 149
52 54 353
52 55 137
52 56 125
52 57 157
52 58 372
52 59 91
52 60 18
52 61 145
52 62 367
52 63 420
52 64 322
52 65 433
52 66 197
52 67 202
52 68 151
52 69 15
52 70 216
52 71 463
52 72 420
52 73 290
52 74 53
52 75 337
53 1 17
53 2 218
53 3 413
53 4 145
53 5 178
53 6 141
53 7 12
53 8 120
53 9 468
53 10 24
53 11 52
53 12 423
53 13 194
53 14 76
53 15 354
53 16 159
53 17 347
53 18 190
53 19 378
53 20 175
53 21 123
53 22 30
53 23 268
53 24 33
53 25 100
53 26 72
53 27 265
53 28 6
53 29 277
53 30 77
53 31 72
53 32 32
53 33 473
53 34 225
53 35 339
53 36 257
53 37 435
53 38 122
53 39 190
53 40 456
53 41 262
53 42 142
53 43 162
53 44 59
53 45 435
53 46 231
53 47 238
53 48 52
53 49 423
53 50 358
53 51 137
53 52 211
53 54 64
53 55 332
53 56 181
53 57 351
53 58 473
53 59 265
53 60 288
53 61 159
53 62 314
53 63 449
53 64 231
53 65 190
53 66 153
53 67 173
53 68 177
53 69 297
53 70 428
53 71 356
53 72 383
53 73 14
53 74 330
53 75 106
54 1 95
54 2 312
54 3 416
54 4 226
54 5 298
54 6 166
54 7 283
54 8 265
54 9 138
54 10 159
54 11 308
54 12 469
54 13 95
54 14 162
54 15 189
54 16 88
54 17 42
54 18 220
54 19 85
54 20 380
54 21 386
54 22 123
54 23 425
54 24 336
54 25 176
54 26 266
54 27 233
54 28 427
54 29 458
54 30 118
54 31 365
54 32 26
54 33 352
54 34 211
54 35 119
54 36 307
54 37 123
54 38 290
54 39 338
54 40 472
54 41 409
54 42 150
54 43 266
54 44 362
54 45 342
54 46 476
54 47 451
54 48 130
54 49 280
54 50 89
54 51 186
54 52 29
54 53 30
54 55 69
54 56 320
54 57 110
54 58 456
54 59 420
54 60 337
54 61 444
54 62 139
54 63 174
54 64 407
54 65 243
54 66 112
54 67 418
54 68 289
54 69 159
54 70 81
54 71 398
54 72 338
54 73 408
54 74 231
54 75 26
55 1 373
55 2 422
55 3 372
55 4 227
55 5 200
55 6 25
55 7 382
55 8 177
55 9 436
55 10 177
55 11 40
55 12 203
55 13 121
55 14 423
55 15 240
55 16 31
55 17 135
55 18 137
55 19 439
55 20 313
55 21 45
55 22 430
55 23 130
55 24 445
55 25 232
55 26 318
55 27 147
55 28 464
55 29 412
55 30 444
55 31 148
55 32 322
55 33 93
55 34 479
55 35 73
55 36 357
55 37 263
55 38 351
55 39 433
55 40 196
55 41 477
55 42 141
55 43 343
55 44 272
55 45 300
55 46 447
55 47 169
55 48 208
55 49 392
55 50 371
55 51 182
55 52 337
55 53 79
55 54 30
55 56 147
55 57 66
55 58 221
55 59 285
55 60 155
55 61 415
55 62 238
55 63 425
55 64 25
55 65 25
55 66 414
55 67 413
55 68 122
55 69 330
55 70 253
55 71 263
55 72 92
55 73 97
55 74 255
55 75 233
56 1 373
56 2 123
56 3 397
56 4 364
56 5 186
56 6 156
56 7 129
56 8 183
56 9 340
56 10 38
56 11 148
56 12 123
56 13 117
56 14 41
56 15 103
56 16 140
56 17 204
56 18 453
56 19 22
56 20 145
56 21 24
56 22 177
56 23 368
56 24 464
56 25 259
56 26 396
56 27 247
56 28 215
56 29 141
56 30 230
56 31 479
56 32 414
56 33 63
56 34 476
56 35 397
56 36 205
56 37 282
56 38 400
56 39 117
56 40 87
56 41 370
56 42 176
56 43 474
56 44 275
56 45 223
56 46 187
56 47 222
56 48 244
56 49 347
56 50 410
56 51 220
56 52 371
56 53 23
56 54 292
56 55 460
56 57 330
56 58 382
56 59 100
56 60 444
56 61 37
56 62 169
56 63 219
56 64 129
56 65 300
56 66 133
56 67 383
56 68 193
56 69 101
56 70 119
56 71 113
56 72 155
56 73 229
56 74 405
56 75 174
57 1 465
57 2 340
57 3 230
57 4 93
57 5 313
57 6 165
57 7 46
57 8 453
57 9 47
57 10 308
57 11 291
57 12 458
57 13 264
57 14 452
57 15 213
57 16 108
57 17 195
57 18 83
57 19 268
57 20 52
57 21 46
57 22 9
57 23 248
57 24 178
57 25 67
57 26 146
57 27 463
57 28 187
57 29 351
57 30 103
57 31 336
57 32 361
57 33 477
57 34 448
57 35 255
57 36 191
57 37 96
57 38 187
57 39 297
57 40 222
57 41 306
57 42 161
57 43 285
57 44 15
57 45 386
57 46 66
57 47 308
57 48 406
57 49 479
57 50 454
57 51 84
57 52 10
57 53 438
57 54 265
57 55 198
57 56 30
57 58 52
57 59 215
57 60 141
57 61 88
57 62 445
57 63 378
57 64 295
57 65 25
57 66 74
57 67 324
57 68 339
57 69 205
57 70 156
57 71 88
57 72 428
57 73 312
57 74 130
57 75 451
58 1 445
58 2 98
58 3 417
58 4 202
58 5 110
58 6 319
58 7 49
58 8 9
58 9 304
58 10 342
58 11 363
58 12 300
58 13 81
58 14 245
58 15 173
58 16 27
58 17 302
58 18 136
58 19 183
58 20 264
58 21 383
58 22 342
58 23 164
58 24 191
58 25 119
58 26 38
58 27 310
58 28 407
58 29 198
58 30 153
58 31 434
58 32 363
58 33 440
58 34 185
58 35 349
58 36 141
58 37 267
58 38 340
58 39 406
58 40 374
58 41 218
58 42 198
58 43 239
58 44 115
58 45 384
58 46 201
58 47 74
58 48 158
58 49 247
58 50 324
58 51 90
58 52 447
58 53 144
58 54 182
58 55 314
58 56 346
58 57 136
58 59 352
58 60 306
58 61 384
58 62 107
58 63 366
58 64 248
58 65 458
58 66 100
58 67 273
58 68 21
58 69 324
58 70 301
58 71 53
58 72 366
58 73 389
58 74 132
58 75 319
59 1 363
59 2 475
59 3 226
59 4 270
59 5 275
59 6 45
59 7 386
59 8 181
59 9 134
59 10 290
59 11 457
59 12 78
59 13 99
59 14 122
59 15 158
59 16 445
59 17 437
59 18 466
59 19 28
59 20 16
59 21 371
59 22 400
59 23 294
59 24 90
59 25 455
59 26 131
59 27 436
59 28 140
59 29 36
59 30 474
59 31 175
59 32 267
59 33 42
59 34 478
59 35 289
59 36 63
59 37 335
59 38 248
59 39 165
59 40 392
59 41 80
59 42 222
59 43 454
59 44 465
59 45 4
59 46 223
59 47 421
59 48 290
59 49 354
59 50 365
59 51 322
59 52 246
59 53 105
59 54 327
59 55 105
59 56 297
59 57 9
59 58 265
59 60 170
59 61 129
59 62 418
59 63 100
59 64 398
59 65 73
59 66 331
59 67 220
59 68 182
59 69 213
59 70 52
59 71 384
59 72 106
59 73 269
59 74 317
59 75 375
60 1 377
60 2 12
60 3 51
60 4 54
60 5 184
60 6 442
60 7 275
60 8 337
60 9 289
60 10 418
60 11 246
60 12 468
60 13 422
60 14 244
60 15 467
60 16 353
60 17 11
60 18 399
60 19 72
60 20 321
60 21 43
60 22 204
60 23 109
60 24 352
60 25 437
60 26 30
60 27 206
60 28 447
60 29 426
60 30 112
60 31 161
60 32 140
60 33 53
60 34 132
60 35 435
60 36 167
60 37 266
60 38 310
60 39 282
60 40 137
60 41 282
60 42 218
60 43 124
60 44 432
60 45 242
60 46 54
60 47 220
60 48 235
60 49 413
60 50 25
60 51 276
60 52 381
60 53 171
60 54 132
60 55 19
60 56 289
60 57 57
60 58 49
60 59 396
60 61 392
60 62 20
60 63 146
60 64 259
60 65 324
60 66 123
60 67 453
60 68 108
60 69 39
60 70 237
60 71 218
60 72 448
60 73 135
60 74 366
60 75 257
61 1 26
61 2 76
61 3 104
61 4 52
61 5 35
61 6 171
61 7 456
61 8 239
61 9 445
61 10 389
61 11 420
61 12 373
61 13 309
61 14 404
61 15 154
61 16 299
61 17 449
61 18 139
61 19 114
61 20 151
61 21 372
61 22 302
61 23 76
61 24 233
61 25 150
61 26 125
61 27 462
61 28 40
61 29 84
61 30 228
61 31 145
61 32 196
61 33 136
61 34 163
61 35 429
61 36 464
61 37 268
61 38 10
61 39 165
61 40 124
61 41 327
61 42 370
61 43 127
61 44 442
61 45 222
61 46 366
61 47 437
61 48 229
61 49 385
61 50 322
61 51 248
61 52 338
61 53 451
61 54 79
61 55 379
61 56 1
61 57 272
61 58 249
61 59 386
61 60 276
61 62 366
61 63 3
61 64 440
61 65 53
61 66 336
61 67 143
61 68 49
61 69 314
61 70 15
61 71 94
61 72 385
61 73 64
61 74 215
61 75 257
62 1 319
62 2 287
62 3 95
62 4 155
62 5 307
62 6 305
62 7 253
62 8 208
62 9 421
62 10 148
62 11 434
62 12 112
62 13 216
62 14 121
62 15 349
62 16 73
62 17 76
62 18 215
62 19 14
62 20 153
62 21 343
62 22 79
62 23 42
62 24 272
62 25 286
62 26 92
62 27 469
62 28 301
62 29 479
62 30 424
62 31 137
62 32 61
62 33 478
62 34 60
62 35 404
62 36 282
62 37 471
62 38 427
62 39 27
62 40 299
62 41 152
62 42 418
62 43 227
62 44 165
62 45 73
62 46 271
62 47 461
62 48 129
62 49 260
62 50 251
62 51 333
62 52 451
62 53 169
62 54 79
62 55 120
62 56 313
62 57 55
62 58 194
62 59 22
62 60 106
62 61 8
62 63 320
62 64 478
62 65 336
62 66 455
62 67 116
62 68 227
62 69 459
62 70 305
62 71 278
62 72 282
62 73 74
62 74 20
62 75 349
63 1 66
63 2 406
63 3 88
63 4 118
63 5 142
63 6 53
63 7 162
63 8 400
63 9 386
63 10 34
63 11 249
63 12 346
63 13 374
63 14 419
63 15 213
63 16 126
63 17 417
63 18 312
63 19 323
63 20 259
63 21 224
63 22 31
63 23 306
63 24 338
63 25 462
63 26 189
63 27 124
63 28 362
63 29 295
63 30 364
63 31 71
63 32 84
63 33 301
63 34 77
63 35 314
63 36 217
63 37 106
63 38 371
63 39 298
63 40 447
63 41 187
63 42 332
63 43 373
63 44 471
63 45 67
63 46 149
63 47 471
63 48 345
63 49 451
63 50 55
63 51 97
63 52 331
63 53 322
63 54 52
63 55 247
63 56 437
63 57 335
63 58 418
63 59 67
63 60 60
63 61 124
63 62 205
63 64 238
63 65 312
63 66 339
63 67 230
63 68 62
63 69 323
63 70 159
63 71 87
63 72 294
63 73 235
63 74 404
63 75 188
64 1 419
64 2 293
64 3 182
64 4 440
64 5 52
64 6 308
64 7 388
64 8 40
64 9 474
64 10 297
64 11 397
64 12 27
64 13 208
64 14 369
64 15 110
64 16 273
64 17 22
64 18 292
64 19 328
64 20 336
64 21 414
64 22 105
64 23 54
64 24 395
64 25 377
64 26 259
64 27 153
64 28 160
64 29 89
64 30 308
64 31 273
64 32 349
64 33 233
64 34 155
64 35 472
64 36 265
64 37 31
64 38 398
64 39 163
64 40 87
64 41 291
64 42 98
64 43 432
64 44 452
64 45 284
64 46 351
64 47 442
64 48 440
64 49 192
64 50 328
64 51 461
64 52 143
64 53 417
64 54 250
64 55 331
64 56 172
64 57 209
64 58 34
64 59 240
64 60 249
64 61 100
64 62 361
64 63 314
64 65 334
64 66 340
64 67 346
64 68 62
64 69 403
64 70 319
64 71 300
64 72 399
64 73 250
64 74 232
64 75 63
65 1 342
65 2 242
65 3 14
65 4 77
65 5 146
65 6 103
65 7 391
65 8 112
65 9 325
65 10 172
65 11 97
65 12 38
65 13 249
65 14 315
65 15 329
65 16 469
65 17 271
65 18 312
65 19 219
65 20 71
65 21 363
65 22 248
65 23 147
65 24 67
65 25 283
65 26 259
65 27 219
65 28 400
65 29 216
65 30 302
65 31 65
65 32 457
65 33 35
65 34 369
65 35 413
65 36 33
65 37 176
65 38 179
65 39 378
65 40 452
65 41 288
65 42 230
65 43 351
65 44 59
65 45 341
65 46 109
65 47 94
65 48 422
65 49 27
65 50 213
65 51 450
65 52 361
65 53 428
65 54 416
65 55 448
65 56 437
65 57 167
65 58 118
65 59 302
65 60 287
65 61 203
65 62 61
65 63 159
65 64 475
65 66 411
65 67 257
65 68 182
65 69 242
65 70 83
65 71 467
65 72 55
65 73 394
65 74 19
65 75 473
66 1 362
66 2 14
66 3 60
66 4 190
66 5 286
66 6 28
66 7 305
66 8 362
66 9 166
66 10 27
66 11 290
66 12 224
66 13 330
66 14 202
66 15 329
66 16 70
66 17 449
66 18 215
66 19 173
66 20 115
66 21 261
66 22 387
66 23 224
66 24 420
66 25 418
66 26 175
66 27 444
66 28 127
66 29 39
66 30 28
66 31 424
66 32 165
66 33 230
66 34 474
66 35 301
66 36 448
66 37 94
66 38 268
66 39 423
66 40 247
66 41 82
66 42 115
66 43 434
66 44 462
66 45 265
66 46 110
66 47 276
66 48 169
66 49 267
66 50 234
66 51 358
66 52 179
66 53 101
66 54 256
66 55 307
66 56 34
66 57 98
66 58 276
66 59 118
66 60 266
66 61 128
66 62 330
66 63 381
66 64 86
66 65 144
66 67 260
66 68 311
66 69 475
66 70 57
66 71 211
66 72 440
66 73 6
66 74 203
66 75 113
67 1 326
67 2 346
67 3 70
67 4 114
67 5 18
67 6 173
67 7 235
67 8 320
67 9 462
67 10 128
67 11 342
67 12 25
67 13 67
67 14 52
67 15 191
67 16 381
67 17 274
67 18 471
67 19 160
67 20 86
67 21 140
67 22 468
67 23 32
67 24 420
67 25 437
67 26 34
67 27 23
67 28 411
67 29 192
67 30 330
67 31 59
67 32 348
67 33 298
67 34 419
67 35 24
67 36 171
67 37 456
67 38 112
67 39 15
67 40 371
67 41 445
67 42 394
67 43 94
67 44 104
67 45 445
67 46 175
67 47 52
67 48 374
67 49 158
67 50 407
67 51 227
67 52 49
67 53 99
67 54 134
67 55 40
67 56 184
67 57 127
67 58 129
67 59 440
67 60 435
67 61 468
67 62 100
67 63 157
67 64 59
67 65 458
67 66 272
67 68 110
67 69 477
67 70 243
67 71 332
67 72 59
67 73 466
67 74 296
67 75 319
68 1 153
68 2 292
68 3 61
68 4 233
68 5 248
68 6 125
68 7 472
68 8 171
68 9 258
68 10 295
68 11 224
68 12 157
68 13 57
68 14 463
68 15 58
68 16 117
68 17 13
68 18 366
68 19 57
68 20 355
68 21 110
68 22 5
68 23 250
68 24 242
68 25 277
68 26 255
68 27 188
68 28 458
68 29 55
68 30 445
68 31 91
68 32 342
68 33 71
68 34 404
68 35 78
68 36 220
68 37 210
68 38 353
68 39 161
68 40 127
68 41 469
68 42 26
68 43 20
68 44 439
68 45 60
68 46 403
68 47 402
68 48 451
68 49 270
68 50 225
68 51 399
68 52 4
68 53 206
68 54 304
68 55 141
68 56 163
68 57 64
68 58 329
68 59 330
68 60 99
68 61 13
68 62 391
68 63 37
68 64 301
68 65 328
68 66 3
68 67 84
68 69 296
68 70 45
68 71 267
68 72 224
68 73 452
68 74 348
68 75 363
69 1 38
69 2 88
69 3 63
69 4 139
69 5 49
69 6 346
69 7 414
69 8 242
69 9 29
69 10 230
69 11 471
69 12 108
69 13 293
69 14 117
69 15 409
69 16 18
69 17 115
69 18 231
69 19 410
69 20 165
69 21 156
69 22 53
69 23 295
69 24 303
69 25 279
69 26 212
69 27 239
69 28 464
69 29 48
69 30 41
69 31 311
69 32 379
69 33 266
69 34 124
69 35 361
69 36 303
69 37 362
69 38 271
69 39 96
69 40 472
69 41 333
69 42 62
69 43 7
69 44 280
69 45 29
69 46 290
69 47 223
69 48 1
69 49 41
69 50 5
69 51 369
69 52 310
69 53 146
69 54 272
69 55 41
69 56 395
69 57 427
69 58 473
69 59 384
69 60 15
69 61 349
69 62 223
69 63 114
69 64 200
69 65 106
69 66 358
69 67 387
69 68 246
69 70 453
69 71 304
69 72 404
69 73 15
69 74 210
69 75 161
70 1 143
70 2 113
70 3 63
70 4 275
70 5 161
70 6 85
70 7 218
70 8 170
70 9 237
70 10 170
70 11 171
70 12 201
70 13 288
70 14 220
70 15 123
70 16 86
70 17 249
70 18 360
70 19 400
70 20 286
70 21 203
70 22 121
70 23 165
70 24 259
70 25 469
70 26 5
70 27 196
70 28 149
70 29 228
70 30 12
70 31 472
70 32 350
70 33 210
70 34 363
70 35 215
70 36 372
70 37 453
70 38 42
70 39 83
70 40 365
70 41 307
70 42 136
70 43 372
70 44 431
70 45 389
70 46 56
70 47 358
70 48 133
70 49 479
70 50 39
70 51 131
70 52 211
70 53 323
70 54 395
70 55 241
70 56 335
70 57 359
70 58 217
70 59 173
70 60 336
70 61 58
70 62 411
70 63 123
70 64 139
70 65 36
70 66 77
70 67 21
70 68 11
70 69 50
70 71 169
70 72 319
70 73 399
70 74 135
70 75 228
71 1 60
71 2 102
71 3 200
71 4 179
71 5 410
71 6 201
71 7 418
71 8 100
71 9 470
71 10 25
71 11 125
71 12 320
71 13 142
71 14 251
71 15 25
71 16 410
71 17 36
71 18 228
71 19 132
71 20 30
71 21 224
71 22 229
71 23 162
71 24 124
71 25 458
71 26 330
71 27 227
71 28 386
71 29 35
71 30 167
71 31 243
71 32 352
71 33 108
71 34 63
71 35 33
71 36 44
71 37 316
71 38 311
71 39 407
71 40 278
71 41 211
71 42 14
71 43 240
71 44 56
71 45 383
71 46 467
71 47 92
71 48 116
71 49 322
71 50 210
71 51 161
71 52 438
71 53 264
71 54 364
71 55 266
71 56 128
71 57 16
71 58 269
71 59 314
71 60 92
71 61 461
71 62 450
71 63 427
71 64 131
71 65 44
71 66 14
71 67 217
71 68 176
71 69 435
71 70 309
71 72 414
71 73 345
71 74 339
71 75 360
72 1 57
72 2 319
72 3 216
72 4 346
72 5 33
72 6 260
72 7 290
72 8 58
72 9 12
72 10 108
72 11 67
72 12 219
72 13 177
72 14 245
72 15 473
72 16 190
72 17 432
72 18 324
72 19 216
72 20 340
72 21 286
72 22 467
72 23 164
72 24 179
72 25 436
72 26 336
72 27 121
72 28 394
72 29 292
72 30 419
72 31 149
72 32 133
72 33 145
72 34 171
72 35 291
72 36 383
72 37 111
72 38 148
72 39 475
72 40 18
72 41 362
72 42 38
72 43 467
72 44 245
72 45 255
72 46 349
72 47 281
72 48 344
72 49 395
72 50 139
72 51 163
72 52 360
72 53 118
72 54 8
72 55 251
72 56 399
72 57 475
72 58 188
72 59 421
72 60 333
72 61 408
72 62 140
72 63 16
72 64 231
72 65 426
72 66 146
72 67 107
72 68 61
72 69 33
72 70 13
72 71 139
72 73 22
72 74 381
72 75 243
73 1 366
73 2 215
73 3 451
73 4 91
73 5 246
73 6 289
73 7 392
73 8 308
73 9 312
73 10 56
73 11 215
73 12 451
73 13 189
73 14 307
73 15 72
73 16 111
73 17 376
73 18 18
73 19 453
73 20 367
73 21 401
73 22 266
73 23 55
73 24 411
73 25 392
73 26 284
73 27 178
73 28 451
73 29 98
73 30 71
73 31 141
73 32 155
73 33 58
73 34 324
73 35 410
73 36 45
73 37 155
73 38 263
73 39 76
73 40 166
73 41 424
73 42 455
73 43 376
73 44 104
73 45 254
73 46 403
73 47 347
73 48 218
73 49 403
73 50 315
73 51 361
73 52 123
73 53 222
73 54 78
73 55 164
73 56 105
73 57 471
73 58 262
73 59 374
73 60 461
73 61 458
73 62 412
73 63 357
73 64 184
73 65 140
73 66 218
73 67 273
73 68 97
73 69 3
73 70 412
73 71 340
73 72 415
73 74 61
73 75 43
74 1 304
74 2 109
74 3 398
74 4 288
74 5 207
74 6 387
74 7 253
74 8 231
74 9 207
74 10 408
74 11 230
74 12 134
74 13 31
74 14 185
74 15 401
74 16 99
74 17 221
74 18 260
74 19 258
74 20 297
74 21 395
74 22 147
74 23 56
74 24 110
74 25 187
74 26 85
74 27 387
74 28 202
74 29 45
74 30 159
74 31 129
74 32 196
74 33 391
74 34 112
74 35 363
74 36 176
74 37 42
74 38 327
74 39 348
74 40 286
74 41 361
74 42 195
74 43 367
74 44 230
74 45 200
74 46 3
74 47 257
74 48 467
74 49 224
74 50 274
74 51 30
74 52 194
74 53 270
74 54 68
74 55 262
74 56 321
74 57 429
74 58 127
74 59 282
74 60 212
74 61 475
74 62 213
74 63 257
74 64 115
74 65 158
74 66 436
74 67 162
74 68 199
74 69 21
74 70 358
74 71 95
74 72 330
74 73 458
74 75 273
75 1 286
75 2 237
75 3 27
75 4 321
75 5 325
75 6 55
75 7 175
75 8 105
75 9 198
75 10 1
75 11 456
75 12 338
75 13 320
75 14 439
75 15 36
75 16 307
75 17 339
75 18 2
75 19 146
75 20 67
75 21 400
75 22 361
75 23 12
75 24 181
75 25 218
75 26 434
75 27 69
75 28 140
75 29 478
75 30 457
75 31 38
75 32 42
75 33 167
75 34 424
75 35 331
75 36 285
75 37 117
75 38 252
75 39 64
75 40 154
75 41 280
75 42 243
75 43 335
75 44 208
75 45 237
75 46 135
75 47 163
75 48 105
75 49 360
75 50 154
75 51 157
75 52 224
75 53 180
75 54 327
75 55 128
75 56 194
75 57 88
75 58 64
75 59 173
75 60 51
75 61 268
75 62 46
75 63 25
75 64 115
75 65 289
75 66 143
75 67 243
75 68 21
75 69 68
75 70 38
75 71 278
75 72 312
75 73 268
75 74 7
19 31 139
18 63 42
70 39 94
10 20 63
19 26 11
7 70 107
65 69 187
67 50 142
58 38 292
22 68 263
27 11 99
38 5 101
20 51 5
31 61 166
50 56 123
38 62 424
11 28 13
55 19 69
69 53 271
1 75 443
62 26 115
26 40 426
29 59 357
71 14 372
58 40 224
46 3 397
6 65 380
11 44 165
42 15 443
58 15 352
43 53 339
15 3 63
66 32 398
18 4 478
7 61 368
51 9 302
59 66 36
71 1 461
26 42 280
34 1 137
41 43 294
27 34 244
52 24 215
37 19 308
36 25 211
51 53 174
45 13 366
51 8 96
54 33 9
20 67 376
29 9 200
38 36 428
4 64 398
24 26 116
25 38 306
63 65 103
57 34 385
70 61 444
31 39 221
62 35 32
70 40 101
45 55 158
53 58 138
61 7 88
13 8 102
41 70 196
46 28 416
63 22 446
12 29 12
68 67 353
18 61 168
51 30 102
44 59 399
54 21 187
15 10 126
12 50 427
51 72 304
47 59 347
6 70 300
3 40 268
11 57 403
59 32 169
63 52 122
50 30 405
42 21 429
71 33 246
18 8 437
68 31 301
17 36 152
18 38 213
38 26 164
67 61 202
26 49 5
21 23 192
36 41 242
37 36 131
13 54 183
38 23 431
69 39 136
48 33 16
