10 34 40
1 4 58
1 7 35
1 10 301
2 1 65
2 3 302
2 5 362
2 8 184
3 1 427
3 6 201
3 7 371
4 3 299
4 7 418
4 8 199
5 4 404
6 1 307
6 4 11
6 5 186
6 10 198
7 1 378
7 2 18
7 3 227
7 5 228
7 6 39
7 9 163
8 3 108
8 5 80
8 9 461
9 5 167
9 8 7
9 10 46
10 1 39
10 3 169
10 4 352
10 5 461
2 8 177
10 8 87
7 8 33
7 6 106
4 10 464
9 2 452
10 4 419
1 9 28
6 1 69
7 4 218
6 7 171
2 6 59
9 5 68
2 1 73
1 5 244
7 4 411
8 6 99
7 3 71
8 9 155
8 5 121
9 6 29
8 6 193
2 9 9
7 5 283
7 1 184
10 8 317
7 5 63
1 4 410
10 3 5
5 1 65
10 5 346
10 3 222
5 8 147
6 5 188
2 3 468
10 4 226
9 1 382
2 1 405
9 6 360
7 5 306
