50 109 100
1 8 447
1 17 442
1 19 73
1 28 247
1 36 93
1 44 169
2 5 362
2 12 162
2 48 184
3 50 209
4 20 290
5 44 363
6 5 478
6 26 162
6 30 317
7 2 376
7 24 479
8 25 80
9 20 46
9 27 468
10 24 34
11 14 462
12 11 241
12 23 382
13 1 36
14 39 438
15 29 277
15 38 459
15 48 235
16 7 261
16 10 47
16 21 110
16 44 11
17 33 268
18 35 289
18 43 108
18 48 42
19 9 9
19 18 7
19 40 413
19 41 228
20 25 385
20 33 14
21 34 401
21 47 157
22 13 302
22 20 439
22 33 256
23 16 464
23 37 371
24 18 199
24 19 181
24 32 242
25 1 229
25 22 294
25 38 222
26 1 53
27 37 267
27 41 378
27 42 322
28 18 426
28 37 154
29 6 413
29 26 360
29 30 79
29 39 453
29 44 359
30 3 169
31 34 163
32 26 51
32 50 416
33 2 415
33 11 384
33 31 427
33 46 201
34 37 418
35 15 185
35 27 381
35 29 426
35 41 353
36 44 140
37 42 230
37 43 227
37 45 160
38 1 8
38 49 323
39 35 408
40 5 60
40 45 381
40 46 171
41 5 246
41 10 301
41 30 358
41 50 334
42 1 85
43 30 141
44 1 232
44 7 42
44 42 309
45 41 97
46 27 227
46 30 292
47 2 471
47 25 336
47 30 265
48 4 350
49 1 386
50 23 303
50 44 222
23 10 249
37 11 102
38 7 261
14 23 121
6 20 439
22 5 259
12 41 467
6 29 407
1 35 178
21 25 22
20 47 1
31 35 412
26 36 422
50 41 122
49 14 458
41 25 350
10 32 339
37 33 115
45 5 59
20 24 176
1 6 100
43 30 124
44 6 101
18 5 373
12 5 126
10 45 202
3 7 464
22 43 468
29 40 232
37 9 313
49 4 373
34 49 90
5 18 66
19 30 260
47 39 197
50 41 343
34 14 17
4 43 6
26 3 76
26 39 357
30 37 300
15 22 60
5 29 187
1 49 196
3 45 417
50 44 239
3 29 3
1 32 47
39 10 431
36 35 19
43 16 447
5 30 49
15 36 109
44 36 297
1 39 131
50 40 167
39 43 35
44 45 429
41 33 140
42 20 386
33 12 42
11 18 183
12 32 69
41 26 116
18 28 234
41 27 364
8 15 368
6 9 392
37 1 186
27 45 436
3 29 409
47 41 407
21 2 360
32 44 457
28 13 286
15 6 392
41 13 279
11 20 429
25 6 281
21 34 267
21 35 56
18 7 100
50 38 165
10 18 198
46 34 73
9 24 437
40 34 367
29 8 34
22 30 60
10 19 478
26 39 114
34 8 241
44 9 190
50 18 79
20 14 142
45 24 7
32 13 42
41 43 31
8 16 161
8 25 131
