100 239 1000
1 12 346
1 13 260
1 16 399
1 17 127
1 24 281
1 60 314
1 81 326
1 86 294
2 1 17
2 62 162
2 98 184
3 32 12
3 95 174
4 1 283
4 20 290
4 34 60
5 14 312
5 40 190
5 44 363
5 80 457
6 22 479
6 26 162
6 60 422
7 2 185
7 85 141
8 46 93
8 79 398
9 54 78
9 77 468
10 91 1
11 43 364
12 11 241
12 23 382
12 28 126
13 49 401
13 87 61
13 91 339
14 1 59
14 39 438
14 99 235
15 72 248
15 88 459
16 71 110
16 94 11
17 53 351
17 83 268
18 93 108
18 98 42
19 6 349
19 46 470
20 25 385
20 100 317
21 1 398
22 20 439
22 58 145
22 61 80
22 63 302
23 66 464
23 95 478
24 19 181
24 62 18
24 68 199
25 1 229
25 23 391
25 38 222
25 58 94
25 91 232
26 1 288
27 33 376
27 41 378
27 67 218
27 87 267
27 92 322
28 5 421
28 37 154
28 68 426
29 28 145
29 30 79
29 44 359
29 76 360
29 89 453
30 1 182
30 3 169
30 44 48
30 47 312
30 91 381
31 1 311
31 34 163
32 22 439
33 52 415
33 56 474
33 61 384
34 1 168
35 65 185
35 79 426
35 91 137
36 94 140
37 5 68
37 45 160
37 61 287
38 90 447
38 99 323
39 26 107
40 3 209
40 55 60
40 70 341
40 93 135
40 96 171
41 5 246
41 30 358
41 42 124
41 43 470
41 50 334
41 55 307
41 68 378
41 91 256
42 21 98
43 30 141
43 61 2
43 69 176
44 51 232
44 92 309
45 3 128
45 91 97
46 1 356
47 27 203
47 30 265
47 52 471
48 32 236
48 39 171
48 71 237
49 91 5
50 45 240
50 65 308
51 49 431
51 69 73
51 94 169
52 36 5
52 55 362
53 97 314
53 100 209
54 1 157
55 27 142
56 5 478
56 61 282
56 80 317
57 2 376
57 18 285
57 74 479
58 25 80
58 28 124
58 45 264
59 70 46
59 99 69
60 10 137
60 74 34
61 50 65
61 64 462
62 1 433
63 1 36
64 98 75
65 29 277
65 98 235
66 7 261
66 60 47
67 71 460
68 35 289
68 47 5
68 89 241
69 6 391
69 9 9
69 40 413
69 41 228
69 68 7
69 91 349
70 83 14
71 63 215
71 84 401
71 97 157
71 100 210
72 33 256
72 50 285
73 22 91
73 37 371
73 51 161
74 32 242
74 59 207
74 77 207
75 22 294
75 34 108
76 1 380
77 43 447
78 1 74
79 6 413
80 11 357
80 19 8
80 78 464
80 85 426
81 19 22
81 32 185
82 20 192
82 76 51
82 94 142
82 100 416
83 31 427
83 46 201
83 91 100
84 8 352
84 87 418
85 59 5
85 93 279
86 23 232
87 15 299
87 42 230
87 93 227
88 89 91
89 58 323
89 85 408
89 98 440
90 45 381
90 73 147
90 75 348
91 4 5
91 60 301
92 48 208
92 58 417
93 87 80
94 57 42
95 1 464
96 30 292
96 44 167
97 5 33
97 25 336
97 68 222
97 82 121
98 54 350
99 26 380
100 44 222
100 73 303
94 87 333
44 75 134
14 80 137
63 76 368
20 11 332
95 18 26
36 38 411
54 44 13
29 26 331
11 19 97
37 64 335
91 59 210
5 72 21
34 86 469
74 5 211
6 51 348
4 86 446
96 40 229
21 68 386
64 78 36
82 66 360
37 56 90
19 12 102
33 97 379
22 71 104
73 28 234
41 84 152
99 31 263
48 51 270
74 15 139
23 48 44
83 36 192
5 55 363
99 87 440
79 60 182
63 84 401
49 24 164
73 23 234
36 22 17
66 48 451
77 70 418
2 4 253
34 8 39
29 7 277
21 85 348
35 99 111
77 99 395
53 72 429
60 7 90
17 25 469
40 1 418
10 54 41
15 39 389
27 68 347
24 88 71
33 23 241
76 51 259
91 55 150
32 14 177
95 82 1
4 21 113
83 82 207
16 97 345
5 23 412
52 98 112
35 82 106
16 58 188
96 100 42
98 84 256
55 78 109
88 33 182
22 67 283
61 83 411
86 87 125
31 91 183
15 77 196
21 93 405
29 40 245
91 37 240
19 44 257
29 83 381
11 56 328
26 16 10
38 54 168
23 84 190
58 98 147
27 70 151
52 50 110
29 40 398
89 11 233
78 91 96
100 53 451
88 78 419
58 67 472
18 42 415
69 99 104
96 77 125
67 29 314
29 9 233
79 98 235
73 75 205
1 26 197
84 13 367
83 22 293
35 40 454
22 60 425
58 55 401
63 73 181
17 53 10
63 83 479
18 55 53
16 7 171
65 91 103
92 73 437
38 60 28
72 81 27
57 91 101
71 53 145
12 70 397
62 84 391
13 1 266
39 68 84
90 33 74
5 76 399
42 13 218
70 37 170
57 45 360
50 15 305
15 27 446
84 40 409
36 53 301
94 91 329
10 32 433
65 36 148
96 78 473
34 99 69
69 57 160
34 24 406
72 59 77
41 46 261
62 91 403
51 1 194
76 65 442
25 60 399
90 45 189
39 52 96
84 20 93
44 5 196
82 76 66
12 68 352
93 30 102
69 32 362
75 8 118
17 84 377
88 73 13
58 63 285
34 98 336
19 42 473
27 75 180
94 86 348
6 31 189
60 99 160
63 25 439
81 42 342
11 81 86
84 90 220
9 24 458
58 94 351
11 21 305
91 14 271
39 71 381
68 30 431
81 44 135
100 25 288
55 87 329
33 70 190
74 31 353
64 88 399
95 50 299
52 40 344
43 31 406
16 50 235
87 82 291
35 34 467
23 88 53
44 20 22
55 45 404
40 60 223
19 54 432
70 6 124
34 100 254
20 16 275
88 54 349
51 88 82
38 63 169
11 6 440
5 12 157
30 4 256
93 22 2
6 44 179
62 29 98
48 1 365
83 88 99
52 90 266
54 27 68
95 37 186
8 93 457
65 22 20
81 67 234
55 24 437
34 85 237
13 32 297
10 66 116
9 70 465
96 23 371
96 70 239
2 77 92
72 41 205
44 73 451
90 28 46
79 13 330
97 25 213
14 87 99
71 95 208
16 42 142
40 38 423
99 91 179
3 14 271
29 58 124
72 47 443
39 26 95
41 22 12
27 35 78
26 57 392
46 73 6
40 12 203
4 62 305
43 17 419
75 45 436
31 68 334
14 58 199
61 51 12
33 77 199
91 54 395
96 99 107
42 38 410
77 41 104
2 84 240
93 10 416
41 40 123
36 5 113
7 65 363
52 50 351
31 40 304
66 87 302
26 80 231
48 8 164
32 62 279
32 54 368
28 95 299
44 82 163
69 88 279
44 39 308
95 21 200
99 87 218
53 64 18
96 11 25
80 43 66
99 26 432
79 54 246
98 49 67
73 17 446
13 60 437
1 54 237
33 4 115
52 8 178
50 55 101
7 35 243
26 85 108
98 64 113
16 61 381
15 86 417
1 98 328
30 50 113
80 35 76
15 86 135
66 87 170
27 93 216
30 70 72
10 67 235
96 34 268
77 48 333
27 1 102
87 30 363
1 9 357
17 76 302
45 41 440
27 19 445
95 100 254
47 9 173
63 4 446
43 33 54
8 11 274
70 97 455
85 97 4
83 66 91
17 62 63
38 88 21
3 82 80
89 80 220
42 94 204
29 36 28
63 43 110
97 64 426
12 1 355
88 35 452
91 51 373
34 40 160
95 94 253
55 83 244
76 24 18
12 66 368
82 14 163
100 78 295
15 65 289
47 8 192
92 41 91
24 88 177
37 94 479
82 21 434
97 35 123
65 68 57
1 68 394
36 34 50
58 33 429
30 24 410
93 48 109
50 36 342
41 69 243
56 40 366
26 37 133
61 53 260
58 5 87
84 41 321
27 98 325
28 79 248
70 71 347
99 21 43
22 61 283
17 68 383
83 93 151
36 54 83
9 63 88
96 99 460
69 77 49
74 4 7
55 74 297
82 24 9
97 45 102
81 13 49
56 48 214
67 35 239
82 43 53
2 39 51
14 59 379
23 85 155
62 91 140
72 24 443
1 21 320
43 53 12
5 8 239
59 26 174
18 59 76
91 61 386
15 74 337
66 49 381
21 10 383
1 33 466
5 34 418
57 28 170
69 32 329
29 42 86
75 59 5
11 2 45
90 68 410
27 33 318
100 6 0
63 58 232
49 62 417
8 70 177
70 39 168
40 19 350
86 93 0
43 55 133
8 44 320
51 22 205
89 21 70
41 35 407
26 84 221
95 43 310
92 64 80
21 55 378
43 93 290
23 35 245
9 95 20
9 45 82
46 85 202
88 26 157
36 3 412
49 97 426
31 41 369
52 13 316
90 55 128
73 29 162
58 89 336
38 98 100
40 95 125
15 83 282
24 70 196
16 18 284
54 100 244
55 51 116
11 93 122
59 65 263
42 22 191
70 11 100
91 3 195
48 17 289
82 40 438
18 7 255
2 12 274
79 66 97
67 77 229
62 35 353
37 28 106
100 98 116
61 40 210
68 87 366
9 68 357
67 37 115
94 38 66
20 68 452
97 35 20
18 96 114
51 32 162
9 31 371
26 43 10
48 62 36
35 70 475
64 36 211
52 81 360
98 1 208
62 97 94
2 15 269
29 17 132
83 26 2
34 3 77
24 50 70
52 36 400
47 100 287
30 3 468
50 100 128
90 14 196
64 67 70
85 95 199
37 77 464
72 10 118
1 85 459
91 36 415
51 82 86
51 63 68
79 65 299
59 54 144
35 70 231
78 6 417
37 43 34
73 66 155
11 66 312
50 8 187
77 59 1
3 61 443
83 39 307
15 97 153
59 31 74
70 8 339
28 96 121
14 68 478
61 30 175
93 32 243
13 8 473
14 63 193
29 97 351
57 11 339
42 70 1
96 91 369
55 70 296
9 83 24
27 96 373
15 88 364
58 52 284
11 65 218
24 94 234
27 2 25
26 95 86
7 90 296
48 96 466
85 4 20
41 83 75
74 49 335
91 6 26
67 68 463
5 91 168
91 69 281
36 94 475
2 52 344
11 52 451
89 36 87
49 76 81
57 1 129
52 43 474
50 61 21
73 56 51
34 43 136
41 97 179
37 59 70
29 47 457
76 95 404
57 51 285
86 54 79
72 56 200
25 20 256
68 45 3
31 30 426
87 71 394
46 59 332
9 87 98
6 14 64
31 22 307
8 59 200
79 30 347
59 54 379
8 73 335
11 3 144
9 41 26
3 87 325
7 47 403
5 52 477
2 34 370
49 93 469
1 72 30
9 82 36
88 89 408
63 52 463
19 60 463
46 15 461
83 73 47
58 30 31
95 31 464
58 79 417
27 79 320
29 87 21
85 26 2
66 40 393
49 59 404
24 56 430
86 90 323
45 47 52
56 94 162
1 51 0
90 29 470
50 57 257
43 42 314
25 59 274
10 59 24
55 82 199
17 19 260
100 64 386
64 19 319
6 71 301
78 12 449
29 13 186
18 56 379
84 80 349
38 90 207
54 96 160
25 12 319
85 12 474
44 27 304
43 33 147
97 62 418
26 42 351
64 11 446
36 84 178
83 38 133
16 14 137
15 99 160
81 42 126
65 36 198
24 32 472
43 10 105
26 25 316
64 72 202
81 7 165
92 90 454
45 57 308
62 71 338
42 3 99
49 19 6
39 43 10
43 85 79
89 62 15
97 25 326
99 57 273
36 48 414
63 45 430
3 58 32
41 52 46
72 100 424
40 85 222
51 73 283
87 69 119
93 19 436
58 54 195
64 16 139
26 70 277
96 33 171
1 23 380
47 14 396
30 65 228
25 51 288
45 95 298
73 5 72
48 68 159
20 94 389
49 55 10
29 51 435
60 51 229
32 49 362
89 78 306
69 55 428
70 99 223
88 71 187
12 70 126
4 41 471
65 89 166
87 17 216
42 28 438
23 60 226
66 100 284
24 68 158
33 89 448
88 77 150
95 40 291
73 43 52
45 7 60
23 94 349
99 87 128
77 10 387
3 27 178
59 50 338
69 82 66
29 21 14
59 15 254
63 40 336
55 36 395
35 58 440
36 8 426
65 84 455
4 38 153
43 49 83
1 69 416
47 50 417
22 60 143
88 22 202
44 76 457
11 63 466
71 98 93
18 62 128
25 18 446
59 60 466
94 60 346
10 58 55
47 31 95
3 18 276
97 14 172
75 24 66
61 95 83
7 64 97
35 40 14
53 50 13
19 43 304
6 5 473
93 3 184
88 5 41
57 2 126
49 28 130
55 40 236
10 46 391
27 81 442
13 33 192
58 4 426
62 61 250
28 53 433
72 41 157
85 49 330
12 49 97
14 55 277
62 64 354
25 43 234
27 55 459
79 65 182
26 78 102
28 5 274
81 76 186
91 61 114
1 24 102
91 89 216
20 50 412
94 26 434
49 52 40
88 83 204
30 60 142
84 87 326
38 68 334
37 10 206
31 10 69
26 52 277
74 71 458
86 65 43
40 65 306
53 4 128
77 33 287
31 68 426
38 5 273
72 93 434
18 76 55
39 1 67
48 74 137
58 60 13
93 51 57
79 3 120
48 32 384
27 62 471
93 99 48
78 22 260
72 91 7
80 81 127
87 80 453
64 37 84
10 29 414
67 60 269
28 59 460
72 85 393
36 30 44
4 59 225
16 83 408
4 62 308
43 48 300
56 63 136
32 72 437
59 39 196
88 18 374
100 41 170
73 28 11
97 83 170
95 99 472
83 54 13
3 48 172
55 56 254
92 87 18
61 45 128
89 84 225
23 35 437
45 8 405
97 56 47
7 50 457
51 84 202
4 39 370
56 93 325
22 36 151
12 96 8
40 84 163
37 58 118
27 3 265
92 51 40
91 9 22
89 59 137
91 62 215
41 69 300
98 42 175
42 54 23
30 45 38
53 34 116
11 60 170
28 51 212
1 41 60
75 81 58
32 72 219
80 64 459
20 62 72
47 55 37
70 84 2
29 88 415
97 51 274
67 30 336
39 30 296
19 56 229
9 88 240
8 19 315
79 38 428
91 36 122
9 6 237
23 86 457
70 82 67
24 100 36
80 90 278
28 8 333
57 16 212
9 75 130
77 5 259
57 47 295
40 7 132
9 29 417
66 98 50
62 4 258
32 84 17
57 92 104
70 53 130
52 29 426
24 85 232
31 76 419
95 85 379
92 50 49
74 75 181
3 36 377
73 67 100
2 75 411
46 44 335
68 48 443
94 23 300
18 5 27
97 99 471
9 90 393
18 63 467
51 17 474
88 41 212
60 42 366
24 39 62
39 6 389
83 51 263
15 68 107
22 17 405
66 25 6
59 42 400
26 92 308
80 32 468
52 91 289
98 14 99
92 53 156
33 87 406
96 1 345
15 74 41
80 39 97
38 97 338
58 74 82
46 5 313
26 8 395
47 6 389
6 49 373
74 82 439
40 77 151
78 92 144
31 23 155
9 61 351
27 70 337
41 16 361
34 93 29
70 40 186
71 97 414
24 71 15
15 62 84
6 39 375
22 70 429
77 78 29
81 56 279
58 97 46
39 82 278
80 3 49
26 25 66
73 48 356
48 62 237
52 19 56
99 41 77
69 17 46
50 97 301
49 6 189
67 97 151
78 76 325
27 54 270
73 26 229
89 73 163
19 77 221
87 27 421
24 95 310
90 97 238
63 97 64
33 64 20
36 41 7
93 19 340
23 44 345
5 84 390
48 2 78
9 88 264
33 52 187
3 67 103
27 51 438
99 38 30
99 30 369
99 5 432
77 9 447
79 56 429
9 64 176
65 78 471
16 10 174
15 13 420
11 91 310
69 42 347
72 40 249
41 90 413
5 18 333
52 48 428
53 56 183
42 73 21
93 40 122
47 55 246
20 17 329
90 85 390
50 56 181
91 48 42
84 4 192
89 8 411
97 12 299
72 53 471
25 97 130
88 44 296
66 63 112
35 4 369
97 5 136
98 95 136
93 30 319
57 18 398
68 66 322
87 38 394
78 62 351
9 1 366
97 67 380
50 1 95
39 98 340
35 47 146
31 91 56
83 47 145
93 15 11
15 53 60
42 31 313
65 91 414
31 87 352
63 88 232
98 26 61
90 61 20
77 43 150
93 25 389
30 70 315
81 84 227
21 25 469
75 89 339
81 71 358
53 33 285
77 83 11
99 72 23
71 48 457
33 92 194
42 22 463
17 54 18
97 27 343
6 53 443
58 33 206
96 37 138
21 13 432
24 63 244
39 33 423
49 66 67
83 59 408
38 28 113
76 24 459
91 29 191
47 86 75
73 33 111
83 6 276
76 29 278
40 20 363
