25 101 100
1 19 73
2 5 362
2 12 267
2 14 103
2 16 378
2 17 322
2 22 465
2 23 184
3 7 351
3 12 154
3 25 209
4 5 79
4 17 90
4 19 359
5 3 169
5 13 382
5 14 220
5 19 363
5 24 170
6 1 162
6 9 163
6 12 35
6 15 419
6 21 206
7 16 137
7 18 40
7 23 440
7 24 479
7 25 416
8 5 462
8 6 427
8 9 321
8 11 384
8 21 201
8 25 80
9 2 468
9 12 418
9 16 401
9 20 46
10 2 381
10 3 326
10 4 426
10 12 325
10 15 185
10 16 353
10 24 34
11 6 191
11 14 462
12 6 301
12 8 208
12 16 84
12 18 227
12 20 305
13 4 295
13 24 323
14 10 408
15 13 459
15 21 171
16 9 86
16 10 301
16 15 198
16 19 11
16 21 110
16 23 270
17 1 263
18 5 141
18 10 289
18 13 261
18 15 475
19 1 232
19 4 176
19 7 42
19 13 85
19 15 413
19 16 349
19 17 309
19 18 7
19 21 415
19 22 414
20 2 265
20 16 39
20 18 262
20 21 212
21 7 36
21 9 401
21 22 157
22 5 265
22 7 290
22 9 258
22 13 302
22 20 439
22 25 336
23 4 345
23 12 371
24 7 242
24 18 199
24 23 56
25 1 229
25 4 279
25 22 87
25 23 303
6 20 439
22 5 259
12 16 467
6 4 407
1 10 178
21 25 22
20 22 1
6 10 412
1 11 422
25 16 122
24 14 458
16 25 350
10 7 339
12 8 115
20 5 59
20 24 176
1 6 100
18 5 124
19 6 101
18 5 373
12 5 126
10 20 202
3 7 464
22 18 468
4 15 232
12 9 313
24 4 373
9 24 90
5 18 66
19 5 260
22 14 197
25 16 343
9 14 17
4 18 6
1 3 76
1 14 357
5 12 300
15 22 60
5 4 187
1 24 196
3 20 417
25 19 239
3 4 3
1 7 47
14 10 431
11 10 19
18 16 447
15 11 109
19 11 297
1 14 131
25 15 167
14 18 35
19 20 429
16 8 140
17 20 386
8 12 42
11 18 183
12 7 69
16 1 116
18 3 234
16 2 364
8 15 368
6 9 392
12 1 186
2 20 436
3 4 409
22 16 407
21 2 360
7 19 457
3 13 286
15 6 392
16 13 279
11 20 429
25 6 281
21 9 267
21 10 56
18 7 100
25 13 165
10 18 198
21 9 73
9 24 437
15 9 367
4 8 34
22 5 60
10 19 478
1 14 114
9 8 241
19 9 190
25 18 79
20 14 142
20 24 7
7 13 42
16 18 31
8 16 161
8 25 131
23 2 351
22 13 140
5 6 338
1 7 316
17 3 231
