100 5000 500
1 2 12
1 3 244
1 5 259
1 7 420
1 9 311
1 10 256
1 11 238
1 12 305
1 13 340
1 16 354
1 17 89
1 20 110
1 21 114
1 23 458
1 24 15
1 25 2
1 26 116
1 28 449
1 30 264
1 31 371
1 36 425
1 41 285
1 43 381
1 44 160
1 45 25
1 46 456
1 48 204
1 49 187
1 51 29
1 54 227
1 60 314
1 62 240
1 63 403
1 64 271
1 67 477
1 69 75
1 71 228
1 72 93
1 73 134
1 74 118
1 76 15
1 79 129
1 85 442
1 86 356
1 88 112
1 89 127
1 90 282
1 97 200
1 98 402
1 99 252
2 3 433
2 4 103
2 7 229
2 8 82
2 10 158
2 14 290
2 15 257
2 20 338
2 24 393
2 26 322
2 27 109
2 30 388
2 32 85
2 33 136
2 34 262
2 36 182
2 38 50
2 41 210
2 42 202
2 46 74
2 48 429
2 49 477
2 53 191
2 56 372
2 57 331
2 58 462
2 62 162
2 65 196
2 66 156
2 69 336
2 70 140
2 72 336
2 73 71
2 74 398
2 75 312
2 76 458
2 78 435
2 80 284
2 81 44
2 83 372
2 84 105
2 85 208
2 88 197
2 90 231
2 91 427
2 93 253
2 94 41
2 97 335
2 98 184
3 1 155
3 2 362
3 6 322
3 9 471
3 10 312
3 11 260
3 13 256
3 14 187
3 15 278
3 16 279
3 18 91
3 21 54
3 26 471
3 29 192
3 31 457
3 32 12
3 35 180
3 36 434
3 40 67
3 42 477
3 44 113
3 46 20
3 47 106
3 49 31
3 51 388
3 52 265
3 57 149
3 60 147
3 61 290
3 66 153
3 68 343
3 69 211
3 71 398
3 72 193
3 73 91
3 75 361
3 76 285
3 77 133
3 81 343
3 83 47
3 84 225
3 85 50
3 86 114
3 87 107
3 88 440
3 90 53
3 91 438
3 94 63
3 95 174
3 99 258
4 1 283
4 13 296
4 18 102
4 20 290
4 21 89
4 25 403
4 26 115
4 27 87
4 30 438
4 32 477
4 34 60
4 36 308
4 38 174
4 39 280
4 40 40
4 42 100
4 44 307
4 45 252
4 49 280
4 50 13
4 53 173
4 55 223
4 56 250
4 58 421
4 59 317
4 60 162
4 61 126
4 63 221
4 65 404
4 66 45
4 67 218
4 68 72
4 69 282
4 70 343
4 71 110
4 72 33
4 73 325
4 78 368
4 81 365
4 83 37
4 86 443
4 87 449
4 88 168
4 89 292
4 90 378
4 95 204
4 97 149
4 99 477
4 100 415
5 2 95
5 3 104
5 4 227
5 6 276
5 8 160
5 9 348
5 10 150
5 12 256
5 13 101
5 14 312
5 15 174
5 16 414
5 17 396
5 18 423
5 19 272
5 23 82
5 24 169
5 26 281
5 29 340
5 32 67
5 33 341
5 35 17
5 36 9
5 40 190
5 41 196
5 43 5
5 44 363
5 49 213
5 50 368
5 52 211
5 53 250
5 54 212
5 55 399
5 56 125
5 58 386
5 59 365
5 61 388
5 63 465
5 64 58
5 66 456
5 68 92
5 69 403
5 72 163
5 74 104
5 77 170
5 78 396
5 80 457
5 82 172
5 83 93
5 86 320
5 87 473
5 88 134
5 90 308
5 92 198
5 93 389
5 95 208
5 97 220
5 98 238
5 99 311
6 1 407
6 2 443
6 5 260
6 7 262
6 9 50
6 11 471
6 14 350
6 15 183
6 16 197
6 20 301
6 22 479
6 24 392
6 25 259
6 26 162
6 27 348
6 31 170
6 34 17
6 35 399
6 36 138
6 37 466
6 39 270
6 40 267
6 41 466
6 44 101
6 46 27
6 47 430
6 50 312
6 51 60
6 53 226
6 56 284
6 58 382
6 59 306
6 60 422
6 62 210
6 63 219
6 65 226
6 67 456
6 71 201
6 74 405
6 79 378
6 80 42
6 82 77
6 83 299
6 85 144
6 86 156
6 89 473
6 90 27
6 91 328
6 98 182
6 99 27
7 1 470
7 2 185
7 5 251
7 8 132
7 9 478
7 12 401
7 13 3
7 16 28
7 17 291
7 20 106
7 21 384
7 26 84
7 27 421
7 29 210
7 30 379
7 32 261
7 33 216
7 35 446
7 38 187
7 41 413
7 43 463
7 45 312
7 47 136
7 50 66
7 52 402
7 53 162
7 61 343
7 62 204
7 63 465
7 64 295
7 65 368
7 66 320
7 67 208
7 69 392
7 72 318
7 75 451
7 78 330
7 80 17
7 82 357
7 83 122
7 85 141
7 86 344
7 90 210
7 91 331
7 93 343
7 98 103
7 99 310
7 100 102
8 1 220
8 3 407
8 4 182
8 5 251
8 9 69
8 12 391
8 13 363
8 14 472
8 15 187
8 16 387
8 18 395
8 19 50
8 20 321
8 21 34
8 24 395
8 30 125
8 33 407
8 35 447
8 36 240
8 37 315
8 45 432
8 46 93
8 47 403
8 48 217
8 49 447
8 54 449
8 55 110
8 58 90
8 59 382
8 60 431
8 62 279
8 64 192
8 65 52
8 66 138
8 68 250
8 69 418
8 71 254
8 72 366
8 73 137
8 74 247
8 75 259
8 76 392
8 77 141
8 79 398
8 82 33
8 83 391
8 85 7
8 87 51
8 89 15
8 91 96
8 92 131
8 95 97
8 96 102
8 97 77
8 98 326
8 99 402
9 2 382
9 3 306
9 5 341
9 6 223
9 7 227
9 13 291
9 14 102
9 17 437
9 20 50
9 29 54
9 30 281
9 31 378
9 34 303
9 38 182
9 39 264
9 40 304
9 41 341
9 45 208
9 47 421
9 48 356
9 50 385
9 54 78
9 55 169
9 61 446
9 62 11
9 63 99
9 64 372
9 65 73
9 70 185
9 71 296
9 72 297
9 73 339
9 75 411
9 77 468
9 82 465
9 83 372
9 87 75
9 88 248
9 89 35
9 90 75
9 91 189
9 92 222
9 94 224
9 95 429
9 98 54
9 100 218
10 5 162
10 7 71
10 8 237
10 12 369
10 15 389
10 16 328
10 17 141
10 19 317
10 22 60
10 24 62
10 26 446
10 27 329
10 28 61
10 29 258
10 31 221
10 32 140
10 35 7
10 36 296
10 37 300
10 39 163
10 40 466
10 41 146
10 42 367
10 44 111
10 46 269
10 48 452
10 49 442
10 51 409
10 52 3
10 54 74
10 55 19
10 56 382
10 58 211
10 61 457
10 62 462
10 63 431
10 64 308
10 65 467
10 67 321
10 68 371
10 70 123
10 74 274
10 75 478
10 76 84
10 80 298
10 82 329
10 85 245
10 88 170
10 90 91
10 91 1
10 92 117
10 93 255
10 94 325
10 95 48
10 96 382
10 97 84
10 99 442
11 3 132
11 6 200
11 8 457
11 9 150
11 10 17
11 12 158
11 13 180
11 14 344
11 16 264
11 17 370
11 19 93
11 20 215
11 24 116
11 29 254
11 33 387
11 34 14
11 35 427
11 36 399
11 37 477
11 39 165
11 40 210
11 41 404
11 43 364
11 49 2
11 50 439
11 55 315
11 56 213
11 57 456
11 58 170
11 61 363
11 62 125
11 63 10
11 64 210
11 67 146
11 70 64
11 71 94
11 72 458
11 74 443
11 75 359
11 76 77
11 78 132
11 86 424
11 88 235
11 90 322
11 91 386
11 93 150
11 95 110
11 97 302
11 99 82
12 2 94
12 5 306
12 6 55
12 10 31
12 11 241
12 13 317
12 15 99
12 16 118
12 17 453
12 22 56
12 23 382
12 24 260
12 26 150
12 27 123
12 28 126
12 30 317
12 31 83
12 33 407
12 34 118
12 35 320
12 37 186
12 42 434
12 43 199
12 46 132
12 47 123
12 49 272
12 51 84
12 57 242
12 59 265
12 60 75
12 65 234
12 69 328
12 71 245
12 73 452
12 76 115
12 84 35
12 85 175
12 88 320
12 89 451
12 93 407
12 95 324
12 96 272
12 97 179
12 99 250
12 100 94
13 1 479
13 2 153
13 3 403
13 8 169
13 9 201
13 10 53
13 12 387
13 16 110
13 18 150
13 19 126
13 22 287
13 23 427
13 24 406
13 26 78
13 27 289
13 28 395
13 29 56
13 31 231
13 35 60
13 37 384
13 39 352
13 40 291
13 43 89
13 45 385
13 46 11
13 48 438
13 49 401
13 51 285
13 52 308
13 56 387
13 57 28
13 62 106
13 63 397
13 66 92
13 67 71
13 72 390
13 74 449
13 75 364
13 77 396
13 78 400
13 82 141
13 87 61
13 88 52
13 89 353
13 91 339
13 92 397
13 93 201
13 97 241
14 1 311
14 2 231
14 4 354
14 5 290
14 6 309
14 11 172
14 12 357
14 13 462
14 15 200
14 21 310
14 23 47
14 27 153
14 32 478
14 36 357
14 38 230
14 39 438
14 41 351
14 42 3
14 43 356
14 48 388
14 49 144
14 50 133
14 56 199
14 57 209
14 58 263
14 60 297
14 62 23
14 63 181
14 64 157
14 68 307
14 69 232
14 72 243
14 73 329
14 74 385
14 76 117
14 77 293
14 81 308
14 83 12
14 85 474
14 88 145
14 89 138
14 92 98
14 93 209
14 95 99
14 96 317
14 98 250
14 99 235
14 100 63
15 2 274
15 4 36
15 6 216
15 9 374
15 13 370
15 17 325
15 19 359
15 22 360
15 25 242
15 26 76
15 28 386
15 30 448
15 32 458
15 38 392
15 39 434
15 40 414
15 41 441
15 43 235
15 44 74
15 47 95
15 52 101
15 53 353
15 58 47
15 59 299
15 61 454
15 62 474
15 64 457
15 65 67
15 66 380
15 67 162
15 68 45
15 70 55
15 71 352
15 72 248
15 76 121
15 77 141
15 80 295
15 83 25
15 85 70
15 86 223
15 88 459
15 89 110
15 90 331
15 92 191
15 93 314
15 94 341
15 95 163
15 96 137
15 97 388
15 100 11
16 1 325
16 4 17
16 7 325
16 10 349
16 11 339
16 13 470
16 18 30
16 20 4
16 22 157
16 24 276
16 26 371
16 28 260
16 31 157
16 32 282
16 33 273
16 34 301
16 35 300
16 36 85
16 39 191
16 40 234
16 41 339
16 42 145
16 50 426
16 51 89
16 53 202
16 58 338
16 59 245
16 61 293
16 63 256
16 65 181
16 66 82
16 67 9
16 68 296
16 69 242
16 71 110
16 73 340
16 75 255
16 77 154
16 78 51
16 82 281
16 83 380
16 84 186
16 85 6
16 91 243
16 92 225
16 94 11
16 96 131
16 97 175
16 100 31
17 3 393
17 4 419
17 6 314
17 10 304
17 11 46
17 13 298
17 15 378
17 20 45
17 22 446
17 24 158
17 25 181
17 26 448
17 29 55
17 30 18
17 36 25
17 37 478
17 38 39
17 40 454
17 41 21
17 43 344
17 48 187
17 52 168
17 53 351
17 54 184
17 55 234
17 56 113
17 58 78
17 59 363
17 60 449
17 61 29
17 66 263
17 67 78
17 68 295
17 70 460
17 72 41
17 77 430
17 78 354
17 82 275
17 83 268
17 85 54
17 91 181
17 93 86
17 94 477
17 95 126
17 96 39
17 99 216
17 100 25
18 5 69
18 9 278
18 10 380
18 12 127
18 13 446
18 15 375
18 16 444
18 19 411
18 20 400
18 23 91
18 24 105
18 25 93
18 26 64
18 30 421
18 31 36
18 32 122
18 35 441
18 36 224
18 38 30
18 39 438
18 42 271
18 47 102
18 48 455
18 54 360
18 55 1
18 56 30
18 58 309
18 59 258
18 60 83
18 62 281
18 65 58
18 66 131
18 70 415
18 75 18
18 76 372
18 81 21
18 82 172
18 86 403
18 88 226
18 93 108
18 97 105
18 98 42
18 100 114
19 1 128
19 6 349
19 7 479
19 8 440
19 9 46
19 10 215
19 11 91
19 12 311
19 13 119
19 14 418
19 15 293
19 16 358
19 17 350
19 21 298
19 24 255
19 25 120
19 29 181
19 31 220
19 32 408
19 35 3
19 36 349
19 37 263
19 44 93
19 46 470
19 47 320
19 49 402
19 51 168
19 52 358
19 53 102
19 54 438
19 56 395
19 58 275
19 59 391
19 62 33
19 63 69
19 64 117
19 66 171
19 67 378
19 69 262
19 71 104
19 73 56
19 79 299
19 85 158
19 90 32
19 91 121
19 94 410
19 95 377
19 97 193
20 1 95
20 6 163
20 7 274
20 10 265
20 11 206
20 16 67
20 17 376
20 21 313
20 23 350
20 24 141
20 25 385
20 26 272
20 32 436
20 34 197
20 37 29
20 39 337
20 41 243
20 42 249
20 43 247
20 45 349
20 49 417
20 50 350
20 53 229
20 56 166
20 61 139
20 62 422
20 63 76
20 67 134
20 72 402
20 76 279
20 77 88
20 79 145
20 81 98
20 82 21
20 83 26
20 86 473
20 88 63
20 90 151
20 91 350
20 93 293
20 94 80
20 100 317
21 1 459
21 2 474
21 4 264
21 6 426
21 8 12
21 12 3
21 15 383
21 18 431
21 19 318
21 22 208
21 23 112
21 24 54
21 25 330
21 26 346
21 27 265
21 30 397
21 35 356
21 36 428
21 40 221
21 41 250
21 42 217
21 46 398
21 47 384
21 48 103
21 49 269
21 51 300
21 52 139
21 53 206
21 55 230
21 56 446
21 57 328
21 58 463
21 59 103
21 63 137
21 64 460
21 65 35
21 66 342
21 67 216
21 68 30
21 71 350
21 73 141
21 75 401
21 78 399
21 79 199
21 80 298
21 81 410
21 83 48
21 84 225
21 85 345
21 89 21
21 90 334
21 91 390
21 92 295
21 93 325
21 94 135
21 95 102
21 96 348
21 97 115
22 1 163
22 2 457
22 3 425
22 4 292
22 5 345
22 6 307
22 7 235
22 9 63
22 10 351
22 11 130
22 18 314
22 20 439
22 21 286
22 24 208
22 26 249
22 32 306
22 36 67
22 38 476
22 40 26
22 49 135
22 50 338
22 51 235
22 56 282
22 58 145
22 60 117
22 61 80
22 63 302
22 64 468
22 67 371
22 68 319
22 70 266
22 71 421
22 73 425
22 75 176
22 77 94
22 78 389
22 79 193
22 80 296
22 81 57
22 84 186
22 86 66
22 87 190
22 88 289
22 93 342
22 94 33
22 97 348
22 99 181
22 100 191
23 2 178
23 3 200
23 4 36
23 6 351
23 7 296
23 9 103
23 10 355
23 13 351
23 14 39
23 16 60
23 17 65
23 18 185
23 25 425
23 27 123
23 28 46
23 29 129
23 31 12
23 34 20
23 35 357
23 36 434
23 37 321
23 38 206
23 40 213
23 42 248
23 44 104
23 45 98
23 47 227
23 48 208
23 49 233
23 50 434
23 52 99
23 53 92
23 56 26
23 57 326
23 62 220
23 66 464
23 68 55
23 69 453
23 70 423
23 71 374
23 72 240
23 73 360
23 75 378
23 77 375
23 79 447
23 81 281
23 82 220
23 84 191
23 85 329
23 86 430
23 88 106
23 89 473
23 90 170
23 91 176
23 94 463
23 95 478
23 96 204
23 97 267
23 98 33
23 99 178
24 2 10
24 4 70
24 8 398
24 9 201
24 10 408
24 11 460
24 13 13
24 16 99
24 18 113
24 19 181
24 20 200
24 21 272
24 22 2
24 25 247
24 28 152
24 29 92
24 30 469
24 31 421
24 33 320
24 35 148
24 36 294
24 39 234
24 41 40
24 42 465
24 43 98
24 44 251
24 46 395
24 48 125
24 49 194
24 50 157
24 51 308
24 53 425
24 54 350
24 56 417
24 57 440
24 58 252
24 59 465
24 60 108
24 62 18
24 63 423
24 65 445
24 67 430
24 68 199
24 70 25
24 73 83
24 74 187
24 77 372
24 83 55
24 86 192
24 88 59
24 90 160
24 91 391
24 92 404
24 93 394
24 94 281
24 99 164
24 100 314
25 1 229
25 2 328
25 3 68
25 5 128
25 7 340
25 8 446
25 10 62
25 11 90
25 12 76
25 15 177
25 18 131
25 23 391
25 28 401
25 29 339
25 33 238
25 34 437
25 36 91
25 38 222
25 39 331
25 40 157
25 41 250
25 46 373
25 48 128
25 49 220
25 50 247
25 52 367
25 53 182
25 54 462
25 56 145
25 57 77
25 58 94
25 61 35
25 64 281
25 66 14
25 70 416
25 71 184
25 72 296
25 75 253
25 76 189
25 78 308
25 81 311
25 82 42
25 83 16
25 84 357
25 85 431
25 87 450
25 88 159
25 89 33
25 90 38
25 91 232
25 93 2
25 94 232
25 95 366
25 96 389
25 97 306
25 100 478
26 1 181
26 3 136
26 4 6
26 5 80
26 6 275
26 15 296
26 16 110
26 17 419
26 20 240
26 21 256
26 22 478
26 25 67
26 27 195
26 31 150
26 32 37
26 33 174
26 34 235
26 37 391
26 40 32
26 42 24
26 43 176
26 45 441
26 46 324
26 47 47
26 49 397
26 51 170
26 55 185
26 57 323
26 58 405
26 60 105
26 66 324
26 68 59
26 70 235
26 76 246
26 77 471
26 78 159
26 82 323
26 84 103
26 85 230
26 86 148
26 87 34
26 89 70
26 90 328
26 91 140
26 92 320
26 93 30
26 95 38
26 96 331
27 1 6
27 3 249
27 5 260
27 6 112
27 8 78
27 9 168
27 11 1
27 12 177
27 15 62
27 18 17
27 20 230
27 24 171
27 28 115
27 29 130
27 33 376
27 34 111
27 36 70
27 39 359
27 40 165
27 41 378
27 42 403
27 43 419
27 47 362
27 49 219
27 54 31
27 55 36
27 57 288
27 58 169
27 60 440
27 61 305
27 64 212
27 66 292
27 67 218
27 68 10
27 70 288
27 72 362
27 74 31
27 76 436
27 78 110
27 79 414
27 81 445
27 82 262
27 83 401
27 84 423
27 85 319
27 87 267
27 88 223
27 90 393
27 92 322
27 94 352
27 95 297
27 96 162
27 97 420
27 98 53
28 1 157
28 2 206
28 5 421
28 6 317
28 7 100
28 8 172
28 9 245
28 11 441
28 19 34
28 21 338
28 22 98
28 23 203
28 24 120
28 25 78
28 27 248
28 29 242
28 31 110
28 32 398
28 33 9
28 36 52
28 37 154
28 38 122
28 39 72
28 41 111
28 44 250
28 46 160
28 47 219
28 48 426
28 50 56
28 51 289
28 52 386
28 53 336
28 55 10
28 58 135
28 60 342
28 61 124
28 62 436
28 63 115
28 64 227
28 67 326
28 68 426
28 71 59
28 73 17
28 75 100
28 79 179
28 81 121
28 83 456
28 84 294
28 91 226
28 92 2
28 93 177
28 94 247
28 96 105
28 97 66
28 98 404
29 1 233
29 7 141
29 8 126
29 9 276
29 12 178
29 14 236
29 16 88
29 18 171
29 20 278
29 23 191
29 24 438
29 25 31
29 26 385
29 27 312
29 28 145
29 30 79
29 33 468
29 38 229
29 39 130
29 40 328
29 42 47
29 44 359
29 46 476
29 48 259
29 49 336
29 50 95
29 51 149
29 52 36
29 55 10
29 59 164
29 61 271
29 63 239
29 67 179
29 69 298
29 70 276
29 73 298
29 76 360
29 77 303
29 79 472
29 80 327
29 82 252
29 83 327
29 86 360
29 88 443
29 89 453
29 90 86
29 91 355
29 92 457
29 93 471
29 95 263
29 97 12
29 98 425
29 99 333
30 1 182
30 2 242
30 3 169
30 4 212
30 6 465
30 8 448
30 14 423
30 20 414
30 21 334
30 22 219
30 25 210
30 27 26
30 28 263
30 29 447
30 31 366
30 32 74
30 33 434
30 34 263
30 35 396
30 36 260
30 40 420
30 42 245
30 44 48
30 46 157
30 47 312
30 48 154
30 49 264
30 50 10
30 52 389
30 54 212
30 57 109
30 58 306
30 59 273
30 60 103
30 61 241
30 62 367
30 63 227
30 65 223
30 66 421
30 68 371
30 69 441
30 70 101
30 72 92
30 75 150
30 76 380
30 77 68
30 78 468
30 80 147
30 82 232
30 87 443
30 89 448
30 91 381
30 92 442
30 97 161
30 99 71
30 100 412
31 1 149
31 4 287
31 5 178
31 10 160
31 11 37
31 21 113
31 22 235
31 24 300
31 27 309
31 28 469
31 29 129
31 30 403
31 34 163
31 36 313
31 38 436
31 41 119
31 47 412
31 50 79
31 51 434
31 52 257
31 54 141
31 56 225
31 60 194
31 62 435
31 63 207
31 68 55
31 73 376
31 74 44
31 75 469
31 76 478
31 78 307
31 79 3
31 84 160
31 85 19
31 87 303
31 91 5
31 92 391
31 93 88
31 99 84
32 1 38
32 2 115
32 3 199
32 5 200
32 7 140
32 10 63
32 11 40
32 14 305
32 18 95
32 22 439
32 25 101
32 31 82
32 36 478
32 37 178
32 48 19
32 52 196
32 53 438
32 54 47
32 56 255
32 57 361
32 64 164
32 65 254
32 67 178
32 68 168
32 70 343
32 72 120
32 75 454
32 76 91
32 77 116
32 80 169
32 81 345
32 83 374
32 85 79
32 86 332
32 88 322
32 91 372
32 92 186
32 95 74
32 97 422
32 98 20
32 100 257
33 1 143
33 3 5
33 10 475
33 11 379
33 15 301
33 17 293
33 19 170
33 23 425
33 25 6
33 27 472
33 28 421
33 34 223
33 36 169
33 38 102
33 39 214
33 41 96
33 44 161
33 45 390
33 47 336
33 50 104
33 52 415
33 53 317
33 55 3
33 56 474
33 60 406
33 61 384
33 69 335
33 73 2
33 75 87
33 76 63
33 80 20
33 81 468
33 83 306
33 85 363
33 87 8
33 91 114
33 95 464
33 97 394
33 99 398
33 100 25
34 1 416
34 2 220
34 3 338
34 6 404
34 8 376
34 9 287
34 12 45
34 14 295
34 22 101
34 23 290
34 25 343
34 29 59
34 37 288
34 39 122
34 40 354
34 41 365
34 42 154
34 44 201
34 45 182
34 46 372
34 48 264
34 49 185
34 54 250
34 57 70
34 59 442
34 60 289
34 65 167
34 66 178
34 67 202
34 68 433
34 69 91
34 71 335
34 72 467
34 73 226
34 75 315
34 78 317
34 81 280
34 82 350
34 83 334
34 85 298
34 86 182
34 87 209
34 90 474
34 91 284
34 94 151
34 98 279
34 99 378
34 100 108
35 2 436
35 4 42
35 7 275
35 8 206
35 11 335
35 14 339
35 17 258
35 18 321
35 19 371
35 20 214
35 24 303
35 26 168
35 27 97
35 29 413
35 32 313
35 33 125
35 34 255
35 37 368
35 38 293
35 39 169
35 41 298
35 42 478
35 44 52
35 47 448
35 48 235
35 49 35
35 50 279
35 53 34
35 54 226
35 55 194
35 57 147
35 58 17
35 59 132
35 61 358
35 65 185
35 70 101
35 71 22
35 74 5
35 78 169
35 79 426
35 82 344
35 84 148
35 87 46
35 91 137
35 92 397
35 94 203
35 96 292
35 99 202
35 100 72
36 1 244
36 2 389
36 3 358
36 4 221
36 8 70
36 10 455
36 14 239
36 15 434
36 19 157
36 20 135
36 22 156
36 23 431
36 30 59
36 31 440
36 32 196
36 33 235
36 34 347
36 37 166
36 38 397
36 39 382
36 44 177
36 46 360
36 47 210
36 48 215
36 50 459
36 53 9
36 54 342
36 55 288
36 59 385
36 60 435
36 63 441
36 68 76
36 69 381
36 70 333
36 73 290
36 76 241
36 78 311
36 81 470
36 82 470
36 85 474
36 86 265
36 88 278
36 92 287
36 94 140
36 96 390
36 99 372
37 1 231
37 4 155
37 5 68
37 6 391
37 7 258
37 8 298
37 12 454
37 13 76
37 14 471
37 16 58
37 17 49
37 20 354
37 25 135
37 26 189
37 28 151
37 32 343
37 34 265
37 36 80
37 39 22
37 40 179
37 42 470
37 43 393
37 45 160
37 48 390
37 50 182
37 51 17
37 53 442
37 54 479
37 56 399
37 57 388
37 58 432
37 59 326
37 61 287
37 63 381
37 64 317
37 66 14
37 68 57
37 71 22
37 80 403
37 82 90
37 83 381
37 86 4
37 87 90
37 89 321
37 91 211
37 92 477
37 95 474
37 98 260
37 99 223
37 100 375
38 4 113
38 5 241
38 7 90
38 8 418
38 9 392
38 10 81
38 11 215
38 13 238
38 14 149
38 18 201
38 19 323
38 20 159
38 22 290
38 23 158
38 27 12
38 28 420
38 30 187
38 31 393
38 32 84
38 34 386
38 37 299
38 39 440
38 41 372
38 42 231
38 43 373
38 44 76
38 46 318
38 47 354
38 49 352
38 51 285
38 54 259
38 55 206
38 56 126
38 57 97
38 59 397
38 61 195
38 62 344
38 63 257
38 64 238
38 66 132
38 69 391
38 71 151
38 73 124
38 74 84
38 75 94
38 77 444
38 80 159
38 81 38
38 86 297
38 88 248
38 89 305
38 90 447
38 92 11
38 98 306
38 99 323
38 100 85
39 1 24
39 2 43
39 3 182
39 4 125
39 11 66
39 12 228
39 13 342
39 15 93
39 16 197
39 17 417
39 18 469
39 19 132
39 21 16
39 24 59
39 25 288
39 26 107
39 29 192
39 30 309
39 31 113
39 33 396
39 35 202
39 38 272
39 42 234
39 43 287
39 45 382
39 47 10
39 48 87
39 49 232
39 50 326
39 51 138
39 53 259
39 57 109
39 58 34
39 59 368
39 61 397
39 62 272
39 63 213
39 68 337
39 70 152
39 77 3
39 79 256
39 81 415
39 82 214
39 86 392
39 88 460
39 89 388
39 90 188
39 94 40
39 96 38
40 1 442
40 3 209
40 5 146
40 6 30
40 7 445
40 8 174
40 10 423
40 11 195
40 14 378
40 16 448
40 17 281
40 20 203
40 24 332
40 25 225
40 26 427
40 27 91
40 33 109
40 35 413
40 38 396
40 39 315
40 45 353
40 46 21
40 47 469
40 49 209
40 50 427
40 51 59
40 52 196
40 53 247
40 54 276
40 55 60
40 57 63
40 58 360
40 60 139
40 64 102
40 65 202
40 66 252
40 67 455
40 69 411
40 70 341
40 73 162
40 75 174
40 76 55
40 78 34
40 79 422
40 82 380
40 83 317
40 84 74
40 86 218
40 89 475
40 90 449
40 92 235
40 93 135
40 95 67
40 96 171
40 98 459
40 100 140
41 1 474
41 2 179
41 4 78
41 5 246
41 9 207
41 12 71
41 14 335
41 18 166
41 19 453
41 20 281
41 22 387
41 23 50
41 24 231
41 26 54
41 27 239
41 29 304
41 30 358
41 32 62
41 37 216
41 38 191
41 40 144
41 42 124
41 43 470
41 44 474
41 45 364
41 46 38
41 47 159
41 50 334
41 52 309
41 54 381
41 55 307
41 56 28
41 57 305
41 66 4
41 68 378
41 70 56
41 72 23
41 81 424
41 82 60
41 83 240
41 84 109
41 85 22
41 88 195
41 90 428
41 91 256
41 92 194
41 98 67
41 99 91
41 100 140
42 1 190
42 3 107
42 4 141
42 7 474
42 11 82
42 13 316
42 14 79
42 16 272
42 19 192
42 20 125
42 21 98
42 22 192
42 24 420
42 27 28
42 30 61
42 35 173
42 36 26
42 37 417
42 39 67
42 40 317
42 43 87
42 44 231
42 45 260
42 47 153
42 48 420
42 49 297
42 50 410
42 53 380
42 54 398
42 55 123
42 58 401
42 66 129
42 70 302
42 71 51
42 72 285
42 73 390
42 76 255
42 78 99
42 79 86
42 81 404
42 82 272
42 83 320
42 85 288
42 86 125
42 89 150
42 91 105
42 95 233
42 97 152
42 99 447
43 1 160
43 2 25
43 3 237
43 5 273
43 7 397
43 8 216
43 9 391
43 10 313
43 11 192
43 14 161
43 17 88
43 19 164
43 21 472
43 23 194
43 25 296
43 29 399
43 30 141
43 31 108
43 33 101
43 35 78
43 36 58
43 37 362
43 38 127
43 39 386
43 40 436
43 45 130
43 46 85
43 47 169
43 49 348
43 53 49
43 59 404
43 61 2
43 68 437
43 69 176
43 70 55
43 73 470
43 74 407
43 75 225
43 76 428
43 80 29
43 81 332
43 84 212
43 85 182
43 86 439
43 87 90
43 89 451
43 91 17
43 93 247
43 95 294
43 97 43
43 98 169
44 1 272
44 2 429
44 6 327
44 10 340
44 13 394
44 16 428
44 17 388
44 19 181
44 20 264
44 21 390
44 25 166
44 27 17
44 30 243
44 33 217
44 34 303
44 35 230
44 36 15
44 37 136
44 38 210
44 46 465
44 50 19
44 51 232
44 53 174
44 55 466
44 57 197
44 60 172
44 62 183
44 63 345
44 64 394
44 67 155
44 72 24
44 73 297
44 74 405
44 75 74
44 76 280
44 77 463
44 78 242
44 79 450
44 81 50
44 84 75
44 85 146
44 87 89
44 92 309
44 94 280
44 95 318
45 3 128
45 4 3
45 7 218
45 9 325
45 12 60
45 13 444
45 15 6
45 20 411
45 22 34
45 23 239
45 24 108
45 25 147
45 26 388
45 27 56
45 28 59
45 31 410
45 32 350
45 34 365
45 35 384
45 38 123
45 40 429
45 42 21
45 44 202
45 48 440
45 49 35
45 50 150
45 51 212
45 53 71
45 55 83
45 57 411
45 58 313
45 61 135
45 62 115
45 63 288
45 65 215
45 69 387
45 70 374
45 74 135
45 75 157
45 77 414
45 81 429
45 83 217
45 85 166
45 86 394
45 87 225
45 88 259
45 89 286
45 90 234
45 91 97
45 97 383
45 98 424
45 100 212
46 1 364
46 3 204
46 4 326
46 5 3
46 11 440
46 13 290
46 14 131
46 18 392
46 19 77
46 20 65
46 21 232
46 22 461
46 24 287
46 25 381
46 26 330
46 27 362
46 28 193
46 30 45
46 31 287
46 35 6
46 36 206
46 37 448
46 41 452
46 43 9
46 44 209
46 49 137
46 53 321
46 55 447
46 56 160
46 57 129
46 59 301
46 61 365
46 63 252
46 64 342
46 65 164
46 68 240
46 69 443
46 71 128
46 72 126
46 73 14
46 75 215
46 77 58
46 78 186
46 81 85
46 85 199
46 87 383
46 88 376
46 89 461
46 91 177
46 93 177
46 96 32
46 97 106
47 2 360
47 5 439
47 7 37
47 11 154
47 12 50
47 13 59
47 14 231
47 18 155
47 20 356
47 22 286
47 24 183
47 25 436
47 27 203
47 28 474
47 30 265
47 31 106
47 32 421
47 33 65
47 36 177
47 37 93
47 38 445
47 40 279
47 44 240
47 50 112
47 52 471
47 53 2
47 54 82
47 55 144
47 56 474
47 58 303
47 62 93
47 65 46
47 66 302
47 67 183
47 70 149
47 71 430
47 72 207
47 81 366
47 84 12
47 85 466
47 86 447
47 87 219
47 90 408
47 91 277
47 92 266
47 93 162
47 94 299
47 96 62
47 97 288
47 98 30
47 99 168
48 1 366
48 2 215
48 3 22
48 5 413
48 6 345
48 8 120
48 9 318
48 14 276
48 18 322
48 21 392
48 23 160
48 24 52
48 26 207
48 28 451
48 29 123
48 30 367
48 32 236
48 33 285
48 35 184
48 36 206
48 39 171
48 40 79
48 41 137
48 46 348
48 51 398
48 54 146
48 55 287
48 57 360
48 63 377
48 66 161
48 67 366
48 68 174
48 71 237
48 72 479
48 73 410
48 74 253
48 76 284
48 77 145
48 79 384
48 86 458
48 90 407
48 93 170
48 96 410
49 5 289
49 6 146
49 7 299
49 12 250
49 15 182
49 16 306
49 18 61
49 19 396
49 20 431
49 22 310
49 23 87
49 24 139
49 26 222
49 28 51
49 29 436
49 30 101
49 31 342
49 33 391
49 35 363
49 39 474
49 40 237
49 45 161
49 46 201
49 52 165
49 53 363
49 54 385
49 58 400
49 61 292
49 66 378
49 67 243
49 69 442
49 72 66
49 73 226
49 75 474
49 78 126
49 79 162
49 83 47
49 85 212
49 86 107
49 88 115
49 91 5
49 92 427
49 93 115
49 94 86
49 95 306
49 97 471
49 100 347
50 3 396
50 4 159
50 6 393
50 7 220
50 8 64
50 10 287
50 15 236
50 17 112
50 18 324
50 21 62
50 25 76
50 27 393
50 29 11
50 32 369
50 33 177
50 34 162
50 37 267
50 38 140
50 39 105
50 41 310
50 45 240
50 46 162
50 47 158
50 48 87
50 52 108
50 54 412
50 58 349
50 59 460
50 61 268
50 63 334
50 64 333
50 65 308
50 66 203
50 67 122
50 69 325
50 70 291
50 71 202
50 72 215
50 73 279
50 76 168
50 78 363
50 79 320
50 80 226
50 81 364
50 82 82
50 83 456
50 84 331
50 86 41
50 87 174
50 99 17
51 1 240
51 3 23
51 5 274
51 6 149
51 7 331
51 9 112
51 10 388
51 13 162
51 14 168
51 15 204
51 16 365
51 17 427
51 18 235
51 21 93
51 22 11
51 24 130
51 25 222
51 26 287
51 27 150
51 28 244
51 32 67
51 37 29
51 39 262
51 41 378
51 45 52
51 46 261
51 47 418
51 48 2
51 49 431
51 50 121
51 54 422
51 55 12
51 56 174
51 59 293
51 60 37
51 65 422
51 68 436
51 69 73
51 72 5
51 73 421
51 77 234
51 80 394
51 82 73
51 83 89
51 84 44
51 85 290
51 86 287
51 88 392
51 89 92
51 90 171
51 91 241
51 93 371
51 94 169
51 95 218
51 98 93
52 2 269
52 4 389
52 7 477
52 9 191
52 10 391
52 11 367
52 12 338
52 13 54
52 14 461
52 15 119
52 17 239
52 18 191
52 21 85
52 23 226
52 24 49
52 28 256
52 32 286
52 33 413
52 34 287
52 36 5
52 38 370
52 40 13
52 44 319
52 45 144
52 47 296
52 48 28
52 49 423
52 50 391
52 55 362
52 56 192
52 57 323
52 58 93
52 59 272
52 60 185
52 62 319
52 63 420
52 64 399
52 66 363
52 67 104
52 68 28
52 70 146
52 74 397
52 76 217
52 78 376
52 82 87
52 83 129
52 84 45
52 89 452
52 90 356
52 91 83
52 92 353
52 95 78
52 97 375
52 98 60
52 99 307
53 1 357
53 2 26
53 4 372
53 6 181
53 10 222
53 12 334
53 13 188
53 14 6
53 15 90
53 16 104
53 18 359
53 19 172
53 20 468
53 21 123
53 24 254
53 26 230
53 29 172
53 32 388
53 34 1
53 35 339
53 36 257
53 40 453
53 41 382
53 45 429
53 51 74
53 52 283
53 55 77
53 56 272
53 57 330
53 58 152
53 60 174
53 62 340
53 65 328
53 66 221
53 68 102
53 69 71
53 72 70
53 73 294
53 75 60
53 77 125
53 81 109
53 83 473
53 86 244
53 87 215
53 89 275
53 92 455
53 95 277
53 96 423
53 97 314
53 98 237
53 100 209
54 1 459
54 2 358
54 3 236
54 4 268
54 6 34
54 7 110
54 8 352
54 10 29
54 14 158
54 15 444
54 16 281
54 17 153
54 27 213
54 29 6
54 31 317
54 32 215
54 33 250
54 34 13
54 35 152
54 36 212
54 38 444
54 39 441
54 40 95
54 41 15
54 44 228
54 45 239
54 48 203
54 49 329
54 50 296
54 55 279
54 60 125
54 63 290
54 64 31
54 66 104
54 67 81
54 68 55
54 69 205
54 70 253
54 72 22
54 75 24
54 76 148
54 77 250
54 80 323
54 81 44
54 83 201
54 84 340
54 86 12
54 89 206
54 90 367
54 94 225
54 95 142
54 96 9
54 98 211
54 100 198
55 1 107
55 2 183
55 3 123
55 4 93
55 5 285
55 6 211
55 7 361
55 8 251
55 10 418
55 11 40
55 17 290
55 18 7
55 19 297
55 21 160
55 22 171
55 24 290
55 25 262
55 27 142
55 28 78
55 29 215
55 31 76
55 34 55
55 36 393
55 37 108
55 40 290
55 41 31
55 43 137
55 45 387
55 48 130
55 49 121
55 51 108
55 52 462
55 53 468
55 57 393
55 58 399
55 59 391
55 60 170
55 61 274
55 62 186
55 63 479
55 64 9
55 66 164
55 67 101
55 68 404
55 70 170
55 72 264
55 73 212
55 74 445
55 75 311
55 76 460
55 77 473
55 78 24
55 82 218
55 83 429
55 85 176
55 88 205
55 90 129
55 92 106
55 93 137
55 95 68
55 96 447
55 98 104
55 99 442
56 1 187
56 2 123
56 4 450
56 5 478
56 6 112
56 7 181
56 8 63
56 10 378
56 11 199
56 19 189
56 20 366
56 21 373
56 23 400
56 24 464
56 28 242
56 31 479
56 33 302
56 34 416
56 35 444
56 38 443
56 44 407
56 45 72
56 46 136
56 47 107
56 48 350
56 50 120
56 52 102
56 53 162
56 55 425
56 58 106
56 59 462
56 60 107
56 61 282
56 62 166
56 63 250
56 65 18
56 71 464
56 72 74
56 73 258
56 74 83
56 77 453
56 80 317
56 84 462
56 86 345
56 88 460
56 89 82
56 90 6
56 92 139
56 93 356
57 1 321
57 2 376
57 3 241
57 7 418
57 8 29
57 9 394
57 11 38
57 12 354
57 16 74
57 18 285
57 19 81
57 22 120
57 24 277
57 25 438
57 27 274
57 28 82
57 30 433
57 32 243
57 36 449
57 38 251
57 41 430
57 43 260
57 44 80
57 46 82
57 47 125
57 48 312
57 53 40
57 55 290
57 56 336
57 59 443
57 60 436
57 61 446
57 63 225
57 65 190
57 66 132
57 72 415
57 74 479
57 80 434
57 81 253
57 82 413
57 83 405
57 87 347
57 89 279
57 93 333
57 100 296
58 2 274
58 3 454
58 4 66
58 5 364
58 6 150
58 7 368
58 8 401
58 12 242
58 14 206
58 15 180
58 16 156
58 17 354
58 18 379
58 20 38
58 24 319
58 25 80
58 28 124
58 30 434
58 31 261
58 32 117
58 33 419
58 34 370
58 35 191
58 36 20
58 42 182
58 45 264
58 46 478
58 48 27
58 50 319
58 52 138
58 54 105
58 55 310
58 57 418
58 60 241
58 61 270
58 65 479
58 71 225
58 72 106
58 73 384
58 74 212
58 76 163
58 78 417
58 82 245
58 83 202
58 85 464
58 86 299
58 87 184
58 89 419
58 90 367
58 91 449
58 93 300
58 95 409
58 96 304
58 97 252
58 98 443
58 99 60
59 2 475
59 6 285
59 12 36
59 13 421
59 17 370
59 18 26
59 19 390
59 20 363
59 21 332
59 24 354
59 25 242
59 26 184
59 29 467
59 31 135
59 34 84
59 35 350
59 37 376
59 39 96
59 40 385
59 41 437
59 43 413
59 46 214
59 48 144
59 49 193
59 50 280
59 52 185
59 53 310
59 54 368
59 58 40
59 60 434
59 61 442
59 63 453
59 65 125
59 67 198
59 68 321
59 70 46
59 71 61
59 73 193
59 75 79
59 76 277
59 78 140
59 79 227
59 81 434
59 83 181
59 86 152
59 87 118
59 93 165
59 96 37
59 98 220
59 99 69
60 1 377
60 2 211
60 6 452
60 7 5
60 9 221
60 10 137
60 15 385
60 16 97
60 20 441
60 21 219
60 23 372
60 27 25
60 29 168
60 30 368
60 33 19
60 34 251
60 37 381
60 39 253
60 42 290
60 45 242
60 46 158
60 47 91
60 55 198
60 56 405
60 59 451
60 65 176
60 66 316
60 67 430
60 69 214
60 70 358
60 74 34
60 77 162
60 79 446
60 81 416
60 82 131
60 85 324
60 86 167
60 89 4
60 90 383
60 91 178
60 92 342
60 95 48
60 98 272
61 1 87
61 4 100
61 5 20
61 6 463
61 7 80
61 8 308
61 9 407
61 10 444
61 17 76
61 20 345
61 21 166
61 22 78
61 23 132
61 24 121
61 25 355
61 27 430
61 28 472
61 29 302
61 30 192
61 33 441
61 34 230
61 36 215
61 37 256
61 39 150
61 40 331
61 41 441
61 42 319
61 43 360
61 46 141
61 47 252
61 48 76
61 49 58
61 50 65
61 51 414
61 52 294
61 53 238
61 54 367
61 56 122
61 57 320
61 58 228
61 60 328
61 62 61
61 63 145
61 64 462
61 66 15
61 68 450
61 70 106
61 72 395
61 73 293
61 74 233
61 78 132
61 79 429
61 80 269
61 83 170
61 84 364
61 85 14
61 86 306
61 88 181
61 89 233
61 90 353
61 91 88
61 92 385
61 95 240
61 96 188
61 97 76
61 100 471
62 3 228
62 4 269
62 5 184
62 16 426
62 17 188
62 18 353
62 20 415
62 22 19
62 24 7
62 26 13
62 29 79
62 33 129
62 36 363
62 38 114
62 40 8
62 42 425
62 43 314
62 44 353
62 46 135
62 47 1
62 48 129
62 49 353
62 52 422
62 57 435
62 59 100
62 60 267
62 61 201
62 63 263
62 65 36
62 66 53
62 69 258
62 70 153
62 71 114
62 72 245
62 74 443
62 75 421
62 76 217
62 77 319
62 78 467
62 80 117
62 83 205
62 87 144
62 88 255
62 89 57
62 93 386
62 96 435
63 3 299
63 4 272
63 5 320
63 6 61
63 12 379
63 13 273
63 14 355
63 15 248
63 20 229
63 29 299
63 36 16
63 38 178
63 40 144
63 42 454
63 43 136
63 46 237
63 47 374
63 48 201
63 52 40
63 53 349
63 57 16
63 58 296
63 61 55
63 62 213
63 67 265
63 68 132
63 69 471
63 70 475
63 72 114
63 75 188
63 76 478
63 80 360
63 82 464
63 84 75
63 87 332
63 88 399
63 90 57
63 91 445
63 99 104
63 100 249
64 1 259
64 3 350
64 4 1
64 6 437
64 8 413
64 9 414
64 11 100
64 13 296
64 15 287
64 16 291
64 17 254
64 19 44
64 21 447
64 26 317
64 32 396
64 35 294
64 37 27
64 41 275
64 42 22
64 46 215
64 48 425
64 49 245
64 50 295
64 54 275
64 60 370
64 61 398
64 62 43
64 63 384
64 67 366
64 68 121
64 69 264
64 71 166
64 72 398
64 74 413
64 76 230
64 78 419
64 80 227
64 82 52
64 83 40
64 84 125
64 86 258
64 88 318
64 89 166
64 90 253
64 92 45
64 95 11
64 96 179
64 97 11
64 98 75
65 4 463
65 5 198
65 6 135
65 7 167
65 9 447
65 12 131
65 13 108
65 14 439
65 16 411
65 19 143
65 20 83
65 22 274
65 24 376
65 27 13
65 29 277
65 31 203
65 32 62
65 33 186
65 36 32
65 38 275
65 39 244
65 40 8
65 42 378
65 43 152
65 44 7
65 45 427
65 46 39
65 52 281
65 54 364
65 55 421
65 56 25
65 58 200
65 59 444
65 60 155
65 62 111
65 67 230
65 69 285
65 70 71
65 72 282
65 73 62
65 78 268
65 80 388
65 84 302
65 86 294
65 87 405
65 89 380
65 90 312
65 92 475
65 93 13
65 97 191
65 98 235
66 2 1
66 7 261
66 8 164
66 9 462
66 10 213
66 15 407
66 16 112
66 17 426
66 18 66
66 22 108
66 23 303
66 25 219
66 28 164
66 30 156
66 31 34
66 32 436
66 33 276
66 34 304
66 37 41
66 41 426
66 42 13
66 43 306
66 44 336
66 47 177
66 48 241
66 51 371
66 59 264
66 60 47
66 64 350
66 65 342
66 68 121
66 69 173
66 74 453
66 75 317
66 76 73
66 81 332
66 82 261
66 83 444
66 86 157
66 90 423
66 93 231
66 95 242
66 96 261
66 98 36
67 4 30
67 5 402
67 7 410
67 8 129
67 9 419
67 12 446
67 17 257
67 18 110
67 28 296
67 29 169
67 30 330
67 31 350
67 32 97
67 33 164
67 36 136
67 37 41
67 40 393
67 41 205
67 42 36
67 47 398
67 50 177
67 51 447
67 52 311
67 53 289
67 54 118
67 55 218
67 59 437
67 60 56
67 61 297
67 62 56
67 65 345
67 70 388
67 71 460
67 72 366
67 75 407
67 77 346
67 79 393
67 80 24
67 81 173
67 83 318
67 84 95
67 85 427
67 87 263
67 91 134
67 94 140
67 95 200
67 96 27
67 98 466
67 99 264
68 1 450
68 6 351
68 7 48
68 8 370
68 11 315
68 13 20
68 15 200
68 16 3
68 18 268
68 22 316
68 24 242
68 26 294
68 28 391
68 29 299
68 32 368
68 33 248
68 35 289
68 37 293
68 38 136
68 39 392
68 41 275
68 44 11
68 45 445
68 46 343
68 47 5
68 49 308
68 51 271
68 58 91
68 59 226
68 61 470
68 64 132
68 65 350
68 66 317
68 70 159
68 71 180
68 72 445
68 74 379
68 75 286
68 78 357
68 80 32
68 82 40
68 83 146
68 84 255
68 85 112
68 88 422
68 89 241
68 90 39
68 91 186
68 92 95
68 93 20
68 95 13
68 98 319
69 1 454
69 5 118
69 6 391
69 8 362
69 9 9
69 12 290
69 13 166
69 14 259
69 16 210
69 17 334
69 19 103
69 20 403
69 25 236
69 26 369
69 27 470
69 32 263
69 35 225
69 36 216
69 37 195
69 39 233
69 40 413
69 41 228
69 42 256
69 43 126
69 44 85
69 45 318
69 46 66
69 47 197
69 48 138
69 49 395
69 50 164
69 54 102
69 55 177
69 56 194
69 58 267
69 59 78
69 60 361
69 62 14
69 63 459
69 65 104
69 68 7
69 76 219
69 77 413
69 78 479
69 79 46
69 82 386
69 87 470
69 89 200
69 90 92
69 91 349
69 92 225
69 96 253
69 98 165
70 1 197
70 5 132
70 6 315
70 8 15
70 9 411
70 10 13
70 11 305
70 12 438
70 13 42
70 14 457
70 15 247
70 16 339
70 17 363
70 18 107
70 19 298
70 23 282
70 24 40
70 25 114
70 27 405
70 34 416
70 39 101
70 44 129
70 46 382
70 47 367
70 50 369
70 52 233
70 53 438
70 55 430
70 58 420
70 60 98
70 61 400
70 62 414
70 63 447
70 64 383
70 67 215
70 71 136
70 72 119
70 75 283
70 77 147
70 78 238
70 81 25
70 82 346
70 83 14
70 84 134
70 85 30
70 90 270
70 91 232
70 92 275
70 93 113
70 96 101
70 98 15
70 100 136
71 1 200
71 2 225
71 6 308
71 8 100
71 10 50
71 11 241
71 12 269
71 14 331
71 15 187
71 16 270
71 19 93
71 20 415
71 21 465
71 26 6
71 27 5
71 28 101
71 29 224
71 30 475
71 31 371
71 33 106
71 35 154
71 37 326
71 38 384
71 39 220
71 41 258
71 42 176
71 43 146
71 45 42
71 47 359
71 49 420
71 52 434
71 53 94
71 54 36
71 55 339
71 57 56
71 59 442
71 60 255
71 62 242
71 63 215
71 65 345
71 66 262
71 68 22
71 69 177
71 70 392
71 72 103
71 75 50
71 76 272
71 78 305
71 80 266
71 81 127
71 82 127
71 83 53
71 84 401
71 85 384
71 89 331
71 90 152
71 94 271
71 97 157
71 98 122
71 100 210
72 3 290
72 7 427
72 12 41
72 14 160
72 15 402
72 19 216
72 20 294
72 23 319
72 26 416
72 29 413
72 31 102
72 33 256
72 34 114
72 37 434
72 38 27
72 40 339
72 46 188
72 47 150
72 50 285
72 53 76
72 55 136
72 56 78
72 57 106
72 58 364
72 62 276
72 70 23
72 74 429
72 75 77
72 76 341
72 78 100
72 79 30
72 80 320
72 81 58
72 85 344
72 90 18
72 93 416
72 95 328
72 96 22
72 97 467
72 99 55
72 100 102
73 1 80
73 2 48
73 3 154
73 4 324
73 5 318
73 7 101
73 14 384
73 17 328
73 18 75
73 22 91
73 23 154
73 24 61
73 26 116
73 28 132
73 29 324
73 30 32
73 31 256
73 33 331
73 34 478
73 35 416
73 37 371
73 38 150
73 39 427
73 40 166
73 42 69
73 43 68
73 47 266
73 48 88
73 50 265
73 51 161
73 52 336
73 53 235
73 54 163
73 57 85
73 60 39
73 61 192
73 62 254
73 63 51
73 64 184
73 66 306
73 67 375
73 70 259
73 71 46
73 74 101
73 76 463
73 77 262
73 78 167
73 79 270
73 80 356
73 84 475
73 87 247
73 88 189
73 92 61
73 93 86
73 95 343
73 96 67
73 99 422
74 2 123
74 4 250
74 5 460
74 6 349
74 7 474
74 10 162
74 11 153
74 12 134
74 15 255
74 18 40
74 19 21
74 20 241
74 25 408
74 26 101
74 28 37
74 31 110
74 32 242
74 33 394
74 34 331
74 36 386
74 37 310
74 38 392
74 39 238
74 40 77
74 41 383
74 46 411
74 50 190
74 52 403
74 55 389
74 56 426
74 58 275
74 59 207
74 61 425
74 62 359
74 68 22
74 71 24
74 77 207
74 80 106
74 84 424
74 85 149
74 86 472
74 87 178
74 88 342
74 89 439
74 93 420
74 94 365
74 98 443
74 100 322
75 2 285
75 10 338
75 11 456
75 13 71
75 15 429
75 17 97
75 20 209
75 22 294
75 24 298
75 25 158
75 26 254
75 27 300
75 28 56
75 31 373
75 32 422
75 34 108
75 35 192
75 36 252
75 37 46
75 38 116
75 39 194
75 43 109
75 45 27
75 47 103
75 53 113
75 55 305
75 56 92
75 57 294
75 61 369
75 62 243
75 64 111
75 65 88
75 67 456
75 68 243
75 70 226
75 73 83
75 76 29
75 78 450
75 79 62
75 89 87
75 90 416
75 93 233
75 94 330
75 96 135
75 97 163
75 100 173
76 2 464
76 5 123
76 7 193
76 10 280
76 14 394
76 17 223
76 18 126
76 20 329
76 21 338
76 22 54
76 24 167
76 26 270
76 27 253
76 28 25
76 29 175
76 30 330
76 31 21
76 37 353
76 38 157
76 39 310
76 40 221
76 41 347
76 42 394
76 44 322
76 48 305
76 51 473
76 54 62
76 56 326
76 62 325
76 64 442
76 66 51
76 67 266
76 69 250
76 70 316
76 74 229
76 77 228
76 78 240
76 79 429
76 80 478
76 81 436
76 82 89
76 83 469
76 86 228
76 93 300
76 94 401
76 95 399
77 5 13
77 6 91
77 7 26
77 9 465
77 10 223
77 16 373
77 18 110
77 19 60
77 20 291
77 26 407
77 28 459
77 31 162
77 32 56
77 33 22
77 34 168
77 35 303
77 36 46
77 37 215
77 39 440
77 40 391
77 41 406
77 43 447
77 45 460
77 46 67
77 47 357
77 49 134
77 51 25
77 54 4
77 58 159
77 61 409
77 62 464
77 63 179
77 68 456
77 70 118
77 72 271
77 73 36
77 74 453
77 76 265
77 78 373
77 80 234
77 82 383
77 83 410
77 84 103
77 85 18
77 86 420
77 89 63
77 91 162
77 92 420
77 93 444
77 97 389
77 99 251
77 100 282
78 1 74
78 3 96
78 8 204
78 9 361
78 10 407
78 17 457
78 18 389
78 19 378
78 21 221
78 22 383
78 26 86
78 27 65
78 28 224
78 31 133
78 33 186
78 34 400
78 35 100
78 37 198
78 38 144
78 41 61
78 44 398
78 47 378
78 48 102
78 50 421
78 51 65
78 52 178
78 57 363
78 59 477
78 60 316
78 61 433
78 62 379
78 63 169
78 67 193
78 68 153
78 70 225
78 73 239
78 74 407
78 77 303
78 79 167
78 82 453
78 83 199
78 85 44
78 86 273
78 87 240
78 88 220
78 90 331
78 91 68
78 92 297
78 93 18
78 94 187
78 95 279
78 97 30
78 99 360
78 100 387
79 2 318
79 3 313
79 5 371
79 6 413
79 7 132
79 8 164
79 9 457
79 11 259
79 13 115
79 16 360
79 21 47
79 26 16
79 27 364
79 29 317
79 30 112
79 32 195
79 36 142
79 38 349
79 40 32
79 44 50
79 45 298
79 46 158
79 47 475
79 52 249
79 54 439
79 55 205
79 60 237
79 62 389
79 63 238
79 65 371
79 66 370
79 69 405
79 70 215
79 72 20
79 73 420
79 77 282
79 83 149
79 86 205
79 89 233
79 94 175
79 100 337
80 1 366
80 2 371
80 3 224
80 4 255
80 5 44
80 6 144
80 7 150
80 9 276
80 11 357
80 13 108
80 14 314
80 17 309
80 19 8
80 21 17
80 22 72
80 23 177
80 28 294
80 30 134
80 31 19
80 32 45
80 33 387
80 34 324
80 35 297
80 39 433
80 40 233
80 41 321
80 43 143
80 46 237
80 48 125
80 49 476
80 51 273
80 52 68
80 60 409
80 62 106
80 64 69
80 66 245
80 70 267
80 71 85
80 72 452
80 74 392
80 76 140
80 77 327
80 78 464
80 83 124
80 84 36
80 85 426
80 86 116
80 88 151
80 90 32
80 92 413
80 94 59
80 95 85
80 99 312
81 1 236
81 2 343
81 5 284
81 7 142
81 9 6
81 11 259
81 12 367
81 16 294
81 18 196
81 19 22
81 20 119
81 21 466
81 23 312
81 25 448
81 28 223
81 29 394
81 30 478
81 31 390
81 32 185
81 33 292
81 35 54
81 38 427
81 39 433
81 41 133
81 44 320
81 46 223
81 48 114
81 51 233
81 52 9
81 53 388
81 56 160
81 57 252
81 62 343
81 65 46
81 66 396
81 68 123
81 69 450
81 72 299
81 74 249
81 75 377
81 76 353
81 78 400
81 79 31
81 85 149
81 88 375
81 91 319
81 92 345
81 93 247
81 94 262
81 96 264
81 98 42
81 99 450
82 1 465
82 2 38
82 3 40
82 5 201
82 8 378
82 9 197
82 16 61
82 17 142
82 18 51
82 19 29
82 20 192
82 21 52
82 23 7
82 24 424
82 27 240
82 29 457
82 30 298
82 32 173
82 35 108
82 36 35
82 37 458
82 38 40
82 40 451
82 43 37
82 44 301
82 45 406
82 47 74
82 48 142
82 52 360
82 53 186
82 55 420
82 57 362
82 58 232
82 59 155
82 60 24
82 62 208
82 63 147
82 66 150
82 70 348
82 74 430
82 76 51
82 79 477
82 81 474
82 86 31
82 87 240
82 91 297
82 92 324
82 93 143
82 94 142
82 97 208
82 99 415
82 100 416
83 1 425
83 4 135
83 13 340
83 14 15
83 15 267
83 17 291
83 18 293
83 23 356
83 25 303
83 26 479
83 28 234
83 31 427
83 32 349
83 33 309
83 36 389
83 39 262
83 40 459
83 41 155
83 44 370
83 45 254
83 46 201
83 48 217
83 51 90
83 53 188
83 56 163
83 59 220
83 61 216
83 63 459
83 66 410
83 67 273
83 69 115
83 71 90
83 73 115
83 76 93
83 78 320
83 79 7
83 82 151
83 85 377
83 87 310
83 88 405
83 89 254
83 91 100
83 93 272
83 98 176
83 100 289
84 1 397
84 3 106
84 6 15
84 8 352
84 12 476
84 13 292
84 18 299
84 19 213
84 20 363
84 21 97
84 22 46
84 27 165
84 32 374
84 33 405
84 34 469
84 35 392
84 37 426
84 38 248
84 40 14
84 41 270
84 42 440
84 43 170
84 44 143
84 45 396
84 46 230
84 48 294
84 49 71
84 51 260
84 52 374
84 53 137
84 59 131
84 60 368
84 62 6
84 63 45
84 65 450
84 66 147
84 68 132
84 73 214
84 75 1
84 77 359
84 79 59
84 83 45
84 87 418
84 88 366
84 91 80
84 92 271
84 93 215
84 95 226
84 99 332
84 100 81
85 1 337
85 4 88
85 6 382
85 7 65
85 10 248
85 11 123
85 12 76
85 13 100
85 16 287
85 17 353
85 20 184
85 21 377
85 22 319
85 25 257
85 32 56
85 33 337
85 34 440
85 35 16
85 37 468
85 40 319
85 41 11
85 43 283
85 48 230
85 49 286
85 54 76
85 57 87
85 58 12
85 59 5
85 63 253
85 64 143
85 65 137
85 66 330
85 67 71
85 69 245
85 70 240
85 71 432
85 73 326
85 74 420
85 76 286
85 78 63
85 79 223
85 80 365
85 81 276
85 86 308
85 88 422
85 91 106
85 92 153
85 93 279
85 94 29
85 95 478
85 96 160
85 97 53
85 100 185
86 4 233
86 9 426
86 10 55
86 11 439
86 15 135
86 16 368
86 18 13
86 19 168
86 23 232
86 24 284
86 25 241
86 26 419
86 28 130
86 30 208
86 31 472
86 34 382
86 37 196
86 38 307
86 40 457
86 43 100
86 44 181
86 46 181
86 48 78
86 49 217
86 50 433
86 52 113
86 57 315
86 58 390
86 59 51
86 60 146
86 61 180
86 62 366
86 64 420
86 67 64
86 68 308
86 74 215
86 77 302
86 79 103
86 81 184
86 82 346
86 85 429
86 87 1
86 88 347
86 94 442
86 96 47
86 97 217
86 99 405
87 1 53
87 2 245
87 3 60
87 6 367
87 9 326
87 11 282
87 12 175
87 13 372
87 14 455
87 15 299
87 17 298
87 18 77
87 21 348
87 23 90
87 24 333
87 25 165
87 28 331
87 29 159
87 33 140
87 35 421
87 38 365
87 42 230
87 43 233
87 44 293
87 47 48
87 48 369
87 49 433
87 50 70
87 53 106
87 54 425
87 55 31
87 57 357
87 65 247
87 67 76
87 68 457
87 69 363
87 70 271
87 71 400
87 72 297
87 73 471
87 75 69
87 76 24
87 77 43
87 78 204
87 80 92
87 82 292
87 83 89
87 84 345
87 88 450
87 91 364
87 92 116
87 93 227
87 94 78
87 95 115
87 100 81
88 1 86
88 2 421
88 3 200
88 5 336
88 6 142
88 17 88
88 18 358
88 22 318
88 26 405
88 28 255
88 29 171
88 30 364
88 31 373
88 33 229
88 34 174
88 35 95
88 36 91
88 40 442
88 43 233
88 44 50
88 46 449
88 48 435
88 49 403
88 50 60
88 52 124
88 53 102
88 54 80
88 58 459
88 61 130
88 63 411
88 70 98
88 76 285
88 78 362
88 79 171
88 80 105
88 81 365
88 82 323
88 83 195
88 84 390
88 86 134
88 87 381
88 89 91
88 91 126
88 98 73
89 2 252
89 3 316
89 4 216
89 9 310
89 10 379
89 11 440
89 13 179
89 19 173
89 21 102
89 27 334
89 31 90
89 33 17
89 37 157
89 39 352
89 41 240
89 42 252
89 43 204
89 46 266
89 47 327
89 48 250
89 49 67
89 52 219
89 53 160
89 58 323
89 60 322
89 62 29
89 66 132
89 68 185
89 69 297
89 72 156
89 77 303
89 79 451
89 82 123
89 84 474
89 85 408
89 87 106
89 92 126
89 93 28
89 95 467
89 98 440
89 100 420
90 9 21
90 10 231
90 13 397
90 16 444
90 17 80
90 19 341
90 20 75
90 26 153
90 27 264
90 29 155
90 32 459
90 33 75
90 34 379
90 35 30
90 38 372
90 39 198
90 41 469
90 42 168
90 45 381
90 52 323
90 54 235
90 55 92
90 56 191
90 60 30
90 61 33
90 62 140
90 63 383
90 64 295
90 65 329
90 66 148
90 67 225
90 69 59
90 70 195
90 73 147
90 74 431
90 75 348
90 77 385
90 79 308
90 80 302
90 81 300
90 82 345
90 83 281
90 84 145
90 85 109
90 86 319
90 91 36
90 94 91
90 97 249
90 98 377
90 99 50
91 3 120
91 4 5
91 6 379
91 7 171
91 9 138
91 13 297
91 17 14
91 18 335
91 19 443
91 22 237
91 23 228
91 24 267
91 26 387
91 27 76
91 29 55
91 32 410
91 34 166
91 35 185
91 36 61
91 37 121
91 40 329
91 41 429
91 42 71
91 45 272
91 46 345
91 48 393
91 50 387
91 51 219
91 52 245
91 53 261
91 54 92
91 55 120
91 57 375
91 58 230
91 59 372
91 60 301
91 61 337
91 64 202
91 65 478
91 67 417
91 69 295
91 70 312
91 71 316
91 73 367
91 75 5
91 77 454
91 79 258
91 81 420
91 83 237
91 84 243
91 87 138
91 88 283
91 89 163
91 92 36
91 98 125
91 99 82
91 100 3
92 6 340
92 7 113
92 9 11
92 10 458
92 11 366
92 13 85
92 16 95
92 17 308
92 19 418
92 21 353
92 24 2
92 25 124
92 26 57
92 27 342
92 28 118
92 32 336
92 34 330
92 35 439
92 36 156
92 38 276
92 39 288
92 44 138
92 47 460
92 48 208
92 49 269
92 50 443
92 51 368
92 53 266
92 56 215
92 57 75
92 58 417
92 60 48
92 64 365
92 65 224
92 66 459
92 67 447
92 68 127
92 69 385
92 70 12
92 71 74
92 72 351
92 73 287
92 74 318
92 77 23
92 78 343
92 80 107
92 82 442
92 84 137
92 86 311
92 87 370
92 90 130
92 93 147
92 94 348
92 95 16
92 98 98
92 100 120
93 1 143
93 3 81
93 4 345
93 8 19
93 12 391
93 14 186
93 15 403
93 19 154
93 20 91
93 21 79
93 22 37
93 24 430
93 30 17
93 31 141
93 32 396
93 38 284
93 40 99
93 46 103
93 47 324
93 49 321
93 50 87
93 51 153
93 52 198
93 58 280
93 63 260
93 68 366
93 69 33
93 70 31
93 71 461
93 73 472
93 74 21
93 76 100
93 81 195
93 82 35
93 83 171
93 86 24
93 87 80
93 88 470
93 90 262
93 94 250
93 98 35
93 99 275
94 2 78
94 3 179
94 4 204
94 5 39
94 11 430
94 12 51
94 13 193
94 18 267
94 19 453
94 21 138
94 22 260
94 26 28
94 29 316
94 30 395
94 32 478
94 34 194
94 37 250
94 40 409
94 42 429
94 43 80
94 44 19
94 45 279
94 49 303
94 54 67
94 56 25
94 57 42
94 59 275
94 60 46
94 61 144
94 62 244
94 63 254
94 64 113
94 66 98
94 67 439
94 68 2
94 69 42
94 70 396
94 71 267
94 73 417
94 74 11
94 78 133
94 79 287
94 85 414
94 86 198
94 89 324
94 91 449
94 96 161
94 98 178
94 100 474
95 3 373
95 5 121
95 7 413
95 9 327
95 13 124
95 14 200
95 15 365
95 18 52
95 20 389
95 21 397
95 23 165
95 26 334
95 27 11
95 29 275
95 31 268
95 32 338
95 35 350
95 36 99
95 37 281
95 38 379
95 39 233
95 41 351
95 44 274
95 46 384
95 49 479
95 50 357
95 52 414
95 53 11
95 55 241
95 59 367
95 60 210
95 62 175
95 64 146
95 69 240
95 71 56
95 72 55
95 78 212
95 80 374
95 82 274
95 83 357
95 85 271
95 87 258
95 88 328
95 91 369
95 94 389
95 96 35
95 97 358
95 98 398
95 100 298
96 3 374
96 9 23
96 10 353
96 11 377
96 13 225
96 15 118
96 16 132
96 17 113
96 26 462
96 27 67
96 29 190
96 30 292
96 31 170
96 33 223
96 34 70
96 36 391
96 37 320
96 39 335
96 40 155
96 41 22
96 43 124
96 44 167
96 47 237
96 49 322
96 54 11
96 55 317
96 56 300
96 58 433
96 63 234
96 64 300
96 73 240
96 75 357
96 76 65
96 77 438
96 78 361
96 80 47
96 81 298
96 84 340
96 86 61
96 87 374
96 91 238
96 94 66
96 95 462
96 99 41
96 100 180
97 1 78
97 2 232
97 3 140
97 5 33
97 6 132
97 8 428
97 9 355
97 10 406
97 12 423
97 14 211
97 17 94
97 19 84
97 21 287
97 23 383
97 25 336
97 27 122
97 31 75
97 33 336
97 36 264
97 37 102
97 41 146
97 42 414
97 44 10
97 45 132
97 50 232
97 51 9
97 57 441
97 58 41
97 59 188
97 60 233
97 61 451
97 62 56
97 65 258
97 66 103
97 67 96
97 68 222
97 69 422
97 70 174
97 72 130
97 73 331
97 74 131
97 75 459
97 76 121
97 79 228
97 82 121
97 84 162
97 85 139
97 89 197
97 91 38
97 92 366
97 95 386
97 96 404
97 100 455
98 1 295
98 2 312
98 5 71
98 6 334
98 9 154
98 10 156
98 13 139
98 14 73
98 17 455
98 18 362
98 20 45
98 22 310
98 23 94
98 25 104
98 26 202
98 27 24
98 28 51
98 29 370
98 34 255
98 35 403
98 38 172
98 39 316
98 40 181
98 41 444
98 44 3
98 45 301
98 48 55
98 52 24
98 53 38
98 54 350
98 56 64
98 60 451
98 61 292
98 62 175
98 64 307
98 68 101
98 69 345
98 70 248
98 71 35
98 72 29
98 76 468
98 77 221
98 83 184
98 84 312
98 86 236
98 87 451
98 89 327
98 90 327
98 93 451
99 1 444
99 3 167
99 4 81
99 5 357
99 6 302
99 7 254
99 8 478
99 10 376
99 14 365
99 15 158
99 17 182
99 20 227
99 23 184
99 24 474
99 26 380
99 27 356
99 28 272
99 31 461
99 33 468
99 34 251
99 35 349
99 38 125
99 39 348
99 41 139
99 42 33
99 48 121
99 52 261
99 53 223
99 55 354
99 57 301
99 61 230
99 62 134
99 68 300
99 72 46
99 73 233
99 74 414
99 75 34
99 76 163
99 78 32
99 81 228
99 82 71
99 84 395
99 86 337
99 87 94
99 89 212
99 90 175
99 95 215
99 96 35
99 98 458
100 1 402
100 2 22
100 5 110
100 6 54
100 7 256
100 8 71
100 9 393
100 11 291
100 12 175
100 13 426
100 14 468
100 15 278
100 17 146
100 18 92
100 20 152
100 22 300
100 23 191
100 24 416
100 25 196
100 27 197
100 28 275
100 29 327
100 30 463
100 36 110
100 39 414
100 41 256
100 44 222
100 47 333
100 50 123
100 52 313
100 57 303
100 58 340
100 66 392
100 70 67
100 71 20
100 72 82
100 73 303
100 74 112
100 78 169
100 79 112
100 81 301
100 82 122
100 85 378
100 87 279
100 88 324
100 89 276
100 90 336
100 93 184
100 95 412
100 99 169
14 62 22
3 77 64
89 63 377
77 29 311
1 39 409
99 65 458
70 44 11
15 19 321
97 17 302
63 62 115
5 75 429
19 77 357
83 18 180
40 94 48
23 94 446
25 44 430
63 13 65
86 79 263
87 76 172
1 38 413
89 94 228
38 12 376
15 46 33
7 85 358
75 59 103
33 83 106
56 98 451
21 83 421
57 70 216
9 22 125
74 10 458
14 99 21
31 14 446
16 72 62
70 31 3
89 86 460
20 7 83
81 15 24
70 23 105
95 48 315
66 62 345
47 44 458
26 11 450
88 57 368
9 27 178
65 15 56
17 86 194
100 18 248
56 39 262
82 34 169
69 51 70
54 49 85
5 74 376
27 62 212
47 22 50
97 86 124
33 55 21
27 54 291
35 62 189
69 95 194
99 15 284
41 20 353
27 24 366
75 2 259
27 48 173
10 45 110
54 29 404
88 56 50
39 42 31
28 11 325
3 61 159
79 1 358
52 79 294
51 53 415
62 32 355
95 41 291
66 46 279
42 85 386
72 23 28
63 3 170
100 5 150
99 83 390
70 87 241
16 89 205
63 50 16
58 45 428
1 62 126
73 3 90
99 27 5
19 89 187
49 89 223
82 60 103
55 75 411
80 38 13
89 47 169
37 48 382
35 20 224
66 70 450
71 89 131
30 37 71
93 28 301
90 9 221
26 63 347
49 94 136
74 82 423
43 71 282
25 5 473
62 22 422
24 92 30
75 73 427
18 65 194
100 7 74
93 84 308
12 84 13
69 58 295
72 100 365
74 77 221
47 38 83
41 61 306
72 36 119
91 5 223
85 4 281
91 48 396
11 60 20
24 28 477
71 51 368
36 76 204
58 74 81
1 14 194
87 85 321
98 75 405
22 11 141
55 53 228
72 63 279
24 39 206
81 9 176
41 97 471
78 6 124
99 58 38
33 44 114
6 94 429
32 15 311
13 21 444
93 44 398
33 67 316
51 99 237
68 40 173
11 17 218
28 67 455
58 52 230
24 57 143
13 40 289
17 52 342
21 45 345
39 29 192
48 79 230
65 98 221
30 9 17
48 88 276
75 97 359
45 20 235
61 85 55
42 1 438
44 21 174
90 11 22
2 10 61
64 74 338
66 3 238
35 2 237
71 76 373
10 73 25
58 33 229
45 74 81
83 70 281
18 59 363
32 12 293
25 75 178
16 40 193
66 75 74
4 97 22
89 59 266
94 16 470
35 60 315
76 94 144
89 63 302
65 95 373
50 19 108
8 34 79
73 100 433
40 55 102
82 95 180
100 41 295
50 75 246
25 3 119
70 43 442
24 7 148
38 56 258
78 64 152
57 88 163
63 27 49
65 60 183
25 59 463
52 8 158
90 33 52
69 54 74
63 77 461
3 66 416
62 43 471
6 52 211
49 14 317
98 30 77
41 54 235
77 57 303
35 46 467
99 66 392
53 81 28
66 35 326
83 96 208
66 1 459
37 1 424
87 98 333
44 91 238
11 67 434
34 53 431
93 51 349
57 55 21
98 21 75
4 55 291
52 72 83
4 61 224
68 47 281
62 90 183
60 100 41
67 86 13
70 30 375
39 87 370
40 84 330
76 87 64
59 90 395
42 93 95
26 61 313
60 74 422
35 33 274
77 51 171
70 21 452
66 59 70
68 51 13
38 78 351
14 36 333
61 29 65
69 7 197
22 66 102
17 52 147
11 28 157
94 50 437
6 15 248
9 34 90
94 23 167
66 36 34
31 96 382
88 64 220
6 38 85
100 54 257
27 16 296
5 9 345
54 66 171
14 74 144
24 20 466
11 37 113
37 67 89
40 54 104
100 11 121
78 11 434
7 37 229
15 41 29
21 47 287
92 60 112
49 84 351
75 46 267
89 83 193
50 74 419
26 25 309
88 54 319
54 60 468
36 27 80
77 47 426
84 90 186
69 38 281
72 65 46
60 5 348
65 6 1
76 31 186
46 18 379
77 24 231
45 59 389
58 87 15
64 71 336
82 91 186
83 62 30
82 73 206
10 38 451
64 65 261
42 10 111
73 39 306
16 35 244
85 92 50
52 56 12
9 89 114
55 72 356
17 5 268
83 14 397
54 29 202
7 70 343
30 95 181
76 10 56
32 95 399
75 98 454
39 6 23
94 12 346
10 28 30
50 62 255
80 67 64
74 26 345
29 55 39
23 31 81
51 62 27
70 36 244
97 75 110
12 20 33
50 81 173
40 30 254
47 61 121
83 86 386
41 67 72
40 89 222
1 39 216
65 56 377
27 19 416
100 68 96
53 59 38
20 6 30
53 40 148
11 80 254
23 20 402
66 72 392
22 32 143
65 48 239
35 74 317
23 73 117
92 78 275
42 97 440
4 49 292
52 59 431
66 33 162
20 98 46
64 71 109
68 88 116
79 74 49
56 96 293
5 39 62
61 80 90
73 36 370
25 87 328
57 5 261
59 24 390
37 40 453
46 7 200
2 85 105
83 92 360
89 97 71
71 57 362
2 29 177
32 6 144
73 62 260
46 72 223
68 9 394
61 6 340
93 8 44
98 42 48
51 30 244
42 53 172
64 6 272
74 37 357
18 61 250
18 58 242
93 26 122
8 86 127
80 31 246
37 28 48
85 30 49
81 71 441
33 87 226
65 60 255
3 29 247
53 98 465
27 42 82
9 49 287
49 81 289
95 17 97
35 1 38
57 81 441
30 65 227
9 29 278
24 31 258
3 36 75
40 62 176
2 23 477
2 71 357
31 17 213
40 4 445
79 60 337
40 41 61
39 49 241
97 24 404
35 27 319
22 66 452
98 68 94
75 69 76
84 51 165
9 91 408
86 69 119
43 60 219
16 98 328
70 46 443
54 32 109
25 53 367
57 50 466
64 77 86
40 60 476
85 21 166
85 6 26
96 1 145
48 68 14
48 37 39
71 42 350
21 66 62
40 23 184
26 38 360
32 77 211
88 14 431
87 50 377
5 46 257
31 45 356
57 92 213
77 62 454
27 34 440
82 25 14
86 50 231
18 33 79
61 73 204
73 59 54
42 15 451
11 97 175
47 54 386
72 30 439
87 8 445
19 89 289
25 26 439
68 43 243
87 56 435
72 28 445
6 21 300
89 31 16
64 29 89
82 1 78
13 39 78
78 57 406
68 33 384
59 100 18
82 86 353
30 9 380
35 66 92
55 54 2
24 17 83
93 50 323
44 63 441
2 40 269
100 59 301
24 69 160
43 3 277
16 32 26
69 66 291
41 73 85
79 88 95
14 83 177
35 84 368
64 84 479
77 7 467
37 1 449
34 17 380
92 85 226
64 77 30
41 72 65
34 50 164
29 63 407
38 49 262
87 64 137
46 40 416
25 28 156
55 14 192
