100
4879 5333 9716 6700
4988 6675 9210 7675
1126 4647 4963 5368
1163 2205 6005 4019
2577 3418 7102 2273
513 819 3485 2197
969 7403 3402 9032
4126 4212 7957 2983
2391 4647 5615 3781
4846 7178 7093 5971
1408 2686 5059 3722
2990 5417 6695 6835
487 7625 2834 5716
5954 2518 9631 2853
1151 5644 4847 5690
3074 3713 7568 2136
864 4556 4350 5860
3359 1589 5502 1017
650 5922 3677 7618
6438 3834 8754 5535
444 330 3404 443
6334 5464 9160 4986
2641 7543 6203 9531
3586 6338 7334 5843
4338 5583 6895 7261
5672 2520 9000 1210
6164 4623 8968 3427
2902 1397 6727 2844
5219 7948 7249 7920
6302 7899 8410 8858
2054 5517 6600 6315
6445 2715 9594 2157
5641 4090 9121 2323
5978 7711 9078 8184
3894 1655 8715 1774
4264 1746 6612 3547
2730 5082 5342 4517
5083 7831 8587 6529
4928 3455 8418 4314
5053 1023 7569 2812
2841 7786 6458 8951
205 5142 2483 5653
5428 1184 9649 1554
5168 1958 7472 3349
769 7414 5301 6993
2930 7498 6551 7133
4834 2232 9335 3133
2187 1293 5261 218
3190 2972 6313 2208
3891 3182 7161 3017
3037 3503 6125 2288
4881 3505 9629 2305
7874 1278 9947 2673
2598 2866 7016 2891
437 7413 3007 8844
3231 7106 5994 8771
901 3355 3929 2633
2255 3482 6206 1887
1545 6242 3608 6204
389 229 2812 808
3186 6420 5340 5412
4218 6894 7778 8014
924 7138 3953 5693
2405 4863 5284 3964
5662 4862 8763 6855
2775 7310 6876 8437
2299 6256 5876 7846
2729 2852 6792 2093
374 4521 2386 3838
1714 117 5171 1537
3398 6020 8231 5772
5007 3436 7069 4815
7090 6812 9363 8475
822 1028 4707 812
1594 4254 6586 4283
3570 7083 6800 8877
2378 6667 6586 7747
4654 5275 8545 4110
1756 1578 6442 2666
5774 2258 7854 1495
4477 2484 6486 2546
5099 567 7875 2148
2595 5171 5933 6675
890 628 4754 1326
3978 3152 7302 3357
4457 3458 6625 3609
4652 6813 6890 6058
3173 489 7444 1841
3148 6467 7992 4724
2773 2839 7232 4526
3461 5928 6013 4914
5557 4307 8445 5886
1627 5614 5368 5513
113 629 2264 1675
1722 1907 4609 642
3780 3128 6277 4241
5340 2716 9156 1150
37 728 2500 1633
3358 4380 7234 2496
1444 5071 4223 3151
