50
42 0 57 20
21 0 34 16
80 0 93 2
42 0 55 23
18 0 38 12
22 0 37 24
62 0 82 2
8 0 24 16
59 0 79 3
54 0 64 5
22 0 42 2
75 0 94 9
30 0 43 29
2 0 22 10
45 0 63 4
17 0 35 12
53 0 66 10
61 0 81 14
0 0 19 7
15 0 29 8
64 0 76 24
15 0 28 22
56 0 72 3
81 0 99 30
9 0 28 20
23 0 36 11
76 0 91 5
66 0 76 12
36 0 54 2
23 0 39 11
2 0 13 7
69 0 84 11
20 0 40 12
23 0 39 28
69 0 83 7
23 0 33 21
53 0 73 4
48 0 66 19
77 0 97 29
19 0 34 10
28 0 45 10
25 0 39 2
64 0 78 25
45 0 62 26
11 0 30 19
75 0 92 27
15 0 31 6
34 0 50 9
21 0 39 16
85 0 98 30
