70
519 52 670 515
94 92 277 555
113 20 250 413
248 55 388 45
634 100 827 140
365 53 490 123
587 92 752 192
431 12 578 217
577 97 753 410
132 10 324 382
699 28 878 150
751 72 905 377
106 73 253 89
477 98 628 44
512 56 690 251
697 26 837 12
873 28 998 34
60 35 226 10
330 71 523 259
27 11 129 356
58 82 250 155
365 80 494 96
25 64 195 100
638 91 775 306
139 57 318 354
172 72 299 371
791 69 991 193
484 72 646 301
836 46 976 271
659 7 825 244
654 10 772 361
514 35 660 405
737 7 885 165
642 40 818 40
187 95 375 222
799 9 951 222
1 30 104 260
613 45 813 322
649 50 841 151
508 67 704 70
798 98 959 366
617 11 800 399
205 44 328 468
769 40 911 418
273 19 451 96
405 38 534 460
585 56 699 135
729 10 848 9
166 84 277 439
396 11 547 256
493 1 665 485
522 70 671 453
79 100 189 274
749 77 885 440
31 90 194 163
440 5 566 457
130 32 296 293
349 55 513 168
78 73 189 187
718 72 872 542
841 38 967 116
207 99 383 249
153 43 321 26
414 12 546 83
808 32 953 299
794 52 907 364
31 74 194 84
352 87 534 401
518 29 632 453
170 6 327 464
