1
1
0.49114889
0.27585747
0.85797727
0.015951861
0.057340729
0.35190455
0.39352114
0.13238175
0
0.42386173
0.2161575
0.32967793
0.44904077
0.64701636
0
0
0.060432836
0
0.086892023
0.066435464
0
0
0
0
0.026118846
0
0
0.099437985
0.058105639
0.079521379
0.096187625
0
0
0
0
0.055468742
0
0
0
0
0
0
0
0
0
0
0
0
0
0
0
0
0
0.012699071
0.074678081
0
0
0.0003205595
0
0
0
0
0
0
0
0
0
0
0
0
0
0
0.0046059902
0
0
0
0
0.090395988
0
0
0.045408641
0
0
0
0
0.10722361
0
0.33719304
0
0
0
0.00027809151
0.0041930721
0
0
0
0
0
