80
207 50 390 211
750 96 868 91
343 95 543 296
25 97 214 300
631 75 784 237
749 9 850 260
401 39 559 138
87 92 244 369
703 69 820 8
499 69 616 275
753 73 909 282
871 70 971 226
648 87 812 518
625 35 728 265
730 40 887 425
290 62 395 140
592 13 754 367
658 49 771 52
417 27 592 272
195 89 386 2
713 35 850 525
81 87 243 53
341 46 483 176
245 56 435 82
359 27 481 506
754 6 919 375
696 9 870 447
329 47 514 519
658 22 809 187
189 7 319 446
320 11 500 487
331 25 435 311
686 17 843 486
594 55 723 456
56 37 232 139
312 33 503 264
365 24 483 126
20 32 133 162
663 55 862 39
515 33 654 105
548 67 720 137
103 28 216 154
792 85 980 551
446 7 568 441
363 38 543 42
110 37 268 256
866 54 986 424
252 95 360 274
660 82 807 550
444 9 638 464
218 61 358 386
641 17 806 3
546 3 647 248
705 64 892 341
287 97 465 256
406 89 514 261
785 77 929 101
540 73 740 488
603 26 720 459
27 79 198 326
777 1 881 27
276 87 386 500
494 94 652 524
862 68 972 240
841 36 990 112
503 91 643 88
266 1 423 414
162 79 350 448
680 51 857 441
591 67 765 337
671 99 797 127
111 58 283 256
276 4 400 455
618 27 734 270
484 61 588 301
588 71 772 104
766 87 925 205
498 46 640 432
640 62 839 431
483 63 647 497
