100
484 79 595 328
803 43 927 169
474 51 582 333
494 64 658 234
186 3 329 37
652 57 774 37
654 93 848 42
794 23 952 502
721 90 839 143
423 1 567 237
54 61 167 533
464 20 655 185
434 100 547 186
838 84 984 440
740 59 917 472
748 87 890 293
296 59 481 413
469 2 658 287
204 3 390 437
777 33 921 443
774 93 928 19
755 19 934 195
133 79 245 202
721 3 897 175
683 5 839 7
748 95 887 349
698 39 814 240
536 58 691 212
522 83 691 523
180 30 343 491
37 21 216 44
647 90 764 259
344 24 511 159
241 67 362 249
449 93 629 434
297 58 409 243
154 91 261 185
580 0 735 163
88 8 222 507
106 75 221 358
452 14 568 317
737 21 876 497
532 50 658 163
366 44 565 50
704 70 871 532
343 71 475 114
51 63 224 189
757 29 934 210
173 95 325 523
734 10 882 109
57 36 251 30
756 88 928 243
299 32 406 271
345 16 458 407
167 84 357 73
776 52 906 219
314 28 416 374
258 43 421 261
382 26 546 138
288 76 481 354
439 75 564 37
328 33 447 153
96 46 205 345
688 65 838 225
889 39 995 257
471 76 608 409
634 47 776 407
246 36 394 480
754 85 926 337
218 52 411 368
586 13 740 102
493 77 593 76
252 46 380 432
548 7 718 460
14 14 162 193
257 77 371 166
4 83 191 398
249 40 422 299
79 13 266 464
446 90 601 566
379 8 519 317
316 41 476 119
526 28 666 484
740 84 875 347
343 20 464 466
415 28 558 342
258 99 406 224
182 75 309 525
87 25 233 494
41 11 226 408
192 46 359 246
299 50 449 41
474 51 669 462
592 76 699 236
629 5 746 5
583 26 780 484
540 68 648 493
653 11 813 388
568 20 717 245
159 65 306 510
