1
0.10909527
0.032613188
0
0.065329703
0.0092365391
0
0
0
0
0.050361837
0
0
0
0.0070253834
7.2328333e-05
0
0.007428678
0
0.0053664596
5.4998463e-05
0
0.00066731617
0.014876908
0.0096172236
0.0011438771
0
0.0048483062
0.0091695765
0.018744879
0
1.2592591e-05
0.0084955374
0.023972454
0.011616685
0.0079795718
0.00019216458
0.010493962
0.022913909
0.0021473788
0
0
0.007920265
0.00025623278
0.0065290566
0.0040453601
0
0.0039772736
0.0022316267
0
0.0012061773
0.0020525407
0.0040956891
0.026078643
0.0038313183
0.0069678983
0.00035179007
0.0035932292
0.00043772616
0.002968136
0.0060385791
0.0079043624
0.00045349795
0.003795458
0.0032956719
0.017615034
0.0015449113
0.012645105
0.026776435
0.00039022334
0.0026738924
0.00054812627
0.00054963661
0.00071362484
0.00038680084
0.0085557833
0.00022734916
0.002034723
0.00070311205
0.00063313289
0.0078341371
0.0052130981
0.015528817
0.0027115368
0.0030858375
0.0020308891
0.0050617919
0.0075738164
0.0090796348
0.00037535543
0.0087394963
0.015544046
0.0010593279
0.00098588287
0.011528447
0.016850635
0.0017383134
0.00094863136
0.00077760809
0.0042264759
