100
1272 538 2922 940
7044 4480 8091 3940
6626 3248 7862 3520
5255 2770 7339 2042
5452 3137 7038 2902
2802 5145 4556 5012
599 7972 2067 8190
3341 6068 5568 6486
1079 2049 3679 1167
5037 918 6224 1279
2629 5158 6203 5791
515 2029 3473 1256
6306 1750 9413 1421
6653 6740 9137 6880
2838 5521 4652 4541
674 7282 2842 8121
4025 7730 7776 7453
6863 5806 9180 5891
131 5532 1672 6041
3288 1377 6908 933
1884 7603 4383 7961
5341 609 7911 539
6583 6281 8710 7056
3211 665 5284 1339
3654 1297 7387 1497
759 8022 3642 8488
4735 3728 6782 2763
3877 4735 5389 5497
2690 266 6050 1223
1394 7196 4039 7079
1303 4755 2436 4654
4699 2690 6424 1776
5555 2190 6988 2717
2533 6910 4102 7371
7144 5453 8415 5332
4256 2224 5865 2898
667 8099 3103 8613
3279 4420 5084 4073
2366 6471 4006 7125
3035 3688 4793 2983
6533 6395 8262 7234
3606 8338 7344 7392
3366 6019 6935 5120
5073 1563 7583 2453
3435 7974 4728 8309
8217 1504 9662 1461
111 3252 1565 2373
2993 2953 4221 2210
6595 2849 9085 2830
4386 6955 8130 6367
475 2421 2338 2162
1625 6699 4300 5933
4381 2254 6393 3236
1498 4239 2511 4102
306 3364 3657 3807
4575 296 7897 715
5654 4906 9054 4328
5684 3627 9163 3270
309 7384 1948 7416
4041 807 5250 775
763 8918 4052 8207
5603 2937 8017 2323
7080 4746 9751 4372
2088 5421 4090 6256
4197 97 7180 519
3076 4844 5087 4357
1323 2854 2717 2391
2985 688 6121 497
503 5478 2048 5889
3216 3058 4311 3535
7481 1492 8803 1275
2377 5813 4189 6203
1185 5359 2694 6358
4387 6742 7037 6092
5234 4735 7852 4329
5210 2895 6661 3077
6518 3157 7668 2774
2854 7644 5175 7726
6910 2752 8345 3523
2407 2648 6025 3308
755 8503 3846 7938
3926 8505 6858 9417
2834 7566 5907 7944
4294 1878 7836 2490
6289 736 9204 986
6396 6366 8699 6307
4165 8023 8032 8710
4043 4939 5319 5525
4894 7724 8424 7658
145 4377 2457 4583
5244 3539 7582 3566
2881 5628 6111 5386
4448 7308 5794 7435
366 215 1553 1134
566 941 3285 1560
1581 3164 4594 4162
8302 679 9955 787
3621 5257 4907 4717
3238 7746 6245 8466
3589 7143 6844 7220
