100
1611 760 5007 1869
1833 4883 5260 1225
4837 3400 9284 4143
465 639 3430 1480
1766 5015 4066 2763
7374 1609 9486 3682
182 1343 2759 1668
2264 1894 6699 5287
1501 4301 5407 2572
923 2841 4194 5065
7396 1787 9510 4522
986 1431 5765 4191
3020 3107 7815 3002
1792 4305 5039 4714
4484 4117 8392 3001
6553 78 9726 3826
6067 3987 9871 2294
1118 5145 3654 7963
5260 5113 9055 9102
5925 285 8899 736
3783 4024 6863 4401
3314 5940 7347 4948
1971 4672 5596 2298
3319 5491 5925 4947
2880 4821 7868 1418
4192 195 8833 2997
682 1872 4173 1988
6184 3861 8570 4229
7345 420 9998 3034
968 2159 5251 1481
4336 801 6911 2973
1197 4181 4864 746
3977 5653 6930 1764
6341 5532 8797 8922
4827 1081 8371 3725
6137 3272 9111 3710
5311 1781 8816 2780
2823 3672 6593 4632
5084 3178 7888 5454
4205 1770 7642 5192
2730 1132 7679 4889
177 3329 3871 1599
4545 2391 8226 3585
4750 5360 9107 6598
113 4812 3793 7258
5424 2011 7838 4647
5640 1345 9521 2447
5450 4092 8562 7343
257 128 4462 1442
4731 4985 9388 1922
4733 919 8816 715
4155 732 8771 750
2301 3193 7254 1837
2283 5480 5673 6844
2745 735 5882 2276
4234 933 6540 4641
6649 4845 8823 2599
369 4128 2968 3722
6311 4676 9417 1102
2787 133 5100 2732
4873 2772 8166 1965
4610 5461 7506 3907
4083 5629 6688 4887
6457 1047 9721 2544
5823 4919 8870 5879
104 4534 4778 4585
2425 4815 5904 8696
6693 1311 9861 3814
19 742 3411 3029
6360 5366 8725 3678
2864 338 7348 1054
669 5552 5436 5599
5976 4870 8218 4077
36 2534 2200 4852
3192 4769 7564 2978
4769 1631 7576 556
4539 5060 7857 7928
4139 2837 7246 907
4212 5606 8034 7777
5853 4639 9107 1726
3168 4110 6395 6539
1780 1725 6568 1262
4157 5691 7863 3503
2491 598 5192 1871
2782 5863 7614 2732
6411 3422 9485 2082
1896 2493 6023 2399
1409 705 5929 258
3913 838 7951 2918
2007 4442 4814 1829
683 4073 4440 1549
1964 4268 6716 4560
4169 1392 7784 2238
3394 5796 5722 1919
6744 5612 9435 7143
5688 2439 8746 3401
6941 5914 9649 4028
3297 5274 5793 8561
6212 3527 8637 2734
2727 4913 6017 6147
