1
1
0.10738789
0.51910691
1
0.94087039
0.39861244
0.67407535
0.34368833
0.1609219
1
0
0.22663869
0.33544812
0.29243947
0
0.84557297
0.08801024
0.61702159
0.0041258006
0
0
0.65036717
0
0
0.0050729239
0.1088286
0.17031568
0.32548924
0.32272437
0.06455815
0.37392985
0.00010965894
0
0.14988705
0
0
0
0.4113294
0
0
0.16594834
0
0
0.17652129
0
0.0067302788
0
0.17796638
0
0
0
0.00022070796
0.019543378
0
0
0.083722495
0
0
0
0
0
0
0
0.17227024
0.0061340245
0.22793416
0.037879663
0
0.010853919
0
0
0
0.13487694
0.067847162
0
0.17166462
7.9769317e-05
0.1144606
0.26791747
0.032123826
0
0.014450332
0
0.054224629
0
0
0.035450738
0.030539142
0
0
0
0.0017552446
0
0
0.10150184
0.03547776
0.024009435
0
0.0060710033
