1
0.001342833
0.0010021589
0.0045005219
0.0029709593
0.023734214
0.0066421241
0.0064968491
0.0043311957
0.004341195
0
0.00016153001
0.0019067339
0.018187316
0.00058249783
0.006134964
0.0067060169
0.0032225781
0.015914484
0.00083106487
0.0013802028
0.0031412659
0.015567757
0.00042899526
0.00066928433
0.0057458688
0.0027506887
0.0065957326
0.019584845
0.028110619
0.011316105
4.7776368e-05
0.010801394
0.0080702356
0.013063698
0.00033622451
0.011683722
0.0010699887
0.0022517797
0.0045016357
0.0019346966
0.0016492571
4.9147476e-06
0.0057389758
0.00035054694
0.0050858564
0.0093490564
0.0027774794
0.0011763948
0.0054277545
0.00068609554
0.011951991
0.0097200878
0.0031563343
0.00011964537
0.0075296015
0.00081510892
0.0002851832
2.6995795e-05
0.0023330372
2.5904857e-05
0.0015529426
0.0055119583
8.2418998e-06
0.0010074749
0.015158076
0.00029787269
0.01073391
0.0075664352
0.00026018018
0.0030574079
0.0021064861
0.00054080402
0.00055002502
0.00061276355
0.0012600612
0.0016821758
0.00010589257
0.0030958991
6.4234327e-05
0.001956282
6.176332e-05
0.0050969325
0.0076283232
0.0096643326
0.0075971823
0.0048310319
0.003922347
4.6150673e-05
0.0090320503
0.015628797
0.0055902196
0.00043922115
0.0010060431
0.0088667627
0.0015293639
0.0043840036
0.0022138151
0.0046298586
6.8769066e-05
