1
1
0.89988525
0.49451683
0.98276889
0.0054415099
0.60276211
0.61252126
0.0022507706
0.65107738
0.87436974
0.0054769959
0.29759107
0.63068652
0.16475115
0.53685343
0.041207298
0.45585008
0
0
0
0.32355413
0.057799601
0.25765501
0.11031355
0.21277977
0.17204567
0
0.42257321
7.7120671e-06
0
0.82325056
0.077671009
0.048730496
0.1007344
0
0
0
0
0
0
0
0
0.0031779661
0
0
0
0.017176211
0
0
0
0.52853629
0
0.13617504
0.028455332
0.10842938
0.028190588
0
0
0
0.0030288012
0
0
0
0
0
0
0
0.0029979435
0
0
0
0.50585156
0.025624185
0
0
0
0
0
0
0.46105419
0.00069286752
0
0
0
0.041884866
0.10648336
0
0
0
