100
4074 6273 6846 6107
5528 8825 8512 9603
2949 3480 6488 3778
4388 6134 6692 5841
264 326 2514 699
1767 7303 6390 7659
6945 8818 9926 8425
4302 3197 7831 2985
6459 8120 9871 7976
2037 4385 4956 4923
3992 2222 6631 2862
4412 7295 8304 6871
3485 1110 7604 886
5335 1000 8460 53
2263 8120 5590 7676
5006 5697 9682 6572
4102 2406 7549 2769
1968 3649 5669 2939
2488 8084 6417 8970
4221 7497 7944 7952
1684 4282 5542 5136
739 4247 4290 3779
1444 1773 4286 2723
5721 2304 9575 1826
2308 2985 5089 3593
3487 2453 8230 2927
2738 162 7708 233
5995 6936 8863 6804
3222 6550 7272 7051
2292 8620 5536 7905
2331 3591 6573 3102
1450 836 4880 1767
3699 2936 7727 3919
5356 3306 9348 3481
3954 6713 8115 7350
597 6185 4874 6696
1617 1700 4076 1804
6353 7633 9828 8143
1203 6044 4724 7038
362 5862 3856 6301
6297 2225 9876 1506
4796 1017 7740 1885
2437 539 5201 606
1498 4263 4046 5079
1632 5714 3967 6129
53 200 4589 976
2083 4661 6030 4661
5166 4531 7806 3951
2887 254 5168 790
1853 8194 4198 7350
4700 8706 8415 8146
3334 3296 6437 3178
1457 5323 5778 5359
1213 1724 5115 1494
340 7991 2382 8307
6232 3694 9946 4258
5256 3755 9471 3173
6507 5103 9863 4617
3251 5767 6035 5277
5769 5956 7806 5753
5332 6623 8132 6417
3961 8868 6981 9797
1113 3611 4721 4599
4459 184 7133 1018
4630 1811 8257 1265
1388 2193 4666 1412
1127 630 4882 208
3935 516 8218 698
2634 2973 6676 2307
2069 4781 4073 5715
6966 6173 9019 6118
2563 7873 5288 7192
3606 2463 8339 2395
6911 4512 9708 4545
5224 1898 8384 1097
3589 7801 8394 6896
1441 5163 3601 6075
1316 1411 3587 1314
1891 5576 5873 5037
4024 964 6402 274
5885 3298 9196 3485
827 5835 5673 5443
3933 5991 8225 6649
2910 7400 5775 7684
678 6672 4027 6101
738 4324 2836 5156
4531 6024 6777 6381
843 4573 3066 3736
6211 4288 8432 3560
4351 3632 8050 2980
601 8701 5342 9339
5310 5147 8608 4811
3647 735 6441 1713
5573 518 9834 1482
5237 7938 7420 7934
1342 4810 5061 5320
4247 3709 6519 4266
2256 1549 5827 2130
468 667 3166 423
1671 2252 6582 2252
