1
1
0.3291927
0.69192107
0.13578713
0.98753371
0.95745545
0.49585691
0.13500763
0
0.12200751
0.034890094
0.40012863
0.5701212
0.0081158772
0.24938715
0.21389172
0.014096202
0.27538805
0
0.12615131
0
0.0045810724
0
0
0.033534236
0
0
0
0
0
0
0
0
0
0
0.018305972
0
0
0
0.011806188
0.026434252
0
0
0.0060280161
0.1744418
0.015875065
0
0
0
0
0
0
0
0
0
0
0
0.041798832
0
0.026522274
0
0.14876953
0
0
0
0
0
0
0
0
0
0
0
0
0
0
0
0
0
0.00012085423
0.1175449
0
0
0
0
0.043974177
0
0.0085077278
0
0
0
0
0
0
0
0.13138169
0
0
0
