100
2467 3804 4091 3215
4287 4160 6094 3745
2596 7003 3987 6773
4452 3016 6660 3704
6117 6471 8192 6867
5754 4012 6792 3611
4123 2987 7067 2807
7034 7126 8635 7955
5446 8939 6708 7986
4037 4979 6811 5802
5169 2145 7389 1967
2057 8388 3653 8572
3499 8094 6265 8278
1536 5140 3074 5574
256 5206 3143 4972
7830 1433 9902 1937
2497 1041 4137 2029
5631 4508 7838 5071
8673 1808 9705 1946
5528 4053 6741 4695
5315 7963 8040 8843
80 3331 2901 2900
3198 2980 6149 3554
3608 2943 6400 3030
4639 6320 6422 6232
3943 5937 5967 4943
1800 7023 4273 7120
5152 3724 6294 4324
5187 3279 6252 3516
6103 4419 9057 5233
7777 4739 9218 4148
7888 4471 9421 4376
7727 7017 9353 6066
1665 5070 3148 5175
2954 1215 5910 553
3277 468 5595 479
5686 206 6956 219
6707 5761 9617 6207
7087 2725 9601 1825
285 3983 1467 3974
6772 563 9543 1378
3081 3448 5706 4255
5673 3891 7944 3185
5568 2127 7616 2797
2123 2831 3293 1836
3939 2241 5070 1444
2037 4890 3886 5545
4732 5157 7638 4324
1012 1631 3839 1188
3825 1009 6390 707
4591 812 6148 175
2367 2827 3944 3582
3556 519 5740 44
5660 1991 7144 1037
6166 4029 7648 4205
5676 8708 7024 8407
2674 8985 4890 8974
5082 6645 7884 6694
3697 181 6298 105
1216 5127 3870 5158
3252 4253 4701 4139
5318 7140 8313 6452
2098 4803 4898 5326
1880 2295 3668 2458
4101 3155 6245 2845
6119 5004 7127 5678
6274 3538 8782 3618
2955 6118 4431 6399
4407 5435 7397 5303
1386 3870 3814 4051
4257 3093 5279 3532
2402 5668 3687 5174
661 107 2823 928
145 1600 1705 1055
7041 1266 9833 2048
6794 2572 8764 3180
6600 2097 8301 2184
3553 1192 5679 418
142 1644 1532 952
1106 6241 2324 5740
2861 7856 3997 8203
4137 1017 5460 1838
2297 8792 5213 9686
4073 7119 5977 6866
7114 1597 8319 1466
2681 2004 5339 2640
1780 3851 3681 4712
1323 8840 3370 8971
7564 5542 9543 5884
8298 8432 9952 8656
6764 4778 9107 4737
5111 5139 6422 4992
5801 6714 8112 7162
3323 7620 6074 8473
4882 8462 6486 8545
5795 2098 7687 1754
3911 2702 5012 2035
7225 4805 9862 4471
4690 6710 6432 5799
3070 1966 4578 1169
