1
0.59515633
0.9608214
0.30648348
0.0708782
0.12953292
0.31294948
0.19506458
0.059686578
0.18906879
0.040266597
0
0
0.067339397
0
0.12897962
0.028235026
0.34348268
0.40596258
0
0.0015280548
0.07443636
0
0
0
0
0.016266042
0
0.098541605
0
0
0
0
0.00071161206
0
0
0
0
0
0
0
0.13426753
0
0.0070703155
0.11525903
0
0
0
0
0
0
0
0
0.075620735
0
0
0
0
0
0
0
0
0
0
0
0.0019147973
0.10223865
0.01543508
0.010242277
0
0
0.0039424081
0
0.015265216
0
0
0.024254632
0
0.0070640711
0
0
0
0
0
0
0
0
0
0
0
0
0
0
0
0.054953717
0
0.0043724656
0
0
0
