100
4857 3271 6317 3818
709 3520 1948 2913
1951 7117 3042 7880
2040 2552 4370 1629
776 8744 1916 9387
4422 7698 5660 6965
2893 7672 5418 6956
6081 1838 8566 1185
7034 1454 9154 1284
3303 6901 4514 6629
1642 4297 3355 3585
4222 5053 6339 5009
1183 1756 3278 1429
1815 8147 4468 7510
6544 896 9181 23
616 6920 3492 6763
4155 3276 5777 3303
331 4941 2810 4761
150 4891 2632 4868
3084 7626 5858 7088
5019 7592 7775 6751
8298 798 9347 1018
354 3739 1918 3547
2000 1662 3218 2145
3811 7174 5764 6912
3257 5957 4878 5159
1297 644 4110 711
6799 977 9525 674
5418 1177 8295 395
4538 4783 5865 3827
5874 6565 8692 6250
7225 7960 9666 7078
1150 1859 3721 2107
4790 7130 6046 6181
6028 8785 7909 8587
4748 4476 5848 5332
3081 8478 4370 9181
6293 8478 9266 7978
20 4718 1027 5463
41 229 2869 1161
3066 2681 5489 2506
953 8155 3141 8276
2842 5157 5730 6115
5956 7291 8178 7776
3798 1675 5526 1581
5675 4901 8196 5685
274 5583 3069 5868
7170 4152 9320 4735
7705 1319 9682 882
6474 4089 8639 3411
5012 4702 6615 4108
3694 5723 5510 6365
8782 6316 9838 5552
5639 8022 8379 7048
2661 900 5100 947
1643 3230 3188 3232
7371 987 9441 331
6808 1219 9592 354
5800 8086 8280 7488
6558 8542 9500 8540
5476 7779 6605 8700
4689 5729 7177 5109
551 4297 2440 4237
4907 5384 7182 5957
4277 8181 5409 7736
4074 3893 5137 4127
1051 5586 2376 5449
6454 5645 9069 6238
1356 1041 2788 1261
3951 1670 6161 1656
2622 6454 4265 6370
2137 620 3287 521
3287 6721 5962 6411
3692 2264 5269 1982
7865 28 9120 105
7353 5256 8980 5706
4688 5351 6699 6011
1305 3303 3837 3534
3390 4167 5224 3954
7845 2457 8886 3022
2139 1080 3271 1631
2365 663 4417 1349
4421 6959 5882 7373
1985 7910 3482 7619
7676 7956 8928 7409
6253 6957 7341 7838
6417 3815 8472 3263
6633 1372 8114 683
6692 437 8075 1055
2630 2583 4691 1798
5188 3173 7742 3407
3080 1193 5630 904
5092 987 7559 370
751 1905 2161 1030
4560 7656 6615 7514
6874 2115 8273 2274
364 5196 2270 5608
4090 1580 5664 2211
4262 1469 6599 1339
1120 3791 3064 2999
