1
1
0
0.77643367
0.83876077
0.90419156
0.17916446
0.31887786
0.31543137
0.35622027
0.42455751
0.5361892
0
0
0
0
0.762432
0.29530169
0.48039595
0.6862419
0
0
0.041499952
0.13088944
0
0.025692823
0.44227634
0
0.16720173
0.092958836
0.040239753
0
0
0
0.20021674
5.785429e-05
0.23699037
0.099342599
0
0
0.17457096
0.060319175
0.076929133
0.03791944
0
0.28520795
0
0
0
0.052074524
0.0052324379
0.0048361547
0
0.14685005
0
0.20716496
0
0
0
0.16449925
0
0.057739614
0
0
0
0
0
0.10144724
0.071528873
0.0083033266
