100
3677 3931 7486 6249
1521 2487 5266 5463
1517 5718 4153 5165
171 218 4473 2094
21 4104 2085 5785
3195 4529 7328 7507
5569 2488 9663 2143
779 3097 5162 4618
1988 2278 5701 4246
2131 6499 5702 8294
813 4150 5618 3318
1537 1132 4287 2955
1861 4365 5701 2876
3692 2800 6023 95
2387 6463 6091 6075
1201 1442 6131 2279
6684 3488 9306 5326
5441 4010 8817 2676
4932 1660 7416 2622
6002 4457 9871 4682
83 576 3879 1913
2620 1313 4867 3454
5013 2315 9652 4416
5068 5431 7268 5122
6251 4270 8590 2504
1575 5387 6434 6162
5712 4986 8692 3664
4500 6528 8546 4938
4330 757 7287 2878
3748 5846 6772 4690
1132 3235 5220 4880
2487 6712 4971 4160
6998 4317 9698 1793
4872 5216 9872 3862
1182 912 4566 2093
6448 3114 8751 5035
4748 5335 9717 4124
4746 2007 6975 3802
1970 6246 5107 5745
1826 48 6288 2974
1093 1241 3212 1286
6122 3051 9606 3929
2816 4417 5158 6746
9 347 4754 580
2667 6334 7625 7381
2272 2823 4820 3510
2366 5465 4948 5275
2271 3820 4926 1409
2349 4266 4935 5503
3859 3420 6236 570
5888 5904 8926 7042
2942 4821 7035 4467
3252 3854 7946 4233
165 6232 2797 5496
5971 1064 8160 3251
5827 6440 8937 5841
4463 2073 9324 4501
4988 1795 8928 4141
2933 4023 6301 2650
5234 5135 9131 6680
4421 85 7088 2072
7600 4084 9778 6567
5699 2296 9999 730
2991 2417 6369 4816
243 1177 4236 390
6418 2307 9210 4569
1879 181 4937 1975
1370 5185 5077 4389
1257 6577 5584 6981
235 2591 4223 5167
4018 5988 8191 6452
135 3222 2397 3844
1147 5746 3531 5643
5049 4613 7520 7592
231 2428 3620 1083
3374 4611 6351 3665
1899 3220 5022 2341
1177 6879 4646 9365
4857 1214 8154 2522
6437 2650 9658 2821
4098 5163 8879 2453
464 1226 3806 3632
2398 2637 7186 45
1704 3359 4498 742
6009 2285 8426 4719
6621 5972 8891 6017
105 3284 2712 3245
1405 5760 5091 4582
2064 4431 6537 7383
2219 68 6690 1745
5605 897 9297 893
1628 3223 5304 1130
995 4160 5225 3127
2310 4677 4440 3853
3943 6354 7089 7835
717 5344 2718 3661
6703 3967 9310 1416
2491 5306 6328 5116
717 4494 3992 6575
278 3913 4272 3541
