60
346 28 503 195
784 46 959 322
397 31 562 9
323 100 515 286
113 15 306 174
379 66 479 129
27 18 167 442
513 29 676 184
216 52 367 385
854 0 978 32
495 41 682 121
153 77 274 484
525 43 663 227
641 80 833 535
577 19 727 184
324 97 492 511
444 35 624 21
270 79 422 188
538 96 736 232
822 75 982 308
602 76 780 522
701 88 807 85
235 1 337 89
365 26 530 282
332 68 497 368
646 62 846 3
44 79 194 545
491 4 648 233
472 77 627 133
568 50 698 126
516 81 655 35
240 84 383 143
804 1 984 494
468 72 613 42
589 4 740 481
371 100 501 180
770 99 881 46
384 53 531 67
689 40 826 65
567 53 690 505
85 67 278 38
499 1 646 280
479 48 613 221
690 95 814 594
83 84 187 440
15 91 167 45
117 61 262 82
572 1 703 243
287 47 460 145
262 42 416 124
79 88 214 558
445 22 611 401
384 53 561 324
575 74 690 208
78 30 187 98
702 33 821 22
119 28 263 81
184 82 304 221
238 71 351 94
342 18 454 60
