100
0 95 10000 9973
0 139 10000 9873
0 167 10000 9824
0 278 10000 9665
0 327 10000 9655
0 655 10000 9615
0 763 10000 9553
0 847 10000 9541
0 927 10000 9479
0 1008 10000 9415
0 1008 10000 9397
0 1023 10000 9295
0 1084 10000 9220
0 1441 10000 8957
0 1477 10000 8776
0 1644 10000 8559
0 1767 10000 8510
0 1832 10000 8452
0 2160 10000 8130
0 2188 10000 8066
0 2238 10000 7938
0 2309 10000 7872
0 2547 10000 7842
0 2575 10000 7692
0 2599 10000 7654
0 2762 10000 7393
0 2819 10000 7356
0 2931 10000 7334
0 3216 10000 7319
0 3611 10000 7312
0 3804 10000 7214
0 3814 10000 7031
0 4071 10000 6881
0 4208 10000 6833
0 4408 10000 6790
0 4416 10000 6781
0 4621 10000 6674
0 4677 10000 6467
0 4730 10000 6463
0 4811 10000 6453
0 4876 10000 6323
0 4910 10000 6308
0 4912 10000 6237
0 5028 10000 6221
0 5048 10000 6139
0 5146 10000 6113
0 5332 10000 5979
0 5414 10000 5846
0 5466 10000 5692
0 5591 10000 5600
0 5636 10000 5377
0 5861 10000 5375
0 6013 10000 5364
0 6069 10000 5338
0 6088 10000 5087
0 6269 10000 5077
0 6296 10000 5025
0 6324 10000 4806
0 6330 10000 4691
0 6417 10000 4646
0 6427 10000 4296
0 6515 10000 4175
0 6654 10000 4172
0 6656 10000 4129
0 6692 10000 4078
0 6992 10000 4015
0 7004 10000 3983
0 7184 10000 3980
0 7345 10000 3842
0 7364 10000 3736
0 7485 10000 3442
0 7537 10000 3413
0 7595 10000 2877
0 7622 10000 2866
0 7662 10000 2658
0 7715 10000 2559
0 7776 10000 2460
0 7793 10000 2204
0 7897 10000 2155
0 7903 10000 2105
0 7976 10000 1927
0 7985 10000 1802
0 8113 10000 1795
0 8270 10000 1789
0 8459 10000 1740
0 8645 10000 1491
0 8746 10000 1409
0 8827 10000 1344
0 8835 10000 1214
0 9030 10000 1118
0 9298 10000 1062
0 9461 10000 760
0 9500 10000 451
0 9542 10000 384
0 9728 10000 342
0 9754 10000 338
0 9843 10000 260
0 9909 10000 130
0 9992 10000 92
0 10000 10000 7
