1
1
0.8574163
0.99009623
0.86427399
0.41214026
0.15217031
0.23163328
0
0.65870904
0.46267793
0.74416757
0.47106646
0.016193798
0.23192899
0
0.13523794
0
0.09007415
0
0.16777915
0
0
0
0.3901473
0.11467111
0.03177948
0.16304246
0
0.51915861
0.0012016099
0
0.00039861074
0.3484758
0
0
0
0.015909181
0
0
0
0
0.33497088
0.18320362
0
0.0097673906
0.086767782
0.15113603
0.036897477
0.24082632
0.12758995
0
0.022238597
0.0014024242
0
0
0
0.10287879
0.0016930807
0.072179587
0
0.21415093
0.074443459
0
0.040261152
0
0.14133466
0.065246743
0.0044728843
0
0
0
0.046468665
0
0
0
0
0
0
0
