139 119
1 16541
5820 5855 7683 6611 5273 5927 6962 7382 6840 7536 6914 9595 7819 7337 5339 7077 7536 9124 5913 5212 6929 9586 5906 7954 7062 7908 8244 8025 7145 8773 8224 5814 7616 6030 5620 9063 5771 8727 8928 7208 9124 9719 6485 7544 8880 5507 9620 8908 5094 8376 7271 8190 8553 6680 5939 9922 7184 8494 7718 9144 7502 8799 6464 6103 6530 8384 5399 8977 9288 5190 7050 6219 6754 9269 7294 7198 8890 5935 9585 5339 5823 6585 5274 6223 8394 8016 5773 8844 5553 9276 9305 6242 7404 7323 5793 9722 6381 9314 6817 8576 7751 8188 8316 6472 6429 9665 8232 9209 6296 6381 7605 9778 8055 8237 7089 5799 7027 6818 7479
7965 5110 7574 8734 9292 7162 7719 6103 6642 9160 7077 8373 8239 8591 7820 5564 8130 7965 7696 7534 9894 5115 7097 5512 9787 8231 5989 9409 9757 9444 9779 7593 8153 6899 5681 7303 9018 6509 6558 5425 9082 8263 9166 9220 9475 5612 9014 6459 5185 9363 9877 7126 7463 7503 9671 5042 8279 8917 5530 7033 7306 8834 7008 5113 9581 9547 8379 6968 6735 5678 9010 8075 7051 6288 5254 6624 6471 7483 8612 6833 7779 6730 9286 8912 9332 7577 5617 9185 9539 5354 6942 5271 9903 5159 9590 5798 9325 8554 5508 9622 5535 5043 9812 6460 5985 6447 8980 8438 9517 6808 7793 9443 6116 5486 9363 9232 5053 8736 6342
7380 5344 5137 6692 9497 6758 8972 9391 9281 7599 6258 6801 5489 6056 6713 8587 8608 8224 6469 6268 7576 7136 7228 6554 7086 9135 7965 5022 8833 5750 6970 5394 8806 9200 8375 8531 7705 9408 7224 6437 9628 6430 6776 5888 9475 8357 9784 7453 7002 6871 6491 5890 9419 7701 9370 6669 8587 8917 5940 9641 7127 7800 7513 9110 5977 9849 7817 7052 5185 5109 6156 8681 6391 5988 6942 8713 6773 8128 6506 9189 5842 6103 5998 7334 7476 7316 8933 6219 6822 8817 5416 7561 8572 7481 6394 6090 9946 9701 6686 5411 5456 6033 5730 8048 7245 7143 7761 9581 6143 6666 7071 9045 7590 7683 9521 6402 6494 8690 7742
7099 6344 7699 8143 6647 8832 5482 5058 7702 5123 8516 6391 6859 7065 8778 8436 9453 9351 8151 9097 5736 7028 7080 9355 8603 7182 8406 5447 9930 6884 9801 6404 5476 6138 7678 8352 6649 5577 6739 6319 8650 5676 8743 6444 8403 6625 5639 6174 6062 9208 6170 5213 9406 8249 5679 9863 9302 6366 9354 5050 7610 9001 5334 7422 5039 5806 8898 8390 9286 6842 8869 7427 9167 9068 7147 8253 9505 6395 6903 5185 5825 8845 6321 8343 6776 8687 9330 9624 5858 5105 6724 7855 5080 5757 9274 9527 7023 7369 9685 6842 6284 5952 5074 6812 7708 6556 9172 7019 5378 9255 7900 8545 5616 6715 7518 5924 8160 9602 6873
8852 8451 5784 9662 9091 6164 7524 6489 9636 6339 5599 9658 9088 7344 8542 7737 5393 5147 7295 6635 6546 7215 8764 9017 7567 5444 7962 8137 9596 7767 6164 5853 8538 5568 7692 5025 9480 8516 7809 9724 5878 6774 8061 6469 8240 6108 6023 9505 8383 8519 5697 6854 8940 8992 7160 6905 8442 5215 9085 8966 8629 8563 8927 5610 7059 6792 5147 9462 7367 7896 7007 8795 9381 7591 7613 7799 8408 8528 7145 6072 6884 9477 9043 6634 8704 6458 7264 7375 6234 9848 9119 8343 6601 7154 7437 5625 6646 5560 7418 7314 7819 8108 9843 7749 6542 5672 8151 6986 8207 5130 5113 8570 9183 6436 5516 9544 9102 5281 8281
7197 8928 8797 5761 5219 8347 7746 5505 5875 5114 8302 5710 8407 9743 6785 9927 6301 7249 9020 9316 7922 5600 8731 9955 9658 7582 7014 7425 8037 7831 8075 8122 5359 7321 9408 6667 7831 6191 5184 5085 7041 5812 8534 5500 5223 7150 9687 5715 7298 8995 6455 8219 8975 6670 9859 7491 6256 9764 8468 7267 5085 6239 6901 5236 7813 8756 9200 7777 8307 8720 6071 9271 5429 7874 8935 6734 9305 6931 6346 5665 6704 7499 7178 9411 9087 8140 7679 5236 5236 5560 5445 6175 6788 7609 9917 6868 5042 8940 6861 9924 7456 8895 6450 8285 7264 9698 9806 6228 9463 6806 6751 6440 6129 6440 6872 9441 7181 7949 9403
8807 7186 9476 6258 7179 6141 6505 8547 5963 7230 9710 7328 9606 6708 9716 5578 5938 5183 9143 6480 5764 6184 5682 6744 5357 7763 9521 9790 6677 7792 7254 9248 8396 6610 6991 8707 8940 8689 8006 9115 7852 6139 8607 5581 7056 5036 6061 7562 5343 9082 9594 6603 5870 9871 8031 9484 5229 5194 9326 7866 7487 6809 9540 6481 5906 6649 5192 6896 5830 6823 9193 7392 7989 5684 5594 5919 5598 7581 8872 5993 9674 9722 8909 8583 5853 6763 9044 6425 6488 7357 7679 5988 9678 8085 5389 6378 5782 6672 9352 6606 5766 7246 7757 9065 9196 9441 6872 7709 7301 8287 9952 6852 9749 7140 8560 5937 9953 6662 8242
5716 7592 7203 5825 9061 9120 5037 8899 6926 9325 7987 5565 5056 9347 6743 9359 8069 8800 6559 6254 6513 8067 5512 7312 6282 6828 6945 7682 5092 9415 5706 5806 9346 7139 6319 6868 5292 6656 9621 7499 6696 5415 8169 7046 9903 9642 9540 8664 6938 5272 9754 5557 6047 9363 6291 6966 7754 6614 5465 5310 5675 8517 6315 7447 5071 6702 8754 6466 8246 9930 7110 5993 5511 6572 7205 9866 5353 5972 6796 8814 8307 6439 5143 5417 6221 5257 6423 7522 9245 8533 8904 6688 7966 7768 8935 8393 8407 6037 5523 8957 7408 8050 8262 7332 9925 6020 5786 8081 5291 8732 6526 6348 6089 6537 6077 5252 8281 8312 7399
8209 6202 9551 8640 7856 8516 7091 5411 6254 5317 6193 5097 8122 6364 9298 5818 6381 8029 9416 5136 6349 8053 9219 6674 7524 9068 5294 9769 8097 7862 6407 5059 8833 9576 5413 9043 7193 6971 5161 7365 7396 9440 5052 6516 8903 9447 8929 8056 9802 5177 9389 9657 9298 5967 8605 9631 8840 6806 8041 7940 8382 9206 8396 7557 6187 6749 5503 7680 5649 8540 5017 9114 8905 5461 6062 9553 9469 5477 8400 7679 8115 5465 7885 9517 7336 8506 9245 7232 7933 9958 9596 9576 6743 9185 5909 5267 6264 6242 8641 9516 6593 9794 9040 5598 7771 5226 7780 8337 6099 6166 9831 5544 6822 8141 5589 5287 7571 9158 5488
9850 9884 5617 5394 6359 9945 7769 8998 8896 5180 9722 9919 5293 6025 7284 8498 7221 9780 5189 5630 9386 9896 5885 9691 6762 8771 5527 5685 8210 7231 8776 8387 9361 9334 5075 8809 9149 7528 6145 9252 6821 9645 5793 9435 9915 6114 9315 5733 7643 5775 5385 9307 6870 9753 8324 7025 9640 7016 7364 6388 6520 5363 6472 5546 8076 9488 5282 6616 5918 9332 6750 9418 7915 6434 8537 9146 9176 9010 5612 5659 7409 5177 7218 7372 7346 7476 6616 9438 6994 9435 9732 6489 5836 9094 8605 6064 5893 9898 8910 7201 7525 6095 7063 6555 5586 7807 9070 9071 6245 6982 9471 8189 5130 5052 8926 8280 6778 7442 8763
9748 7028 6007 6207 6119 5569 6935 9902 9319 7037 5108 9796 9153 8767 7093 7051 7121 5589 9279 9066 7456 5395 5255 9377 8257 7498 6161 8760 9330 9889 6509 6698 8777 6870 7684 5316 8381 7622 6651 5068 8403 6418 8279 5664 7248 7452 7378 5383 7018 7442 8185 8299 8069 7999 9747 9925 7089 5100 6808 7470 6569 7695 5343 5310 7404 9736 6238 8063 7217 9530 8525 9857 5051 7626 5973 5832 7456 6478 9363 5182 5240 7679 8099 5368 9157 8471 5886 6468 8247 8339 5277 5108 7195 6117 9460 9505 5253 8442 6517 6811 5772 6974 9827 8402 9754 8081 9435 8589 5794 8604 6940 7593 6310 5856 8193 6872 7665 9304 7612
8508 9799 7206 7300 6173 5975 6784 7715 5654 6239 9356 5843 5754 5969 5031 7687 7836 5691 6423 8340 6610 5757 6789 7470 6398 6149 8929 7173 7661 8622 5628 5263 9523 6127 8991 6847 6446 7072 6879 7578 7281 9942 8330 6545 7115 6005 9834 6160 8975 5790 7460 5912 8074 6511 5030 9755 6493 9318 9108 9118 8748 7180 6722 7872 6082 8272 9269 7734 6634 5255 9867 5926 5707 8586 8657 5986 6350 9720 7228 5568 7816 8109 5520 6631 6260 5927 6821 5674 6012 7989 8359 5832 7493 5253 8275 7688 7710 5029 9744 7086 9343 5248 8697 8275 7673 5502 5551 7099 5157 7244 5263 9887 5174 9458 5410 6938 5598 5647 6301
7676 7976 6724 7590 5262 9859 9685 7312 9916 8499 6162 9067 8680 6623 9241 5521 9144 8209 7679 7894 5404 6421 9806 5223 6429 9421 8532 6446 8201 9940 7890 8124 6440 6165 8228 7497 5321 5185 5113 9341 5687 9313 7328 5867 8400 5985 5953 8733 6590 8510 9791 5909 5032 6850 5099 9615 9184 5327 8964 9687 8732 7033 5638 8343 7552 6715 6528 9622 7770 6777 7081 8835 8823 8559 9633 5618 8230 8856 9949 9426 8063 9152 8968 8558 8972 6850 7424 6752 6625 8646 8812 6384 8066 8713 9768 6663 6005 9594 7444 5360 9922 7766 7605 7744 7269 8412 5582 8825 5252 6589 6753 8535 8022 9456 8582 6023 9017 5608 9424
7122 7714 6622 9835 9370 5715 6438 6479 5880 9895 9762 9310 8630 7312 5372 8024 9764 9416 9716 5016 5399 7629 5558 7897 8887 5783 6287 5684 5352 7441 5445 6844 7739 6627 6352 8893 6823 9911 8969 7847 8218 5555 9141 7451 9667 9067 5023 5264 6272 8713 7147 9664 5824 7465 6452 5730 7103 8173 9499 9835 6746 6572 5469 9048 6077 5464 6251 6465 7865 5280 9042 8691 5973 6031 8798 8263 7423 6970 9563 8085 5389 5494 8447 9612 5595 5534 5072 6158 7248 5325 9174 5153 7273 5649 8000 5552 5942 9537 8988 8712 6821 6879 6720 9433 7515 7555 7543 6993 5184 7036 6498 6072 9588 5618 7654 9058 8331 7588 8334
8354 9058 5829 8343 6147 7096 9477 7276 8240 7957 6734 5036 6852 5387 7396 8308 8562 8256 5211 9596 5762 9926 6036 9175 9739 5280 9380 5051 6676 9569 5065 9520 5290 8536 7278 8820 8629 7072 9193 7414 9734 5986 6641 5724 6411 5992 6364 7719 5863 7303 8242 8777 7881 8889 5035 7489 9348 6752 9070 7087 7338 9177 6189 8764 7876 6616 6490 6851 8592 5528 6529 5765 5757 8121 5250 7632 6629 5382 5808 7590 6650 9329 6784 5034 6138 5936 8828 6885 8034 5363 6857 8456 6645 9515 7388 6774 5292 6761 6006 9200 8630 5720 9343 6445 5061 5073 6593 7281 8718 7144 6458 7981 6396 6618 5092 9432 8822 9341 7383
9555 5836 7336 8561 9461 7636 7378 6310 8028 8487 9943 9507 9000 6572 7248 5718 9840 8349 8682 5988 9951 7010 8025 6670 7174 6663 7553 8188 5874 7491 9318 6695 8567 8439 7145 5855 6592 7703 6366 8124 8289 8558 7220 8922 6865 6333 7782 5428 9010 5179 9660 9301 5340 8826 6141 9647 8983 9114 8209 6115 5424 7321 6755 9663 9226 5349 7304 8350 6338 9251 5703 7323 8283 7753 6346 7367 5192 7493 6921 9489 9288 5478 6200 8218 9824 7338 5625 8076 7342 8525 6354 9408 8070 9163 9828 5076 7039 8440 5955 9515 5231 5400 8394 5365 9960 7664 5202 7949 5793 7901 7961 6679 6769 5023 5735 5495 6952 6712 8865
5282 9775 5958 6762 8787 7553 5189 7611 6932 9863 8488 9364 6551 6645 5377 5046 8557 7900 6830 6595 8161 5552 9536 9190 6076 6828 8834 8372 8259 8113 5673 9534 5686 7101 9160 8439 9836 5099 6785 5245 7093 8175 9909 5138 9648 9026 9651 9750 6545 5886 6882 8364 5514 5646 5852 6515 5681 7391 8340 6023 5021 6792 7229 6311 9497 8084 6742 6262 7550 5585 7957 7852 6544 6161 6552 7605 6826 5175 6452 8769 9385 9637 5119 7209 8084 6034 5138 8123 9021 5216 5408 7413 6660 6356 5751 8311 7529 7334 9046 9772 8108 7124 6482 6360 7086 6668 8416 8719 8197 8982 6188 6297 6682 8723 9281 8397 5280 5454 9466
8048 7312 6213 6991 8243 5396 7638 5405 9866 7975 6750 5920 8219 8499 6570 8776 7131 7869 6463 5684 7286 9124 9537 6909 7192 7857 5114 6810 5433 7687 6938 7288 6490 8393 8410 8131 7944 9556 6617 7467 8995 9148 7089 7625 9351 9238 8861 6396 6044 7501 6517 5199 9510 5630 5922 9161 8866 9380 8217 9235 6134 7234 8589 5070 7303 9066 8464 8957 9597 8963 7280 7445 7451 7507 6614 7761 9837 9110 8935 9467 9457 7126 7902 8321 6769 6011 7660 7922 9907 5824 6989 5156 7683 8236 8531 6708 8853 5398 7436 8340 9600 5161 8639 6494 6929 8714 8521 9764 8725 5675 8059 8942 5188 6511 9199 7641 5308 6288 9447
5574 9047 5987 5252 9177 5562 5737 5422 6854 5135 8401 6328 5654 5448 5257 6579 5826 6107 9902 7361 6637 8873 7534 9872 6892 9494 8634 6452 7594 7603 6735 6636 7594 9785 6961 7445 5626 9925 9043 5448 9483 9321 9868 5646 6594 6470 5202 6420 5921 5442 8671 5053 7402 8766 8541 5622 6637 6481 6479 8815 8239 6886 6448 5615 5269 7735 7607 7493 5396 9429 5131 8587 9208 7384 8436 9426 7461 9004 9030 6479 9787 7363 7065 7960 6858 8712 6198 5891 5340 8134 9849 8581 7219 9422 7535 6050 9619 9552 5015 9239 7581 9957 9457 8570 6931 7548 9434 6998 5926 6251 5312 8325 9960 7980 7073 6267 7281 5400 7291
8076 5687 7782 8652 8082 8865 7132 7256 5146 8222 5822 9860 9080 7069 7471 9675 9687 6565 8756 9703 8705 9426 8801 6066 6604 5737 5328 7627 8133 6545 9632 7526 9071 9143 6272 7028 9587 5276 7554 5885 7479 5276 6988 8017 7108 7308 6736 7591 7583 9529 6262 5905 8705 6895 6743 5447 9630 6257 5456 6404 9932 8127 6323 9337 5711 9101 6870 5497 6047 8244 5682 9302 7744 8827 6076 7726 6543 8650 5590 8781 9623 9960 5196 5343 9956 5285 5714 5575 7817 7784 7639 9721 8725 6260 6316 6516 6026 7067 6675 6365 9710 7911 8417 9797 8077 7552 9174 8512 8718 7798 9916 7069 6504 5523 7595 6635 7934 6463 8817
8627 5728 5888 5589 9068 8908 6821 7499 7764 5015 5727 7712 6324 6106 9367 6521 7624 6249 6384 8110 8638 8828 9459 6454 6791 9300 8874 7493 7741 9829 9883 7479 8741 7947 8525 9041 7689 5668 5323 6462 6872 5721 5912 8956 5278 6203 7702 8015 6848 7509 5851 7702 5793 8803 7816 9191 7918 8071 9060 8127 8517 9879 8226 9074 6220 9817 8192 8634 8250 5953 7038 5448 5075 6892 5400 8723 6149 7305 6686 9285 5886 9587 8337 7274 6978 5641 5742 6067 9839 6505 5724 5404 5090 5457 5897 8144 5058 6022 6062 5478 5891 8586 6805 9109 8541 9654 8095 7226 9961 8568 7638 5982 7525 9710 8816 5378 7928 7572 5444
6715 9450 8834 7748 8711 9047 7441 8470 7751 7435 8588 7563 6860 8189 5024 5026 9146 8606 9089 5626 5252 8577 5500 7585 8061 5910 7524 7798 8766 6986 7844 6720 9013 7338 7052 8548 9681 9692 8256 7416 9220 8685 5416 5884 5866 8567 5268 8232 7741 8999 5122 8047 9161 8012 5915 8361 8140 5629 9436 8362 6130 7425 9697 8066 8944 9139 5986 9587 9040 5681 5174 6515 5118 9748 6656 8329 7306 8295 8879 5053 9567 5370 6362 8860 6809 6832 7197 6396 5598 9485 8945 9099 7894 6874 5141 9917 7464 6741 5654 7989 6408 6073 7338 5858 9744 5959 5117 6133 8620 5150 6616 5810 7545 9472 5356 6943 6391 9256 9741
6076 8578 9731 9426 8141 9652 8565 7957 8895 9929 9411 7214 8969 5020 7648 7073 8548 6402 9396 6081 8554 7793 6026 7263 8356 6347 7056 5762 8175 8140 8266 9611 6230 6520 6700 5533 9705 8101 5257 9593 8468 9794 6082 6330 7139 5099 8409 5460 8487 7515 6130 6069 8025 9048 8620 8485 5050 6956 5561 5714 5365 5999 5603 9076 6334 8805 6212 5592 6296 6860 5768 7027 5338 5633 5344 9068 8309 8680 8171 6635 8900 9400 5729 9683 8816 9172 9371 6010 9308 5347 8700 6953 6106 5149 6063 7355 6448 6749 8640 6173 8957 8327 7091 5957 7920 5143 7865 8662 8371 6685 8010 7255 9796 5280 9789 6059 5276 5605 7812
5608 5988 6212 5276 7654 6362 5762 6960 8593 7851 9693 7434 5663 8953 7384 9464 5874 6692 7462 9222 6866 6988 8577 9655 9017 5097 5724 9913 9022 5384 8065 9041 7917 5393 6201 7740 7725 8779 8627 5702 8218 7530 7160 7234 8654 6832 9504 8037 8764 6357 6117 8286 8646 9868 7071 9194 6742 9700 8863 5148 7786 7801 7167 7603 6893 7905 5621 9843 5297 6163 5336 9543 7301 7479 7208 8354 8625 6792 8368 5447 7295 9165 8268 7422 8971 8016 7399 6442 7117 6993 6145 9445 8114 7495 9596 9914 8838 7706 7947 8514 8979 5595 9609 6555 6217 7718 7425 9254 7691 5108 9411 8022 7124 8088 8680 9772 9018 7222 7827
6265 6758 6925 8079 8241 7244 9952 9719 5529 8948 9526 5461 9914 5090 5387 8687 7138 7916 5213 5972 7729 9830 7854 8228 5385 9021 5334 7087 8518 6308 7066 5443 7841 7364 6491 7866 5551 7824 7668 9188 7650 6662 9421 6549 7261 8465 7669 9544 5513 7862 8128 8419 9062 7301 5639 9617 7616 8745 7484 5682 8599 9444 6556 6054 6695 8744 7656 8669 6647 9006 7400 9799 5830 7668 5899 9077 9789 9175 7084 7445 7734 5214 6563 9892 8618 9586 9565 9094 7411 7065 8128 9743 9423 5968 7188 6073 6995 8806 8536 6169 7480 9689 7753 7056 8363 9016 9261 8424 5165 7126 7558 7491 7420 9046 9320 7939 5413 5233 9004
5349 6189 6525 7022 6655 5993 8910 9128 6357 6703 7997 8060 6639 6539 7151 8105 6466 6678 5216 6242 6806 9415 9112 8722 6818 7590 9896 9652 8784 8459 7475 8193 5672 9019 7854 8249 6011 8852 6416 5848 7108 9383 7378 7499 6318 7799 5915 6457 9680 6477 8760 5309 9538 5891 6462 9552 6216 9249 8816 7620 6900 8152 9174 6481 9911 6784 8092 9691 8762 7452 5247 9288 6593 6254 6116 5704 6571 7229 8167 8334 5522 6729 9853 9878 8261 9422 5846 9641 7095 9150 8078 5140 8470 5402 7515 8066 5639 5792 6688 6853 6621 8628 8475 9211 8765 6393 9546 5817 9823 6414 9773 8068 9252 6271 9891 8659 5814 9467 8533
8003 6573 8377 8693 5385 8008 8607 8929 9183 5678 5021 9380 6871 5529 6141 9214 9492 5741 7159 6978 8566 9337 9308 6093 6832 8496 7187 7697 9383 5014 6007 5228 6107 8532 8671 9262 5998 6749 9937 6257 8486 8054 6394 6960 7051 6340 7424 9338 9794 6384 5976 9370 8395 5784 7031 6642 5781 6104 8950 7104 6304 6824 8338 5061 6042 5142 9162 5848 9435 9104 5453 9676 5919 8946 7055 6363 5268 5812 6319 5670 9082 5331 7548 7232 7309 5954 9687 8656 8485 9457 6185 7612 7788 9113 8419 8041 7361 9546 6683 7547 9670 9443 7163 7676 8834 7580 9561 5842 9363 6079 6507 9305 8813 5213 6825 6535 7173 5608 7721
8001 6918 8474 8898 6231 8733 6657 8721 9841 6044 9004 5987 8586 8597 6070 5501 6765 6603 5760 9143 7345 6716 8689 5502 8448 7993 9328 8589 7723 6879 9067 7042 6862 9560 9298 8003 9284 7568 5346 6111 6005 7793 9194 8141 9401 9371 8203 5692 8363 5338 7026 8397 6690 5127 6633 7063 5529 9319 8615 5238 8110 8894 6499 7915 9763 7748 9910 8559 8791 9683 8021 6215 8930 5476 9750 9917 6055 8976 6644 5591 7207 5547 5078 5667 7662 6865 7646 9864 7952 9920 7530 9015 7498 9035 5338 9384 7117 8762 7713 5188 5531 9878 9434 5258 9883 6746 8328 5594 8883 7494 8215 5473 5472 5360 5370 8499 9790 8551 5879
6528 8811 8181 8784 6131 6313 9208 8089 6844 9716 8849 6275 9138 5173 8516 5640 9468 8854 7467 6398 8588 9038 9933 5512 5671 5837 5245 8388 8970 6959 8745 9705 5706 5646 8017 5737 5681 8036 5751 9890 9238 9729 7307 7390 6969 7175 7217 6242 6410 8804 7270 9718 5156 6916 5277 7874 7134 8563 5168 6017 7881 6722 9018 8362 6169 5803 5338 5374 6324 5745 9310 6343 8848 5651 8365 6564 5019 8589 6426 5378 8494 8522 8205 6666 8116 7279 7755 6699 5130 8347 6875 6725 5411 7954 9844 7754 5390 8020 6572 9792 9094 6550 6287 9307 7831 8174 8246 6148 6530 7037 5849 5866 9514 9216 8069 6193 7437 9928 6352
8133 6834 6727 7217 7307 5992 6434 7804 6335 7130 7306 5119 7977 5824 6644 8523 7679 5254 9566 9305 7279 7304 6353 7724 8067 8231 5843 8310 8371 7872 9726 7911 7926 6394 5822 6703 8924 6094 6621 9521 5138 8266 9787 8042 9452 7447 6393 9286 6456 9464 8264 9045 6119 9348 6038 6890 5543 8376 5197 9162 7304 7414 7069 7603 6115 8992 8328 9570 9611 5199 5495 7304 8170 5053 5524 8700 8787 8911 5025 9281 6266 6512 6956 8581 9351 5428 9884 6783 6597 6193 5351 7083 9293 7148 7998 8563 8905 5660 9618 7144 6698 8435 7553 7735 7083 7459 9937 8652 5608 8136 6615 6723 8317 5383 9027 9045 5718 6772 8733
5951 5468 9727 9385 7974 8361 5699 6046 9631 8278 6650 7443 9771 5083 8581 7901 8674 6003 6113 7541 8638 5623 8092 9754 9705 7807 7619 7945 7963 6851 6784 8291 7911 8665 6642 9186 7655 8450 9063 9088 5918 9875 7308 5197 5663 8922 6935 7884 9357 9513 8507 6297 7704 5939 5541 9297 7221 8418 6117 7053 9502 8912 9866 7384 6143 8470 9248 6596 8834 9692 8406 7702 5567 6273 8503 9926 5883 5151 8646 8309 6407 7529 6548 6840 7348 9872 9562 7504 9158 8344 7966 6008 8073 6215 7588 9281 9191 5245 7688 5916 7412 9206 7324 9685 5525 6155 7495 5790 9103 5392 9506 6097 8238 5914 7687 8471 8370 9501 8893
6696 8862 8830 6665 9393 7842 6696 6268 7222 6826 6121 6250 5795 6096 5328 6883 8647 5871 8360 9547 6700 6549 6996 7840 5766 9640 7515 5707 7994 7881 8779 7703 7259 5125 6273 6228 6363 5096 6503 7253 7549 9349 7746 6809 7461 7610 6909 8127 5642 5466 6723 6851 7351 9304 8694 6899 6150 7970 7097 9258 5467 7398 7886 7663 7122 7934 8028 5740 9523 7156 6787 7002 5378 5408 5480 5033 9682 5963 6059 8484 7889 8703 6190 5385 9243 6758 5364 9242 7978 9752 6832 9726 8832 9618 7026 6755 5510 8660 8615 7341 5558 8353 9242 6904 7052 6505 6546 8303 5542 7591 7997 6488 9617 8216 7461 5363 5834 9357 6152
8303 8926 8592 7111 8260 5094 8556 6977 7968 9019 9904 9322 8240 9546 8024 5725 8365 9600 8073 8097 8618 8022 9613 6629 7590 6311 5323 5585 8975 8521 5253 9728 9111 9682 9138 5116 7382 7143 6910 9178 8004 5659 6151 8300 8781 6333 7245 9702 5951 7514 6805 9938 6574 7171 9768 8375 7887 7684 8147 9920 8490 8886 5528 6041 5662 9120 8748 8664 9595 5059 5521 9460 6103 8283 6111 8075 6770 9164 6633 8716 9093 5885 9233 6187 7737 6031 5852 9132 5409 8546 6227 6219 7934 5395 8796 7411 6140 6771 9034 9427 8640 5625 8998 7428 8866 9819 9893 8037 8659 9630 6104 6336 9875 7903 9611 5227 7755 7061 7335
9014 6786 5637 8290 9386 9475 7552 5143 7458 5734 9490 8474 6521 5146 8182 6411 9446 7549 7035 5814 8233 8625 7366 9188 6152 5997 8762 7010 6166 5411 5843 9503 7033 6260 5539 8902 8925 6524 7593 9944 7926 5246 5076 8721 7705 7823 8335 5364 8294 8712 7141 9388 7458 7567 6373 6064 6187 8744 7903 5543 8769 6290 7951 5781 6415 5551 6232 6211 7369 8789 8279 6383 6267 9725 5971 8292 9618 7318 7261 6739 6587 5487 5595 5220 8833 5770 7526 5172 6353 7751 9178 6872 7113 9054 9602 5062 9247 6360 6912 8317 9707 7844 6121 7999 9132 8835 7357 5725 6370 9229 6834 5207 5805 5674 6532 5791 8716 8525 6166
9582 7708 8116 7158 7611 7788 9471 5795 8197 7659 6062 6041 9174 6658 7736 6347 6038 7110 5829 9342 6322 7651 7358 8189 6560 6726 9148 9119 5566 8352 9930 6837 6818 9569 7498 6855 6347 5589 9954 8272 7955 8646 9393 6645 8820 8199 7497 5550 8528 8769 8293 5234 9901 6333 8500 8173 6669 9513 8941 7674 6488 8371 7214 7995 7974 8044 6085 5915 8353 5710 7428 7082 5861 9326 5140 7224 5482 9959 9298 5169 7874 5933 6429 5640 8115 8358 5856 6841 6415 9478 6128 9307 5535 8821 9280 8037 7359 6199 6444 6951 5351 8613 5587 9580 7021 6122 9137 5699 6024 8347 8503 9858 8355 7768 7822 7016 5127 6634 7458
8982 8455 5544 7350 6462 5890 5421 8490 6617 5532 6887 6930 5733 7684 6521 6900 5213 7376 8559 7702 9347 7430 9528 7281 6847 5569 7338 8941 6322 5603 7701 5872 7828 7481 5876 5658 6964 8239 9953 8161 8915 9210 7590 8869 9784 8274 6002 5202 5086 5280 6277 9278 7469 9782 9827 8417 7573 9339 6983 9905 8036 6207 5667 6654 5175 7428 6444 7692 7529 5828 6365 6159 9678 5305 5092 8106 6216 9319 7980 9747 5438 7770 5052 8168 5349 8190 8707 6581 9806 7202 5394 6548 9157 5496 9588 6719 7146 9137 6712 9578 6086 6771 7674 5882 7260 9837 9766 8560 7539 5698 7289 8746 9946 9531 5057 9146 7173 9559 5528
6512 8898 8344 9182 7686 5426 8792 6822 5477 7513 7282 6322 5588 9884 6228 8364 8230 6307 6040 8499 5952 9525 9505 6051 6583 6785 6425 5244 7109 9044 8362 9610 6589 9364 7125 7777 7279 9403 7790 7545 9662 7491 7611 8527 7926 8232 9794 6606 8579 8924 7382 5517 5442 9799 7517 7760 5075 5862 7344 5189 6833 8245 7152 9255 9001 6595 5908 9071 6685 8807 9089 8456 6313 8876 6078 6706 7153 8300 8921 7979 9067 9818 5797 6866 9616 5408 6325 8431 8570 5209 6953 9390 9401 7106 5988 6960 7815 7020 5917 7359 6121 7421 6260 5559 8427 7893 5359 6627 8731 7421 7367 7582 5706 8623 7970 5634 8785 5672 9384
7766 8985 8544 9832 9400 9732 7858 6230 8949 5259 9065 8237 9376 5032 6012 8334 6571 6075 8888 6313 6616 6849 8530 6443 6083 9895 5590 8908 9743 8610 6480 5326 7929 5083 7156 8133 5412 5797 9718 6657 8456 8411 5551 5432 6907 9824 5291 9524 9412 9784 5576 9743 7492 8209 5211 9949 9679 9624 7218 7232 9811 6187 6617 7505 7465 6178 7797 6437 5017 7318 8770 9226 7994 9523 6638 7848 5406 7009 7861 8962 8826 5313 7816 7287 7580 7677 6549 6220 6704 5116 6298 7848 7531 7176 5601 7705 7335 9159 6706 8670 8407 7319 7264 5337 5071 5853 8896 7408 9109 6026 7647 9481 5806 9376 8196 7770 7064 7568 5561
7001 6385 6633 8687 6344 7128 8712 8486 9304 5410 5943 7560 9474 5260 5665 5636 6843 9701 6296 8877 9628 9224 5161 5338 5345 8109 6493 7835 8977 8616 8372 8823 6293 9434 5178 8454 5750 8501 8394 9842 5960 7521 7702 9711 6626 8138 5316 6773 5742 9493 6276 9894 8828 8114 8865 8508 9244 9865 5314 9823 8001 6833 7416 9353 5305 5959 6023 9620 8437 7177 7668 5460 7914 6668 6352 8735 5311 9189 9133 6203 8937 8795 6664 8580 7371 6241 5604 7987 5503 6494 5810 9172 5139 8742 8265 6338 9137 7164 8233 8090 5027 9838 6049 5875 5075 6286 9356 5898 8809 8605 5268 7971 7829 9541 7792 6414 5242 8444 9689
7598 8092 5137 6170 8891 8619 7097 5847 5134 9734 5596 7103 9045 5352 5862 5541 6999 9520 6681 9870 7912 5021 9633 7155 9439 6168 8660 8101 8566 9078 9081 7670 6832 5048 5529 6366 9615 6887 8248 9198 8041 6009 7551 8603 9065 6857 8120 6894 9470 5571 7617 9128 6066 7769 5076 7220 6750 9044 9243 7282 9813 5891 8000 9664 7636 7263 5507 7024 5698 5176 7468 5264 6123 7273 5575 6151 8461 8839 9065 6569 7879 5982 8758 5910 9027 6112 6245 8959 5170 8433 7698 8721 6625 9181 5666 7694 9539 5214 7921 8751 6995 5539 7431 9906 6710 5574 9673 5678 8048 7505 7316 9663 5384 8685 9909 5764 9920 8400 5309
6714 5830 8748 5200 9640 8585 7081 5719 7525 6429 7316 5700 7186 5422 7585 7642 5040 8929 8421 5569 9303 5021 6466 6502 8885 5234 7197 8221 7431 6797 6724 7983 5855 6012 9466 9253 9113 6692 6942 8623 9878 7055 7158 7801 6089 7759 8459 5865 6606 7019 6549 8176 7470 8935 5678 7078 5623 9347 6912 5375 9714 6510 6927 5842 6871 6132 8177 8141 9269 7979 8073 8119 6313 6060 6372 9663 9121 6526 8364 8470 6379 5135 7508 5212 7249 5213 5637 8964 6235 7405 9411 7223 8239 8948 5524 7676 8310 7263 8630 7454 5473 8432 6729 5871 6807 7166 8406 8511 6991 5350 8800 6358 5453 9851 6419 5886 5869 6483 9374
8301 5920 7435 8273 8578 5480 5438 6442 5694 8182 5467 9726 7208 8594 7062 5213 9228 7234 9923 6828 5297 7150 6125 6855 7772 8614 6124 6447 6575 9199 6230 9403 8082 5410 7817 8871 5396 8241 7683 7437 8091 6393 9203 7755 6844 8967 9039 5969 5088 9586 7601 5165 5341 6496 6892 7141 7927 7653 6152 5786 6711 7646 9616 9953 6927 8009 7355 5346 5503 7262 5693 7525 8832 5783 6552 7767 8857 8801 9733 8901 6907 9659 7168 6844 7124 7490 5756 5511 9516 8000 6028 5122 9414 5243 9532 7247 9062 5145 6788 5541 8603 9942 9412 5019 6969 5623 9681 5528 6501 7171 8771 6514 5292 5734 9918 8569 6026 5790 7663
7774 8989 5117 7377 7640 5376 5368 8062 6714 7561 5032 6836 9183 8836 8221 7017 5164 8802 6353 9070 7286 7179 6207 9507 7380 5718 7929 6701 6982 7992 6377 7563 5510 8405 6944 8168 8479 9572 8941 7997 6453 6609 8441 8276 7996 7780 7664 5219 7511 5242 9040 7029 8132 6059 8057 8533 8309 8013 5194 5667 9280 7128 8577 5452 5726 6726 9586 8825 9546 9618 8244 7712 7023 6105 7499 6841 7373 6438 8909 7120 7962 7616 6786 5207 8803 6795 5032 8526 6775 7793 7605 8803 5322 8139 9309 6219 9901 7209 9764 7278 5942 6762 8508 5603 6442 5326 9761 8216 5781 7588 9457 7700 6190 5637 9233 6516 9940 9505 7305
8590 8255 5483 8498 5065 8494 7644 7981 9821 8361 5105 5502 8902 9548 7259 5726 8149 9020 5369 8552 6973 9176 6006 7436 5030 6038 6883 9525 9492 7968 8580 5866 8289 5830 6597 5579 8810 9290 9750 8252 6339 7532 9893 7770 6714 6768 6808 5131 6963 7191 7345 8394 5051 7438 8861 9087 7819 5345 7174 5532 9025 9075 8450 6060 7328 8728 6016 5117 7119 7447 7287 5186 6866 5162 8126 6488 6654 8245 5438 7065 8483 5224 8040 5686 6282 9598 9691 6308 7276 9870 8656 8913 9838 6575 5382 6861 5949 6359 7338 7330 8202 8307 8073 9943 5114 5165 8049 8314 7961 5370 7508 7461 9230 5490 9206 8661 8292 8015 6365
6501 5282 7433 8347 5927 5541 9209 8716 5550 8765 6035 9869 7992 5327 5420 5017 7647 9143 8402 7387 9397 8550 6872 5625 8497 6421 7946 5152 5058 9360 7365 5992 9706 7895 8822 9513 6236 7086 7098 9849 9163 6119 7066 8470 5405 9101 5406 5896 5670 8994 9566 7560 9530 9464 5978 6660 7383 5880 6305 8728 8018 5881 9907 8954 9113 8974 8679 8093 7873 9959 8426 9381 5084 9449 7541 8634 9668 7958 9837 5495 7811 7697 6365 7491 8611 6814 8422 5619 6299 9732 8546 7458 5998 5357 7383 5719 5922 6552 7898 7314 8809 7110 7023 6130 8454 6628 7968 7136 9709 5043 9249 9677 6556 8942 7701 9277 5839 8992 9868
6338 7363 7714 5903 9878 9586 5454 9441 9559 6336 6786 7267 7347 8908 7672 7920 6965 8368 6574 7636 8191 5727 6632 8922 9556 5706 8976 6375 6257 5939 7239 9784 8208 9044 6266 6959 6587 5961 8764 6503 6631 8480 5349 7599 7185 7978 6478 9381 6912 7713 5224 7729 9813 5925 9803 6780 9795 8880 5903 8174 9146 7628 5632 6424 5056 7949 5697 7898 7361 9542 7965 5857 5940 7419 8359 8605 5761 5248 7031 5219 7290 9200 9663 5662 6320 7950 7223 5070 8214 8664 8298 7772 6373 5098 8308 7840 5567 8696 5624 6841 7747 8070 9327 8430 5931 6228 5826 9221 7581 9223 6035 6709 8756 7571 5886 6328 7458 7032 9498
6624 9594 6963 7482 7886 6819 8122 5774 7977 6721 7255 5681 5483 7019 8497 6202 9695 5752 8639 9529 7164 9179 7997 9513 9540 6360 5015 9679 6545 5750 7007 5624 7540 9841 9293 7162 8700 5698 8493 5280 5027 9141 7044 9870 7531 8152 9740 9208 6941 5128 9020 7645 8275 8196 7603 9816 5152 5709 8015 7078 6219 5952 6776 6844 8776 8072 8218 8476 6783 5065 6650 6630 5906 6057 7744 7331 6698 9745 7655 6071 6064 6875 6193 6289 9071 8555 6628 7979 5358 6842 9417 9441 8991 8611 5941 7103 7630 7812 5625 6471 9738 5084 9910 8374 5654 8031 7784 8809 7173 6146 9142 9886 8142 5094 6943 9159 9767 9207 7396
7529 9020 5470 6481 9027 7942 8023 7039 6475 8809 8057 7049 6036 5436 9687 9369 7844 9350 7053 6250 6559 5219 5295 9422 7141 6098 6393 5660 8161 8717 5417 8494 6386 5683 7816 9379 8574 6151 5296 7155 6324 7776 5509 5074 8963 8948 5426 6202 6062 5928 6860 9633 6377 6305 6410 9882 5420 6443 5505 7333 9469 8049 5400 6059 8755 5901 5876 7269 9562 5325 6501 5237 9234 7997 7308 6516 8447 6904 9843 8824 5350 8448 9342 5842 7979 5416 9369 6981 8535 8442 9603 8226 6189 7317 6848 9854 8168 6084 6477 5453 9178 5430 9670 6311 7276 9172 6961 7032 9353 6950 8252 9712 6728 8323 6501 8827 6030 6781 6685
5182 8506 8030 8472 8300 5093 8650 6285 9787 6916 6889 5927 7895 7068 6933 7267 8763 9220 5583 6699 9044 7951 6852 8899 7422 7490 8073 5813 7101 8784 9101 9928 9561 8583 9382 9919 8253 6147 5453 5717 8799 6708 9634 7375 5648 7844 8004 5945 5252 6535 9941 9925 9529 6033 6795 7631 7998 6227 9048 6629 9666 7913 5469 6623 9179 7015 7276 5606 5527 7426 6599 9046 9213 9158 8231 5295 6431 8636 9072 8062 8967 9827 5956 5902 9034 9163 7017 7746 8202 7689 8183 5324 6908 5524 8155 9660 6635 8846 5167 9487 8842 5863 8009 8421 7178 5400 8908 5871 6843 5436 6431 5466 6381 6218 6933 6054 8207 7962 9659
9365 9130 8594 7463 6280 6552 7419 7217 8398 5160 5540 8449 7678 6982 9389 7423 9024 8052 7663 5538 8565 7177 5270 6134 6704 5139 8189 5282 5791 5799 7995 7457 8477 5628 5630 5063 5753 7046 8960 9379 9498 5558 6495 6930 9821 7429 9950 5669 9111 9866 5167 8138 7787 9623 9639 8709 7332 7196 8446 6929 5442 9241 7344 9338 8239 7450 7286 6002 5049 5620 6689 7734 8508 8580 6243 5962 7578 5194 8691 7350 9550 6239 7026 8705 9824 6410 8329 7277 7836 8383 8937 6078 7239 7388 7227 6838 7673 8847 7781 7297 6694 6308 8262 6529 7181 7534 8595 5293 6243 9593 7497 6472 8639 8173 8727 8558 9087 7752 6551
7356 6248 8901 7317 7415 7802 7034 6321 7643 6941 8477 9374 9613 7003 9334 9659 5084 9127 8794 5613 9035 9252 6336 6275 8835 7204 6856 9407 8394 9947 9629 5783 6975 6725 6337 6131 7623 8085 9402 9555 6970 8100 7374 9400 8694 7224 5801 6804 7605 8631 8821 6735 8276 7690 7218 8108 7883 6658 7657 5190 6417 5655 5532 8766 8537 7977 5839 6147 5837 7821 7719 5153 8230 6364 5434 7679 5207 8622 8944 9847 8504 5554 8962 7729 7129 9262 7886 7954 6906 9663 7993 5150 5801 5532 8163 7757 6403 9851 5116 8114 9916 7963 8117 7901 8475 8737 9237 5857 6064 8814 6752 6648 5164 8473 6875 9296 7216 5095 5883
5821 7370 7773 9484 7848 7222 7103 6022 9165 9759 6666 7320 7137 8420 9484 5659 5982 9240 7401 9345 9946 9462 9025 5675 6199 5604 7986 9573 7205 8265 8520 7954 5367 7052 6088 5232 7512 7071 8550 6270 7687 8016 5094 7125 5235 6691 5911 7795 6160 5743 7444 6269 9214 7468 5552 6675 6300 5371 7640 7891 5310 5749 9946 9808 7123 9858 7331 8076 5215 7261 6241 7939 9811 7247 7515 9559 8691 6382 7478 5194 9671 6264 7870 5973 8996 5059 5929 6941 6524 7456 6137 8801 8078 8055 7899 7092 8640 8614 9739 6683 5042 9730 7579 8251 9590 6801 6995 5547 7037 6010 7751 6547 9027 6735 8782 5299 5426 9151 5174
6757 5945 9362 7025 9325 7511 6945 9469 5372 9209 6028 6780 6473 9304 7691 7056 6280 7968 7167 8946 5105 6069 7187 9539 5635 6622 6103 7387 8297 7548 6165 7032 5229 8530 5420 5851 7175 6878 7693 5198 5285 9414 7899 9101 7888 8520 8109 7803 7269 8221 9528 5872 7776 6418 5317 6969 6201 9260 5248 5663 6859 5950 6725 8515 6350 8362 7859 6242 6195 9357 5176 5211 6813 8588 8871 5180 5247 8669 6036 9222 8418 8773 6985 9375 5060 5738 7002 9675 9448 5125 7462 9958 5750 9637 7151 5264 7350 5096 9892 6820 9650 7602 6541 6239 9272 5479 7919 5703 5142 7055 5281 5784 5749 9311 6275 8205 5120 7932 7685
5677 5467 5929 8041 5046 9080 9793 8210 5350 6638 5192 8902 9298 7135 7343 6627 6069 8453 8038 5913 5933 8677 9698 5329 8663 5723 5147 9157 7818 8716 8660 5228 5767 9754 9793 6608 5339 7521 6845 9255 8242 8269 5150 9118 8024 5025 8059 8870 8820 7944 7594 8616 6023 9510 8992 9908 9217 6156 5782 6241 9937 8007 5638 6889 9697 8048 8594 8911 6666 7622 9857 7342 9563 8212 8395 9877 7784 8400 6739 8744 9883 6569 9660 9509 8019 6872 5291 6128 9962 7362 9684 6794 7044 7462 7657 6175 7305 5905 7278 7791 9230 7436 6244 8087 5107 6733 8354 5551 9155 6874 6018 7851 9543 7997 5566 8769 7204 8591 6513
8935 5369 8437 5320 6971 5813 6585 5448 9669 9441 7067 7022 5961 8303 9238 5745 7829 9693 9145 9652 7131 5747 8043 9668 9648 9421 8575 8211 9737 5586 8385 8104 8472 7248 7779 5327 9176 6708 8610 8480 9124 5306 7150 9620 7317 9592 6058 9351 5439 6668 8323 5675 7153 6119 5272 9186 8994 5530 6346 8281 7679 7065 5464 7367 6036 7520 9432 6913 6529 6544 8170 6966 6729 8260 6823 5151 9627 9609 5797 9477 5320 9050 5752 9786 9863 5836 9788 7749 8066 5637 5719 8223 5301 5031 9552 8446 6055 8178 6284 7867 7621 8900 8459 9017 8487 5630 6017 9659 7563 7278 5196 9027 8138 6372 7320 6714 9593 8506 5097
8548 8546 9467 6653 6745 5966 6460 5609 7446 9191 9761 9764 5316 8608 6238 5308 8002 7326 8863 7908 6996 8791 9604 5331 7765 8995 7944 8442 9740 7516 5908 8653 6776 8943 9939 5454 8804 7953 7249 8427 6637 6899 5602 7176 5153 7619 5252 9412 5204 7335 7873 5605 5184 8545 6891 6056 6115 6165 8246 5030 8583 6026 5398 5759 6862 5909 6141 6992 7444 6005 5081 7198 8311 9738 9889 7512 6341 5122 9540 9739 6363 7669 9723 6558 7870 6469 9179 5374 9474 8357 8526 5470 7263 9329 6857 8918 5835 9725 9550 8888 7662 6499 6348 5579 6674 6653 5342 9808 6749 7270 9669 5853 8417 6229 6163 8300 5757 7093 5574
9884 7727 6983 8174 6912 6635 8763 6425 7747 9960 9021 6322 9826 9367 9648 5657 7648 5854 8237 8779 7573 9692 6548 6165 6550 9041 5282 9839 5833 8038 8224 9864 5815 6267 7676 8517 7282 7009 8495 8297 6165 9480 9733 6060 7388 9452 7063 5691 5288 6287 5275 8987 5466 6732 7195 5680 7645 5930 9477 8156 5390 7292 5059 6770 7908 9192 6798 5831 9879 6085 9124 8692 7996 7588 6710 7851 5246 9104 9452 9081 8243 5949 7123 6063 8097 6253 9155 5029 5606 9652 8147 8249 6961 5291 9012 5729 7302 7049 6273 7630 7042 7964 6793 9286 8462 7498 7128 6491 5254 6417 8988 8611 5725 8312 7036 5597 6475 7881 7331
8427 8615 7327 5304 5505 9238 8857 6097 6345 8761 5809 8047 5202 7696 8471 9482 7538 5200 5618 5162 9725 8011 5048 9032 9422 6360 6363 5114 5729 9635 6907 5419 7064 6278 5249 8800 6462 6741 7990 8848 9438 9128 7754 7260 6697 9051 6083 6035 9478 5243 6958 9256 7401 9820 9914 5466 7374 6223 8604 9460 5943 6037 7946 7020 8866 8691 5427 9713 7144 6224 7002 5195 6470 9376 8996 7016 7797 8335 5999 6186 6336 9263 6727 7406 8504 6973 9230 5329 8845 8234 6146 5924 7492 9663 6328 8369 8772 6658 8528 6601 7226 5200 9540 8950 8834 7548 6827 6206 6673 7709 9689 7437 6652 8811 6267 6818 7829 5630 6038
6974 7185 9146 8086 8796 6665 6576 9703 9954 7327 5327 6061 6622 8959 7390 8778 7922 7395 8408 9736 9809 7705 6237 5075 5359 5374 7069 5056 5980 6340 7629 8946 7543 5096 5134 6816 5124 9069 5094 6618 8646 6176 5441 7997 9532 7704 6597 5290 9816 9797 6844 7588 8058 5316 7277 9151 7869 9764 7400 8784 9669 7450 8677 7387 9741 7700 5882 6402 5562 7960 9240 9067 8048 8977 9033 8915 8960 8787 8418 9536 5555 9417 7064 5799 9005 5800 8736 6684 9378 6746 5488 8907 7070 6577 6258 5059 8231 7165 9361 7340 8296 6466 9450 8077 9303 8152 5708 8890 6458 7570 5376 5407 9629 8272 9499 8484 9666 5414 9022
5968 5433 6695 8364 6768 9107 5260 7215 9914 8157 8572 5580 9424 6581 8262 6594 6942 6791 5445 9876 9286 6150 6264 7340 9543 9210 5326 5349 8047 6998 8538 5325 6699 9599 7031 6884 6794 9319 6377 8397 8967 9768 7204 7355 9319 5466 5463 9070 9097 7845 9404 9904 7738 7156 9572 5756 6439 8890 5749 5544 5488 6038 9634 5389 5992 5055 8872 8001 8487 6931 5883 9857 8334 5275 6983 7690 8097 8701 8526 9764 9814 5565 5648 5353 7453 5616 7251 8537 9662 6454 6589 6868 9258 5619 5060 8923 9732 8439 6485 5681 8855 9691 5416 5972 8003 5387 8022 9505 6810 6489 5736 5220 6904 5448 7713 9296 9777 9230 8395
7087 6177 7654 8068 7320 9301 5195 5959 8783 5177 8514 6614 8714 7438 6847 8994 7891 6663 7862 7498 8351 5815 8806 7669 6327 6774 7419 9280 6529 5540 5440 5836 6329 5244 8401 7275 6083 9117 6709 9887 7108 6790 5197 8514 7993 9229 7468 6441 7554 5502 9276 7398 9628 9317 5817 6321 8348 9747 8276 5886 8206 5349 8849 6151 8762 8636 6422 6226 5501 9749 7099 8233 6137 8056 5889 5200 6761 7579 5707 6765 9327 7561 9746 7934 8212 5939 7457 7280 7326 5550 7985 7297 5949 5065 9932 8439 5057 6454 7568 5163 7870 9746 8309 9045 6094 5558 9830 7105 9480 5685 5083 8450 8183 6640 7088 9299 5824 9102 5804
8729 5429 5559 8888 7850 7839 5315 8447 7463 8852 6658 6451 7938 8076 8913 5520 6191 6065 5715 9533 7961 9536 6757 5342 5695 9766 7657 9594 9186 7240 6874 8962 8232 9080 8838 8439 7414 9730 5035 6680 6073 8981 6092 5171 9805 6015 7716 6745 8357 5154 5066 6154 6983 8276 9004 8086 6208 6612 8047 5665 9066 6719 5851 5853 7047 5036 7611 9658 6475 5651 9843 9259 7057 7947 9763 7040 9109 6392 5240 5967 7532 6720 5759 8889 5289 7068 7652 7551 9732 7360 7177 8581 9072 5964 6429 8331 6449 5949 5810 5049 5536 7423 6335 6738 9511 7554 8851 9210 6610 5394 8817 9403 5620 7991 8687 7120 7084 8580 5858
8412 7372 5863 7473 7420 5121 7935 9024 8994 5860 6561 8107 8768 6323 9036 9433 5659 7003 7232 7083 7572 9394 5930 7675 5966 6344 8650 7297 8207 9174 8030 6236 6103 8690 7648 7662 7962 5370 7507 9800 7361 5918 7184 9736 5217 9381 5064 8688 9507 8528 6952 7531 6657 5808 9731 9024 7500 6697 5290 6789 5283 7104 9842 6432 8454 5990 8362 5819 7985 8812 8801 7853 5929 7318 5040 6711 5478 5255 9938 7963 6904 8851 6060 8218 9181 9684 6695 5288 7310 9124 5019 8674 5669 7577 5525 7144 9660 6477 5588 6900 5205 8833 9284 5494 9125 8784 7186 6037 7006 8703 5179 7947 9359 8945 6484 6069 9221 6376 5981
6147 8500 8108 8738 7697 8645 7934 8241 7216 5739 8602 9185 8938 5462 6263 7490 6890 9587 7942 5933 9235 9109 5362 7052 8191 7368 6690 5656 9044 9414 9039 9259 5223 6847 8048 6912 7123 6724 5021 5749 6228 7607 7757 9833 6993 6473 7421 8831 9321 9868 6625 8379 7946 6087 7510 8892 5673 7490 6728 8576 9118 7586 5497 7686 7851 5535 7096 6589 6687 7846 7355 9335 6099 8247 9216 6969 7795 9090 5112 6328 7017 9431 5572 6756 8599 7188 5059 8368 6091 8245 8177 8405 7428 6374 5832 7962 8925 7689 9613 6894 5382 7639 5553 7395 9401 6128 6577 5483 9479 9234 5696 9149 9112 7078 5939 7002 7705 5512 6615
6877 7061 6336 9532 8266 9518 9751 5336 8029 6997 9065 5091 6216 5936 9093 8133 6266 6998 9755 7546 9762 8879 6477 6252 9713 6085 7856 5988 9371 5586 9630 9551 9547 9331 8898 8037 8748 6070 5548 7185 7762 8057 7878 6629 7351 8024 9670 8787 7357 9484 9533 9396 9850 7200 6640 5792 6574 6989 6898 8235 6114 9928 5819 7588 9077 8680 5852 5300 6144 9371 8273 6110 8216 9418 7313 7993 8767 8824 8611 6174 5191 9596 8979 7539 5144 8102 5583 9377 5164 9844 6138 7071 7464 7962 7076 9272 5607 5860 6811 7183 9708 7706 5079 6565 5517 5376 6179 9270 6436 6054 7129 8832 6165 6159 6006 9105 7398 5967 6054
9197 6547 8221 8690 6926 7546 7456 8901 6371 9835 9580 6003 9710 6471 7142 5567 5638 8181 9847 9537 9852 8683 8110 5743 9193 6719 9829 7759 6994 6112 9442 8903 5442 7495 8122 5393 7777 7250 8609 6892 9347 7016 8255 8131 8323 5686 9531 5548 9136 6145 8509 5664 7950 6572 8398 5625 7177 6304 6459 6004 7734 9251 8598 8734 6945 7239 9941 5588 5396 6931 7974 6599 8807 6608 8165 8621 6392 8596 6808 9633 6688 7288 7293 8236 9103 5315 7250 7891 5113 7026 5465 7292 5544 6354 6415 7676 7113 9294 7948 9335 7822 6841 5235 6020 9510 8155 8780 9064 8620 7169 5019 6890 7769 5901 6646 5612 7814 7071 8573
5055 9664 9616 8827 8890 6913 7896 9091 7196 7914 7941 8123 9327 9507 9171 5562 5079 7686 8703 9631 8078 8594 8797 6078 9954 8874 5511 9423 7719 5983 7872 9544 8170 9632 5525 9200 5658 5979 9605 7272 9344 8420 9850 7769 9898 9872 9861 8641 8034 6300 5919 9550 9050 8424 5447 8047 9687 8943 5357 9288 5385 9211 6086 5525 7874 5453 6694 7324 6001 5601 9548 8987 7564 8722 6189 6121 6854 5285 9266 7948 9265 8891 5515 5598 8684 7886 6385 5935 5831 6304 7090 9138 6107 6991 7642 7268 7198 7559 5216 7030 5333 5461 5923 9237 7021 5981 6700 8466 6403 6859 6439 9872 9280 7999 8264 7142 5497 7932 8529
9578 7130 6725 5677 9337 9333 5556 6040 5147 6639 9005 8084 9655 5277 5305 8569 9188 9181 7150 8097 7256 6790 7211 9679 9805 8005 5290 6907 6849 7885 5183 7536 6003 6502 8532 5248 7279 7672 8049 7130 6839 6153 5973 9822 8537 7474 5459 7026 7589 8111 7474 7795 7214 5598 9512 6984 5478 7822 8072 9009 9820 9497 8653 8942 6244 9658 6959 9348 7675 9913 7056 6245 5228 8111 5127 8765 9920 5483 6303 9259 7483 9551 5289 6214 8775 6020 9414 6649 7088 9259 8231 9780 7482 6957 8180 9684 7145 6401 9626 6060 5366 8064 6957 9316 5481 6249 5166 7499 7740 7730 6926 8517 5106 7006 8207 7555 7365 9355 8848
7731 9294 5438 7452 5650 8647 5606 6552 9150 6889 5516 8058 6397 8219 8997 5924 7928 8506 7285 5889 8108 9599 7775 7031 7855 7848 5579 9616 6694 9048 8216 6579 9384 5610 5585 5039 6039 5941 5181 9729 9147 7230 9777 9240 8301 5562 7239 9537 9883 5258 8664 8467 6316 9352 6059 7621 8506 8237 6121 6595 5312 6134 7057 7613 5038 9250 8969 8866 7376 8177 6075 9364 7227 6270 8850 5331 5459 9494 8385 9819 5529 7821 5973 5956 8518 7738 5405 6525 6782 8074 8901 6179 5754 7720 6552 9477 5501 6908 8095 6466 6150 9259 8702 7627 7071 8916 7948 5193 8864 7469 7594 7440 6902 8987 9067 9384 6166 7352 6136
8416 5750 7349 7308 8520 6585 6834 6128 8517 6199 8086 9056 8260 6774 5583 5994 9224 5597 6487 7309 7132 6540 5478 6157 8556 8178 9025 8505 9931 8127 5858 5639 7494 7266 5949 5925 7643 7713 6350 6498 6009 6126 6262 8068 9130 7571 7181 5148 7698 7160 6322 5204 6361 6404 8897 6694 5813 7787 5717 5522 6893 9529 8248 9791 7152 8853 7652 9272 6772 8308 7916 5889 6323 9326 6704 5678 6486 6845 8572 5922 8317 5525 9041 6939 8727 7055 8869 8539 9156 6648 9907 8637 5099 7506 9153 6042 9613 8618 6125 9562 9871 5120 8855 6214 5747 9329 5249 6084 8896 7233 5578 8687 5905 9362 9010 5875 7529 5877 8895
5655 6243 6900 8802 9744 8753 6480 6139 5852 9650 9708 7578 6406 7234 9134 9622 5700 9888 5151 7802 7397 8187 5165 5691 5179 6920 6284 6810 5324 6698 7616 5702 7988 8218 7628 6421 6306 5961 7859 8007 7770 5094 5280 6353 7459 8889 9078 9374 5023 8928 8878 8443 7070 6698 8782 9045 5668 8665 8077 7985 6148 6436 5978 8980 7587 9564 7302 7330 7501 7752 8042 8692 7249 7481 9539 7387 6748 5808 7196 9163 5520 7194 9667 7374 7446 6193 7769 5211 6838 8980 7264 5648 7352 8760 5074 8633 5740 9691 6840 5016 7677 7222 5404 7654 5871 9095 6421 8774 8814 9259 8980 6312 7233 9037 9708 9884 9729 5262 8473
6691 7185 8234 5731 7780 6643 8924 6674 6922 9302 5552 6508 8990 7394 6700 9315 8727 8352 7786 6459 6148 6486 7098 6775 8020 9022 5896 7418 6919 5165 6345 7284 7410 8383 9858 7776 6376 8612 5869 9939 5533 7305 7060 8505 7792 6546 7900 7575 9574 5217 8246 6523 6864 9896 5685 7271 6700 7218 6989 7419 8638 6016 9232 9348 8097 8889 6159 8459 7503 5461 7862 5501 7957 7762 6217 6945 9735 7527 6408 7117 7206 9802 7085 7843 7796 7479 8923 7240 5239 7464 8704 9448 8539 7880 9498 8585 7627 9137 5478 7170 6825 5412 6982 5494 7182 7689 7425 8898 9505 7799 5814 7475 7867 7642 9599 8567 5798 5055 5250
8906 5273 6172 8565 6353 6205 7608 7688 8268 7324 8862 9423 5755 8653 6854 9054 9773 8616 5321 8160 6684 7353 5404 9686 6366 5570 8443 7489 8091 5808 9664 8466 7883 8529 7071 9745 8324 5073 8783 8561 8534 7341 5385 7850 6674 9771 8191 5563 5203 5243 9368 6672 7371 7904 5828 8641 5754 7164 5722 8523 8234 8992 6686 7607 9508 6664 5333 6655 6415 5364 7659 8348 7073 7129 6466 9716 6826 8343 8367 5369 7724 9820 6291 5428 5116 6459 8391 9362 6392 9054 9782 8674 8391 7275 6234 5977 9314 6958 7164 5581 8982 9835 8454 5023 8972 9350 9422 9824 8672 6141 8901 5581 7276 8581 9788 9423 6986 8841 6162
7376 8488 5196 5562 9602 8545 8649 6026 8699 7168 6131 8333 5882 6362 6976 7383 8989 5096 5956 5969 7870 7910 8152 9937 8234 8623 6265 8793 9429 9575 9153 7764 6331 8440 6205 9471 5364 8092 5038 7627 6662 7188 5837 5149 5106 8223 8204 9943 9038 5520 5798 7636 9835 6367 5575 6208 9802 9767 6386 5832 8528 9530 5196 5068 9736 7023 5998 7722 5684 5140 9382 9319 8142 7405 5233 8306 6443 6140 6996 9236 5596 9729 7128 9847 9789 9597 7068 5320 9207 6812 8733 9676 9303 8315 5243 9730 6394 9332 9043 6228 8330 7746 8657 9475 8341 9460 8485 9166 8036 6032 7907 9519 7250 9242 5069 9245 8120 5257 5783
5079 9182 6460 5086 9238 6774 5053 7690 5597 8511 8714 9215 5414 7541 6031 5865 9004 5032 6476 8563 9603 8648 8213 6248 9445 7681 5457 9049 6244 7042 6925 7869 7505 7379 6651 6968 5825 7798 6835 9159 5565 8005 9670 9149 5603 9786 9253 9058 5605 9467 8115 5286 6683 8378 9864 8528 5846 5540 5901 8044 7424 9302 5331 8948 7291 9604 8461 5563 6313 9309 7794 9243 6454 6509 6744 5793 9694 9899 5619 5231 8171 8883 5586 6470 8469 9700 5070 6349 7352 8115 9533 8931 7573 6692 5394 5230 9009 7956 7432 8082 9572 7663 5121 5121 7584 9548 8188 7406 8154 5053 9375 9099 9530 5269 5519 6384 6999 8922 5978
7976 8879 8471 7237 8783 8919 8107 5263 6629 6675 7566 5837 8742 6953 5305 7164 9439 7616 7697 6632 5352 6314 6805 8164 8938 5564 8774 9017 7257 7301 6119 7873 8124 7245 8988 7155 7056 5052 8411 8063 8117 7934 8677 6609 6731 5390 9769 6839 5767 8342 6402 7253 9686 5816 6180 6898 7729 5784 8453 5990 5274 6361 6226 6737 7034 9219 8316 5757 8169 5666 8520 8153 7794 6843 7117 5348 6203 9883 8050 7465 7387 8424 5501 9584 6862 6368 7872 6233 9190 9145 6313 9315 6938 7293 8080 9707 7485 5392 5046 5639 9818 6145 8125 7460 9330 9809 6162 9179 5671 9364 6967 8185 5851 5943 8644 6951 6974 5298 7854
8602 8320 7276 7536 7025 7154 9039 9227 5344 9718 6845 6526 6980 9596 8121 6386 8405 8991 9012 9108 6919 5017 8236 5367 8046 5743 9458 8281 6908 5096 9177 8985 7796 9400 5321 5469 5811 6316 9723 9069 9365 7251 9157 7676 9303 7638 8894 6746 9760 6698 7786 5617 7649 7701 5331 5755 7351 7394 5914 6744 7731 8812 8510 5998 9443 6231 6603 7724 8551 6717 7570 8901 9093 9546 5450 7107 7163 5289 9459 5169 7204 9250 9450 7006 8088 9817 7522 8742 5145 7326 5706 6389 5919 8922 7954 7941 8534 6763 8242 7690 8369 6314 8285 9959 9830 8246 9859 9113 9416 6350 7115 9492 7491 9783 9271 5456 7498 6840 5020
9444 6722 8903 8194 8944 5932 9895 7910 6474 8178 7870 9850 8671 8145 7359 5065 9829 7517 8579 9920 6679 8148 7862 7164 6981 5100 6398 5621 7933 8185 9712 5901 5399 6177 6811 9561 5667 6066 9959 8167 5654 5280 7686 8589 8323 7703 8451 9762 9788 5543 5223 9911 5259 9663 8075 7549 7943 6786 5840 8655 9648 5659 7722 5919 6572 7524 7489 5378 6913 5793 7396 5974 7081 6627 6158 7739 8157 8130 7490 5754 6142 6711 6481 7902 7254 7993 7102 5548 9581 5153 8084 5566 9626 8415 8058 6405 6787 9212 6300 8551 6372 5362 7256 6065 9821 9761 6288 6338 5825 8052 6786 7928 5116 7627 8944 7456 7582 8810 6308
7682 6720 6997 6266 8989 6113 9486 8114 7388 6073 5357 9682 6667 8290 5485 5948 8845 7453 8456 9939 7032 8948 6679 8631 5248 9205 9140 9104 6682 8565 8582 7602 8840 5859 9830 5311 7951 8031 9946 8891 5884 8789 9892 5497 8841 8794 9406 8521 5997 7105 5202 5306 5781 9071 5713 9067 5855 9828 8531 7301 6744 7038 5554 9917 8114 6095 7475 5179 5864 7477 9651 8940 8748 7582 8233 9520 6451 5943 8574 6433 7822 6627 8701 7185 6472 6989 9272 8509 6697 6325 7968 6214 9390 8393 9205 7774 7178 8421 7344 5808 9717 9624 8437 6230 6210 7409 6290 8975 6738 8877 6352 6572 9119 5764 7716 7480 5622 7220 6165
6197 9689 6836 7684 6144 6521 6393 6048 9926 8802 7583 9406 7154 7360 6610 9235 7970 6285 7063 5604 7865 5948 6955 5248 8457 5341 9228 7874 7378 5321 9957 6056 6254 6270 8907 8652 8572 8543 7630 7358 5983 7272 8282 8142 7322 9491 6640 6931 6543 6028 5354 5858 5864 9526 8713 8543 9118 7968 6149 7915 5649 5837 8547 6300 7799 8255 8826 6234 8212 8597 9575 6510 7853 7232 6504 7193 5030 7789 5604 7569 6085 5470 9100 8594 6298 5696 9739 5894 6158 7545 6230 5404 9626 5511 6972 7420 8253 9515 7928 9385 5308 7191 5890 9196 5068 9117 8150 8463 7684 5493 5518 5996 5803 8410 6613 6033 6965 8563 6757
7328 5267 6853 5384 5826 6903 8883 9075 6730 9807 5222 5574 8520 6346 8604 6380 7551 9532 5839 8046 8208 7773 5936 9698 7058 6084 6299 5945 7815 6879 5714 6491 8646 9078 6972 8404 9222 8565 8781 8262 5951 6729 6531 6134 7603 9733 5956 5344 6027 8984 5252 5864 9532 9630 9957 8388 5641 9844 7806 8381 8638 8829 5065 8215 5110 6518 8847 8130 5073 6555 5996 9616 6745 8115 5501 5936 6988 8271 9593 9475 7261 9061 9530 5693 6854 6348 5447 6177 5874 7572 6257 5892 9482 6240 5301 5602 7925 8162 9768 7401 6987 6971 5210 7220 8401 8192 8975 5639 9481 7229 5933 7483 8319 5563 9803 9121 5751 5366 6219
8717 8269 5297 8447 8423 7477 5533 9470 8388 9880 6808 6446 5283 5643 8581 8372 8031 7591 5521 5937 8990 6656 8068 7236 8574 6848 6043 8965 6548 8067 9078 5029 5792 5183 7720 9616 6104 9792 5163 5079 7251 9209 6208 5394 5293 7866 5748 8350 7291 5440 6699 5707 6751 9381 9192 6583 7011 9215 7501 6127 5147 9442 6327 9624 5564 6389 5421 6660 7647 5572 6640 6272 7573 7361 9016 7034 6456 8086 8299 6612 5131 8598 8453 7128 5148 6197 5319 6377 7049 8755 6352 5381 7129 5574 6968 5937 5162 6754 6849 5838 6255 8135 9579 8057 8056 7558 9048 9894 6702 5064 8833 5206 8650 8213 6845 5350 6634 6694 6627
9041 7299 6211 9493 9590 9137 6946 5355 8457 6604 8029 7462 7874 6329 8463 6229 9096 5424 7458 7758 8733 5736 7440 9718 6880 8675 9059 9135 5362 6340 5560 7792 7637 8264 8605 9671 7997 6516 7383 7029 7472 8216 9395 8280 6016 7259 5699 7341 8669 8872 8450 6428 5867 9429 7192 7868 9371 6679 9188 9551 7225 9872 5640 7261 7701 8596 5502 5678 6580 8317 7511 8260 8208 7743 5738 9751 5303 7217 8112 7038 6073 8379 8866 7069 7830 5832 7369 8158 5445 6543 8384 5376 9819 8569 5374 8328 8482 5090 8198 5069 8151 6177 7937 5891 7736 9698 9926 8584 9513 6833 6107 8049 7453 5681 5107 6015 9397 9437 6176
8703 5893 8459 9609 7599 6380 7478 5650 8843 8091 9962 6338 6718 6278 8509 7373 6089 6977 9912 5669 7661 5090 9308 9343 8731 7118 9911 9678 9669 7918 6419 5985 6356 9670 6451 7739 9832 9960 5323 6784 5953 5816 5202 8145 7079 8198 8263 8382 9406 7349 5512 5200 8642 8825 7806 6312 5704 9337 7997 9794 6897 6831 7599 5638 7253 5291 6820 8808 5024 8324 5276 9705 7327 7114 9175 8132 6187 6844 9427 5925 8322 7857 9652 5280 5148 5961 7965 9070 7262 8498 8435 6189 8376 8996 6533 7588 5175 9673 7339 7694 7260 8898 6696 6069 5241 8200 5744 9613 6685 5704 5586 5598 8459 7447 9563 8839 6264 7062 6062
9898 8072 8751 8688 7074 9917 6793 7259 8721 5057 8781 6365 7355 5182 7429 5972 6663 5490 5349 7128 7140 9282 5130 7591 8665 6046 5801 9096 7690 6209 6634 5299 9756 8443 5764 6719 8828 6030 8589 7684 9654 6153 7195 8980 8255 6646 7111 7453 5652 5221 8868 8286 5187 9718 5535 7716 5158 7783 5576 5419 5923 9118 9695 6264 8869 7952 6237 9848 7970 5457 6127 8733 7910 9127 7601 6112 5854 7119 9880 7447 8242 6032 7008 6589 8841 7584 9750 6352 5602 9940 9486 9771 5328 9249 7073 7131 7599 5115 8831 8690 5829 5267 7853 7036 7181 5246 7160 5998 9954 7634 5877 7228 7960 7470 5246 8730 7768 7841 8291
5670 8809 8161 6621 6945 5085 8227 6822 9246 8087 8164 9793 9930 6946 9890 8545 6668 6268 6193 8559 8830 7351 6731 5100 7458 6334 7980 8437 5296 6418 8164 9533 7259 7303 6738 7720 7583 5667 7730 5361 5114 8139 6838 8381 7259 7660 7051 7388 9210 8822 6390 5241 5516 7808 7357 9464 8133 8030 7863 8449 9845 6827 9919 7105 8978 6681 5587 9289 8210 6292 8185 7066 5981 6262 9490 8904 7954 8241 8608 7181 8800 7457 6381 9154 9222 8700 6815 7257 8715 5875 6089 8301 7934 7901 6393 7548 8071 8728 6563 7262 7173 8633 8758 6442 9382 9526 9567 8704 5112 9339 7277 7110 8256 7700 9249 9397 7147 8615 7374
7297 9842 8286 7304 7918 5660 7884 6976 9401 9856 9182 9623 6772 7709 7000 8001 5434 7321 8972 9798 9017 9760 6276 8724 8181 6104 8352 8116 9330 8142 5522 5139 7729 7220 8091 6807 7212 9730 5121 9303 9306 6627 8631 7882 8057 8759 8014 7630 9002 5357 7958 7381 6027 8132 5288 5627 7661 7599 6280 6702 6036 8709 7353 7329 8633 8915 9916 8569 6109 9518 9032 5442 6437 6102 7681 9359 5195 7453 8455 7357 7397 9786 5630 8754 7077 5106 9043 6767 9029 6277 7666 9228 9025 6523 5888 6298 5797 5047 6708 5412 8866 9179 8023 7917 6740 6834 5084 9681 8884 5848 8724 7064 9368 5091 7140 6728 8390 7910 5936
7935 7122 6195 7583 7637 7433 9858 8341 9304 9720 5589 5485 7534 7908 5548 6566 9353 5637 6048 8271 6334 5138 7178 9312 9012 6207 9300 5445 8418 5497 9690 8452 9848 9087 5243 8502 6828 8857 7093 5337 7463 6970 6214 6622 6517 5699 5258 9114 6789 6597 8406 7335 9791 8406 7354 5147 8659 6781 8217 5778 8511 9509 6578 7538 7059 7928 8072 9125 6768 6144 5901 7798 8034 6846 6362 9193 8850 5237 7656 5967 6539 8157 9933 6634 8235 7817 6537 8379 5150 9207 9891 8444 8496 6734 6526 8219 6434 5802 9499 5180 7445 6929 5796 6951 8320 6295 9124 5389 9825 5831 9436 9640 8717 7001 9142 6714 7834 7881 7984
7749 9467 5591 8824 5702 6809 5691 8739 9466 5678 9400 8552 5308 6873 8333 8264 6333 9391 5478 8993 7338 5358 9844 5558 8479 5988 8449 6332 7626 5431 7584 5707 6186 9064 7697 6242 9592 9850 5138 6323 7041 8585 9107 6272 7031 6953 5656 5996 5193 9750 9323 8463 7229 5667 8522 7082 8852 7760 7271 8041 6884 5954 6568 6754 9675 9254 8830 6545 8099 8030 6811 7223 7937 7870 9659 6035 5341 5740 9030 6029 5152 6155 8689 5736 7293 9099 9258 8887 5331 7939 5794 7217 6928 9319 5695 8172 5138 7987 9060 7886 9511 9069 5041 8817 7958 9161 9625 7008 6500 6296 9328 6076 9210 8285 6072 7017 8459 7274 6371
6509 9234 8512 5571 9724 9626 5648 9474 8308 5385 5748 7198 6005 6130 8208 9659 6037 5396 8248 9307 6980 7336 5473 5023 7587 7295 6074 7179 7998 7252 8518 7809 6681 8947 5854 6378 5437 7562 7830 6399 9836 6521 6593 6468 7077 5043 5143 9452 8036 6590 7766 5439 5756 6689 5096 6189 7603 8516 7960 8915 8735 6515 5691 7337 8649 8920 8780 8607 7042 5674 7821 8441 5477 5309 9730 8716 5605 8410 8167 7428 9744 9873 6538 9539 7352 6974 9445 9343 5094 6510 5040 8930 6754 9598 5838 7953 8573 5604 9953 7685 8688 5167 6776 9039 7802 8387 9436 7267 8398 7271 5797 7856 5508 7935 8397 7085 5304 5075 7331
8552 5243 7351 9580 6639 8300 5698 8605 8926 7533 7200 9448 8315 8891 7946 8385 6558 9010 8173 6077 8995 7489 6861 7569 6323 6305 8927 9769 9636 6783 5361 6785 9557 5067 7752 5852 5238 9701 8735 5593 7750 5478 6448 8669 7798 9862 7754 5821 8046 7389 7596 8738 8982 7814 6284 5112 5780 8316 9368 5789 7697 6525 9666 7756 7059 7912 6962 7918 7900 8502 5993 6981 7404 5928 9633 6490 7129 5087 5259 7046 5043 9944 9004 6728 9191 5708 7023 8557 8679 6431 6876 9564 7800 9221 8712 8296 5601 7762 9716 8154 6643 7854 7683 7445 8417 6353 7058 5436 7317 5477 7850 7067 9545 8814 7826 9133 6620 6792 6985
8296 8112 8049 8424 7609 9711 9052 6207 7154 5438 6605 9712 6933 8309 7138 6076 6671 8262 8477 6288 6294 9358 8236 7497 9574 9383 7891 7727 8295 9342 6163 8248 6442 5854 7981 9836 8043 7625 9432 9554 5578 7995 6607 6181 9079 6236 5796 7071 5514 8699 7816 8681 6045 7438 8784 6682 8939 6053 5542 7850 8390 5692 9360 8082 6956 8646 8676 6311 9791 6298 8851 5780 8384 7341 7840 5115 8143 5352 8157 7213 6099 8402 7969 7633 9187 6262 6239 7189 7016 9658 8734 6789 8586 6256 9687 8646 6440 8962 8734 7280 8641 7272 6412 7237 7557 9255 5608 7018 5197 6453 5639 6212 6812 6659 5732 7575 5273 9357 6483
8508 6795 6849 9645 5681 7393 7393 9567 7090 6343 9196 6815 7307 8309 9116 5555 7698 9193 5286 8720 7986 5606 7049 6282 7476 8608 9603 8413 6811 8626 8377 6157 7435 7017 6449 6543 7434 9643 9829 9129 8728 6340 6770 7708 6562 8412 6024 9734 7858 7072 6243 7532 9082 7329 9770 8892 5091 8603 8500 7819 7978 8235 5611 8068 7691 5804 8160 7088 8793 7699 6134 7723 7635 8557 6590 7634 9546 7755 5826 5026 8276 5496 9188 5866 7080 8906 7812 5462 7415 5838 8768 7587 9341 5492 5724 6425 6869 9283 7794 6515 5881 5042 8848 6040 9761 7681 9193 6432 8928 7078 5156 7260 7733 6903 7564 5171 8033 9534 6204
8445 7334 8001 9774 5070 9263 6631 7294 5832 8611 9347 9327 8099 8454 9516 6227 7140 6669 7076 5796 6472 6733 8974 7490 6262 9901 6895 8450 8152 8633 7151 5047 9119 8256 5436 6476 5145 5372 5578 8799 6081 8594 7851 9245 8948 9523 6722 5185 5565 6105 9451 5674 8873 7482 5524 5188 9799 7412 7912 9524 6281 6872 5268 8130 7006 6143 9620 8664 5203 5850 8090 8778 8067 7465 7826 6616 9861 5234 7580 5753 9365 8412 8950 6153 6702 8812 7939 9750 5863 5774 7430 5487 8449 6947 9925 6854 9468 6276 5271 5144 6969 8366 6773 8902 7833 7011 7375 8985 5434 5917 7585 6185 8053 8885 9479 8486 7861 9020 8341
6077 7128 8081 9127 5235 8640 9282 8466 8043 6687 5817 7537 6344 5957 5054 8585 9464 5114 8554 8292 5518 6403 5884 9596 8386 9084 6630 5183 5129 8572 6417 9283 9457 7775 7544 9877 7743 8286 5144 8171 5690 9218 6934 9240 9697 5848 8432 9920 5353 7685 5181 8679 7552 8001 8044 6035 9332 6919 5680 8669 8987 8039 7322 9630 8462 9383 7852 5898 8291 6319 7249 5124 5982 5326 8743 5731 6469 8306 8758 9634 8673 8418 9312 8494 9123 9192 9179 5311 7258 8409 6299 9089 5773 9267 9412 8900 6569 6725 7809 8912 7092 9755 5627 9638 8979 8041 5348 7149 7703 5791 9889 7839 6171 5232 9841 7755 6800 8282 5375
5393 9039 7421 7572 8518 6518 8385 6032 9033 5438 8809 7355 5278 5019 7034 6251 6023 5539 6269 8122 6375 9016 9947 6996 9611 7561 8956 6097 8176 8749 9183 6347 6706 8556 5179 6690 6007 7428 6604 8508 9548 9747 8534 7724 6677 5354 5726 5893 7104 6820 9926 6938 6724 8440 6451 8320 5164 5134 9408 7968 9178 8466 7128 5226 7218 5263 6721 5850 6180 5329 8633 9470 7434 5667 6883 7696 5055 8370 5449 7494 9608 6712 6678 8216 7822 6503 5666 8396 8835 8603 9434 9913 6326 6771 7269 8572 5440 9765 5813 5358 7373 6962 5148 6072 7161 7772 9166 7910 8422 5618 8825 5910 6483 8392 9556 6144 6915 9336 7482
9879 7725 5311 6916 5100 5786 9494 5433 9477 9278 6627 5654 6094 6228 9750 9596 5830 5717 9066 5791 8306 8007 7826 9283 8434 9938 5113 6227 6540 8538 8207 7453 6742 7552 9881 7733 6544 7517 5684 8053 5247 7346 5256 7512 5326 7308 9899 5830 8934 6332 7473 6380 8283 7548 9061 6974 7485 5543 5635 7846 7903 7425 7333 6066 9624 6548 6025 9766 9247 9621 8590 5966 6291 7509 6305 7683 8249 9645 7985 7258 9330 7274 8848 5728 5382 6973 5801 5819 9077 9135 5050 8903 7353 8748 5407 6900 8151 6044 8921 9634 5793 7743 5425 9313 5601 5244 9239 8672 7143 9144 5124 9465 9004 6149 8089 6674 9464 9305 8200
7848 9347 7001 7167 5667 5941 9117 9159 6768 9324 7385 8470 9529 9861 6134 8803 8379 9241 9657 8525 8056 6042 9191 8637 8057 9364 5530 9886 6409 6298 7767 6587 6446 8120 7519 6482 7516 6934 6918 9217 8012 8918 6392 8118 6111 8331 7867 9688 5200 7170 9956 6147 9570 8961 6326 8582 5927 8086 6176 6584 5335 6420 9051 6126 7392 8356 6833 6763 7644 8268 8581 7926 9281 5236 9960 6424 5283 7454 5452 7640 8618 9081 8502 8979 7082 9399 7644 6734 9176 6540 8826 9062 7469 7371 8177 9524 8982 6808 7172 8132 8564 9581 6986 8405 5495 6500 9558 5595 6778 7241 7513 8471 5185 8006 9391 9028 9880 6381 5977
9794 9003 9823 9251 5354 5749 9074 6371 6453 8334 6355 7715 9369 6585 9326 6084 9881 7674 7265 8968 8541 8435 5166 8476 8113 5659 6895 9916 6385 6239 8930 7782 6566 8394 7610 9388 6938 6069 5997 9146 5889 7495 6267 5863 6885 6096 8419 5540 9810 8901 7053 5250 5660 7517 8062 6385 7385 8326 5605 7467 7307 7362 7453 9562 8103 5373 7437 9393 8071 6953 9914 5916 9238 6658 6986 7578 5647 9593 6551 9909 5625 7788 9117 9606 6684 9324 8495 5570 5891 6021 8920 9832 5656 7671 5902 5479 8713 5405 6400 5659 6624 8708 5317 8422 8673 6590 7743 5191 7612 5974 8986 9632 7149 8590 9906 9197 5760 6129 5833
9699 7565 6294 6162 7579 6452 9711 6498 9360 7717 7069 5170 6286 9784 9820 5218 9789 6958 6927 6507 7183 7890 7038 9192 7391 8147 9279 8924 5368 7673 6385 6253 8772 7101 8723 5826 9771 6709 8580 9525 6628 9402 7846 8985 9580 5526 9396 5881 5671 6721 5324 5021 5323 7198 5997 8757 8393 6627 9163 9443 8110 9006 7276 9165 9016 5318 9800 8968 6938 9573 9818 7858 8670 9934 5720 7381 8835 7900 9035 9142 8392 8813 5085 8000 8091 9907 9096 9213 8011 8724 9925 6057 6996 8317 5440 8331 9089 9843 6593 5565 8780 8906 6727 8011 5902 6775 9826 6713 6029 9829 7845 5761 7983 6120 8259 9763 7858 9951 7674
7761 7070 6307 5326 5073 8982 6020 9915 8108 7114 7968 7964 6570 5149 7930 8556 5934 5959 9104 5255 6496 8703 8642 5551 6192 5026 6199 6975 5209 5638 8588 5504 6528 9600 6103 5710 6631 8629 8655 5567 9687 9217 7914 9185 5671 7662 9771 6694 6860 9154 6362 6090 8774 5785 5921 8003 6183 8793 8085 5153 5896 5577 6534 6293 8341 8403 8642 9706 9696 9701 9771 5063 6326 7970 8708 5469 8873 9920 5236 8634 6861 8913 7684 5366 7513 6692 6383 5109 5655 6220 6441 7300 9835 6254 5089 8906 7908 8111 8283 9220 9380 9871 7966 6320 7876 7623 6241 5657 7352 6181 7387 8797 7339 6110 9297 5514 7793 8454 9171
8346 5862 5296 7047 8075 9433 5589 9917 8352 8015 5833 6150 6552 9036 7995 7887 7239 8756 6299 6243 9952 9583 7325 6396 6014 8075 7860 5609 6948 6052 8714 7268 6226 6804 7886 7641 8829 8880 7746 5595 7205 8995 6242 6542 8375 9324 6697 8727 5618 5921 7646 8436 5522 9898 7014 7263 5245 5643 8850 6979 6513 8607 8173 9041 7194 9734 8928 7258 6740 8607 6300 7646 6701 6768 7724 6871 8411 9246 8539 8308 7420 9798 9788 5539 9333 6872 8106 5784 6559 9007 9330 8410 5943 6352 5714 5034 7263 7789 9649 5470 8705 6022 7249 6313 7460 6024 9885 8323 5309 7668 5533 5268 9244 9320 5838 6454 6640 7730 9211
9396 9286 7312 8935 6692 6310 8116 9537 8602 6137 8451 5069 9933 6952 7700 6718 7823 8361 8266 8076 8272 8233 7824 5311 6725 7113 6929 9402 5856 7581 8054 5123 7033 9863 5814 7956 6767 6916 6587 9149 8375 6655 7327 5628 7888 6582 6142 8196 6008 8148 5171 8766 7940 5260 8056 8542 7526 8171 9400 8049 5825 7987 8880 6267 7523 9497 5510 9143 7857 5758 8122 6603 9050 6645 6949 8865 5753 8444 5446 7766 7812 9932 7506 5392 6578 8667 7849 9171 6169 6597 9358 9158 7816 9298 9426 7959 7106 5742 9699 5922 9318 7684 7286 8129 9153 5275 7238 8460 9327 8978 9208 9594 6472 8225 5747 5663 8483 7206 5506
8544 9236 5784 5514 5882 5888 9219 5217 6412 9662 9784 9444 8462 5462 6386 9195 5840 5995 8993 5778 9408 7669 7119 8596 6014 7056 6139 6952 9798 6120 7570 8613 8628 7200 5505 5339 9316 9560 5479 7245 7597 8397 9281 8162 9635 6743 5432 8455 7247 7366 8945 9313 7909 5378 8007 6529 9254 6470 9242 8342 7586 5623 5295 5577 5223 8519 7309 8785 9500 7861 9392 8483 5057 5277 6113 9848 7835 9349 7212 7633 9371 8698 9782 9238 7640 5122 8781 5987 5419 6669 7077 5917 6112 6239 8910 7653 8877 7940 8459 5321 8308 5400 7551 6990 7955 5280 5901 8616 5190 6408 8471 6916 7386 8481 5605 5514 9788 5917 8393
8611 9852 8993 9599 7994 6218 5444 7166 6321 9320 7772 5556 8586 7472 6094 5047 6274 9232 5422 9930 8502 5648 8358 9725 7674 5741 5342 9806 8657 9373 7393 8213 7443 6864 7292 6272 8699 8167 8112 7392 6133 8402 7750 6436 9289 7593 9604 5833 8668 7519 8888 7653 7934 6384 6453 8997 9459 7594 5752 9738 9365 8176 8448 9072 5484 5569 8453 9568 5253 9205 6090 6324 8388 6872 8269 7023 7381 6807 9867 5141 7821 6850 7663 8419 9111 8950 8018 6199 8690 8171 8300 5107 7056 6207 8793 6230 8667 6959 5769 5836 7827 6406 7368 5745 8335 9247 5951 7131 9135 6875 6586 6843 9775 8369 9842 5512 7945 9886 9295
8578 6755 9390 8359 8608 7879 9562 7364 9739 5741 7740 9200 8185 6254 8791 6265 7975 8591 7499 6179 5799 6398 7171 8624 9286 9379 7492 6293 8160 9748 5713 7670 9260 8773 7041 8830 8252 6264 8945 6867 5599 5835 7746 5772 7318 5162 6046 7059 6735 8679 9220 9927 9584 6681 5182 7540 6485 5892 8315 8181 5896 8596 6620 6210 6191 8711 8668 7002 8673 5921 9858 6915 8213 7555 7392 5525 8199 7314 6475 5946 6823 8779 7096 5214 6467 8697 9465 8488 6644 6571 7012 5660 9945 6688 5419 8530 8624 6658 8224 9407 9018 8103 9830 8378 5377 5142 5835 8539 6562 9276 6669 6566 5671 8372 8004 9738 5405 7466 8286
9852 5652 6924 7042 9373 7924 9237 7389 9553 6481 9032 8226 6548 9011 9061 6894 8357 7182 5266 5406 6769 8649 5829 8109 5712 8712 8879 8421 7208 9264 6128 6531 8801 8640 7385 6373 8836 9778 8545 7136 6825 7099 5386 5740 8112 6481 8214 9082 8320 5180 8992 5223 5286 7635 6550 9220 5191 9627 6746 8359 9056 6603 9603 6033 9868 5872 7213 8505 7829 6239 6710 9940 7566 8464 8963 7071 7638 9216 7357 9556 7917 5744 6269 9451 7263 7928 8015 8408 7980 5232 9500 5493 5896 6477 8618 6094 7070 7469 6245 8292 6443 5377 8443 5579 8044 6777 6203 6135 8621 8259 5908 8882 7305 6536 5621 5514 8428 7056 8066
8372 7222 9003 9318 9252 9118 9780 8691 9184 5016 5529 7410 7400 6622 6664 8421 7235 7575 6847 9672 6724 6477 5251 5703 9486 9209 6587 5623 7477 5129 8190 6397 6359 8413 8413 5662 6735 8058 8241 5579 7780 9418 7735 7429 5631 8416 6396 5771 6520 8534 6073 6526 6504 7816 9118 6121 5146 5239 9741 8570 7631 9221 5740 8228 8143 7092 7121 6159 8531 9841 7744 7832 8664 6369 5548 5565 6485 8146 5203 6301 8715 5885 7430 8654 9306 9251 9764 5286 7585 7342 9366 6930 5275 7791 9027 7071 7816 5080 8051 7832 9241 8711 9241 8095 8740 7205 9090 8435 6096 8451 9957 6665 7828 6357 7119 6963 6569 6257 8054
7568 6196 7086 9422 7948 6309 7028 9468 9460 8158 5977 7353 6496 5842 5041 9433 6337 6052 7160 5550 5999 6644 8727 8274 9599 9737 9822 6835 8989 8273 5384 8780 6737 7791 6564 6989 5249 7480 7706 6485 8229 6294 7855 9907 8517 5909 6611 7357 6897 5566 7753 8718 6114 5581 7785 7630 5488 5417 5127 6455 6243 9010 5140 9731 8361 7350 5365 5312 7359 6704 6157 6221 9237 6244 8168 8155 5992 7056 5772 7695 8507 5325 6054 8899 8003 8798 7608 8092 9563 8728 8867 8351 8135 7622 7167 6922 9325 6694 9291 6458 6099 6274 6150 5065 8506 6969 6183 8768 6485 6242 7229 8329 8082 7182 5455 6274 5391 6844 6413
5319 7817 8810 7975 5014 8050 9799 6939 8119 5976 5157 9314 9400 8684 9096 5890 8605 9423 8174 8055 5429 7686 8026 8281 7115 6867 7346 8017 8465 7914 5728 7303 5568 7419 7788 6073 7401 5462 8236 5979 5063 6295 8271 9955 9342 5738 6928 9228 6961 9168 7630 9342 5446 6619 9328 6850 8122 7926 6430 8352 6359 8067 7693 6095 6970 5537 9050 8054 9837 8601 8581 7863 9794 9662 5471 9011 5256 9381 5749 9379 7555 8691 6233 8094 8728 5961 9677 5145 9844 7593 5591 8600 6380 6262 7017 5894 8996 7466 5384 6967 5995 5209 7884 6091 7190 9888 5363 8493 6596 5330 9687 9477 8691 5213 6702 8570 8937 8886 9822
6036 6450 5780 6046 5249 9868 6688 9053 6828 6068 7302 7001 8978 6367 7267 9354 9107 8766 9467 6080 6237 9858 8820 9279 5329 9649 5195 5628 8222 8411 8172 8618 5583 9367 6882 5316 9059 9042 6088 8637 5815 7556 7222 8526 9653 5744 5550 6250 5583 6788 6525 7530 8599 5897 8560 9248 5019 6181 8328 8202 6321 5842 5833 5533 6617 5981 5943 5736 9732 5919 5536 5578 6058 9676 6233 7236 5179 6594 8329 9885 5123 9659 9097 9721 5917 6137 6292 8233 8626 5146 8143 7263 9020 9758 9415 8765 5842 7758 5364 9179 5621 7526 6763 9557 6429 8865 7792 8894 8521 5624 7054 9206 6255 7806 5413 8852 9574 5104 9248
8407 8187 7166 8602 6168 6927 8869 8564 5408 5445 8867 7688 7560 6899 9054 8929 8049 8136 9444 9745 8823 8407 8337 8042 9860 6329 9634 6623 8640 5556 9835 9231 9007 6856 8607 5112 8292 7992 9870 6512 6730 7118 9678 7936 8861 7564 7594 7618 6388 7016 8968 5533 6677 7863 8405 5897 5822 5030 6207 5905 8993 6486 8145 9161 6134 6569 7611 8460 5215 6574 7097 9586 7254 7465 5520 5496 8110 6623 5240 5063 5656 6193 7444 7252 6477 5554 9415 5738 8285 5898 5292 9459 8045 6332 9507 5830 6970 9240 8529 5989 5263 6951 8442 6212 9543 6897 7899 8998 8339 5532 8939 6109 8074 5737 7417 8978 9037 8217 5040
8316 7515 7418 9688 7350 6942 9774 7888 8307 5821 8145 5236 7253 9955 9632 9482 7031 7602 5173 7910 8535 6412 8207 9016 9353 9735 7574 8298 9876 7845 6535 9442 8811 9795 5025 9240 8893 6328 7624 9082 8394 6120 8313 6428 7652 8978 7716 9481 9126 5154 6415 6446 7266 5362 7524 7507 7192 9231 8103 8240 5182 7504 9642 6998 6777 5310 6550 9860 5987 9225 5765 7698 9051 5842 7367 7776 9878 7643 5463 5176 5178 6699 6631 7052 5101 5206 6121 9544 8160 9478 9845 6693 7031 7046 5742 8715 8569 8407 9261 7542 9185 6902 6900 7617 8270 9175 7784 7483 8135 7369 5276 7613 6523 6141 8067 6870 5761 7697 9807
6025 6528 5913 9121 9236 6427 9201 8323 6431 5639 6874 9851 6959 5478 9882 8728 7832 5856 6556 6590 8083 8264 7841 8297 8649 6474 7939 5533 5654 8675 9103 9525 6436 8876 9477 9173 7854 9842 8693 8664 7484 9292 5721 6789 7856 7891 7518 7170 6640 6624 8955 7575 5863 5629 6206 5794 5644 7670 6039 8100 8128 5750 8144 9847 5386 6442 5708 5680 5090 5242 7570 7956 9859 7905 6306 9779 7485 6448 9776 9901 6069 9784 5055 7090 7028 5473 8338 6337 6582 5300 7297 6867 5305 6272 7870 9778 7410 7720 5626 6795 7141 5885 5587 6659 7881 9073 5655 8107 9261 7992 7283 5979 7006 7139 6423 8883 9185 5632 8309
6141 9417 6951 6293 8989 8058 8377 5731 7025 8358 8856 8378 6398 6614 7801 9101 6601 6360 9234 8198 6409 9196 6934 9248 6790 7092 6559 7849 8147 5526 9515 8838 8226 8487 9686 9927 8037 8077 9578 7923 7418 5297 9646 7547 8894 6628 6285 6692 9562 7725 6645 9726 5109 8275 8879 8855 9454 7772 6670 9166 6757 8464 9332 9550 5055 8648 5570 5350 5703 6296 7449 6946 7466 7731 9351 9142 8124 6616 5392 9707 6755 5568 5845 5412 7046 9295 5726 7887 8634 8600 7922 5881 9124 8158 9167 6453 8951 8513 8429 9962 8486 8655 7485 6486 7412 5341 9641 7383 9167 6028 8479 8559 9254 6630 5090 6450 9531 7051 9903
5113 5202 5477 8940 8289 9778 7084 6220 8395 9265 5470 5973 7206 8738 6827 5987 7703 8676 6313 5423 6486 5905 6050 8503 5977 9552 9533 5807 8688 9217 6217 8321 6630 6751 9692 7657 8139 8142 7776 7530 8872 7219 6233 9519 5814 7454 9828 6690 5623 5312 5919 9505 6735 9526 8009 7543 7142 8826 8603 8688 6003 6485 8974 8500 8695 9205 7204 8887 5231 6172 8396 5467 8186 8888 6359 9327 6516 7558 5617 7092 7030 6841 9906 5062 9274 5212 9459 7183 9873 6352 6814 7774 5977 9127 6983 9123 8182 7266 5031 8766 5566 8875 8365 8904 5940 6756 7571 6139 8860 8091 7518 8418 5076 7321 9797 6776 6445 8576 9813
5227 9492 6420 8350 8707 9310 6428 8051 5896 8770 6039 6418 5286 7103 5196 7085 8298 7346 8175 5385 5103 7952 8268 6009 9440 6466 6333 9505 7639 5458 9155 9097 5096 9364 6392 8160 6766 8060 9888 8192 7441 6656 8885 5409 8785 6507 6331 7686 5776 5264 9341 8390 5683 6375 5970 5713 8908 5630 6594 7971 5692 9231 5759 7962 9582 6011 5650 6762 7632 5439 9357 5236 5152 6797 9850 8960 7961 8560 8048 9609 7239 9853 6467 7192 9316 5535 5280 8239 6232 5039 8327 6638 8775 9530 7156 9548 7177 8985 5265 9557 5267 9632 7072 8884 8252 7266 8509 5571 5171 6894 7894 5451 8071 5872 8126 5310 8721 8578 9109
7757 8146 8902 9857 9358 5626 9232 7814 5203 8780 6824 9567 6568 6629 7087 7769 5153 9932 6792 5770 8941 6427 7451 8462 5148 5393 8508 6220 7642 7727 8210 7853 8909 9752 5447 7175 8348 7198 7524 6601 7370 7830 7843 7935 5032 8755 8462 5027 6817 8357 6563 8594 7569 7827 5737 7936 7483 6401 5633 7443 5371 5282 8890 6933 9614 9160 5183 9105 5587 9658 7926 8518 5562 8361 8561 7654 5547 5030 8910 9087 6758 8450 8381 8589 9048 7997 7733 8271 9382 8257 6127 6773 6430 8367 9472 7285 8930 6379 5558 8446 6265 9666 6512 8685 7830 7604 5521 9955 7929 9176 6712 6785 9688 7741 5450 9680 9898 6147 7667
5818 6593 8181 6006 9666 8229 9624 5757 6228 6572 5748 7147 7913 5576 8379 6198 5953 6760 9552 5221 9150 9581 5278 8755 9560 6652 8080 5682 6510 9014 7093 5976 6241 5303 7121 5449 6189 7563 8653 8331 6011 6023 9073 8072 9003 9345 7487 6774 7780 7408 9560 7913 9465 5451 7099 5901 6083 5438 5757 7865 6755 6587 5690 8620 9560 5567 5373 9093 9863 9827 7429 8045 9424 5765 8360 6397 5097 9017 8026 9919 8742 5436 6713 8282 8407 6551 8620 8706 8508 8823 8173 8217 9410 7779 9830 8012 7236 9266 8159 7338 6963 5707 6715 7544 5187 7963 9763 8902 5716 5429 8015 5484 5161 7057 8100 7817 8922 9027 5604
6872 9740 6673 9777 8561 9138 6593 9498 6404 7949 8354 6511 9648 6738 9859 9803 8694 8460 9265 7084 8783 8585 6826 6053 6920 6984 8610 9095 9906 8516 5373 6284 7206 5252 6119 6841 8865 6135 6910 5720 7900 6869 8498 5732 9581 8437 7941 5040 7953 7288 6926 8357 5917 8420 9058 8143 9108 8134 9486 7524 8013 7665 5941 8297 7434 8419 5606 9256 9038 7471 8329 5167 9884 5931 5967 7912 8576 8293 9137 6814 7308 7608 9962 6822 5272 9133 8596 5503 9937 6825 6060 8024 8559 6347 9451 8778 6379 5977 6198 5270 8451 6519 6666 8903 5324 8249 5786 7256 6259 8671 9607 7866 9284 7322 6295 9195 8639 6597 9352
8481 9831 8036 7583 5307 6289 8747 7619 7201 8510 8266 5663 9128 7688 7839 8939 6876 7649 5941 8576 8927 8534 8919 8596 8334 7845 8063 8689 6284 5424 8478 6559 7620 7999 6948 8556 7761 9457 8621 7865 9285 7702 5095 6900 7164 9792 9269 7296 5737 7991 5790 5713 5852 7568 8286 7848 6502 8669 8963 5107 6679 7397 5738 7204 9559 7378 7301 5296 7586 9695 7797 8132 8993 9704 6765 5841 6195 7925 8465 8117 7769 8603 9135 8393 5753 5516 6082 6014 8102 8152 7946 5160 6059 8309 6639 7155 6112 9531 7351 8948 5783 7275 9810 6497 8972 8389 6835 9096 7481 8801 9411 6022 8565 8721 8033 9192 5226 8827 8458
8547 6468 8262 5384 6072 5070 9315 5819 7853 8270 5664 7127 9083 7523 8635 5993 8967 5619 5154 6948 8888 5431 5624 6773 5517 5380 5608 8090 6333 7639 9084 9696 6034 6728 5999 7819 5157 9248 5486 7268 9440 5933 8551 8554 5074 5149 6626 8579 9910 5333 6846 5651 8711 6851 8218 7527 5534 6819 6522 8789 7198 5324 9701 8529 6367 7769 7676 8878 5828 8666 9711 9295 7805 5184 8084 8669 8085 5748 8324 7623 7309 9461 9313 6381 7654 6149 6675 8253 8180 5825 9443 8951 5102 5953 5294 8570 5758 8492 5979 8916 7759 9536 7122 5394 9955 7655 7181 6884 5792 8325 6578 6740 7264 5763 8267 5812 7295 6420 5831
9781 8639 8491 6067 9895 9303 7371 6062 9713 9026 9698 9065 5834 7648 6921 9448 5609 7392 9530 6863 9492 5048 6441 8425 5882 9634 6161 6381 6181 9796 7698 8828 8013 5902 6600 6146 7329 7490 9228 6742 8788 6757 7816 8379 6810 6410 5117 9845 8382 7759 7533 7576 7248 9576 7839 8590 6788 5037 5240 9264 8514 6918 7454 9367 7490 5052 6167 8200 6320 9556 6970 5678 8238 9355 7914 9601 7307 6892 5970 6991 5835 5631 9542 6592 8879 7670 7834 8564 9371 5064 7501 7775 6946 6368 5681 9912 7189 6321 5162 8331 6931 6305 9468 9381 6697 6809 5826 6655 8320 5098 5159 6417 7508 8652 6735 8107 9528 5565 8585
9855 6149 5321 7488 5729 8129 6056 7389 9790 7980 6805 7201 7614 5489 7631 5305 6339 7798 6410 5460 5856 8986 8785 5165 9351 7439 8324 7666 6320 8025 8801 7322 5932 6296 6263 7226 7554 8674 8143 6947 7717 6361 8533 8340 7661 7680 6171 5308 7928 6506 6807 5683 8515 5945 9645 5939 7677 5268 7340 6545 5386 7574 5731 6205 8163 6039 6531 7485 7205 7131 8021 7411 8005 7517 8602 9685 8307 8596 6276 9792 5792 6496 7869 9728 7974 8914 9889 8764 9408 9842 7102 6305 7566 6330 6240 9247 6979 7769 6023 8416 5402 6977 9765 5184 9928 9819 9039 9841 8092 6461 9201 9748 6359 9473 5769 9116 6181 7108 7992
8682 5228 7788 6592 5580 7079 5020 5434 6835 6926 5839 8964 7677 7832 6718 8172 5076 8584 5481 5147 8040 8088 8180 6364 5530 9930 6745 8437 5203 7575 9566 6762 6301 6826 7991 5972 5427 9339 9901 7049 6731 5783 6309 7150 8529 5276 9833 7238 5326 8790 5807 5062 9037 7432 8822 7044 9165 9287 6239 8297 9307 6082 9254 6557 7156 9233 6344 5424 8794 7285 8051 6786 8625 9446 9759 9160 5558 7212 8045 5508 5240 5606 7999 8432 9622 6601 5395 6933 6080 9679 8523 9008 9814 5544 5950 5831 8780 5542 5582 8861 5642 8207 9439 9621 8427 8831 9278 5550 8810 6860 6706 8259 6090 7637 6639 9824 7768 6566 6021
6723 9019 5802 9793 7263 6225 7306 9308 8691 6216 9420 6507 6606 8736 7523 7926 6346 5262 9199 9157 9847 9119 7509 8638 5892 9732 7433 5712 8252 7613 7803 9542 5179 9596 7855 9336 7359 6168 8348 7928 5569 6893 7135 8739 9315 8076 9367 9810 8086 9333 6454 6797 8938 6674 6088 6220 5638 5626 8652 9779 7576 7804 5136 9192 9745 5627 9256 9537 7269 6667 9457 5913 6681 6491 8565 6337 6676 9685 7999 7118 9342 9786 8327 6488 5174 9668 5211 7818 7121 5527 6271 9773 9209 9407 8264 5093 5652 7324 5919 9725 5623 5371 6375 6155 6811 5617 5644 8780 9386 5356 9430 6704 5192 8164 5774 6228 8271 8954 7513
7091 5196 5081 8343 5307 9029 9152 5266 5923 5292 5124 8063 6093 6697 8645 6635 5296 7548 7970 7573 8290 9602 7897 9075 6784 6145 7898 5255 9712 9562 9014 5033 8695 8830 8022 9806 6513 5374 6271 5197 6218 6827 7919 7886 6591 7204 9866 7890 5584 9230 7335 6881 8160 7529 5432 6123 6228 6721 8617 8259 5039 5116 5685 5274 8045 9723 6921 5739 8650 8969 5559 8473 8507 6604 9895 7511 8056 7671 8536 5306 8611 7256 9327 7901 7395 8295 7694 7843 6325 8804 6330 7034 9511 9097 5885 8975 8677 6984 8585 7804 5169 6297 5601 8104 7327 5264 6377 7836 6703 6768 9087 5156 6132 5675 9564 7476 8055 5875 5800
5359 5907 9274 9406 7384 6319 6476 9805 7038 7205 5284 5546 7328 8052 6332 5649 7619 5208 7136 6319 6590 8586 7416 8665 6354 5323 5439 6799 6784 5429 8515 8325 7101 5022 8256 6952 6504 8976 6507 5840 6904 5289 5528 6487 9190 8834 6089 6767 8010 6543 9223 8835 5354 9958 7684 6116 9589 9035 6323 5387 9491 9681 8353 7666 7982 5657 6938 7969 9000 7536 8969 6476 7500 5129 9394 5218 8429 7127 5762 9397 6659 7080 5321 7395 6242 8295 5545 8403 5713 7724 7959 8435 8793 7360 8083 7368 8368 9061 6049 6595 8318 5573 7634 8171 9522 6511 7887 6068 6806 9348 6198 7821 9508 8137 8480 9098 5131 5880 6493
8305 5352 9904 6453 7248 9516 8629 7269 8526 8685 7279 5536 6207 5949 6114 9740 7324 5707 9838 8755 5922 7425 5852 5078 6833 7114 7899 5108 8088 6051 5850 6065 7121 9215 9066 7666 5525 9844 6902 9765 7862 5026 9102 6129 8964 6516 5427 7183 9133 6653 6795 6196 6638 5264 9841 8795 6299 8532 5883 9493 8351 8031 6780 5963 5089 5100 9935 6384 6353 6579 7989 7789 9546 6517 9570 7816 9619 7155 8936 5367 7486 6294 5807 5519 9449 8334 5443 5133 7264 6155 9537 6209 8981 8199 5580 8589 9735 8521 9791 5434 9755 7764 5908 9506 9100 9210 5103 8172 9058 9419 7919 7922 9337 5330 5422 5156 6311 8540 6502
6712 6480 5965 9638 8226 6543 5020 5812 5749 7610 6601 5375 5748 8918 5293 7104 5857 8858 7946 9379 6628 8857 9210 9716 9717 7414 8228 7242 8541 5886 8945 9555 8735 8107 5303 9400 6344 6955 7997 8661 7228 5042 7549 8139 5844 9378 5293 8669 6921 5542 7518 6363 8141 9300 7397 5566 6994 6875 5831 7940 8675 8790 6402 5535 9500 7697 6440 7028 6791 5501 8732 5391 7981 6501 7706 6722 7931 8669 6521 8388 9786 5197 7072 8500 9670 5783 9862 9632 9470 9029 8119 9755 6440 7558 7047 8265 6799 9369 8554 6253 9581 5029 7547 9524 5385 7220 7220 8342 9850 5542 5167 8939 7850 9493 8889 6578 6909 7207 5063
8243 7763 9737 6570 6285 8405 9033 9610 9354 5079 8041 8925 9069 8532 7049 5264 7973 8564 8594 9257 8984 6345 7428 8092 6869 6901 7752 5372 5657 6676 5855 9377 9938 9794 7275 9924 7155 8707 5791 8453 8978 7043 9746 8687 8752 8688 7544 7751 9347 8186 6417 5304 7844 8347 6296 8331 8571 8279 7270 8661 7620 9058 5801 5155 7831 5577 9874 5950 5965 5217 7670 7294 5529 6077 8122 8195 5302 9412 6827 5974 6709 5954 5758 5988 9647 5652 8900 7755 9315 7913 8507 8043 8829 9697 7267 8097 6227 7943 7110 6503 6191 5721 6046 9791 6046 9159 7368 8502 7519 5216 8902 5201 5595 7302 8034 8269 9798 6038 8480
7543 6231 5985 5070 5841 8175 5605 7505 6701 9296 8749 7214 7969 6341 8048 9597 7816 5172 6562 7271 6968 7981 6596 9094 8093 5890 5951 9695 9881 6158 5488 8081 9527 5765 6368 7992 9861 5686 5395 7454 6208 6457 5375 6625 7398 6818 7014 5274 9414 8708 5302 9590 7681 8103 5588 8374 6907 9382 8574 8407 5305 9733 8665 5256 8697 5048 5532 8410 5660 6363 7320 6762 8126 8865 6359 7910 5488 5495 8510 8580 7052 7626 9301 8528 6127 7246 8416 8890 8132 6096 7654 9280 9482 6575 6684 8636 8123 5498 7391 9891 5439 7241 7655 7006 7163 5142 5452 7588 9782 7762 5476 7101 7582 8322 5104 7721 5194 7387 5803
7226 9499 5241 6709 6867 5238 5813 9158 5875 9580 7399 7854 5486 8364 6495 8887 6594 6623 7078 8039 7624 6172 8975 5639 7680 9058 6043 7126 6317 6555 8564 5847 8002 8194 7305 8762 7515 6912 5271 8360 5603 6241 5980 9519 9858 5639 7945 6174 7745 8037 8325 5995 6934 5276 7106 8763 7802 8353 7263 5065 7914 6911 9004 9170 9718 6976 7282 6912 7694 6594 7256 6515 8448 7982 6475 7018 9275 5654 7892 8147 7589 9839 7026 7818 7522 9707 8081 8968 8083 8469 7826 7753 9866 9771 6349 5950 6419 7981 8816 9010 8721 8681 6556 5796 8192 9773 8426 6740 6628 6355 7081 9926 5272 5458 8605 9094 5192 9610 6084
6017 8525 9434 8582 5482 5831 7529 8044 5467 8377 5906 5027 7558 5270 8339 6638 9029 8576 6642 7766 7629 6701 5117 6801 7211 7861 7541 6215 8464 5100 6400 5247 9512 5430 6227 7329 8960 6773 8000 7983 7160 9679 7159 8176 9249 7318 6932 6041 9166 7093 6570 7190 9845 9350 7272 8998 8688 7637 6479 8395 6422 8596 5746 9007 6809 5585 8695 9826 7844 6348 9764 6861 7338 6304 8311 7675 7744 5750 8283 8191 8994 7444 6461 9415 7464 7668 8914 8772 9423 6759 5619 8895 9631 5274 6511 8453 8145 5856 6907 7046 9767 9936 8947 7237 8515 9665 9663 9635 7299 7548 6297 5518 9447 8442 6234 6601 5556 9452 9271
9903 8242 5491 9564 9509 8688 6461 9414 6498 5824 7557 6999 7220 6261 6326 7757 7930 8834 5884 8945 8378 8961 5431 5434 7001 9038 9434 5230 8886 9292 9631 8708 6936 7036 9783 8011 9498 7223 8615 7131 5963 7613 8752 5826 6873 9866 7035 9143 5948 9649 5134 5260 9421 8962 5706 6422 8701 5072 7277 8952 7835 5863 6185 6412 9196 6427 9960 9950 6940 8804 8134 8485 6575 5214 9477 5210 6254 7169 6366 7935 9373 6593 6508 7474 7758 5277 9752 6300 6664 8955 5753 5685 5561 9058 8849 5301 9314 8345 5148 8193 7961 7122 9503 6110 7559 7551 9076 5119 7432 5163 5383 5801 5314 9600 7168 5951 6953 8348 9108
6394 9962 9888 5427 5206 7159 7306 5744 7039 6160 5992 5507 6104 7491 7622 7959 8830 5526 6448 6947 9814 5070 9627 9517 6231 5562 6358 9323 5999 5115 7483 8226 8650 5340 9539 5689 8731 5526 9488 5930 9554 5972 5603 7050 8267 6103 8942 9185 6207 5214 8913 8657 5052 9937 7084 9896 8463 6489 8042 5222 5290 8317 5705 7265 5776 9298 6925 9624 6956 5153 8943 8659 7084 8218 7808 5091 5075 5553 7909 5306 5146 8861 8563 8018 9942 9833 6425 7684 8519 5080 9083 6894 9093 5375 5374 5769 9658 5426 9826 9794 7206 8160 9602 6388 8099 5526 7705 9892 7897 6975 9906 8827 5149 8149 7581 5607 5291 8742 7822
8212 9949 7000 5848 5430 7175 9184 8155 8168 6772 7229 6876 8683 8281 6107 8553 8153 5556 8502 6561 7467 8404 6614 5571 8164 8213 9711 9400 7050 8332 6236 8394 7020 5742 6725 7616 5397 7801 7242 9663 5984 5892 5083 8292 6281 8839 9732 6018 6445 7966 8537 5065 8037 9861 8719 8389 5885 8850 8940 8139 6101 9772 8136 5238 5809 6233 8044 8840 8341 9436 7617 8528 7439 7746 6826 5744 8820 6367 9958 8903 5392 8328 9449 6278 7593 7055 5744 8959 7207 5942 5603 8552 8345 7723 7228 7165 6261 7484 7943 9616 5978 8571 5786 6435 7045 8134 7904 7009 8149 6428 7666 9448 7945 8881 9415 9652 7658 6363 8761
5284 9668 5139 6868 9666 7575 5227 9334 5729 9480 6857 5866 8669 7200 6746 7904 5803 8117 5910 8729 8071 6192 6470 5552 9649 8969 8854 7345 9667 6098 6879 8430 9673 5475 9074 7592 5097 9377 9016 5406 7904 8488 7802 7459 7295 6153 6681 6455 5242 7043 9244 5905 8725 9123 8941 6333 5979 8342 6737 9397 6332 8107 7561 7721 6473 8370 6713 8118 9959 7545 7325 6770 9591 9896 8954 7852 7407 8060 7436 5717 5257 7700 9569 6031 6789 5140 6339 5880 7933 8993 7382 6419 8340 6005 5667 9066 9836 8526 5600 5139 9806 8260 6927 6856 5993 6169 5143 7105 7789 7108 5545 8670 5738 5912 8230 9462 8165 5442 9176
6870 5161 8884 9281 7764 7077 6861 8814 7411 5985 9306 6393 7101 8653 7833 7113 5892 8417 9502 9134 8372 6603 8479 5619 7817 7148 7392 9071 7991 9513 5053 5638 5253 8398 7909 7306 6074 7521 6704 9269 7627 8468 9545 9931 5669 9301 5582 8507 5968 9670 9207 6536 7441 6384 6319 9139 7378 8179 5494 6612 8120 8077 6394 8674 8656 6013 5826 6219 5752 7247 8854 6630 9650 7224 8175 5100 8049 6622 7114 7328 6716 9923 8224 5206 5590 5295 7767 6469 9796 9296 8400 5934 7146 5425 7038 5270 8041 5709 6843 5800 6829 8760 5591 7413 7809 9574 5947 9382 9100 6409 6241 7232 5238 9368 6440 6758 5953 5830 6887
