91 38
256 1245
5298 5492 5182 5202 5965 5035 6164 5130 5780 5913 5814 4739 5356 6625 5167 5781 5932 5994 5070 5390 4635 6094 4823 5818 5929 5859 5908 5986 4659 6489 4843 6411 6197 5285 5115 5634 6688 4653
5772 4621 5177 4769 6691 5168 5466 5170 6305 4924 4712 4949 5897 6441 5682 6312 4785 6339 4612 4872 5245 6217 5372 6320 5183 5801 5914 5033 4625 5630 5369 6695 6346 6561 4912 5675 5357 6617
4698 5916 5933 6000 6266 6425 5297 5727 4903 6233 4834 5058 6478 5537 6426 5782 6182 5327 4828 4806 4906 4763 6222 5014 4777 6641 4929 6170 5910 5898 6124 6070 5356 6621 4903 5890 5480 5329
5790 6278 6376 6009 4625 5322 5924 5722 6671 5179 5070 4699 5684 6310 6358 5246 5189 6368 6056 5216 4607 6663 5235 6118 6554 5873 4643 4862 6011 5363 5238 5274 5918 5789 5309 6263 6458 4693
5339 5039 6123 5064 4764 6630 4724 5348 6029 5036 5651 5924 6431 5595 4632 4702 6529 5670 4650 6658 4948 4733 5100 6051 5209 5981 5936 6409 5245 6496 6537 5162 6223 5010 5395 5850 4663 6086
5438 6188 6200 5842 4726 6346 4865 6466 6676 6275 4677 5147 5049 5113 5566 5142 6295 5272 5560 4607 5178 6626 4901 5092 4955 5619 5248 6487 6159 6270 5877 5912 4686 6610 6138 4744 5918 6018
6336 5345 5096 5188 5586 4619 4931 5973 4616 5318 6288 4745 6638 5175 6108 6496 4845 6508 5019 5254 6095 4712 5491 6622 6448 5824 6046 5482 4614 6168 5782 6105 4942 5051 5779 4709 5440 6124
5511 6010 6315 6260 4931 5861 5837 5635 5796 5185 5239 5702 4670 5053 6228 5489 5714 5668 6187 5360 4958 5982 5818 5780 5555 4961 4925 4629 5120 5664 6581 4836 5325 6508 6038 5132 6557 6178
5599 5087 6024 5524 5380 4952 6536 4910 4997 5391 5318 5801 6615 6274 4946 6330 5100 4608 5415 5280 5986 4775 5495 6312 5988 4774 5675 6334 5199 5028 5471 6466 6062 6234 6072 5406 6079 5558
6551 6577 5500 6147 6006 5696 6070 5978 6317 5603 6507 5338 5779 6011 4612 6599 5508 4734 6680 5499 5721 5949 4692 5886 6063 6322 5567 6167 5571 5424 5160 5634 5755 5733 4961 4951 4737 5823
6188 5606 5039 5327 4766 6055 6143 6395 5399 6582 4678 5556 4899 6641 5317 6399 5282 5844 5383 5807 6259 4872 6573 4886 4879 6396 5065 6136 6422 4892 6015 5566 6638 6673 6203 4811 6075 6019
4975 6116 4950 5891 5795 6066 5195 5047 5891 4695 6559 4928 5670 5931 6478 4959 4609 5150 6627 5931 4842 5588 5186 6020 4906 6524 4809 6095 6453 6143 5076 4788 5110 5746 5030 5164 6258 5939
6469 5270 6390 4626 4902 4843 5417 5342 5005 6357 6510 5497 5583 5539 5322 6520 5651 5115 6451 4771 4643 6153 5421 5095 5252 6405 4985 5648 5607 5513 4638 6141 4866 6222 4902 4618 4882 6091
4826 5051 5610 4742 6334 5189 6647 4723 5423 6675 5780 5680 5629 6210 6333 6650 5921 5995 6053 6267 4776 6479 5167 6333 6145 6235 5060 6203 6629 6223 6415 5598 6521 6535 6395 6413 6247 6195
5649 4753 6062 5031 5131 5344 6294 6006 6093 6242 4837 5117 5332 5672 6431 6507 4950 5111 5135 5742 5742 4748 6122 4673 6375 6075 5781 5908 6379 5515 5767 5148 4774 5841 4826 6323 5206 4665
5406 5223 6125 4733 5663 5577 5540 4829 6531 4918 6187 6109 6025 5046 5446 5787 6546 4773 6036 5747 6023 5270 4993 6310 4995 6080 6191 4927 5347 5989 4971 5375 4668 6131 4938 5026 4634 5008
6423 5770 5579 6263 6015 5485 4614 4999 6430 4696 5845 5970 4989 5174 5297 6454 4678 5066 4834 4889 5572 5193 6008 6671 5696 5517 4691 6229 4677 5508 6572 5758 4915 5931 5845 4917 6286 4758
5968 6664 6349 5407 6650 5514 5415 5440 6199 5841 4836 5960 6687 6201 4609 6325 5485 5166 5727 5972 5677 4898 6537 5515 6384 4842 4923 5310 5739 6052 6347 4895 6595 4610 5452 6008 5345 6220
4639 5748 5480 4641 6637 4695 5374 5435 5965 5138 5614 6381 5063 5404 4700 5354 6379 4879 4616 5906 5560 6121 5381 6225 5868 5348 5480 6325 6347 5595 6656 6130 5577 6417 6557 4840 5945 4625
6343 5716 4905 5676 5217 5583 5414 5545 5557 6185 6196 5881 5996 4636 6572 6154 5357 5624 6263 4991 5153 4763 6338 6445 5047 5794 4991 6591 6008 5411 6083 6292 6481 5857 5535 4670 6690 6234
4715 5710 6001 5120 5327 5407 4876 4738 4693 5138 6411 5731 6582 5993 6016 5346 5376 4878 5154 6200 5626 5319 5071 5059 6222 5583 6510 6296 6573 5340 5405 5782 5355 6130 4818 6292 5764 5003
5808 5174 6210 4849 5592 4699 5405 5955 6613 5447 4838 6597 6195 5122 6336 5903 6129 6180 4960 6405 5949 5875 5930 4618 5203 4917 6004 4761 4800 4627 4726 5151 5326 6372 5761 6403 5172 5281
6058 6309 5812 6127 6174 6621 5339 6294 5058 5949 5437 5242 5065 5294 6254 5711 5888 4962 5470 5926 4892 4779 4706 6353 5503 6657 5239 5201 4738 6117 4945 6479 6328 5307 6319 4701 6632 5698
6584 5339 5513 5308 5377 4814 4820 6216 6382 5946 6254 5958 4674 6638 6149 4677 6618 6311 4779 5053 5559 5395 6071 5670 5740 5387 6623 6562 5645 5089 4661 6574 5599 5397 6315 5123 5093 5437
5778 5086 4786 5633 5857 4692 4946 4645 5348 4886 5758 5976 5081 4712 5181 5441 4866 4974 6586 5083 4990 5437 5050 6079 5998 5781 5194 4837 5726 6545 4702 6255 4863 5074 6109 5735 5353 4767
5375 4623 5174 4634 5540 6470 6600 6088 5645 4770 6207 5652 5709 6337 5287 4866 4963 6524 5611 4622 5199 4617 5613 5028 6177 5066 6374 4812 4678 5926 4816 5475 6083 5551 6009 5712 4920 5731
5552 6452 6497 5262 5115 4784 5591 5211 4654 6495 5171 5382 5136 5288 4801 5287 6444 5490 5560 5089 5848 4814 5756 5726 5611 4819 6074 5202 5816 6696 6434 4796 4931 6343 5741 6521 6165 4788
5703 5192 5057 5561 5366 6404 4916 6223 5837 6476 5335 5393 6155 4885 4694 6538 5055 5545 6567 6191 4849 5890 4890 6404 6209 5226 6528 5861 5099 4795 4885 4782 6546 5820 5640 6683 5364 6281
5256 6196 6394 6583 4678 4704 5363 5550 6237 6140 5746 5612 5396 5615 6221 6240 5267 5707 4830 5227 4960 5460 6029 5885 5229 5822 6232 6453 6249 6283 5566 6133 5284 5008 6128 6537 6509 6372
5865 4938 4922 5901 5720 4978 6588 5663 6210 5764 6649 5546 6005 5653 5583 6685 4680 4738 6292 4906 5177 5924 5493 5529 6523 5990 6550 5051 5049 6294 6290 6289 5003 5590 5431 4778 5967 5880
5026 4621 6679 5832 4935 5911 6160 4711 5732 5064 6074 6446 4808 5185 5654 4976 6496 5118 6455 5729 4673 5161 5051 6670 6058 5455 6139 4623 5013 6351 5087 5274 5821 4977 6248 6636 5199 5114
6232 5997 6573 5624 5482 5958 5706 5691 6070 6687 6596 5395 4614 5379 6126 5045 6173 4733 4639 5845 5258 6699 6168 4740 6193 6134 6149 4846 4773 4704 6199 5776 4654 5034 4706 6072 5152 4799
5633 5446 5273 6169 4730 6434 6153 6088 5792 6481 5298 5746 4894 5598 6485 5456 6232 5620 5703 5475 6112 5586 5828 5748 6051 6294 5928 5359 4864 5773 5480 4935 5243 5041 6395 6501 6525 5837
4690 6500 6012 4817 4644 6040 6384 4852 5662 4735 5640 6025 5517 6211 4953 5256 5613 6411 6253 5836 6394 5974 5740 6654 4978 5884 5544 5305 6191 5510 4721 5037 4757 6492 6625 5429 6670 5045
6251 5822 5671 6013 5887 5150 6157 5359 5631 5040 6404 5413 6367 5630 5631 6173 5048 6692 6190 5988 4925 6206 6492 5680 4919 5029 6228 4648 4874 4989 5188 5518 6209 5756 6457 4754 5963 6252
5159 6540 5294 5236 5138 6188 6476 5467 5609 6458 6378 4984 4942 6210 5215 6595 6174 6169 5460 5945 5963 5007 5665 5395 4752 4937 4845 6220 5155 5066 6007 4681 5427 6684 5516 6407 5475 6213
4754 5752 5851 5475 4644 5816 5137 5713 4774 5674 4976 4624 4926 6687 5874 4794 5534 4650 5486 5860 5199 6643 5533 5330 5715 4881 6478 6047 4718 5226 4975 5441 6154 5739 5582 5616 5554 4720
5965 4637 5374 5125 5760 5890 6527 5944 6388 5130 6386 6236 5008 5795 5181 6496 5177 5465 5877 4919 4760 5039 5945 5708 5205 4914 6102 5834 6476 5671 6062 6155 5843 5599 6084 6160 6344 6677
4799 4797 6643 6160 5750 5892 6074 4638 5089 5035 6584 5237 5541 5164 4888 5247 4901 6055 6640 5037 6694 6029 4785 5261 5651 5565 6081 5286 6666 4883 6167 4986 5583 6686 4888 5523 6152 5713
5767 4651 4893 5298 5981 5189 6229 6426 5317 5014 6698 4651 5836 5578 5538 5876 5750 6513 6255 6589 5011 4956 6133 6188 4968 6665 5480 5847 5834 6136 6337 5797 6105 6467 6223 5329 5042 6529
5547 4859 6559 5927 6219 5894 6013 6379 5290 6133 6502 6473 5686 5606 6097 6221 4868 5244 5045 6064 6370 4985 5013 6345 6199 5974 6266 6036 6278 5896 5541 6349 5640 5548 5626 6386 5945 4775
5344 4943 6448 6438 6477 5061 4663 4696 6337 4651 6328 4849 6166 6288 5278 6625 6459 4852 5078 6370 6089 5465 5384 4959 6437 6594 5584 5382 5746 5005 4860 5011 5518 6063 5415 6700 5609 5492
5329 5671 4895 4631 4982 6655 5084 6696 6349 5917 5619 6256 5785 6138 5487 6334 4902 4931 6109 6363 6139 6557 4726 5281 5446 5016 5357 5178 5403 6670 5601 5083 5314 6088 6438 4646 5843 4971
5640 6118 6013 6037 6554 6485 5593 5403 5092 5569 5071 6372 6173 6128 5024 6585 5027 6448 6688 5765 5874 4928 6355 4898 4798 5576 6226 4841 6112 4864 4852 4842 5323 6658 4650 5588 4710 6660
5046 6089 6033 5038 5979 4734 5831 5161 5742 6363 5250 6373 6229 5613 6003 6299 6586 6511 5668 6355 6404 6306 5556 5158 4727 5644 5906 6497 6530 5001 6301 5566 5664 6287 5747 6559 5658 4852
5878 5971 5897 4873 4939 5111 5797 6242 5314 5027 6038 5363 6671 5003 6661 4655 6310 6317 5770 4698 6326 6266 5016 5622 5980 4973 6634 6476 6519 4840 6233 5601 4779 5735 5006 6408 5526 5988
5130 6122 4637 5637 6479 5194 5208 5091 6071 5532 6562 4761 5804 5395 5496 5704 6471 5789 5121 4911 6023 4746 4996 5946 6642 4825 6244 6197 5481 6383 5284 6230 6665 6085 5268 5872 5135 5291
6050 5645 4857 6677 6410 6204 5015 5962 5832 4732 6379 6199 6104 4607 5733 5737 5191 6055 4710 4966 5937 6629 6046 6431 6265 5061 5243 6074 5687 6690 6491 5377 5353 6699 4749 5417 6190 4887
6180 5606 6277 5723 5417 6660 4615 5362 5954 6210 4936 4951 5006 5227 4711 6174 5099 5537 6658 4660 6216 4826 6541 5299 5650 5388 4973 5100 4641 5686 5180 5308 5354 5268 5679 5852 5549 4955
5890 6402 6467 6615 6038 5717 5945 6577 5275 4639 6142 6518 4975 4844 6320 6385 5122 5402 5144 5584 5169 5862 6322 6199 5925 6461 5227 6162 6606 6133 6659 5701 5673 4955 4745 5780 5877 4684
5168 5502 6445 5240 5451 6351 6597 5076 4740 5474 5272 6272 4888 4658 5251 5212 5033 6051 6343 5770 6071 6515 5727 5837 6411 4786 6257 5594 5406 5543 5554 4962 4712 5775 5835 5891 5879 5108
5111 5086 6586 6050 5106 5357 6677 6379 6016 5247 5392 6078 6037 5285 6361 4795 4901 6684 6301 6006 5622 5009 5810 6172 5727 4864 5497 5266 5120 5535 5144 5963 5046 6432 4649 4843 5721 4648
5587 6551 6037 4937 6235 5262 6489 5712 5746 5427 5070 6616 5859 6608 5947 5680 5202 6619 5462 6199 4752 6391 5537 5709 6014 5565 6417 5479 5568 5161 5145 6601 4800 4928 4837 5194 5222 5970
6595 4914 5502 5605 5236 5088 6640 5663 6005 5657 5779 5031 5532 5949 5576 6171 5902 6541 6180 4965 5289 5763 4933 6564 6034 4746 6324 5519 6481 4875 6617 5003 5067 5067 6551 6189 5634 4995
5542 5963 6588 5350 5963 6190 6360 5016 6441 6485 4679 4759 5071 5621 5186 5687 5790 4721 4773 5729 5732 5247 6360 5455 4686 6113 6371 4686 6010 5760 6029 6641 5336 5758 6326 6321 6680 6629
5889 5450 5015 6390 4787 4852 5215 5333 5741 4770 5882 5445 6197 5170 5737 5548 5651 5962 5760 4830 5769 5353 4800 6621 5891 4996 6514 5039 5448 5443 5617 4819 6691 6088 4609 5642 4719 6091
5193 6096 5553 6224 4772 5704 5504 4879 5336 5946 5462 5070 6197 4706 4984 6176 5105 6531 6344 6111 6216 6387 4649 5663 4971 6576 5918 6063 5520 5451 6091 5324 5551 5622 4818 5295 5805 6503
6537 4665 6591 5106 6235 6618 4689 5574 4650 5259 4873 6520 4879 6313 6322 6254 4835 6655 4636 6040 4784 6277 6392 5457 5189 6097 6315 4608 5052 5395 6368 4839 4664 6250 4962 4759 6105 6535
5235 4761 5870 5244 4903 6442 4627 4634 5412 5720 5316 5821 4888 4811 5366 6629 6165 5657 5782 4637 6647 4981 6510 5109 4994 6610 5115 5370 5342 6285 6507 5235 5876 5466 6618 6273 5235 5797
6588 5893 5990 4920 5641 4930 4686 6200 5425 4625 4697 6312 5569 5675 6425 5993 6460 5696 5324 5248 6626 5728 6019 6493 5461 6088 4978 6515 5818 6123 6697 4612 6282 4790 4657 6205 5682 4834
6341 5408 4857 4917 5089 6624 6138 5581 6257 5442 6516 5177 5832 5887 5569 5239 6200 5345 4967 4871 5421 5534 4898 5698 6645 5102 5274 6201 6631 5549 5841 5946 4881 5775 4849 6457 5926 4819
5955 6285 4750 6683 6664 6168 5408 6348 6056 4803 5671 4691 6698 6311 6366 6074 4986 5407 5023 5935 6217 5563 5684 6662 5962 4843 6606 6156 6173 5517 6121 5788 6637 6166 5140 4797 5262 5983
6687 5396 5846 5053 6384 5172 4956 5362 6532 5223 5304 5588 4849 5054 6429 5601 4969 5519 4971 5475 5865 6294 5801 5889 5616 6284 5855 6617 6121 6590 5636 6503 4962 5689 5769 4879 5977 6371
4838 6158 4965 5798 6331 6029 5390 6049 4941 5317 4625 5915 5602 5892 4913 5637 5751 4668 5447 4801 5283 5816 5384 6408 5351 6570 4961 4608 5565 5651 5154 5534 4833 5692 5310 5536 6607 5426
6125 6300 6231 5285 6332 5096 5988 6479 6388 6109 6585 5530 4821 6584 5423 5893 5016 5626 6545 6537 4952 6282 5357 6174 4949 5075 5257 6117 5167 5867 5763 6507 4990 4924 5793 5130 6043 6322
6118 6020 4821 5743 6135 6221 5480 5937 6506 6671 4859 6029 6671 5895 5304 5968 6242 5637 6011 6401 5900 6347 4788 5265 5339 5284 6333 5810 5276 4861 6173 4632 5510 5524 6386 6519 5644 4958
5275 5362 4817 5805 5616 6419 6450 6612 6378 4911 5626 5111 5948 5585 4927 5142 6076 5189 6325 6408 5911 6603 5097 5489 5390 5321 4948 5982 4879 6471 5064 5118 5861 6096 4802 5947 5653 5694
5486 5914 5912 6120 5230 6500 4703 6213 5073 5633 4808 4705 6017 5181 6118 5617 4724 5549 4780 4957 5873 6221 6503 5401 5581 5481 5174 5716 5577 4925 5790 4693 5859 5033 5540 6059 5288 4622
4837 5095 5066 6464 5066 4651 5373 4956 5401 4772 5397 5320 5727 6006 4965 5114 5761 6263 5848 6596 4870 6166 5987 5956 4958 6644 5843 6206 6453 4765 6222 4919 6234 5646 6398 6694 6280 6217
5879 6635 4767 4954 5849 4921 6632 6337 5139 5138 6025 4673 4842 5970 4894 5702 6561 6131 6184 5991 5311 6476 6096 4982 6001 6226 6446 6177 4854 5674 6079 5285 6514 5140 5434 6190 5197 5874
5396 5757 5704 6352 4657 5030 5489 5509 5628 6356 4671 5922 5627 5284 6074 6635 6481 5477 5102 5044 5529 6650 5405 6564 4686 5141 6554 4827 5044 5857 4946 4762 6587 4936 4822 6422 5002 5070
4644 5465 5460 6266 5743 5987 6169 5303 5317 6444 5704 4776 5061 6489 5252 5319 6187 5264 5304 5884 5716 5594 5410 6639 6305 6107 5364 4896 5197 4844 5779 5514 6562 5086 4888 4836 5084 5355
5414 6448 6094 4686 5014 5127 6298 6269 6178 4977 5604 5642 5889 5225 5455 4753 4765 5379 5295 6293 5644 5036 6464 5395 6172 5655 5439 5189 5834 6373 6111 4655 6330 6020 4941 5423 5364 5708
6163 5457 5351 5207 4623 5636 5687 4620 6051 5655 5915 4673 5131 5769 4620 5727 6459 5533 5609 4769 4823 5729 5854 4675 5402 6367 5136 6484 5027 5145 5908 5283 5130 6634 4722 5350 5241 5716
4776 5261 4744 4988 6244 4817 4663 6464 5563 4923 4732 6349 5341 5630 6464 5542 5627 5494 5725 4867 5391 6640 5430 6557 5392 6598 5981 6656 5322 4987 6302 6566 6333 6683 6116 4719 5671 5014
5664 6646 5550 6420 6081 6486 4851 5478 5535 6507 4715 6081 6489 6203 6115 4680 6041 4789 6623 6296 5147 5448 5199 6293 4938 6563 5033 4980 6050 5751 5116 5501 5596 6323 5163 4835 5272 5706
6661 5702 5965 6130 6601 5255 6101 6163 6031 5659 6673 5350 6166 6327 5408 6088 6007 6045 5510 6362 4788 5263 5533 5040 5972 5481 6319 5686 5727 5885 5661 4889 6211 4869 5048 5047 5950 6576
5613 6437 6251 5109 5572 6285 6091 4808 6590 5672 4886 5653 5120 6461 5676 5863 5313 4906 6328 5190 6596 6272 4934 5602 6231 5778 5316 5697 6659 4782 5594 5298 4763 6379 4791 6499 5554 5825
5966 5103 5250 6544 6493 6170 4765 6158 4736 5522 6465 5163 5395 5276 5456 5469 4819 5008 5385 5064 6233 5483 6024 6617 5037 6340 5818 5672 5594 6154 6223 5021 4774 6066 4693 6532 5901 6116
5676 6574 5611 6138 5520 4680 5626 6683 5285 6088 5080 5510 4935 5253 5402 4792 4867 5940 6376 5069 5235 6385 6533 4884 4764 5582 4997 5373 5663 4616 6208 5187 5990 5648 6639 5632 6324 6694
5408 5728 6471 6309 6567 5443 6115 4989 5023 5902 6114 5420 5805 5017 5902 4662 5411 5775 6412 6350 4998 6092 5893 4793 6085 5442 4934 5208 5240 5278 6117 6563 5014 6242 5711 4784 4706 4797
6464 6157 5525 5077 5939 6639 5928 5655 5577 4753 6354 4828 5549 5020 6494 5193 5417 5247 5119 5190 5481 6674 5977 5886 6001 4696 5210 6013 5008 5268 5803 4624 6564 4683 5885 5982 5912 6043
5007 5589 6585 6369 5722 5922 6590 5921 5753 5801 4799 5960 5460 5695 4878 5593 5505 5730 5875 4970 6070 6694 4960 5620 4722 6387 6050 5255 5766 4993 4924 6543 5842 5763 5325 5919 6369 5593
5446 6011 5879 4886 5432 5117 5282 5267 6691 5478 5756 4994 4832 5641 4823 6693 6299 4812 6354 4941 4795 5015 5387 6398 5843 6086 5225 5520 5365 5915 5192 5741 5259 5432 5971 6139 5757 6065
6028 4607 5280 6035 4773 5578 6336 4927 6551 5034 6258 6192 6183 5822 6679 5253 6681 5189 5639 4780 5843 6425 6699 4889 5866 6355 6607 5417 6302 6048 5836 6280 5984 4768 6506 5260 6466 4779
5180 5386 6363 5023 6132 5283 5708 5186 6680 5293 6355 4942 6531 6684 5278 5727 5228 5440 5201 5882 4965 5370 6678 5333 4733 5803 5094 6364 5322 4954 5341 6561 4913 6509 6538 4800 5955 6224
5277 4640 6499 6368 5491 4753 6674 5145 5541 5076 6405 4655 4780 5018 6627 5082 5221 5408 6050 6124 5862 5611 4786 6449 5481 5393 6523 4629 4928 4929 6316 6545 5626 5091 6658 4943 6543 5627
4834 4871 6279 5174 5508 6462 5685 4869 5567 6136 5448 5009 6073 5927 4690 5218 4776 6116 5579 6030 5212 5546 5907 5731 5947 5434 5096 5851 5493 5080 6492 5214 5650 6028 5992 6169 6605 6678
5226 5510 5309 4783 6666 6088 4898 6053 6236 4880 5521 5344 5358 5714 4770 4945 4642 5674 5352 5433 5100 5370 4972 4717 5411 4971 6300 5798 6422 5342 5003 4897 5930 5359 4747 4704 6023 5346
5830 5127 5545 5919 6276 5905 5717 4985 6032 5737 5448 6438 5358 5018 6695 5619 5349 5709 5318 5491 5906 5028 5420 5784 4741 4663 6492 5793 5991 6308 5179 6205 4689 4756 5743 6023 5061 6473
6413 5302 5711 5672 5527 5784 6496 6561 5805 5669 5964 4662 5638 5544 6544 5823 5376 5225 6049 5715 6695 5879 5814 5549 4677 6696 5431 4892 6151 4985 5320 5399 5455 6409 6085 6276 6509 4655
