78 84
3251 6515
4266 3074 4102 3318 2575 3607 4970 3732 3194 2865 4416 4511 2866 4231 4831 3189 4828 3684 2370 3638 3063 3646 2459 2056 4303 2415 2542 3484 3177 2037 4363 4551 2969 2177 4755 4842 5092 3363 2958 3367 2141 3065 4225 2810 3030 5092 2645 4498 2960 2339 2237 3255 4494 4962 2349 4323 3742 3342 2857 2431 4544 2444 4781 4145 3574 4817 3815 3050 4601 3617 4318 2073 3670 4757 4799 3773 4416 4920 2885 2778 2996 4835 3035 3567
2623 4775 2080 4230 3988 3047 4596 3832 4886 4493 3190 3480 4570 3353 2196 2542 3913 2027 2373 2690 3498 3924 4036 4120 2842 4059 3391 2836 4052 2239 3600 2162 4846 3033 3053 2922 2240 4402 2621 2731 4764 4867 2402 3058 4180 2228 2519 2150 4778 4154 4385 4761 4437 4072 4070 3551 3461 4808 2063 3659 1950 2238 2090 4445 4319 3131 4418 4933 1919 5087 2691 3642 2496 2430 2666 3032 2099 2204 3167 4082 2633 4887 3768 4618
4261 3084 4698 5062 4078 3713 2130 5049 2935 4307 2888 3157 2023 4858 3375 4034 4357 4734 3157 2796 3559 4100 4826 3032 3128 2428 3970 2806 3587 4150 4204 3239 3795 2477 4563 4063 3496 2826 4417 4966 3946 2633 3834 3386 2375 2560 2159 4509 4798 1957 2085 2334 2451 2552 2694 3370 2352 2542 4430 3084 4194 2063 4586 3058 4788 2279 2501 4737 3884 3608 4866 2027 3140 3129 3054 4222 4683 3958 2103 2434 3389 2738 4333 4744
3622 2872 2278 2176 2832 3750 3034 3339 2782 4187 3523 2993 2032 3850 3753 4480 3015 3602 2315 3623 2369 2839 3936 2665 3685 3644 4730 2095 4578 2765 4952 3922 4429 2582 1994 4434 4972 3956 4829 3881 3281 2949 3704 4452 2507 3174 5007 3274 2900 3704 3257 3298 2965 2357 3168 3748 2824 4178 3590 3608 2639 4599 4190 2357 2103 2884 2126 4944 3894 4044 3783 3630 4426 2633 1997 2220 3864 4696 3971 4864 3615 4632 2327 3214
3764 3246 4230 2256 3343 4040 2195 1987 5038 4017 4566 4652 2404 3194 2525 4331 3651 4066 3985 3677 2680 2579 4356 3894 4994 3303 2565 1923 3750 2370 3555 3886 4913 4913 3099 3696 4392 3888 4249 2421 4769 2461 4497 4575 2654 2660 4433 2069 3656 2671 2981 5087 3995 2622 4228 3072 4575 4535 4999 3357 3224 3732 4909 3431 3259 3690 2847 4592 3883 3390 3427 4282 2240 3086 4197 4426 2018 5059 2135 3473 2325 3331 4387 4748
4926 2813 4391 4494 3329 4399 4475 3987 2149 3518 3360 2769 2122 5085 4615 4352 2085 1929 1998 4514 3944 4406 4162 3836 3453 5087 4653 3011 3432 2640 3514 3478 2930 3550 3366 4685 4453 4232 2256 3354 4716 3313 3065 2786 2485 4719 4572 4573 3573 4333 3564 4072 4967 1953 4675 3601 4937 3597 4059 2983 3338 4851 4541 2774 3123 2333 4494 3243 4218 1938 3300 4366 4372 3619 4880 4403 2256 4766 2740 4661 4007 4045 4205 2361
3626 4792 4243 3444 3951 4490 2939 3733 4697 4659 4608 2267 2737 4971 4951 2953 3854 3305 4421 3865 1975 3402 2729 4303 2825 2837 2281 2487 4947 4615 3944 2481 4369 4342 2922 4386 4977 3614 2725 5015 4030 2984 3287 3453 2754 3959 3629 3570 4062 1946 4388 3347 1929 3255 4845 2536 3931 2449 2257 5070 3172 3531 2282 4709 2182 4257 2304 2817 3509 4871 4265 2499 3764 2927 3513 4846 3739 4699 4369 2490 2422 3489 3900 4953
2946 2459 4835 4190 3541 1924 3933 4496 4127 4819 4471 2779 3909 3491 4908 3893 2934 4822 2486 3316 4689 4378 5015 4769 2313 3109 2730 2395 3928 2824 2041 1932 1965 2228 2843 4798 2986 2882 2326 2465 3076 4461 3350 3317 4352 2547 2735 2887 2541 2454 4334 4726 3133 4497 4933 2853 4270 4434 2710 2116 4489 2407 2618 3732 3819 2092 4213 4443 2130 4832 3525 4539 2935 3469 2587 4260 1953 4490 2257 2096 1989 2731 4986 3618
4959 3888 2997 2650 3149 3473 3913 4334 4738 2354 4781 2644 4645 2238 2426 2949 3265 4875 4624 2207 3013 2186 2398 3513 1997 2356 1982 4970 3739 4483 3050 3914 2134 3661 1985 2607 2754 3572 2894 4231 2165 4965 2816 4624 5073 1947 3785 2140 3239 4733 2665 4984 3525 2424 2805 3531 1964 4621 4429 4601 3964 2215 3068 2752 4970 2998 3611 3416 4871 2705 2813 3845 3356 4009 3025 4336 3071 3867 4142 2315 5057 4840 2989 4675
3621 2540 2190 2376 2069 4480 4525 4124 4253 2041 2464 4768 4543 2468 3189 2497 4902 3101 1966 2808 4458 2190 4050 3626 4816 5067 4639 5071 3894 3519 2568 5000 4545 3384 2723 4492 2559 4840 3828 4006 3952 2669 4974 4148 4434 2347 2592 4429 2483 3693 2419 4673 2444 2553 4017 2068 1926 3743 4947 4110 2686 3417 3639 2215 4262 2218 2629 3333 2620 4215 2676 3337 3376 3087 3664 2130 2065 2335 2136 2497 4528 4563 3808 1921
2202 4311 4517 4842 4872 3471 3349 4678 3511 3014 2144 4649 1958 2820 3274 3502 3776 4575 4526 2585 2185 3027 2113 2423 3322 3669 3853 3515 4642 4803 3751 3741 4592 2578 4454 4463 4865 4594 2689 4454 2630 2496 2152 3858 3044 3792 2658 3218 4253 4503 2496 2027 3801 4405 2037 4591 3641 4218 5044 2825 2429 3310 4031 4195 2033 2758 4867 3489 4287 4181 4109 2245 3792 4636 3004 3101 2503 2340 2306 3277 4232 2636 3376 3960
4463 4898 2883 3467 2556 2598 4318 3979 3808 2665 2422 4069 4996 5037 4432 4117 4832 2891 3304 2325 2229 3586 4813 4415 4807 2613 2273 3243 2096 2876 3212 2312 4824 2218 5021 4872 2565 2316 3357 3523 3061 3504 4843 2102 3595 2282 2913 3741 4659 4920 3561 3344 5024 4176 4462 3592 2704 5079 2897 3043 3255 4890 4362 2713 3020 2606 4883 3954 4389 3014 4973 2865 3160 2061 4775 3054 3942 2144 3505 3373 2376 4602 3838 3139
1930 2390 4118 2828 4711 3961 2246 4692 2852 2898 4376 3452 3749 2587 2999 4163 2211 4710 2265 3782 3641 3581 2816 3362 2726 3589 3983 3830 4321 4145 4001 3781 3518 2026 2967 3235 2637 4085 4951 4546 4308 4418 3467 2466 4278 4199 4133 3979 5065 3162 4482 3636 2310 2795 3246 3809 3132 4996 2956 3571 1954 3984 4037 5004 3273 4616 3178 4706 5066 2939 4787 3684 2675 2575 5058 2245 2956 1980 3497 4865 5079 3704 3694 4917
3777 1999 4360 3937 3520 3184 2558 3729 3755 3468 4929 4836 2648 2223 2750 4150 4926 4391 4080 2098 3769 4322 3329 3031 4515 4159 3552 4984 2884 3994 3989 4118 2607 4419 3061 2294 4840 4709 3771 2694 4202 3121 2777 2854 2503 3596 5037 2646 2308 3553 4321 4200 2169 4285 2980 4141 3014 3126 3800 4928 2252 3019 2510 2858 3634 4818 2003 3833 3713 2731 5081 4684 2254 4993 4507 4461 1989 4287 2561 3450 4891 2307 3452 5070
3915 3002 3106 2799 3183 3068 5032 2862 2562 4071 2158 4689 2384 2287 4122 3927 3234 4361 2399 2057 4123 4357 2018 4161 3150 3366 3127 3440 2147 4486 4953 2610 3835 4690 3244 2052 3284 4710 2140 4607 2423 3676 3497 5041 3692 2228 2709 3394 4226 4993 2772 4996 3382 4854 2483 5054 3952 2734 3615 3411 3970 2934 3842 4350 3363 2352 3606 4759 2818 4771 3314 4125 2399 5059 3149 4293 4269 3575 4030 4826 4146 4589 4098 3712
2040 4546 2782 3859 4542 2419 3981 2701 4905 3948 3663 1935 3829 2350 3730 3574 3220 2082 4702 2878 5076 3853 4853 3104 4589 3237 2495 3654 4069 2273 3034 3293 4535 3812 2803 3607 4783 2246 2293 2107 2397 2742 2294 2023 3337 3008 4857 1979 5018 3752 2506 2520 3869 4400 4914 4246 3263 3637 3096 4930 4850 2769 2548 4840 4067 4202 3787 4190 4979 4704 4049 5010 3686 1966 2252 4574 4652 3223 3191 4544 4170 3292 4792 4356
2323 2425 1998 4957 4344 4541 4283 2811 2887 2899 2472 3443 4917 2764 2515 2360 3967 4873 5037 3870 3914 4301 3717 2613 3572 3532 2437 5073 3510 2738 2443 4651 2098 2020 1934 4678 4296 2025 3990 4494 4514 3966 3878 4474 5049 3037 4135 2144 2919 2295 4318 3029 3014 4218 4915 3317 2458 2763 4988 2880 3442 4006 2563 3749 2854 4231 4482 3040 3593 2362 4960 3174 3182 3998 3262 4301 4137 2068 3509 3467 4005 3629 3224 3599
3593 2252 2853 4002 1962 4628 2564 2659 4250 3587 2069 2119 3948 4816 3578 4781 3239 3615 3691 3838 3812 3498 4940 3774 3163 2593 3572 3137 5067 2158 3766 3327 3527 4225 3064 3579 4198 3755 2235 2291 2543 4581 2991 2250 3852 2513 2405 5016 3777 3878 4114 3723 5084 4537 2167 3781 2361 2778 4505 3137 4069 4698 2113 4600 4148 4483 4768 3496 2286 4790 3188 4233 4635 2521 3433 3582 4387 3812 3618 2381 4934 3045 5030 2902
3901 2071 3459 4145 2467 3859 1934 3289 2187 3257 2263 1991 2373 3686 4135 4495 2854 2611 4642 2501 3940 4730 2965 4403 2906 3228 2459 4756 4258 3413 1965 2655 2047 3718 2072 4476 2282 3196 3417 4549 2616 3466 3718 4946 2639 2213 4204 4049 5056 3852 1965 2637 3937 3634 3109 4933 4018 4075 2860 4272 4630 2887 4983 4954 3554 2536 4535 2543 4064 3213 2525 2538 4474 2652 3010 3193 3048 4303 2488 3147 4101 4330 4769 4916
3913 4321 3347 4895 4346 2947 2210 3420 4399 4723 4449 2122 4819 4710 3075 4144 2166 3191 3325 2571 2305 3587 2500 2779 4864 3738 2183 5046 4371 4420 2877 3391 2410 4402 4332 2294 2081 3069 4350 5038 2491 3811 2180 4217 4801 3297 3904 2113 3205 4344 3905 2324 3722 2481 3485 5008 3016 4601 2544 3674 4093 2084 3358 3566 4996 4829 3172 1924 4486 4524 2467 2254 3582 4436 4410 4434 2268 2741 3927 3142 2493 3186 2945 4741
3426 4965 4836 3391 4957 3135 3681 3317 3604 4273 3964 4567 4736 3282 2646 4096 4499 2686 4850 4097 3356 4503 4147 3556 3240 3161 4769 4105 3384 2920 3922 3613 2591 2017 3715 3365 2599 4292 5008 2195 4304 1967 2333 3653 4339 3821 3124 2963 3838 4146 4532 2576 4344 2106 4768 4457 2284 2810 2283 3676 3653 2985 3369 5057 4346 2760 4314 3828 3396 4406 4559 4437 4385 4828 4068 3123 2189 3162 3184 4155 4094 3475 3204 3478
2229 4673 2295 2511 4391 4980 4762 2616 3252 2539 2548 2615 2397 3401 4756 4898 3305 3019 2478 3100 3191 4775 3068 3251 4725 3311 3356 3972 3719 3862 2550 4288 3991 3793 3122 2513 3009 3475 2443 3889 3042 2140 3471 2405 3364 2195 4939 4287 2561 3932 3533 4368 4145 2749 3997 3321 2151 4871 2926 2883 4554 3056 2365 4517 2921 4836 2719 2050 4406 5010 3844 5083 2816 1975 3979 2352 4931 2819 4174 2362 4428 3512 4537 4405
2140 3522 2969 4794 4329 4684 4640 2032 2588 3126 3213 4664 4901 4781 2710 2742 3929 3387 2288 4871 2879 4657 3157 2293 4972 3752 2515 3962 3890 3571 3682 3206 1964 4930 2661 3462 2176 2485 4701 3233 4021 3006 3546 3211 3539 4705 4293 2267 2615 4046 5037 2986 2870 1968 2731 3236 4911 4311 2223 4224 4302 4454 2368 2006 3742 4460 4279 5080 2447 4479 4825 4774 2945 2711 1941 3833 4629 3664 3683 4370 2316 3095 4546 2550
4922 3741 2013 3923 2465 2816 4379 2824 3820 2810 2922 2075 3767 4861 4222 4479 4552 2154 2155 2603 4285 4189 2327 2706 2419 4950 4776 3485 3980 2638 1953 3208 2551 4060 2978 3375 2072 2945 2658 4422 2537 3343 3411 3532 2005 3935 4723 4397 4945 4800 2697 4758 3250 2295 2094 3754 4365 2300 2365 3358 2886 2275 3122 4591 2184 2209 3593 2163 2636 3267 2685 3307 3612 2545 4173 2257 3402 2060 3139 2614 4778 2562 2725 4014
2460 3109 4924 2352 2254 2111 3203 2627 3313 2835 2934 3417 2498 2733 2410 2707 4146 3009 2493 4047 3499 4092 3208 2730 4908 2585 2023 4953 4613 2741 3639 3177 2513 3543 4164 4005 3472 2321 2952 3136 2753 2662 1932 2718 4509 4847 4151 3523 4567 2795 3098 3395 2964 3449 2109 4007 3530 3741 2616 4189 3954 4133 4013 4704 4132 2460 3743 3149 4484 2020 2492 2091 3272 1943 2373 4058 2783 2862 2207 4660 4045 2903 3653 3546
2348 3015 4037 4216 2101 3172 4613 3772 2088 2304 4221 2431 4740 2961 3107 3370 3706 4625 2490 4669 3391 4093 4177 2224 4843 4238 3909 2713 4659 4026 3027 3308 1952 4918 4010 2257 3728 2916 4736 1956 4865 3494 2680 4610 3557 2949 4040 2211 4110 2403 2549 4031 4215 2724 4904 4167 2148 3999 4171 3050 3469 4452 4890 2889 3855 3155 3429 2607 4737 2358 3709 4248 4197 3360 3162 2775 2683 3310 2905 4285 3244 2102 4769 3049
4354 4900 3446 3397 2864 5007 3887 4255 2397 4560 2724 3175 3200 2463 4460 2176 2046 3625 2931 2395 3789 2505 2030 5016 2209 1948 2671 4988 3918 4958 3276 3379 2542 2957 2684 3941 3771 3959 5032 3293 2549 3913 4086 2139 3182 2722 4461 2358 3650 4983 4887 2151 4916 1974 4884 2157 4233 4267 4614 2677 2564 4392 2317 4720 2688 3644 3655 2165 5015 2598 2557 2147 3143 3047 4918 3128 4016 4378 4640 3148 2263 3241 4537 3736
5092 4763 2926 4029 3775 2626 2430 4076 2083 3853 3708 3406 2813 4220 4077 3441 2101 4284 2796 3655 1955 2238 4284 2771 5010 3889 2995 4753 3488 4445 2537 2129 2577 3266 2786 4876 3489 4484 5088 3747 4135 4385 2571 4458 3267 4521 4741 3979 2482 1951 2283 2583 2338 3209 3358 2268 5036 3780 4136 3123 2431 2627 3302 4925 4092 3722 2100 5077 3067 4345 3505 4213 3128 4118 4462 2221 3168 4914 3701 2799 4837 4528 2281 2956
2134 4179 2250 3727 2127 4868 2018 3697 4854 2094 3906 2968 2824 4803 4236 3878 3109 4508 2763 3831 1999 4097 3381 4731 3273 4680 3647 2619 4950 3830 2813 2645 3511 4724 3074 3029 4122 3487 4197 4411 3313 2423 4010 3074 2229 4256 3499 2777 5048 4795 4647 3067 3491 4439 4570 4278 2225 4965 3573 3420 2777 2347 2679 3596 3284 4092 3083 4110 2705 4500 4539 3329 2628 4430 3861 3058 3990 4084 3661 2276 3293 2988 3213 2741
3074 2054 2346 4607 1966 3865 2211 4654 4653 4682 4049 2653 3936 4096 4163 4197 4214 2184 3383 2748 2021 3491 3673 3477 2197 2903 3141 2931 2698 4366 3579 2202 3493 3340 4966 3326 4473 3961 4905 3287 5054 3801 2708 3683 2993 2933 3479 4209 2706 3298 1970 5091 3761 2321 4010 4517 4566 4863 2309 2626 3615 3716 4004 4099 2363 1944 2702 3064 2006 4059 3634 2906 2941 4150 2723 2637 3810 3059 4350 2016 4518 2439 4930 3935
4142 1931 4375 3246 2104 3509 3787 4290 2563 2025 2229 3737 4484 3551 3496 4692 3919 3567 5016 3492 3497 2028 4328 2353 4633 2988 4652 4084 3638 4308 2866 3758 4565 3849 2553 4301 4808 3769 4061 4935 4432 4471 4046 2645 4546 3637 3167 2501 3749 2479 3493 3627 4496 2908 4215 2759 3894 4465 2385 2963 2270 4055 2552 2588 2905 4885 2564 4658 2498 3481 4473 4002 3349 4508 4983 3508 3057 2568 2121 2438 2197 2345 2194 4322
4774 3958 2213 4864 4358 2354 2021 2906 4953 4711 3798 4745 3024 2592 4430 2698 1930 2503 4685 2081 5073 3496 2339 2713 4784 2485 3645 5072 3349 3161 4992 1944 3292 2564 4941 3275 4546 4659 4645 2810 4368 4598 3055 4282 5012 3855 3588 2614 4819 4769 2956 2410 1990 3316 3061 3882 3422 2409 5038 3880 4981 3146 4307 4879 3018 4232 4761 2016 2615 3478 5048 3911 2839 4535 2684 4174 4011 2024 2363 3972 4908 3791 2030 3435
3994 4921 2708 3562 3647 2176 5068 3722 3556 3570 4578 3305 2982 3080 2815 3161 3907 4349 3535 3990 2728 4740 4761 4821 4562 3273 2155 3590 3042 4780 2314 3566 4252 2013 5051 1973 2172 2310 4525 3080 4225 4620 4324 4264 3070 4548 2264 4545 3248 5008 2182 3096 2938 1989 4588 3167 3772 3099 4398 5078 4857 2117 2191 4177 2581 5001 2163 3107 3514 3608 3296 2839 4726 4323 3465 2453 2150 2665 3063 3791 4794 2342 4311 2273
2904 3008 4243 2313 2939 4253 3117 4544 3191 2040 3411 4707 3431 2423 2173 4101 3672 3261 3909 2191 4733 3023 2825 2609 4222 4303 4238 2935 4242 2332 2567 2667 4702 2265 2910 4996 4650 4378 2139 2104 4956 4409 3082 4472 4384 2543 2473 3626 3835 2223 4264 4417 3883 4226 4538 2692 4043 3334 2413 4051 2019 4258 4698 4295 4504 4432 2273 3518 4950 3049 3734 3548 3375 3569 3044 3783 3859 3106 5004 3178 3084 3786 1977 2586
4401 2640 3081 3465 3623 4485 1935 3947 4213 2592 3125 4099 4319 2702 4217 2448 4143 3233 3948 2645 3857 2778 2552 3231 2452 2141 4852 2231 5001 4793 5020 4734 4963 2642 2575 4468 4939 4643 4973 3259 4747 4861 4567 2968 4678 2061 4076 2896 3505 3633 3470 3908 4944 5035 4225 2166 2876 3741 2773 4654 3033 4559 4821 2123 4147 3705 1946 2353 2782 3462 1923 4343 3359 4191 2698 1977 2269 3170 4052 4112 3566 3793 3416 2381
4026 3601 2403 2920 3580 2760 3692 2228 4250 4840 4281 2700 2934 3609 2765 2208 2144 3060 4229 2605 2625 2395 4012 3425 3746 3231 3366 5062 2203 4406 2263 4724 3374 2660 4869 5091 2113 3134 3044 4299 2971 2986 4101 4074 3143 2789 2058 4013 4323 4120 3790 2390 4430 4978 3211 4991 4036 5052 3349 3964 4395 2156 3588 4864 4669 2940 4686 3636 4078 3761 4409 4864 4276 4154 2979 4917 2354 4660 3859 2862 2644 2501 2301 4333
3635 2886 3774 4928 4403 2109 3221 3920 4912 3057 2444 2084 4149 4492 4722 4252 2888 2704 4251 3429 2259 3073 3763 4647 4849 2992 3762 4214 3249 2929 3238 3414 3491 4155 3418 3998 4068 2990 2011 3059 2941 3636 4400 3876 4208 2812 2085 3329 2158 4892 2423 4790 3188 3159 3164 3055 2957 4285 4769 4347 3270 2451 2265 2257 3930 4024 4751 4432 4046 3477 4415 4797 4207 4428 4665 2306 3547 3984 2659 4420 2540 3157 2380 4410
3367 4372 3870 3849 4619 4614 4622 3085 4401 3645 4689 3309 2014 3864 4532 4133 3557 2015 2087 4892 3852 2275 2550 4867 4311 3732 4897 3440 2398 3616 3082 2386 4548 4899 2594 4517 3756 4219 2032 4647 2674 4677 1971 2913 4983 2155 4024 3185 2747 2066 3926 3587 4022 4061 3565 3624 1958 2906 3974 3229 2543 4329 2597 2922 4470 3513 4327 3923 2897 4406 4577 3062 5015 3924 3529 4385 3620 3533 4119 2666 2983 3421 3483 2027
2164 2111 4164 4793 4113 2236 2634 4933 2297 4998 4020 3258 3765 4658 3319 2409 3117 3113 2249 4852 4193 4781 3219 2171 2950 4333 2263 4649 2264 2502 3556 2758 3686 3466 2414 3862 2968 2889 2312 1960 4371 4555 3588 4731 3032 4250 3692 4003 2029 3946 2469 3246 2308 2451 4982 4750 4463 4988 3393 4890 2826 1937 2927 2251 3642 4810 5070 3874 3133 4317 4565 4019 4042 4200 2091 2930 4335 3176 4057 1988 4819 2857 4976 2235
3393 2316 4887 3551 3664 2702 3609 2448 1957 3470 4238 2248 2370 3505 2980 4427 3951 2369 2491 2055 4178 2709 4420 3551 4852 5043 3214 3317 2685 4097 3466 4727 1923 3782 4818 3630 4029 2427 4121 4588 2538 3467 3499 4541 4600 2584 5046 4454 3683 4368 2098 3878 3231 3271 4699 1936 2288 2311 3909 3418 2802 3774 2932 2086 3364 2155 4889 3726 2250 2486 2771 4177 2082 3742 2948 4367 5036 4886 3145 4264 4044 2582 3702 3451
4624 4660 2658 4743 4776 2496 4786 4015 4997 4221 2208 2630 2192 4772 5087 3019 4820 2035 2911 2136 4655 4548 3916 2805 4207 4791 4122 4291 3383 3059 3632 2551 2922 4746 1944 3266 2555 2577 4611 3621 2810 3781 3362 3666 3716 2826 4249 3265 4386 2889 3819 2750 4213 2467 3477 3022 4507 3953 2937 2789 2855 2518 2519 3386 4009 4608 3562 3363 3441 2603 1962 4206 2260 2166 2926 2961 2568 4907 4507 3171 4109 4361 4398 3923
1965 2520 3121 4514 2107 4445 3262 4949 4297 4147 2881 2256 3005 3143 2506 4191 3152 2658 2022 4997 4261 4226 5020 2587 3900 5067 2553 2978 2022 4932 4636 2340 3444 5083 2871 4813 2415 4746 3164 4020 5067 2295 4165 2735 3807 2389 5012 3518 4500 2860 4328 3987 2137 2613 4280 2211 3532 3741 4010 3380 3278 2891 4872 4782 2640 3442 4284 3415 2631 2410 4325 2266 4294 3075 2608 2310 4708 3301 2991 3902 2572 3294 2236 4536
3309 4076 3641 3745 3280 3294 4383 3275 4010 3935 3975 4353 3585 4481 5078 4517 2133 2581 2826 1985 2350 3296 3224 2002 2070 3871 3548 3508 4945 3851 2106 4638 4116 3254 4085 3435 3100 4160 3500 2556 2932 4365 4271 4751 2484 2668 2858 3006 2251 4712 3206 3680 2103 2727 2003 3747 2127 2909 1993 2283 3441 2785 2141 2492 3484 2761 2268 3533 4165 2448 4965 3294 3487 4805 2890 4717 2814 3703 3902 4444 3235 4266 3691 2204
2966 2377 3801 4366 5037 2295 4494 3463 3267 3230 2419 4111 4349 3676 2437 2653 2069 2634 4157 3009 2241 3455 4769 4367 2293 4043 4224 3471 3310 3405 3817 3063 5028 4963 3829 2462 1967 2359 2003 4782 2908 2187 2669 1977 2216 1948 1959 2643 2991 2014 4521 2971 2796 4046 2122 3561 3597 4540 2015 3504 4960 2508 4827 4579 2629 3067 4864 2705 3070 3775 4638 3445 2092 3975 4550 3844 2166 3331 3250 2050 2750 3077 4609 2847
2995 3817 4247 2417 3417 3234 2810 4818 3238 2459 2924 3787 2681 3857 2986 4095 3715 2514 3511 2257 4625 3042 2538 3155 2007 4803 4797 2008 3322 2892 3665 3748 2701 4352 4942 1977 4270 3124 3771 4323 4739 2926 3800 2182 2135 4050 4080 2187 4464 3698 2640 2714 2769 2058 3861 3776 2371 2123 3379 3992 4661 4975 2704 2324 2060 5037 3357 3389 3162 2813 2968 1980 2391 3608 2699 2898 3948 4532 4383 4699 4641 3051 2502 4358
2567 3006 3956 4381 3055 2037 3028 3814 3424 2420 3737 4691 3241 4283 4870 4612 2137 3707 2727 3665 2858 2026 4998 2359 2924 4010 2471 4409 3069 2770 2822 2428 3566 2919 4639 4320 4136 3863 3630 2328 3766 2721 2706 4552 3214 2750 2126 4330 4866 3451 4446 3704 3270 4384 4912 3700 4948 3369 2918 2937 3047 2622 1930 3683 3472 3779 4522 3449 1920 2207 3027 2249 4805 2300 2335 3820 2003 4793 2805 2876 4028 4726 2987 3683
3876 2816 3999 2158 2054 2343 2086 2805 4493 3685 3845 2559 2014 3648 4395 4294 4889 3781 4032 2442 3005 2463 2057 3505 3956 4881 4784 3383 2977 2872 3013 3808 4177 3437 2281 4267 3144 3094 2472 3579 3647 2802 4997 4721 3866 4757 4142 3696 3002 2459 4576 3634 3584 3519 4843 2347 3547 2138 2978 3563 3915 3677 2400 3917 2207 3700 4717 3921 3427 3211 4729 4292 4088 2947 3680 3485 3438 4207 2409 1966 2842 3768 2467 2317
2453 4784 1937 3413 2110 3730 4853 2506 4007 2549 2706 4375 3569 2343 3239 2425 3062 4538 3107 4418 3556 4296 4977 2529 2796 3912 5023 3320 4759 3658 4686 3737 4603 3326 2353 3612 4986 4490 3021 4589 4584 2261 2926 2002 2252 4354 4322 2391 4972 3953 4203 2370 3328 4437 3137 2320 4434 3990 2383 3778 4787 3434 3877 2240 2523 2822 4554 4756 3827 4049 3140 4292 2246 2354 3431 4540 3790 2056 2021 2912 3124 3212 2424 4838
3131 3610 3084 2243 3914 2628 4765 2327 4463 4365 1950 3005 4851 4699 4451 2479 2789 5021 1935 4965 2933 2336 2413 3580 2399 3272 4334 2149 4399 3165 4524 2612 3529 2511 2084 2052 3019 3986 3439 4665 3706 3395 1943 4579 2891 2795 3058 3112 4075 3616 4035 3484 4364 5014 3103 4559 2338 2877 1985 4672 2694 3830 3815 3660 2104 2409 2204 3121 2539 4819 4390 3987 2312 3228 4802 2528 1950 5044 3663 2288 4622 3477 4979 3885
2707 3547 3781 4545 2045 4648 2882 3165 2743 2636 3629 3128 3307 4224 2765 4088 4033 4620 4364 2420 2257 3576 3977 2867 3722 3229 3949 4281 4328 3049 4945 2266 2347 5011 4573 2539 4662 3770 3071 2514 1935 2931 2509 4468 4719 3770 2433 2279 3127 2911 2842 4668 2152 4998 4775 3464 2254 4165 3069 2263 3464 3828 3211 4810 4455 2340 2800 5061 4653 3396 2922 2713 5002 3106 2204 4013 3888 4024 3862 4512 3595 3388 4905 3801
2944 3251 2632 3829 4627 2650 4985 2723 3914 1956 2012 4191 3023 3728 2653 4923 5088 2200 4989 4036 3788 3176 3086 3067 3242 5001 3483 3822 5041 2806 4001 4060 3243 1977 3726 2860 4413 4631 4559 4558 2844 3290 2206 4538 2239 3522 3508 4354 2331 3801 4323 4897 3964 4061 3574 4403 2544 2459 4197 2179 3057 4454 4094 3743 5025 3283 2692 4423 3780 2758 3924 4328 3506 3100 3262 5030 2354 4369 3525 3473 2943 2827 2449 4295
4127 4591 3079 2885 2164 2515 4422 3033 4715 4058 2767 3603 2925 2248 3809 2030 4546 2979 3035 4105 2498 2884 2862 2329 2641 3631 4940 2363 1942 2118 2979 4687 2413 3225 2165 2247 2894 3319 2611 2629 4174 4038 4852 2185 4882 4468 3383 2722 4678 2237 4962 4742 4260 1958 4362 3951 2163 4273 4949 2486 2717 2245 2921 2145 4706 4270 4446 4019 2000 3613 3844 4890 4528 4323 5075 2364 3542 3589 3707 2065 4005 4175 4431 4176
3493 2132 2746 3633 4241 4526 3734 2582 4644 3189 3674 3329 3755 4286 2240 4149 4494 2171 2373 2976 4162 5028 4068 2621 2960 3062 4417 2900 4628 4934 4671 2073 4635 3436 4382 2293 4762 2994 2626 3085 3895 2346 4933 2166 4573 3131 2020 4417 3194 3367 4951 4607 4892 1969 3771 2655 2682 2099 2329 3095 2241 3638 4609 4865 3416 4755 4098 2073 2913 3545 5047 2092 2864 2714 4606 3101 3240 4899 3637 4014 4299 4949 2011 4220
4302 4852 2672 4121 4776 3034 2559 4374 4266 4053 4141 5069 4117 1984 5089 4141 3164 3507 2807 3696 4937 2808 4219 4420 3337 2943 3081 4402 5076 4786 3479 2158 1995 4242 2802 3543 2531 3963 4065 4539 2908 2197 2195 2452 2467 4083 4643 2231 2557 3575 4649 2819 2988 4349 3183 4131 2376 2474 4023 3836 4099 3956 2647 3407 3088 4478 3676 4791 2284 2946 2037 4034 4785 2481 3118 4214 5050 3220 4523 3771 3327 3222 3252 4097
2708 4021 3022 2757 4651 4379 3016 4002 3956 2227 4528 2121 2824 2224 3032 4164 3761 4497 4176 3035 2194 4412 3691 3063 4265 2008 4162 4236 4593 3300 2128 3255 2447 4506 4979 4653 4659 5058 4668 4185 4092 4970 3283 2011 2987 2046 3718 4570 4648 3503 4710 2077 2622 3036 4928 5082 2560 3096 3424 2964 2241 3996 2836 2556 4318 4793 4229 4773 2491 3659 3071 3540 2179 4734 4794 3510 2221 4031 3405 3654 2526 4408 3876 3164
4871 4051 3679 2820 3133 3370 3799 4016 2925 4263 2064 3270 2626 4141 3358 2333 3035 3089 2053 3722 4882 2597 3539 4138 4388 4962 2951 2911 3664 2169 3208 3726 2299 2256 4065 3477 4786 2870 4994 2189 3718 2299 4478 3370 2747 4554 4602 4182 4711 3918 1965 4138 2248 2620 4216 3370 4959 5014 2797 3069 4434 4561 4932 4898 3637 3438 5081 3963 2377 4831 4363 5033 4609 1972 2949 4056 2071 4828 4448 2938 3531 4299 2432 4137
2465 3734 3445 3728 4689 2160 4206 3952 2860 2892 2563 4109 3269 3829 3539 2985 2402 3497 4878 4816 2760 5060 5068 3460 3670 4258 2985 3486 4259 3683 5080 2877 3895 2780 2820 4846 3182 2831 3258 5035 3809 3198 3398 4481 4449 3650 3597 2456 2668 3607 2709 5045 3549 2578 4914 4998 3037 3943 2957 3515 2107 4266 3810 3131 3861 4883 2938 2029 2065 4932 4301 3747 3870 3293 5018 4473 2681 2147 4282 4572 2203 4566 1920 4402
5009 3431 2452 4268 2215 4453 3516 3617 2800 3534 4539 4056 5016 3618 2375 4184 3403 4343 2546 5040 2995 4448 4147 4902 3429 2964 4521 4741 3175 3578 4963 2193 2283 4359 4529 2858 1926 4494 2087 5062 2418 4622 4657 2076 4038 2459 5061 3373 3502 2370 4169 4446 4992 2736 3845 3762 2199 3202 3182 3172 2557 3539 3365 4568 2767 4589 2794 3743 2069 4885 4079 3993 4699 4144 4852 4753 4225 3071 4095 2314 1966 1954 2553 2468
3466 2669 2914 3521 4298 4358 3395 2580 4504 4580 4648 3205 4463 3943 2817 3121 4167 2987 4792 4695 2798 4208 2108 4151 4470 3448 3248 3688 4871 2434 3715 3130 2382 2152 2337 4161 3174 3690 2131 4201 2724 4366 3763 4256 2388 2925 3783 2138 3520 2860 3356 4428 2192 2210 4648 2919 2997 2557 3400 4756 3486 2616 4368 2802 3522 2612 1943 2367 1990 4368 4575 3601 3836 3117 2979 2732 4223 5087 4042 4923 4262 3143 3476 3502
3569 4478 2169 2394 3615 2366 2845 4223 4756 4766 2999 2110 3860 3139 3516 2006 3873 4996 3337 4807 3376 3481 4396 2727 3640 2999 2306 4623 3908 3534 2315 4340 3133 3406 3763 4038 2559 2871 3492 3392 1937 4923 4723 4954 4863 5071 2843 2688 3491 4538 2485 4728 2486 3781 4896 2180 4029 3547 3590 2260 2478 3611 2459 4947 3313 4047 2687 4118 4844 4121 3792 4078 3478 2890 4943 4654 3436 3297 3050 2340 3814 4774 3124 5086
3525 2619 4659 4156 2395 4928 4617 2087 4548 2203 4156 2673 4514 3244 2328 4005 4631 2643 4309 2488 2317 4227 4481 5043 3576 3445 2783 2716 3803 2681 4407 4937 3274 2364 2962 4695 3245 2764 3579 3384 4424 3981 2549 3928 4250 2785 3408 2269 4629 2846 3653 2424 3572 4694 5089 4670 2740 4449 2866 2366 2292 2737 2830 1960 3934 2487 3870 2571 3425 4934 4113 2001 4058 4825 4458 2889 3956 2620 3351 2112 4251 4656 3575 3201
4791 4374 4574 2205 3031 2417 3375 3294 3405 4382 5013 3614 4341 2429 4582 3031 4337 2450 4003 2449 3236 2901 2813 3751 4872 4380 2405 2104 2229 3763 3644 3615 2278 4504 4686 4466 3248 4931 4018 2216 2804 2731 3319 4245 4799 3721 3864 2147 3076 2570 3871 3503 4939 2584 3092 2904 2650 5065 2287 3618 3049 4295 4492 2734 3331 3178 4036 2658 3031 2849 3686 3996 2779 4441 2063 2752 1998 4842 3118 3981 3900 4554 2778 3664
2287 3225 2807 3516 3603 3224 3560 3947 2202 3061 2515 4517 3317 2188 4441 3981 2140 2500 4389 4165 3998 2322 2259 2357 4579 1935 3483 3263 3658 3988 3955 3762 2159 2534 3326 2848 3224 3074 3490 2497 2343 2200 3508 3117 4054 4079 4669 4736 3706 3234 3743 3609 2246 3122 2835 2762 4069 2774 5015 2131 5025 3308 4723 2921 4485 3353 3744 2327 4809 3163 2642 2663 4034 2632 4182 3362 3837 4610 3454 3628 3038 4142 3601 4140
4853 4170 2818 2898 3630 3887 2507 4771 2635 3421 4109 3653 2421 2365 2728 2139 3852 3507 4719 5036 4791 2318 5011 4726 3860 4891 3451 2187 4384 2290 1984 4409 4432 3561 2163 2624 3533 3437 3637 3088 2090 2559 2612 2779 4709 3123 4534 4514 2939 5027 2819 4764 3969 2244 4696 4414 3289 4974 2432 2383 4399 4057 3986 4329 2834 3785 3872 5004 4702 3045 3268 4034 4531 2569 4487 3590 4343 3427 2194 2737 3186 3061 2702 2123
2256 3140 2523 2215 3320 2954 2184 4787 3591 4768 5010 4628 3379 1979 4953 4578 3919 3177 3283 3650 5009 3047 2450 2126 3561 4199 2743 1962 2199 5037 3904 2969 3391 2197 3610 2799 4301 4270 3494 4704 2128 2238 1993 3053 3649 3895 2061 2423 4661 3151 3083 4199 3478 3537 2440 3667 3920 4755 2940 4772 4653 3279 3692 4405 2651 4504 2172 4365 4810 2340 3945 5008 2733 4086 1982 3279 2673 4525 3803 2600 4805 4688 4781 4263
4512 4417 4547 2176 2426 4985 3629 2110 3386 2907 3589 2606 2746 4632 4196 2623 2744 2762 3300 4337 2151 2093 2878 2340 3420 3184 4755 2785 3152 4020 3326 2062 2102 4447 2479 1994 2626 2535 3716 3460 4282 3713 2205 3485 3314 4811 5014 4019 4925 3563 3410 2234 2166 4035 4508 3754 2862 3289 4963 3064 4242 2644 5054 2843 4481 4165 3081 2155 3897 2299 4916 2940 4766 3600 1935 4086 3576 3747 2120 5044 2429 2558 1982 4711
3794 4643 2626 3437 2783 2325 3454 4198 4821 3049 3708 4508 4769 3112 4352 3896 2093 2794 3275 2816 3899 4324 3534 5003 2389 3670 2425 2247 4699 2133 4842 4964 2562 4226 4121 4038 4199 4420 3109 5018 4979 2755 2697 2693 3180 5088 3524 4125 4126 2881 4486 3556 2369 2536 4076 2185 4271 4541 4540 4250 3838 4396 2232 4805 2185 3060 4903 3460 3891 4044 2016 3584 3677 3066 4257 5072 2753 4248 4788 2092 2676 4092 3792 2260
4784 3481 3221 3668 3404 3043 2838 2283 4770 2924 4655 4960 4051 2257 2589 2205 3032 2151 3373 3642 3082 3581 1938 5063 2989 3588 3476 3269 3470 2206 4423 2188 3023 3719 2471 4375 2883 2242 4264 3387 3090 2286 4339 2883 3156 4398 4507 4526 4435 2666 4953 3095 3340 4801 3635 5090 2724 2494 2662 2226 2677 3023 2899 3841 3127 1922 4503 4964 2830 2223 3975 3547 4749 3434 3069 4463 2945 4245 4299 4733 2856 3752 2419 4106
4474 3930 2806 4920 3200 2620 4027 3725 2533 4221 2451 3170 4192 4331 3284 4719 2071 4062 4960 2586 4867 2444 3780 4205 3891 2946 3590 4866 4509 4409 3449 2115 3138 3548 5043 4761 2858 4624 2240 4551 3411 4405 3642 2595 4569 2466 3952 3984 3102 4445 2533 2835 2494 2415 1976 2609 2774 3115 4673 3349 4151 3207 2521 3330 3004 4350 4054 3354 4611 2696 2868 4788 2700 4336 2642 4574 2866 4242 4520 2039 2441 4291 2769 3093
3300 2370 4569 3703 2530 2654 5039 3336 3792 3439 3824 2638 4703 3279 3033 2962 4753 1945 2080 3526 2534 2528 4059 3904 2439 4668 4805 4708 4574 3685 2810 3543 2846 3487 4296 4724 3114 2033 4766 4687 4223 4454 3111 2914 2294 4361 4432 3669 4210 3777 4261 4340 2201 2137 4934 2172 2699 2135 2909 2936 4190 2518 3502 5039 2915 4790 2657 4716 3011 2171 2532 3645 4437 2484 2740 5076 2044 2710 3980 2351 4439 4651 3274 2897
4377 3576 3774 4724 3183 3878 2604 4533 3560 5008 3490 2536 2083 4216 4929 2816 4163 2508 3487 2214 3394 4188 3537 3664 1986 4985 4997 4097 3507 2955 4779 3731 3765 3494 4995 2598 3143 2570 3268 3462 2444 3739 4331 2206 2135 4188 4207 3139 3226 3163 3384 2433 4222 3560 2315 5075 2981 2164 2344 2833 2712 3801 3669 4815 4068 4923 2813 4315 3145 4260 4630 3555 4706 2929 3483 3365 3860 4472 4580 2053 3261 3258 2854 4000
2301 2990 3389 4006 3150 3279 4502 2621 1952 4392 4484 2029 4665 3079 2763 2810 3560 2332 3763 4808 2167 3341 4876 2348 3496 3132 3575 2398 3939 3072 2077 2291 2036 2979 4441 2177 2641 2574 4343 4697 4898 2373 4196 3027 4424 1955 2076 3677 2807 2034 3411 4797 5037 3002 2569 4976 2149 3583 2195 3717 3158 4832 4860 3353 2138 2652 2569 2690 4491 4717 4001 3507 4229 4469 4240 3532 3041 2244 2310 3026 3403 3189 4139 2870
2529 1962 3981 4409 3275 4758 4157 2500 2420 4681 3779 2007 3680 2351 2832 4566 4554 3706 3656 2593 2271 4122 2615 3979 4615 4832 4673 3188 4635 4379 2184 2479 2142 2204 3080 4481 4649 4593 1969 2742 3894 2862 5014 1996 2356 4624 4315 2344 5088 4210 3365 2840 3282 2828 2833 3333 3452 4065 4534 2259 4020 2323 4458 1945 3886 2522 2610 2329 2824 4168 2681 2830 2111 2666 4317 5042 3442 2597 2712 3132 2976 2688 4425 2220
3399 2343 2963 3948 3099 3936 4285 2820 4977 3384 3867 4876 4711 2042 4480 4000 4622 3882 2688 2555 1939 4245 4532 3943 3593 4824 2023 3932 4519 4926 2533 3924 4823 4412 3341 3514 4604 2834 4301 2876 2718 4924 3279 4433 3510 4542 2939 2586 4610 3470 5084 4352 4574 2646 4587 3279 4819 3179 4697 2331 4611 3804 3345 2591 4560 3256 3155 3741 4365 2763 2681 2861 2968 1955 4163 2946 2710 3134 3939 4938 3418 3082 4188 4124
4087 3182 2165 1949 5053 3517 3223 2390 4167 3053 2401 2687 3942 2517 3770 2252 2404 2430 4406 4045 1965 4446 2880 2003 4061 3654 4746 2068 1962 2928 3093 3278 4847 2243 4528 4068 1944 4928 2659 3129 3399 2216 2342 3924 2190 5070 4215 4800 2581 3521 4247 4559 3289 2731 4004 1948 3959 3971 4095 2974 4850 4119 2239 2540 3318 2839 3012 2898 3974 4706 4395 3290 3449 2629 4026 2433 4362 2018 3709 4963 3802 4586 4721 3684
3269 2182 4124 3247 3839 3423 4729 2091 2354 4560 3760 4684 3375 3190 4010 2308 4659 4314 3968 3792 3187 2898 4618 4204 4857 2267 4769 1989 3422 3268 3377 4870 4524 2499 3453 4190 2309 3518 1960 4994 2732 4491 2065 4247 3004 2579 3929 4458 1932 4931 3389 3466 3909 3332 2987 2263 2294 2467 3286 4367 4795 3594 4471 4067 4094 4442 4611 3098 4228 2409 2983 2785 4435 2688 1986 3753 2975 4297 3999 4634 1935 2947 4948 4258
2273 2287 3605 4838 2491 1934 4881 4838 3132 3986 3181 2738 2543 3827 2096 3579 3843 2325 4938 4462 3893 4712 4440 5049 2947 4295 4853 3744 2354 4862 3439 2142 4648 2536 2326 2399 2328 3667 4484 3802 4870 2214 3210 3338 3576 3403 3532 3956 3775 2752 2235 3184 2021 4333 2838 4784 3779 2779 2152 4762 3459 2775 2735 1923 2844 2276 2346 3492 2078 3875 2240 4394 4123 2179 4807 3929 3306 2068 2142 3386 3437 2837 3129 3814
2465 4652 4195 4330 2091 3303 2164 3188 2864 4055 4135 4646 4349 3093 1982 5026 4878 3026 4903 3522 4471 2430 4208 4731 2263 2821 3651 2495 3708 4842 4729 2616 1939 3730 1926 4697 2007 3702 3883 2889 4637 4222 4451 2826 4702 4529 4113 4905 4810 4153 2137 4638 2954 4811 3741 2067 4988 4559 2467 3773 4871 2991 3937 2308 3131 2837 3134 4242 2136 2456 4767 3723 3377 2311 2521 3854 4172 2535 2853 2028 3114 2403 4763 2506
