86 110
59 1227
4061 4244 4482 4021 4088 4035 3968 3875 4009 4166 3785 4277 4709 4351 4215 3811 4626 4144 4163 4642 3801 3985 4008 4161 4044 3841 3793 4150 4678 4109 4504 4107 4418 4159 3952 4733 3796 4768 4575 4600 4543 4703 4674 3896 4484 4132 4214 4100 3839 3986 4246 4260 4194 4318 4495 4681 4029 4498 4204 4153 3796 4411 4617 4314 4215 4443 4246 4613 3819 4071 4643 3983 4138 4403 4389 4145 4286 3868 4262 3988 3932 4691 3989 4360 4608 4202 4343 4639 4217 3882 4158 4509 4725 4264 4710 4297 4018 4356 4544 4420 3889 4566 4033 4568 4278 4500 4479 4594 3841 3931
4410 4020 4727 4514 3867 4493 4556 4539 4657 4312 3828 4664 4388 4371 4729 4421 4030 4329 4747 4452 4712 4035 4698 4028 4231 4173 4029 3955 4543 4114 4165 3932 4551 3794 4296 4250 4726 4517 4591 4596 4721 4546 4290 4401 4143 4049 4214 4547 4493 4248 4659 4120 4582 4740 3933 4361 3913 4610 4015 4395 4540 4319 4188 4450 4606 4388 3974 4270 4668 4255 4293 4544 4585 4564 3962 3850 4624 4483 4071 4001 4028 3999 4351 3852 4422 4626 4071 3926 4291 4037 4098 4584 4590 4212 3933 4562 3932 4345 4675 3984 4068 4086 3875 3857 4720 4675 3816 3797 4545 4392
4051 4170 4747 4151 4712 4156 3935 4195 4650 4758 4707 4724 4302 4101 4520 4221 4120 4509 4171 3949 4109 4559 3807 3834 4180 4612 4315 4768 4390 4010 3856 3919 3990 3954 3786 4378 4696 4664 3847 4042 3845 4632 3999 4695 3966 3954 3996 4534 4705 3980 4485 3919 3841 3944 3870 4217 4692 3843 4245 4163 4203 3828 3984 4366 4162 4468 4583 4527 4135 4243 4459 4067 4232 4057 4273 4175 4236 4387 3899 4524 4687 4193 4600 4147 4555 4363 3804 3795 4404 4423 4350 4062 4002 4467 4538 3895 4076 4027 4067 4535 3888 4034 3980 3954 4261 4171 4705 4031 3983 4622
4092 4380 4686 3847 4603 4232 4582 4300 4392 4407 4520 3975 4711 4322 4551 4079 3844 4602 4135 4133 4034 4446 3996 3832 4564 4125 4655 4506 4234 4748 4691 3912 4597 4334 4158 4501 3815 3858 3812 4192 4595 3830 4162 3986 4124 4555 4011 4009 4026 4049 4645 3964 4515 4468 4196 4048 4692 4198 4189 4610 4475 4415 4304 4450 4021 4770 3985 4315 4045 4279 4343 4374 3929 4554 3805 3867 4184 4420 4543 4458 4726 4659 4484 3836 3865 4635 4124 4019 4329 4529 4384 4601 4365 3987 4764 4370 4762 3875 4756 4055 4028 4461 4082 4749 4526 3901 4424 4506 4338 4130
4701 4331 4106 4072 4361 4307 4434 4696 4313 4027 4199 4202 4079 4039 3930 3992 4550 3817 4110 4744 4381 4725 3851 4394 4269 4075 4062 4753 3989 4517 4472 4258 4727 4221 4716 4436 4340 4248 4709 4425 4270 3931 4279 3913 4663 3825 4101 4067 4012 4288 4201 4233 3970 4454 3826 4036 4060 4496 3807 4430 4126 4073 4764 4429 4702 4090 4521 4189 4467 4738 4264 4356 4656 4612 4758 3932 4312 4251 4369 3946 4276 4547 4699 4655 4666 4104 4445 4302 3979 3977 4073 3977 4527 4159 3836 4159 4136 4270 4415 4160 4543 4190 3825 4206 4719 4207 4284 3963 4284 4769
4075 3995 4441 4240 4507 4380 3955 4583 4104 3832 4631 4204 4017 4130 4707 4284 4382 4392 4363 3991 4541 4038 4419 4675 4298 4238 4455 4720 4181 4407 4477 4405 4171 4078 4432 4372 3875 3804 4036 4248 3816 4663 4022 4719 4552 3964 3953 4652 4162 4381 4374 4381 4216 3793 3898 4203 4689 4235 4101 4221 3826 3978 4362 4138 4258 4027 4210 4199 4156 3878 4508 3797 4297 3911 3826 3845 4508 4281 4764 4495 4412 4080 3907 4542 4639 4236 4603 4192 4376 4536 4189 3998 4399 3937 3966 4247 4035 4046 3974 4728 4677 4137 3932 4105 4448 4146 4421 3902 4654 4677
4108 4749 3959 3799 3807 3879 4656 3823 4498 4763 3893 4183 4357 4692 4287 4118 4549 3858 4421 3966 3880 4350 4741 4412 4488 3824 4517 4335 4640 4660 3820 4248 3820 4451 4105 3883 3944 4596 4215 3821 4213 4623 4402 3982 4341 4144 4085 3998 3958 3849 4126 3782 4048 4335 4667 4758 4671 4284 4526 4728 4600 4343 3975 4101 4048 3936 4462 4185 4039 3857 4615 4147 4220 4625 4717 4502 4378 3805 4354 3878 3845 4338 4470 4655 4517 4066 4152 4615 4146 4540 4330 4501 4713 4443 4341 3801 3914 4029 3889 3797 4564 4597 4538 4609 3830 4725 4216 4165 4008 4348
3839 4162 3911 4352 3825 4207 3883 4094 4306 4771 3990 4073 4747 4230 4377 4503 3978 4311 4623 3941 3917 4751 3974 4500 4160 4197 4505 3860 4290 4200 4057 4248 3832 4748 3887 4139 4505 4579 4361 4260 4371 4323 3866 4309 4304 4537 4069 3901 4026 3815 4503 4499 4658 3818 4657 4453 3886 4374 3967 4440 4515 4349 4063 3853 4524 3926 4663 4772 4421 3991 4025 4645 3803 3800 4723 4469 4287 4225 4036 3900 4469 4607 4627 4381 4276 4752 4678 3863 4284 4131 4145 4472 4562 3860 4527 4743 3974 4306 4458 4257 4298 3997 4687 4176 4345 4686 3967 3933 4213 4309
4572 4466 3933 4725 4315 3953 4202 4401 4312 4543 4440 4736 3819 3851 4670 4728 3802 3835 4095 4309 4029 3864 3965 4720 4095 4187 4607 4392 3876 4164 3909 3786 4659 4751 4056 4092 4574 4204 4322 4589 4064 4178 4662 4645 4384 4419 4381 3883 4367 4547 4392 4760 4167 4049 3884 4612 3865 3996 4675 4143 3970 4020 4483 4205 4525 4197 3932 3849 4463 4118 4214 4681 3947 4515 4494 4134 3902 4022 4389 4505 4173 4202 4470 4742 4701 4751 4017 4070 4052 4677 4542 4125 4610 4493 4705 3834 3884 4069 3808 4048 4259 4487 3959 4194 4595 4297 4502 4372 4158 4373
3976 3992 4513 4299 3900 4156 4114 4445 3964 3918 4487 4426 3838 4769 4128 4313 4496 4418 4280 4268 3897 4579 4339 4023 3931 4722 4107 4539 4505 4449 4532 4504 4568 3935 4003 4666 4530 4198 4220 4401 4742 3890 3908 4772 4341 3824 4334 4276 4074 4759 3912 4008 4119 4438 4719 4311 4082 4672 3911 4258 4144 4008 4502 4080 4648 4444 4260 4235 4744 4441 4293 3811 4570 4417 4662 4448 4222 4484 4161 4560 4417 4019 4185 3791 4689 3842 4718 3869 3924 4389 4282 4471 4020 4185 4438 3920 4718 3942 4762 4747 4342 4687 4558 4608 3801 4307 4222 4056 4071 3976
4359 4447 4621 4639 4561 3954 4731 4694 4223 4153 4725 4312 4146 4181 4242 4298 4678 3951 4579 4051 4024 4536 4486 4184 4356 3938 4552 4252 4205 4767 4641 4568 4124 3919 4085 4061 4527 4333 4263 4042 4601 4069 4422 4526 4562 4677 4030 4493 4733 4064 4601 3858 4559 4353 4377 4389 4574 3931 4006 3792 4406 4288 4332 4674 4207 4033 4605 3799 3873 4742 4718 3788 3886 3888 4606 3829 4127 4038 4146 3825 3948 3862 3869 3996 4155 3925 4381 4145 4685 4574 3812 4609 4394 4639 4498 4058 4662 4771 4525 3876 3870 4288 4733 3889 4436 4107 4402 4545 4436 4479
4604 4281 3882 4422 4394 4672 4137 4591 4233 4649 4586 3902 3866 4129 4029 4256 4398 4696 4391 4294 4193 4151 4505 4768 4552 3862 4155 3927 3956 3948 4740 4274 4053 4328 4742 4484 4207 4471 4078 4163 4234 4745 4544 4146 4563 4361 4456 4768 4590 4434 4373 4162 4520 4517 4677 4427 4522 4066 3811 4251 4305 4168 4387 4581 4490 4635 4122 4738 4068 3797 4705 3782 4120 4768 4651 4398 4679 3854 4092 4470 4009 3994 4043 4715 4604 3907 4763 4072 4693 4020 3824 3886 4137 4133 3882 4601 4630 4452 4275 4248 4573 4742 4209 4102 4713 4031 4576 4384 4011 4028
4744 4074 4593 4602 3977 4016 4170 4195 4391 4333 4025 4408 3970 4519 4425 4317 3904 4632 4747 3927 4113 4760 3981 4008 4438 4089 4366 4317 4684 4708 4630 3825 4555 4185 4287 3797 3872 4649 4231 4249 3875 3827 4749 4552 4005 3837 4520 4380 4291 4734 3962 4555 4574 3955 3945 3817 3973 3860 3903 4210 4708 4106 4757 4599 4016 3990 4640 3796 4380 3883 3978 4093 4158 3849 4039 4277 4566 4060 4535 4130 4459 4279 3800 4497 4175 4701 4573 4703 4076 4299 4647 3980 4740 3913 4352 4168 3917 4758 3854 4722 3869 4301 4163 4576 4303 4138 4723 4561 4287 3931
3822 4087 4127 4319 3968 4664 4638 4081 4078 4000 4646 4338 3851 4256 3927 4051 4268 4021 4280 4295 4405 4290 4245 4761 4109 4404 4525 3811 4304 4695 4665 4144 4606 3799 4159 4163 4283 3870 4690 4765 4157 4158 4166 4192 4365 3785 4278 4406 4271 4282 4042 4195 4562 4150 3885 4744 4502 4558 3818 4327 4422 4274 4726 4173 4125 3915 4472 4128 4323 4276 4591 4698 3819 4427 3932 4452 4040 4720 4339 4367 3896 3806 4491 4637 3891 3935 4162 3828 4533 4003 4120 4204 4757 4571 3855 4516 4344 4441 4478 4060 4622 3979 4189 4503 4359 4220 4538 4407 4656 4752
4737 3886 4760 4033 4628 3851 4626 4693 4106 4071 3963 4647 4556 4107 4707 3785 4116 4179 4146 4644 4618 4472 4104 4345 4085 4040 4326 4299 3902 4646 4665 4314 4149 4137 4078 4210 4281 4598 4156 3947 4241 3866 3836 4400 3959 4470 4082 4454 4697 3933 4047 4073 3914 4480 4621 4658 3918 4193 4221 4417 4146 4460 3801 4200 4584 4211 4263 3809 4565 4770 4649 3995 3990 4543 4434 3982 4754 4444 3794 4114 4690 4230 4650 3964 3926 4401 4499 3976 4756 3899 4250 4475 4243 4634 4674 4646 4197 4031 4120 4709 3925 4154 4015 3820 4671 3827 4361 4405 4719 4594
4721 4440 4275 4122 4152 4269 3939 4276 4545 4685 4323 3909 4313 4616 4203 3936 3980 4204 4136 4736 4079 4728 4074 3953 4697 3937 3855 4314 4031 3809 4035 4594 4333 4691 3795 4464 3950 4308 4195 4097 3997 4253 4014 4086 4682 4417 3988 3868 3936 4363 4604 4527 4524 4297 4045 4543 4136 4642 4047 3926 3900 4602 4638 3886 4367 4690 4159 4633 3963 3903 3978 3956 4459 4676 4003 4258 4069 4150 4001 3930 4476 3804 3842 4281 4373 3945 4496 3892 3846 4743 4214 4723 4446 3932 4730 4597 4211 4555 4720 4299 4598 4618 4587 3794 4452 4412 4628 4153 4664 4317
3879 4240 4307 4082 4034 4182 4269 4364 4394 4357 4714 4133 4213 4300 4273 4662 4393 4316 4743 4175 4732 4090 4246 4096 4185 3964 4575 4726 3940 4462 3929 4135 4218 4623 4027 4541 4020 4378 4383 4364 4526 4298 4746 4461 4199 4588 4525 3941 4281 4634 4488 3864 4212 4538 4710 4030 4202 3807 4079 3816 3800 4510 4637 3911 4201 4210 3936 4692 4525 3930 4512 4505 4460 4626 4501 4630 4289 4239 4263 4308 3879 4005 4130 4047 4526 4288 4643 4112 4182 4405 4424 4734 3786 3799 4121 4569 4019 3945 4760 4138 4388 3848 4745 4587 4384 4690 4164 4438 3788 4322
4174 3836 4358 4682 3913 4567 4700 4666 4191 3793 3977 4043 4666 4216 4365 4303 3969 3978 4640 4744 4284 4306 3813 4313 4099 3985 4726 3811 4554 4704 4069 4349 3905 4267 4227 4324 3859 4728 3924 4711 4458 4146 4254 4535 4543 4195 4057 3802 4420 4524 3883 4450 4030 3810 3818 4353 3915 4546 4421 3987 4541 3843 3901 4726 3817 4667 3928 4453 4276 4176 4195 4561 4731 4230 3938 3826 4038 4248 4254 3878 4351 3995 4099 4238 4429 4401 4265 4019 3991 4718 4093 3805 4615 3862 4329 4637 4093 4601 4211 4515 4453 4198 3909 4049 4392 4259 3956 4198 3944 4064
3947 4489 3869 4452 3967 4730 4225 4238 4204 4387 4496 4367 3996 4743 4234 4688 3994 4424 4559 4582 4332 4586 4116 4572 4528 4566 4513 4412 3899 3989 4373 4539 4191 4702 4499 4675 4181 4257 4306 4681 4085 4582 4758 3990 4492 3798 4685 3907 4136 4523 3871 3847 4442 4502 4338 3805 4395 3898 4543 4708 4433 4099 4609 4567 4233 4278 4029 4611 4281 4563 4082 3810 4013 4753 4280 4049 4712 4690 4499 4093 4646 4350 4112 4762 4527 4468 4505 4063 4503 4363 4302 4337 4081 3921 4358 4586 4283 3939 4645 4763 4571 4645 3984 4706 4713 3895 4581 4704 4159 4756
4037 4541 4523 4745 4734 3984 4476 4257 4571 4244 3783 4137 4425 4305 4447 4016 4364 3881 3980 4569 4072 3942 4590 4525 3877 4197 4163 3814 4631 4175 4012 4142 4020 4462 4389 4523 3842 4607 4537 4009 3986 4661 4166 4024 4067 4065 4510 4716 3798 4547 4523 3916 4758 3786 4368 4060 4258 4440 3819 4287 4357 4277 4633 4475 4666 4010 4167 4121 4004 4213 4402 4290 4228 4017 4242 4054 4333 4624 4152 4262 4461 4018 4496 4652 4099 4425 4709 4393 3807 4309 4308 3885 4058 4546 4032 4128 4649 4768 4140 4153 4512 4111 4581 3782 3888 4608 4759 4026 4768 4246
4074 4772 3816 4649 4173 4120 4415 3790 3988 4391 3815 4043 4370 4511 3988 4751 3955 4128 4123 4454 4167 3793 4558 4727 4103 4641 4041 4407 4175 3917 4170 4735 4094 4616 4186 4408 4380 3870 4548 4399 3998 4740 4604 4305 4764 3799 4382 4429 4459 4362 4669 4180 3813 3784 4698 4069 4673 4296 4671 4131 4620 4648 3937 4551 3855 3997 4219 4724 4138 4687 4641 3845 4706 4700 4037 3936 4036 4511 4044 4403 4720 4682 4262 4181 4320 4759 3927 4336 4592 4500 3946 4192 3964 4670 4507 4702 4689 4595 3800 3828 4013 4484 4594 4188 3800 4095 3962 3809 4064 3889
4319 4147 4391 3970 3950 3850 4392 4085 4706 4202 4706 4469 3964 4380 3804 3915 3980 4312 4725 4750 4617 4204 4540 3981 4351 3948 4489 4101 4341 4683 4451 4761 4026 4287 4630 4128 4028 4409 4280 3857 4649 4680 4239 3843 3816 3791 4384 4601 4451 4521 4044 4500 4297 3951 3911 4128 4009 4649 4333 4348 4452 4248 4703 4370 4636 4557 4374 4180 3954 4001 4734 4544 4703 4509 4234 3884 3880 4263 4470 4416 4345 4647 4532 4765 4608 4042 3846 4721 4765 4682 4221 3963 3802 4123 4618 4748 4501 4463 4572 4566 4285 3980 4624 4471 4059 4700 3851 4298 4708 4356
4305 3924 3971 3784 4024 4122 4167 4350 4456 4466 4015 4320 4424 4025 4367 4385 3831 3997 4571 3870 3964 4507 3954 4664 4766 3914 4591 3928 4601 4106 4030 4462 4365 4646 4402 4028 3886 4418 4598 4661 4225 4475 4209 4663 4383 4456 4403 3811 4124 4216 4449 4199 4231 3792 4511 4174 4354 4169 4239 4458 4248 4068 4577 3870 4502 4562 4029 4276 4718 4622 3997 4455 3787 4381 4059 3861 4096 3962 3970 3925 4075 4694 4758 4456 4372 4209 4616 3951 4141 3792 4276 4767 4631 3857 4417 4615 4200 4675 3794 4043 4455 4011 4393 4041 4405 3915 4099 4605 3800 4577
4231 4169 4604 3969 4633 3884 4152 4557 4435 4358 4115 3819 4232 4081 4255 4703 3894 4604 4367 3824 4202 4337 4364 4722 3999 4491 4533 4220 4438 4717 3896 4341 4058 4213 3834 4759 4306 4264 4162 4448 4024 4396 4233 3861 4325 4243 4152 4702 4115 3955 4357 3859 4146 4283 4283 3986 4386 4325 4638 3907 4015 4439 4153 4494 4746 4559 3806 4677 4097 4243 4492 4594 4072 4495 4484 4288 3812 4023 4353 3883 3977 4671 4153 3894 4654 4159 3900 4540 4499 4422 4232 4721 3932 3847 4306 4405 4242 4550 4483 3938 4110 4675 3815 4609 3838 3786 4630 4060 4175 4337
4703 4502 3792 3896 4099 3795 4228 4681 3914 4462 4188 4618 4382 4734 3925 3966 4462 4325 4231 3956 3889 4575 4598 3880 4739 4476 4206 4745 3798 4736 3809 4215 3903 3891 4699 4362 4308 3800 4104 4601 4405 4441 4053 4604 4130 4702 4298 3948 4488 4339 3990 3843 4163 4155 4139 4563 4347 4407 4450 4261 4658 4476 4523 4444 3987 3898 4507 4336 3873 4164 4022 4634 4691 3951 4531 4152 4217 4289 4724 3967 4022 4240 4211 4306 4583 3994 4447 4511 4320 4712 3927 4276 4162 3916 4322 3794 3918 4243 4614 4763 4355 3809 4632 4002 4185 4608 4044 4270 4283 4576
4711 4624 4064 4181 4697 4429 4575 4764 3971 4056 4322 4677 4349 4196 4246 4385 4219 4433 3944 4128 4082 4705 4390 4713 4685 4204 4252 4359 3956 4145 4067 4300 4465 4177 3783 4748 3960 4113 3819 4077 4084 4543 4379 4350 4748 4306 4106 3883 4069 4204 4346 4654 4115 4116 4547 4138 4423 4604 3981 4755 4149 4312 3809 4217 3886 4086 4440 4178 4710 4488 3988 4325 4031 3803 4547 4674 4723 3816 4428 4001 4156 3894 4523 4501 4502 3976 4649 3934 4463 4118 4735 4732 4395 4690 4643 4448 3976 3928 4683 4571 4209 4267 3964 4568 4535 3844 4069 4302 4298 4603
4210 3796 4271 4191 4090 4575 3803 4172 4341 4728 3849 4551 3817 3798 4238 3833 4553 4429 4571 4771 4050 4567 4500 3982 3907 3966 4694 4400 3860 4504 4258 3815 4466 4128 4305 4548 4691 3948 4714 4030 4240 3882 4187 4230 4703 4525 4520 4032 4607 3957 4220 4078 4034 4284 4033 3937 4279 4159 3981 3921 3947 4010 4235 4061 3867 4653 4310 4272 3957 3981 4541 4558 4055 3877 4000 4035 4369 3903 4183 4440 4054 4241 4088 4561 4237 4343 4330 4129 4716 3967 4077 4319 3929 4545 3816 4081 4678 4380 4634 4668 4198 4686 4326 4557 4731 4707 4491 4342 4637 4702
4202 4311 3820 3890 3913 4218 3972 4133 3905 4535 4026 4706 3919 4043 4757 3981 4222 4237 4319 4022 4612 4249 3972 3981 4413 4375 4464 3834 3856 3980 4073 4379 3922 3920 4014 3984 4259 4706 4228 4601 4736 4032 4620 3879 4131 4548 4374 4446 4454 4054 4130 4374 3927 4449 4192 4316 4593 4467 4328 4370 4288 4449 4432 4649 4772 4437 4048 3993 4211 4478 4185 4354 4412 4108 4643 4640 4577 3879 4136 4333 4405 4560 4229 4492 4025 4510 3821 3948 4479 4384 4373 4751 4311 3783 4139 4222 4315 4480 4619 3874 4660 4538 4636 3869 4064 4241 4330 3839 4695 4353
3968 3984 3998 4091 3922 3986 4068 4081 4162 4207 4526 3984 4146 3801 3808 3949 4296 4147 4708 3903 4553 4611 3961 4397 3966 4595 3915 4603 4664 4761 4608 3883 4157 4440 4054 4263 4711 3957 3978 4257 3918 3871 4218 4277 4687 4130 4212 4365 3992 4593 4310 4298 4011 3854 4531 3859 3959 3842 3907 4527 4357 4127 4747 4122 4706 3864 4627 4482 3917 3886 3842 4620 4523 4203 4466 4194 4227 3947 4481 4026 4056 4628 3816 4527 3866 4435 3929 3829 4722 4178 4395 4654 4732 4426 3917 4249 4178 4419 4032 4238 4165 3819 3841 4608 4615 3787 3893 4746 4733 4416
4456 4200 4243 3888 4037 4590 3955 4463 4441 4242 4204 3971 4462 3796 4629 4555 4126 4453 3963 4596 4698 4592 3963 4357 4533 4404 4767 3952 4740 4070 4500 4019 4620 4546 4194 4152 4679 3885 4353 4267 3823 3826 3896 4135 4005 3899 3913 4500 3854 4111 3952 4246 4211 4644 4096 4555 4444 4634 4411 4207 3975 4231 3838 4572 3954 4079 4186 3868 4100 4395 4637 4327 4556 4368 4393 4298 4414 3918 4734 4738 3923 3817 3812 4639 4672 4125 4717 4218 4000 4228 4122 4224 4294 4098 4420 4494 4195 4046 4462 4086 4652 3794 4284 4048 4199 4191 3951 4646 4271 4611
4441 3806 3867 4394 4492 4298 4592 3855 4028 4449 4569 4267 4517 4047 3800 3949 4237 4411 4594 4389 4043 4246 4629 3807 3861 4053 3852 4690 4157 4013 4495 4399 4390 4161 4640 4388 3874 4230 4093 4491 4502 4205 3931 3814 3994 4210 3861 4372 4634 4660 4634 4635 4752 4080 4467 4676 4435 4463 4373 4451 4116 4565 4464 4173 4250 3808 4057 4493 4691 4680 3991 4611 4342 4512 4055 4156 4423 4612 4493 4658 4396 4473 4493 4138 4555 4344 4311 4434 4394 4311 4151 4346 3836 4211 4107 4006 4516 4748 4658 4442 4564 4412 3953 4599 4301 4066 4102 4618 3875 4276
4432 3802 4466 4055 4447 4329 3825 3976 3800 4185 3805 4319 4512 4342 3816 3801 4392 4399 4387 4124 4326 4471 4507 4518 4132 3958 4301 4621 3993 4298 4481 3830 4086 3806 4099 4700 4414 4639 4690 4267 4071 3867 4496 3987 4105 4647 3922 4281 4582 4423 4033 4002 4545 3911 4186 4493 4321 4140 4366 4405 3946 4514 4179 4538 4758 3929 4367 4420 4007 4114 3818 4154 3839 4126 4760 4431 4454 4642 4458 4649 3794 3925 4178 4433 4319 4587 4616 3851 4284 4050 4224 4587 4352 4559 4309 3994 4224 4528 4198 4641 4068 4167 4394 4393 4043 4443 4497 4615 4141 4340
4298 4001 4070 4623 4055 4511 4466 3978 4212 4461 4011 4408 4156 4710 4633 4227 4398 3786 3916 4587 4392 4107 4535 4314 4548 4391 4195 4266 4241 4075 4168 3903 3941 3980 3861 4501 4465 4613 4199 3910 4249 4050 4255 4576 4023 3960 4045 4402 3998 4285 3787 4269 4738 4044 4740 4637 4619 4305 4764 4536 3906 4752 4565 3943 4322 4739 3890 4298 3844 4366 4064 4640 4197 4355 3950 4625 4445 4660 3810 3886 4751 4705 4618 3954 4196 4385 4488 4065 4056 3802 4205 4701 3896 4263 4613 4559 4740 4546 4331 4370 4378 4082 4197 4747 3885 3901 4646 4512 4486 4338
4567 3954 4290 3827 4368 4520 4524 4571 4025 4128 4124 3977 4513 4176 4242 3885 3822 4641 4541 4685 4123 4597 3980 4642 4299 4434 4231 3955 3881 4036 4234 4131 3834 4008 3997 3905 4155 4236 4291 3815 4487 3821 4010 4160 4405 3999 3965 4206 4444 4560 4222 4742 3957 3823 4170 4179 4427 3924 4007 4305 4729 4212 4407 4345 4231 4268 4088 4579 4716 3982 4200 4454 4137 4086 3990 3853 4154 4513 4296 4131 4332 4316 4185 4216 4495 4300 3788 4355 4280 4543 3804 4302 4600 4250 4036 4461 4203 4396 3949 4203 4120 3809 4071 4646 4045 4178 4501 3782 4067 3782
4244 4380 3824 4555 4001 4282 3990 4741 4484 4439 4386 3943 4768 4518 4181 4632 3971 3858 3802 4350 4460 4335 4300 4664 4084 4758 4587 4572 4763 4637 4287 4586 4518 3790 4475 3892 4594 3905 4357 4621 3848 3916 4576 4572 4714 3846 4453 4631 4300 4599 4171 4250 4683 4321 4448 4422 3852 3860 4058 4664 4157 4235 4653 4599 4191 4270 4509 4083 3893 3805 3978 4441 3789 4623 4645 4541 3939 4253 4188 3948 3955 4475 3979 4719 4505 4335 3786 4615 4025 4172 4551 4526 3950 3995 4251 4620 4430 4656 4687 4280 4204 4263 3841 4001 4673 4062 4425 4116 4743 4491
4106 4687 4418 4293 3966 3829 4045 4442 4151 4710 3954 4372 4493 4677 4581 3848 4248 4500 4580 3948 4355 3926 4445 4146 4182 4400 4057 4136 4639 4383 4581 4477 4427 4370 4088 4558 4262 4315 4248 4554 3906 3865 3819 4032 3801 4142 3951 4418 4580 4710 4088 4556 4274 4027 4354 4272 4605 4450 4078 3874 4724 4357 4763 4489 4684 3914 3912 4683 4159 4250 4630 4605 3962 4376 3963 3879 4134 4616 4611 4579 4106 4568 4282 4555 4650 4549 4755 3897 4147 4387 4341 4056 4479 4263 4334 4641 4639 4205 4415 3984 4164 4518 3895 4508 4597 4085 4306 4410 4353 3873
3929 3898 4090 4416 4138 3902 3870 4709 4666 4570 4069 3819 4025 4232 4059 4171 3938 4219 4610 4713 3897 3923 4248 4716 4076 4328 4076 4767 3873 4110 4006 4336 4129 4027 4372 4169 4398 4050 3850 4684 4248 4689 4072 4366 4374 4453 3862 4437 4538 4394 4161 4407 4330 4612 4254 4007 4136 4173 4073 3923 4552 4597 4131 3845 4626 4600 4297 4302 4766 4162 4697 4015 4696 4742 4686 3783 3839 4413 4642 4011 4601 4386 4211 3815 4221 4343 3878 4362 4323 4446 4105 4255 4717 4550 3883 4694 4345 3955 3848 4129 4527 4097 4101 4262 4592 4186 3892 4093 4069 4487
4151 3977 4685 4570 4652 3952 4748 4740 4162 4488 4657 4721 3798 4727 4145 4403 3833 4057 4084 3917 4614 3798 4440 4350 4153 4577 4206 4566 4672 4239 4634 4032 4265 4135 4586 4506 4286 4549 4680 3835 3877 4373 4068 4476 3856 3798 4637 3825 3930 3901 4684 4478 3800 3941 3854 4246 3990 4338 4690 4019 4145 4394 4539 4296 4390 4459 4002 4295 4064 4511 4528 4114 4327 4575 3892 4015 4295 3877 4459 4239 4680 4570 4101 3816 3923 4184 3999 4017 3852 4147 4331 4288 4628 4162 4147 4361 4683 3953 3917 4554 4575 4232 4393 4729 4151 4679 3791 3871 3851 4350
3886 4651 3920 4131 4768 4112 4362 4301 4222 4112 3944 4178 4423 4632 3971 4175 4315 4550 4745 4626 3963 3871 3991 3870 4654 4462 4718 4122 4304 4675 4653 4116 3830 4372 4334 4650 4703 4012 4402 4566 4164 4032 3971 4105 3972 3885 4752 4168 3818 4220 4210 4440 4132 4048 4219 3886 4212 4123 3807 4679 4037 3792 4366 4415 3837 3868 3888 4325 4750 4760 4479 3842 4424 4563 4401 3909 4142 3952 4364 4053 4043 4410 3801 4541 4122 4666 4031 4238 3786 4539 4313 4521 3936 4498 4404 3884 4024 3832 4745 4361 4388 4674 3812 3786 3925 4412 3816 4448 3807 4125
4589 4754 4628 4411 4275 4406 4525 4684 3951 4529 4650 4539 4276 4433 4572 4355 4412 3892 4275 3999 4404 4012 3925 4478 4687 4577 4452 3962 4600 3853 4197 3804 4204 3993 4640 3946 4697 4724 4635 4151 4459 4718 4486 3830 3877 4439 4715 3994 4410 4264 3910 4542 3902 4025 3833 4199 3808 4442 4198 4566 4410 4444 4122 4199 4467 3892 4314 4354 4312 4043 3856 4661 3903 4536 4371 4539 4000 4201 4546 4415 4253 3932 4134 4530 4574 4112 4222 4038 4584 4617 4089 4233 4248 4009 4744 4503 4091 3959 4637 4692 4104 4113 3870 4347 4482 3879 4100 3999 4566 3938
3824 3865 4218 4166 4265 4331 4616 3964 4248 4021 3795 4386 3973 4708 4276 4414 4275 4344 4062 4126 4251 4056 4631 4471 3936 4280 3880 4132 4618 3802 4541 4239 3787 3880 4423 4029 4386 4410 4304 4623 4284 4611 4380 4124 4514 3804 4308 4373 4673 3843 4421 4502 4743 4411 3971 3894 4550 4706 3972 4331 4665 3864 4106 3941 4456 4557 4155 4337 4545 4535 3817 4711 3808 4714 4568 3909 4232 4519 4374 4290 4749 3881 4171 3962 3896 3862 4470 3900 3786 3855 4355 3947 4718 4720 4210 4154 4095 4315 3934 4019 3900 4181 4358 4278 4186 4192 4599 4312 4128 4535
3952 4603 3878 4316 3876 4661 4091 4375 4270 4127 4120 3952 4650 4385 4114 3967 4644 3910 4380 4386 4692 4088 4742 4041 4449 4071 4571 4466 4682 4161 4301 4672 4075 4396 4771 4439 3870 4223 4298 4510 3864 4439 4421 4154 3934 4726 4128 4590 4439 4724 3838 4181 3910 4126 4247 4319 4171 4533 4019 4539 4525 4026 4501 4189 4480 4174 4157 3979 4051 4204 4185 3925 4107 4341 4519 4705 4668 4199 4422 3924 4637 4768 4012 4071 4110 4492 4705 4315 4368 3829 4384 4516 4336 4246 4761 4246 3815 4664 4093 3882 4087 4275 4378 4689 4568 4233 4340 3835 4079 4322
4027 4225 4204 3835 4030 4248 3895 4510 4088 3841 3920 3991 4395 3855 4356 4076 4165 3842 4269 3995 4609 4006 4346 4739 4546 4138 3922 4142 4444 4697 4757 4259 4249 4276 4249 3930 4238 4106 4067 4133 4491 3982 4729 4307 4719 3912 4390 4455 4011 4318 4686 4424 4188 4504 4694 4147 4325 4144 4439 4662 4090 4268 4126 4212 4394 4155 4663 4651 4555 3838 4087 4144 4407 4212 4032 3900 4281 4094 4224 4101 4038 4753 4216 4404 3994 4307 4439 4248 4308 3833 4076 4112 4439 4501 4059 4335 3849 3974 4441 4105 3881 4675 4563 4159 4744 3908 4186 4771 4074 3828
4718 4621 4549 4635 4284 4665 3827 4231 4374 4324 4261 4279 4307 4340 4686 4695 4352 4034 4229 4334 4662 4328 4445 4112 4163 4636 3865 3797 4085 3932 4615 4176 3870 4132 3902 4359 3833 4197 4318 4463 4200 3817 4114 4674 4276 4185 4661 4560 4102 4521 3802 4615 4191 3895 4284 4566 4481 4132 3996 4767 4493 4033 3858 4173 4263 4370 4514 4080 4157 4720 4145 4030 4447 4446 4036 4044 4141 4177 3897 4309 4159 4536 4048 3972 3976 4113 4441 4718 4253 4032 3903 3789 4242 4604 4431 4412 3961 4718 4076 4454 4667 4232 4276 4253 4556 4727 4021 4228 4492 4747
4533 3990 4286 4247 4228 3833 4133 4353 3815 4482 3822 4747 4090 3996 4760 4397 4355 4464 4750 4331 3819 4317 4546 4584 4043 3822 4393 4137 3835 3849 4041 3844 4121 4740 4343 4233 4102 4408 4685 4070 4635 3987 4295 4085 3846 4534 4278 4062 4667 4387 4629 3843 3952 4261 3922 3970 4284 4382 4650 4165 4007 4420 4629 3814 4538 4093 4093 3867 3790 3890 4367 4681 4012 4007 4570 4441 4145 4182 4030 3877 4195 4676 4328 4260 4375 4636 4756 4581 3938 3842 4540 4484 4108 4432 4705 4458 3792 3981 4451 4733 4110 4199 4322 4259 4581 4475 4761 4354 4014 3927
3901 4415 3964 4009 3959 3843 4109 3984 3942 4075 4497 4237 4091 4209 4001 3873 4328 4487 4099 4714 4580 3817 3929 4064 4471 3819 3908 4770 4157 4105 3892 4604 3927 4115 4654 4066 3926 3795 4581 4182 4757 3847 4703 4533 4564 4328 4443 4482 4057 4493 3990 4456 4080 4149 4129 4345 4106 3949 3964 4435 3995 4673 3928 3968 4463 4474 4055 3786 4470 4684 4474 4164 4500 4139 4730 4522 4734 4026 4581 3860 4747 4049 4755 4444 4628 3982 3839 4764 4075 4007 4506 4503 4293 4291 4301 4094 4357 3855 4426 4524 4209 4348 4288 4424 4127 4558 4314 4553 4336 4027
4701 4736 4113 3814 4272 4692 4365 4297 3812 4004 4008 4517 4727 3854 3786 4537 4038 4065 4746 4092 4497 4489 4377 4477 4035 4090 4770 4028 3953 4222 3867 4702 4212 4386 4002 4481 4677 3791 4305 4130 4035 4550 4413 4512 4645 3846 4069 4766 4569 4706 4493 4410 4398 4708 4254 3901 4282 4714 3825 4596 4375 4541 3858 3870 4732 3884 3851 4530 4452 4730 3915 4008 4467 4499 3800 4645 4573 3892 3876 4106 3865 4759 4459 3801 4517 4643 4215 4440 3905 4695 4198 4195 4694 4508 3945 4416 4271 4143 4514 3926 4283 3788 4341 4488 4106 4094 4529 4209 4139 4493
4737 4100 3892 4268 4238 3927 4059 4266 3999 3801 4476 4265 4147 4416 4048 4209 3797 4616 4122 4058 3840 4253 4229 3955 4256 4639 4432 4730 4444 3990 4712 3938 4461 4073 4132 4350 4301 4120 3932 3833 4445 4731 4272 4603 4073 4573 4591 4495 4042 4579 4018 4400 4598 3895 4117 4746 4478 4224 3911 4002 4587 4608 4135 3850 4187 4045 4036 4119 4228 4189 4086 3837 4043 4273 4134 4284 4606 3949 4012 4264 4546 3910 4585 4665 4375 4700 4476 4129 4072 3900 4285 4102 3925 4269 4571 3835 4161 4066 4154 4694 3838 4249 4488 4013 4546 4521 4059 4486 4167 4298
3864 4626 4423 4034 4032 4110 4755 4125 4532 4397 4118 4488 4487 4151 4296 4715 4188 3938 4533 4224 4067 4134 4626 3992 4033 3799 4651 3964 3898 4711 4181 4706 4485 4287 4594 4492 4183 3873 3913 4147 4683 4704 3954 3933 4279 4684 4731 3890 4630 3961 4165 3983 3791 4482 4433 3860 4085 4507 4324 4098 4054 4755 4189 4553 3790 4289 4371 4128 4565 4073 4291 4011 4691 4632 4593 4646 3910 4026 4486 4657 4323 4210 4134 4146 4629 4059 3891 4065 3796 4453 3841 4547 4622 3845 4756 4439 4097 4056 3878 3942 4031 4597 4731 4573 3948 4664 4241 4572 3936 4565
4248 4035 4443 4160 4149 4310 4549 4320 4465 4527 3802 4101 4042 4288 4430 4490 4237 4539 3989 3849 4344 4629 3890 4441 3971 4608 4539 4511 4315 4336 4608 4429 4265 4692 4617 4444 4699 4298 4058 3913 4690 4664 4116 4730 4068 4265 3977 4667 4254 4463 4061 3886 4512 4140 3845 4209 4750 4645 4735 4386 4074 4191 4631 4090 4233 4637 4037 4276 4179 4750 4098 3825 4112 4396 4251 4753 4497 4457 3993 4234 4348 4646 3821 4285 3954 4172 3967 4619 4754 4190 4103 4467 4079 4174 4124 3854 4398 3891 4039 4092 4458 4173 4589 4161 4292 3871 4418 4733 4406 4673
4653 4013 4692 4111 4660 4741 4255 4059 4348 4633 4737 4034 4617 4705 4252 3809 4634 4193 4588 4036 4283 4426 3866 4668 4413 4658 4060 4390 4728 4531 4700 3902 4183 4528 4164 4609 4627 4513 4062 4038 3861 4629 4237 4737 3862 4616 4227 4254 4495 3965 4659 4298 3994 3926 4599 4271 4154 3961 3855 4055 3866 4046 3932 4600 4531 3951 3862 4238 4591 4287 4100 4186 4724 4363 4399 4118 4609 4280 4515 4708 4589 4228 4098 4538 4214 4715 4530 4288 3959 4583 4683 4101 4721 4598 4392 4767 4718 4061 4710 4751 4646 4052 3876 4726 3892 4084 3901 4656 4234 3811
4487 4542 3785 4571 4482 4189 4038 4647 3807 4283 4531 4311 4273 4417 3996 4364 4240 4677 4319 4489 3844 4243 4398 3894 3854 3819 4039 4136 4162 3970 4593 4673 4200 4010 4685 4070 3786 4756 4508 3865 3928 4698 4438 4273 4229 4127 3786 4471 4370 3911 3934 4235 3908 4404 4750 3867 4726 4740 4573 4180 4054 4737 4446 4673 4405 4467 4698 4363 4110 3952 4522 3794 4326 4107 4317 4369 4393 3834 4235 4084 4534 4399 4467 4249 4282 4253 4041 4723 4508 4580 4268 4624 4399 3782 3798 4282 4768 3922 4509 3937 4615 4350 4198 4106 4710 3944 4380 4204 4388 4059
3995 4722 4636 4599 3870 4262 3841 4294 4167 4336 4360 4306 4305 4204 3872 4445 4055 3942 4712 3862 4174 4612 3839 4249 3945 4246 3849 3903 4156 4274 3925 4284 4268 4105 4753 4720 4497 3839 4350 4070 4068 3786 4018 3980 4593 4255 4219 4672 4752 4399 4567 4540 4379 4159 4113 4567 4090 4356 3971 4364 4574 4316 4205 4755 3978 3946 4201 3951 4375 4422 4021 4081 3980 4182 3848 4508 4396 3839 4508 3840 4727 4175 4616 4336 4122 4269 4498 4738 4444 4467 4362 4159 4236 4436 4219 4629 3858 4141 4375 3884 4334 4062 4683 4537 4032 4294 4041 4033 4146 4028
3787 4055 4507 4083 4328 3844 4613 4224 3960 3958 4537 4459 4749 4201 3876 4695 4377 4622 4215 3901 3927 4372 3785 4199 4352 4752 4004 4175 3843 4581 4501 3885 4355 4106 4311 3898 3791 4405 4588 4136 4075 4164 4584 3907 4549 4445 4275 4536 3994 4346 3942 4505 3795 4098 3895 4662 4388 4139 4155 4707 4710 4167 4171 4549 4532 4510 3870 4366 3856 4564 3808 4411 4201 4357 4505 4532 3813 4280 4653 4748 4079 4647 3870 4433 4677 3842 4335 3863 4398 4257 4655 3831 4492 4750 3816 4755 4504 4446 3938 3881 4156 3825 4114 4428 4325 4167 3788 3794 4607 4323
4069 4449 4014 3822 3947 4115 4669 4270 4356 3809 4426 4125 3860 4411 3849 4150 3996 4116 4767 4704 4117 4700 4016 4030 4002 4595 4273 4315 4138 4014 4204 3899 4183 4625 3945 4032 4286 4666 4340 4570 4491 4489 4404 3843 3845 3855 4204 3858 4771 4537 4258 3864 4430 3967 3797 4215 3932 4031 4357 4157 4455 4441 4473 4749 4654 4523 4247 4305 3831 4666 4028 3960 4055 4546 4636 4219 3955 4765 4563 4405 4198 3858 4267 4699 4282 4004 3817 4241 4120 4329 4078 4545 4125 4615 4670 4407 3842 4138 4010 4091 4156 3912 3909 4602 4507 4766 4534 4696 4298 3961
3844 4308 4645 4309 3992 3805 4154 3804 4697 4277 4296 3877 3814 4053 4158 4243 3822 4290 3844 4633 4664 4073 4336 3890 4714 3928 4495 4312 4662 3894 4270 4568 4220 3903 4431 4055 3796 4557 4442 4506 4382 4510 4414 3813 4252 4654 4411 3857 4158 4711 4142 3892 4308 4626 4092 4398 4377 4294 4034 3906 4431 4165 4578 4657 4337 4082 4084 4271 4599 3941 3853 4502 4486 3974 4270 4183 4517 4582 3978 4558 4574 4633 4591 4394 4308 4712 4626 4016 4422 4660 3883 4040 4667 3866 4554 3859 4465 4058 4687 4518 4379 4274 4556 4134 4202 4656 3950 3799 3967 4233
4032 4765 4522 4045 4542 4559 4743 4107 3793 3858 4233 4603 4382 4106 4455 4164 4045 3806 4305 4396 4592 4445 4524 3863 4737 4378 4155 4130 4434 3962 3984 3824 4461 4315 4683 4152 4175 4088 3877 4093 4386 4289 4472 4138 3984 4140 4491 3805 4038 4465 4452 4703 4619 4068 4004 4436 3984 3789 4334 3849 4428 4684 4720 4337 4589 4471 4771 4551 4498 4764 3837 4513 4197 3921 3869 4630 4083 4721 4120 3958 3910 4627 3878 4550 4112 4236 4206 4235 4446 3876 4567 4307 4116 4617 4570 4345 4237 4547 4216 3866 4570 3982 4138 4001 3903 4630 4342 4439 4189 4619
4103 4166 4127 4182 3844 4471 4285 4106 4426 3852 4198 4512 3853 4570 4250 3905 3896 3905 4385 4344 4647 4472 4263 4254 3999 4055 4401 4299 4215 4733 4511 4231 4451 4733 4589 4318 3986 4573 4608 3861 3939 3917 4321 4690 4668 4599 3893 3782 4067 3964 4322 3908 3840 4066 4764 4487 4393 4562 4648 4479 4297 3806 4427 4572 4138 4083 4638 3987 4038 3863 4523 4313 4493 4762 4023 4427 4419 4658 4724 3987 4244 4383 4763 3967 4218 3967 4157 3829 3813 3917 4157 4708 4554 4079 4732 4705 4687 4568 4711 4574 4238 4690 3958 3990 4162 4498 4320 4097 4394 3978
3888 4371 4087 4191 4139 4030 4678 4587 4019 4226 4287 4249 3934 4084 4206 4642 4675 4069 4029 4545 4345 3791 3784 4615 4661 4631 4435 4581 4148 3978 3920 4078 4512 4609 4414 4710 4548 4240 4410 4059 4756 3836 4176 4291 4677 3933 4354 4681 4530 3906 4144 4386 4235 4391 4101 4136 3993 4305 3985 4320 4327 4248 3814 4719 3951 4683 3817 4501 4692 4366 4684 4257 4374 4538 3854 4518 4419 4019 4608 4603 3936 3848 4346 3829 4118 3893 4466 4646 4026 4349 4755 3971 4651 3933 3806 4709 4403 4593 3843 4285 4558 4746 4104 4111 4464 4151 4327 4183 4328 4206
4216 3855 4157 4683 4241 3910 4035 3939 4113 4726 4039 4683 4431 4630 4755 4595 4453 4007 4007 3864 4478 3888 4688 4693 4461 4632 4752 4764 3857 4231 3884 4127 4772 4175 3844 4060 3937 4107 4049 4214 3843 3853 3993 4204 4759 4311 4630 3876 4090 4196 4701 4284 3893 4029 4742 4142 4293 3957 4457 4260 4639 3982 4713 4508 4403 4540 4193 4409 4424 3931 4330 3793 4013 3974 4220 4346 4416 4566 3975 4591 4723 4050 3840 4046 3992 4003 4739 3996 3880 4087 3892 3802 4268 4443 4325 4057 4637 4509 4716 3784 3828 4582 4682 4404 3834 3976 4748 3942 4155 3877
4501 4772 4633 4159 4016 4613 4666 4397 3937 3993 4393 4018 4586 4768 4416 4609 3875 4294 4591 3921 4694 3886 3998 4383 4676 4525 4131 3825 4123 4425 4571 4188 3861 4274 4039 4550 4630 4310 4245 3918 4335 4307 4064 3966 4018 4031 3868 3963 4044 4187 4737 3848 3899 4685 4117 4064 4518 4567 4311 4652 4028 4235 4763 3852 4354 4757 4588 4158 4113 4403 4147 4002 4070 3947 4000 4518 3915 4561 4619 4406 4669 4527 4651 4207 4454 4451 4652 3867 4236 4258 3945 4570 4261 4272 4072 4681 4688 4090 4450 4339 3850 4012 4020 4217 4088 3815 4089 3974 4065 3817
3812 4235 4513 4753 4280 3878 3952 4329 4187 4325 4167 4154 4022 4384 4394 3903 4571 4037 4266 3804 4282 4289 4385 3998 4159 4355 4373 3848 4707 4302 3886 4246 3900 4426 3884 4531 4389 3835 4650 4584 4245 4492 4613 4701 4711 4191 3898 4626 3814 4191 4105 4742 4041 4176 3997 4017 4146 4701 4021 4021 4556 4467 4351 4430 4006 4266 4765 4684 4325 4224 4269 4119 4399 3977 4319 4667 3896 4195 3921 4152 4343 4157 4261 4404 4514 4514 4027 4004 4004 3861 4204 4009 4209 4650 3823 4234 4341 3805 4701 4213 4199 4752 4740 4111 4062 4011 3980 4302 4252 4035
4602 4045 4495 4695 3912 3896 4406 4611 4399 3811 3928 4637 4616 4375 4608 3817 4594 4156 4223 4379 4292 4281 4350 4120 4046 4128 4658 4400 3931 4032 4261 4047 3854 3933 4440 4742 4560 4355 3968 4199 3881 4038 3862 4174 3848 4664 4749 3936 4373 4596 4593 3858 3911 3953 4356 4746 4116 4029 4542 4262 4005 4300 4290 4262 4514 4258 3974 3871 4523 4239 4749 4228 4381 4262 4196 4348 4437 3928 3789 3971 3795 4135 4170 4504 3965 3857 4359 4261 4656 4765 4409 4666 4538 3878 4401 4493 4105 3852 4244 4525 3857 4294 3962 4299 3938 4366 3896 4690 4048 3885
4152 3845 4000 4622 3896 4450 4239 4520 4066 4627 4153 3953 4727 4654 4047 4736 4099 3910 4277 4084 4591 4426 4439 4361 3952 4503 4588 4724 4462 4626 3835 3916 4279 4034 3850 4441 4014 3910 4539 4247 4547 4076 4033 3860 3949 4042 4119 4716 4579 4374 4471 4712 3919 4102 4551 4131 3978 4049 3916 3823 4403 4612 4698 4684 4077 4003 3950 4123 3875 3859 4247 3970 4323 3970 4373 4686 4719 4649 4457 3808 3952 4065 3885 3870 3813 4441 4543 3978 4663 4279 3957 4148 3835 3812 4347 4251 4098 4294 3956 4558 4648 3845 4174 3782 4723 3855 4214 3872 4303 4701
4275 4080 3871 4113 4136 3885 4297 4122 3953 3854 4147 3803 3807 4527 3903 4132 4687 4335 3793 4438 4343 4033 3834 4583 4691 4405 3876 4315 4364 4656 4160 4504 4464 4595 4701 3896 4307 4547 3983 4436 3793 4393 4107 4367 4512 4001 4332 4081 4082 4513 3912 3856 4300 4167 4192 4174 4354 4418 4560 4164 4463 4415 4059 3798 4236 3926 4730 4599 4749 4155 4355 4452 4722 4687 4601 4517 4451 4176 4349 4171 4172 4130 4764 4256 3909 4304 4212 4312 4527 4545 3914 4768 4053 4601 4206 4544 3818 4306 4181 3824 3878 3881 4482 4471 4389 3924 4204 4277 4004 4759
3809 4699 4575 4417 3788 3807 4470 4473 4139 4492 4493 3887 4192 3962 4171 4375 4306 4238 4745 4699 4446 3813 4305 4343 3932 4228 4705 4167 4691 4304 4249 4239 3987 3868 3894 4121 4411 4607 4150 4149 3922 4360 4235 4562 3852 4300 3888 4265 4695 4439 4658 4233 4039 3878 4574 4067 4680 4610 4636 4736 4366 4298 4458 3782 4283 4738 4261 4668 4394 4500 3989 3894 4393 3803 4223 4418 4482 3944 4242 4164 4753 4428 4038 4195 4742 4421 3788 3803 3988 4764 3849 4719 4014 4380 4118 4460 4184 4000 3811 4217 4520 3799 4526 4239 4315 3863 4700 4571 4147 4260
4579 4061 4281 4642 4426 4363 4080 4153 4261 3862 4091 3857 4219 4624 3997 3859 4080 3868 4406 4194 4351 4521 3880 3984 4296 4692 4064 4153 4156 4069 4178 4335 4605 3852 4574 4363 3850 4108 4433 4338 3842 4589 4362 4336 4160 4141 3901 3980 4039 4391 4046 3849 4276 4066 4637 4574 3905 3864 4045 4201 4748 4092 4216 4610 4657 3865 4249 4159 4659 3875 3979 4745 4052 4262 3934 4583 4218 4295 3959 4113 4050 4422 4082 4447 3801 4213 3903 4532 4588 4564 4307 4547 3911 4405 4471 4369 3920 4647 4600 4432 4673 4088 3847 3791 3794 4739 4163 3865 4594 4387
4160 4253 3872 3908 4666 4192 4439 4438 3905 4445 4119 4088 4070 4053 4665 4610 4321 3791 4115 4283 4047 4564 4586 4737 3805 4025 4525 3828 3789 4074 4255 4126 4723 4032 3823 4343 4532 4698 4291 4055 3866 3929 3996 4119 4634 4316 4506 3952 4043 4010 4489 4442 4472 4633 3938 4317 4381 3865 3898 4325 3894 4407 3858 3789 4453 4108 4523 4346 4694 3972 3802 4524 4436 4692 4561 4394 4099 4265 3939 3871 4007 4477 4391 4005 4230 4539 4754 4342 4288 4006 4018 3895 4145 4372 4614 4156 4767 4636 3914 4160 4213 4618 3851 4558 4043 3783 4612 4093 4025 3850
3839 4732 3824 4736 4647 4574 4617 4231 4187 4103 4120 3793 3805 4214 3850 4432 3816 3913 3934 4227 4262 4593 4232 4240 4426 4755 4720 4030 4361 4268 4232 4245 4578 4026 4528 4378 4278 3833 4052 4275 4522 4255 4506 4652 4765 4602 4320 4289 4591 3969 4755 4300 3912 3827 4476 4126 4554 4038 3838 3864 4315 4101 4299 3810 3786 4750 3814 4463 3785 4256 4417 4019 4504 3892 4057 4467 3899 4752 4732 3806 3827 4666 3856 3987 4268 4327 4303 4330 4287 4062 4029 4065 4360 4512 4373 4643 3817 4722 4634 4320 3833 3852 3807 4226 4567 3798 4459 4467 4502 4050
4415 4603 4000 4202 4299 4044 3872 4081 4169 4679 4766 4465 3917 4460 3880 4749 4436 3788 4359 4241 3821 4212 4466 4757 3973 4711 4185 4191 3999 4389 4629 4694 4657 3844 4242 4641 4092 4397 3932 4288 4422 4237 4061 4466 3956 4566 4744 4743 4165 4530 4130 4227 4457 3861 4431 4525 4195 4322 3857 3872 3890 4537 4211 4295 4462 3864 4120 4310 3988 4354 4504 3938 3796 3888 4044 4758 4021 3946 4355 3803 4535 4643 4330 4639 3845 4339 4229 4768 4308 4193 4179 3787 4142 4386 4135 4646 4259 3812 4486 4478 4578 4037 4161 4559 4752 4351 4166 4493 3902 3841
3916 4770 4034 3838 4408 3830 4338 4493 3938 3954 4258 4628 3995 4723 4585 4761 4734 4090 4236 4509 4047 3875 4097 4006 4015 3874 3913 4527 3990 4433 4413 4139 4402 4046 4564 3920 4638 4602 4619 4012 3993 4036 4076 4507 4303 4051 3901 4016 4053 4159 4498 4698 4713 4684 4063 4189 3955 4546 4208 4667 4560 3793 4208 4032 4044 4144 4288 3946 4272 4707 3940 3857 4263 4534 3967 4735 4275 4605 4566 4634 4406 4708 4437 3820 4395 4123 4564 4219 4768 4430 4567 4142 4498 4261 3972 4727 4274 4572 4038 4327 4316 3908 4425 4513 4663 4287 4432 4725 4113 4031
4400 4237 4699 4765 4483 4517 3880 3982 4663 4153 4623 4467 4413 4193 4328 4256 3886 4568 3987 4398 4428 3860 4608 4652 4529 4697 3938 4680 3956 4249 4186 4626 4160 4185 4339 4042 4433 4768 4587 4115 3798 4421 4435 4167 4463 3786 4133 3954 4423 4098 4680 4591 3916 4337 4171 3861 4592 4750 4247 4081 4225 4505 4427 4235 4715 3890 4345 3889 3792 3853 3797 4263 4136 4023 3836 4066 3813 4306 4292 4148 4188 4294 4062 4287 4760 4034 4239 4372 4256 3859 4467 3877 4650 4679 4277 4031 4437 4305 4123 4617 3934 4574 3919 4020 4514 4511 4196 4276 4235 4251
3833 4218 4450 3860 4556 4712 4362 3815 4097 4501 4590 3957 4513 3830 4479 4575 4072 4441 4587 4647 4626 4328 4637 4488 4280 3794 4400 3830 4155 4080 4761 4275 4463 4434 4595 4229 4262 4547 4720 4333 4051 4504 4179 3826 3991 4257 4244 4041 4766 3797 3875 4423 4271 4260 4694 4354 4122 4088 4145 4650 4432 3917 4517 4139 4220 4634 4642 4367 4546 4419 4291 4077 3844 4419 4027 4537 4525 4530 4642 3939 4649 4299 4148 4427 3814 4107 3948 4700 4363 4529 4533 3797 4320 3995 4451 3964 4538 4632 4445 4064 4304 3868 3951 4090 4057 4502 3973 4156 4276 4771
4157 4770 4153 4291 4456 3904 4175 4245 4766 4172 4101 3966 4140 4072 3806 3827 4614 4699 4251 4590 4283 4397 3977 4449 4335 4323 4625 4191 4029 4146 3873 4676 4149 4434 3940 4186 4730 4379 4598 4028 4278 4615 4123 4266 4079 4085 4505 4547 4702 4755 4531 3790 4272 4363 4638 4643 4339 4227 4410 4404 4436 4750 3917 4304 4226 4620 4640 4507 4606 4630 3891 4772 3925 4480 3801 4684 4306 3796 4554 4743 4103 4480 4081 4192 4692 4242 4419 4351 4466 4745 3882 4388 4204 4196 4191 4080 4626 4609 3810 3815 4744 4665 3933 4176 3874 4491 4249 4114 4226 3928
4508 4688 4690 4660 4466 4738 4275 4621 3794 3842 3871 4207 4601 4329 3979 3784 4498 4257 4095 3913 4061 4616 3790 4451 4261 4207 4381 4219 4239 4313 4319 4310 4684 4429 4271 4066 4256 3816 4162 3864 4273 3873 3856 4416 4339 3864 4490 3921 4544 4338 3928 3862 4542 3957 4192 4452 4706 3958 4557 4325 4297 4241 4117 4347 4177 4502 3795 3809 3831 3877 4065 4071 4608 3790 4499 4757 3924 4642 4064 4719 4081 4378 3797 4695 4292 4070 4529 4049 4676 4145 4461 4509 4709 4208 4440 4391 4502 4352 4696 4706 4136 4234 4470 4741 3792 4742 3999 4323 4168 4054
4094 4472 4196 4141 4203 4040 4702 4455 4536 3967 3805 4580 4249 4570 3952 4231 3896 4772 4560 4190 4427 4635 4297 4624 4764 4531 4085 4626 4014 4544 4583 4272 4758 4349 4171 4151 4360 4380 4354 4434 4711 4576 4071 4530 3992 4614 4100 4619 4020 4394 4470 4258 4160 4284 4007 3970 4769 3996 4611 4330 4332 4188 4582 4006 4607 3962 3985 4759 4168 3876 4509 4630 3861 4099 3988 4732 4510 3841 4491 4463 4217 3914 4319 3970 4114 3838 4700 4384 4001 4243 4461 4452 4303 4296 4279 4513 3819 4282 4564 4639 3900 3891 3815 4431 4402 3818 4409 3789 3945 4729
4355 4202 4508 4348 3966 4623 4015 4049 4283 3992 4396 4629 4740 4693 4171 4414 4014 4763 4116 4467 4100 4218 3859 4098 4315 4328 4151 4538 4580 3899 3849 4769 4282 4714 4690 4307 3968 4707 4015 4047 4125 4057 4022 3889 4005 4397 4147 4399 4355 4489 4420 4027 4183 4010 3847 4542 4069 4635 4532 4047 4690 4382 4683 3858 4363 4522 4589 4545 4443 4399 4100 4259 4716 4480 4214 3894 4158 4128 4736 4593 4262 4383 4342 4295 3998 4377 4038 4036 4534 4252 4417 3998 3983 4396 4621 4443 3937 3903 4327 4064 4554 4167 3901 3944 4516 4543 3901 3837 4223 4677
4038 4121 4302 4307 4188 4068 4011 4188 4104 4412 4684 4028 3914 4498 4567 4462 4256 4372 4085 4497 4135 4284 3899 4190 3862 4050 4209 4549 3962 4663 4513 4494 3886 3991 4555 4626 4363 4338 4126 4458 4676 4614 3862 3919 4204 4489 4758 4130 3952 3850 4341 4194 4590 4205 4480 3816 3874 4241 4304 3846 3849 4769 4508 4175 4153 4450 4273 4343 4442 3902 3962 3797 3977 3891 4615 3784 4599 4405 4357 4442 4160 4091 3870 4765 4333 4258 4567 4343 4653 4410 4756 4578 4766 3783 3998 4479 3831 4458 4187 4019 4179 4155 4478 4404 4620 4303 4371 4035 4766 4712
3925 4034 4056 4371 4384 4702 3954 4761 4585 4390 4566 4611 4103 4381 4326 4731 4185 4751 3862 4261 4085 4182 4532 4156 4093 4564 4230 4631 3953 4008 4279 3797 4315 4731 4430 4458 4722 3790 4664 4029 3793 3939 4395 4671 4008 4083 4123 4661 4391 4627 3890 4269 4436 4062 4459 4571 4171 4627 3971 4092 4624 4182 3863 4370 4108 4049 4249 4020 4417 4747 4144 4038 3870 4581 3966 4384 4393 4347 4210 3820 3835 4703 3930 4269 4688 3861 4525 4197 3862 4060 4571 4178 4235 3957 4079 3825 4158 4477 4043 4611 4356 4583 4269 4682 4074 4445 3787 3904 4025 4292
4343 4746 4550 4552 4553 4476 3996 4598 4146 4690 4059 3945 4548 4302 4113 4073 4533 4013 3905 4456 3901 3981 4595 4174 4105 4375 4035 4002 4219 4615 4272 4449 4038 4112 4765 4769 4391 4405 3853 4687 3888 4313 3848 3946 4108 4444 4755 4726 4665 3789 4074 4689 4090 4545 4768 4223 4272 4395 4669 4290 4650 4088 3904 4264 4306 4196 4596 3935 4015 4674 4143 4089 4495 3941 3925 3826 4013 4670 4047 4283 4275 4207 4429 4140 4767 4315 4734 4614 4502 4745 4277 3992 3849 4700 4157 4139 4204 3850 4452 4628 3963 4667 4770 4258 4553 4275 4498 4633 4664 3968
4273 4713 4121 3783 4510 3784 4281 4649 3998 3806 4023 3992 4372 4602 4111 3890 4192 3844 4613 4228 4054 4764 3890 4336 4302 4361 3931 4532 3825 4408 4513 3798 3917 3860 4669 4641 4147 4503 4639 4290 4663 3927 4479 4317 4053 3892 4010 4766 3799 4513 4254 4054 3943 4418 4531 4190 4688 4533 4331 4697 4553 4472 4355 4467 4730 4555 4368 3902 3935 4690 4452 4660 4446 3970 3848 3895 4167 4475 3925 3972 4249 3998 4603 3947 4232 4022 3951 4048 3897 3940 4436 4184 4470 4653 3971 4657 4270 3911 3878 4355 4499 4561 4477 3837 4199 4213 3841 4243 3811 3916
4673 3820 4212 4228 4057 4285 4144 3898 4213 4549 4480 4037 4619 4424 4253 4213 4546 4543 4691 3966 4088 4242 3852 4700 4510 4430 4740 4039 4611 4525 4696 4242 4127 4461 4360 3916 3820 4632 3792 3958 4635 4262 4402 3857 4162 4570 3803 4700 4271 4464 4073 4413 4538 4433 4015 4529 4381 4596 3886 4652 4636 4746 4731 3812 4488 3905 4288 4588 4738 4245 4381 4262 4569 4424 4299 4465 4428 3810 4646 4319 4605 4726 4702 4576 4407 4765 4448 4031 4552 4427 3980 4117 3940 4397 4297 3793 4621 4155 3950 4630 4248 4071 3782 4187 4388 4518 4054 4099 4100 4467
3983 4358 4262 4143 4200 4021 3821 4111 4070 4479 4059 4452 4676 3834 4560 4005 4744 3925 4548 4615 4651 4250 4317 4357 4582 4394 4043 4269 4366 4345 3825 3811 3938 4013 4569 3881 4057 4117 4203 4367 4061 4605 4418 4046 4093 4647 4080 4325 4277 4515 4124 4380 4426 4339 3972 3807 4051 4259 4703 3954 4325 3975 4593 4166 4543 4704 3913 4213 3813 4365 4298 4278 3926 3831 4601 4327 4142 3990 4539 4032 4703 4521 4559 4694 4581 4049 4255 3854 3864 4314 3934 4015 4628 4510 4598 4653 4155 3839 3884 3790 4163 4024 4406 4669 4260 3992 3948 4733 3984 4156
3912 4012 4225 4512 3988 3869 4679 4075 4585 3998 4395 4456 3830 4405 3844 3798 3919 3892 4669 3894 4055 4541 4646 4104 4262 4494 3967 4248 4661 4674 3886 4168 4705 3995 4326 3836 3893 4466 3844 3829 4020 4617 4072 4290 4733 3920 4654 4676 4376 3782 3972 4728 3902 4320 4576 4204 3829 4709 4502 4583 4100 4047 4133 4338 4036 3812 4199 3791 4521 4666 4210 4606 4301 4544 3868 4054 4449 4484 4554 4338 4195 4600 4352 4254 4655 4522 4742 4671 4172 4659 4770 4354 4142 4631 4129 3887 3875 4186 3866 3791 3847 3796 4237 4033 4084 3833 3932 4408 3840 4308
4649 4097 4543 3811 4294 4379 3939 4333 4523 4176 4197 3982 4309 4470 4649 4617 3964 4244 4716 4748 4046 3949 4036 4720 4349 4329 4115 4614 4378 4259 4612 4321 4288 4317 4038 4664 3844 4605 4497 4024 4581 3797 3834 3875 4672 4091 4135 4194 4426 4045 4762 4567 4761 4669 4653 4326 3802 4179 4447 3905 4624 3877 4525 4183 4639 4536 3979 4429 4187 4259 4618 4425 4227 3784 3920 4304 4731 4127 4704 4525 4221 3925 4636 4397 3889 4341 4354 4420 4729 3819 4432 4565 3792 3825 4225 4368 4127 3984 4377 4048 4182 4694 3811 4427 4515 4496 3784 4678 3991 4664
4674 4677 4071 3965 4460 4569 4554 4363 4231 4069 4534 3914 4121 3805 4613 4765 4251 4599 4245 4244 3950 4350 4166 4049 4395 3930 4494 4266 4525 4179 4299 3967 3907 3962 3870 4411 4594 4314 4569 3983 3997 3828 4371 3974 4589 4554 4019 4482 4051 4425 4682 4628 4224 4229 4039 4004 4027 4735 3967 4107 4220 4657 4297 4100 4216 4095 4406 4548 4626 4091 4553 4665 4404 3884 4084 4401 3904 4621 4675 4432 4566 3897 4416 3940 4121 3928 4012 4551 4230 3900 4553 4006 4033 4497 4451 4060 4667 3786 4581 4490 3861 3993 3833 4407 4577 4127 4486 4379 4392 4482
