32 53
110 1054
3566 1542 930 7596 2481 6251 7134 4220 7568 4881 2278 4859 7184 3039 7911 6827 3538 6750 5618 8208 7369 2050 3245 8164 8203 7359 7588 5500 7711 7667 1713 3811 1343 4945 1459 5932 7072 6619 7774 5535 1589 6139 6207 5612 6586 5882 7495 5520 3370 6625 3321 4211 4638
2064 2175 8131 2448 3786 5751 5277 2232 3266 901 3847 7064 1763 4827 4784 8287 2253 6846 4339 7974 1099 7429 2465 2030 7006 4225 6342 4622 2859 1443 3771 1225 8129 8132 8286 5560 7221 2802 6224 7978 1375 6584 1826 4002 7861 5012 1676 3283 3559 3439 7560 7276 1094
8064 3826 7176 989 5769 3440 2074 6891 1470 1088 4508 5497 3199 1920 6916 4064 4147 3523 1528 6245 8024 7544 2368 6948 7113 7336 2066 1348 4281 1355 1917 4038 4870 6215 1345 5130 4541 5973 7168 7116 4078 1701 877 961 4324 2111 5063 4315 5055 7618 1820 3632 4180
6326 1257 5564 6617 3028 6457 7753 7476 2522 8043 6842 8002 4464 5244 5423 3986 6139 5909 5653 4144 2961 6597 4616 5739 6814 1087 3262 6159 6644 3341 5384 7622 2756 7098 5630 2450 6524 4441 6208 3052 1771 6057 7857 4017 8229 5678 7568 7375 2788 4090 6743 7114 7692
3505 1124 2921 2533 6560 7225 4675 2682 1059 2358 3324 2232 6946 4360 6910 5480 7162 7009 6362 4302 3742 1169 6331 5295 1338 7980 6856 2653 7240 4033 6880 5760 3531 5902 1811 4472 7159 4008 6337 7310 1610 4452 3420 6188 4296 1838 5900 1407 5540 967 6885 2659 6672
2488 5617 4878 6147 3666 6139 5569 1627 6535 2280 4541 5871 7724 5262 6623 4254 4045 5976 7090 4735 6858 4918 8198 5836 7318 5107 4965 6057 7811 6098 6706 5821 8176 3141 6912 6210 6670 7683 2748 7753 3235 5108 7146 4222 7474 7176 6938 6309 5999 4772 6115 4373 4394
6078 4598 5410 3194 7353 3436 1362 3927 5517 4764 4050 4986 4111 5642 2753 6514 4887 3350 2014 1198 5732 2716 2879 1524 2483 3525 2110 4345 6882 6356 5912 7768 975 3497 2549 3384 6617 6191 3584 901 5634 1596 4370 2827 7957 4263 7712 4824 7805 7170 4475 3943 865
2176 1186 5178 5485 2371 8151 3393 4051 3543 2306 6152 7063 4381 7906 1579 7447 5173 3095 5612 3852 7542 4979 4847 2525 4067 2242 1976 7451 3185 6941 5400 1603 5086 5825 7762 913 2020 5624 7930 5645 4858 2316 3207 2157 7109 6149 837 3495 6928 3554 7297 8147 7622
3351 7823 1343 5427 1843 6646 6284 7889 7018 4975 4223 4028 3007 2671 6002 7912 2662 3920 1986 2136 6271 3623 8261 1731 884 4174 3120 6772 5642 4690 1500 8063 3223 4592 3444 7248 4068 6077 5189 1046 8223 3975 2352 6597 2127 1249 7210 1454 5737 4185 1041 6891 7521
7691 7415 8179 1076 5873 6801 832 1307 3097 6200 2221 2616 7450 3572 5350 6730 7433 6734 6637 4484 4190 5400 5373 7301 6107 4415 2947 6064 5000 1055 2488 4121 2414 7639 1205 1005 915 2386 6443 2503 4929 7175 4797 6118 1201 1309 6453 2281 7940 4209 1601 1047 6491
1019 5457 3081 6677 4806 5945 5013 7890 6294 4140 2005 1106 841 6165 7252 940 8261 4759 4440 6057 4805 6760 3304 3790 3986 2239 8059 6291 3007 4708 1275 3233 1881 2034 2908 3295 4888 6017 3672 5453 1018 5083 7153 5743 7081 2147 2910 6579 2293 3792 1715 7163 1705
4576 5918 2405 3808 3677 4368 2425 1189 6032 6299 2882 2577 7032 6415 8181 2525 1815 4703 7139 4356 2297 1618 7292 5682 2360 3469 4188 7967 7155 4071 8233 8126 7559 5374 6958 3333 1900 6709 3616 1213 3834 6676 4732 3082 3489 5350 3543 6482 3881 3676 5961 1967 2153
7447 4794 5102 3028 3623 3613 5645 2239 4266 4850 1838 1756 1597 4639 3654 4614 6657 6432 4403 1211 4084 2716 1907 2043 857 6703 1815 6206 5093 7692 4203 4344 4197 2349 3752 5434 4439 6294 3841 5790 3573 2647 5789 3966 8020 3518 5927 6216 5617 7838 3018 5747 8277
5561 5088 1009 4867 7794 7600 3483 1263 3506 1824 2216 6427 1385 3040 1028 7658 5811 5267 4763 2672 4144 3812 7393 7429 8145 3760 4210 7311 7773 2605 1016 3575 2975 3979 2248 3879 8288 1081 2727 7434 2853 6473 5663 5956 2193 3764 2694 6312 3386 3023 3644 3385 7489
5195 4869 890 4133 4921 1356 7607 3091 3784 2417 7329 1300 5165 6789 4723 6244 6868 3730 7883 2008 7181 5318 4645 2523 6896 1994 4005 1158 5471 1537 8232 5879 4192 4022 3082 5244 3452 6322 3618 5443 5055 4795 7010 1517 1398 4016 4209 6394 6869 5584 1157 1644 3880
6412 1798 5491 6620 8022 7428 1771 3326 3039 6883 1685 1183 4405 1084 7951 5175 2340 6182 4743 1063 4462 6396 5743 5351 1897 1244 5374 5623 3529 6138 2697 4250 1853 7312 2653 3472 1156 5211 2155 6896 3029 1422 5899 3442 7035 3378 843 7919 3180 6766 2771 7993 4078
2941 5086 6950 1855 1960 3804 884 1758 5854 2031 1286 4359 8231 7431 1509 5463 6322 1693 4511 2293 6692 3535 4413 3869 4640 5016 1242 6937 6993 1590 5517 6566 1628 1774 5846 8290 6690 3854 978 5162 7477 6669 4942 7277 881 7269 3541 4471 7317 2852 4094 1359 5579
5148 1061 1243 2081 3960 2937 7417 2881 5365 7107 8085 4244 3726 3150 7107 3769 2446 1274 5019 3470 888 5828 2814 5623 2456 1917 1301 2188 7510 4832 2001 4128 5951 6900 7925 4362 4347 6346 7817 7764 3901 8284 8185 5461 910 7287 6929 4691 2627 8259 4273 6104 3858
2300 6774 5538 7554 1393 2924 2575 3054 8013 5595 3019 4460 8149 3460 6417 2254 7353 2379 6937 7558 4723 5412 4682 6894 4510 6794 1602 7817 1891 3965 6003 2682 898 1493 6562 3658 6905 7688 2909 1670 8163 1769 4512 3375 1511 3224 1498 6190 4839 1349 5260 6556 5930
7789 1788 6110 1404 5454 3721 4365 4068 2596 1868 3942 3132 3214 4473 4891 5853 6717 8195 3004 2895 5034 7865 5765 5972 6946 3212 8117 2611 3084 4949 4207 3467 3003 6380 1812 1469 6609 6869 3613 4073 3810 7218 5380 3395 3706 7484 4495 2731 3459 4525 4162 8206 7292
8286 3691 2716 933 1438 5688 2898 3953 4256 1590 2179 7110 5867 1768 3806 6736 3892 5897 6993 2300 6767 4669 2868 7063 3886 2060 2737 4449 6229 1962 3912 8193 5583 3921 968 1285 6630 1174 2458 5027 2569 4730 2951 2588 4090 5971 3990 6710 7422 3365 7320 5190 7839
7694 6143 7331 3729 8187 8090 2934 1238 1546 6449 1916 3851 3179 1545 5606 4992 1661 4397 4074 8014 6233 3031 7880 6253 4940 1559 3446 5644 2959 1123 4788 2307 7793 6368 1119 954 2830 3366 7724 8128 7219 3668 5358 6596 7796 6623 3729 4045 5525 5145 3152 5008 4311
1577 8287 6437 1381 4785 5304 1865 4753 4498 5286 1193 4766 3584 2543 5609 6354 1424 4582 8308 1553 4080 5321 7166 2785 6820 8229 2140 7377 7261 2743 4937 7967 7986 6731 2796 3172 5173 6376 5303 1594 5591 1374 7971 5524 6348 3224 6974 5760 4744 7965 5819 3936 7135
1345 1582 3800 1927 4714 2136 1781 2950 3592 3930 2606 3071 1210 3946 5534 3945 7647 7556 4936 2156 8104 6655 1942 1566 2195 1964 4601 6966 8297 4965 5827 4973 2691 6087 5727 2632 3484 2492 6683 1818 1518 3062 3402 5248 5395 7494 5595 4427 3097 3419 7518 3393 4209
5815 5592 5282 838 2316 4306 2124 4626 1426 6017 4531 7060 1291 4587 3079 1858 2699 4173 5834 3789 3999 4234 6493 3711 7631 7488 8281 1199 3575 6696 4344 7015 6825 5526 7227 6769 7768 6150 6422 7886 7869 5288 2720 2544 3987 5465 7020 2538 4914 6873 2692 4692 7927
8016 3203 2342 7063 8230 4733 1142 2818 2368 3900 1890 7836 3993 3371 7688 5324 6900 7700 4540 1739 1447 5928 5189 3998 1667 6319 3393 5475 2085 1848 3679 3927 3528 925 6772 4645 2715 1071 4350 2070 1215 6863 2351 7944 8278 5795 6113 4486 7282 2529 2259 3736 6132
3582 5474 5968 5765 4620 4300 1330 5804 5422 3948 2835 8219 4065 4952 8291 6633 2480 6751 6874 1186 2801 6461 3574 7057 5368 6136 6678 2226 4467 5739 6168 6841 3492 5762 5479 1194 3112 6388 7490 6182 2794 4405 4153 3382 2237 2365 6985 5555 2150 4559 5017 4300 4003
7116 2486 7616 6794 1257 7528 6555 7373 3019 5002 8166 1696 8265 5641 7573 885 6276 1792 5120 2172 2706 6133 7341 4072 4209 3543 6698 1568 4561 3879 2967 4260 1419 4478 3295 4095 5989 7365 8149 1797 3456 7078 2811 2633 2324 8123 6388 7054 2815 4894 3465 1823 3297
7615 3228 3845 6645 6579 8218 1847 2422 6768 4307 4150 1460 1902 5186 3814 2669 6587 2637 4495 7236 8255 3708 3216 1749 1610 4235 8012 4662 5273 2241 5291 1011 2739 6217 5962 2283 1553 2909 4035 4929 1869 1168 2565 6291 7576 3259 4306 6113 5110 3594 6129 5921 6048
7810 5717 1968 8256 7883 7225 905 2527 3172 3358 840 8252 7798 7523 6919 2728 3462 6860 7856 1375 5443 1594 6421 3654 8168 3117 7131 6461 5248 5107 5893 2486 5589 6502 4206 1362 1907 1507 8236 6302 6734 7493 6943 6886 1127 7287 2854 4886 7332 2046 6171 1394 4221
5666 5015 2407 6208 3813 6554 2741 2527 8051 3267 2050 7547 5020 8114 2205 4785 2249 7600 5449 2614 5653 4238 966 1115 7125 6321 5043 7465 8066 6921 6634 5280 6997 8212 6607 7046 3065 3529 1614 4608 8160 1162 8167 5143 6108 7868 7833 6193 5716 3649 1579 6259 6592
1023 3605 7550 3847 5268 2644 6965 3837 3234 5718 5583 5466 4094 969 1638 2380 4534 4068 2193 3692 3726 4698 4106 6391 8220 1680 4976 840 4998 6876 4421 1421 2814 6379 7128 3549 7567 7290 3551 5118 7259 5739 5311 7273 1625 5512 3353 3748 1779 8006 3060 7068 1384
