114 7
24 704
5313 6007 5648 5287 6569 2158 6570
5226 1634 3732 3642 1422 2559 2670
3869 3740 5736 2471 3476 3531 2874
3742 1700 1693 5068 4248 2523 3568
1829 6589 2997 4287 5925 4288 1601
4313 2127 6918 5439 5849 4992 6512
5527 1394 3463 5664 2267 5173 3099
6331 3883 2198 1591 1779 6594 5860
1488 6564 6352 2258 2213 4993 2048
4214 5367 4204 6854 1775 6989 7023
2426 1585 3849 2637 4216 6997 2752
2505 6966 4710 1493 4642 6339 6258
4610 2746 5561 6680 6911 7046 6221
6058 3380 1400 2783 3913 5160 2609
5977 5696 1701 3305 1723 3670 5638
6694 3750 6827 6316 6724 4462 3299
4630 4841 6202 1626 6621 3319 3110
6342 2539 6200 6834 5336 6991 2595
3198 2274 5553 3770 2890 5810 5792
4978 6822 4338 4099 4200 3562 5124
7051 3273 6262 6148 2952 6404 6520
6430 4699 1497 5418 2212 2130 4746
5912 5560 4925 2510 5333 3562 4637
7057 6119 4904 1416 3861 3818 4551
3454 1989 5668 2213 2180 4004 5923
4497 6392 2102 2797 1420 5268 6599
1414 3816 2741 3467 5786 5765 3734
2968 3754 1356 6933 3039 5478 6958
5309 4204 5215 3113 6110 5701 6143
4853 1784 1696 5590 5161 2874 3012
6180 1366 4562 1607 3916 4886 2695
2384 2425 5544 5712 2445 1413 4465
3961 5059 6977 1626 2836 6073 3258
3085 4685 6588 2604 4849 6027 1633
5243 2173 3171 6723 5534 4206 3840
1917 6250 3911 1842 2282 2704 4842
1831 4513 1399 5905 6811 6204 4409
4838 4165 1495 6747 6479 4942 5748
6218 6021 3678 5608 4236 3258 5824
3767 6424 2634 6252 5599 3281 6083
6604 6814 1407 5279 2487 1355 1771
3588 2879 3472 3928 4220 4513 5971
3875 6506 2017 6311 1536 1781 1816
6186 6673 4474 4420 1586 2600 3601
5998 2342 4681 3738 1816 1676 4567
6801 4800 1508 1568 3176 3602 3776
3304 5780 5037 3772 4281 6510 4046
4558 2518 1679 6816 5161 2055 5301
2043 3922 4447 4198 5041 2442 2379
5702 6546 6796 4453 2506 4495 6583
5419 5374 4277 5722 4295 3365 3470
5931 6706 6616 7004 5499 1963 6186
4939 1669 6709 3475 6531 3821 4950
2089 5826 3339 7032 2286 3599 4657
3119 3652 3511 5415 5301 4949 2365
4071 1386 4588 6277 6152 5700 1501
5962 3533 6912 4727 3747 5326 3222
4624 6717 2507 6317 4982 5774 6810
1484 5251 5550 2125 3871 2918 5400
2553 6336 3229 5386 6788 5623 4901
4553 4775 5731 6106 6603 6884 4292
5110 6615 6604 1427 3200 4709 6582
4327 2716 4814 2541 7009 6935 6518
2500 4916 3607 5605 1991 1339 2459
2281 6118 5068 2557 3156 2492 5054
5748 5750 5827 5413 7031 2039 6874
2283 2386 5198 5047 4964 6703 3723
6557 3167 2259 6012 4894 3557 3560
4740 6183 5560 2782 3783 4789 6297
5307 5969 7050 3667 6209 7059 6559
3624 5999 1494 7023 4930 2364 3866
5688 6523 6780 1589 5263 4318 5710
5633 5273 6666 5171 3559 4307 6998
4274 1348 2800 1349 2737 2125 2650
3802 5177 3924 1382 2481 3882 6119
4646 3833 2193 2122 6029 4572 6680
3733 6927 4764 2356 6074 3443 1548
4819 1488 6296 4898 2330 4525 4064
1690 2597 2567 4518 3432 1518 2665
4740 5606 6171 5314 5449 2256 2474
5356 4148 4466 4686 6727 3264 5309
6266 4394 6132 1716 6083 2219 7058
5288 2192 6230 5370 3137 2720 6701
5866 2418 3046 5961 4390 5862 5519
4341 4654 2764 4784 5615 4063 3800
5790 5199 4715 2771 7049 6526 4626
5168 4012 7060 5835 2871 3379 2672
6506 4511 5128 5345 2637 5647 4996
6158 5345 4498 3713 6576 3914 3731
2245 2214 5879 2619 6670 6557 2426
6057 1588 5618 5018 2775 4703 4192
4103 5770 5056 1858 6708 3580 5136
6150 6417 6064 4565 6501 6822 6112
3532 1554 2084 3325 3913 2360 5094
4318 1351 6471 5654 5908 6532 5088
3627 4483 6561 4429 3620 6593 6670
3701 6532 4895 1553 4754 4207 2408
2716 2127 4889 5947 2367 4254 2424
2293 6121 4038 5790 5093 2297 6201
2754 3897 1431 2483 3333 5707 2473
1679 7049 4940 5012 1812 5701 5460
3946 6014 3889 6693 5932 2355 5680
2873 5367 5816 5885 3200 5628 1811
4795 4782 4023 3587 2836 5783 4685
2550 6880 4445 5660 3403 5386 6064
3162 3858 3241 6885 3021 3543 3923
3551 2678 4914 5264 3448 4340 2282
3502 6937 6668 5889 5006 3285 5163
6803 2923 3428 6115 4864 4505 5123
5653 3927 6326 6630 4408 4507 2709
2964 4223 5412 3251 4157 1463 5915
6490 3746 5132 2125 6355 1820 1731
5670 4713 6442 2183 6355 1996 4199
3998 5996 5171 1340 2608 4982 4989
