140 120
16800 16800
4522 4488 2584 5408 3863 5831 6172 4788 5040 2523 1942 3765 5294 1603 3993 2897 2718 3704 1612 5478 4449 4066 1643 4618 4525 3807 2884 5380 5771 1475 1083 5073 3543 1619 1735 5024 2242 1737 2162 3415 1491 4051 4573 5644 2530 5780 6457 1164 2460 1313 1999 5719 2178 4998 1529 3233 5226 5822 6183 3027 4220 5566 5723 5897 4790 4587 4269 3858 1129 3487 4168 3443 3898 4649 6251 6115 5666 5578 3561 6096 3822 1209 6185 3801 2367 6303 2982 5330 5130 1563 2032 5828 2842 4287 4650 1898 4234 2705 6410 4276 5579 2827 4957 5448 5412 6044 4608 3708 5164 6181 6247 1374 1106 2045 6170 3884 1366 5357 2099 2524
4942 1332 5857 4373 5922 6149 6376 3124 3216 2692 2975 4296 4520 4684 3953 3863 3281 5868 2396 2071 2115 1638 4341 6133 4490 1070 6114 6033 2953 2097 6110 4351 4725 4811 6201 4872 1366 3280 2006 2216 4489 4356 5675 4750 3265 2595 5700 4254 1153 4826 1728 5490 3236 4683 3282 4821 1237 1933 4034 4679 3735 4394 5865 2684 5183 6048 3001 3676 2933 2912 1330 4484 4150 4178 4590 3396 2005 5710 2326 2591 2037 6309 4331 6095 4112 2582 2623 5822 2036 2393 3064 4366 5953 2712 2323 5777 1644 3697 6047 6482 5055 3190 5694 3082 3414 1452 6440 3116 1060 1551 4648 3162 3564 5773 1309 2925 6216 1030 3322 4337
1190 1363 1990 5030 1989 2876 2845 6272 5565 2816 4781 3368 5236 1104 2618 2042 5418 3156 6042 5637 4590 6053 5817 2445 4262 6098 1175 4364 5387 1628 5189 2477 2347 1081 4460 1743 4581 2132 4166 1417 5744 3339 4002 1056 2389 4528 5988 1298 6128 4618 5123 1807 1651 5969 3594 4986 1251 3508 5783 4204 2586 2262 3423 1970 5315 5709 2216 3658 6112 1058 1102 5098 4167 3541 2622 6137 5793 6230 1278 4372 1130 6284 3235 1418 3700 5201 3673 1760 3044 5620 1375 5326 5427 4534 3593 5440 3246 1742 5180 5846 3319 1126 1141 4837 5634 4123 5954 3572 2840 2048 3911 5439 4439 3740 2107 4791 4784 3815 4584 2304
2792 3665 5807 1521 2584 2364 5121 1560 1197 4093 6375 2484 4584 3934 1147 2489 5599 2847 2669 4943 3578 1776 4863 3795 1144 1913 3081 5461 4583 4690 5238 2840 3247 4747 5829 6421 1160 1574 3081 4729 3583 5272 2921 3618 6133 5708 2081 2342 4640 5664 2815 5452 5128 1509 1511 2833 3979 3171 6351 4004 3418 1107 4163 2922 2297 6115 2275 3067 3139 1334 3680 5411 4452 2401 4099 4706 5853 1519 4774 1772 3204 6110 1080 1706 2305 4511 2877 2615 3794 1946 1228 3684 6216 3752 4752 2997 3463 4120 4168 5602 4106 2475 1479 5206 2717 5783 3316 3763 6497 3847 6474 3020 1611 3609 1753 4137 2981 2655 6339 1543
2828 4575 1217 1110 2289 3859 2332 3897 3608 5994 2356 1034 5020 5189 1404 5587 2408 6522 3836 1749 4415 4053 3021 4741 1078 2450 5281 4618 1205 3684 3641 3649 2425 6513 5868 4793 1813 2131 5031 5303 2028 3609 4839 5043 6457 3012 4801 2905 4231 3659 3547 3977 2873 2583 6384 3927 1411 3080 4688 2828 5359 5742 2653 3875 5338 2576 5135 5837 5108 1577 1649 3054 1092 3686 2978 4125 5409 2409 5333 4904 5945 5577 5713 2830 4238 1039 2674 3971 3316 3259 5158 1135 4245 5565 2161 4975 1646 4221 5865 1234 6351 1107 1339 2334 4062 3087 3492 2185 2196 3443 3321 1920 1471 4532 3743 5924 4991 1405 3347 2375
2633 3691 6500 4723 1254 5522 4020 1636 4597 6518 4027 4105 5605 5011 3396 3207 2812 4054 4269 3254 4307 5026 4971 6434 1624 4428 1668 5387 3786 3999 4500 2533 4032 3161 3145 4441 5155 3884 5734 4162 5551 6205 4675 6449 2038 6184 6476 1386 1885 3451 1278 5732 6301 2998 5101 4045 4804 3282 1601 1795 1585 5815 3123 1692 3867 1348 4373 6496 4619 2507 4936 4426 5725 2578 3779 4362 1987 2899 3603 2438 3906 3004 3157 2644 5171 2032 3390 2241 5315 4229 2580 6093 1779 1924 6066 2733 1305 2028 5128 6472 2909 4655 4888 2746 1726 1843 2171 6101 4874 5586 4954 6043 5865 4571 5876 2372 1235 2191 5663 1598
2069 5285 2751 6312 1361 5318 3281 3671 3706 5905 5219 6097 4188 2201 2712 3284 1298 5858 1065 3280 5005 1511 4319 2281 1684 4375 1051 3958 1727 3923 1102 5637 4603 4594 5633 3413 3209 5822 2382 2394 5759 6260 3301 5436 1477 2887 1416 5080 6297 3038 6287 4413 2316 6097 4836 2864 4098 6064 1416 5802 1974 1789 1293 3669 2100 5421 4122 5650 4061 5418 4587 2166 2023 2260 4686 5960 4442 3835 4134 1540 1684 5735 3052 5339 1861 1105 6313 1585 6260 4583 4861 5406 3704 6219 5403 3438 4352 5909 1483 4001 1036 5452 5991 4843 3954 3953 3550 2997 5082 3317 2612 2458 5825 3133 1920 3563 3322 1701 1644 5163
5928 2555 1849 1684 2758 1279 4025 1296 4255 4330 1874 2753 2390 1124 2818 3194 1632 6027 4182 3523 3077 3699 4977 1241 4450 2081 5131 1451 1770 1167 6127 3167 5984 2476 5244 4427 4575 3160 1829 4476 2642 3052 2290 1586 4732 5552 1916 1122 6513 1763 1524 3123 1691 1975 3741 3457 5175 3538 1742 1501 2389 3406 1905 5771 4443 6458 1799 5251 1027 6423 4897 3057 2136 6364 1640 5813 5565 2674 5526 5859 2406 1848 5882 2500 4829 6528 1529 1491 4734 1552 3720 5313 4988 2723 4786 3057 4954 4965 4120 3453 3058 6267 1900 5551 3825 1144 3957 4105 2521 6121 3471 5565 1278 5322 5416 2742 1034 3598 1091 5646
3961 3868 1401 5653 3485 1484 2419 6480 4763 6126 3441 1911 1773 1220 4679 1526 5342 2178 1370 1262 3088 6101 3239 2737 2937 6106 4924 5065 4194 1570 5565 3826 5351 4276 6497 3867 3450 5003 4595 5608 1760 6420 2129 5171 3378 4018 2672 4231 1502 1082 2902 2980 4131 3447 5918 4734 3096 2726 4856 5310 2085 2939 1703 5823 5513 3994 2817 3218 4819 6175 4210 5626 4456 1687 2681 6384 3715 2437 6441 4513 1968 1886 1449 3307 3153 5133 2997 5348 1818 1392 4251 3924 3860 5337 3391 5557 5661 3598 2840 5818 2406 3529 1072 2117 6516 6200 1448 2543 4000 2430 5169 3588 5271 2224 6036 1668 2266 1753 6059 1956
5055 1143 2022 1995 2798 6012 2631 2069 2917 4558 1638 2643 6133 1223 3822 6025 4162 4534 1182 4335 5831 3804 4425 4080 6352 6127 3798 3374 4990 5787 5824 2300 3399 5884 3735 6243 3059 2085 1534 4766 4512 6428 6443 2078 5567 3547 1515 6406 1044 4689 4251 3504 4410 2271 5679 1190 3485 4956 4015 2602 2174 1809 4661 4270 1267 4925 3824 1245 2916 1554 3620 2448 1294 5175 5800 1370 5380 3396 3047 4221 5929 3785 6367 4466 1336 1607 1701 2789 1853 3765 4063 4662 2329 2557 3016 6138 6017 2428 6320 5239 6527 2310 1274 4524 6000 1631 1180 2119 6148 5059 1954 5037 6210 2527 5419 5493 2817 2517 5226 5101
5488 4412 3239 3988 2319 4126 3003 5278 1331 3960 5912 6516 6406 1086 1982 4785 4229 1492 4423 2085 1536 1942 2141 4310 4894 4561 2622 4730 4950 5320 4799 4222 2806 6448 4677 4611 5152 1204 6350 4188 4041 2418 1638 2577 1720 6267 4402 1887 3469 5847 5737 2869 3383 3327 3158 1336 4604 5601 1112 5696 3190 4448 5858 1881 4368 6225 6395 2243 1165 2176 3903 6515 3841 3624 4700 4496 1494 4606 5014 5878 5320 3623 5955 1718 5097 2365 3919 2580 4127 1999 2874 1031 5409 4958 3477 5437 3069 2784 6281 6421 5653 2240 1872 4515 6045 6236 2873 2223 4638 3718 1192 5174 1271 1924 5268 1768 6487 3857 2952 3112
6340 2521 4514 1552 5783 2304 3351 5610 4477 4764 2861 1080 3448 2742 2368 6060 1884 4557 1341 2864 2898 1108 1962 3808 3929 1455 5532 4491 2752 5433 3903 2871 3245 2753 2514 3865 6169 1032 5801 4000 1745 4677 5289 1516 3574 4897 1359 4431 1406 2748 5673 1363 1458 5414 4443 1203 3758 2534 1436 1504 4452 6391 1078 2686 3992 4678 5514 1764 2789 1845 5257 2336 5175 5915 5820 2673 1872 5314 5949 1227 5060 6375 4028 4310 4092 2622 1147 1391 3638 6123 5330 1318 4995 4874 4140 2494 6344 5160 3976 3889 1469 3784 2041 2217 2929 5983 3110 4103 2373 4952 1099 1248 3692 3088 6198 2939 2930 6363 4683 3541
4274 1790 5888 5789 5725 5427 5857 3128 2426 1192 6286 3262 3425 2559 1592 6139 4799 3536 5672 4975 1429 5155 4920 6095 1976 4215 1623 2305 3795 2877 3081 6436 2784 6237 5733 6150 5299 1456 5142 3755 6000 5381 3163 3789 5775 3228 4487 4183 4703 2094 1409 5864 2048 1891 2372 4054 1512 1882 6112 3625 3295 5797 3703 3996 1155 4810 5058 5535 4036 2243 1034 1240 4969 3199 2735 4253 2953 5727 5156 3835 1939 4793 4081 5939 6087 2264 1071 1463 2234 3195 2320 3249 6230 2130 4309 6269 1496 2436 4437 5930 2128 6443 3965 4989 2341 2262 1226 2030 1550 4614 3921 6441 6426 3890 2104 4494 5801 1219 1466 3633
4720 5528 1575 1627 5753 5252 2529 5639 5024 6475 5088 4454 4376 1577 5935 5340 6500 5578 1517 1921 3806 5587 1229 3232 1460 2776 3222 1979 3302 2147 6436 1669 4425 3956 2277 5350 5127 1147 6365 2683 3100 5855 2338 3092 4955 2811 1121 2996 3943 2716 5591 6292 4282 3205 1881 1313 1697 5739 5836 2937 1854 4216 5933 4082 1413 2124 4235 5139 3520 3960 3208 6296 2699 1665 2140 4722 4697 3683 4562 3269 4077 2187 4296 3945 5473 1884 1587 2410 1698 4651 3225 1800 3570 4803 1302 3256 1637 6370 2392 1568 4452 5177 6050 5022 1198 5872 5581 6338 2258 2592 4930 6096 4918 6103 6401 3008 1939 3480 5149 2109
5622 2777 3774 3625 5697 4355 5277 1943 5928 4085 5516 6351 6324 2176 1516 3022 5059 1772 3124 4803 4230 3571 4977 1556 3586 5185 2241 2519 6416 1146 2774 3417 1757 3507 6265 2843 5355 4984 3204 4047 3726 5061 3815 4575 2671 3213 3364 4839 5644 1846 6356 2102 3510 5530 5408 1105 3858 2056 5319 6384 3737 6465 4511 1919 5784 5628 2828 4510 5296 2402 1803 6305 1111 4754 1834 2449 3157 5662 3980 3881 4680 6413 4458 6362 1185 1495 2957 4807 3109 3948 1494 1354 6380 2349 6070 4845 5477 6513 3254 2802 1873 3201 2672 1868 4547 6429 3988 1059 5031 1781 1124 4948 3767 5680 4280 3822 2183 6377 3322 2103
4603 1453 4011 2853 3916 6398 1757 2277 1030 4179 4663 2519 4109 3606 2293 3472 3091 5029 4837 1623 2211 4177 2410 1705 5914 5474 1533 2357 6057 2704 5031 4064 1236 3084 4488 3137 2806 1269 2515 2726 1723 2019 6096 4622 2852 4704 1753 4525 2182 4330 3293 5484 4235 5362 5600 3174 5936 6496 2553 4204 1733 5389 6226 5634 6257 4935 4396 6111 5419 4049 3929 1521 6210 3808 5183 1366 1110 2975 2780 1764 3676 4524 5181 1826 3742 2201 2565 3789 1593 3820 2284 6485 6301 1951 1981 2141 2065 3488 6359 4286 1196 3410 4653 6404 4061 1675 6215 5232 1508 4500 1470 4084 1494 4908 3907 3514 4509 3205 2329 2590
5237 4165 1815 5935 2417 2310 5927 4274 2420 1111 1610 2590 2744 4665 6033 2209 4427 4386 1061 3226 1548 6014 5056 3741 2739 4137 5042 5235 4934 6262 1245 3479 2597 2091 2361 4410 6143 4994 6096 2111 5466 4778 4035 3776 5263 2756 2500 2439 1868 4327 3994 2326 3089 2845 3617 3616 6323 2531 1735 3853 4827 2604 3343 5754 1032 4575 4754 5430 1929 3156 2169 6342 2692 1371 3588 6243 5362 3253 5639 2167 5792 6041 3175 6051 2864 2225 4641 1467 3606 3738 5059 4808 1052 5864 5745 2310 2014 6175 3426 5860 4558 1083 3169 1287 3761 2345 3916 3015 3488 5579 3096 4143 4232 6393 2123 4097 5291 5242 3968 5936
5020 3087 3687 4197 3399 2025 5443 3963 1895 2349 5482 1667 4238 2679 2504 4160 5665 5588 5724 3756 6233 4551 2745 3953 2115 3909 3974 1265 5568 2873 3583 3775 5382 3969 1906 2723 5534 5487 5827 4122 3172 4936 1129 1747 6026 1224 5230 3251 1556 1565 1395 5714 4061 6376 3497 3836 4497 1727 1753 3250 1330 6189 4573 3622 1171 6192 5925 1474 5216 2234 4147 6305 2196 3377 1695 2068 3840 1391 3988 5279 4683 3651 4689 3066 4077 4846 5417 4881 4275 3622 3843 3332 1342 1686 3162 2727 2436 4188 2750 1922 1613 6154 3282 5714 5687 4007 2636 6279 3250 5931 2809 4805 2693 2054 5686 4067 1992 4889 4215 4078
1767 1978 4036 1959 1701 6453 6455 4225 5143 1734 3839 4644 3749 4000 6240 5101 5773 1770 5041 4587 4448 3516 1373 2275 4098 6182 1890 1869 3886 2857 4693 2261 5871 5052 5212 3931 5928 4681 4658 5620 3342 5037 2983 5095 5033 2875 5406 4656 2903 3002 4621 5888 1480 4194 2944 3515 1538 5219 5654 6009 5727 2399 1282 2437 5131 6251 5388 3169 5126 5010 5645 5312 4264 6353 5623 5131 2968 6044 3018 2909 5715 3415 6432 1159 5036 5598 1955 3468 2758 2046 3729 3109 3867 4858 6079 5695 4473 3335 3218 5752 1792 2128 5128 5542 2213 6131 4781 4944 2482 5633 2726 4019 4675 3330 1962 3006 4427 1263 2436 2198
1677 4918 3219 3475 4259 3898 2762 2497 2939 4944 1968 4833 4820 3395 4449 4453 2886 3665 1163 6391 1591 4140 6514 2290 1127 3450 2540 4455 4325 6357 2021 5914 5271 3403 6109 4227 3254 5087 1381 5709 5456 3591 5286 6234 4932 4012 5082 5053 2121 2605 4560 3903 4200 4444 2284 1627 3325 4351 2853 1857 4794 3152 1542 3927 1444 6014 5037 4659 1301 3626 3151 6050 5304 2923 6194 3877 4495 6090 3634 4975 6128 3782 2876 4840 3844 3793 2262 1068 2119 1490 4501 2701 6027 1313 3621 1933 4469 4110 6469 2405 5502 4570 2633 5633 1651 6204 1814 3329 1526 5341 1321 1465 3195 5853 2448 5170 3659 4812 4847 5031
4228 1201 2941 3849 2327 4871 2564 6268 6217 4667 2021 2264 6323 2351 5265 5672 4546 5818 2705 3246 3895 3110 4991 3421 6056 3120 2187 4702 2942 5260 2039 1548 6517 3678 3995 3063 4382 1474 2018 5605 4704 4293 5195 1100 5107 2794 5865 3033 3172 6054 5731 4461 2836 1124 5621 2842 4025 5505 1133 5675 5339 1489 2223 1561 5976 3992 3633 2198 6497 6418 1280 1030 3323 5997 2105 4225 2558 5833 4880 4435 6297 4031 4173 6141 1228 5206 4298 3377 2285 6287 4726 2905 3620 2523 2645 2320 3183 3872 1918 3751 3103 1080 4764 2722 5080 5105 4462 3000 5781 5774 1607 6487 2338 3013 1934 2590 1312 1599 3518 2017
2436 5659 2279 3112 2200 5739 5931 4272 6393 3381 6083 4841 4504 2035 5240 1526 2105 4627 4906 2224 4727 3064 3020 5155 2877 1144 2022 4496 6222 2140 3858 1898 4927 2147 2431 2137 4600 2111 5105 5433 1462 3479 5438 1947 6412 6403 2131 2371 3933 5651 5421 5033 6244 2760 3169 2041 4780 2969 2581 5907 1688 2287 2564 1036 3805 1705 6270 5930 3970 6041 1765 5228 6119 3974 1713 2944 2107 2984 4461 6090 1925 5935 3128 4964 5788 4540 1733 4888 3886 5094 2395 6504 1597 4151 4694 2055 6302 3372 1444 5598 4088 4025 5449 3463 5451 1346 5979 5589 2022 6435 1159 1354 5359 1065 4746 5152 4960 3990 5561 4033
3332 5793 4345 5838 2686 3188 2503 3484 6466 5805 4530 6322 4121 3677 2012 3020 2210 1420 2429 5724 1996 4787 6496 5764 1373 4800 1635 4381 4718 6038 2811 1202 2925 3466 1198 4101 2329 1511 3096 1674 5513 2794 3943 4968 1318 2503 5726 3451 3500 4387 3670 1620 6189 6424 3128 2998 3726 2740 2820 6299 6408 5498 5069 3757 1833 6111 2875 5838 3280 4558 1415 6161 4020 5285 4483 1470 1118 3638 2704 4434 5034 5831 4901 5373 4426 6162 6351 4386 4803 1862 3884 3418 6254 2052 1518 2929 4856 2402 1118 5480 1634 4203 5846 3313 1922 1821 5318 2934 1281 3819 1457 4243 4699 6201 1197 3735 5858 1378 4838 5127
2874 4533 2075 5659 5086 6259 3487 5055 5402 5074 5337 2835 1424 6398 5829 1131 5555 2067 6001 5072 5455 5924 5377 2301 3199 1335 4523 4067 1588 2887 1339 4261 6069 1729 4753 4765 3610 2823 5662 1109 2000 1776 2539 2831 4248 2245 2962 4286 4616 5830 1731 2954 1416 1955 5440 2896 2902 2435 4705 3872 5763 3073 1296 4029 6131 2090 3662 5920 3681 1792 2349 3957 6361 1274 2132 5533 2364 3714 5503 3242 4928 6261 2044 3814 4589 5287 5806 4685 5537 4316 3214 5262 3212 5968 3493 3726 2229 6320 6163 1381 6259 4127 5003 5087 5237 2482 1877 5115 3131 6388 2507 1904 1947 3427 6108 2723 1469 2672 3212 1971
1950 2947 5618 5229 4113 4981 6072 3544 2617 5780 3743 5290 1425 2851 2937 4817 4325 2135 5933 6380 4566 1243 2230 3022 6489 2253 3492 5890 2232 2751 5785 4418 5392 4151 2125 6398 3025 4655 2827 4571 4929 3221 4786 5425 1914 5452 2101 6157 1383 3881 1052 3501 2763 6392 5760 4742 3258 1525 3346 3905 5662 1747 6293 4794 6452 3896 4832 4992 5644 2366 3933 6232 1676 5235 4237 5434 2798 4442 1537 4433 2877 6505 2146 1791 6492 5769 3562 4056 2815 5914 6249 3234 3632 3052 1601 3035 2123 1990 3690 4403 5763 3938 1903 4110 1243 3567 5998 4611 6317 1550 2972 2400 1318 1622 1215 6179 1352 1232 2995 4866
1895 4220 6118 4964 6445 3402 5468 3174 4502 4641 4523 6360 3828 1500 1663 4413 1388 6088 6295 5070 1784 1063 5191 5879 1379 3760 2676 6232 1615 6029 5531 4166 5298 1371 2250 4808 1493 6190 5286 3866 5076 2186 2531 2221 4385 4587 1487 6437 6273 3518 1992 1370 1165 3941 3904 1624 2867 5559 3520 6110 4402 3198 1251 5091 2465 2168 4822 3084 3304 3158 3039 5175 5190 5312 5331 5748 2634 1359 1054 5895 2137 2961 6079 1383 1326 3721 4425 6209 3926 5548 3427 5878 6192 1253 3401 5657 5235 5266 2633 1778 6055 2180 2119 5502 2090 4867 1594 3564 3117 6344 3628 2593 2613 1410 4670 3893 2203 1105 1697 1397
4876 6350 4894 5215 4105 1793 2319 2984 3816 5481 1124 1209 6481 6264 5279 3374 2114 6292 4184 1622 5772 2711 3386 2485 1492 1231 4740 2309 1170 1151 1289 3505 3861 6237 1328 3929 6397 4498 5492 6097 2752 1469 4069 3362 4518 1776 4646 3975 3021 5425 1773 4592 5670 4731 4359 1155 5877 4410 4433 4630 3157 4818 2623 4535 6450 3097 6233 1700 4941 6233 2233 1107 4028 3791 1422 2027 3175 1966 3484 5321 5643 2460 1722 2940 2235 5812 4947 3529 3547 1539 4709 5032 4771 5643 1797 5317 5282 5955 3033 3585 2232 3476 1308 3310 1946 6110 2974 5974 1618 5233 4162 2356 1213 3477 4478 3769 6028 4738 4446 4937
3139 6376 3201 6524 2236 4585 2970 3102 6181 1946 4465 3502 5886 2053 2527 3043 2460 2730 2646 3490 3369 1785 4183 4105 2338 4442 5625 5352 1495 5158 1513 6082 2415 4267 1124 2257 1633 5932 2239 4735 1788 4830 4191 1518 3167 4204 3138 5104 6402 3315 5492 2319 1579 6279 6171 4231 6266 5421 6380 4039 3422 1119 6194 6517 4765 2443 1870 1255 3665 4884 4274 6186 3173 2511 5733 2302 6172 5511 4739 5591 3722 2170 5690 2782 5273 5722 3150 1774 3589 2125 1301 2328 1504 1261 6139 1696 2192 3272 1664 1918 4940 2017 4405 3294 3234 3758 1219 6431 2420 2456 2788 3287 4982 4222 2535 5838 2610 1970 2480 6399
6276 5626 2870 2075 1054 4880 5380 2693 3333 2979 2616 3286 6162 1492 2823 4571 1522 5689 5431 2066 4263 5854 4644 1073 5893 3007 1724 2079 3381 3023 2178 1657 6198 5876 5646 1038 2263 4873 3083 4195 1214 4955 2232 1968 3428 4908 4841 5345 2710 1587 1027 5270 3957 1689 6019 1188 1271 3197 1783 3985 4453 6258 5123 1692 5595 3708 1118 1587 3915 5527 3538 2042 3962 3632 1856 2763 3456 5417 5401 1585 5837 5593 1766 4715 3871 2826 3777 3056 3085 4601 2906 5605 5631 4185 3315 5800 5555 5329 5092 5193 1466 5498 5656 6155 4345 2914 3982 4327 1832 3595 4057 1418 4566 4972 5536 5458 1252 4207 4383 2133
5637 6386 3876 3674 5829 4679 4883 2397 3071 6067 3042 4752 5476 3314 2718 1877 4987 4017 5476 4933 5532 5395 2280 6060 3188 3117 5618 2698 4740 2186 4444 3347 4129 2088 5141 4528 2294 4473 1570 2044 4734 6115 6039 1992 3850 3136 3874 4632 4673 4318 3073 2723 4122 4608 4871 6359 1892 3035 4891 5203 4799 3227 4152 3179 4897 2907 5742 3367 4434 1712 3040 2116 1776 1567 4292 4018 3691 3235 3942 5268 5514 4776 4645 5699 4580 1682 6004 4044 4200 2871 1883 3437 4566 3936 1652 5020 3139 1356 5102 1536 6297 4141 5261 3189 2837 3369 3623 3853 3143 3035 5289 2954 6038 2767 1168 3045 3001 2186 2033 6474
4799 1151 6514 1945 1800 5019 2638 1638 4425 2618 2517 5754 6284 4143 6377 2896 2605 6337 6274 2073 3295 6056 2475 3769 4133 5524 1283 3271 6105 5798 2621 3857 1449 6005 4001 5909 3349 2827 3208 6153 3698 1765 3683 5589 1642 3703 3893 1300 3705 1701 1301 2710 3314 6219 5677 3425 2552 3894 5693 4779 3717 1832 3609 4065 5862 5208 5798 3875 1981 4848 5089 5574 2046 2446 1881 2257 2803 5699 6448 2817 2360 5015 5918 1861 3520 1795 1902 6466 4942 6389 1790 5328 2812 1231 3651 3067 5815 1385 2883 1027 4801 5386 4378 3292 5422 4211 2294 2607 3047 2133 5274 5207 6443 1750 4191 2533 3337 1168 6318 3101
3815 3601 1799 4598 4478 4060 4349 2718 5211 4070 4664 2675 4064 1178 3057 2315 2881 6486 4730 2350 4999 1388 3764 3671 1424 2978 3606 1334 2573 4914 1965 4656 1795 2507 2839 4574 4683 4493 5638 5002 3602 5137 4163 2741 2394 5343 2216 5012 1143 3062 3365 1550 3474 6216 4669 1983 4649 3899 4230 6008 1677 5162 4012 6333 2147 5985 1134 4678 4260 3108 1823 5503 5661 3113 4774 1800 1519 1561 3583 5173 5520 4116 2488 2447 6344 2730 5877 4049 3125 5858 2028 2924 4936 1207 5481 2180 3782 5269 5068 3440 4424 4577 4870 6462 5434 1902 4512 3500 5088 2953 3252 3888 5964 3950 2034 5106 1642 4689 4380 3917
2677 3286 2314 4561 2046 1689 5030 4163 3436 1447 5873 3995 1783 4482 2301 3718 1835 3745 2033 3426 4332 5230 2441 5445 2540 1734 1811 6006 4534 3453 3570 5745 6311 2519 1567 3303 4336 5648 1443 6332 5013 3029 5150 5128 2289 2505 1603 5015 5168 2049 5850 6249 1875 4232 3517 2482 2223 2011 5979 5467 2542 2798 5432 4095 4621 4774 6123 1135 4956 6493 5406 4654 5250 5857 5906 4726 1270 3957 2585 6193 2823 5070 3866 5761 5461 1431 1680 2233 5077 4206 3595 4705 5329 4837 2861 2102 4582 4353 4910 6439 3972 3263 4441 4186 3570 1674 5005 1061 6471 3270 3901 3477 5618 6216 4337 1898 1715 3419 4546 3353
5791 2109 5857 4553 4384 1312 4369 4566 3570 2986 5033 4945 2344 4854 1939 6142 1445 3344 3920 3797 1955 6012 2929 4482 1712 2224 5407 5989 4652 1173 2324 2578 5196 6410 5536 1233 5658 1121 1061 5664 2290 5985 1691 4524 4102 4290 2957 4060 4059 1844 5273 5446 5195 1368 3060 5432 1409 2757 6116 5424 4096 1284 2373 3812 3740 5652 2053 1084 1150 6248 1960 3922 3365 3812 1476 1401 4192 1252 6405 5171 2133 4789 6058 4921 1789 6169 5383 1911 3621 6087 3585 6285 4591 4968 6421 4304 2511 2972 1490 4807 6287 3059 4186 3502 3275 2037 4580 4726 2421 4506 5565 3523 5074 2899 2627 5485 3451 3071 4328 1920
1885 4086 2613 3004 1978 3074 4293 1685 6438 5473 2757 2996 2314 6084 6267 3956 4388 1875 2108 4965 4229 1191 4340 4557 5138 5326 2978 5282 6276 3914 6233 1042 1384 5779 5569 4859 5023 2321 3987 4979 6367 6050 5664 1089 4401 5914 4043 4194 1905 3646 4747 5254 3665 2888 2282 4624 5717 6502 3721 2585 4696 2875 5017 2285 5894 4061 5219 2316 5089 4053 6081 5547 1212 3234 3875 1712 5827 1077 1035 3002 3697 3318 3345 2327 6423 5951 2784 3404 4316 4316 2103 1808 1848 5777 1513 5457 4600 2196 6237 4910 4669 3726 2062 1659 4349 2974 2444 4801 5248 4182 6138 5051 1252 6204 3598 4058 1049 5194 5141 5697
4582 5743 5484 6217 3171 6284 6407 2559 6524 3320 6382 1825 1397 3196 3771 1701 3936 4824 1053 5938 6440 2236 5592 3365 1162 2511 6339 1166 3735 4268 2761 2736 4019 2399 4840 3460 4761 5485 3509 6454 6100 5450 2774 3110 2759 3936 2182 3432 1319 1167 4501 1605 1532 3367 2278 3385 5924 3823 2031 2803 3791 1698 5436 4311 6019 1261 2540 2559 2586 2290 4274 1846 3136 1480 5974 3964 5622 1785 4657 4229 2193 3331 1717 2873 1595 5335 4451 2869 6128 4573 2258 5449 1411 1390 1071 6137 3095 4952 1591 2172 2726 3293 3519 1599 6270 5684 2092 2915 2495 3207 1148 1595 1630 5236 3003 5455 4005 3981 4239 1755
4016 1367 1965 5201 6386 2638 4192 2771 3374 4960 3081 5818 1406 2413 6170 1938 4560 4686 5914 5915 6499 5067 4517 4682 5327 5411 2025 5189 2298 3336 4138 4331 6436 5407 2750 5578 2908 3589 3729 5670 5128 2373 4771 6137 4961 5475 2053 4718 2165 2772 5088 1765 3875 2052 5230 4722 3106 4303 3582 3037 4859 5768 2804 3491 5386 5749 5319 3444 1538 2768 3458 4147 1254 4936 2755 1402 4112 1406 2111 5907 4653 1800 2876 6143 2238 1778 5142 5619 1433 5944 2875 5590 5991 3277 1710 4805 1188 3863 4487 5775 1954 4849 2545 4153 4742 4263 5035 1531 5193 6270 1417 2113 4920 1833 2928 1835 4341 5717 5469 5134
6132 4766 3678 2801 3582 3991 5271 6416 2609 5575 1983 4956 4222 2598 4512 6009 3242 2084 2971 4286 4686 4515 4897 6329 2519 4728 3003 5801 2310 3949 2563 5634 6385 5314 5929 1516 1409 4903 3951 1860 5490 6340 3629 2714 2517 5682 3790 4657 5009 6015 4817 3331 2398 6445 2121 3130 1353 3251 2525 1335 4147 3451 3401 4879 2514 6499 3675 1929 4398 3644 1143 1314 1061 1486 4627 2185 2664 2386 3644 5923 2684 1782 5647 6408 6329 6493 4544 5252 1742 1052 3223 4631 6459 5566 3566 6517 6486 2625 2356 6407 4039 2967 6126 4072 1932 1957 1328 5609 4086 1096 3496 4494 5289 2251 4244 2191 6048 4978 1479 4055
1575 1906 4776 2952 1247 1270 5042 2293 2877 3612 6261 4135 5771 4726 4756 3545 4070 3594 4677 4091 1087 1362 1620 6194 4698 4157 1184 4695 3282 2348 3868 6260 1170 3958 4432 3018 1629 1636 4438 6350 1864 4533 4317 1447 1339 2203 5033 3506 5107 1596 4752 5630 4355 1843 3199 6480 4174 4108 5748 1824 4623 3915 6273 2714 4945 3430 1359 4126 5367 4167 2200 5440 5302 3019 1580 5321 6421 3269 5357 3380 5748 2299 2515 1842 3202 6056 1257 5159 2118 4089 1998 1834 4759 3344 3381 6153 6180 6276 3302 5699 3820 3679 6202 2188 2119 4638 2210 6092 3035 4148 1953 2720 2600 6152 4302 6232 2813 2418 4691 2423
6016 1219 4464 4406 1067 1210 6521 2177 4041 3215 3923 2553 4733 1644 1403 5616 4411 4078 1536 3952 5837 3753 4484 5685 4175 2722 5823 4142 3251 5714 2812 4864 4286 1450 3993 1283 4489 3721 4875 3267 3586 3911 6232 4096 5736 5678 5404 2350 5842 4348 3461 1526 2345 3299 4694 5043 5801 4232 2152 4086 4196 3591 4260 1667 4671 3438 3082 2897 6131 4414 4013 5262 3726 5869 3637 5913 3567 5734 4444 1414 3021 6407 2545 3485 2225 6434 4696 6235 4215 5245 5000 3183 4945 5586 3083 3391 5060 2639 3842 6241 6441 3479 4126 5154 3501 1984 4136 6146 6097 2387 4090 4918 6379 3279 3716 6437 4004 4646 2249 2028
6264 6206 4447 3162 6457 5105 3186 5492 3723 1166 2497 4466 2025 1238 5791 3775 2079 6016 1395 6141 5839 4149 1337 6144 6508 5396 1279 5838 5570 6064 5993 3366 4204 3981 1709 1397 2268 6438 3351 3042 3286 1514 1927 2628 4341 3130 3182 3878 4517 6381 3925 4554 4647 5581 3030 1443 2577 1559 4897 2777 5707 2942 3192 2505 3859 2985 2611 5634 3066 1712 2749 1482 2020 5539 4372 2583 3980 3716 2125 6294 4222 4552 4366 1703 5019 3417 5139 6111 1177 1431 4138 3205 3584 3666 6198 4629 2990 4818 2352 1728 3667 2000 5153 1642 3062 3962 1193 3627 1902 3442 3323 2511 5482 5968 1503 1750 4330 4251 3759 6260
4036 4564 2906 3218 1952 4460 2532 3531 2939 4425 2788 3184 4008 4932 4740 3460 3914 4910 5381 4417 4956 1094 1081 4881 2986 1861 3975 5526 5589 3027 1130 4131 4434 5135 1266 3776 5739 3466 5569 3114 5437 2892 3855 1873 3640 3790 5031 2008 3234 4863 2280 2968 3605 3392 1349 4125 5756 1383 4550 1191 5402 2879 2820 4651 4100 2438 4401 6224 2465 3182 2061 2418 1073 5917 1650 5026 2243 3501 5193 2980 3005 5677 5651 2160 4441 3870 3425 2354 2210 2295 6364 4810 6267 4769 1086 4300 2840 6139 6359 5249 1027 6231 6153 6372 3864 3579 2124 4774 6154 1570 4011 1450 2140 4089 1604 1802 2920 3746 2508 6032
2907 3507 2185 4798 5303 3512 1751 5959 1104 5293 6052 3219 5200 5126 3572 2239 3891 1575 6109 2842 3019 2923 5643 3369 3646 2465 2877 5028 6147 2315 4935 6519 1512 2014 2190 1731 5519 1604 1039 2138 6252 4061 3545 5318 3400 1721 3470 1219 3393 1248 3557 2112 4168 5834 3371 3298 4642 2279 5822 4096 4072 4761 4368 5544 2568 1461 3370 5529 3521 5382 1575 1735 5930 2761 3508 2907 4652 5298 3351 6320 3971 3046 1061 4567 4289 3454 1866 1939 3659 5899 2693 3422 3545 6156 2153 4962 4731 5625 4382 4737 2063 4796 3293 2253 2764 5043 6007 1169 1082 6192 5327 1222 2871 2297 5084 2847 2420 5832 5416 4862
4086 4555 5844 1532 5526 1189 2961 5989 2561 1131 2984 5305 4536 2728 3827 5805 6161 5978 3938 2472 4020 2931 1911 6214 6175 4697 5194 3160 4515 6374 1670 1250 3173 5609 1770 1820 1117 6179 1865 4978 5466 2762 3082 1027 1660 4618 4136 6438 1209 3967 3379 1248 4569 3132 1742 3951 5882 6087 2351 3395 5133 2330 5667 2943 4310 5796 3591 2557 1520 4038 4303 4167 2247 2647 2947 2591 1052 2080 5053 5752 5637 4064 3756 4602 2538 4554 1812 4993 3337 1410 2380 5791 3954 4643 5567 4630 5772 1724 2283 2143 2830 6350 5349 4902 2567 4304 5715 3787 6487 6060 3569 1251 1971 5695 3596 2997 6053 3805 5258 1725
6026 1994 1760 1964 5267 6082 6170 1382 4420 6386 4951 4610 6263 2300 5194 3406 5466 6135 4155 4553 3565 2925 6275 2855 2693 3163 3860 2257 3916 4405 4335 4962 5567 4064 6059 5418 5294 5045 5365 3887 4544 5636 4362 1831 2412 2703 4159 1536 5633 5387 2425 5464 5790 3875 4662 1797 2619 5621 2818 3342 5535 3475 1667 2608 2663 2178 5998 1242 2053 5822 2446 2481 3775 5941 1860 4365 2732 1991 1922 6522 1082 5965 4048 4664 4779 5263 4807 6460 2707 2379 5656 2861 2396 3253 5510 4455 5442 1778 1383 3963 2776 1820 1576 2349 4097 5698 4934 4596 3575 5477 4565 3454 1991 5883 5885 2730 3283 3567 2168 4108
2767 3871 1941 5996 5701 1373 2744 4167 4881 4975 4696 4685 5733 2832 1536 3810 5190 5868 5711 6301 5901 2855 6263 5323 2919 2775 2241 5101 3670 5381 5640 2869 3758 3121 6074 3598 2201 6091 1370 6033 2579 6458 5760 4881 5358 6488 1239 1808 3535 3060 5406 1607 5551 4687 2601 2722 2523 5664 1245 4801 3188 5649 4919 6008 6000 5311 2629 2640 1048 3261 4523 3204 6280 1042 5280 3461 2738 1078 5230 2679 3035 4761 1654 1074 3484 5404 3753 2881 5090 1942 1680 2534 4974 1489 6341 6164 4694 4747 6264 3188 1282 1653 4459 1249 1328 6455 4598 6379 2289 2281 6404 6360 1194 2587 1940 1822 1556 5071 5305 2410
4796 5882 1434 3357 4739 4871 1395 5577 6175 5843 6290 1208 1560 4402 3547 3558 5452 6505 4164 5506 3563 2354 4314 2417 1404 3771 3642 2891 5975 4391 1944 2268 6441 4107 3516 1444 6387 5874 2432 2136 4875 2138 1875 3038 4889 2484 5306 4437 5531 2408 4809 4619 1761 6223 2350 1796 1938 4920 1959 2170 1317 2148 3719 4568 3177 5897 1589 1085 1406 6226 5676 4351 1882 4573 3836 4646 5189 4540 6344 2285 2013 5493 1990 4292 1682 1154 5058 5329 4651 2770 5787 3946 5567 5062 6340 6300 5309 3124 4421 3240 2405 1512 6456 4864 2636 6174 6348 1614 5980 2569 5189 1902 2514 5455 2554 2543 3262 1802 6101 2198
3847 4425 6103 5851 3812 6413 4369 2538 6500 5581 3628 1187 2151 4978 2018 1179 2466 2140 2435 5656 5407 4443 3953 1945 4539 2870 1700 1995 1318 2216 4263 3989 6374 1886 5273 1166 2005 2170 3501 6273 6302 5651 4779 6384 2500 6194 3692 1166 2331 1495 3809 1603 3021 1906 6157 1964 2902 4203 4743 4121 1033 5786 3705 5133 6025 2255 5795 4545 2000 2892 3545 3618 3628 6086 4224 1102 5692 1128 3221 3611 2039 3919 3495 1168 1702 3343 2648 6377 1125 4780 2912 1304 1191 6306 3466 6463 4911 1502 3508 3766 4503 1987 5459 6283 2508 5286 1261 2301 4880 2386 1438 5377 2295 3717 1428 5693 5739 6512 3730 2704
5544 5307 2033 6023 3264 1919 1946 2409 1304 2507 1677 1453 5865 6303 3293 5118 3392 1524 4530 3518 6527 5426 5318 3968 4186 5304 2920 5388 3034 2008 4988 6367 2397 6103 3577 5417 5780 2674 3177 4813 4100 1492 1645 2404 1542 4257 2486 2618 4295 2927 6285 4688 3529 1863 5964 2520 2400 2216 1635 6076 2613 5124 5461 5656 3270 2625 1592 6203 3684 1209 1848 1834 6068 1083 1172 5277 3375 1160 3615 5632 4898 2775 5696 5619 2606 2897 4595 5066 2505 5909 2118 4238 2875 6453 1501 5242 6178 6456 3566 6015 2287 2070 6469 1600 4071 2495 1858 1559 1827 3220 1878 4622 4496 4460 5514 6247 1903 4881 2552 2453
5973 3392 4816 5440 2861 3244 1620 4165 6194 2044 4828 1076 1525 3656 5715 2256 1629 3104 5943 1170 4002 4742 2333 1190 2256 5487 4139 5613 3659 3013 2077 4217 1349 5608 3009 6420 5961 4648 3194 1082 5812 6477 6081 5786 1207 5264 3103 5401 1878 4639 5300 2895 5868 5404 5171 3079 1957 3742 5092 3907 5506 5423 4257 1975 6360 1357 2137 1737 5457 2154 4496 1047 2154 4203 2397 5617 1268 4524 3562 5467 3347 3450 1400 4876 1729 5528 5465 1394 3532 2747 6516 5931 3412 1550 5316 4493 5327 5551 1497 3616 5252 3632 2133 1694 1171 6039 6000 2938 6508 5982 5109 3030 3155 1780 2627 4875 5090 5305 2637 2597
1031 1158 1179 6373 6530 4515 1350 3901 3176 1487 6016 2391 3875 1084 4873 3343 5487 2448 6203 5748 1375 3301 2431 3531 5590 1738 4950 1035 5262 4288 3537 2786 3861 2237 3737 3759 6091 3757 4840 2950 1765 4844 4494 4784 5485 3149 4845 4648 1343 5526 5245 5407 6413 5762 4041 2040 1500 5565 5743 3917 4230 2155 1828 4456 5558 3362 1454 4555 4975 1644 6121 5545 5509 4166 1347 5866 2337 6307 4800 4395 5314 4202 2678 4667 5559 6259 4369 5024 5670 4622 1488 5392 2824 5244 4103 3704 6058 2292 2971 2552 4910 4640 1673 3173 5256 4125 2400 1093 4866 2431 2370 1495 4664 5066 4966 5385 4636 3322 1433 6528
5491 6140 6073 3220 2774 2995 4536 1488 4146 3188 1567 2678 3785 2825 3593 5242 1711 4530 1315 3330 5325 6048 5299 6252 5217 3576 2702 4808 2556 2134 4896 2265 3203 6215 4456 2841 4911 5198 2681 6194 4493 4320 5627 4998 3839 3944 2855 2216 5432 3780 3151 1760 2372 2502 6483 1323 4734 4532 2093 5560 5400 5960 3302 2028 3734 2096 5023 6495 4691 1295 5513 2269 6139 2554 3181 2919 2192 3324 1061 4527 1125 1939 1057 3487 5542 1585 2659 1490 4302 5436 3971 4378 1582 2190 5804 2808 2797 6134 3997 1831 3971 2613 1833 2322 2749 2177 2103 3033 1852 2181 5442 2896 5110 3936 1626 3967 2227 4386 2722 6435
6161 5074 3024 3372 2688 1130 6449 3646 5319 5337 4002 4656 3454 3328 1815 3343 4625 1078 1944 3228 5444 2116 6079 1482 2601 3305 3003 4033 1707 2903 3664 3678 1415 4405 6357 5040 2126 1179 3125 4732 3044 5785 1262 1338 4740 3760 1813 1174 5689 2007 5328 4849 3174 4856 4443 2781 3904 4464 4995 4900 3151 6290 3630 3393 2289 5797 3921 1765 5462 6370 6392 1396 3845 4726 4674 6406 3029 4102 6498 2790 4469 3878 5536 6038 5477 5473 2645 4937 4730 1716 2547 2152 4830 6035 4859 4622 5389 2146 1540 5772 2138 4861 4155 5349 1768 4529 3933 2770 5682 3393 4671 4800 6403 4194 5447 2381 1790 6207 1648 4943
5399 5750 4937 1997 4632 4248 4471 6276 2206 1069 1199 3427 2457 5422 5436 5135 4431 1417 2687 3936 2649 2849 2794 2914 4517 6091 3845 4054 1523 2386 3817 5934 1368 3828 1095 5780 1341 4707 1250 2147 5601 3781 2448 2732 6099 1972 4158 1459 4601 2751 2409 3824 5516 1766 1445 5774 3226 2850 4122 4591 1154 1755 4610 6438 3196 1904 2092 3708 4878 3763 2556 2156 6039 3562 6505 6054 2633 4047 4862 6416 5159 5521 5210 5696 5771 6353 5039 2563 2338 2598 4038 4186 4078 4889 5626 3320 1347 4521 1337 2373 1994 4424 6150 4574 5121 2397 3961 4882 1977 4288 5693 2662 3863 6081 2834 2450 4244 4129 3657 6402
1277 3863 2762 2646 6004 1996 3089 5090 1901 5088 3884 1967 2609 4323 3903 3577 5854 1372 5505 1838 4965 1734 5692 2549 4363 6414 3409 3109 1385 2582 2993 2762 3564 4533 2533 5155 5334 6197 4103 4134 5050 3155 3655 5115 4996 6467 4839 3453 3567 5417 2495 4668 5005 6305 3770 5758 4162 3896 2903 6329 4041 6001 2857 4762 3886 1857 2775 5762 4306 1939 5149 3204 5099 3652 5705 5480 2305 1448 5311 3114 6258 5892 5621 3964 3183 5009 4472 1856 1149 4992 3173 4879 3700 3824 3696 2101 1283 5754 1249 4146 5546 2598 1042 5946 4543 5874 4211 5942 3818 4562 3846 1857 4777 1963 5218 3756 3661 2519 6196 2555
4346 1060 2234 2917 5675 1109 5831 2904 5676 2720 1346 5363 5022 2094 5798 4362 1654 3998 4227 6181 2942 5890 2300 4353 6099 6496 1991 5134 1254 2354 2736 1903 6395 5862 1686 3709 1197 3807 3180 3653 5095 2163 1082 3333 1644 3563 3482 1331 4177 2310 5179 2038 2942 4471 4449 3370 1841 2402 2531 6113 1402 4194 3243 1117 4031 4230 4026 5142 1338 6223 2849 5178 3958 1076 4105 4136 2134 1950 1324 5621 5647 5484 6362 1256 2729 2161 2165 3837 4225 2033 2549 2277 3401 5287 2021 5763 6151 4418 5604 6513 3346 3556 3493 3962 2073 3873 3184 1437 4635 4614 1438 3856 2544 2320 2208 3131 6334 6448 3705 4281
4357 1613 1856 2906 2196 5570 2207 5539 6033 2268 3414 5197 1270 5342 1209 2370 3854 2301 1965 5795 5628 2019 4783 4549 6452 3504 2766 4143 1152 4980 1196 4382 4732 6199 2689 4097 3354 2802 3352 5245 6303 6035 5071 6250 3364 2557 5915 1108 3095 6021 4482 6139 2487 6518 1952 5331 5019 2318 1955 5381 1708 5758 2382 2924 1446 5742 4858 3097 5531 2167 4624 6351 4208 6311 2064 6280 4446 4481 1421 2798 3955 1787 2607 1763 2958 2558 5936 3962 6374 3176 5343 1531 2180 5389 5408 4323 1476 6066 4074 2274 4568 1169 3527 3675 4677 5337 2520 4839 5732 1323 5966 3411 1250 3485 5874 3613 4160 2747 1567 3323
4692 6401 1346 5972 5063 1634 2017 1604 1941 3396 1169 4380 5136 4737 5758 2144 3676 5480 2151 5576 3316 3642 1311 4544 3620 3885 1421 5736 3854 3309 1837 1428 5797 5142 5773 2893 4533 2875 1105 5198 3801 2786 3119 5256 1283 5382 4340 2847 5623 2708 4093 6506 3920 5358 5438 2423 5882 1387 4031 2564 3894 5588 2074 6407 4634 4457 1791 3624 4110 5850 4912 3905 4176 5710 4485 3173 4209 2272 2665 5974 2261 5405 4314 6285 3127 1799 1901 4918 5923 4501 5576 4914 1274 5041 4263 5267 2802 4025 4696 4131 1939 2942 5822 6110 4795 1480 6226 4979 2714 4687 6045 1095 2231 3523 6207 2418 1641 4166 6379 1728
5087 5869 5609 6193 4889 3267 4499 6393 5229 1862 3928 5761 2051 1639 1084 1124 2265 2318 4694 3186 2751 6036 1872 5169 4316 5703 5483 5592 1831 6506 3705 6482 5743 3250 6241 1473 5460 1994 4254 2296 1227 4432 4032 3967 3614 5846 4329 3603 3562 3042 5073 4643 3103 5102 5955 1492 5379 2664 5022 1791 4400 2995 4565 3886 2705 6053 6512 5922 1129 1799 4872 6096 3533 5016 4431 4318 3876 6026 2565 1835 5806 4355 2948 1349 3450 5533 5173 1521 3695 2535 1049 6183 4676 5730 3777 1299 6151 6276 3798 3860 4634 4921 2322 5313 1457 2525 5189 4319 2518 6339 4177 5996 4710 1329 4782 1688 5393 6369 4327 6343
1885 6530 1690 6032 3875 2357 1532 6465 3857 1809 2900 4952 2598 1440 4475 3339 5945 2271 4962 3521 3315 3009 6156 3351 2896 6188 1679 1117 1315 6011 2839 4374 3727 5755 3427 5755 4110 5230 3399 3448 6509 1675 1192 4269 2766 4348 1283 1903 6309 3678 3815 2885 4155 4933 6390 4843 6318 2741 3815 4050 3055 2986 4231 2206 1859 2705 3380 3111 5828 2764 4064 6265 1373 4530 1940 6484 2256 3213 5355 5676 3507 5019 1426 4265 4591 3085 2127 3752 2624 2699 1783 5689 4792 2222 2166 5536 4540 4996 4043 2004 4357 5520 3337 5251 4896 1863 4312 5643 3566 5012 2673 5634 3877 1493 2598 2863 1485 1115 1751 4239
2244 6382 2046 3665 1339 1479 5924 3163 4151 3605 1258 6467 2449 2936 2689 1366 5110 3081 5298 1684 4327 5584 4055 5425 2106 2892 6240 5270 5399 1519 3279 5343 4092 5023 5180 5979 2618 5686 4434 2063 3958 6146 3024 3122 5416 1094 1161 2482 6431 6456 3812 4910 6012 1153 1244 2810 4530 2624 1665 1439 3980 1159 3318 6232 2343 2908 1138 3733 3700 1850 6463 1532 1592 3341 1725 2019 3723 4922 4959 5592 3164 4116 3373 5017 1771 4328 1345 5660 5838 6514 4810 3720 5741 3045 5132 5946 5382 2023 2526 5441 4009 4627 5931 2275 1341 3830 3313 6294 4729 3218 3141 5767 4716 4574 1869 6038 4342 5059 5061 1751
1100 2209 3706 1811 4344 5064 6098 3142 4951 1920 3266 1951 3866 3585 1110 5122 4805 2299 6189 3721 3635 1680 1402 5247 4367 6485 3333 2404 5084 4692 3752 4204 1774 5261 3794 2303 3823 3185 3975 2362 1884 4837 5469 1261 2437 6341 2433 3739 5521 2910 1072 3454 2039 6387 5055 5376 2310 1849 5396 5699 2013 4955 4394 6041 3444 4086 4112 6413 2322 1822 1899 2520 3668 5592 4080 5997 5804 1438 3179 5742 6368 1118 6074 3764 6151 6011 3794 2891 3343 5578 6074 3315 2490 1686 2827 3616 6300 4765 4854 4219 4127 1937 1854 3424 1151 3864 5689 2142 2639 4556 1492 4537 5618 4283 1676 3563 1058 5608 3445 4895
5612 4681 4279 6324 3250 1351 1036 6209 4648 4929 5059 2443 2392 2697 1728 2960 2846 1253 5498 2816 2988 1935 1916 6462 5639 4406 2021 5603 4488 5371 3943 2620 3164 2037 3275 3911 2437 6317 5356 6202 5975 4642 4152 1148 5628 5318 4786 6442 3824 3199 4338 5267 2821 4264 4131 1212 5216 2830 2821 3037 6010 6387 5097 1890 6432 6158 6455 1131 2291 5768 1771 1357 4585 3841 1939 2830 2251 1929 3155 1517 1077 5799 3170 1112 5657 4054 5642 5364 1468 2051 1196 5912 2615 1296 2105 5714 3447 5460 6330 2657 4669 2073 2121 5049 6175 1052 3094 1538 1541 1553 4323 3993 1709 3740 2824 3086 1704 6489 1136 2596
2907 3669 5402 6356 5375 2962 5529 4427 4385 2696 1812 2791 2082 1438 2631 4286 5560 6453 2176 5783 1387 1054 1187 6255 2201 3614 4006 3061 6259 3825 4630 4238 2685 4676 6032 2642 5522 4794 5576 5517 2782 6504 6406 1983 1890 5977 5412 2204 4468 3851 3346 3341 1340 2416 1746 3117 4664 5614 2812 3277 3768 5727 4794 6257 3299 1681 5325 3665 3376 1351 1799 4824 3310 4407 3279 4264 2109 5386 5664 1556 2963 2911 1162 2212 4536 3784 3632 3733 5834 5323 4424 6359 4537 5986 5406 1677 3148 2171 5649 3473 5658 4345 5908 4077 5522 4786 5423 4578 4596 1519 5500 6501 1237 2415 6314 3741 3743 2660 3581 2151
1807 3444 5452 4050 2741 1978 6145 3491 5240 2499 4253 4690 3215 2577 5937 5387 2057 6426 6246 2478 1094 6346 5878 2255 5371 2813 1841 2103 3634 6150 6009 3041 5064 1068 6086 3454 3949 5031 4515 5746 1959 5927 2735 6356 2512 5965 3101 4978 4243 6448 4277 3147 5491 4954 3664 3731 4804 2888 2911 5170 2736 2286 1381 4165 1971 3376 1913 1819 2336 1514 6469 3130 2074 1257 4105 6360 4635 5103 2969 3938 5745 3379 2138 5881 4027 4575 6089 3183 5872 2065 4085 1614 4185 3418 4096 5714 4243 6210 4898 2026 3470 1730 3750 2235 3216 3784 4459 3485 5810 4406 5987 5020 4321 5604 4375 4600 3807 1306 2466 3237
4032 4886 5042 5068 2030 1292 1162 1224 3493 5025 4611 5802 1527 4591 1542 2998 3145 3332 5779 6115 1108 4963 5949 3807 6181 5889 3372 5896 2846 6345 1050 2164 4339 5785 5078 4715 4909 5059 5956 5096 1962 5389 1499 5019 2331 1585 3877 5481 5765 2654 5699 2283 2753 5941 3558 1771 4604 2636 2135 2922 3000 5806 3185 1565 2249 3801 4129 1387 6360 5439 4717 6128 6499 3015 3690 2686 5051 4169 4676 5143 2565 2836 5690 1139 1850 1644 4383 1792 3495 4100 5338 6237 2541 5641 4583 1247 4098 3351 6228 1804 4014 6081 6085 3490 2575 3469 4848 5393 4502 4854 1186 2045 2952 1640 2872 1213 3838 3784 3366 4319
2405 2922 5236 5282 3070 2456 1340 2553 4831 4753 6318 2319 2928 4488 2572 6206 3311 2977 1070 5398 5612 2296 5631 2140 3662 6426 5501 5897 5325 1161 6333 6215 6262 2876 4965 4343 2346 2973 6193 4270 5022 5897 3183 2867 1244 2260 2306 3714 4673 1602 4067 5068 3198 5775 3227 5749 3863 1896 4170 2709 2279 4720 1955 3704 3610 1340 2798 3358 2225 2775 3973 3259 4353 2110 2519 4792 2228 3429 2536 4784 3527 5041 3151 6388 2443 3964 5942 2311 6308 2452 6366 1059 6285 3516 1817 3890 3601 2857 2894 2134 6227 3590 2424 2786 4680 2801 3111 4318 5304 4348 6141 2823 1856 4141 6066 1228 2643 5630 5521 3155
2868 3549 4217 4466 1789 3245 5853 2742 6044 4035 3013 6111 4945 1259 2122 6242 5425 2273 5150 1766 2726 2775 5121 3399 1516 4342 1869 3094 4502 3413 2411 2967 2311 2051 4956 6082 1913 3715 3633 3139 4090 3147 1299 3834 1642 2756 5820 5371 2430 4685 2684 4111 3648 6329 2357 4657 4236 1740 2527 2834 2324 3137 4613 2325 3293 5703 5189 3923 1601 4863 5844 5529 3563 4864 6521 5478 4190 3667 3085 3565 1390 5112 5121 1177 2629 2271 1368 6147 6367 1263 3112 3966 6286 2179 1309 1420 2807 6376 2422 1638 3219 6496 1799 1272 2096 5922 1333 6115 3821 5720 1149 3577 2369 1695 2286 5188 2549 3466 4522 6271
4133 4512 4584 2588 5699 4826 1269 6332 4500 4774 3247 3258 1457 4070 2952 3105 5511 4465 5513 4657 4184 4497 1869 3806 1336 4996 4097 5713 1424 2427 4075 4325 5918 6430 2784 6442 5491 4230 4428 6502 1140 3521 5166 2191 2650 2386 4377 1619 1202 4014 4917 6160 1502 1984 1211 1244 3345 3686 4349 4223 4695 1265 2651 5235 1419 1833 3919 1899 5983 5191 3810 1993 5848 4601 4789 6438 3534 1378 4985 3790 5488 2968 4855 5825 4159 3748 1033 4788 4622 2821 2719 1806 3849 2989 3259 1771 4011 3202 3317 2204 1861 5086 2296 3749 6142 4879 5379 4158 5198 1112 6377 6226 5762 3823 2449 2179 3643 2045 2038 5668
4975 1057 4521 5182 3302 5741 3786 3852 4670 5095 1939 4223 3175 3978 6221 2618 4904 6338 1752 4631 3097 2291 2471 5408 2343 6003 2242 1175 2323 2443 1091 2542 4850 3195 3417 3664 2350 5235 6216 5526 5764 3482 5863 5715 4613 5003 2721 3017 6165 5587 2933 6257 3567 4212 4341 2679 4383 5989 1354 2363 3462 1423 5167 4178 5081 3922 4721 4226 3874 5118 3190 5706 3518 3674 5299 2008 5725 1953 1076 5777 1286 4608 5272 1292 2576 1817 1682 5271 5930 2436 3818 4657 3924 5320 4858 1678 6371 2022 1841 2967 1409 3150 3475 2919 4267 1640 6326 2382 1713 4493 5959 6098 5305 5771 5763 4905 1981 5668 5311 3776
5384 4624 2529 3128 5693 5110 1636 4580 2768 2423 6103 5836 4107 6180 3679 2349 5515 2947 4657 3190 2368 5134 5657 3788 4080 5299 6517 4359 2740 5205 4410 6195 3322 4169 5999 2960 6402 2138 2093 4243 1505 4422 5413 2658 5505 1727 2074 2012 3870 3051 6114 1423 2890 2276 3562 5056 2154 5048 3759 3302 5431 5482 5317 2607 3391 4848 1620 3450 3553 3123 2710 4187 2133 1426 5082 1178 3745 3167 1284 2356 5797 2784 1675 5465 2320 1487 4474 4460 1896 2523 1392 5767 1030 1445 1951 5492 5399 5059 4688 4533 4765 3905 5598 2044 5868 4507 4279 6195 2093 1988 3806 6390 2910 2850 1899 6292 1104 5648 2313 3218
2088 4314 5368 4392 1631 4165 5641 6210 2242 2820 1572 5249 1267 5956 5701 6327 2534 1569 2298 3438 5988 1583 2023 2529 2187 4082 3011 6017 4556 2790 5592 5874 4844 1911 2055 3723 2180 2570 6081 6490 4225 5747 1295 5790 1701 4860 5131 3915 2307 2917 5349 4489 1927 3678 4447 1589 5996 6415 5585 1887 1604 3345 2982 2890 2675 2930 5213 6128 5044 1716 2825 2171 6035 2638 3026 5964 3313 2602 5873 3320 1796 3238 6199 5574 4820 1427 2439 1459 4799 6201 5335 2286 2806 4305 4532 5084 4478 4361 5435 5653 5167 2308 1824 6245 5688 1367 3755 5452 2714 5773 3510 1663 6184 5796 5297 1252 2445 2062 5278 1946
6470 3121 2581 3439 2596 5607 2880 1895 3019 1790 5216 5436 4406 3897 3655 4056 2353 5197 1884 3293 2653 4837 5274 2718 5039 5535 1425 4772 4721 3469 4324 1450 1472 4789 4041 2720 6029 5010 3084 4908 1436 3472 1420 3748 3208 1171 1980 2325 1597 1777 1700 5952 5756 1139 6494 3863 4826 1496 5273 5188 3393 2386 2585 4515 2926 4359 5045 1859 2545 2706 2775 3305 2480 6271 1536 5005 3173 5202 3649 3931 1819 5377 5827 5939 3765 1654 4928 2089 5352 4366 4616 3462 3644 1948 3453 5573 2062 4198 1304 4759 2705 1191 2017 3168 4296 6156 2426 6456 6029 5431 2837 3562 2574 2879 2042 4728 4554 2222 6402 1557
2585 1921 6174 1705 2978 5163 3921 2129 5474 4499 4402 1373 6187 5138 4203 4176 4386 5494 1340 2531 6337 1153 5369 4099 2771 3562 4743 5582 5115 4315 1124 4762 1325 5105 3228 5614 6067 3136 1620 5126 4649 5581 3779 5587 2305 2321 3636 2169 1408 6269 5382 6480 6335 3056 5675 6244 1452 4546 1708 4469 3334 3005 2980 4599 3813 1439 5185 5011 6191 3866 4806 2340 1699 3156 6284 3899 1490 2663 3708 2332 3361 4833 6038 6462 1354 1477 4333 2383 3800 4616 6313 5166 1197 6293 1412 3055 3583 2122 2125 1882 1239 5753 5096 3948 3345 3560 2124 2900 3807 4433 3715 5752 2630 3938 5422 5742 3871 1086 6526 3459
2839 6139 1340 2872 1071 5026 3779 4031 1853 5682 3712 2306 5482 6045 1273 2973 6450 1481 2883 1375 3431 5777 2570 6349 2734 5441 6285 3231 3711 1693 1823 1601 4265 3163 6439 1619 5709 4388 1057 4009 4191 1048 3995 1484 2600 1095 5945 4087 2502 3512 3505 5403 5418 6501 4304 4443 1048 5565 4467 1681 2347 3745 1422 3527 5583 3560 3113 2367 1477 1756 5598 1900 6307 3258 2653 6518 6353 5174 5864 1082 3341 4852 5079 2503 5224 4496 2069 1507 6343 6423 3232 1028 1378 1803 5389 5335 1736 5603 6530 4156 1625 2825 2363 6216 2507 2266 4742 1602 4134 3882 4422 4134 5960 5565 3828 5286 1121 4047 6169 2596
1272 5005 4437 3768 6245 1818 2907 2736 3028 1419 2931 1419 4040 4203 3447 2813 5270 1335 3414 4591 5990 6499 3860 5756 6454 1876 5064 4469 5590 3556 3997 2654 3309 2657 4561 2798 3058 2830 5305 4115 2612 1056 1979 4203 4947 1602 5842 1228 3140 5906 5518 5437 5329 4129 2065 5627 1559 4599 4499 3702 6406 2317 5599 2513 1124 2642 6228 2405 3531 4775 1765 5438 5030 1122 1946 1949 1208 2126 5388 4084 2838 4009 3437 4973 4903 6053 2045 2787 4139 4200 2966 5224 3761 3725 4129 1854 2976 6304 5919 6493 3503 3237 3361 2291 3436 5906 1232 4447 2105 2000 3302 3125 3914 6334 2483 4670 3369 2606 1177 1141
4659 6503 1680 5131 3224 1569 4387 1251 5982 4620 5745 1815 3678 3145 4268 2673 3654 1775 2590 1395 3989 1799 1183 1744 3106 1168 3104 4848 5782 2813 2212 6512 5485 6450 1473 1695 3962 5259 4515 1666 3424 5460 3209 3537 6169 4562 5831 1913 4594 3513 4418 2840 3853 2995 6007 3715 5470 3936 3573 1731 4270 4048 2526 5524 3100 5387 2537 1509 1047 2569 3811 2907 3429 5306 5418 4173 6175 1920 2224 3017 5298 3504 5502 3214 4575 2197 3631 5136 5692 3948 3825 1912 2866 3305 5639 2721 4349 3505 1225 2332 4655 2654 1186 4908 4269 6270 3601 2379 4784 6035 4521 1315 3909 5269 2962 2326 3149 6124 5509 5559
4606 4854 3668 6094 5728 3207 3423 3288 6481 1892 3488 6020 4098 4551 5920 3767 3320 4318 6144 1929 3468 1100 1649 4038 1259 1446 1084 4846 2454 4344 3259 1078 2915 1213 2014 4357 6394 1770 3367 6263 5337 1252 3886 4829 4817 1158 6430 3899 3847 2844 3510 6217 3315 3434 5705 2291 1252 6310 3774 5337 4475 4601 2833 6479 1195 3714 4176 3165 1727 6099 3614 4288 3412 1394 4916 5864 6363 2521 5979 1401 3737 3063 4083 2506 5798 1709 4335 3048 2929 1490 3031 3476 1082 2735 1605 2625 5399 5124 4840 4375 2544 3713 1668 2931 1539 4301 6128 6116 3424 1794 4759 1199 6510 1583 4088 6476 5988 1750 5413 2663
4689 1259 2759 4064 1301 5467 5785 4044 4326 4866 2792 2162 1996 1972 5914 5582 2724 4533 4004 3217 1057 2753 1042 4383 4294 6149 1411 4624 5614 3235 1834 3119 2372 3250 6479 1534 5963 2876 5708 2352 5720 3263 2704 4142 2834 4140 2847 1555 2809 2539 3599 4400 4444 4052 4493 5640 5858 2104 2006 1108 6274 6230 5439 5761 4107 5734 1582 1709 2333 1938 3358 6318 3117 4984 4894 5771 4229 1578 6099 4737 3521 4653 1650 1535 3155 4477 2119 5034 3329 2696 4016 4954 3170 5934 4898 1307 4196 1608 2084 2989 3785 4766 6095 2053 2725 2543 3028 1866 4962 3052 2422 4184 1724 1597 3467 2112 1350 2427 5632 3270
5987 4533 3410 3554 3405 1644 1301 3135 2321 4630 1649 6463 2577 1310 4384 5109 5889 2659 1649 5674 3179 5173 5448 3801 4651 3675 5276 2994 5619 2959 1784 5659 5192 4607 2555 1194 1923 4814 5079 6444 2514 1938 2773 4514 5300 3668 4816 6335 1536 3092 1206 6251 3167 5954 2186 3394 3405 1605 1892 1942 3868 3447 5744 2409 5233 4519 4715 6516 6085 3734 6313 2851 3941 3323 4625 4502 4722 2304 3871 4001 1506 3778 5985 4813 2302 2516 6523 1365 4962 1469 5540 5802 2176 3701 5286 4080 3741 6508 5218 1535 5842 5124 4169 5090 1164 5906 4708 4571 3212 4576 2125 5725 5480 4270 4916 2449 5640 2604 3419 2514
6186 3202 5531 1328 5471 1352 5340 6385 3468 1167 2080 1163 3306 2774 4729 3499 2822 1173 6415 4786 3521 5686 3355 5042 4561 3735 2286 6134 6334 4361 3307 5239 3302 2388 2824 1895 2810 1201 4434 2858 2814 2254 1382 3672 3661 1614 3192 4797 3987 5574 3280 4313 2001 2241 1352 4321 3165 1725 3792 5436 1887 4268 3178 3590 3413 5491 4782 3984 5135 1646 5958 6494 4276 5867 2163 1447 3772 2475 4615 1113 2547 4836 3433 3987 1916 6465 4372 1321 2892 2400 3224 1827 2475 4947 5144 1726 3511 2080 5834 4458 6240 1473 4986 5578 6253 3493 4999 4535 4341 5549 3684 3901 4327 3631 5657 2205 5635 2679 2752 3657
4190 5825 5512 1900 1122 4160 1461 4703 5196 3866 1822 6324 1069 4841 4653 1071 5993 2748 1379 5064 1722 4884 6481 5035 2478 3432 2592 5304 4901 4129 3210 5380 1620 5151 5215 5845 1477 4786 1281 5418 4693 5921 4201 6449 5428 4519 4255 3790 2152 5617 4933 2075 1611 6177 2189 5218 1544 3918 2495 1445 2082 5889 2612 2327 6381 5946 1245 4257 1555 3817 6333 2909 4881 4470 3307 1310 2999 4665 2193 3174 2987 2690 1135 4463 1126 3731 1625 1059 6198 2337 4788 6179 5946 4695 2174 4292 3818 1874 3907 4109 6284 4646 4264 1850 6464 4311 5604 4541 4853 4577 3266 5304 6129 2225 3617 4740 5709 3498 4979 5548
5238 2337 1474 4210 1326 1377 2726 2890 4361 2472 2384 5722 3185 3240 2562 1537 6050 6406 5909 1869 5166 2398 5362 5378 4602 5822 3353 1050 5695 5542 2077 4031 2570 1167 1190 4563 3517 3169 1262 1385 3596 2427 1220 5577 6400 3759 4876 5616 5879 6083 4925 1422 2978 2929 3297 2950 6022 4967 2457 3953 3324 3272 3350 2971 2738 4010 2977 2693 2087 5654 4373 3169 1714 1291 5343 3737 3707 2683 2949 3145 2816 4812 4252 6208 5266 4056 5712 4483 3414 1262 3424 4810 4421 3535 3871 4993 5676 1330 4212 3144 1324 4800 3035 4723 5051 2712 4066 1931 4513 2637 4909 2763 3068 2147 4594 1060 5053 3797 6398 4537
5673 2706 3374 2916 4697 6011 4598 5551 4666 3047 3422 5596 3341 1952 4352 4446 2792 1507 1548 5725 2355 1635 2756 4790 4268 5319 1536 5497 2787 2343 3499 4073 5055 5907 3779 1151 5752 4749 3805 1767 4635 2186 4767 4098 5129 4596 3781 6114 1527 2347 2589 6353 5872 2047 6154 1867 2382 3640 6277 5375 4037 3727 2583 2386 4952 1586 1760 4572 3810 5955 3475 5608 3599 1370 5240 4600 3808 1790 3177 6336 1450 4528 1877 4646 3351 5857 4800 4809 4772 2550 3649 2934 2210 5323 1539 1204 1845 2862 5060 5049 4184 2911 2905 2419 2262 3607 3496 6144 1874 1790 3756 2870 2625 1970 4469 1309 3435 1223 3109 6256
1901 4418 5364 1055 2874 6429 4909 5071 6165 1223 5295 6104 3864 3105 2285 5190 4145 2561 3567 2650 1696 5682 2382 4614 1274 4722 3772 2932 5417 5619 4089 5504 1898 2907 1759 1977 1485 5700 6103 4196 4152 4029 3682 1913 3684 5063 2449 4771 4191 1241 3085 5444 1289 3164 5776 3824 2199 6447 5354 5485 1427 5924 4605 1209 6233 4865 3777 2564 2331 2177 3905 3890 4447 2256 3868 5466 4092 3219 2820 2890 5152 2781 6083 2944 2253 2107 4529 3378 6359 1705 2879 3527 2024 5402 2416 4700 6012 5493 2266 5056 5861 4754 2217 4857 5064 3777 1565 5437 2206 3908 4743 6137 2741 5199 4431 5709 2348 2959 5361 6286
3834 5921 6396 4547 4328 6166 5906 2088 3474 5621 3178 1070 5354 1721 6097 2425 3125 4815 4901 5345 3980 1306 1112 6002 5212 1391 2163 2411 3431 2329 4625 4675 5569 1877 5856 4127 2899 5719 1315 4445 4955 5699 2098 4109 2026 2741 2936 1779 2917 1979 5364 3334 5253 6485 4537 4083 2775 5627 3439 4123 3517 1175 4303 1553 6378 5511 5035 2717 5866 1693 3043 4924 2200 6303 4977 5789 6182 5831 2270 2981 1561 3523 4043 2668 1225 3126 3689 1855 3685 4533 5761 4764 4718 1611 5229 6328 2232 5110 3613 1916 6508 1832 2835 3332 2568 2887 1895 2079 6493 4653 3780 1489 2831 4777 4713 3028 5529 2044 4393 1427
2631 1884 1771 3630 3770 4085 3371 4473 4200 5091 1655 2173 4249 3257 3826 2805 2539 2301 5077 1873 2767 2985 5481 3383 3849 3500 4238 1149 1076 2919 1591 3761 4156 1329 1260 6161 4066 4947 1351 5651 1211 5516 3063 5086 1329 3727 2240 3407 3969 3968 4089 1909 5948 5498 1037 2837 2630 1548 2811 1703 1242 6327 5589 5975 1412 6130 1348 1414 2597 5415 5123 1094 5618 5043 3168 5857 3189 5610 2494 3282 2827 3728 5141 4298 5092 4961 5488 6445 3079 6410 5102 3219 1483 1197 1090 4040 5471 3169 1332 5067 6467 1584 6046 5715 6092 3735 6383 6085 2852 1418 1579 2751 1736 2285 3816 6289 5896 5276 2003 3134
2186 2916 6057 3328 3144 3848 4671 5313 3725 6205 3067 6434 2940 6446 5336 5496 4233 6009 5989 5962 2942 4271 2631 4693 2680 6232 1331 5000 1383 5741 4853 3977 3601 4828 3819 1070 1935 3720 4746 5508 1487 3398 1625 3915 5393 3298 4593 4087 5482 6167 3203 1585 3268 5914 2642 3412 6491 4752 3764 2417 3777 4499 1942 3916 5083 3762 4853 4829 4195 5358 2405 6479 2660 3261 4110 4356 5313 6154 5290 3727 5678 2611 1288 4921 6452 4490 4236 3837 4658 4181 5805 6412 1623 6095 3574 4297 3753 6436 1286 2637 6401 3960 3087 5221 1292 4193 3802 5903 4556 4584 4034 2817 3733 6156 6197 6306 1296 1472 5942 4239
4539 4968 4317 3479 5095 2911 3414 4543 4153 3700 6366 3135 3370 5864 1097 2819 2056 3186 5118 4139 1394 5820 6521 4108 1503 5219 5960 6444 2711 5498 4623 3274 3128 2952 4485 6228 3507 5765 4724 5486 3661 4577 5181 5618 2591 3965 2129 1259 3990 3888 4537 2712 2676 5444 4879 5999 4684 4855 1027 6424 2698 3066 2775 6510 2025 3572 2148 1410 2299 1280 1682 1815 5284 4139 1251 1958 4895 4856 1257 1884 6264 5084 1484 2711 1680 4930 5573 4973 2845 4231 5925 1957 6183 3071 4303 1339 2700 2927 3769 1889 1533 5265 3312 4601 1407 4883 6161 2204 5995 2712 3920 1174 3181 3893 5237 3303 5257 5877 4442 4419
1425 1622 5103 4627 5424 1993 6198 3570 1763 1206 4423 4657 5627 4854 3788 3028 6044 4184 1414 3730 1729 3100 5191 1241 4406 4091 1654 3784 4892 3741 3726 2867 2024 3745 2335 4898 4837 2713 5324 5586 1197 4235 5067 1331 4660 4337 1384 3944 6333 3258 5634 6090 4067 5959 5516 3558 2706 3822 6286 4602 3723 6138 4002 1916 4323 3114 3319 3859 2948 2478 5713 2459 3371 2477 1031 5926 2792 2881 1027 1526 5537 4217 3782 6404 3856 6358 3681 4220 4289 6351 6525 4542 4244 3277 2004 6110 4161 5167 2358 2469 3151 4168 3973 2830 3739 2268 4538 3018 6360 4007 6238 1853 1545 4053 4240 3198 1544 3467 1157 4443
1923 3805 5380 3538 3578 1237 4326 1561 6466 3699 4125 2072 4229 4775 3113 1258 4927 3033 5156 1631 3522 6369 5431 5117 2100 4879 4002 6394 5004 3109 3001 2115 5784 5976 1250 1912 4474 1746 2456 1262 1318 2867 1898 3116 4838 2444 1276 2159 3414 1122 4101 3622 5608 3249 2384 5878 1377 2662 4668 3255 2907 5732 4411 2421 4417 4224 2903 4080 3542 1925 2472 5148 6190 2993 2143 1698 3762 4405 6206 3805 6048 2233 1694 5982 1546 4310 1768 5352 1363 5786 3484 2165 3125 5128 5453 3248 2237 3094 4003 4856 4044 1453 1112 3171 4632 2476 2619 3769 4394 3044 4528 5364 4574 2461 4398 6087 1126 3345 2367 3348
4935 4972 2308 2677 1370 2258 6062 5556 4044 6232 1286 3154 2590 2954 5223 5252 3110 1124 4542 5681 5261 6105 4497 6133 5583 1487 3061 5921 6078 3488 3350 6329 5631 1563 3635 1653 3210 1665 1055 5953 3246 4105 4673 4797 1164 1628 4757 2621 1688 3865 6185 2122 5275 6226 4001 5023 5555 5902 2867 2349 3409 3525 2476 2584 6329 4327 4585 4407 5638 4053 1374 5656 4644 2406 6419 3961 3924 4323 2594 5200 6316 4492 2747 5701 2196 5649 6048 6067 1354 4890 5417 3114 4319 2623 5697 4079 4536 4112 6374 2554 3469 3726 2093 1528 2413 3376 5436 5191 1336 2016 4687 3453 1316 2172 3508 6113 5945 1493 1487 3695
5205 6067 5398 6360 4392 4815 4757 5632 3641 2647 1643 6399 4704 6125 3659 5793 5833 5160 4733 3174 2039 1298 1627 1282 4415 1961 2644 5470 3785 2270 5612 1173 3731 3097 4666 2040 2285 2739 4841 2186 1662 1786 2615 1797 3901 5809 5369 3795 3065 5773 2453 2966 2514 3641 1670 2209 3901 2771 5724 2940 5636 4589 4281 4196 3652 2317 3157 4808 3565 1197 3963 5325 1478 4283 1162 5068 2278 2458 3445 3279 5180 3616 2372 4247 6407 4630 4881 3097 5983 4155 1163 1660 4011 1729 6006 5788 1064 5966 1960 4874 3176 4092 2573 3978 1361 6234 4261 2836 1946 2409 1409 5332 5329 1183 2378 1578 4184 5992 2490 2218
6499 6304 5025 1052 3580 6042 2657 4862 3456 2076 3058 5373 5407 4704 2911 3968 3679 4885 4039 4381 3097 4828 1244 6178 2555 3148 5992 4877 4484 3567 1859 2196 4875 1474 4702 2719 1849 4280 2748 5192 1930 3384 5491 3298 5969 1178 5423 5999 1713 1326 2224 2600 2084 5045 2503 2681 1783 1254 1372 3458 4300 4331 4459 1048 3479 1121 1539 2626 2977 4572 3654 1980 3977 4704 6252 1271 3134 3305 2623 4887 3846 4068 6432 1268 5882 2740 5120 1562 1799 4398 2024 2249 5998 3868 5875 1397 6213 4286 4943 1350 6261 4677 2879 3994 5946 6486 5403 6270 3110 4237 4430 1081 2846 3447 2903 4033 4059 3479 4425 4676
2026 5346 6092 6304 2092 3651 2329 1259 4183 4888 3202 5356 4339 1203 3048 4640 4574 4313 3394 5175 6473 3782 4893 5652 1337 1704 4758 4432 3591 1440 5601 2487 1504 1732 1606 4553 5445 5535 1439 4027 2572 1711 2268 5235 5725 3430 2431 3216 6454 4138 2336 5472 6376 4053 1386 2536 2072 1206 2972 5343 5311 2190 3209 3635 5673 2835 2712 1795 1786 4720 3653 6179 2212 5443 6430 1436 4595 2206 3142 4649 3329 1544 1910 3771 2882 5625 4727 3061 4730 4193 5673 5808 5697 6433 3455 2297 1030 6287 1921 3726 5257 3063 6345 1125 3808 5141 4102 6309 3955 5532 2685 1707 1792 2483 4226 3078 1687 5618 2307 2428
5279 6505 4094 2947 6095 1689 6405 1608 4790 4857 2369 4395 2356 2291 4973 1856 1663 4452 6103 4304 3487 6303 4450 4823 4593 2027 3462 6020 2600 3328 4686 5691 2631 5646 5593 1814 1193 6199 6490 2528 4217 1680 3353 3225 5946 2724 6384 1525 2753 3440 6350 2268 5942 6248 5943 2027 2326 1648 6465 3570 5556 2916 4505 3573 4787 2961 1916 6059 4365 3002 3775 2433 4496 5780 2760 5272 2268 1354 1810 2627 1638 1530 4652 6410 5496 3509 4027 2985 2222 1155 3700 3858 4347 3165 6307 5863 4642 6193 6183 2433 4797 2786 4978 1516 4921 4805 2830 4968 5208 4517 2835 3049 4270 2496 5426 1816 4389 5320 2222 6481
6138 1507 5981 3363 4413 2731 3244 3026 4692 1198 3864 5848 4088 5359 3893 2144 3894 1508 3499 2378 6000 2166 6452 5546 5978 1796 2975 4936 3326 4576 3153 1185 5560 3024 4030 4709 1594 5390 5364 6391 3593 1481 2321 4081 3710 5666 5959 1565 6471 4528 1760 1916 1763 2684 2740 2499 1449 2949 2484 1625 4034 3517 4322 2139 1834 1675 3670 5144 4531 4807 6332 5141 4866 2113 4817 5770 4752 3514 6249 5859 1066 1385 2027 3904 6514 6007 4435 2678 2779 6148 2991 3084 1201 4512 2339 3006 2447 3538 6374 1533 3047 4245 3906 4845 5374 1366 2456 4453 3181 4599 5465 6003 2977 1231 1550 2006 1115 2728 2130 3202
4913 4415 4946 5151 3851 5832 2004 2826 4263 3815 1197 1875 3094 3128 2760 5693 2877 6088 2470 3521 4821 3482 2905 3852 5611 1827 4745 1788 3552 6094 2031 2087 1898 2424 1116 3028 4369 3829 4915 5760 3251 2569 1386 2522 3457 5744 2446 3271 6527 1240 1980 6495 6408 5857 5032 6382 3528 6308 3610 2676 5952 5929 2028 2469 6470 6510 3214 3818 1794 1767 3330 5854 1266 1529 5984 6482 4838 4222 1362 2762 3333 1220 3481 1278 3783 5262 6407 4697 6392 1938 2563 4733 6075 3449 2312 2109 1925 4322 4262 2978 5278 1759 5632 1510 5796 5750 6476 4860 1287 3873 3542 5510 1934 1230 3069 1886 2384 2912 6452 6286
2748 3629 4867 1879 5522 6014 4484 3118 5736 5394 4198 1082 2598 2331 3565 3288 2441 5952 2416 5399 3236 3097 2393 5692 5850 4406 2985 1983 4581 3864 5745 6220 1235 2358 2906 4419 2308 3577 5790 4792 1709 4160 2317 5364 2904 5342 1034 4082 3682 2455 1803 5987 5499 4902 2716 3371 1449 1466 6107 5345 5830 2549 5245 2003 3453 3051 5449 1280 3793 3241 6296 3228 2070 5163 3804 5391 4982 2277 5269 3446 6382 1467 3933 2593 2766 4233 2909 5011 2748 5788 3413 3845 1457 4278 4249 5987 1275 2958 5903 3278 1465 1230 2226 2200 5859 2836 2449 2635 1983 2289 3152 5027 1773 3053 4774 3087 5084 3841 1246 4916
2642 2587 2007 2538 4456 4254 3459 2621 5259 5983 2028 4845 4221 3881 2218 4846 3794 1977 3950 2921 3188 1859 3451 3641 2207 3436 5671 5231 1637 2894 3422 3535 4139 4471 5407 4048 4394 1770 2685 6048 3311 4636 3488 5534 2524 1400 5954 2910 1957 1244 1586 2728 6483 4378 3284 2681 3653 3448 1567 5632 2986 5424 1437 1955 5383 3185 4207 1400 2231 3036 2887 6220 5991 1543 2283 3999 6038 1661 5049 5286 5531 5693 6045 1864 5406 1079 5661 6434 3997 2770 3790 5763 4329 4840 5980 5616 3879 6344 6150 4769 6352 1843 3103 4481 1969 5983 2318 1330 5227 5368 6479 4232 4596 4250 5872 3081 3860 1112 2709 4340
3177 2744 3572 3510 4964 4917 4826 3574 3018 5436 2596 6154 4660 3887 3783 3840 6287 5349 1352 2455 2716 2855 6084 3139 5361 6453 6250 5676 5622 5695 2172 5167 5097 3820 6226 1883 4315 4823 1111 2038 5296 1293 1289 3958 5283 4240 6269 4360 1600 3159 3801 6156 1512 1868 5081 3991 2640 1228 6475 1136 4355 2731 2451 2323 4443 1838 2215 1969 3468 2574 1171 6318 4378 2683 4086 2210 3933 2839 3972 3545 3204 2295 1154 1875 4239 2470 6093 5956 2387 3874 5459 6293 2810 5468 6040 6369 4353 2492 2099 1785 6073 2843 2127 1632 2758 5191 2986 5072 1699 4739 2969 3251 5531 1028 3586 5931 1873 1397 4320 4747
5434 2804 4035 5339 6430 5011 5325 5464 6298 5592 3382 2930 2465 3645 3273 3276 3318 1072 5093 3775 4787 4372 3198 3927 2118 3263 3353 6484 3567 5754 1363 5035 6211 3332 1370 5891 1452 4623 2034 3896 6375 2625 5361 2651 2820 4148 3523 1712 4841 1910 1384 4271 3536 2058 6001 3204 2628 5990 4103 3599 5288 4979 4708 3812 6320 4625 1240 2892 3814 1936 5829 5570 1830 4151 4259 3575 1186 3136 1917 1998 4448 6490 1266 3553 5943 3750 4533 1786 1109 2619 3853 1691 5180 1954 4693 4727 5184 5723 4349 2422 5259 4694 2184 4277 4761 5882 5900 2435 3772 4258 2357 5093 5657 3099 4931 5523 6057 3239 5639 2041
1978 1405 6249 1848 4715 1607 3045 5026 3891 1058 4234 6465 5723 5282 6010 4689 6143 2635 5997 1345 4113 6297 4141 5302 6102 1529 5275 3207 5607 5965 3241 5698 4529 5996 4061 1958 2038 1568 6357 1831 2890 5671 1342 4590 2710 5426 3291 6102 2840 6377 5124 3568 2913 2661 6180 3839 4054 3380 3514 6013 6448 1753 3673 3092 2940 3657 6441 3366 4380 2543 5859 3909 2500 3497 4697 3004 5885 3272 2924 1668 2341 1684 4755 5200 4973 2630 6235 5762 1626 4109 2529 6195 3781 1289 1114 1967 6491 2771 5899 5238 4125 5875 2385 4157 4193 3048 3227 3307 3023 1572 1387 1180 5989 4237 4697 3745 4212 5885 3984 6526
3616 1858 3791 2667 4196 4383 1385 3411 3852 1866 5317 6360 3513 2028 3679 5582 1761 5284 2757 1211 3276 2692 2330 3805 4504 6162 1431 6308 1206 3913 3461 5683 1130 2837 4676 4964 3663 5467 4936 3905 4817 4334 4758 1676 5169 3611 6091 5047 1412 3486 1941 2285 5172 3626 3001 3335 1278 6117 1035 5656 1139 1898 4345 4450 3703 5190 2433 4702 3269 4347 6325 5560 3561 2176 6078 2256 5828 5822 4055 5819 5003 3093 5838 3520 1864 2773 6278 3419 2008 5190 4471 2621 3307 3872 3628 3146 3208 3603 3908 6425 4998 1985 5491 4600 4372 5055 3070 1766 3122 5527 6466 6039 5941 2377 3629 4468 2375 1605 4419 4120
3813 5363 6298 1235 3423 2732 1759 1451 3419 1982 5583 3798 3155 3692 3263 2370 6418 4715 3605 5005 5051 3430 3020 2701 5314 6522 5620 2121 5617 4283 5295 3582 3173 5678 2741 2843 5006 2765 2769 5701 1202 1542 5346 4564 5739 3388 4315 1108 3492 4804 1475 1413 2976 1129 6325 4956 4083 4073 4705 2304 4871 1526 1418 1357 1944 2358 5638 4692 4024 3139 5058 5337 6348 3627 4923 1875 2062 1393 4229 1392 6281 3339 5576 6287 5152 5602 1342 5060 2567 5461 1718 5463 3527 1462 6421 1605 2367 1483 4431 3902 5022 1102 1906 5926 4970 6254 6172 6036 5116 2892 3200 6485 1537 4478 2405 3818 3195 2192 1190 5381
6462 3966 1843 2449 5363 2107 1806 3623 5528 3245 5712 2202 2174 2095 2978 2668 6346 5262 1092 3670 4469 3468 5769 6212 6477 4704 1368 4566 5105 2099 1581 3680 5592 5540 3094 5739 3786 5830 5943 6066 2918 3997 5447 2982 1306 4389 2576 1387 1838 2891 2547 4057 2106 1521 3170 2811 2347 3182 1251 1939 3011 1932 3860 3860 5909 2696 5921 4135 3085 4630 6352 2214 2150 2906 2934 2212 2098 1392 4350 2019 1237 1253 1513 5341 3594 3643 4425 3132 1117 3177 4934 1506 4144 3417 4761 2913 2486 6377 4627 5123 6395 1131 5143 2756 4441 1316 1436 3539 4612 2384 1324 5653 2176 2076 6119 5538 5670 5035 5249 3654
5538 2578 5439 2689 6136 1884 4862 3464 1530 4871 3629 3777 2003 3077 5582 6475 1664 5948 4985 2676 2258 6278 4184 6208 2414 2481 2348 4073 3404 4224 6215 5978 4795 4392 5904 6066 5979 4565 6146 4551 3618 3619 2477 1825 4568 3364 5556 6011 5530 6368 4813 2757 2139 5585 4676 5029 4574 4195 3064 4209 4542 1402 1757 6070 3175 1516 5368 4533 6042 1794 5222 2528 2924 5883 1109 4833 1095 3977 1801 1684 2664 2514 1241 5768 2143 4721 3503 1538 1939 3826 4492 4090 3387 3162 2689 6044 5606 3228 6455 4680 3571 6053 3305 5907 1306 2129 4580 3011 1506 2035 3214 2903 5032 1490 1244 3068 3359 2982 4186 2329
2634 4127 4774 2245 2691 3166 4214 2379 5880 1402 2446 4397 1705 1661 1738 2334 3947 6372 5787 3718 4584 1315 1537 2434 3740 3486 5398 3682 5465 3505 5123 2089 4677 5417 5384 1808 2519 1736 5369 1668 2653 4805 2236 5539 2425 1866 2508 5571 5919 2549 5560 2667 2969 3415 5156 5975 1283 4344 3399 3449 2767 6097 5868 6386 5442 1232 2418 1565 3830 4567 2380 5893 6486 1086 3585 6250 2853 1997 1196 1729 2423 5698 3069 4912 5685 1361 6327 1046 4510 4255 1584 4864 5697 2886 4308 4917 2948 2644 4642 5676 4000 5452 5549 5904 5282 4259 5149 6339 5483 3524 5036 5336 5297 4493 2857 1687 6397 1744 1912 3069
4395 3027 6416 5050 3565 4176 5755 3505 1608 1398 3418 6395 2453 5094 4575 3940 4353 1462 5712 5485 2702 2545 5131 3272 3471 3733 4348 5087 3632 3092 1193 5326 3308 3412 2215 6244 1557 2608 3362 2342 2640 5364 5465 2636 1558 3300 4511 1090 1844 1718 1627 4264 1995 5779 2185 3538 3793 3099 2615 4553 6286 2526 1289 1224 2208 4451 1461 5824 4984 2725 5896 2004 5723 5008 3167 2654 1761 6025 1071 4584 3065 2403 3965 1588 5732 3819 4070 4021 5429 1629 1817 6163 2135 2541 4696 1579 4231 1855 4219 6029 3286 2671 2541 3196 1833 3210 3245 5873 5176 1554 4045 4760 1170 2302 3831 2514 5655 3128 5731 2481
4989 3997 6498 2175 6348 5761 3543 4792 4322 2216 6456 4235 6000 1742 2321 4957 5882 1952 3585 4293 1499 1601 3644 5137 1982 4550 5255 1728 4646 5818 4799 1799 2152 4506 6098 2124 6188 4698 1092 3885 5616 5983 3244 1658 3076 4355 4405 3511 4367 2580 5149 2843 3336 4949 5433 5012 3134 1147 1647 4032 5457 1329 1466 4725 2742 1557 5162 2747 5303 1465 5217 4300 4337 2210 6295 1691 5588 2253 1815 4170 6183 2341 5568 3250 5121 2318 3590 2655 5201 2013 1262 3602 4694 3037 3349 4669 2472 1740 3369 5130 2990 4572 3182 4821 2085 3891 6202 6317 6431 6124 4474 2391 4098 2579 2091 5962 3973 3756 4705 3892
1079 4653 2244 5748 5111 6143 1166 3358 1661 2433 5775 4475 2127 5637 3113 3846 1101 5074 2644 1904 1190 3488 6171 3228 5984 6303 6301 2980 1108 3696 2701 5970 6064 6442 3634 4648 3827 1750 1767 4697 6261 3956 6300 2637 2268 2164 2004 6177 2984 1981 3493 1956 6056 3754 5051 1372 5122 4104 5462 3711 2351 2457 3399 4730 3324 6420 2294 5613 3595 1314 1631 5933 5584 5731 4497 5312 1044 2023 2990 5477 3958 5686 2926 2570 4325 5961 5915 3668 3623 4238 1174 5659 4181 5991 1489 1898 3164 1195 3027 2819 1533 1444 1079 5209 6350 6288 5037 2325 3000 2720 4087 6034 6391 5372 2285 6497 6429 3005 1658 4037
5775 2289 1181 2488 1414 2330 2537 4324 4751 1072 3206 1067 5387 2843 3886 4768 2864 6329 2224 1163 1030 1886 2416 1769 6508 3407 2532 5865 1424 4422 1817 3568 3450 5745 2092 3478 2562 2931 2258 3495 1109 3426 6352 5796 1780 2375 3587 2751 1077 3873 1242 2402 4672 1249 5975 2472 6419 4207 4754 1890 6527 3109 1078 2452 5417 6479 1666 6262 1162 2609 5193 6516 2927 6017 5874 5806 3449 6504 3449 2424 2077 4101 1644 1242 5798 5226 1390 6289 1838 3869 3896 4237 3753 4377 2451 6514 4315 1226 1247 4375 5468 1044 1040 3593 4251 1229 4779 6025 2776 5310 5069 6410 1065 1831 2085 4532 4470 4024 2933 2276
1149 2840 6292 2601 4302 5602 5103 4680 3664 2594 2564 1465 5050 3805 6117 2088 3483 4359 1723 6005 2259 6282 3393 1973 3352 5958 2885 2991 3826 1291 2218 5599 5566 1952 1896 5366 3247 6080 2314 3544 5320 1560 4015 6301 1124 6090 4363 4240 5678 1773 4707 5683 4777 3979 6036 2745 4394 5282 3468 2443 2649 4515 2255 4036 6451 2422 2803 4789 5259 4212 4005 2785 2820 5227 6306 1537 6296 6173 2111 5890 3989 2242 1890 5122 6299 1921 3974 5975 4767 5243 3387 3592 4843 1089 6179 2770 5275 4057 4726 2468 4642 4284 3967 3491 4547 6107 1565 1447 4760 6294 3779 3260 3727 4163 2808 3235 4967 5677 3799 5070
4919 4882 1296 3047 3176 4260 5990 5321 4407 2568 2223 1157 1588 4699 5592 5599 3269 5544 2782 4431 4131 4723 4693 3456 4059 5041 4325 5332 2767 5454 1736 2270 5171 2854 3533 6503 2065 5644 4569 5354 5573 4038 1504 3223 1153 4494 2928 3412 1354 5267 1575 2999 4601 2678 5560 3981 3260 3021 5226 6103 3090 3364 4888 5960 6226 4215 2994 4296 4517 2233 4410 2675 4871 3664 4937 5147 4042 2071 5384 3906 3091 2138 4663 1313 2523 4702 5673 4644 1775 2134 3653 4843 2161 5615 3719 2890 3413 3653 5245 3146 4708 3179 3659 1191 5052 2280 1192 4559 3278 1716 1502 1641 5599 3391 4430 3916 4104 5995 5482 2947
3382 4493 3384 1488 3626 3311 5846 2214 2938 5713 4208 3630 6414 4707 4300 4931 1444 6349 2111 3445 5069 1576 5429 1802 1390 1666 2860 1912 6208 1117 5305 5740 2512 3888 2307 1095 2943 2661 6211 1180 4355 3546 4682 1971 1252 4704 4987 2568 2048 4927 3405 4685 3464 6192 5450 5476 4352 2145 2066 5606 3011 5749 5593 3742 2685 2945 3940 3343 4527 5520 1424 2666 3119 2464 1100 4249 6309 6435 2458 4151 3215 4223 1170 5013 4157 3470 5982 1591 2006 3230 3519 2388 2386 4210 6151 4570 4093 5951 6429 1768 4091 2352 4732 4690 5566 1891 3764 6176 1681 6506 5096 3087 1169 5835 5838 6287 6446 3200 6322 1731
2991 6392 5107 1540 4779 1940 2437 3679 4753 4779 2797 2322 5025 5510 5704 4371 1393 1124 1092 3081 3433 1911 5157 3152 4038 4197 2754 6522 5019 2761 4613 6345 4299 2479 3567 6453 1041 4507 4241 3436 5112 2947 1940 4813 3811 4689 6323 5485 1414 4578 3643 1427 3947 1545 5266 4283 1519 5388 3629 1558 5186 1958 5400 4487 4842 4740 6002 4648 3393 5832 2286 5828 3954 3593 1875 2650 3840 2257 2940 4896 1087 6301 5594 2814 2009 2400 2925 5519 1995 5377 3279 5155 1637 5209 2345 2623 1613 4790 4155 5532 1148 6234 6105 6180 5440 5756 5993 2424 1848 4678 1766 1645 1244 6229 5983 2698 2290 1085 1272 4492
1946 4227 3944 3682 4163 4512 3962 5553 3763 4101 5389 1361 2307 6161 6420 1742 3872 6044 2070 2024 5452 2288 5678 2323 2331 2635 4748 1912 1527 1631 3315 1778 2204 2898 4665 4370 2972 4542 5450 3995 3292 4785 1445 2311 1685 5678 3037 3840 3156 2986 4762 2280 1659 2064 4118 5970 4414 1214 6432 1670 5414 1158 6428 6273 5778 2222 2433 5107 2353 4336 4569 2495 4361 3834 5189 1150 6258 4207 6135 4989 3100 5733 5813 2106 3077 5093 4701 3947 2692 6510 5467 2295 5953 1138 2357 6522 3770 2647 2816 2117 2752 2295 5480 2524 2936 2849 2348 6519 1115 1558 6303 6018 2614 1293 4648 1821 2218 2863 3395 6044
3245 1179 1406 6024 1800 6244 4733 1436 2135 5262 1526 3017 3979 2196 1718 3635 3947 4069 6298 5425 3471 4194 2967 2897 6244 3810 3506 6353 6443 6191 1288 3111 1530 1542 4936 2171 2745 6426 6068 1319 4262 4498 4900 5310 5202 3206 3459 1794 4897 4358 2512 2796 3662 6164 1437 3496 2661 6309 1300 4759 2503 1060 5869 3915 2857 6254 3577 2958 1686 5335 3995 4060 5608 1443 1865 6372 2003 3342 3727 1547 2907 5701 5132 1897 3160 1899 3188 3530 1913 5397 1804 1454 3518 5070 2481 1097 2429 4371 3537 4227 2142 6232 6256 4730 2782 3330 6053 1915 4304 1514 1435 3597 2007 4193 4880 6374 2798 2214 1497 4852
2400 6386 2396 2262 1232 3181 3604 3168 1587 5814 3089 5914 2513 4958 5749 1217 4039 3693 5880 6340 6408 2780 5861 3272 5079 2074 3611 3749 4303 2056 3342 4200 3931 5372 1859 1359 4030 2497 5079 1743 5516 3861 2680 5137 2351 6058 4458 3569 4708 4006 3203 5118 3003 4259 5680 6013 4122 2480 4078 2918 3003 1486 2513 2405 5161 1908 3841 2777 2887 3467 3128 6361 4041 4466 1862 1834 4281 5627 5773 5450 1523 5612 3717 1129 5417 5760 4921 1387 3297 6116 3144 3175 6130 5434 5477 2731 6410 4121 5847 2741 6443 2954 4345 2619 3113 6156 4795 3108 2862 6162 1184 6157 2358 2432 3006 1350 1043 5425 1985 6354
5354 4340 2281 1642 2996 3979 5767 4730 5823 4779 1540 4514 6442 2174 4697 5047 3308 3364 1560 4160 5966 5805 5602 4089 3180 1569 2287 3667 2488 1528 1417 4722 2679 5154 4881 2862 1346 1537 4345 1171 2950 6506 4680 3809 4997 2472 1817 5772 5075 6136 6300 6076 1625 1294 4499 4046 5589 3727 1878 4818 2904 4756 2384 2188 3783 5678 1152 4979 1243 4188 2041 3637 1953 3095 2659 4400 4347 5574 6392 2810 3229 2378 2823 4826 5264 1268 6516 5197 1074 3722 3253 1410 2356 2118 3159 4575 1051 1110 5239 5754 5184 6365 3018 3360 2640 2672 4245 1745 2636 6298 4533 4289 5002 3417 2073 6489 3890 2975 4419 1077
2242 2514 1483 1188 1291 2764 2908 1835 3761 5596 2101 4609 1967 2371 3369 1428 3409 3767 2591 5379 1848 1636 3219 2466 3674 1894 2579 1786 1151 3280 5314 1350 5829 6184 2521 1782 4509 6504 6177 4528 3275 4095 4858 4554 5354 3662 2264 5842 4582 3244 1728 4742 4864 3426 3279 5468 1485 3375 4788 1531 2360 5958 2481 4800 2683 4427 2717 5690 6186 5465 5605 2350 4136 4479 5767 3733 5168 4543 5781 1433 4558 5901 4536 4891 2659 2646 1707 1071 2724 2038 2236 2718 4635 1345 3534 5347 5029 3323 2265 3248 6386 4192 6504 1382 2697 3485 1178 6432 1345 5460 3107 1193 2377 2844 3784 5249 3873 4863 5350 2396
3870 1914 5867 5410 1770 3713 5979 2032 4738 4089 2252 3478 5558 1595 6507 1815 3500 2712 4341 5293 2014 5455 5823 1218 2711 4632 2863 5112 5754 2333 4928 2209 4987 2940 3202 5832 2148 5703 1431 4518 3538 1539 3127 2478 2741 1964 5421 4226 3667 4912 6360 4091 2886 5231 2859 3493 4857 2370 6317 5440 5167 5873 1529 2624 6524 3899 5695 4046 6090 3281 4930 6342 2517 1883 6233 3255 3375 2930 1134 3045 6461 5669 3713 1226 4537 4597 5029 3601 2990 5592 5250 4761 4095 1465 2130 2169 3296 4214 1637 2294 4698 5857 2333 1422 4172 5952 1777 2673 2021 3790 3950 4354 4267 2743 4530 6234 2679 3743 2032 4294
1142 1180 4975 3524 1194 6199 3338 3978 2279 3696 1201 6143 2774 4663 1638 4800 5366 3443 1090 2972 4118 3198 1774 2840 1116 2983 5290 5484 4416 2735 4681 6404 3986 3149 2610 6528 3184 5547 6113 5301 2769 1254 4452 6313 4221 2065 6239 4635 2067 5939 4617 6521 3458 5444 4908 4583 4879 3380 3625 4031 5461 6501 2418 6156 5568 4651 2189 1934 1426 6355 1560 3769 5983 1946 4799 3637 2320 1585 2888 5471 1379 3392 3464 5319 5993 3167 5995 4272 2311 5790 6255 4499 1397 5119 1065 5917 4802 3447 1856 1068 5967 3569 1901 2134 1231 4939 2049 4322 5710 5590 4703 5965 5799 1882 3070 1222 6283 1168 3816 2738
2561 6438 4797 6185 4193 3263 6321 1911 6232 3184 4873 3868 6119 5828 4002 4812 5987 4537 1643 4720 2935 6336 4454 5667 5661 1857 4779 1974 4009 3093 2788 5421 3135 2955 1746 1216 4439 6500 6471 6234 3776 6358 3882 3613 5914 1804 2550 2268 3547 4644 2107 5279 2891 5680 4252 2723 3463 4150 3535 5208 3970 2480 1696 1633 2175 1549 4718 4632 3865 4526 2733 4871 2236 1385 2658 6255 1705 4874 6186 4165 6133 5837 3379 1584 3594 1381 2369 2957 6309 4472 6187 1387 6102 2464 5467 2831 3204 5612 4946 3313 2278 1885 5665 4157 6027 1514 5105 6099 2003 4988 3837 1991 3059 6003 5266 5858 4469 1823 1430 3743
4661 3143 2686 5167 4966 3366 1110 4598 2827 5353 4029 2059 1918 4786 5222 1084 2925 5912 3480 1544 4184 4260 3631 5411 5524 5718 1689 2421 3787 4766 4185 5403 1657 5860 4360 1764 6000 2560 4047 6102 5334 2882 5231 3751 4130 2028 6457 3012 3618 5555 1942 5198 4728 3650 1536 5655 3608 3382 2694 3241 4940 1059 2508 6336 3760 3469 6409 4555 3766 4592 2568 2927 3108 6201 5160 1924 4113 4811 4828 5910 1643 4347 2987 3685 6516 3988 4400 5861 3264 4308 3227 4415 1208 4461 5423 5326 1563 1412 5186 5027 3448 2869 5824 6018 4661 1166 5544 5474 3467 1935 4621 5105 1671 1073 6295 3597 6282 2268 2688 3788
4554 2671 1559 1398 2768 2108 4544 2310 3064 5769 1138 5548 4852 1168 2615 4941 1865 5503 3248 1154 3408 4601 2063 4117 2998 4372 3610 4103 1661 4057 4015 2829 2936 2759 3643 5774 1107 1488 2369 6054 5129 6490 6105 3367 1900 3135 1838 5907 4257 4814 6527 4898 4513 1608 1439 3266 4537 5988 3573 5010 6154 1099 3581 6247 4490 3996 2757 2503 1409 5993 2545 4976 3725 4665 4023 6098 6431 3076 2788 3729 3964 2106 6485 3460 3004 4156 4223 5049 5326 4065 5479 6255 6131 4723 4010 4633 3646 5679 4855 3682 1690 1608 2576 4132 5444 5733 1997 5231 6349 4638 4121 3592 3226 4483 5107 5480 6243 1046 4461 4793
5047 3404 6449 1884 3318 6159 6263 3302 1750 2239 3216 4254 5599 1196 4319 1920 2543 5790 5978 3133 1463 6350 4365 6329 6459 2666 4247 5260 3158 3476 2348 5762 2739 5603 5521 1563 6358 6241 6435 3851 4753 2956 3024 6075 1423 3542 6044 3142 1613 4772 6046 3069 2971 1106 3457 1123 5920 5038 1667 4914 1107 6264 3961 2516 2563 4201 5321 1131 1488 1449 5998 4042 1455 2774 3576 4089 3818 5508 5897 6197 4382 3768 2394 5613 5947 4972 4148 5063 4488 1807 4215 4505 1564 3585 3222 3824 4070 2075 4632 4748 2086 3109 6297 2018 3825 5470 4807 5145 5553 3576 4838 5389 2978 3481 3148 4047 3799 4059 6374 2339
5939 6349 3377 5889 5616 6256 5953 4501 5660 3514 1854 6207 5142 2711 4322 6291 1430 5731 5757 4442 5538 1137 2545 4879 3098 4231 1974 5474 1837 4192 2903 3257 1889 4136 2291 3626 3471 3972 2365 2051 2661 5895 5500 6211 2530 1086 6411 3229 6238 2341 1114 3580 1535 1455 5740 3193 2629 2243 5719 1383 5759 2745 3911 4040 1363 3553 1660 5845 1722 1276 2759 2810 4225 1985 2705 4312 1994 5466 3027 1345 1801 5988 6431 3775 3463 6131 2070 5517 2787 2571 3824 5405 4364 4776 2423 3984 1992 5815 5132 5825 1584 4635 2081 3771 3633 5673 3005 5182 6412 5931 1531 4542 5079 4705 4107 4836 4091 2428 4527 4875
5684 6177 4159 3011 3348 2924 3110 3794 2304 2282 3683 2222 4401 2846 6153 5765 5812 4221 4288 2613 2026 4210 3650 4308 5641 3675 5726 3497 2586 3466 5496 6193 2041 3397 6406 2332 2007 1222 4245 3789 4923 6459 4418 3549 5629 6087 3650 6040 5322 1279 4826 3326 2467 1390 5224 3268 4446 2194 5208 6353 1699 6493 2479 2753 4720 5429 6148 6373 5782 4340 5250 4161 2618 3177 4584 3469 1877 4693 6153 5428 5300 5614 2508 5592 3960 4447 2221 5708 1302 4935 6330 2841 6361 4150 4118 4730 4956 2099 4602 5984 3472 4536 4399 5742 3516 5684 6037 4990 4087 3080 3104 5914 6064 4363 1365 4100 4647 3718 2257 2734
2674 4920 4291 4803 3833 3923 1645 4636 4858 4862 1830 2892 6021 2257 6363 3733 5633 5596 6282 6512 2853 1824 5317 4105 6272 6036 4533 3904 1522 5922 6293 3370 3889 3111 4403 3213 3525 3190 4466 2664 6155 3798 4810 6505 2742 4992 4678 2677 1353 4386 1157 1571 5919 1118 1723 1729 5731 3531 5037 4686 1944 2163 4920 5502 4883 3283 4810 3641 4220 4703 3303 2845 4432 5115 3877 2039 3810 1411 2993 4046 5461 4164 4168 4056 2083 6273 4671 5634 2586 5871 6524 6509 3418 4409 5626 6380 1496 4861 6089 2567 4062 1100 2315 3835 2184 3118 4728 3127 4041 1052 5851 2656 3556 2436 1939 2254 4339 5961 1811 1549
2148 4928 1250 2781 3574 2996 3995 3379 4161 2403 1390 5813 1067 4863 3486 5186 1524 5806 2178 6248 2859 2826 1412 3692 5686 5794 1444 4293 3022 6007 4725 1569 3585 4991 4127 4831 4142 4901 1756 5523 3468 5319 2556 3845 5412 2615 4961 5810 4434 1467 4226 2506 6088 5006 5228 2224 3467 5212 4541 4222 4596 1097 4392 1918 5169 3435 1908 1074 3009 5195 6524 5196 4347 2408 2224 3254 4360 3380 3986 5004 1764 1814 4667 6429 2145 1254 3924 4206 5668 3316 3485 4919 4902 2561 3817 5476 2100 3780 4767 2582 1904 1382 2747 5151 3150 3591 6220 4745 2071 3511 3699 5903 5993 2685 5738 3618 2357 5844 3323 5222
4928 1833 5380 4402 4643 3806 4986 1684 3403 4170 3682 2763 4473 5047 2778 2507 4803 3426 2446 4156 1809 5759 6340 3323 2721 4530 1489 1816 6148 1431 6305 4950 3999 3899 1970 2095 6187 5409 1433 4173 3253 2366 3837 1937 1438 1149 3607 1296 4892 6075 1720 2193 3255 2508 4035 1681 5453 3189 4911 3391 2575 3567 2182 3456 1537 4971 5608 6508 3710 2312 5641 2895 5938 2271 2478 4777 6430 1272 5812 4143 4120 5585 3978 5959 3400 2014 5810 4496 3756 3844 5572 5080 2069 4637 4842 1699 5543 1399 2789 5291 5341 4821 5895 5722 5123 6381 3511 6098 5946 2664 5616 3302 2807 1637 2754 4895 2180 1654 3536 5944
1406 2081 4176 4001 5206 3680 2830 5248 2640 1698 1129 2475 6023 2376 2901 3375 6374 2600 5463 5068 2608 6157 5388 1655 1402 3766 2978 6103 2860 3411 5213 5321 4227 4107 1812 3164 5650 4600 5809 3029 1852 1961 3125 1196 1852 6303 1969 2957 2589 5201 5710 1752 4418 1960 6087 2465 5727 6403 3945 4785 3838 4917 2970 1027 3708 5250 3919 4424 3209 1189 1812 2148 2092 4173 5128 5487 5052 5276 3038 5940 3303 1063 2525 6325 2479 2680 4321 3365 5224 3855 5848 2284 3388 3932 5317 3623 1960 5958 1857 4262 4348 2344 6005 1772 5086 5711 3618 2738 5191 5118 1689 2916 2949 4458 5571 2339 6072 4285 6042 2370
1749 5271 2221 4297 6181 2312 3616 5748 6471 1560 1322 5300 2602 1600 5910 2989 3732 2286 1987 2743 4766 4997 2852 1886 1078 2010 1600 5986 5787 2360 2610 1847 5220 5213 4010 2438 4730 3834 1643 1706 2073 3767 2891 5812 2643 2349 6454 5992 1293 1514 1451 2621 3584 5745 1341 4193 1593 3768 4756 6067 4378 3880 6506 5319 5975 3104 4750 2149 3449 5105 2532 6410 1503 2915 2275 1125 5816 4911 6421 5340 6410 5636 4379 1925 3886 1539 3111 6061 3793 1090 3328 6484 4468 4941 2817 4911 4461 3488 4378 4261 5348 3118 2765 3155 2136 4445 6066 4744 5527 6407 3444 1481 1097 6267 2514 3790 6246 3450 2719 3587
1851 4026 5442 3848 3305 1255 4023 3889 1254 5533 1676 4998 4347 2287 5989 6085 5444 3427 3704 4060 1586 6132 3602 6255 4236 4879 3472 1240 1386 5910 5863 4001 5561 4192 4380 1036 3514 5430 1228 4620 1539 4056 2086 5449 4220 3318 3436 4512 2275 6327 2294 5536 5193 2742 4271 2831 2578 3584 3734 3427 6393 3735 1854 4425 3082 5106 3534 4385 2342 2171 5889 5376 2179 2448 5159 6061 2857 4354 4515 2852 5878 3481 6507 6295 4890 5261 5259 3048 6044 4879 5666 3119 1747 1854 1380 5306 4462 4658 5910 2568 1645 4085 4117 3533 1830 1029 5071 3186 5313 3155 6216 4370 6331 5831 3223 3838 6119 2618 4967 1594
5608 4346 6006 3965 3769 1610 5273 3509 3621 1631 5430 5888 5199 1124 2120 2612 2092 4215 1119 2776 3716 1578 5149 3753 6132 3203 2107 6039 3439 3068 2178 5061 5432 5251 1362 5260 3178 1147 2718 6264 4336 4154 4845 2505 3597 5897 2011 5748 3413 6311 3734 5664 1586 3398 6114 5289 2145 1804 5013 3873 2802 5779 6300 1097 2763 3946 5492 3868 1318 2322 4274 4165 2318 4993 2555 4516 5350 3619 5004 4173 5858 5972 1460 2825 4620 4711 4693 1619 6080 2722 1895 5468 2225 4287 5877 2823 1250 1901 3486 4334 4909 3789 4885 4443 5311 1526 1569 4816 1818 1138 2205 1792 5138 3262 4985 5331 4305 3533 4664 3814
4563 6405 5104 1800 3178 2497 5069 4158 3643 1998 4367 5312 4543 6382 5383 4219 3012 3544 1054 4237 1513 4662 6349 1355 1573 2085 2598 3646 5057 2489 3402 4770 4057 2422 3313 2022 4959 4440 2917 5679 2840 5196 3207 4308 5917 3764 4937 3683 5723 3431 3762 1435 1300 5295 1501 6512 5852 2506 4986 4363 4892 4585 4427 3527 1683 2740 3624 2101 1488 3012 3324 2328 2104 4135 3014 5482 5894 2784 4634 5973 5318 4708 2845 2235 3418 4510 6412 3247 3318 3948 5941 3193 3491 1184 4348 5014 4415 2175 6231 4405 4603 2757 4563 5435 4316 5280 6413 1856 4923 2353 3898 6032 3141 3982 2335 5803 6011 3138 5658 5702
4659 4939 4887 6216 3605 1051 6427 1997 3359 1944 2493 6182 2978 2076 1064 4695 2754 5237 4123 2328 5114 3046 3561 1237 2838 1317 4857 5934 4791 3163 1223 6391 4947 5671 1889 4152 4146 1051 2026 5422 6002 2110 3099 4553 6404 5256 2109 4908 4524 1257 4272 5681 6405 4034 3816 3810 3451 4073 3178 4097 3151 5674 5971 2689 4886 5441 1618 3082 4155 3681 6185 2553 2936 4144 3375 1501 4577 5705 1361 2299 2905 5689 2829 4811 4891 1154 4470 4601 4147 5531 1971 3301 3842 6125 4607 3364 5821 3160 3114 3965 6510 1580 4758 3052 2162 2865 4795 4898 2809 1695 2084 1923 1290 4518 3440 2983 2812 4328 5459 5081
4478 3066 3474 5275 3728 1382 3722 6048 1415 3628 1065 2641 5005 2237 6003 6473 4767 4734 2175 1240 1037 2379 4471 3972 2685 5105 1563 3587 5737 3123 2367 2115 3100 6214 1353 2018 5305 2645 5812 2998 3509 6525 5776 5318 3543 3538 2559 1231 2495 4313 2489 3648 3804 2060 6281 4030 5236 4441 5326 5921 4385 3235 5883 2421 5582 1599 3863 6010 6206 1528 6461 2341 2821 5132 5917 2589 5901 1965 1914 2110 2194 3329 6315 3609 1318 4386 1946 1778 5935 3870 1479 2368 5604 4216 4806 2353 4307 3494 4668 5284 2910 4241 1894 1837 3641 5400 6035 5909 4717 1165 2213 3031 5593 6326 3091 3235 3116 2637 5482 3551
3436 1153 1608 2209 4594 6515 5856 3126 5099 4538 1529 5023 3033 1375 4206 4623 2704 5345 5807 5870 4281 3378 6206 2520 4051 5048 5940 5535 4653 5966 5562 4293 5997 2625 3728 3843 3212 3923 2569 2373 6359 3515 2828 4523 5103 4898 4373 2441 4298 4904 5043 3432 3505 6237 5767 4995 5568 4296 3531 1355 4713 2148 6473 3812 6256 5278 4191 5542 2416 2648 1410 6044 2133 2281 2103 3976 4961 6171 3740 4957 5160 3627 2653 4676 5651 6221 3392 5016 5216 5541 2458 4201 4000 1359 1111 2557 1720 1240 4726 5450 3296 2243 1930 5501 2599 5381 2746 2935 6382 5640 4289 3658 4584 5420 4463 5824 3873 1730 3495 5717
