79 55
466 1279
5997 5867 5911 5343 5338 5938 5051 5211 5711 6174 5001 5168 5185 5290 4948 6108 4813 6147 5547 5537 5136 4765 5438 4885 5140 6006 5635 5791 5250 5502 5278 6132 5966 5426 5358 6207 5413 4848 5385 4810 5882 4934 5872 6107 5097 5071 5516 4951 6107 5384 5906 5850 5769 5277 6096
4836 6217 5577 5350 5770 5807 5705 5138 4964 4969 5450 6020 5873 6164 5954 5911 6138 5257 5528 5510 5642 6045 5505 4952 6111 5417 5336 5744 4872 5914 5894 4921 5001 5425 4790 5883 4771 5009 5690 5569 5937 5653 5924 5097 6187 5698 5330 5436 5771 5139 5247 5623 5647 5743 6168
4858 5305 5957 5200 5613 5915 5965 5856 4898 6075 5237 5347 4976 6064 5277 6196 5327 4927 5491 5267 4958 5723 5339 4799 5156 6162 6156 4891 6179 6134 5954 5957 5036 5180 5013 4977 5621 5648 5048 5324 5081 4942 5144 4850 4944 5871 5109 5631 6209 5339 5648 5531 5282 5093 5852
5862 5943 5893 5776 5829 5583 5665 6103 5150 5673 5112 6040 5936 5849 6082 6154 5545 5208 4955 6082 6123 5416 5751 5632 6095 5489 5171 4901 5665 4777 6055 5372 5797 5041 5762 5868 5672 4866 4846 4999 5541 5038 5977 5731 6128 5991 4949 5636 5083 5222 5892 5299 4996 5046 5349
5814 5465 5853 5821 6069 5359 5483 5499 5547 5222 5447 5773 5847 5492 5444 4956 4787 6113 5085 5912 5885 5934 5241 5737 5184 5899 4800 5851 5444 5771 5884 5635 5011 5071 4813 5113 4797 5631 5401 5424 6169 5960 4756 6128 5041 4909 5454 5359 5454 5051 5324 5204 4850 5944 5775
5998 6112 5135 5477 6088 4827 5810 6053 5131 6208 5567 4871 6093 5083 5993 6098 5318 4754 4968 5261 5061 4934 5643 5130 5563 5249 5297 5054 5293 5902 5360 5487 5269 5623 5993 5633 5525 5978 4932 4829 4808 4980 5449 5789 5643 4761 5571 4866 5817 5047 5192 5852 5787 5919 5251
5798 4933 4806 5037 4964 5875 5381 5481 5667 5469 5974 5501 5564 5476 4789 5514 5649 5903 4903 5015 5462 5570 4758 5059 4810 5174 5155 5534 4983 5595 4871 4800 5334 5988 5271 5559 5712 6211 5324 5744 5802 6015 4959 5733 5950 5988 4910 5014 5544 5430 5093 5123 5066 5882 5267
4768 5696 5204 5222 5637 5917 4983 5430 5450 6004 5376 4859 4989 5980 5168 4786 5379 6180 6053 5368 4959 5200 5185 5303 6107 5826 5455 6119 5836 5690 5792 5622 5446 4846 5339 5421 5762 5630 6081 5240 6202 6158 5322 5122 4853 5067 5958 5803 5244 5050 5057 5880 4902 5649 4943
5663 4829 5827 5885 5736 6182 5376 6014 5781 5337 6163 5863 6191 6019 5559 4904 5698 4967 4935 4893 4929 5638 5138 4973 5896 6162 5235 4774 5268 5542 5229 5575 5246 4980 5740 5656 4748 4806 5154 5230 5963 5430 5960 6029 4812 5966 6099 5052 5571 4821 5403 5017 5419 4912 5375
5426 5331 5093 5575 6152 5342 5176 5744 6120 5933 5845 6136 5265 6168 4751 5432 5752 5240 5796 5955 4880 4852 6006 5026 4906 4775 5504 4874 6118 5992 5055 5108 4888 5582 6050 5470 6096 5820 4906 5603 5118 6034 5611 5907 4947 5838 5369 4816 5606 4777 5003 5594 6096 5127 4928
5336 6057 5151 4781 5885 5108 6132 5700 5292 5743 6208 5224 5296 5853 4969 5334 5189 5390 5011 4746 5037 5730 5060 5276 5012 5454 5297 5192 6180 4885 5722 5086 5218 5349 5257 5874 5631 4836 5535 5210 4844 6155 5674 5035 4806 5747 5342 5968 4978 4942 5364 5630 5487 4838 4929
5185 5159 5095 5664 6109 5150 4928 5688 5326 5247 5794 4867 5425 5584 5517 5754 5465 6014 4849 5779 4979 5023 5846 4849 5754 4943 5120 5375 6012 5408 5368 6042 5007 5429 5953 5182 4992 5698 5268 5701 5583 6031 5533 5668 5182 5537 5511 5184 4885 4828 5124 6111 5765 5292 5238
5572 5146 4846 5703 5478 5027 5524 4955 6126 6046 5019 4941 5316 5901 5262 5749 5402 5294 6022 6101 6193 5327 5840 5095 4906 5055 6077 5112 5458 6180 5983 5816 4774 5807 4957 5556 5372 5443 4931 5987 5776 5794 5339 5369 5605 4834 5678 5652 5229 4745 5177 5758 5888 5190 4811
5167 5970 5814 5726 5341 5828 5516 4846 5431 5892 5709 5160 5166 5549 5212 5590 5036 5263 5848 6119 5683 4913 6085 6092 5231 5948 4850 5666 5036 5291 4954 4750 5533 5798 5910 5141 5300 5894 4981 4852 4912 5244 4805 4953 5817 6062 5095 5596 5555 5828 4882 6055 6127 6148 5417
5982 4948 5931 5012 6151 5499 6093 4947 5211 5909 4969 5124 5956 5692 4887 5520 4869 5477 5088 5553 5402 5281 4926 4759 5493 5887 4789 4790 5877 4967 5931 4822 5439 4942 4760 6084 5200 5084 5291 5298 4776 4801 5331 4802 6114 5949 5551 5448 5274 5356 4931 5779 5062 5022 4849
6144 5145 5704 5989 5484 5995 5577 5692 5140 6183 5734 5473 4812 5131 4882 5811 5922 6128 5823 5397 5670 6184 5179 6058 5177 6113 5588 4961 4935 6001 5233 5675 4782 4745 4826 5680 6198 6196 4748 5653 5352 4822 4802 5113 5946 5638 5898 6011 4759 5135 6122 6014 5827 5584 4763
5609 5859 5581 5469 5339 5979 5475 5189 5744 5922 4803 5642 5874 5314 6060 6028 5534 5529 5497 6212 5300 4993 5792 5506 5690 5209 5542 5298 5514 5054 5948 6172 5151 5839 5023 4916 5956 5589 5021 5734 5669 5627 4981 5787 5720 5903 5436 5738 5553 5067 4759 5380 5263 5638 4753
5596 5269 4860 4867 5872 6161 4814 4747 4938 5064 5203 5344 6116 5788 4776 5438 5376 6209 5897 5735 6173 5277 6049 6146 5361 5316 5631 5268 4888 5440 5043 5962 5195 5374 5105 5028 5730 5760 5127 4794 6017 5765 5841 4825 5149 5911 5232 5546 5608 5616 6045 5127 5380 4817 5933
6032 6057 4806 5435 5348 4878 4885 5418 4742 5187 5187 5891 5728 6154 5685 6213 5623 5830 5509 5657 4961 5147 6130 5494 5909 5001 5771 5649 5267 5561 5228 5350 4910 5354 5100 5733 5892 5573 4862 5222 4829 5429 5159 5602 5696 5087 5986 4904 5564 4960 5123 4765 6156 4846 4860
5540 4756 5575 6165 5675 5990 6063 5955 5660 5282 5356 6184 4857 5811 4809 5661 5012 4851 4856 6003 5719 5047 6058 6091 5793 5924 5379 4758 5027 5479 5255 5213 5972 6194 6195 5138 5050 5097 4906 4933 4947 5786 4832 5592 5237 5701 5646 5244 6022 4945 5920 5041 4921 5225 5946
5750 6123 5916 5367 4763 5022 5045 4813 5013 5354 4851 5755 4894 5747 5786 5038 5442 5104 5325 5473 5671 4855 5714 5093 5022 5562 4918 5789 5647 5456 5874 4971 4925 5170 5486 5953 5584 5963 6114 5769 6193 4756 5776 5541 5370 5392 6211 5956 6011 5985 4895 5219 4901 6142 6095
5381 5731 5103 6146 5732 4964 5944 5606 5329 4843 6202 5800 5712 5448 5364 5726 5085 5692 5460 5075 5745 5640 5603 5323 5646 5490 5705 5053 5763 5511 5718 5755 4878 5771 4966 5073 5868 6069 6098 5894 6176 5524 6196 5033 6024 6039 4971 5494 6191 4790 5113 5082 5229 5698 5839
5467 5499 5657 5829 5497 5636 5744 5899 4994 5284 5879 6029 5496 6049 4925 4828 5409 5989 5185 4755 5882 4817 5821 5251 5172 5934 4915 5055 4913 5607 4800 5001 5001 5092 4771 5062 5837 4758 6116 5902 6032 4968 5694 6194 4801 5747 5967 5804 5859 5695 5025 5467 5581 5008 5355
4936 6198 4906 5520 6003 5778 4854 5356 5203 4795 4987 6085 5325 5893 4849 5343 5506 4742 4745 6188 5160 6194 4755 5218 5402 5089 5366 5444 5873 5644 5644 5704 5147 5140 5860 5136 5871 4907 5230 5680 5051 4980 5534 5201 6149 5155 5061 4946 4811 5883 5695 5174 5668 5235 5611
5459 5100 5929 5395 6050 5543 6022 5213 5420 6207 5912 5787 6167 5497 6167 6191 5051 5776 5480 5579 6201 5323 6157 6171 5056 5662 5679 5626 6099 5528 5954 4806 5488 5056 4749 5972 4824 5503 5632 6071 5272 5752 6144 5727 5021 5156 5958 5862 5561 6043 5068 6006 5337 5681 5734
5794 5365 5149 5939 6151 5595 6006 5505 6057 5783 5217 6209 5191 5088 5560 6016 5171 6114 5406 6211 5564 5639 4917 5788 6002 5491 5250 5675 4833 5563 5605 5002 4766 6121 4822 5013 4837 6110 5857 5851 5913 4967 5735 5731 5072 5004 5263 6212 4868 5232 4874 4745 5510 5312 5351
5010 5619 5331 5015 5957 5362 5381 5450 4814 5428 4893 5965 5183 5720 5216 5106 5800 5083 5405 6087 5381 5949 5476 5422 4751 5714 5490 4891 5251 5394 5912 5818 5071 5118 4783 5918 5070 5792 5498 4836 5160 5367 5115 5048 4856 5661 5718 6167 5605 5370 4835 5776 6130 6124 5130
4995 4802 4754 5350 6105 6124 5779 5855 4882 5383 4921 6051 4853 5507 6180 5478 5656 5182 5151 5950 4829 5841 5798 4835 5406 6197 5827 5800 4750 5910 5636 4816 6094 4955 6022 5670 5948 5200 5018 5598 6095 5386 6202 5113 5410 4771 5072 5797 5105 4756 5024 5519 5679 5780 4825
5071 5534 5760 6132 5680 4993 5693 5385 4817 5725 5724 4792 5505 5305 4771 5033 6152 6134 5497 5960 5239 6195 5826 4890 5188 5431 6028 5794 5167 5926 5359 5889 4891 5632 5406 4987 5783 5329 6128 4820 4913 5766 5108 4803 5119 5739 6217 5830 4785 5122 5863 5424 5712 6079 5528
5069 5722 5014 5336 6050 5855 5290 4877 6147 5794 5398 6036 5491 4906 4971 4938 5371 5037 6056 6160 5520 5872 5594 5515 5080 5461 5583 4892 5553 5964 5731 5838 5074 5719 5095 5475 5063 5618 5940 5907 5557 6004 4858 6161 5048 6184 5694 5311 6076 6208 5523 6110 5369 4781 5550
4808 4855 5449 5222 5865 6215 5812 5201 5911 4931 5419 5588 6205 5497 4825 5055 5500 5173 5313 5483 5205 6111 4989 5054 5148 4999 5346 5007 5000 5764 5625 5016 5565 5248 4816 5202 4824 5714 5335 4984 5467 5230 5447 5139 5367 5797 5114 6103 5579 5486 6017 4878 5992 6139 5817
6188 5096 4954 5835 5149 6025 5248 4832 5554 5560 5318 6202 5531 5995 4802 5825 5780 5726 4874 4978 4784 4783 4790 5851 5733 5207 5189 5253 5457 5407 5576 5221 6119 5478 5659 6188 5256 5094 5234 5531 5511 5967 5217 5247 5009 6074 5268 6182 5305 5109 5928 5816 6177 4951 5052
4895 5464 4773 5893 5316 4826 5328 6018 5924 5031 5881 5385 5535 5140 5341 5684 6216 5564 5977 5777 5420 4828 4971 6151 5630 5444 5843 4874 6078 5336 5687 5115 5450 5071 5463 5461 5170 5932 6125 4838 5070 5500 5266 6208 4755 4993 4800 5060 6001 4826 5878 5910 5960 6149 6056
5403 5138 5860 5164 6198 5322 5276 5893 5844 5433 6077 5068 5864 5876 5787 4834 5167 5735 4815 5995 4924 4985 4924 5074 4797 5330 4862 6103 5029 5847 5735 5344 6136 5053 4953 5360 6147 6150 6205 5447 5593 4979 5895 5364 5495 5744 5924 5485 5853 6188 5550 4967 5678 5210 5716
5728 5188 5029 6083 4930 5237 4973 5986 4903 5771 5807 5695 4908 5841 5053 5884 5316 5936 6196 5811 4911 6028 4772 5422 5820 6188 5960 6119 5898 4969 5627 5409 5296 5603 6012 5862 5922 5355 5859 5615 4765 5591 5389 5303 5974 5365 4988 5052 5080 5641 5144 5600 5250 5858 5112
5161 5150 5969 5739 5318 4861 5817 5987 5616 6120 5684 5210 5141 6176 5773 5443 5309 5463 4844 6002 5452 5917 5898 5101 4773 5416 4862 5056 5602 5588 6009 4810 5757 5763 5606 5945 5041 5394 5611 4834 5023 5315 6042 5543 5486 6009 5313 5660 5020 6084 5407 6166 5246 5722 5516
5158 5199 5310 5145 5827 5358 4749 4933 5664 5435 5728 4897 5967 5974 4931 5482 5757 4948 5990 5610 5183 4944 4938 5782 5691 5968 5448 4990 5781 5357 5638 5575 5963 5211 6088 5169 5613 5146 4837 6135 5605 5930 5444 6026 5692 5232 6123 5826 6059 5262 5203 4822 5223 6204 5994
5412 6166 4857 5239 5235 5787 5894 5590 5040 5510 6200 5442 5886 5846 5100 5325 5826 6073 5762 5283 6187 6044 4855 5223 6123 6084 5450 5588 4972 5602 4952 5921 6128 5031 5564 5874 5330 5321 4872 5709 5974 5013 4742 5342 5445 5035 6147 5420 4850 5177 5251 5525 4794 5375 5384
5178 5117 4904 5499 5444 5491 5404 5882 5684 5157 5753 5916 4844 5437 5494 4879 4856 4861 5067 5121 6138 5212 6087 6000 6014 5443 4771 5042 5835 5890 4906 5554 5896 5593 5284 6017 5460 4840 5754 5037 5274 5015 4973 5773 5693 5278 5387 4755 5405 5889 5408 6041 5905 5873 5858
5646 5135 5142 5385 5574 6140 5108 6000 6081 5489 4878 5175 5400 5818 5105 4846 5397 4887 5646 4860 5324 5502 5016 5166 5793 5038 6135 4860 4995 4815 5196 5956 5689 5740 5002 5095 5483 5924 5842 6037 5581 5045 5404 5393 5964 5144 4984 5814 5547 5931 5962 4775 5436 5333 5611
4857 5944 4830 5890 4932 4998 4781 5871 5542 5641 5620 5807 4959 4793 5943 4906 5377 5894 5333 6032 5070 5930 4981 5972 6206 5866 5535 5616 4817 4993 5868 4863 5807 5616 5826 5238 4979 5079 5265 5784 4746 5338 4959 4774 5123 5745 5386 5695 5301 5225 5668 5828 5198 5253 4954
5114 6080 5882 5221 5111 5471 5455 5279 6097 4792 6010 5560 5419 5977 5060 4993 4854 6034 4765 6033 6173 5758 5470 5715 5317 4808 5645 5106 5838 6034 5517 4893 5500 4994 5859 5367 4868 5475 5650 5248 5872 4877 5876 5786 4922 5274 4799 5201 5449 5526 5825 5307 4974 6124 5084
5592 5397 5886 4890 5860 5662 5557 5086 5136 4824 5899 5090 5137 5685 6083 4911 5249 5208 5548 5888 5159 5282 4911 5951 5199 4894 5860 5254 6004 5152 5213 4967 5473 5758 5235 6153 6152 4866 5500 5305 5866 5941 5755 6198 5433 5680 5682 4781 6137 5686 4911 6093 5907 5047 5539
5064 5637 4847 5518 6197 6180 5400 5590 4760 6084 5604 5844 5277 4892 5472 5613 5129 4880 6188 4798 5819 5129 5948 5109 5536 6084 5608 6178 5216 5975 5513 5658 5567 4882 4994 5843 5092 5340 6148 5006 5078 5995 5643 6008 5694 5916 5511 5030 5314 5196 6119 5597 5397 5540 5373
5702 5121 5358 4784 4791 5843 6114 6001 5625 4951 6058 5639 4784 5853 5790 6206 5141 5621 4869 5672 5527 4960 4938 4939 5274 5405 5792 5728 5847 4813 5714 5760 5171 6171 5732 5709 5852 4928 6160 5442 4882 5996 5766 5280 5215 5335 5028 5121 5224 5173 4759 6101 5118 4852 5796
5684 4829 6156 6203 5450 5048 4982 4904 5460 5859 4801 4817 5004 5576 6182 5801 5636 4851 5898 5828 6115 5562 5675 5657 5422 5162 5799 5975 5845 5111 5760 6157 6167 4924 6169 5054 5694 6153 5312 4929 5805 5475 5538 5269 5636 6167 5198 4990 5103 5563 4838 6094 6171 5512 5796
4878 5828 4775 4922 5731 5901 5044 5034 5781 5895 5282 5667 5183 5122 5644 5655 4925 6151 6005 5379 5293 4817 5966 5922 5838 5996 5903 6154 5552 5340 5905 5710 5057 5030 5503 5374 5342 4946 5600 5782 5404 5472 5891 5023 4920 6092 4767 5536 5532 5174 5219 4838 5771 5867 4936
5128 6053 4769 6137 5008 5172 5667 5194 6053 4812 4999 4806 4875 5208 5105 5668 5054 5851 6179 4999 5287 6104 5023 5141 4925 5942 5123 5400 5518 5973 5054 5961 4815 5087 5641 4795 5092 5420 5090 5046 5833 5330 5896 6017 5194 6054 6173 4750 5960 5793 5607 5311 5177 5112 6044
5647 5712 6208 6149 5793 4979 4834 5227 6113 5124 4785 5893 6100 5936 4903 4951 5209 5035 4876 4971 5291 4818 5683 5671 4744 6083 4814 5332 5013 5981 5850 6105 5132 5917 6053 5540 5668 4766 5279 4897 5796 4805 5246 5079 5217 5330 4973 4962 5815 6094 5933 4807 5372 4867 5587
5753 4801 5931 5007 5366 5691 5825 5524 5792 5308 5834 5290 5517 5215 5037 4830 5436 5387 5592 6070 6089 5541 6109 5419 5393 5377 5274 5288 5780 5901 5481 5458 6185 5638 6045 5899 5101 6121 5643 5441 5952 5555 5077 4825 5079 5125 5034 5053 5768 5293 5940 4821 4877 6192 5414
4876 5902 5086 6132 5016 5222 5725 4769 6197 5698 5281 5100 5922 5258 5465 5926 5994 5342 4869 4769 5004 5558 5643 5861 4948 5910 5534 6050 5232 5927 5018 4899 5316 5580 5342 6170 6094 5574 6075 4878 6198 5416 5276 6056 5252 6056 5161 5950 5597 5104 4935 5647 5846 5130 5983
6108 5961 5845 5691 5557 6102 4777 5919 5306 5023 4967 5569 4814 5872 5939 4858 4860 6127 5308 4774 5285 5333 5851 6140 5263 5176 5824 5808 5641 4863 4832 5803 4813 6146 5237 4959 6136 4907 5381 6036 5810 5081 5460 5104 5059 4797 5569 5667 5331 5676 4845 6024 5631 4866 5868
5174 4914 5802 5102 5572 5253 5204 5494 5438 6119 5594 4839 5454 5654 5055 4754 6140 5499 4955 4998 5377 4970 5473 5516 6168 5636 5923 6183 5284 5771 5530 5173 5500 4982 4976 5176 4816 5014 5560 6031 5785 5046 5309 5905 5488 4956 4787 5021 6027 5674 5968 5037 5135 6066 5632
6037 5412 5918 6030 5306 4924 4884 4901 5284 6013 5391 5124 6128 6050 6192 4771 5736 5998 5147 5795 5057 5525 4804 5681 5024 5169 5542 5928 5173 6103 4935 5339 5999 5903 5701 5952 5259 4803 6018 5432 4797 6053 5337 5168 5176 6084 5716 6133 6062 5675 6048 4989 5323 5530 4805
5920 5117 5255 6167 4920 5442 5314 5105 5573 4830 6046 5125 4794 4977 6170 5342 5049 6170 5460 5041 4759 5591 5657 5917 5830 5006 5035 5103 5518 5977 4842 6131 5721 6211 5164 6165 4827 5145 4969 5468 5690 5887 5155 5015 5166 6084 6107 6019 4846 5169 5347 5762 5946 5182 5066
5967 5151 6143 5090 5952 5318 5561 5257 5142 6161 5411 5520 5185 5553 5737 5111 5005 5490 5232 4764 5926 5878 5100 5980 5281 5883 4901 5376 5596 6019 5211 5990 5718 5239 5405 5469 5477 4894 5714 5056 5019 4745 5931 5087 5677 5382 4862 4753 5147 5390 5099 5429 5550 4877 6010
5000 5704 6002 5322 6009 5568 5964 5200 5421 5227 5078 5365 5651 5016 5780 5388 5854 5901 4968 5525 6082 5403 4750 5749 4997 5758 6193 5151 5788 5035 5931 6216 6068 5169 5969 4996 5082 5544 5316 5820 5983 5409 5873 5318 5264 5108 5234 5219 5103 5476 4923 5932 5736 5163 5602
6161 5509 5083 5779 5737 5691 5910 5513 6104 6207 5362 5695 6120 5353 5958 4764 5472 6084 5200 5899 5180 5912 4793 5087 5636 4895 5360 5392 4905 5909 5075 5657 5014 5384 5052 4892 4803 5073 5130 5086 6206 5072 4757 4880 6197 5252 4905 5026 5654 5753 6104 4824 5723 5452 5320
5196 5858 4807 5486 4881 5306 5958 5233 4791 5092 5702 5031 5781 6063 5850 5111 5434 5016 6066 5870 5384 5119 5474 4886 5076 5120 4813 5878 5824 5624 5783 6075 5971 5485 6041 5461 4997 4945 5677 6168 6041 5899 5208 4828 5469 4872 6071 6173 5717 4780 5710 4867 5964 5823 4855
5472 4985 5605 6008 5729 4968 5949 5589 6188 4910 5038 5463 4981 5961 5209 5368 6144 5090 5852 5629 5457 5556 5351 5994 5537 5008 5585 5638 5506 5351 4776 5748 4971 5262 5330 6211 5717 6198 4845 5410 4751 5909 5119 6105 5662 5599 5090 5298 5990 6214 5814 5177 5784 5191 5570
5089 5706 5713 5192 4968 4958 4957 5858 5160 6203 5385 5973 5448 4806 5168 5089 4935 5906 5986 5954 5773 5725 5313 4793 5768 5853 5449 6029 5580 5584 5560 5167 5327 6028 5370 4867 5571 4971 5815 5893 5263 5584 5216 5697 4785 5417 6002 5770 6003 6151 5087 5726 5909 5957 6178
6145 5097 5561 4947 4942 5467 5197 5577 5106 5997 6171 5443 6208 5504 5790 4911 6101 6017 5171 6062 6058 4781 5452 5530 5241 5114 5085 5839 4776 5500 5406 6051 5098 5648 4910 5705 6160 5205 6171 4953 5669 5234 6192 5946 5466 5453 5026 4811 5259 5699 6099 5956 5752 5673 4794
4746 5189 4816 5992 4998 4951 5218 5096 5418 5840 5276 5557 5858 4823 5014 5067 5905 5874 4866 4874 5037 5769 5485 4815 4807 5766 5211 6116 5908 4980 5600 5240 6033 4910 4974 4809 6136 5879 5764 4784 5089 5036 5278 4756 5458 5367 5678 5204 6019 4884 5153 4869 6039 6206 5104
5189 5101 5686 4839 5946 5724 5033 4857 5727 5839 5973 5775 5590 6186 4864 5388 5493 5195 6105 5688 6114 5830 5348 5706 6034 5153 5963 5679 5317 5573 5004 5854 5448 5339 5592 5251 5754 5351 4871 4775 4808 4893 5193 4779 5689 6123 5962 5088 4795 4832 5767 6157 5352 5905 6015
5881 5566 5910 5147 5881 5919 4837 5619 5232 5273 5960 5554 5785 4791 4830 5078 5999 5198 6138 6090 4950 5678 5183 5414 5004 5602 5373 6086 5773 6191 5291 5695 4947 5374 6023 5173 6106 5990 4761 4803 5313 5675 5132 6090 5575 6173 5999 5619 4843 5214 6110 6068 5385 5623 5579
5979 6070 5135 5501 4847 6132 5832 5816 5988 5928 5240 4966 5496 5202 5938 4892 5777 5365 4918 5127 4964 5908 5313 6180 5601 4846 4970 6097 5812 5679 4858 5129 4837 4828 5361 4816 4937 4907 5338 6144 4927 5388 5148 5193 5548 5466 5435 5038 5116 6044 6079 6178 5170 6152 6153
5384 5460 5568 5384 5120 6152 5284 5162 5283 6168 5521 5148 5662 4908 6117 5038 4912 6119 5348 5284 4940 6201 6157 4770 5156 5388 5087 5533 6012 4950 5412 5347 5892 5308 5589 6215 5761 5706 4800 6043 5156 5973 4981 5169 5220 4876 4834 5170 5863 4820 5203 5638 5421 5824 5971
4854 5765 4825 5805 5056 5569 5467 5831 5126 4762 5286 4822 5488 5330 5306 4860 5565 6197 5595 5977 5414 4889 5398 4958 4940 5509 5586 5794 5157 5818 4936 5348 5271 5997 5936 5106 5748 4938 5077 6217 5271 5456 6037 5806 6209 5647 4806 5119 5893 5748 5994 5048 5197 5153 5113
5522 6003 5763 6150 6159 5657 5925 5741 5052 5865 6132 5591 5950 5078 4942 4889 5702 5356 5149 5693 6149 6108 6198 5336 5145 5558 5851 5151 5490 4745 5996 5997 5757 4967 5556 6166 5904 6030 5457 5219 5816 5985 5243 5416 5482 5676 5197 5029 4867 6167 4826 5666 6088 5240 4969
5863 6190 5960 5562 5084 5675 5143 6015 5566 4991 5201 5384 5792 5364 5197 4799 6163 5159 5358 4792 6003 4769 5780 6171 5835 6091 4800 4965 5389 6181 6113 4931 5923 5283 5692 4911 5135 4767 6085 4897 5797 5353 4788 5891 6216 6092 5829 5437 4904 5053 4808 5329 5786 4971 5486
5472 4898 5642 5933 4960 5977 5486 4832 6192 5489 6095 5029 5024 4964 5211 5645 6138 5917 5693 5916 6037 5940 6122 5962 5690 5238 5671 5835 5070 5359 4796 5032 4989 5271 5192 6132 5702 5326 4859 4848 4937 5924 5242 4867 5044 5557 5698 5882 4762 4774 5721 5545 5643 5562 5648
5373 5918 5798 5327 4892 4913 5577 5405 5876 5869 5785 5381 5532 5164 6028 5302 6101 5345 6140 4920 5126 5151 4868 5660 6049 5566 5316 5764 6160 6028 6125 5717 6172 5213 5066 5967 5014 4848 5497 5857 5541 4804 5536 5990 4889 4892 5096 5665 6139 5432 5197 5642 5582 4845 4828
5210 4956 4868 5800 5771 5783 5888 6161 5221 6129 6060 5868 4899 5193 4774 4793 5188 4831 6015 5540 4882 5459 5452 5829 6183 5495 5778 5372 5823 5624 5191 5809 5903 6049 4871 5748 5533 5540 5544 5943 6037 5820 5246 5683 5721 6045 5032 6067 5114 5171 5956 5189 6210 4811 4791
5119 4760 4904 5339 5903 5507 4967 5924 5611 6019 4831 5792 4835 5941 5819 6111 4829 5816 4843 5787 4976 4799 6147 5872 5450 5912 5592 4773 5144 4764 5440 5426 5914 4820 6194 5880 5820 5882 5363 6160 5491 5462 5579 5813 5182 5554 5262 5901 5693 5074 4896 5003 5769 5848 5465
5512 5010 4753 4802 5654 5092 4934 5978 6007 5815 6040 5617 6060 5599 4925 5641 5224 5552 5113 5976 5684 5635 4905 5555 5378 5295 6187 5874 4847 5812 5824 5710 4795 5724 6161 6081 5849 5105 4995 5437 4920 4817 5111 5298 4928 5394 5242 6076 5770 4746 5402 5041 5951 6192 5800
5285 5750 4793 5128 4869 6182 4769 5668 5247 5537 5759 4948 5661 5240 5756 5735 4810 5776 5832 5489 6208 5218 5443 5224 6148 6004 5542 4851 5249 5594 6111 4758 5604 5122 6145 5748 5789 5232 5462 5050 4786 6163 4851 5875 5643 5270 4811 5251 5176 5544 5788 4811 4863 4972 5605
5292 4833 5689 5058 4896 4845 5391 5332 5059 5041 5465 5846 5079 4843 5281 5373 4972 5941 5772 5424 4933 4970 6055 4852 5866 5107 6002 6182 5291 6015 6041 6060 5960 5447 5566 5232 5175 5239 5268 4765 5171 5279 5651 6148 5321 4758 5214 4965 5578 5995 6152 5911 5406 5154 5439
5419 5796 4856 6188 6121 4923 5945 5701 6077 5230 5079 5989 5251 5298 5982 4824 5116 5131 5318 5233 5612 5043 5342 5418 4846 5622 5561 5519 4898 5058 5140 6019 5902 5709 4765 5637 6101 5387 5623 5329 5303 5981 6040 5160 5516 5316 6178 5164 5468 5882 5602 6094 5900 5851 4840
5013 5064 6134 6053 5602 4836 5226 4903 5990 5783 4945 5088 4742 5230 5681 5995 5151 5074 6034 5950 5975 5510 5605 5139 5946 5878 4744 5016 6014 5514 5135 5770 5512 5524 6049 5781 5443 5842 5857 5275 4820 5929 5353 5576 5697 4889 5775 5909 4953 5274 5550 6058 5216 4865 4742
