133 112
250 14821
3704 3388 3558 3326 3309 3333 3394 3308 3568 3605 3764 3583 3486 3321 3273 3281 3594 3602 3356 3538 3515 3594 3547 3402 3561 3329 3498 3372 3623 3575 3681 3761 3313 3763 3593 3674 3360 3647 3452 3651 3439 3721 3477 3298 3632 3702 3457 3552 3712 3679 3649 3551 3428 3590 3443 3545 3630 3644 3507 3303 3424 3760 3553 3379 3522 3661 3283 3436 3613 3541 3396 3611 3756 3343 3577 3643 3596 3434 3427 3464 3394 3607 3727 3533 3501 3607 3702 3308 3744 3601 3374 3732 3538 3367 3768 3386 3690 3595 3344 3660 3303 3337 3461 3568 3296 3416 3444 3474 3486 3671 3435 3594
3724 3651 3764 3472 3342 3443 3361 3602 3712 3582 3691 3687 3410 3585 3538 3576 3720 3586 3547 3274 3430 3604 3715 3275 3635 3564 3682 3349 3625 3388 3709 3373 3668 3392 3286 3307 3469 3325 3358 3279 3709 3505 3701 3722 3398 3542 3562 3496 3469 3448 3433 3466 3331 3389 3698 3648 3351 3578 3512 3456 3762 3559 3764 3695 3453 3397 3682 3303 3333 3588 3329 3352 3285 3596 3417 3722 3327 3412 3550 3496 3460 3744 3348 3300 3367 3738 3756 3565 3383 3439 3617 3657 3720 3398 3567 3594 3738 3463 3560 3478 3331 3342 3415 3407 3432 3369 3755 3524 3731 3280 3404 3582
3428 3588 3532 3290 3572 3499 3490 3684 3584 3535 3475 3503 3610 3760 3530 3607 3376 3461 3614 3600 3689 3342 3491 3522 3343 3550 3693 3708 3540 3636 3474 3330 3518 3344 3516 3635 3690 3739 3405 3577 3318 3390 3533 3492 3353 3700 3481 3463 3403 3765 3668 3309 3351 3454 3718 3285 3590 3415 3610 3276 3369 3292 3280 3518 3564 3742 3757 3691 3655 3485 3280 3506 3733 3452 3665 3276 3598 3394 3733 3360 3669 3649 3296 3648 3282 3298 3352 3706 3745 3431 3358 3307 3701 3756 3352 3764 3632 3728 3467 3680 3432 3643 3739 3302 3278 3444 3463 3354 3329 3392 3715 3726
3676 3308 3620 3500 3381 3718 3691 3639 3426 3671 3518 3658 3456 3676 3331 3493 3437 3636 3363 3595 3750 3421 3368 3764 3718 3755 3599 3635 3434 3494 3719 3444 3415 3649 3737 3290 3416 3494 3333 3437 3535 3405 3761 3695 3418 3766 3487 3595 3742 3507 3373 3757 3517 3566 3528 3368 3401 3667 3621 3761 3436 3488 3633 3499 3741 3572 3551 3274 3327 3332 3657 3306 3712 3604 3611 3714 3742 3531 3601 3757 3743 3435 3339 3760 3764 3763 3301 3332 3277 3273 3487 3743 3645 3316 3272 3491 3648 3725 3297 3640 3581 3347 3638 3760 3646 3298 3678 3718 3737 3523 3563 3691
3566 3662 3288 3666 3298 3444 3392 3367 3507 3448 3362 3680 3644 3465 3559 3688 3735 3527 3356 3489 3539 3387 3380 3432 3373 3299 3645 3723 3697 3509 3395 3543 3604 3425 3739 3688 3407 3469 3560 3695 3386 3626 3602 3462 3324 3555 3292 3691 3590 3664 3762 3505 3547 3291 3313 3353 3400 3534 3483 3536 3371 3622 3685 3645 3283 3623 3404 3529 3279 3671 3693 3729 3574 3349 3715 3567 3303 3596 3415 3369 3535 3697 3723 3767 3425 3741 3322 3749 3303 3720 3752 3290 3509 3448 3495 3481 3456 3532 3679 3401 3464 3733 3391 3650 3386 3346 3520 3409 3593 3509 3623 3378
3339 3633 3531 3464 3720 3521 3598 3601 3630 3383 3626 3329 3721 3619 3535 3605 3430 3355 3755 3306 3609 3765 3459 3608 3600 3695 3500 3425 3716 3721 3445 3388 3561 3510 3551 3352 3733 3693 3327 3591 3323 3595 3686 3529 3704 3702 3406 3402 3617 3462 3493 3457 3407 3711 3536 3525 3732 3294 3393 3686 3485 3334 3691 3738 3552 3496 3636 3517 3750 3755 3280 3697 3322 3527 3445 3537 3743 3452 3556 3504 3585 3281 3597 3557 3300 3722 3390 3672 3345 3717 3526 3374 3299 3534 3651 3419 3710 3490 3731 3359 3393 3735 3717 3506 3767 3352 3621 3646 3515 3729 3350 3656
3587 3662 3431 3618 3283 3541 3597 3472 3588 3658 3295 3318 3687 3524 3718 3467 3627 3341 3630 3625 3387 3490 3318 3275 3349 3534 3688 3682 3303 3333 3592 3412 3330 3669 3721 3485 3656 3478 3370 3315 3445 3737 3526 3276 3653 3731 3421 3750 3661 3703 3657 3354 3731 3326 3461 3407 3460 3651 3729 3361 3366 3525 3688 3276 3724 3696 3469 3586 3757 3277 3361 3301 3508 3645 3399 3300 3409 3377 3370 3691 3385 3390 3447 3711 3695 3460 3638 3620 3451 3630 3495 3586 3547 3699 3588 3282 3399 3766 3701 3369 3590 3547 3660 3482 3440 3722 3596 3550 3672 3629 3453 3537
3434 3437 3662 3754 3677 3458 3337 3462 3497 3684 3326 3474 3606 3523 3410 3550 3686 3333 3380 3741 3385 3275 3369 3721 3532 3401 3617 3456 3656 3547 3605 3446 3720 3413 3599 3315 3586 3480 3585 3527 3546 3341 3374 3489 3726 3749 3744 3500 3711 3477 3710 3411 3288 3467 3390 3291 3308 3599 3529 3638 3284 3761 3633 3546 3405 3316 3520 3565 3520 3332 3588 3324 3436 3713 3322 3745 3585 3443 3753 3751 3372 3395 3615 3685 3450 3569 3663 3569 3538 3330 3466 3547 3541 3432 3471 3280 3496 3692 3402 3416 3448 3488 3758 3526 3373 3491 3380 3571 3707 3597 3587 3501
3649 3488 3762 3571 3277 3732 3697 3747 3367 3552 3477 3323 3473 3727 3505 3471 3374 3744 3624 3703 3567 3638 3760 3303 3376 3328 3690 3758 3511 3478 3665 3691 3440 3470 3312 3579 3342 3321 3390 3411 3366 3617 3576 3375 3310 3727 3390 3323 3647 3438 3525 3577 3747 3479 3307 3647 3610 3508 3706 3634 3740 3678 3319 3716 3707 3764 3431 3711 3447 3362 3489 3526 3615 3448 3653 3701 3551 3740 3611 3700 3658 3272 3468 3672 3288 3497 3697 3291 3395 3590 3548 3453 3652 3724 3427 3440 3707 3484 3679 3383 3288 3719 3691 3458 3332 3592 3543 3357 3728 3488 3624 3507
3456 3394 3586 3598 3495 3669 3508 3584 3736 3398 3448 3400 3433 3351 3283 3535 3407 3632 3329 3394 3607 3547 3646 3616 3712 3711 3493 3598 3525 3637 3655 3369 3298 3402 3305 3591 3569 3343 3741 3696 3314 3766 3427 3410 3398 3679 3403 3327 3555 3344 3734 3716 3458 3427 3710 3583 3734 3618 3360 3657 3690 3650 3559 3524 3755 3664 3756 3700 3478 3295 3271 3386 3331 3465 3338 3567 3732 3308 3481 3349 3323 3718 3768 3635 3425 3627 3474 3609 3318 3372 3748 3713 3505 3614 3761 3662 3310 3521 3508 3762 3620 3631 3536 3534 3327 3646 3619 3369 3455 3399 3476 3504
3660 3732 3649 3682 3401 3335 3393 3376 3534 3463 3737 3338 3760 3291 3637 3564 3429 3280 3551 3686 3366 3411 3375 3362 3629 3357 3288 3399 3550 3446 3280 3388 3694 3489 3586 3700 3588 3458 3415 3535 3427 3591 3553 3408 3738 3387 3393 3317 3533 3695 3391 3308 3411 3599 3724 3374 3395 3592 3660 3611 3533 3676 3630 3404 3362 3479 3438 3701 3622 3441 3578 3767 3668 3271 3433 3415 3489 3723 3502 3359 3452 3620 3681 3634 3565 3474 3563 3326 3711 3558 3612 3614 3292 3722 3300 3445 3643 3288 3673 3489 3706 3394 3293 3486 3700 3597 3362 3660 3534 3590 3433 3718
3744 3312 3287 3485 3288 3362 3592 3464 3617 3392 3662 3381 3540 3609 3568 3515 3337 3747 3313 3575 3335 3301 3552 3310 3674 3307 3716 3534 3524 3726 3696 3597 3404 3357 3581 3387 3725 3560 3443 3347 3657 3396 3684 3576 3666 3632 3726 3648 3704 3363 3325 3562 3349 3671 3469 3392 3297 3517 3546 3355 3301 3622 3663 3363 3327 3574 3291 3657 3599 3614 3400 3279 3411 3310 3599 3355 3286 3754 3534 3668 3763 3664 3308 3324 3583 3411 3380 3372 3334 3539 3564 3474 3493 3436 3705 3712 3463 3572 3505 3764 3556 3444 3694 3316 3544 3735 3319 3742 3722 3672 3642 3650
3519 3459 3392 3699 3602 3607 3331 3743 3711 3435 3320 3331 3485 3696 3351 3676 3315 3729 3533 3386 3754 3295 3671 3665 3574 3672 3285 3437 3656 3508 3711 3657 3324 3516 3676 3606 3638 3665 3680 3746 3760 3752 3688 3336 3485 3705 3591 3694 3767 3275 3666 3727 3604 3404 3363 3325 3450 3563 3448 3518 3570 3756 3651 3523 3702 3741 3350 3744 3535 3636 3678 3632 3526 3556 3756 3589 3755 3492 3475 3295 3287 3385 3430 3529 3463 3418 3611 3698 3566 3406 3730 3645 3322 3325 3703 3711 3452 3768 3292 3487 3487 3563 3561 3384 3358 3614 3562 3680 3549 3573 3736 3475
3299 3588 3498 3737 3439 3753 3690 3305 3612 3745 3365 3283 3715 3563 3437 3656 3734 3439 3451 3716 3497 3316 3438 3689 3598 3429 3531 3531 3305 3680 3523 3565 3363 3524 3753 3750 3730 3519 3702 3288 3626 3676 3472 3683 3689 3639 3453 3422 3369 3388 3428 3565 3598 3617 3604 3654 3381 3549 3599 3331 3513 3555 3328 3603 3371 3559 3513 3517 3707 3490 3381 3345 3612 3507 3504 3475 3408 3448 3303 3541 3316 3416 3589 3576 3396 3739 3371 3407 3387 3696 3694 3338 3496 3642 3695 3519 3680 3474 3618 3412 3409 3355 3648 3343 3690 3470 3761 3611 3369 3312 3345 3717
3312 3657 3696 3422 3282 3765 3413 3390 3388 3582 3613 3445 3664 3545 3325 3452 3384 3734 3684 3663 3560 3609 3558 3737 3527 3474 3637 3418 3357 3723 3331 3607 3700 3357 3718 3386 3639 3705 3401 3414 3309 3308 3383 3450 3680 3691 3339 3689 3279 3541 3636 3531 3702 3680 3493 3716 3539 3552 3713 3351 3348 3294 3680 3652 3559 3347 3614 3498 3723 3603 3670 3301 3579 3581 3378 3723 3315 3680 3751 3670 3556 3659 3667 3540 3564 3607 3386 3754 3435 3712 3720 3532 3468 3271 3426 3348 3432 3290 3453 3504 3278 3370 3392 3302 3344 3625 3407 3648 3467 3662 3433 3465
3476 3371 3284 3411 3723 3335 3419 3439 3690 3609 3660 3759 3634 3422 3446 3696 3451 3738 3352 3475 3394 3587 3381 3498 3512 3631 3367 3531 3608 3378 3654 3531 3427 3639 3435 3409 3369 3340 3486 3445 3514 3409 3565 3319 3393 3343 3570 3493 3444 3320 3424 3454 3716 3626 3726 3601 3330 3280 3521 3534 3661 3713 3683 3439 3610 3668 3728 3512 3578 3370 3331 3401 3283 3546 3716 3503 3757 3554 3282 3341 3604 3303 3524 3354 3341 3571 3287 3293 3307 3758 3690 3446 3476 3471 3534 3385 3713 3721 3360 3388 3481 3501 3464 3342 3403 3289 3466 3637 3299 3355 3370 3632
3457 3690 3326 3276 3567 3333 3688 3763 3485 3591 3759 3627 3674 3738 3533 3439 3360 3679 3729 3653 3715 3682 3709 3692 3553 3351 3495 3479 3347 3745 3294 3335 3458 3760 3345 3295 3631 3692 3273 3456 3538 3728 3666 3369 3646 3717 3435 3302 3517 3511 3396 3738 3650 3490 3621 3333 3480 3458 3415 3710 3731 3384 3604 3558 3610 3314 3551 3550 3277 3325 3582 3560 3349 3689 3496 3331 3493 3297 3327 3699 3444 3712 3717 3400 3484 3729 3402 3646 3322 3486 3767 3668 3768 3333 3563 3589 3729 3482 3644 3717 3655 3309 3281 3319 3289 3766 3665 3402 3646 3374 3441 3532
3293 3395 3635 3764 3386 3760 3582 3352 3624 3562 3645 3738 3445 3287 3321 3462 3481 3271 3455 3439 3713 3756 3511 3382 3698 3541 3324 3404 3388 3281 3485 3469 3361 3592 3409 3450 3552 3748 3608 3493 3427 3441 3750 3515 3672 3470 3735 3319 3519 3351 3739 3326 3423 3512 3554 3331 3652 3342 3503 3426 3765 3474 3454 3767 3340 3277 3572 3584 3355 3411 3551 3588 3315 3667 3573 3343 3303 3278 3659 3314 3708 3587 3470 3282 3467 3586 3597 3318 3374 3669 3334 3369 3764 3387 3733 3281 3388 3743 3353 3525 3668 3453 3713 3423 3386 3280 3555 3696 3628 3614 3513 3590
3644 3393 3642 3638 3300 3661 3499 3325 3393 3695 3650 3581 3574 3575 3558 3381 3536 3305 3641 3599 3645 3692 3510 3374 3686 3541 3609 3623 3595 3733 3527 3503 3451 3431 3290 3719 3444 3649 3386 3660 3691 3402 3482 3584 3275 3313 3535 3621 3345 3553 3544 3685 3302 3439 3761 3727 3736 3389 3656 3417 3422 3601 3679 3656 3384 3674 3667 3757 3634 3492 3496 3689 3544 3637 3563 3448 3457 3674 3757 3660 3303 3343 3655 3392 3766 3347 3523 3360 3363 3408 3529 3402 3392 3710 3305 3423 3566 3329 3547 3594 3414 3661 3638 3681 3333 3723 3741 3354 3663 3274 3653 3567
3569 3428 3479 3394 3340 3642 3496 3597 3322 3374 3328 3434 3721 3586 3420 3388 3475 3623 3586 3305 3476 3719 3391 3559 3587 3392 3334 3629 3644 3665 3735 3598 3435 3518 3428 3659 3527 3685 3713 3317 3479 3752 3285 3638 3299 3524 3476 3365 3513 3504 3357 3627 3426 3598 3679 3531 3492 3342 3286 3297 3760 3503 3631 3465 3599 3452 3746 3309 3490 3521 3658 3702 3554 3621 3281 3411 3737 3527 3694 3476 3597 3702 3375 3538 3494 3340 3524 3621 3360 3643 3514 3445 3365 3565 3336 3625 3295 3597 3332 3407 3436 3288 3425 3434 3514 3743 3569 3635 3466 3650 3704 3557
3629 3483 3590 3579 3586 3536 3453 3540 3332 3580 3567 3673 3595 3302 3693 3409 3595 3751 3444 3592 3364 3330 3754 3396 3675 3597 3729 3666 3558 3757 3588 3611 3687 3360 3284 3760 3735 3489 3302 3708 3739 3760 3719 3395 3645 3410 3560 3393 3277 3764 3380 3613 3500 3525 3561 3405 3646 3565 3337 3373 3401 3346 3376 3732 3695 3394 3722 3449 3645 3451 3659 3440 3647 3287 3759 3747 3396 3321 3701 3467 3654 3295 3702 3506 3526 3662 3706 3407 3603 3685 3310 3505 3650 3436 3446 3585 3507 3699 3747 3753 3748 3622 3546 3513 3446 3608 3523 3641 3537 3594 3633 3570
3660 3389 3746 3579 3509 3478 3664 3519 3614 3464 3500 3690 3354 3365 3530 3442 3747 3700 3647 3719 3411 3757 3347 3281 3419 3308 3637 3677 3350 3460 3541 3433 3753 3604 3676 3271 3608 3717 3677 3327 3537 3655 3412 3544 3365 3556 3549 3667 3652 3609 3581 3657 3703 3697 3660 3722 3577 3473 3539 3506 3685 3675 3419 3550 3466 3392 3745 3566 3391 3560 3419 3547 3338 3346 3395 3372 3332 3306 3453 3556 3307 3530 3557 3631 3292 3454 3296 3493 3564 3327 3713 3426 3725 3274 3553 3753 3674 3708 3499 3725 3736 3452 3691 3626 3295 3391 3471 3587 3567 3475 3761 3371
3702 3594 3695 3752 3747 3708 3390 3670 3353 3579 3599 3547 3760 3509 3400 3523 3391 3463 3391 3695 3434 3408 3568 3641 3553 3715 3412 3715 3302 3461 3307 3426 3707 3508 3406 3765 3337 3674 3310 3708 3622 3431 3462 3412 3573 3456 3583 3605 3434 3433 3584 3554 3362 3299 3552 3319 3652 3697 3759 3752 3648 3289 3507 3704 3675 3701 3407 3343 3430 3553 3276 3488 3747 3593 3398 3668 3313 3332 3718 3579 3453 3446 3514 3468 3646 3338 3516 3532 3301 3401 3347 3385 3754 3489 3715 3581 3432 3321 3466 3523 3552 3735 3373 3319 3571 3627 3693 3677 3400 3606 3533 3475
3728 3303 3743 3415 3430 3415 3562 3670 3453 3303 3532 3304 3376 3291 3689 3620 3471 3436 3545 3384 3377 3326 3461 3424 3405 3343 3528 3490 3486 3438 3421 3690 3730 3448 3469 3304 3737 3525 3644 3649 3338 3686 3550 3498 3498 3387 3283 3415 3557 3372 3313 3465 3448 3633 3329 3454 3489 3301 3386 3704 3354 3418 3329 3655 3540 3383 3453 3610 3710 3556 3585 3576 3670 3551 3362 3600 3597 3739 3552 3708 3306 3642 3567 3440 3718 3443 3492 3750 3399 3352 3583 3273 3392 3346 3449 3308 3505 3276 3430 3703 3615 3745 3658 3546 3461 3280 3757 3458 3740 3547 3550 3497
3720 3351 3598 3312 3433 3504 3420 3664 3714 3716 3290 3751 3542 3508 3669 3277 3585 3601 3525 3362 3552 3320 3545 3665 3586 3389 3621 3304 3464 3432 3438 3442 3558 3329 3703 3631 3584 3380 3549 3718 3411 3746 3558 3276 3498 3548 3346 3461 3670 3552 3570 3590 3528 3575 3540 3451 3552 3365 3662 3424 3551 3529 3405 3279 3303 3521 3755 3463 3456 3562 3550 3483 3726 3503 3737 3721 3736 3453 3503 3331 3362 3544 3731 3469 3404 3700 3327 3629 3577 3463 3365 3574 3301 3362 3431 3569 3727 3619 3411 3659 3560 3653 3737 3459 3577 3295 3445 3661 3552 3483 3754 3681
3488 3606 3643 3563 3684 3431 3674 3696 3728 3768 3299 3618 3656 3625 3546 3748 3420 3469 3639 3682 3723 3605 3642 3579 3543 3742 3286 3276 3325 3666 3669 3645 3629 3516 3488 3553 3432 3654 3709 3718 3284 3537 3286 3274 3497 3625 3532 3323 3573 3342 3560 3744 3656 3758 3701 3464 3359 3638 3377 3353 3703 3665 3461 3721 3555 3662 3283 3603 3493 3448 3325 3374 3389 3457 3278 3403 3487 3674 3520 3383 3312 3601 3582 3589 3545 3469 3462 3464 3363 3544 3465 3492 3513 3547 3415 3417 3387 3663 3309 3336 3288 3617 3640 3744 3621 3341 3676 3562 3602 3639 3429 3692
3532 3521 3465 3648 3581 3295 3323 3661 3411 3329 3328 3387 3462 3632 3725 3451 3391 3587 3600 3653 3561 3442 3472 3412 3748 3615 3274 3277 3290 3453 3509 3726 3756 3464 3538 3346 3370 3468 3491 3608 3404 3293 3391 3356 3412 3290 3421 3531 3749 3393 3324 3655 3616 3605 3422 3360 3729 3736 3711 3700 3544 3340 3323 3509 3741 3742 3460 3671 3543 3552 3605 3386 3355 3547 3590 3547 3533 3738 3474 3520 3334 3726 3411 3631 3678 3488 3363 3762 3491 3550 3302 3660 3513 3434 3458 3614 3294 3661 3739 3312 3564 3400 3473 3305 3544 3414 3375 3404 3588 3649 3293 3423
3361 3728 3488 3736 3289 3755 3397 3352 3648 3611 3424 3412 3611 3720 3596 3306 3424 3414 3437 3335 3449 3591 3333 3485 3507 3582 3560 3634 3467 3681 3648 3560 3661 3725 3528 3460 3374 3604 3339 3499 3651 3308 3532 3716 3466 3534 3767 3277 3300 3382 3541 3586 3520 3599 3352 3441 3583 3573 3691 3539 3272 3365 3371 3579 3296 3558 3715 3738 3712 3761 3349 3353 3735 3632 3467 3394 3513 3440 3693 3690 3514 3459 3432 3698 3549 3306 3308 3491 3667 3638 3688 3309 3731 3755 3413 3503 3552 3632 3286 3481 3733 3745 3343 3568 3410 3393 3482 3705 3617 3392 3723 3364
3294 3390 3516 3594 3542 3383 3370 3589 3680 3597 3396 3323 3390 3587 3701 3635 3731 3447 3600 3523 3277 3442 3382 3295 3688 3583 3555 3470 3556 3652 3718 3477 3691 3365 3415 3764 3392 3353 3375 3337 3613 3502 3649 3292 3277 3518 3291 3439 3286 3709 3635 3274 3369 3687 3719 3445 3642 3691 3362 3289 3755 3360 3728 3645 3673 3470 3278 3554 3401 3586 3471 3761 3671 3613 3577 3654 3631 3577 3467 3379 3750 3321 3435 3709 3748 3530 3678 3726 3586 3672 3322 3738 3690 3695 3316 3354 3635 3339 3542 3713 3544 3526 3556 3609 3465 3540 3557 3344 3408 3425 3724 3558
3439 3586 3413 3638 3386 3745 3313 3279 3728 3372 3746 3426 3747 3635 3667 3475 3600 3332 3299 3508 3743 3466 3639 3430 3297 3405 3334 3617 3725 3728 3611 3403 3390 3346 3293 3500 3537 3484 3484 3522 3548 3285 3618 3523 3683 3763 3705 3473 3424 3623 3546 3547 3714 3665 3516 3703 3617 3637 3384 3367 3377 3550 3320 3752 3551 3725 3469 3738 3494 3319 3465 3697 3708 3756 3350 3538 3385 3476 3282 3382 3629 3717 3453 3336 3520 3477 3437 3582 3374 3320 3396 3510 3600 3537 3337 3278 3326 3766 3547 3753 3632 3558 3400 3271 3670 3346 3321 3624 3326 3634 3752 3705
3594 3288 3380 3725 3494 3284 3738 3747 3433 3401 3344 3340 3688 3670 3517 3693 3700 3615 3519 3494 3601 3758 3660 3497 3699 3335 3644 3567 3691 3475 3514 3399 3362 3734 3494 3280 3499 3755 3389 3551 3640 3363 3676 3554 3424 3500 3687 3711 3638 3731 3611 3694 3699 3429 3749 3762 3573 3421 3401 3721 3283 3522 3343 3304 3327 3296 3318 3569 3449 3577 3566 3434 3408 3674 3312 3545 3554 3523 3303 3671 3667 3721 3656 3763 3497 3704 3501 3406 3699 3709 3702 3295 3699 3429 3669 3314 3553 3271 3456 3419 3766 3758 3398 3727 3477 3280 3492 3591 3404 3371 3587 3520
3506 3584 3360 3422 3590 3273 3299 3291 3395 3398 3472 3458 3563 3503 3417 3733 3299 3633 3730 3520 3686 3642 3304 3593 3759 3665 3298 3425 3582 3503 3418 3736 3328 3529 3674 3752 3608 3510 3632 3753 3467 3768 3679 3678 3696 3635 3672 3320 3624 3489 3551 3316 3294 3740 3348 3602 3461 3616 3613 3363 3450 3548 3659 3451 3508 3493 3605 3755 3371 3565 3328 3583 3653 3441 3608 3751 3756 3652 3718 3552 3428 3369 3676 3558 3399 3277 3332 3416 3530 3760 3517 3377 3360 3466 3706 3362 3420 3545 3745 3319 3764 3672 3736 3494 3501 3538 3310 3622 3749 3449 3385 3347
3353 3277 3633 3371 3287 3579 3541 3466 3570 3639 3554 3349 3351 3686 3467 3596 3681 3283 3720 3459 3590 3621 3442 3732 3687 3716 3663 3526 3592 3747 3491 3288 3473 3725 3584 3345 3551 3532 3435 3633 3295 3684 3603 3465 3415 3608 3673 3635 3563 3613 3445 3343 3495 3289 3716 3755 3420 3383 3543 3587 3350 3327 3729 3328 3715 3639 3697 3344 3396 3449 3721 3689 3544 3516 3689 3389 3275 3522 3275 3327 3644 3478 3660 3689 3497 3738 3763 3710 3276 3572 3371 3321 3597 3465 3480 3331 3534 3531 3272 3381 3354 3569 3280 3396 3632 3345 3510 3648 3538 3685 3501 3749
3357 3543 3643 3667 3347 3272 3358 3572 3462 3529 3556 3393 3283 3601 3372 3311 3753 3464 3435 3657 3727 3386 3374 3763 3461 3689 3293 3426 3528 3272 3403 3294 3597 3646 3558 3353 3600 3552 3299 3527 3655 3312 3682 3318 3301 3758 3626 3353 3668 3610 3746 3388 3353 3560 3743 3574 3681 3385 3711 3490 3595 3435 3732 3496 3358 3557 3497 3313 3428 3559 3660 3632 3605 3304 3421 3500 3458 3532 3335 3687 3743 3275 3380 3472 3433 3446 3400 3639 3339 3707 3714 3420 3462 3568 3319 3427 3597 3613 3426 3426 3507 3379 3389 3553 3646 3462 3434 3615 3550 3586 3475 3463
3395 3390 3688 3426 3400 3683 3675 3422 3562 3571 3320 3308 3378 3611 3572 3744 3306 3742 3478 3738 3428 3747 3512 3328 3428 3630 3492 3570 3624 3515 3280 3671 3367 3698 3744 3589 3318 3625 3582 3589 3476 3277 3431 3751 3583 3412 3303 3618 3343 3565 3677 3352 3328 3414 3277 3421 3626 3508 3437 3678 3694 3383 3468 3575 3631 3435 3607 3695 3720 3314 3557 3606 3511 3273 3308 3704 3511 3371 3343 3447 3598 3467 3460 3469 3375 3552 3513 3648 3609 3637 3501 3465 3350 3444 3332 3371 3457 3602 3505 3529 3352 3361 3766 3602 3292 3739 3654 3624 3640 3317 3759 3399
3711 3766 3688 3709 3707 3751 3506 3439 3295 3318 3645 3425 3603 3663 3291 3400 3676 3273 3676 3619 3644 3567 3551 3282 3408 3272 3549 3741 3385 3508 3547 3673 3534 3354 3457 3342 3457 3349 3746 3567 3289 3689 3721 3285 3682 3376 3295 3556 3336 3410 3413 3611 3524 3626 3357 3670 3423 3486 3320 3337 3603 3616 3513 3758 3524 3346 3569 3403 3320 3391 3720 3420 3568 3414 3454 3755 3564 3565 3545 3506 3708 3329 3511 3318 3302 3380 3681 3276 3529 3436 3399 3538 3449 3760 3590 3336 3571 3271 3580 3538 3742 3454 3559 3672 3582 3474 3649 3310 3432 3766 3452 3580
3481 3648 3302 3679 3442 3500 3633 3325 3649 3341 3278 3469 3659 3471 3367 3729 3277 3367 3395 3389 3547 3286 3465 3414 3427 3466 3454 3495 3405 3743 3674 3286 3447 3527 3622 3530 3279 3766 3651 3281 3456 3391 3331 3657 3529 3445 3594 3444 3429 3402 3665 3462 3382 3762 3651 3757 3390 3695 3715 3342 3506 3652 3565 3614 3690 3485 3724 3453 3573 3735 3642 3395 3490 3428 3304 3424 3338 3672 3761 3304 3688 3515 3439 3731 3303 3633 3621 3353 3607 3318 3280 3341 3753 3496 3523 3430 3489 3296 3745 3580 3543 3566 3604 3568 3723 3422 3415 3499 3316 3555 3663 3509
3286 3375 3705 3570 3381 3333 3747 3513 3668 3400 3595 3440 3593 3389 3699 3408 3425 3562 3317 3553 3309 3591 3486 3692 3342 3614 3271 3760 3366 3381 3545 3369 3340 3518 3693 3552 3353 3488 3294 3725 3431 3416 3644 3375 3540 3576 3574 3271 3752 3360 3534 3686 3345 3372 3425 3389 3414 3337 3726 3483 3477 3588 3541 3343 3718 3554 3694 3287 3349 3736 3711 3767 3320 3354 3341 3468 3322 3712 3478 3591 3280 3689 3629 3422 3555 3462 3289 3330 3623 3527 3332 3444 3671 3529 3697 3558 3704 3382 3354 3550 3645 3686 3564 3426 3533 3407 3563 3537 3552 3721 3432 3397
3518 3685 3461 3351 3731 3700 3514 3433 3443 3519 3660 3273 3560 3540 3470 3754 3628 3666 3684 3412 3574 3753 3725 3715 3419 3621 3327 3745 3679 3399 3525 3457 3474 3591 3398 3497 3481 3742 3711 3455 3275 3492 3421 3490 3504 3473 3385 3561 3586 3450 3332 3447 3531 3585 3340 3325 3354 3554 3767 3351 3459 3647 3379 3539 3562 3399 3639 3633 3474 3488 3756 3573 3510 3696 3409 3726 3714 3367 3494 3418 3272 3340 3290 3365 3485 3519 3535 3586 3685 3531 3583 3275 3436 3324 3482 3337 3448 3453 3474 3662 3534 3491 3679 3500 3412 3693 3691 3303 3413 3511 3527 3710
3441 3292 3582 3503 3277 3640 3658 3370 3650 3527 3652 3673 3607 3490 3616 3491 3584 3427 3701 3656 3378 3590 3458 3757 3394 3634 3525 3448 3550 3664 3497 3521 3287 3396 3742 3309 3372 3428 3582 3609 3657 3368 3309 3374 3579 3343 3354 3459 3478 3681 3333 3697 3664 3741 3557 3557 3734 3439 3417 3541 3605 3298 3531 3337 3466 3371 3338 3419 3371 3487 3309 3354 3484 3568 3510 3271 3308 3305 3333 3542 3443 3493 3345 3520 3332 3444 3358 3421 3710 3558 3683 3614 3632 3329 3681 3457 3711 3564 3399 3543 3640 3635 3709 3398 3475 3656 3273 3546 3279 3611 3383 3276
3644 3762 3745 3306 3281 3710 3626 3557 3403 3713 3431 3389 3690 3387 3577 3450 3681 3713 3511 3517 3681 3481 3391 3289 3410 3487 3335 3299 3566 3388 3467 3364 3735 3724 3597 3685 3306 3424 3642 3749 3642 3296 3755 3730 3551 3713 3432 3754 3666 3648 3589 3749 3461 3440 3662 3361 3694 3405 3708 3611 3639 3727 3594 3458 3484 3621 3528 3305 3450 3336 3472 3590 3313 3683 3626 3583 3576 3358 3273 3461 3367 3606 3318 3458 3419 3578 3330 3443 3667 3506 3319 3581 3533 3734 3326 3665 3482 3388 3537 3633 3547 3446 3354 3618 3684 3271 3398 3615 3476 3518 3352 3308
3330 3656 3768 3668 3521 3296 3384 3650 3516 3697 3673 3431 3315 3625 3649 3458 3615 3326 3692 3656 3759 3271 3695 3746 3542 3276 3338 3448 3571 3285 3357 3422 3417 3714 3429 3502 3569 3317 3746 3530 3636 3315 3516 3757 3457 3463 3489 3658 3420 3667 3415 3306 3364 3686 3595 3537 3558 3749 3540 3410 3453 3596 3383 3743 3300 3532 3412 3523 3390 3399 3754 3498 3517 3302 3338 3506 3309 3422 3533 3504 3618 3360 3414 3324 3521 3510 3741 3599 3512 3375 3416 3682 3663 3344 3715 3761 3693 3525 3459 3271 3363 3648 3509 3440 3753 3276 3640 3510 3665 3647 3304 3755
3667 3532 3705 3322 3665 3482 3452 3276 3738 3320 3339 3595 3691 3585 3709 3317 3592 3463 3488 3630 3614 3544 3582 3732 3276 3402 3317 3716 3373 3613 3648 3389 3291 3688 3662 3504 3700 3613 3554 3657 3619 3386 3556 3469 3521 3352 3293 3574 3594 3543 3383 3703 3287 3732 3578 3524 3339 3357 3565 3301 3447 3404 3272 3427 3623 3505 3582 3543 3501 3488 3565 3725 3368 3703 3526 3533 3343 3739 3576 3296 3489 3674 3614 3534 3445 3331 3408 3508 3471 3465 3680 3505 3474 3494 3719 3344 3590 3680 3295 3382 3489 3715 3376 3632 3483 3496 3453 3548 3395 3542 3689 3687
3735 3694 3411 3323 3749 3305 3337 3652 3728 3542 3763 3726 3410 3568 3615 3662 3506 3313 3557 3531 3438 3500 3679 3518 3620 3512 3355 3524 3371 3756 3286 3372 3327 3433 3703 3316 3309 3313 3276 3553 3541 3675 3307 3551 3699 3660 3708 3657 3615 3481 3641 3396 3750 3432 3689 3376 3282 3631 3378 3301 3550 3574 3391 3296 3360 3466 3558 3549 3361 3519 3329 3417 3743 3361 3450 3413 3562 3556 3400 3493 3494 3720 3346 3546 3463 3714 3639 3444 3578 3288 3599 3527 3326 3452 3321 3477 3524 3324 3669 3274 3434 3743 3767 3658 3306 3342 3346 3596 3322 3430 3300 3563
3545 3495 3558 3468 3338 3698 3698 3476 3692 3658 3565 3725 3378 3302 3401 3585 3442 3383 3659 3484 3727 3673 3756 3407 3382 3277 3436 3756 3553 3604 3707 3272 3725 3616 3519 3451 3348 3328 3745 3594 3418 3537 3632 3526 3557 3402 3585 3561 3480 3711 3504 3629 3450 3703 3688 3497 3700 3548 3373 3322 3345 3576 3675 3650 3299 3449 3518 3418 3397 3671 3747 3408 3515 3303 3409 3686 3445 3760 3501 3392 3700 3351 3566 3448 3599 3483 3646 3714 3320 3415 3397 3383 3651 3509 3583 3766 3718 3325 3752 3504 3738 3654 3385 3300 3618 3347 3568 3560 3432 3660 3702 3456
3353 3425 3341 3486 3345 3766 3383 3319 3446 3321 3360 3527 3460 3558 3302 3353 3313 3329 3693 3648 3357 3347 3421 3719 3668 3747 3301 3504 3301 3469 3437 3343 3636 3416 3552 3641 3385 3324 3599 3710 3478 3503 3445 3648 3346 3585 3410 3531 3473 3652 3499 3626 3544 3730 3537 3352 3318 3341 3720 3550 3698 3585 3636 3492 3342 3389 3674 3761 3427 3370 3731 3353 3640 3525 3620 3335 3694 3588 3359 3716 3467 3500 3499 3719 3407 3320 3460 3503 3669 3703 3635 3320 3551 3400 3749 3292 3467 3583 3492 3327 3331 3550 3759 3447 3394 3665 3313 3717 3602 3470 3349 3534
3407 3345 3592 3521 3714 3654 3368 3340 3694 3727 3462 3658 3508 3273 3471 3719 3463 3369 3518 3559 3564 3406 3579 3691 3363 3588 3670 3644 3636 3345 3531 3716 3399 3289 3408 3552 3693 3606 3768 3470 3477 3553 3646 3272 3309 3531 3685 3408 3728 3740 3438 3581 3566 3422 3332 3354 3585 3431 3595 3350 3731 3418 3526 3727 3398 3507 3345 3547 3517 3738 3501 3635 3726 3552 3665 3645 3286 3476 3647 3511 3357 3311 3485 3301 3546 3534 3729 3428 3331 3436 3640 3618 3496 3742 3324 3303 3329 3462 3672 3647 3348 3583 3531 3430 3450 3464 3307 3701 3718 3736 3485 3442
3603 3454 3523 3351 3521 3730 3537 3361 3353 3661 3626 3307 3323 3525 3544 3643 3484 3426 3710 3526 3599 3622 3498 3492 3694 3580 3585 3272 3361 3434 3312 3656 3500 3361 3289 3483 3441 3549 3565 3529 3521 3453 3486 3437 3320 3419 3479 3346 3293 3604 3627 3426 3754 3765 3351 3713 3666 3720 3510 3373 3492 3635 3653 3526 3667 3607 3303 3354 3562 3575 3580 3321 3613 3347 3678 3646 3403 3349 3547 3272 3545 3428 3384 3360 3669 3698 3484 3537 3735 3279 3754 3497 3304 3601 3406 3746 3732 3365 3462 3490 3297 3447 3691 3748 3535 3387 3618 3441 3536 3687 3340 3595
3668 3382 3287 3489 3328 3292 3410 3613 3425 3690 3350 3604 3435 3661 3713 3590 3399 3767 3309 3292 3499 3709 3544 3562 3605 3649 3705 3692 3599 3323 3576 3541 3459 3717 3456 3527 3439 3486 3562 3464 3666 3590 3429 3445 3519 3375 3473 3613 3613 3429 3697 3523 3720 3443 3630 3417 3490 3443 3374 3292 3635 3587 3748 3285 3439 3282 3362 3557 3510 3374 3551 3300 3743 3698 3478 3359 3497 3471 3271 3586 3637 3502 3295 3743 3320 3333 3493 3618 3706 3439 3481 3348 3442 3305 3717 3586 3504 3344 3562 3471 3394 3358 3416 3601 3329 3565 3378 3614 3758 3708 3557 3447
3640 3398 3292 3282 3424 3315 3345 3724 3564 3725 3562 3768 3564 3511 3293 3643 3538 3667 3726 3691 3433 3649 3322 3622 3602 3371 3670 3594 3446 3759 3663 3684 3302 3654 3394 3613 3751 3537 3449 3381 3299 3657 3418 3668 3280 3590 3275 3656 3518 3767 3316 3750 3601 3532 3508 3741 3298 3547 3636 3367 3589 3701 3702 3438 3491 3381 3296 3646 3493 3576 3718 3304 3397 3762 3499 3514 3751 3576 3572 3721 3687 3408 3297 3653 3723 3575 3422 3712 3398 3574 3301 3374 3271 3684 3441 3676 3727 3333 3461 3559 3644 3380 3616 3677 3456 3315 3390 3420 3559 3336 3388 3483
3481 3619 3330 3748 3672 3762 3602 3517 3753 3602 3399 3324 3341 3746 3392 3418 3643 3758 3683 3520 3457 3764 3596 3582 3464 3380 3758 3708 3586 3321 3571 3592 3364 3447 3344 3443 3452 3646 3277 3762 3489 3393 3719 3557 3340 3539 3741 3512 3696 3361 3368 3445 3447 3398 3280 3463 3658 3534 3669 3420 3391 3595 3343 3297 3311 3762 3636 3665 3356 3728 3621 3575 3734 3656 3339 3286 3699 3442 3587 3517 3378 3603 3469 3562 3464 3396 3420 3614 3447 3403 3453 3495 3477 3496 3593 3346 3564 3731 3281 3741 3287 3460 3647 3703 3415 3653 3761 3307 3302 3682 3753 3364
3546 3326 3588 3290 3406 3606 3639 3505 3645 3401 3671 3730 3342 3547 3682 3347 3543 3584 3432 3662 3657 3742 3392 3391 3719 3476 3388 3572 3695 3601 3415 3587 3272 3436 3623 3593 3562 3306 3394 3689 3563 3357 3596 3551 3671 3302 3522 3632 3710 3367 3621 3749 3354 3629 3520 3625 3652 3663 3283 3483 3763 3647 3537 3560 3294 3692 3438 3494 3551 3640 3284 3356 3296 3384 3310 3712 3600 3506 3412 3307 3421 3351 3707 3599 3686 3404 3353 3651 3426 3646 3601 3686 3656 3363 3376 3300 3463 3485 3563 3756 3561 3549 3540 3618 3670 3508 3521 3480 3497 3632 3661 3762
3280 3699 3400 3431 3622 3633 3278 3658 3542 3367 3652 3705 3337 3334 3557 3714 3718 3529 3726 3719 3570 3617 3411 3586 3625 3705 3754 3668 3277 3427 3373 3466 3460 3288 3756 3637 3493 3604 3709 3350 3553 3295 3452 3509 3413 3620 3654 3404 3432 3534 3760 3391 3409 3723 3564 3613 3527 3344 3482 3442 3485 3484 3494 3449 3310 3516 3768 3642 3303 3726 3581 3754 3601 3470 3645 3716 3666 3554 3635 3636 3320 3679 3331 3289 3473 3413 3407 3547 3335 3436 3623 3716 3577 3388 3288 3716 3340 3519 3475 3438 3385 3404 3507 3417 3558 3585 3512 3281 3450 3292 3355 3571
3355 3432 3330 3537 3632 3623 3509 3305 3314 3329 3451 3657 3501 3374 3762 3521 3478 3699 3503 3307 3502 3724 3556 3585 3767 3758 3378 3756 3323 3604 3697 3438 3554 3689 3562 3757 3466 3542 3574 3669 3701 3417 3587 3520 3412 3504 3621 3448 3657 3373 3612 3322 3768 3734 3367 3642 3641 3644 3537 3679 3298 3611 3459 3613 3411 3722 3283 3319 3562 3407 3616 3521 3526 3289 3344 3727 3655 3734 3413 3551 3305 3400 3315 3724 3369 3405 3307 3341 3382 3700 3320 3607 3394 3284 3585 3628 3323 3567 3295 3533 3559 3403 3498 3684 3445 3398 3560 3538 3489 3431 3757 3592
3533 3614 3287 3589 3355 3716 3553 3558 3580 3339 3499 3551 3664 3277 3272 3740 3578 3732 3592 3333 3725 3368 3631 3597 3285 3490 3331 3574 3695 3625 3746 3747 3488 3520 3736 3517 3451 3581 3375 3710 3500 3380 3624 3510 3588 3324 3603 3720 3440 3756 3541 3334 3500 3688 3321 3743 3442 3521 3456 3731 3356 3345 3500 3381 3444 3430 3566 3363 3690 3582 3409 3516 3553 3514 3473 3514 3618 3643 3734 3704 3596 3668 3335 3602 3611 3701 3637 3542 3725 3578 3387 3398 3491 3740 3647 3624 3645 3766 3564 3486 3418 3650 3404 3487 3621 3761 3628 3603 3475 3404 3633 3484
3747 3704 3477 3320 3697 3556 3385 3318 3592 3556 3607 3664 3620 3660 3371 3703 3668 3386 3529 3302 3526 3550 3358 3286 3538 3476 3371 3389 3309 3307 3673 3695 3443 3674 3521 3589 3428 3726 3337 3665 3569 3401 3367 3319 3330 3577 3559 3590 3318 3766 3689 3452 3318 3450 3578 3442 3525 3316 3643 3649 3501 3399 3681 3610 3623 3517 3513 3751 3500 3701 3694 3754 3714 3428 3766 3753 3533 3536 3434 3451 3745 3566 3386 3408 3686 3494 3563 3718 3415 3451 3366 3278 3344 3322 3351 3485 3437 3460 3466 3752 3344 3518 3275 3620 3753 3661 3601 3697 3717 3729 3724 3618
3679 3685 3407 3414 3718 3593 3501 3724 3290 3483 3482 3530 3616 3364 3329 3490 3445 3579 3524 3293 3674 3622 3675 3489 3546 3460 3451 3404 3601 3744 3274 3555 3355 3479 3651 3701 3604 3332 3648 3684 3461 3762 3472 3540 3371 3386 3310 3722 3477 3506 3642 3654 3347 3631 3631 3437 3358 3408 3547 3696 3428 3317 3449 3298 3751 3568 3648 3754 3310 3677 3615 3667 3432 3373 3619 3386 3488 3655 3619 3654 3551 3418 3325 3699 3274 3711 3288 3451 3705 3422 3351 3373 3394 3406 3671 3706 3372 3449 3459 3345 3705 3656 3278 3635 3673 3501 3761 3298 3359 3693 3672 3282
3739 3681 3763 3616 3645 3322 3713 3646 3758 3724 3375 3616 3445 3271 3652 3419 3335 3383 3290 3714 3697 3340 3704 3401 3411 3271 3727 3338 3604 3370 3357 3494 3402 3498 3426 3439 3500 3627 3316 3630 3732 3536 3560 3682 3698 3513 3492 3298 3735 3522 3401 3438 3679 3567 3434 3304 3415 3669 3492 3552 3497 3503 3505 3371 3386 3274 3344 3278 3310 3745 3604 3460 3735 3639 3759 3637 3440 3588 3740 3316 3343 3433 3581 3516 3493 3394 3273 3276 3725 3341 3402 3604 3496 3403 3465 3640 3751 3347 3502 3468 3308 3664 3543 3320 3405 3392 3712 3335 3285 3363 3659 3397
3368 3704 3711 3362 3633 3360 3758 3517 3419 3554 3393 3623 3553 3648 3589 3602 3372 3445 3515 3419 3426 3381 3405 3686 3586 3277 3713 3461 3460 3289 3657 3475 3517 3365 3399 3378 3703 3337 3502 3422 3674 3610 3293 3629 3589 3411 3705 3484 3364 3389 3467 3608 3560 3281 3733 3648 3599 3352 3761 3450 3739 3610 3337 3654 3304 3524 3763 3318 3537 3447 3540 3370 3467 3382 3717 3613 3376 3646 3768 3327 3517 3564 3393 3444 3622 3700 3302 3520 3471 3502 3751 3348 3612 3304 3546 3331 3335 3605 3754 3542 3637 3663 3538 3671 3436 3446 3336 3593 3713 3587 3565 3556
3434 3650 3754 3661 3450 3668 3570 3508 3656 3644 3681 3289 3692 3652 3646 3465 3463 3504 3413 3366 3538 3608 3636 3549 3655 3416 3402 3601 3275 3433 3388 3733 3401 3575 3688 3311 3430 3581 3396 3609 3327 3702 3605 3458 3508 3731 3389 3532 3375 3760 3325 3689 3742 3472 3383 3515 3747 3692 3424 3596 3716 3273 3285 3308 3280 3558 3757 3288 3542 3626 3736 3629 3495 3634 3644 3512 3433 3645 3293 3597 3543 3311 3489 3567 3385 3557 3375 3489 3685 3386 3756 3729 3654 3664 3489 3596 3401 3485 3716 3541 3615 3680 3570 3426 3730 3286 3330 3315 3294 3428 3449 3493
3455 3615 3478 3520 3668 3656 3719 3543 3669 3656 3410 3501 3548 3678 3309 3668 3382 3677 3609 3309 3688 3351 3537 3703 3412 3310 3424 3421 3766 3364 3718 3642 3364 3391 3449 3543 3288 3292 3656 3281 3613 3615 3597 3420 3766 3635 3575 3564 3355 3421 3550 3597 3289 3314 3670 3321 3523 3394 3737 3417 3478 3448 3750 3720 3534 3298 3730 3497 3483 3633 3652 3329 3598 3523 3568 3426 3574 3503 3319 3710 3577 3495 3285 3285 3554 3456 3514 3322 3764 3632 3713 3635 3604 3385 3608 3351 3562 3350 3564 3694 3452 3605 3625 3711 3459 3531 3498 3271 3720 3303 3272 3469
3342 3665 3404 3379 3396 3555 3739 3465 3284 3335 3662 3426 3371 3728 3639 3348 3373 3272 3437 3738 3396 3539 3704 3480 3514 3460 3373 3274 3486 3502 3381 3346 3744 3415 3733 3616 3630 3319 3411 3654 3355 3492 3707 3579 3453 3743 3565 3534 3359 3274 3707 3284 3289 3556 3726 3457 3399 3400 3569 3564 3622 3402 3520 3541 3340 3429 3509 3506 3606 3422 3480 3309 3428 3593 3519 3364 3478 3326 3276 3505 3446 3462 3289 3349 3493 3628 3639 3510 3693 3391 3674 3663 3451 3749 3377 3642 3563 3385 3732 3386 3324 3753 3511 3313 3300 3553 3518 3391 3761 3696 3730 3504
3589 3370 3336 3329 3344 3479 3541 3763 3513 3305 3427 3502 3521 3648 3385 3432 3627 3353 3421 3343 3509 3351 3277 3683 3755 3736 3418 3589 3391 3633 3284 3584 3753 3498 3738 3644 3305 3738 3340 3429 3318 3283 3311 3758 3417 3326 3491 3594 3571 3610 3755 3533 3344 3658 3618 3568 3575 3580 3500 3353 3340 3580 3591 3291 3534 3382 3637 3691 3289 3590 3673 3326 3399 3514 3602 3405 3686 3679 3349 3372 3683 3347 3552 3446 3413 3297 3470 3422 3725 3750 3575 3604 3674 3610 3307 3515 3614 3563 3602 3431 3458 3585 3749 3407 3761 3681 3491 3459 3552 3562 3725 3631
3685 3736 3314 3578 3656 3669 3416 3351 3483 3363 3585 3563 3334 3509 3449 3722 3730 3417 3550 3634 3609 3525 3707 3513 3317 3514 3650 3412 3505 3451 3496 3293 3747 3493 3436 3678 3684 3356 3547 3571 3595 3501 3522 3691 3541 3451 3748 3389 3566 3464 3711 3427 3683 3563 3613 3436 3307 3493 3371 3385 3546 3556 3327 3702 3547 3511 3680 3385 3654 3660 3507 3511 3341 3722 3329 3387 3513 3421 3686 3535 3298 3719 3525 3458 3415 3282 3347 3516 3303 3609 3586 3407 3606 3418 3330 3583 3297 3560 3326 3404 3474 3443 3569 3406 3365 3753 3414 3291 3497 3451 3593 3596
3728 3487 3521 3751 3468 3510 3374 3606 3648 3344 3543 3398 3407 3764 3573 3343 3274 3379 3612 3711 3642 3310 3735 3282 3665 3669 3662 3441 3287 3369 3747 3577 3374 3538 3358 3681 3375 3273 3672 3527 3297 3487 3400 3449 3319 3556 3433 3378 3508 3375 3754 3578 3529 3436 3321 3713 3590 3654 3424 3422 3629 3667 3543 3271 3638 3299 3404 3749 3480 3640 3274 3649 3548 3518 3402 3658 3402 3682 3673 3518 3361 3306 3380 3620 3472 3271 3684 3750 3616 3546 3739 3629 3542 3411 3438 3380 3637 3418 3320 3667 3676 3496 3691 3336 3516 3371 3287 3339 3509 3444 3609 3524
3422 3520 3379 3665 3757 3590 3345 3688 3592 3410 3424 3746 3709 3535 3482 3698 3416 3721 3632 3639 3767 3391 3755 3397 3403 3684 3479 3330 3521 3666 3667 3743 3590 3716 3715 3532 3568 3301 3599 3493 3652 3481 3496 3571 3588 3284 3438 3732 3567 3424 3384 3279 3290 3487 3684 3572 3699 3529 3419 3339 3489 3454 3702 3595 3297 3405 3727 3726 3470 3560 3524 3620 3746 3545 3470 3427 3285 3471 3355 3514 3318 3685 3561 3583 3441 3477 3307 3297 3471 3706 3550 3668 3691 3453 3541 3488 3420 3281 3278 3647 3621 3337 3720 3417 3712 3418 3384 3569 3594 3740 3353 3408
3700 3542 3366 3471 3360 3602 3557 3570 3726 3348 3630 3568 3663 3563 3496 3581 3589 3512 3498 3681 3632 3544 3363 3738 3396 3745 3592 3581 3463 3709 3462 3508 3343 3376 3623 3442 3707 3336 3486 3483 3710 3571 3408 3399 3444 3754 3595 3643 3606 3739 3275 3526 3640 3333 3752 3335 3374 3365 3635 3701 3408 3381 3404 3756 3458 3479 3636 3708 3498 3497 3630 3518 3475 3590 3517 3489 3284 3389 3593 3334 3460 3471 3381 3531 3475 3537 3604 3676 3455 3718 3308 3354 3354 3468 3728 3510 3650 3595 3632 3375 3615 3760 3419 3486 3482 3306 3445 3361 3544 3313 3317 3400
3710 3642 3541 3691 3533 3744 3679 3555 3475 3327 3705 3312 3377 3597 3557 3271 3675 3759 3512 3612 3413 3508 3768 3568 3384 3725 3608 3562 3497 3306 3577 3562 3647 3584 3630 3697 3425 3295 3691 3285 3523 3510 3526 3522 3463 3423 3419 3671 3299 3574 3502 3604 3672 3411 3310 3356 3621 3373 3614 3694 3303 3278 3345 3489 3729 3634 3532 3643 3548 3470 3345 3750 3376 3727 3468 3719 3569 3508 3495 3419 3573 3372 3404 3383 3551 3749 3458 3630 3469 3736 3480 3748 3372 3310 3392 3479 3488 3400 3720 3739 3272 3511 3370 3332 3758 3525 3524 3549 3442 3388 3516 3563
3724 3496 3506 3331 3728 3281 3640 3763 3409 3301 3591 3683 3724 3589 3685 3700 3382 3481 3381 3304 3493 3704 3550 3612 3333 3657 3634 3526 3436 3388 3362 3651 3648 3281 3686 3381 3581 3660 3338 3317 3612 3353 3525 3749 3356 3437 3540 3355 3402 3384 3525 3560 3582 3685 3620 3371 3461 3549 3712 3337 3537 3460 3661 3677 3369 3526 3696 3376 3751 3624 3715 3601 3522 3515 3389 3606 3403 3423 3721 3667 3347 3308 3280 3730 3378 3344 3720 3531 3763 3419 3739 3613 3722 3352 3299 3603 3720 3570 3632 3328 3693 3733 3453 3598 3609 3597 3437 3544 3758 3643 3745 3340
3765 3660 3497 3481 3407 3712 3686 3273 3448 3450 3467 3702 3578 3636 3601 3703 3747 3552 3567 3339 3292 3740 3279 3658 3658 3641 3379 3524 3503 3651 3299 3678 3621 3541 3322 3687 3509 3741 3719 3637 3490 3699 3577 3480 3699 3458 3550 3602 3727 3648 3656 3424 3496 3288 3508 3365 3282 3378 3729 3735 3588 3286 3333 3306 3679 3458 3309 3400 3453 3708 3574 3287 3558 3452 3740 3650 3594 3412 3278 3334 3343 3281 3273 3284 3453 3485 3312 3726 3519 3506 3277 3439 3634 3635 3715 3527 3763 3647 3422 3474 3636 3697 3372 3722 3609 3723 3340 3549 3615 3581 3362 3600
3746 3361 3611 3689 3455 3555 3525 3407 3305 3638 3655 3683 3393 3659 3762 3443 3562 3540 3335 3400 3668 3408 3525 3445 3311 3541 3625 3401 3312 3641 3633 3736 3349 3395 3624 3588 3447 3731 3718 3577 3361 3574 3454 3271 3346 3428 3401 3342 3475 3712 3532 3413 3309 3765 3537 3319 3638 3759 3680 3460 3278 3677 3713 3468 3699 3553 3490 3289 3720 3396 3708 3657 3618 3386 3588 3549 3482 3500 3342 3403 3731 3734 3548 3482 3324 3508 3422 3737 3303 3425 3716 3613 3520 3384 3752 3666 3287 3561 3498 3594 3322 3558 3285 3360 3700 3434 3425 3481 3285 3465 3613 3455
3412 3602 3487 3523 3752 3383 3641 3414 3676 3731 3415 3595 3594 3762 3670 3556 3681 3332 3447 3578 3542 3701 3601 3705 3341 3706 3462 3653 3363 3324 3371 3456 3744 3566 3344 3546 3465 3465 3609 3399 3651 3686 3645 3590 3288 3671 3300 3412 3473 3707 3605 3524 3287 3500 3350 3407 3380 3448 3504 3729 3579 3762 3739 3416 3531 3443 3640 3646 3359 3702 3488 3740 3384 3427 3573 3554 3416 3474 3657 3337 3712 3343 3394 3462 3427 3732 3347 3743 3570 3527 3429 3598 3583 3625 3475 3434 3362 3421 3413 3573 3701 3275 3390 3416 3399 3297 3568 3512 3762 3463 3695 3285
3766 3718 3481 3636 3288 3453 3321 3309 3455 3285 3424 3280 3359 3757 3721 3299 3494 3499 3723 3564 3534 3284 3420 3749 3396 3549 3372 3559 3388 3605 3675 3559 3332 3630 3765 3660 3442 3721 3489 3741 3565 3611 3703 3403 3355 3403 3616 3447 3719 3406 3609 3566 3682 3291 3449 3719 3720 3336 3615 3679 3495 3653 3746 3395 3529 3361 3378 3694 3594 3533 3479 3396 3385 3290 3736 3290 3651 3646 3445 3450 3638 3518 3293 3477 3527 3760 3679 3413 3293 3447 3562 3370 3341 3712 3470 3455 3555 3702 3714 3494 3279 3328 3311 3650 3724 3348 3321 3768 3343 3650 3420 3765
3299 3405 3567 3643 3416 3511 3727 3504 3736 3372 3303 3753 3550 3439 3395 3375 3694 3360 3708 3458 3297 3616 3768 3460 3588 3467 3658 3721 3646 3544 3669 3405 3600 3704 3479 3544 3766 3350 3453 3480 3511 3764 3479 3687 3661 3295 3681 3715 3483 3345 3417 3363 3443 3303 3674 3503 3428 3439 3729 3618 3476 3326 3289 3722 3376 3586 3381 3507 3609 3432 3729 3558 3584 3631 3741 3496 3639 3475 3523 3713 3743 3282 3309 3588 3321 3618 3534 3531 3344 3345 3581 3438 3412 3684 3323 3690 3542 3287 3437 3589 3681 3327 3342 3622 3533 3707 3435 3434 3600 3305 3398 3472
3274 3581 3543 3469 3703 3286 3347 3686 3590 3474 3468 3411 3345 3423 3325 3368 3391 3633 3442 3519 3313 3707 3381 3452 3304 3381 3507 3766 3450 3517 3336 3484 3654 3610 3489 3307 3457 3635 3677 3561 3529 3309 3299 3457 3495 3428 3463 3661 3719 3647 3300 3273 3540 3367 3689 3592 3633 3524 3303 3608 3684 3678 3658 3614 3584 3680 3407 3294 3551 3331 3746 3635 3712 3378 3686 3606 3714 3399 3552 3531 3520 3356 3604 3697 3692 3278 3542 3498 3571 3564 3413 3487 3351 3602 3417 3437 3765 3416 3664 3452 3313 3623 3523 3720 3483 3523 3383 3381 3645 3566 3419 3486
3690 3754 3521 3434 3549 3746 3540 3518 3592 3557 3637 3594 3503 3434 3569 3375 3415 3727 3523 3396 3652 3396 3403 3638 3652 3675 3361 3767 3676 3391 3416 3545 3384 3495 3483 3646 3738 3454 3497 3467 3407 3390 3331 3656 3689 3527 3368 3302 3754 3521 3748 3607 3396 3558 3334 3700 3524 3456 3309 3570 3431 3598 3291 3517 3397 3574 3414 3714 3459 3385 3716 3731 3489 3416 3572 3590 3723 3705 3472 3442 3423 3528 3663 3379 3556 3315 3454 3328 3410 3335 3662 3397 3718 3651 3577 3500 3579 3659 3508 3645 3679 3475 3690 3688 3348 3581 3575 3499 3375 3704 3374 3470
3342 3552 3475 3732 3356 3416 3591 3292 3750 3352 3350 3546 3361 3479 3563 3324 3572 3650 3272 3457 3279 3572 3343 3525 3460 3483 3460 3300 3436 3749 3551 3449 3367 3328 3643 3403 3370 3644 3406 3354 3760 3279 3645 3571 3548 3340 3561 3686 3765 3735 3337 3276 3643 3494 3405 3715 3273 3765 3559 3613 3575 3274 3437 3473 3324 3337 3297 3729 3362 3333 3582 3624 3581 3318 3657 3272 3622 3702 3539 3757 3539 3532 3688 3678 3613 3548 3441 3448 3524 3288 3335 3400 3706 3561 3351 3745 3545 3731 3435 3488 3304 3441 3402 3686 3426 3735 3643 3395 3275 3390 3710 3337
3502 3349 3301 3576 3658 3311 3504 3379 3620 3570 3757 3322 3519 3290 3542 3602 3618 3399 3587 3619 3460 3503 3668 3491 3295 3338 3608 3304 3386 3369 3463 3550 3375 3463 3338 3743 3615 3627 3556 3512 3679 3591 3509 3296 3387 3439 3572 3704 3378 3329 3751 3396 3305 3540 3624 3420 3302 3472 3370 3726 3646 3757 3728 3639 3347 3405 3752 3352 3414 3677 3312 3367 3610 3618 3741 3484 3635 3646 3631 3587 3308 3505 3659 3501 3301 3684 3375 3323 3528 3479 3714 3545 3597 3728 3715 3393 3317 3709 3451 3513 3391 3308 3332 3667 3488 3326 3636 3544 3682 3536 3699 3275
3302 3282 3568 3627 3681 3657 3617 3342 3548 3432 3478 3330 3431 3501 3559 3388 3536 3349 3368 3360 3376 3692 3390 3453 3679 3637 3466 3461 3712 3303 3509 3679 3426 3741 3348 3657 3351 3672 3303 3368 3302 3668 3508 3617 3567 3443 3305 3415 3603 3558 3723 3646 3349 3681 3470 3706 3543 3571 3412 3570 3443 3410 3678 3328 3435 3419 3695 3603 3343 3669 3526 3583 3562 3721 3562 3522 3417 3454 3685 3750 3550 3746 3716 3761 3296 3391 3364 3347 3507 3693 3365 3355 3319 3592 3558 3650 3553 3316 3544 3429 3460 3523 3496 3400 3313 3471 3644 3282 3702 3485 3609 3647
3296 3614 3391 3664 3497 3587 3754 3659 3327 3638 3427 3372 3297 3535 3550 3614 3277 3664 3650 3684 3637 3453 3351 3398 3524 3766 3474 3666 3275 3732 3710 3581 3667 3467 3656 3422 3281 3648 3277 3321 3271 3472 3350 3744 3402 3333 3623 3293 3668 3569 3643 3337 3537 3273 3698 3369 3580 3731 3397 3299 3353 3271 3377 3443 3289 3305 3621 3609 3485 3700 3729 3357 3755 3710 3615 3272 3272 3589 3519 3407 3744 3346 3463 3733 3374 3581 3378 3593 3750 3555 3329 3505 3549 3315 3718 3469 3327 3692 3419 3397 3379 3542 3290 3404 3549 3678 3635 3474 3729 3360 3546 3592
3709 3314 3439 3739 3330 3336 3395 3445 3581 3459 3576 3328 3386 3297 3407 3431 3502 3613 3572 3560 3361 3757 3299 3648 3469 3554 3392 3668 3436 3348 3666 3314 3320 3387 3290 3370 3359 3473 3647 3384 3542 3691 3757 3476 3353 3674 3553 3326 3704 3691 3417 3609 3658 3327 3329 3647 3382 3361 3634 3521 3434 3567 3272 3444 3596 3530 3324 3303 3346 3648 3287 3620 3755 3675 3659 3630 3390 3718 3685 3443 3436 3468 3715 3321 3453 3494 3384 3508 3504 3356 3568 3685 3599 3723 3579 3647 3437 3555 3301 3632 3702 3761 3605 3397 3654 3462 3716 3721 3291 3687 3417 3620
3482 3648 3464 3661 3310 3298 3396 3644 3346 3323 3383 3389 3499 3573 3541 3717 3465 3586 3690 3742 3295 3767 3357 3346 3582 3470 3717 3669 3733 3671 3415 3669 3346 3434 3326 3549 3489 3684 3350 3385 3620 3678 3419 3484 3649 3518 3419 3559 3277 3637 3512 3645 3554 3307 3695 3605 3688 3492 3379 3763 3512 3471 3334 3367 3576 3331 3634 3313 3359 3273 3277 3704 3758 3550 3390 3736 3556 3713 3302 3466 3435 3410 3733 3603 3684 3291 3411 3590 3438 3606 3405 3763 3367 3514 3619 3403 3532 3577 3554 3468 3399 3407 3519 3609 3478 3294 3517 3363 3316 3424 3708 3540
3756 3597 3695 3429 3321 3659 3659 3621 3721 3606 3316 3561 3587 3560 3666 3753 3744 3402 3540 3284 3635 3327 3671 3338 3622 3710 3313 3686 3274 3643 3293 3317 3405 3285 3547 3664 3663 3470 3292 3448 3303 3712 3495 3417 3496 3439 3661 3631 3513 3683 3736 3338 3569 3278 3655 3415 3432 3342 3616 3504 3684 3537 3313 3460 3475 3562 3726 3682 3748 3759 3542 3613 3432 3514 3482 3577 3702 3710 3599 3732 3587 3748 3596 3336 3468 3376 3665 3576 3453 3629 3282 3639 3358 3758 3559 3761 3393 3476 3404 3287 3341 3444 3482 3707 3653 3752 3362 3745 3529 3704 3327 3529
3626 3380 3286 3459 3371 3529 3385 3589 3323 3492 3390 3747 3327 3315 3354 3768 3412 3598 3358 3728 3411 3561 3387 3275 3439 3659 3411 3412 3328 3579 3575 3376 3661 3400 3735 3372 3544 3415 3603 3451 3489 3394 3312 3715 3698 3557 3386 3435 3737 3751 3536 3512 3324 3626 3625 3601 3430 3713 3318 3554 3716 3606 3455 3385 3591 3589 3613 3452 3649 3281 3367 3326 3528 3648 3470 3676 3490 3352 3436 3700 3584 3351 3760 3767 3553 3621 3436 3533 3738 3309 3317 3346 3650 3701 3598 3373 3626 3318 3313 3708 3633 3442 3586 3610 3608 3307 3318 3616 3524 3492 3435 3623
3617 3597 3499 3680 3760 3556 3327 3420 3410 3562 3336 3562 3666 3538 3493 3749 3407 3322 3496 3679 3755 3506 3326 3354 3487 3320 3652 3689 3521 3544 3303 3445 3531 3465 3412 3521 3583 3375 3673 3442 3553 3626 3710 3578 3300 3434 3292 3713 3520 3530 3598 3511 3583 3452 3697 3469 3729 3555 3430 3662 3424 3560 3330 3360 3650 3677 3565 3334 3762 3727 3308 3652 3671 3721 3530 3572 3587 3758 3581 3595 3389 3520 3345 3303 3417 3682 3566 3763 3517 3549 3669 3450 3291 3747 3436 3273 3431 3589 3422 3688 3651 3379 3762 3373 3318 3599 3609 3732 3721 3730 3657 3432
3582 3362 3467 3738 3304 3758 3742 3337 3354 3566 3346 3715 3565 3758 3274 3534 3337 3421 3508 3392 3336 3557 3292 3373 3693 3281 3515 3662 3327 3462 3367 3413 3319 3751 3433 3480 3760 3288 3531 3689 3716 3622 3635 3715 3744 3758 3601 3293 3462 3547 3566 3592 3466 3627 3328 3374 3413 3654 3444 3451 3310 3730 3641 3476 3290 3600 3434 3313 3600 3642 3543 3283 3496 3704 3554 3277 3336 3642 3749 3440 3392 3710 3383 3356 3587 3440 3442 3629 3316 3743 3562 3277 3652 3406 3629 3293 3334 3383 3675 3674 3419 3374 3305 3420 3447 3767 3522 3510 3594 3733 3561 3379
3562 3744 3596 3493 3634 3379 3472 3418 3316 3398 3468 3370 3487 3288 3386 3359 3361 3390 3710 3273 3325 3457 3664 3659 3397 3557 3652 3524 3705 3568 3524 3346 3497 3553 3360 3308 3369 3612 3364 3554 3654 3397 3487 3433 3654 3365 3635 3565 3311 3498 3445 3347 3376 3399 3488 3547 3642 3310 3584 3433 3387 3309 3340 3362 3451 3768 3648 3352 3664 3327 3278 3656 3505 3473 3715 3275 3445 3497 3732 3589 3733 3437 3571 3541 3383 3417 3688 3537 3632 3729 3372 3562 3482 3510 3557 3661 3688 3436 3414 3586 3487 3531 3559 3637 3449 3606 3661 3494 3500 3414 3307 3721
3630 3524 3654 3356 3443 3657 3766 3400 3544 3315 3455 3505 3291 3438 3757 3650 3665 3685 3335 3329 3706 3469 3349 3320 3758 3349 3739 3643 3651 3715 3469 3500 3290 3688 3529 3737 3624 3499 3558 3767 3723 3508 3685 3291 3455 3585 3613 3361 3407 3484 3359 3376 3689 3391 3313 3412 3279 3458 3499 3681 3340 3491 3547 3395 3670 3527 3518 3465 3486 3349 3306 3610 3570 3766 3447 3529 3294 3678 3662 3756 3446 3441 3626 3385 3369 3699 3330 3538 3617 3547 3615 3738 3555 3440 3395 3462 3364 3589 3558 3564 3418 3421 3718 3582 3369 3418 3350 3488 3651 3292 3436 3733
3508 3462 3667 3515 3646 3448 3606 3766 3380 3618 3375 3634 3479 3750 3499 3333 3768 3473 3510 3395 3397 3425 3564 3729 3458 3575 3674 3723 3624 3467 3754 3334 3747 3281 3281 3680 3298 3537 3701 3562 3756 3439 3753 3619 3762 3764 3654 3385 3676 3606 3669 3383 3511 3676 3413 3271 3684 3485 3733 3659 3659 3481 3709 3511 3492 3498 3494 3584 3446 3658 3704 3335 3612 3512 3500 3734 3429 3431 3747 3309 3346 3308 3542 3306 3480 3284 3309 3489 3287 3682 3312 3751 3413 3757 3719 3609 3274 3589 3368 3638 3663 3455 3512 3763 3657 3348 3290 3390 3725 3647 3692 3739
3466 3703 3480 3312 3513 3662 3284 3304 3610 3715 3416 3663 3689 3691 3476 3682 3478 3517 3730 3287 3415 3299 3431 3763 3435 3665 3449 3583 3436 3645 3695 3611 3597 3396 3747 3638 3607 3620 3481 3718 3493 3299 3669 3313 3586 3607 3758 3277 3698 3554 3423 3599 3375 3531 3659 3694 3656 3658 3416 3568 3510 3483 3591 3320 3609 3530 3322 3752 3432 3574 3275 3692 3524 3556 3445 3422 3747 3281 3340 3741 3562 3444 3373 3480 3644 3643 3647 3528 3605 3546 3336 3601 3510 3331 3487 3733 3582 3545 3722 3434 3724 3632 3406 3510 3639 3306 3723 3289 3533 3453 3597 3624
3403 3282 3638 3443 3658 3539 3431 3285 3613 3579 3625 3316 3704 3767 3495 3652 3387 3429 3547 3728 3556 3370 3468 3648 3306 3572 3358 3734 3345 3501 3483 3318 3406 3507 3651 3389 3341 3470 3379 3716 3522 3637 3274 3391 3318 3603 3603 3705 3501 3361 3657 3434 3583 3574 3704 3654 3381 3571 3288 3379 3521 3648 3299 3325 3663 3555 3649 3630 3603 3737 3429 3664 3685 3752 3374 3594 3280 3597 3606 3592 3734 3447 3391 3598 3315 3343 3629 3284 3273 3489 3465 3623 3328 3690 3352 3700 3644 3471 3522 3312 3413 3294 3727 3421 3504 3507 3395 3609 3290 3738 3451 3619
3371 3587 3507 3459 3548 3601 3743 3482 3576 3681 3672 3287 3400 3352 3404 3330 3760 3743 3468 3364 3440 3281 3277 3725 3631 3589 3273 3325 3540 3428 3768 3308 3474 3451 3345 3423 3395 3589 3681 3367 3283 3533 3582 3449 3703 3307 3287 3423 3717 3321 3318 3271 3708 3709 3738 3731 3529 3481 3752 3540 3453 3353 3609 3663 3329 3573 3685 3669 3511 3451 3485 3623 3664 3601 3415 3291 3378 3697 3737 3468 3372 3573 3767 3463 3594 3465 3436 3359 3351 3273 3395 3546 3577 3614 3367 3549 3741 3565 3703 3764 3366 3665 3627 3688 3594 3272 3581 3612 3624 3402 3591 3576
3346 3663 3391 3525 3499 3515 3296 3519 3337 3683 3463 3524 3357 3542 3327 3671 3595 3424 3465 3328 3338 3679 3453 3331 3486 3399 3765 3353 3761 3343 3466 3333 3435 3527 3703 3429 3755 3585 3693 3595 3659 3766 3276 3343 3320 3295 3443 3689 3418 3717 3422 3623 3416 3369 3651 3583 3347 3428 3377 3534 3655 3315 3292 3689 3763 3446 3575 3577 3370 3406 3599 3735 3702 3642 3657 3721 3548 3501 3343 3273 3468 3484 3718 3592 3339 3481 3409 3334 3356 3357 3400 3713 3343 3382 3708 3452 3429 3612 3307 3682 3532 3699 3590 3525 3639 3362 3606 3513 3693 3423 3540 3280
3677 3433 3272 3679 3613 3294 3556 3499 3658 3629 3443 3675 3408 3698 3449 3415 3354 3571 3724 3349 3350 3378 3595 3712 3708 3582 3549 3316 3438 3388 3463 3319 3465 3401 3661 3426 3500 3612 3338 3324 3553 3603 3429 3754 3746 3471 3631 3321 3592 3416 3591 3486 3633 3343 3631 3481 3725 3658 3323 3678 3529 3356 3662 3648 3661 3616 3565 3477 3567 3496 3285 3367 3528 3363 3391 3737 3468 3552 3746 3522 3351 3488 3274 3399 3667 3645 3566 3280 3731 3272 3553 3603 3691 3596 3469 3379 3426 3519 3466 3290 3553 3410 3482 3273 3280 3563 3588 3279 3464 3766 3456 3327
3384 3761 3371 3400 3427 3331 3538 3551 3639 3408 3378 3639 3475 3668 3395 3529 3488 3277 3318 3393 3326 3472 3422 3717 3633 3532 3735 3302 3344 3690 3370 3465 3315 3442 3473 3689 3353 3347 3516 3587 3749 3432 3442 3389 3400 3324 3765 3407 3568 3366 3744 3643 3384 3390 3685 3530 3489 3345 3372 3602 3761 3446 3547 3442 3400 3718 3719 3284 3739 3299 3516 3628 3577 3513 3503 3758 3279 3439 3677 3571 3694 3356 3761 3330 3636 3478 3409 3643 3692 3725 3709 3766 3406 3728 3719 3710 3405 3576 3300 3482 3593 3536 3726 3767 3562 3751 3727 3750 3331 3366 3277 3432
3330 3446 3454 3549 3302 3586 3493 3587 3383 3391 3611 3291 3589 3523 3329 3417 3422 3311 3609 3399 3603 3703 3508 3445 3419 3401 3713 3416 3309 3502 3556 3546 3561 3543 3313 3509 3529 3749 3352 3575 3545 3308 3767 3297 3600 3603 3602 3712 3677 3760 3523 3535 3357 3610 3544 3750 3328 3738 3626 3492 3631 3278 3405 3385 3650 3645 3384 3328 3316 3357 3646 3715 3478 3509 3381 3640 3555 3495 3602 3284 3467 3463 3695 3307 3704 3441 3556 3628 3621 3756 3682 3750 3453 3453 3534 3306 3566 3562 3720 3730 3531 3642 3492 3504 3569 3364 3323 3649 3538 3292 3439 3541
3375 3519 3599 3672 3392 3665 3371 3728 3343 3675 3470 3334 3652 3416 3353 3318 3389 3591 3489 3638 3672 3357 3290 3506 3515 3385 3434 3477 3507 3756 3313 3332 3533 3662 3750 3428 3412 3667 3606 3433 3445 3745 3762 3328 3680 3607 3733 3419 3347 3581 3622 3556 3412 3613 3354 3379 3602 3461 3667 3548 3407 3387 3673 3348 3371 3677 3760 3733 3706 3457 3589 3591 3568 3689 3312 3614 3620 3557 3645 3599 3640 3748 3544 3284 3344 3362 3706 3648 3410 3345 3444 3558 3752 3764 3602 3453 3440 3456 3647 3464 3572 3717 3300 3626 3645 3596 3630 3425 3601 3742 3659 3737
3521 3384 3529 3408 3678 3299 3700 3612 3604 3325 3695 3294 3732 3307 3470 3621 3406 3601 3422 3600 3512 3720 3444 3310 3461 3746 3326 3517 3465 3276 3445 3324 3587 3544 3561 3484 3474 3549 3500 3635 3362 3554 3683 3447 3562 3754 3656 3318 3624 3647 3740 3675 3696 3609 3719 3462 3763 3334 3754 3643 3462 3574 3754 3494 3728 3298 3514 3344 3440 3552 3277 3356 3332 3620 3680 3405 3567 3745 3751 3435 3659 3479 3495 3731 3354 3732 3338 3495 3619 3275 3425 3601 3752 3409 3377 3479 3306 3463 3513 3541 3614 3354 3413 3397 3690 3339 3667 3502 3623 3344 3477 3577
3307 3446 3323 3583 3593 3277 3572 3530 3537 3621 3751 3743 3610 3597 3562 3278 3448 3428 3333 3725 3286 3371 3702 3398 3644 3336 3457 3285 3756 3701 3522 3579 3648 3374 3753 3372 3281 3709 3653 3717 3702 3496 3482 3470 3295 3710 3441 3458 3575 3570 3356 3675 3532 3670 3589 3425 3672 3326 3768 3287 3345 3725 3747 3463 3423 3275 3388 3688 3508 3377 3399 3342 3585 3349 3693 3689 3318 3509 3725 3519 3417 3460 3517 3756 3483 3312 3585 3412 3541 3295 3516 3752 3611 3370 3364 3743 3513 3571 3612 3658 3521 3327 3735 3610 3330 3538 3373 3443 3597 3421 3285 3331
3673 3733 3381 3448 3676 3657 3314 3747 3607 3339 3640 3360 3434 3339 3671 3306 3414 3499 3667 3612 3751 3703 3283 3407 3446 3677 3296 3340 3628 3604 3589 3311 3296 3322 3680 3655 3441 3768 3427 3747 3679 3703 3693 3512 3439 3347 3382 3720 3390 3480 3384 3534 3664 3420 3527 3722 3437 3528 3549 3480 3650 3293 3747 3508 3539 3439 3382 3320 3356 3610 3328 3658 3453 3506 3417 3742 3600 3298 3493 3356 3496 3766 3578 3555 3433 3416 3329 3598 3595 3697 3271 3355 3753 3440 3336 3382 3439 3576 3378 3285 3308 3599 3649 3636 3457 3510 3700 3581 3347 3486 3458 3680
3696 3584 3501 3420 3321 3744 3671 3585 3385 3490 3644 3384 3322 3281 3577 3501 3551 3312 3392 3350 3278 3583 3495 3588 3549 3691 3749 3638 3691 3338 3296 3284 3549 3444 3432 3299 3300 3349 3677 3465 3316 3614 3390 3556 3702 3472 3468 3624 3309 3612 3400 3563 3332 3638 3419 3669 3355 3578 3713 3282 3285 3645 3695 3436 3416 3550 3279 3276 3434 3737 3712 3689 3630 3491 3611 3673 3519 3683 3753 3362 3528 3716 3466 3402 3630 3613 3381 3527 3373 3484 3474 3406 3677 3615 3322 3740 3710 3495 3740 3583 3617 3516 3517 3440 3741 3512 3528 3546 3621 3336 3331 3569
3740 3494 3642 3633 3541 3643 3615 3637 3748 3335 3742 3555 3559 3760 3679 3594 3740 3464 3568 3762 3336 3615 3594 3666 3732 3756 3426 3671 3731 3596 3623 3379 3467 3681 3296 3635 3444 3516 3547 3765 3462 3287 3702 3666 3347 3686 3474 3559 3361 3548 3640 3529 3280 3457 3287 3651 3296 3617 3739 3344 3659 3287 3705 3667 3376 3647 3299 3276 3465 3609 3725 3311 3320 3545 3404 3423 3721 3388 3653 3609 3634 3691 3704 3582 3553 3672 3499 3706 3491 3513 3360 3719 3587 3713 3745 3326 3288 3631 3515 3273 3306 3629 3537 3536 3637 3646 3689 3720 3365 3289 3438 3569
3675 3527 3642 3598 3750 3664 3730 3293 3453 3396 3657 3550 3347 3361 3498 3490 3431 3500 3361 3691 3332 3592 3652 3481 3543 3536 3370 3744 3340 3324 3519 3471 3492 3418 3641 3616 3616 3446 3291 3641 3423 3685 3724 3397 3277 3454 3389 3451 3468 3632 3280 3512 3384 3506 3734 3629 3694 3530 3526 3292 3582 3575 3457 3321 3536 3419 3562 3312 3283 3457 3455 3653 3314 3275 3297 3289 3469 3634 3690 3288 3545 3317 3404 3740 3728 3587 3637 3697 3300 3592 3512 3642 3459 3720 3660 3551 3434 3451 3711 3465 3751 3451 3492 3700 3606 3740 3398 3644 3704 3491 3273 3328
3306 3630 3279 3318 3766 3484 3384 3276 3594 3402 3409 3536 3308 3444 3533 3585 3678 3528 3312 3509 3480 3668 3440 3565 3335 3339 3407 3417 3336 3484 3387 3431 3737 3682 3360 3346 3665 3492 3526 3335 3427 3581 3388 3317 3292 3379 3522 3499 3696 3515 3628 3288 3549 3583 3766 3597 3640 3665 3629 3444 3682 3442 3661 3465 3660 3571 3289 3606 3624 3339 3527 3664 3633 3748 3469 3320 3289 3590 3589 3754 3283 3542 3524 3373 3693 3457 3490 3719 3576 3494 3284 3537 3357 3465 3669 3471 3505 3365 3382 3308 3411 3302 3660 3680 3663 3727 3626 3727 3443 3592 3646 3646
3759 3655 3407 3507 3636 3380 3578 3541 3683 3484 3554 3655 3617 3742 3519 3336 3371 3601 3523 3384 3364 3546 3707 3529 3732 3476 3322 3340 3693 3729 3691 3420 3725 3527 3454 3304 3293 3276 3530 3645 3535 3726 3620 3431 3378 3633 3384 3638 3706 3648 3644 3644 3352 3531 3424 3327 3568 3498 3386 3438 3604 3557 3278 3326 3304 3381 3418 3722 3482 3496 3750 3682 3275 3462 3487 3482 3319 3408 3689 3369 3274 3486 3613 3767 3433 3761 3630 3619 3727 3292 3638 3678 3472 3539 3422 3768 3288 3668 3574 3720 3681 3403 3322 3336 3512 3462 3411 3738 3668 3326 3730 3326
3302 3301 3721 3321 3358 3616 3362 3604 3380 3678 3594 3666 3742 3529 3457 3486 3403 3614 3376 3697 3436 3647 3607 3514 3650 3368 3539 3681 3273 3376 3395 3616 3389 3352 3674 3421 3542 3741 3478 3706 3299 3438 3633 3378 3730 3394 3324 3636 3744 3731 3599 3627 3295 3652 3748 3381 3443 3368 3647 3541 3280 3557 3595 3701 3347 3485 3765 3336 3337 3655 3634 3664 3494 3335 3410 3675 3366 3365 3689 3458 3638 3583 3355 3353 3364 3411 3651 3605 3332 3544 3285 3577 3649 3698 3699 3509 3415 3522 3361 3642 3737 3324 3534 3482 3723 3644 3561 3417 3421 3767 3280 3751
3737 3583 3500 3683 3416 3483 3296 3510 3488 3329 3705 3540 3456 3364 3521 3419 3581 3391 3750 3609 3477 3463 3568 3278 3712 3751 3702 3367 3384 3399 3401 3573 3707 3454 3467 3685 3555 3342 3566 3547 3355 3499 3577 3330 3558 3676 3387 3578 3707 3726 3702 3714 3630 3560 3362 3636 3341 3654 3514 3598 3707 3720 3454 3367 3385 3668 3453 3570 3276 3328 3623 3557 3743 3649 3417 3536 3607 3700 3711 3368 3525 3441 3649 3703 3488 3713 3605 3276 3493 3339 3647 3658 3682 3629 3391 3564 3271 3372 3726 3421 3379 3296 3396 3292 3599 3758 3610 3639 3646 3305 3759 3713
3709 3271 3516 3676 3387 3710 3643 3500 3508 3576 3346 3681 3482 3706 3331 3650 3581 3494 3708 3468 3500 3485 3320 3670 3392 3578 3734 3568 3504 3605 3489 3578 3335 3643 3576 3681 3736 3725 3648 3767 3453 3437 3758 3514 3334 3669 3404 3639 3763 3740 3468 3417 3683 3369 3741 3508 3344 3309 3437 3726 3363 3734 3343 3608 3358 3697 3713 3652 3496 3668 3365 3365 3584 3434 3529 3430 3711 3661 3293 3395 3649 3546 3603 3319 3282 3568 3423 3622 3448 3519 3334 3720 3731 3453 3418 3523 3708 3443 3404 3301 3573 3694 3483 3526 3371 3754 3747 3693 3682 3318 3484 3411
3367 3750 3583 3337 3577 3557 3749 3488 3426 3513 3372 3314 3435 3727 3339 3451 3667 3376 3370 3461 3765 3471 3288 3719 3530 3454 3419 3361 3544 3601 3701 3650 3766 3430 3388 3722 3525 3715 3619 3764 3550 3360 3327 3373 3759 3320 3620 3313 3506 3407 3645 3582 3405 3276 3551 3681 3327 3618 3750 3657 3600 3309 3376 3290 3617 3605 3367 3579 3568 3756 3641 3324 3763 3400 3486 3639 3392 3756 3449 3514 3482 3530 3297 3603 3566 3533 3336 3398 3540 3463 3706 3538 3688 3562 3285 3490 3272 3491 3737 3341 3440 3382 3613 3626 3480 3366 3288 3585 3339 3760 3561 3576
3585 3359 3715 3371 3580 3304 3555 3685 3716 3513 3359 3368 3375 3498 3460 3387 3295 3350 3272 3627 3704 3384 3681 3345 3597 3595 3555 3627 3561 3699 3401 3587 3676 3487 3467 3740 3285 3353 3413 3390 3435 3286 3488 3461 3693 3600 3582 3443 3481 3695 3725 3673 3635 3703 3745 3540 3472 3561 3727 3359 3513 3573 3763 3746 3385 3466 3287 3642 3508 3576 3481 3667 3402 3605 3566 3684 3572 3542 3641 3552 3416 3691 3470 3282 3297 3713 3414 3741 3604 3524 3292 3697 3334 3631 3395 3722 3630 3313 3497 3534 3688 3523 3661 3565 3394 3449 3455 3592 3527 3410 3360 3718
3395 3670 3365 3702 3321 3396 3463 3654 3448 3375 3523 3415 3315 3273 3690 3415 3643 3515 3731 3362 3297 3609 3669 3759 3279 3720 3665 3469 3743 3538 3763 3378 3581 3317 3477 3401 3750 3423 3560 3448 3662 3452 3509 3391 3276 3567 3675 3391 3582 3432 3497 3304 3727 3442 3667 3438 3413 3358 3501 3311 3538 3748 3438 3491 3670 3282 3369 3628 3482 3755 3545 3343 3444 3529 3526 3714 3569 3535 3566 3451 3379 3272 3506 3568 3653 3299 3527 3413 3604 3286 3451 3283 3496 3280 3711 3693 3408 3549 3665 3648 3417 3586 3585 3352 3651 3706 3681 3288 3277 3743 3287 3582
3451 3730 3602 3352 3710 3464 3731 3475 3751 3519 3500 3658 3634 3553 3364 3291 3368 3454 3271 3413 3687 3478 3398 3754 3540 3553 3630 3657 3706 3615 3593 3466 3728 3321 3442 3602 3768 3279 3276 3697 3441 3525 3517 3644 3339 3663 3685 3732 3475 3557 3350 3285 3561 3362 3711 3445 3609 3512 3421 3548 3663 3478 3471 3290 3672 3377 3567 3697 3585 3288 3698 3569 3748 3478 3386 3755 3465 3637 3737 3566 3285 3374 3365 3675 3648 3659 3365 3661 3414 3572 3530 3328 3417 3630 3615 3690 3414 3468 3393 3605 3470 3507 3277 3406 3345 3605 3495 3518 3719 3408 3670 3285
3420 3366 3302 3430 3574 3603 3504 3359 3414 3395 3403 3515 3726 3603 3611 3540 3629 3733 3622 3743 3520 3306 3352 3512 3743 3721 3350 3365 3299 3638 3645 3649 3279 3407 3343 3718 3612 3754 3328 3714 3504 3392 3656 3762 3406 3556 3576 3397 3331 3700 3691 3440 3645 3300 3656 3685 3554 3752 3361 3443 3447 3485 3570 3299 3422 3599 3576 3486 3424 3647 3584 3284 3444 3482 3738 3430 3573 3578 3513 3728 3597 3390 3762 3670 3603 3575 3693 3474 3752 3674 3388 3605 3522 3512 3289 3732 3608 3579 3361 3462 3286 3761 3630 3345 3528 3557 3525 3745 3542 3309 3360 3435
3697 3286 3293 3285 3763 3372 3378 3312 3547 3354 3405 3659 3729 3414 3668 3388 3560 3288 3306 3472 3360 3710 3516 3649 3717 3597 3303 3531 3472 3337 3717 3444 3315 3667 3284 3718 3564 3393 3609 3665 3316 3305 3751 3419 3407 3355 3411 3686 3273 3656 3490 3607 3578 3734 3578 3541 3626 3534 3747 3416 3516 3483 3607 3296 3754 3506 3329 3281 3374 3598 3762 3712 3604 3413 3523 3509 3715 3727 3308 3563 3272 3692 3463 3352 3288 3688 3484 3310 3296 3309 3608 3481 3552 3556 3411 3518 3401 3736 3534 3608 3689 3455 3640 3757 3312 3695 3457 3387 3458 3460 3338 3561
3590 3526 3385 3575 3539 3711 3552 3637 3376 3351 3500 3755 3494 3416 3385 3450 3421 3530 3454 3351 3324 3378 3716 3400 3562 3417 3567 3713 3515 3345 3391 3734 3376 3402 3543 3324 3517 3417 3371 3574 3333 3640 3370 3560 3641 3652 3593 3580 3394 3382 3491 3602 3629 3715 3493 3583 3516 3713 3336 3747 3764 3287 3430 3747 3500 3354 3538 3666 3317 3446 3558 3463 3316 3531 3294 3725 3625 3722 3614 3449 3690 3542 3342 3553 3481 3445 3382 3584 3301 3492 3413 3374 3634 3301 3303 3314 3450 3482 3738 3510 3597 3651 3281 3653 3469 3521 3618 3610 3349 3400 3451 3624
3571 3309 3468 3361 3413 3472 3448 3491 3311 3487 3540 3347 3697 3629 3272 3317 3479 3722 3703 3763 3437 3635 3278 3568 3304 3442 3602 3665 3460 3301 3340 3663 3526 3450 3405 3312 3595 3515 3502 3717 3595 3762 3431 3370 3581 3649 3387 3332 3494 3419 3404 3670 3637 3748 3754 3519 3722 3434 3550 3652 3760 3536 3385 3438 3414 3403 3675 3743 3525 3420 3748 3412 3631 3737 3605 3361 3503 3644 3706 3719 3547 3641 3496 3406 3491 3634 3553 3287 3598 3608 3540 3359 3523 3684 3663 3346 3325 3736 3476 3565 3674 3723 3421 3290 3427 3537 3376 3403 3308 3728 3485 3418
3724 3516 3451 3608 3643 3604 3440 3462 3394 3286 3557 3406 3588 3316 3381 3714 3558 3590 3649 3414 3339 3415 3301 3338 3659 3337 3385 3433 3450 3328 3639 3528 3402 3555 3387 3314 3686 3441 3432 3446 3559 3556 3579 3364 3645 3391 3571 3484 3703 3471 3411 3396 3328 3529 3720 3273 3275 3659 3383 3573 3617 3415 3402 3405 3721 3761 3713 3403 3326 3455 3417 3532 3359 3702 3593 3313 3438 3536 3639 3324 3522 3338 3703 3490 3737 3454 3625 3399 3511 3465 3650 3403 3328 3415 3393 3452 3362 3470 3550 3409 3632 3548 3513 3739 3722 3274 3335 3681 3755 3315 3604 3651
3304 3538 3621 3304 3342 3426 3407 3715 3276 3596 3402 3464 3324 3482 3660 3741 3464 3383 3506 3554 3272 3575 3689 3541 3337 3670 3431 3553 3380 3393 3647 3318 3646 3271 3291 3474 3495 3631 3388 3327 3584 3691 3418 3433 3403 3323 3767 3302 3465 3412 3639 3333 3436 3615 3523 3756 3669 3763 3518 3336 3541 3492 3666 3339 3701 3403 3542 3650 3646 3409 3561 3351 3448 3614 3609 3374 3472 3388 3466 3563 3389 3641 3740 3525 3509 3342 3642 3301 3466 3455 3445 3768 3441 3640 3745 3724 3369 3375 3442 3428 3655 3305 3370 3472 3401 3601 3459 3343 3525 3345 3671 3430
3391 3766 3688 3664 3586 3336 3425 3390 3536 3455 3565 3286 3570 3340 3443 3336 3576 3692 3286 3456 3431 3296 3487 3369 3391 3698 3278 3723 3570 3388 3618 3297 3734 3767 3333 3734 3330 3510 3677 3380 3326 3284 3388 3303 3451 3377 3281 3340 3744 3416 3374 3571 3331 3568 3715 3367 3694 3461 3547 3354 3702 3579 3426 3367 3616 3560 3312 3508 3313 3407 3301 3708 3543 3292 3428 3491 3393 3453 3375 3434 3506 3731 3365 3681 3761 3362 3569 3301 3322 3714 3719 3457 3470 3616 3743 3334 3361 3486 3553 3327 3339 3437 3440 3669 3393 3539 3333 3332 3656 3596 3391 3290
3577 3560 3758 3665 3625 3719 3570 3300 3348 3535 3636 3607 3544 3622 3494 3761 3422 3399 3718 3323 3600 3682 3435 3604 3626 3319 3320 3314 3714 3767 3606 3405 3529 3648 3692 3530 3290 3721 3709 3677 3719 3549 3708 3412 3496 3531 3405 3326 3763 3381 3378 3478 3405 3557 3412 3364 3547 3669 3454 3538 3568 3755 3285 3568 3283 3295 3550 3612 3691 3514 3315 3742 3277 3411 3660 3424 3340 3728 3598 3329 3384 3467 3488 3329 3323 3661 3291 3728 3467 3484 3633 3555 3586 3700 3482 3757 3325 3705 3505 3719 3560 3672 3653 3650 3325 3667 3501 3570 3280 3688 3625 3484
3565 3360 3518 3653 3716 3488 3537 3690 3288 3282 3306 3683 3632 3293 3283 3604 3557 3583 3581 3331 3395 3746 3413 3647 3680 3514 3273 3565 3414 3495 3644 3277 3542 3532 3628 3726 3723 3438 3590 3352 3600 3354 3663 3695 3716 3348 3643 3506 3470 3691 3753 3453 3703 3651 3324 3649 3752 3536 3526 3673 3687 3423 3349 3658 3401 3748 3389 3353 3545 3664 3559 3343 3470 3719 3478 3569 3360 3319 3549 3392 3563 3314 3506 3284 3327 3315 3688 3743 3677 3509 3505 3690 3517 3417 3615 3536 3475 3581 3318 3540 3754 3608 3341 3763 3647 3293 3385 3337 3612 3644 3595 3698
3685 3373 3672 3411 3349 3633 3581 3308 3403 3700 3698 3363 3628 3352 3636 3541 3351 3532 3323 3395 3476 3443 3382 3609 3635 3730 3668 3417 3457 3533 3507 3458 3297 3549 3557 3670 3551 3614 3446 3484 3705 3624 3611 3523 3399 3650 3673 3380 3461 3736 3704 3727 3681 3688 3680 3698 3486 3487 3767 3439 3483 3506 3362 3627 3368 3413 3356 3433 3662 3494 3314 3274 3634 3507 3634 3358 3751 3309 3714 3403 3591 3478 3315 3583 3438 3519 3388 3662 3661 3380 3409 3425 3573 3332 3521 3756 3377 3320 3389 3573 3621 3559 3527 3478 3685 3723 3467 3362 3366 3391 3343 3517
3338 3508 3288 3591 3556 3614 3756 3663 3315 3601 3328 3424 3278 3569 3444 3563 3296 3459 3394 3600 3754 3289 3322 3418 3406 3561 3404 3660 3724 3591 3586 3295 3662 3471 3595 3537 3619 3290 3381 3354 3586 3494 3312 3376 3676 3409 3413 3716 3642 3488 3335 3493 3443 3727 3377 3438 3513 3754 3584 3469 3726 3634 3725 3658 3324 3539 3755 3453 3584 3582 3652 3572 3490 3425 3338 3432 3403 3291 3387 3656 3547 3317 3344 3417 3573 3514 3428 3294 3415 3410 3522 3651 3537 3317 3394 3645 3683 3517 3540 3479 3331 3608 3682 3313 3628 3338 3491 3510 3556 3462 3687 3372
3371 3641 3745 3390 3625 3494 3378 3632 3348 3581 3596 3464 3591 3598 3608 3617 3697 3437 3744 3471 3474 3308 3370 3713 3613 3322 3749 3602 3567 3424 3733 3739 3741 3473 3377 3380 3327 3586 3598 3371 3619 3398 3362 3631 3397 3717 3421 3548 3292 3303 3502 3350 3379 3673 3759 3729 3427 3497 3521 3409 3579 3605 3687 3350 3382 3705 3698 3723 3715 3337 3633 3753 3288 3472 3557 3549 3407 3657 3492 3463 3499 3486 3369 3766 3376 3566 3394 3281 3700 3756 3560 3280 3581 3308 3528 3502 3478 3691 3607 3272 3762 3581 3614 3340 3279 3531 3338 3502 3311 3652 3511 3395
3605 3593 3355 3567 3571 3341 3495 3537 3419 3540 3713 3374 3594 3318 3557 3404 3274 3746 3307 3618 3624 3468 3328 3693 3312 3351 3739 3644 3582 3667 3360 3686 3664 3555 3638 3284 3637 3674 3724 3363 3393 3677 3361 3721 3631 3595 3752 3674 3374 3560 3748 3454 3750 3414 3562 3353 3591 3397 3520 3444 3589 3557 3469 3752 3622 3276 3471 3596 3358 3544 3670 3725 3564 3391 3345 3305 3711 3572 3439 3562 3422 3730 3500 3274 3559 3526 3762 3382 3298 3544 3458 3412 3466 3744 3616 3279 3454 3726 3371 3739 3387 3728 3609 3391 3467 3688 3285 3610 3686 3545 3313 3489
3508 3585 3633 3426 3539 3621 3403 3579 3476 3320 3565 3557 3639 3546 3635 3516 3622 3613 3764 3655 3446 3401 3550 3726 3660 3335 3326 3741 3339 3346 3417 3420 3748 3503 3734 3449 3368 3467 3583 3410 3763 3677 3584 3552 3626 3466 3445 3570 3565 3768 3654 3557 3611 3284 3530 3457 3739 3717 3286 3587 3457 3392 3549 3695 3418 3352 3676 3649 3635 3619 3618 3471 3570 3466 3666 3663 3611 3616 3436 3335 3524 3436 3510 3388 3586 3348 3757 3690 3387 3678 3470 3468 3722 3654 3533 3404 3691 3729 3584 3467 3659 3586 3313 3309 3709 3678 3633 3386 3512 3585 3489 3752
3376 3447 3329 3438 3721 3476 3331 3451 3513 3749 3496 3673 3488 3393 3746 3526 3343 3585 3690 3746 3648 3444 3297 3499 3493 3761 3317 3663 3712 3664 3732 3480 3604 3766 3559 3671 3604 3280 3357 3289 3719 3709 3312 3762 3474 3434 3593 3448 3528 3278 3760 3528 3442 3539 3414 3728 3355 3572 3677 3474 3371 3758 3351 3717 3565 3407 3482 3342 3566 3760 3313 3444 3761 3690 3531 3329 3391 3740 3450 3570 3341 3552 3489 3477 3328 3649 3597 3653 3442 3533 3688 3519 3491 3684 3372 3501 3464 3472 3745 3470 3729 3313 3370 3411 3580 3592 3504 3330 3699 3740 3439 3601
3537 3670 3439 3651 3325 3463 3530 3641 3733 3622 3332 3536 3471 3445 3515 3534 3453 3654 3431 3589 3371 3536 3363 3329 3707 3686 3306 3415 3372 3734 3719 3361 3410 3539 3545 3541 3321 3574 3545 3387 3437 3406 3357 3550 3516 3534 3274 3471 3618 3738 3624 3284 3631 3483 3699 3648 3466 3552 3521 3486 3408 3571 3555 3296 3757 3397 3532 3402 3654 3472 3485 3537 3428 3658 3368 3616 3422 3517 3326 3455 3296 3517 3587 3283 3566 3396 3421 3652 3587 3442 3389 3592 3480 3589 3621 3427 3330 3650 3732 3761 3555 3334 3743 3708 3655 3406 3694 3558 3475 3548 3701 3380
3747 3293 3328 3730 3418 3446 3492 3692 3753 3278 3634 3295 3747 3678 3643 3621 3367 3461 3313 3338 3641 3364 3444 3308 3655 3504 3639 3732 3312 3492 3524 3709 3492 3578 3465 3342 3620 3756 3633 3291 3679 3346 3397 3622 3724 3341 3618 3520 3718 3732 3305 3299 3760 3322 3277 3729 3636 3499 3713 3763 3298 3443 3541 3479 3292 3538 3369 3516 3637 3638 3330 3615 3365 3530 3759 3655 3469 3403 3589 3450 3285 3309 3733 3719 3692 3474 3587 3284 3514 3686 3481 3608 3747 3466 3754 3690 3541 3306 3737 3368 3343 3694 3601 3390 3363 3661 3442 3326 3354 3584 3752 3412
3614 3494 3694 3312 3466 3536 3347 3622 3457 3511 3670 3329 3272 3316 3635 3538 3625 3423 3461 3658 3398 3277 3515 3664 3734 3579 3749 3691 3598 3457 3733 3333 3608 3447 3690 3311 3359 3318 3559 3455 3622 3630 3306 3442 3501 3395 3622 3327 3521 3763 3379 3542 3478 3426 3410 3324 3575 3675 3558 3702 3435 3736 3649 3751 3555 3616 3716 3763 3757 3473 3398 3736 3338 3628 3655 3612 3604 3499 3427 3350 3272 3353 3578 3420 3308 3753 3393 3475 3444 3710 3497 3661 3564 3437 3623 3698 3655 3760 3477 3310 3744 3331 3564 3713 3519 3762 3286 3556 3318 3713 3449 3610
3570 3699 3501 3306 3399 3704 3303 3742 3495 3296 3302 3317 3478 3375 3671 3473 3301 3330 3285 3614 3407 3687 3373 3344 3376 3717 3663 3676 3706 3611 3300 3644 3723 3611 3575 3401 3515 3370 3346 3635 3271 3489 3755 3328 3297 3381 3359 3641 3408 3418 3324 3497 3761 3569 3426 3731 3682 3548 3675 3650 3706 3379 3299 3274 3746 3320 3319 3279 3591 3410 3660 3278 3741 3603 3540 3286 3271 3313 3502 3564 3308 3496 3709 3426 3360 3575 3456 3494 3549 3344 3529 3383 3724 3649 3416 3572 3704 3369 3742 3580 3630 3318 3616 3278 3752 3301 3440 3450 3680 3601 3425 3450
3700 3741 3346 3536 3418 3531 3347 3717 3591 3714 3408 3587 3417 3487 3393 3505 3451 3649 3545 3621 3764 3554 3350 3757 3613 3330 3591 3571 3281 3547 3584 3498 3336 3683 3327 3518 3764 3593 3590 3519 3577 3392 3663 3491 3728 3547 3760 3365 3749 3308 3476 3363 3699 3653 3669 3332 3369 3312 3481 3291 3389 3737 3763 3297 3314 3361 3716 3666 3461 3709 3669 3484 3523 3587 3637 3388 3756 3394 3737 3397 3359 3474 3514 3656 3627 3278 3752 3478 3329 3438 3527 3277 3657 3375 3323 3285 3424 3340 3549 3492 3751 3278 3678 3748 3597 3389 3343 3662 3507 3322 3576 3353
3439 3593 3607 3646 3453 3475 3468 3449 3437 3349 3734 3370 3607 3644 3621 3530 3724 3598 3390 3669 3738 3422 3440 3640 3617 3690 3597 3511 3435 3694 3476 3279 3747 3400 3437 3724 3548 3292 3752 3525 3763 3315 3322 3420 3709 3350 3439 3295 3608 3467 3730 3409 3549 3482 3606 3675 3589 3401 3417 3518 3426 3309 3447 3727 3551 3654 3691 3713 3418 3576 3675 3659 3456 3576 3434 3627 3764 3517 3737 3285 3673 3582 3737 3307 3621 3344 3401 3599 3293 3453 3640 3420 3299 3685 3650 3443 3441 3373 3530 3705 3754 3634 3614 3692 3461 3625 3329 3403 3684 3708 3438 3758
