15 15 2
840
0 0 1 0 56 S S
0 0 0 1 74 S S
0 1 1 1 34 LS R
0 1 0 2 52 S R
0 1 0 0 76 L L
0 2 1 2 16 L SR
0 2 0 3 88 S S
0 2 0 1 50 L L
0 3 1 3 92 LS S
0 3 0 4 64 S S
0 3 0 2 8 S S
0 4 1 4 34 L LS
0 4 0 5 92 S S
0 4 0 3 70 LS S
0 5 1 5 16 LS S
0 5 0 6 84 SR R
0 5 0 4 100 L L
0 6 1 6 76 R R
0 6 0 7 14 S S
0 6 0 5 94 L LS
0 7 1 7 50 LSR R
0 7 0 8 24 S SR
0 7 0 6 44 L S
0 8 1 8 2 LSR R
0 8 0 9 10 S S
0 8 0 7 42 L S
0 9 1 9 66 L LR
0 9 0 10 60 S SR
0 9 0 8 46 S S
0 10 1 10 8 L SR
0 10 0 11 32 SR R
0 10 0 9 68 S S
0 11 1 11 84 LS S
0 11 0 12 22 R R
0 11 0 10 80 S S
0 12 1 12 2 SR R
0 12 0 13 4 R R
0 12 0 11 80 L L
0 13 1 13 86 L LR
0 13 0 14 62 R R
0 13 0 12 10 L LS
0 14 1 14 60 S S
0 14 0 13 98 S S
1 0 2 0 60 L S
1 0 0 0 16 R R
1 0 1 1 58 LSR R
1 1 2 1 74 S SR
1 1 0 1 12 L LR
1 1 1 2 66 L S
1 1 1 0 42 LR R
1 2 2 2 26 L LR
1 2 0 2 76 L LR
1 2 1 3 32 LS SR
1 2 1 1 68 L S
1 3 2 3 20 L SR
1 3 0 3 80 L L
1 3 1 4 94 LS S
1 3 1 2 92 S S
1 4 2 4 68 L L
1 4 0 4 80 L L
1 4 1 5 90 L LR
1 4 1 3 58 L S
1 5 2 5 64 S R
1 5 0 5 30 L R
1 5 1 6 26 LS R
1 5 1 4 36 S SR
1 6 2 6 90 LS S
1 6 0 6 74 L L
1 6 1 7 34 SR R
1 6 1 5 86 LR R
1 7 2 7 32 L L
1 7 0 7 16 LR R
1 7 1 8 90 LS S
1 7 1 6 24 L LSR
1 8 2 8 30 LS S
1 8 0 8 70 L L
1 8 1 9 26 L S
1 8 1 7 62 L S
1 9 2 9 84 LR R
1 9 0 9 80 L R
1 9 1 10 86 L SR
1 9 1 8 22 L R
1 10 2 10 14 L LS
1 10 0 10 12 R R
1 10 1 11 42 L L
1 10 1 9 76 L LR
1 11 2 11 54 LSR R
1 11 0 11 66 L R
1 11 1 12 24 R R
1 11 1 10 8 S R
1 12 2 12 46 LSR R
1 12 0 12 2 L R
1 12 1 13 48 S SR
1 12 1 11 80 L LS
1 13 2 13 24 L S
1 13 0 13 22 R R
1 13 1 14 52 L R
1 13 1 12 30 L LS
1 14 2 14 4 S SR
1 14 0 14 18 L L
1 14 1 13 92 S S
2 0 3 0 84 S S
2 0 1 0 94 S SR
2 0 2 1 98 LS S
2 1 3 1 8 L R
2 1 1 1 58 LSR R
2 1 2 2 76 R R
2 1 2 0 8 L R
2 2 3 2 96 L R
2 2 1 2 58 S SR
2 2 2 3 18 LS S
2 2 2 1 40 R R
2 3 3 3 52 S SR
2 3 1 3 56 L S
2 3 2 4 48 L SR
2 3 2 2 42 SR R
2 4 3 4 72 L S
2 4 1 4 20 L SR
2 4 2 5 4 LS R
2 4 2 3 74 LS R
2 5 3 5 10 L R
2 5 1 5 76 LS R
2 5 2 6 36 L R
2 5 2 4 44 L L
2 6 3 6 88 L S
2 6 1 6 56 R R
2 6 2 7 36 LS S
2 6 2 5 42 R R
2 7 3 7 30 LSR R
2 7 1 7 68 L LSR
2 7 2 8 38 L L
2 7 2 6 4 LS R
2 8 3 8 84 R R
2 8 1 8 50 L S
2 8 2 9 90 LS SR
2 8 2 7 58 L R
2 9 3 9 20 L LSR
2 9 1 9 70 L R
2 9 2 10 30 SR R
2 9 2 8 38 L R
2 10 3 10 88 L R
2 10 1 10 14 LS SR
2 10 2 11 32 LS SR
2 10 2 9 48 LR R
2 11 3 11 56 LSR R
2 11 1 11 66 LS SR
2 11 2 12 92 LS SR
2 11 2 10 96 LSR R
2 12 3 12 10 L S
2 12 1 12 98 LS S
2 12 2 13 96 LSR R
2 12 2 11 84 LR R
2 13 3 13 58 SR R
2 13 1 13 92 L LR
2 13 2 14 4 R R
2 13 2 12 38 L LS
2 14 3 14 32 R R
2 14 1 14 76 L S
2 14 2 13 86 S SR
3 0 4 0 50 S S
3 0 2 0 86 S S
3 0 3 1 52 S S
3 1 4 1 42 LS SR
3 1 2 1 42 L LSR
3 1 3 2 48 LR R
3 1 3 0 92 L LR
3 2 4 2 52 LS S
3 2 2 2 20 L LSR
3 2 3 3 10 LS SR
3 2 3 1 88 S R
3 3 4 3 98 L L
3 3 2 3 76 L L
3 3 3 4 46 L S
3 3 3 2 68 LSR R
3 4 4 4 24 LSR R
3 4 2 4 54 L R
3 4 3 5 100 LS SR
3 4 3 3 26 LSR R
3 5 4 5 20 S S
3 5 2 5 34 LR R
3 5 3 6 2 LS R
3 5 3 4 84 S SR
3 6 4 6 56 L SR
3 6 2 6 58 S S
3 6 3 7 100 L S
3 6 3 5 94 L LSR
3 7 4 7 88 S S
3 7 2 7 14 LSR R
3 7 3 8 14 L R
3 7 3 6 50 LSR R
3 8 4 8 38 S S
3 8 2 8 12 L LR
3 8 3 9 52 SR R
3 8 3 7 42 SR R
3 9 4 9 46 L R
3 9 2 9 16 R R
3 9 3 10 10 S S
3 9 3 8 30 L SR
3 10 4 10 94 SR R
3 10 2 10 16 S S
3 10 3 11 28 SR R
3 10 3 9 40 L LS
3 11 4 11 50 LS S
3 11 2 11 48 R R
3 11 3 12 82 LSR R
3 11 3 10 48 L LR
3 12 4 12 20 L R
3 12 2 12 64 LS R
3 12 3 13 50 L L
3 12 3 11 2 S R
3 13 4 13 82 S SR
3 13 2 13 72 L R
3 13 3 14 2 L L
3 13 3 12 8 S R
3 14 4 14 10 S R
3 14 2 14 92 S S
3 14 3 13 58 LS SR
4 0 5 0 36 L S
4 0 3 0 56 S R
4 0 4 1 22 L S
4 1 5 1 94 S SR
4 1 3 1 100 LS SR
4 1 4 2 2 LS R
4 1 4 0 86 LR R
4 2 5 2 46 L L
4 2 3 2 34 L R
4 2 4 3 14 LSR R
4 2 4 1 52 LS S
4 3 5 3 74 L R
4 3 3 3 22 L LR
4 3 4 4 68 LS SR
4 3 4 2 84 L LR
4 4 5 4 88 LS SR
4 4 3 4 26 LR R
4 4 4 5 48 S S
4 4 4 3 24 LS S
4 5 5 5 20 L LS
4 5 3 5 24 L LR
4 5 4 6 98 LS SR
4 5 4 4 84 R R
4 6 5 6 22 L LR
4 6 3 6 10 LS S
4 6 4 7 78 L SR
4 6 4 5 86 S S
4 7 5 7 2 LR R
4 7 3 7 54 L LSR
4 7 4 8 52 S R
4 7 4 6 70 L L
4 8 5 8 30 L SR
4 8 3 8 32 L LS
4 8 4 9 46 LS SR
4 8 4 7 66 L R
4 9 5 9 8 SR R
4 9 3 9 34 R R
4 9 4 10 22 L LR
4 9 4 8 38 L LS
4 10 5 10 2 L LSR
4 10 3 10 2 L LS
4 10 4 11 62 LS S
4 10 4 9 12 LS SR
4 11 5 11 16 L L
4 11 3 11 92 L LS
4 11 4 12 58 L LS
4 11 4 10 26 LS SR
4 12 5 12 98 L R
4 12 3 12 32 L L
4 12 4 13 2 LSR R
4 12 4 11 56 S R
4 13 5 13 34 LS SR
4 13 3 13 64 LS S
4 13 4 14 76 L LR
4 13 4 12 56 S SR
4 14 5 14 68 SR R
4 14 3 14 80 LS S
4 14 4 13 42 LS S
5 0 6 0 16 S S
5 0 4 0 12 S SR
5 0 5 1 40 L L
5 1 6 1 10 L L
5 1 4 1 62 SR R
5 1 5 2 60 L SR
5 1 5 0 60 R R
5 2 6 2 2 L LR
5 2 4 2 70 L S
5 2 5 3 34 L L
5 2 5 1 76 R R
5 3 6 3 40 L LS
5 3 4 3 18 L LR
5 3 5 4 44 R R
5 3 5 2 14 L LS
5 4 6 4 62 S S
5 4 4 4 46 LS R
5 4 5 5 70 SR R
5 4 5 3 46 LSR R
5 5 6 5 76 L LR
5 5 4 5 52 S R
5 5 5 6 62 R R
5 5 5 4 50 LS R
5 6 6 6 40 R R
5 6 4 6 24 LS S
5 6 5 7 84 S S
5 6 5 5 16 L S
5 7 6 7 28 SR R
5 7 4 7 26 S SR
5 7 5 8 24 L SR
5 7 5 6 42 L LS
5 8 6 8 88 L R
5 8 4 8 48 L SR
5 8 5 9 88 LS S
5 8 5 7 38 R R
5 9 6 9 38 S R
5 9 4 9 72 L S
5 9 5 10 14 LS S
5 9 5 8 88 L SR
5 10 6 10 94 S R
5 10 4 10 42 LS S
5 10 5 11 64 LS R
5 10 5 9 56 L LS
5 11 6 11 98 S SR
5 11 4 11 64 LR R
5 11 5 12 56 SR R
5 11 5 10 6 L L
5 12 6 12 4 L SR
5 12 4 12 86 LS SR
5 12 5 13 52 S R
5 12 5 11 86 L L
5 13 6 13 42 LS R
5 13 4 13 6 LS SR
5 13 5 14 92 R R
5 13 5 12 76 S SR
5 14 6 14 82 S S
5 14 4 14 28 L LS
5 14 5 13 78 LS S
6 0 7 0 66 L L
6 0 5 0 4 R R
6 0 6 1 42 S SR
6 1 7 1 14 L LS
6 1 5 1 52 L R
6 1 6 2 34 S SR
6 1 6 0 78 R R
6 2 7 2 16 LR R
6 2 5 2 90 SR R
6 2 6 3 30 S R
6 2 6 1 62 R R
6 3 7 3 88 SR R
6 3 5 3 82 L SR
6 3 6 4 6 LS R
6 3 6 2 8 LS R
6 4 7 4 66 LS SR
6 4 5 4 64 L LSR
6 4 6 5 82 LS S
6 4 6 3 38 LSR R
6 5 7 5 70 LS SR
6 5 5 5 68 L S
6 5 6 6 74 LS SR
6 5 6 4 50 LS R
6 6 7 6 36 LS S
6 6 5 6 100 S R
6 6 6 7 30 LS S
6 6 6 5 42 L LSR
6 7 7 7 16 L S
6 7 5 7 56 S SR
6 7 6 8 54 L R
6 7 6 6 70 L R
6 8 7 8 78 S S
6 8 5 8 30 SR R
6 8 6 9 44 L SR
6 8 6 7 40 S SR
6 9 7 9 48 S S
6 9 5 9 78 L R
6 9 6 10 68 L SR
6 9 6 8 6 L LR
6 10 7 10 74 S S
6 10 5 10 62 S SR
6 10 6 11 88 S S
6 10 6 9 62 LSR R
6 11 7 11 72 L LS
6 11 5 11 6 S R
6 11 6 12 62 LS SR
6 11 6 10 48 L SR
6 12 7 12 10 LS R
6 12 5 12 86 SR R
6 12 6 13 86 L LR
6 12 6 11 32 R R
6 13 7 13 96 LSR R
6 13 5 13 76 S S
6 13 6 14 96 L R
6 13 6 12 98 S R
6 14 7 14 48 S S
6 14 5 14 30 L LS
6 14 6 13 22 L R
7 0 8 0 38 LS S
7 0 6 0 6 SR R
7 0 7 1 36 L R
7 1 8 1 76 LS S
7 1 6 1 72 S R
7 1 7 2 46 L R
7 1 7 0 26 LR R
7 2 8 2 34 LS SR
7 2 6 2 22 L R
7 2 7 3 4 L L
7 2 7 1 46 R R
7 3 8 3 62 LS S
7 3 6 3 60 LSR R
7 3 7 4 88 S S
7 3 7 2 50 S SR
7 4 8 4 48 R R
7 4 6 4 42 LR R
7 4 7 5 36 L S
7 4 7 3 34 L R
7 5 8 5 76 L L
7 5 6 5 28 L L
7 5 7 6 20 L LSR
7 5 7 4 70 L LS
7 6 8 6 72 L LS
7 6 6 6 90 L S
7 6 7 7 20 S SR
7 6 7 5 92 L LS
7 7 8 7 32 L L
7 7 6 7 86 LSR R
7 7 7 8 86 LSR R
7 7 7 6 60 L LR
7 8 8 8 46 L LR
7 8 6 8 2 LS R
7 8 7 9 80 LSR R
7 8 7 7 62 L LS
7 9 8 9 6 LR R
7 9 6 9 50 L L
7 9 7 10 70 L R
7 9 7 8 74 S R
7 10 8 10 46 L S
7 10 6 10 84 L R
7 10 7 11 56 L LSR
7 10 7 9 98 L LR
7 11 8 11 2 LR R
7 11 6 11 24 L LS
7 11 7 12 94 LS S
7 11 7 10 94 L LS
7 12 8 12 34 L LS
7 12 6 12 80 L R
7 12 7 13 16 S R
7 12 7 11 68 S S
7 13 8 13 98 LS S
7 13 6 13 16 L S
7 13 7 14 86 R R
7 13 7 12 80 LSR R
7 14 8 14 28 S S
7 14 6 14 32 L L
7 14 7 13 64 S S
8 0 9 0 54 L S
8 0 7 0 22 SR R
8 0 8 1 48 S R
8 1 9 1 56 L S
8 1 7 1 6 LR R
8 1 8 2 90 L LR
8 1 8 0 38 R R
8 2 9 2 58 SR R
8 2 7 2 72 L R
8 2 8 3 68 SR R
8 2 8 1 66 LSR R
8 3 9 3 70 L SR
8 3 7 3 86 LS R
8 3 8 4 24 S R
8 3 8 2 82 L L
8 4 9 4 100 LS S
8 4 7 4 36 SR R
8 4 8 5 86 LSR R
8 4 8 3 92 L LS
8 5 9 5 94 L LSR
8 5 7 5 34 LR R
8 5 8 6 48 L R
8 5 8 4 98 L R
8 6 9 6 10 S S
8 6 7 6 62 R R
8 6 8 7 20 LS R
8 6 8 5 90 LS S
8 7 9 7 34 S R
8 7 7 7 66 S R
8 7 8 8 88 LS S
8 7 8 6 44 R R
8 8 9 8 60 LS S
8 8 7 8 18 S R
8 8 8 9 34 LSR R
8 8 8 7 20 LSR R
8 9 9 9 4 S R
8 9 7 9 54 R R
8 9 8 10 90 L S
8 9 8 8 94 LSR R
8 10 9 10 46 S SR
8 10 7 10 46 S R
8 10 8 11 2 L SR
8 10 8 9 38 L R
8 11 9 11 24 S S
8 11 7 11 94 LS S
8 11 8 12 40 L LSR
8 11 8 10 50 L SR
8 12 9 12 18 LR R
8 12 7 12 50 L LS
8 12 8 13 92 LSR R
8 12 8 11 50 L LS
8 13 9 13 32 L S
8 13 7 13 96 L L
8 13 8 14 6 LR R
8 13 8 12 60 R R
8 14 9 14 92 SR R
8 14 7 14 38 L S
8 14 8 13 56 L LSR
9 0 10 0 74 L LS
9 0 8 0 100 SR R
9 0 9 1 22 LS S
9 1 10 1 60 S SR
9 1 8 1 94 LR R
9 1 9 2 16 LS SR
9 1 9 0 92 L L
9 2 10 2 78 L L
9 2 8 2 20 S S
9 2 9 3 64 L LS
9 2 9 1 8 SR R
9 3 10 3 58 LR R
9 3 8 3 42 L SR
9 3 9 4 62 SR R
9 3 9 2 92 R R
9 4 10 4 78 L SR
9 4 8 4 46 LS R
9 4 9 5 50 R R
9 4 9 3 66 L LSR
9 5 10 5 44 S R
9 5 8 5 44 L LS
9 5 9 6 6 LS S
9 5 9 4 78 L L
9 6 10 6 92 S R
9 6 8 6 78 L LR
9 6 9 7 68 LS R
9 6 9 5 38 LS SR
9 7 10 7 26 S SR
9 7 8 7 30 L R
9 7 9 8 62 L LR
9 7 9 6 22 LR R
9 8 10 8 38 LS SR
9 8 8 8 78 L SR
9 8 9 9 60 S S
9 8 9 7 62 LS S
9 9 10 9 42 L R
9 9 8 9 60 S S
9 9 9 10 20 L R
9 9 9 8 76 L LSR
9 10 10 10 4 LR R
9 10 8 10 88 R R
9 10 9 11 12 LSR R
9 10 9 9 86 L LS
9 11 10 11 88 L LR
9 11 8 11 14 L LR
9 11 9 12 38 S R
9 11 9 10 86 LR R
9 12 10 12 18 LSR R
9 12 8 12 60 LS R
9 12 9 13 90 LS S
9 12 9 11 90 L LR
9 13 10 13 24 LS SR
9 13 8 13 84 SR R
9 13 9 14 4 R R
9 13 9 12 64 LSR R
9 14 10 14 84 S R
9 14 8 14 36 S S
9 14 9 13 50 S R
10 0 11 0 32 LS S
10 0 9 0 92 S S
10 0 10 1 76 LS R
10 1 11 1 74 L R
10 1 9 1 8 SR R
10 1 10 2 94 L LR
10 1 10 0 92 LR R
10 2 11 2 96 LS R
10 2 9 2 34 L SR
10 2 10 3 92 L SR
10 2 10 1 54 LS R
10 3 11 3 48 LSR R
10 3 9 3 28 R R
10 3 10 4 22 LS S
10 3 10 2 74 L R
10 4 11 4 16 L LR
10 4 9 4 86 L S
10 4 10 5 60 L R
10 4 10 3 42 LS SR
10 5 11 5 22 L LSR
10 5 9 5 22 L R
10 5 10 6 78 L LSR
10 5 10 4 58 LS SR
10 6 11 6 26 L R
10 6 9 6 68 LS S
10 6 10 7 92 LR R
10 6 10 5 4 L LS
10 7 11 7 68 L L
10 7 9 7 90 LS S
10 7 10 8 54 S S
10 7 10 6 10 L LS
10 8 11 8 52 L SR
10 8 9 8 42 L LR
10 8 10 9 58 S S
10 8 10 7 34 L L
10 9 11 9 94 L LS
10 9 9 9 52 S R
10 9 10 10 8 L L
10 9 10 8 18 SR R
10 10 11 10 96 LS R
10 10 9 10 76 L LR
10 10 10 11 48 L R
10 10 10 9 72 R R
10 11 11 11 54 L LR
10 11 9 11 18 LSR R
10 11 10 12 28 L L
10 11 10 10 84 R R
10 12 11 12 76 R R
10 12 9 12 70 L LSR
10 12 10 13 26 S S
10 12 10 11 6 L SR
10 13 11 13 92 L SR
10 13 9 13 22 R R
10 13 10 14 40 L L
10 13 10 12 18 S S
10 14 11 14 76 S R
10 14 9 14 26 L L
10 14 10 13 6 LS R
11 0 12 0 58 L L
11 0 10 0 30 SR R
11 0 11 1 54 L R
11 1 12 1 66 LSR R
11 1 10 1 70 S S
11 1 11 2 100 S S
11 1 11 0 4 LR R
11 2 12 2 12 R R
11 2 10 2 36 S SR
11 2 11 3 2 L LSR
11 2 11 1 66 L LR
11 3 12 3 18 S SR
11 3 10 3 66 S R
11 3 11 4 62 S S
11 3 11 2 76 LS S
11 4 12 4 2 LR R
11 4 10 4 64 L S
11 4 11 5 24 L L
11 4 11 3 12 L S
11 5 12 5 90 S R
11 5 10 5 74 S SR
11 5 11 6 92 L LS
11 5 11 4 28 LS S
11 6 12 6 94 L LSR
11 6 10 6 60 L R
11 6 11 7 94 S R
11 6 11 5 32 LSR R
11 7 12 7 36 LR R
11 7 10 7 10 LS R
11 7 11 8 8 L LSR
11 7 11 6 32 LS R
11 8 12 8 100 S SR
11 8 10 8 6 LS R
11 8 11 9 80 SR R
11 8 11 7 18 S S
11 9 12 9 62 L R
11 9 10 9 50 L S
11 9 11 10 66 S SR
11 9 11 8 22 L R
11 10 12 10 80 LR R
11 10 10 10 48 LR R
11 10 11 11 98 L LSR
11 10 11 9 26 LS SR
11 11 12 11 14 L L
11 11 10 11 96 SR R
11 11 11 12 36 SR R
11 11 11 10 36 L SR
11 12 12 12 20 L LS
11 12 10 12 92 L LS
11 12 11 13 44 S R
11 12 11 11 98 L LR
11 13 12 13 98 S R
11 13 10 13 82 S R
11 13 11 14 42 L L
11 13 11 12 8 L S
11 14 12 14 18 S R
11 14 10 14 24 L S
11 14 11 13 38 L R
12 0 13 0 32 L S
12 0 11 0 56 R R
12 0 12 1 80 L LS
12 1 13 1 10 L SR
12 1 11 1 2 S SR
12 1 12 2 22 L LSR
12 1 12 0 24 L L
12 2 13 2 94 S SR
12 2 11 2 56 L SR
12 2 12 3 78 SR R
12 2 12 1 100 S SR
12 3 13 3 78 L SR
12 3 11 3 98 LR R
12 3 12 4 8 S S
12 3 12 2 6 L S
12 4 13 4 4 S R
12 4 11 4 56 LS S
12 4 12 5 68 S R
12 4 12 3 6 L LSR
12 5 13 5 26 LS R
12 5 11 5 76 SR R
12 5 12 6 20 S SR
12 5 12 4 74 LSR R
12 6 13 6 48 LS S
12 6 11 6 32 LS SR
12 6 12 7 30 S R
12 6 12 5 32 LR R
12 7 13 7 42 R R
12 7 11 7 98 S SR
12 7 12 8 44 L S
12 7 12 6 54 LR R
12 8 13 8 58 LS S
12 8 11 8 20 LS SR
12 8 12 9 44 S SR
12 8 12 7 40 LSR R
12 9 13 9 96 L LS
12 9 11 9 4 S SR
12 9 12 10 32 L S
12 9 12 8 78 LR R
12 10 13 10 4 LS R
12 10 11 10 20 L S
12 10 12 11 90 SR R
12 10 12 9 92 L L
12 11 13 11 68 L LSR
12 11 11 11 88 LR R
12 11 12 12 36 L SR
12 11 12 10 28 LS SR
12 12 13 12 56 LS SR
12 12 11 12 58 LSR R
12 12 12 13 58 SR R
12 12 12 11 44 S SR
12 13 13 13 10 LS SR
12 13 11 13 76 L S
12 13 12 14 2 R R
12 13 12 12 86 L LS
12 14 13 14 64 S SR
12 14 11 14 28 L LS
12 14 12 13 6 L LS
13 0 14 0 62 L L
13 0 12 0 22 S R
13 0 13 1 8 S SR
13 1 14 1 26 LR R
13 1 12 1 16 L LS
13 1 13 2 92 SR R
13 1 13 0 78 R R
13 2 14 2 80 L R
13 2 12 2 82 SR R
13 2 13 3 46 LSR R
13 2 13 1 58 S SR
13 3 14 3 62 LR R
13 3 12 3 94 L SR
13 3 13 4 22 L LR
13 3 13 2 50 SR R
13 4 14 4 16 L L
13 4 12 4 86 LS S
13 4 13 5 62 LS R
13 4 13 3 10 L L
13 5 14 5 60 LR R
13 5 12 5 100 L R
13 5 13 6 4 L LS
13 5 13 4 62 S SR
13 6 14 6 36 L L
13 6 12 6 36 S S
13 6 13 7 92 L LR
13 6 13 5 2 SR R
13 7 14 7 76 L R
13 7 12 7 94 LR R
13 7 13 8 60 LS R
13 7 13 6 72 LR R
13 8 14 8 22 R R
13 8 12 8 30 LSR R
13 8 13 9 62 L L
13 8 13 7 4 S S
13 9 14 9 96 L R
13 9 12 9 96 LSR R
13 9 13 10 8 R R
13 9 13 8 66 S SR
13 10 14 10 76 L LR
13 10 12 10 28 L L
13 10 13 11 10 L LSR
13 10 13 9 60 LR R
13 11 14 11 10 L L
13 11 12 11 28 S SR
13 11 13 12 24 SR R
13 11 13 10 90 S S
13 12 14 12 54 L LR
13 12 12 12 66 L SR
13 12 13 13 66 L LSR
13 12 13 11 94 LR R
13 13 14 13 44 L L
13 13 12 13 18 L LR
13 13 13 14 10 R R
13 13 13 12 4 LS S
13 14 14 14 8 R R
13 14 12 14 88 L LS
13 14 13 13 28 LS S
14 0 13 0 70 S SR
14 0 14 1 26 L L
14 1 13 1 54 LS R
14 1 14 2 2 L LS
14 1 14 0 16 R R
14 2 13 2 76 L SR
14 2 14 3 66 S S
14 2 14 1 48 SR R
14 3 13 3 68 L LSR
14 3 14 4 36 L LS
14 3 14 2 96 SR R
14 4 13 4 2 R R
14 4 14 5 84 L LS
14 4 14 3 14 S R
14 5 13 5 26 LSR R
14 5 14 6 50 L LS
14 5 14 4 42 SR R
14 6 13 6 68 LSR R
14 6 14 7 50 L L
14 6 14 5 46 S R
14 7 13 7 28 R R
14 7 14 8 2 L S
14 7 14 6 38 S S
14 8 13 8 18 LS SR
14 8 14 9 40 L LS
14 8 14 7 48 R R
14 9 13 9 84 LSR R
14 9 14 10 36 LS S
14 9 14 8 72 S SR
14 10 13 10 26 L LR
14 10 14 11 2 S S
14 10 14 9 80 S SR
14 11 13 11 48 L R
14 11 14 12 26 LS S
14 11 14 10 2 S SR
14 12 13 12 40 LS SR
14 12 14 13 64 L LS
14 12 14 11 52 S R
14 13 13 13 66 L L
14 13 14 14 28 L L
14 13 14 12 12 SR R
14 14 13 14 18 L LS
14 14 14 13 72 S R
50
11 10 10 10 1 5 1 6 0 3
13 7 14 7 2 1 2 2 1 0
14 13 14 14 3 12 3 13 4 3
3 14 4 14 13 2 13 1 4 1
13 14 14 14 10 8 10 7 0 4
5 10 5 9 7 0 8 0 0 3
5 1 5 0 8 1 8 0 3 0
12 5 13 5 1 1 1 2 3 0
2 8 3 8 8 6 8 5 3 2
11 1 11 0 11 3 11 4 2 4
13 12 14 12 11 8 12 8 4 2
14 1 14 0 3 5 3 4 1 3
14 8 14 7 4 13 3 13 3 2
9 7 9 6 6 14 6 13 4 2
3 3 3 4 5 8 4 8 1 2
4 4 4 5 9 2 9 1 3 4
10 12 10 11 13 10 13 9 0 0
13 2 14 2 4 11 4 12 4 3
12 1 12 2 7 14 8 14 2 3
6 10 6 11 9 14 9 13 4 4
13 12 14 12 9 10 9 9 3 2
2 6 2 7 14 3 14 2 0 2
11 2 12 2 3 1 2 1 0 2
7 14 7 13 5 10 4 10 4 2
7 1 8 1 6 2 5 2 4 1
13 2 14 2 2 2 3 2 4 4
9 7 9 8 5 9 4 9 3 1
4 5 4 6 7 11 7 10 2 4
10 7 11 7 10 6 10 5 2 3
8 5 8 4 11 0 12 0 1 3
11 13 11 14 0 7 0 6 1 0
14 14 13 14 0 1 0 2 0 2
1 7 1 8 10 7 11 7 0 2
0 7 1 7 14 7 13 7 1 2
8 5 9 5 7 10 8 10 0 3
4 3 3 3 9 0 9 1 0 3
12 10 12 9 2 5 3 5 4 1
6 10 7 10 3 5 3 4 4 1
9 2 9 3 14 10 14 11 3 2
14 8 13 8 0 1 1 1 2 4
14 3 14 4 2 4 1 4 0 3
3 13 2 13 5 6 6 6 3 3
10 12 9 12 6 10 6 11 1 2
2 2 1 2 13 10 13 9 3 2
3 7 4 7 3 2 4 2 0 1
13 11 14 11 13 3 14 3 0 4
13 3 13 2 4 9 4 10 2 2
8 14 7 14 10 14 11 14 0 3
6 14 6 13 12 12 12 13 2 4
9 13 10 13 11 8 11 9 2 3
