15 15 2
840
0 0 1 0 100 L L
0 0 0 1 6 S SR
0 1 1 1 84 S SR
0 1 0 2 58 SR R
0 1 0 0 30 L L
0 2 1 2 68 LS S
0 2 0 3 86 S S
0 2 0 1 76 L LS
0 3 1 3 42 L SR
0 3 0 4 52 SR R
0 3 0 2 26 LS S
0 4 1 4 34 L LR
0 4 0 5 38 S R
0 4 0 3 76 LS S
0 5 1 5 56 L LSR
0 5 0 6 68 S R
0 5 0 4 82 LS S
0 6 1 6 58 L LR
0 6 0 7 20 SR R
0 6 0 5 82 L S
0 7 1 7 64 LS R
0 7 0 8 82 SR R
0 7 0 6 96 L L
0 8 1 8 62 S SR
0 8 0 9 50 S S
0 8 0 7 22 L L
0 9 1 9 28 LS S
0 9 0 10 16 R R
0 9 0 8 86 L L
0 10 1 10 4 S SR
0 10 0 11 82 R R
0 10 0 9 92 S S
0 11 1 11 96 LS R
0 11 0 12 56 SR R
0 11 0 10 60 LS S
0 12 1 12 20 LS R
0 12 0 13 58 S SR
0 12 0 11 48 L S
0 13 1 13 4 L LS
0 13 0 14 10 R R
0 13 0 12 22 LS S
0 14 1 14 28 S SR
0 14 0 13 32 LS S
1 0 2 0 16 L LS
1 0 0 0 70 R R
1 0 1 1 70 L R
1 1 2 1 56 S SR
1 1 0 1 20 L LR
1 1 1 2 76 L L
1 1 1 0 70 R R
1 2 2 2 94 SR R
1 2 0 2 48 L R
1 2 1 3 30 LS SR
1 2 1 1 14 LR R
1 3 2 3 34 LSR R
1 3 0 3 22 R R
1 3 1 4 22 LS SR
1 3 1 2 14 LS SR
1 4 2 4 100 S S
1 4 0 4 82 R R
1 4 1 5 2 LS SR
1 4 1 3 28 L LSR
1 5 2 5 66 SR R
1 5 0 5 8 L R
1 5 1 6 92 R R
1 5 1 4 42 LSR R
1 6 2 6 4 S SR
1 6 0 6 84 LR R
1 6 1 7 22 L LS
1 6 1 5 50 R R
1 7 2 7 82 LS SR
1 7 0 7 54 L R
1 7 1 8 30 R R
1 7 1 6 14 L S
1 8 2 8 66 L LR
1 8 0 8 88 L LR
1 8 1 9 32 L L
1 8 1 7 58 L S
1 9 2 9 80 SR R
1 9 0 9 60 L L
1 9 1 10 72 L S
1 9 1 8 40 L R
1 10 2 10 74 LS SR
1 10 0 10 2 L L
1 10 1 11 48 L LR
1 10 1 9 20 S R
1 11 2 11 22 LS S
1 11 0 11 22 L L
1 11 1 12 98 LSR R
1 11 1 10 92 LS R
1 12 2 12 32 S R
1 12 0 12 72 L L
1 12 1 13 54 L L
1 12 1 11 64 L LR
1 13 2 13 22 LS R
1 13 0 13 20 LR R
1 13 1 14 96 L R
1 13 1 12 40 SR R
1 14 2 14 50 SR R
1 14 0 14 76 L L
1 14 1 13 40 LR R
2 0 3 0 12 L S
2 0 1 0 86 SR R
2 0 2 1 52 LS S
2 1 3 1 50 S S
2 1 1 1 74 LS SR
2 1 2 2 20 S S
2 1 2 0 12 L L
2 2 3 2 58 S SR
2 2 1 2 28 S R
2 2 2 3 36 L LS
2 2 2 1 80 S SR
2 3 3 3 94 L LS
2 3 1 3 86 LS R
2 3 2 4 68 L LR
2 3 2 2 58 LSR R
2 4 3 4 58 L LS
2 4 1 4 74 L R
2 4 2 5 38 L SR
2 4 2 3 34 LR R
2 5 3 5 32 L LS
2 5 1 5 94 S R
2 5 2 6 92 L R
2 5 2 4 98 SR R
2 6 3 6 32 LS SR
2 6 1 6 20 L LSR
2 6 2 7 48 L LSR
2 6 2 5 2 LS SR
2 7 3 7 40 L R
2 7 1 7 76 LS S
2 7 2 8 74 L SR
2 7 2 6 18 S SR
2 8 3 8 60 LS R
2 8 1 8 90 L SR
2 8 2 9 28 L R
2 8 2 7 54 R R
2 9 3 9 58 S R
2 9 1 9 22 S S
2 9 2 10 64 L SR
2 9 2 8 12 S S
2 10 3 10 98 L L
2 10 1 10 70 L LSR
2 10 2 11 60 S R
2 10 2 9 86 S SR
2 11 3 11 96 LSR R
2 11 1 11 26 L SR
2 11 2 12 88 L LR
2 11 2 10 70 S SR
2 12 3 12 6 LR R
2 12 1 12 76 L LR
2 12 2 13 64 LSR R
2 12 2 11 30 SR R
2 13 3 13 54 R R
2 13 1 13 44 LS R
2 13 2 14 36 LR R
2 13 2 12 16 LS S
2 14 3 14 62 S S
2 14 1 14 8 L L
2 14 2 13 40 L LR
3 0 4 0 26 L LS
3 0 2 0 68 S SR
3 0 3 1 44 LSR R
3 1 4 1 42 S S
3 1 2 1 92 LR R
3 1 3 2 98 LSR R
3 1 3 0 88 LR R
3 2 4 2 84 LSR R
3 2 2 2 76 L S
3 2 3 3 28 S SR
3 2 3 1 28 L LR
3 3 4 3 36 S SR
3 3 2 3 84 L LR
3 3 3 4 76 S SR
3 3 3 2 66 LS S
3 4 4 4 68 S S
3 4 2 4 14 L R
3 4 3 5 56 S R
3 4 3 3 24 L S
3 5 4 5 12 L SR
3 5 2 5 68 LS S
3 5 3 6 94 L SR
3 5 3 4 44 LS R
3 6 4 6 100 LSR R
3 6 2 6 92 L LR
3 6 3 7 94 L L
3 6 3 5 56 LSR R
3 7 4 7 50 L LSR
3 7 2 7 84 LR R
3 7 3 8 66 LS S
3 7 3 6 64 SR R
3 8 4 8 76 LR R
3 8 2 8 20 LR R
3 8 3 9 10 L R
3 8 3 7 46 LR R
3 9 4 9 74 LS R
3 9 2 9 28 L LR
3 9 3 10 58 S R
3 9 3 8 100 L LSR
3 10 4 10 10 S SR
3 10 2 10 34 S SR
3 10 3 11 46 L S
3 10 3 9 64 S R
3 11 4 11 32 LR R
3 11 2 11 58 L S
3 11 3 12 20 LS R
3 11 3 10 36 L LSR
3 12 4 12 2 R R
3 12 2 12 56 SR R
3 12 3 13 40 R R
3 12 3 11 80 S S
3 13 4 13 62 LS SR
3 13 2 13 12 S R
3 13 3 14 28 L L
3 13 3 12 86 L LS
3 14 4 14 96 S S
3 14 2 14 92 LS S
3 14 3 13 62 L LS
4 0 5 0 52 L S
4 0 3 0 12 SR R
4 0 4 1 98 LS SR
4 1 5 1 88 S SR
4 1 3 1 20 R R
4 1 4 2 64 S SR
4 1 4 0 48 L LR
4 2 5 2 66 L LS
4 2 3 2 82 S S
4 2 4 3 68 S R
4 2 4 1 76 LSR R
4 3 5 3 90 R R
4 3 3 3 14 LR R
4 3 4 4 10 S R
4 3 4 2 88 LS SR
4 4 5 4 30 S S
4 4 3 4 94 L R
4 4 4 5 30 LR R
4 4 4 3 92 L L
4 5 5 5 84 LR R
4 5 3 5 6 L SR
4 5 4 6 50 L LS
4 5 4 4 80 L SR
4 6 5 6 10 LS SR
4 6 3 6 68 LSR R
4 6 4 7 38 L LSR
4 6 4 5 64 L R
4 7 5 7 54 R R
4 7 3 7 60 LSR R
4 7 4 8 40 L L
4 7 4 6 8 L LR
4 8 5 8 2 L SR
4 8 3 8 64 R R
4 8 4 9 42 LSR R
4 8 4 7 76 L S
4 9 5 9 66 L R
4 9 3 9 36 L SR
4 9 4 10 4 L S
4 9 4 8 64 L S
4 10 5 10 6 LR R
4 10 3 10 14 L S
4 10 4 11 92 LS SR
4 10 4 9 92 S R
4 11 5 11 6 L R
4 11 3 11 8 L SR
4 11 4 12 32 L R
4 11 4 10 96 LS SR
4 12 5 12 64 LSR R
4 12 3 12 30 LR R
4 12 4 13 96 L R
4 12 4 11 24 LS R
4 13 5 13 8 S S
4 13 3 13 8 S SR
4 13 4 14 14 LR R
4 13 4 12 90 L S
4 14 5 14 42 S R
4 14 3 14 56 L S
4 14 4 13 6 SR R
5 0 6 0 72 LS S
5 0 4 0 98 S SR
5 0 5 1 10 L LSR
5 1 6 1 88 LS SR
5 1 4 1 44 L LS
5 1 5 2 94 L LS
5 1 5 0 16 L LR
5 2 6 2 92 S SR
5 2 4 2 90 S S
5 2 5 3 16 LR R
5 2 5 1 64 LS SR
5 3 6 3 78 SR R
5 3 4 3 20 LR R
5 3 5 4 34 LSR R
5 3 5 2 26 LR R
5 4 6 4 36 L SR
5 4 4 4 14 LS S
5 4 5 5 58 L L
5 4 5 3 76 S R
5 5 6 5 64 L S
5 5 4 5 4 L SR
5 5 5 6 66 LR R
5 5 5 4 74 R R
5 6 6 6 90 LS SR
5 6 4 6 76 L LR
5 6 5 7 74 L S
5 6 5 5 70 S S
5 7 6 7 84 L S
5 7 4 7 24 L LSR
5 7 5 8 42 LR R
5 7 5 6 74 L LR
5 8 6 8 88 R R
5 8 4 8 94 L R
5 8 5 9 76 L R
5 8 5 7 100 LR R
5 9 6 9 56 LS SR
5 9 4 9 58 S S
5 9 5 10 64 L L
5 9 5 8 52 L R
5 10 6 10 42 LS SR
5 10 4 10 56 LS S
5 10 5 11 28 LS SR
5 10 5 9 90 L LR
5 11 6 11 48 S S
5 11 4 11 66 L SR
5 11 5 12 26 LS S
5 11 5 10 48 LS S
5 12 6 12 52 L L
5 12 4 12 96 S SR
5 12 5 13 54 S R
5 12 5 11 6 LS R
5 13 6 13 82 L LSR
5 13 4 13 14 LR R
5 13 5 14 26 LR R
5 13 5 12 68 L LSR
5 14 6 14 58 S R
5 14 4 14 50 S S
5 14 5 13 34 L S
6 0 7 0 80 L LS
6 0 5 0 64 SR R
6 0 6 1 26 L SR
6 1 7 1 96 LS R
6 1 5 1 82 SR R
6 1 6 2 76 S R
6 1 6 0 94 L L
6 2 7 2 68 S S
6 2 5 2 40 LS R
6 2 6 3 42 L S
6 2 6 1 8 L LR
6 3 7 3 66 LS S
6 3 5 3 80 L L
6 3 6 4 74 S SR
6 3 6 2 20 S SR
6 4 7 4 56 LSR R
6 4 5 4 38 S S
6 4 6 5 94 R R
6 4 6 3 54 L LR
6 5 7 5 68 SR R
6 5 5 5 66 S SR
6 5 6 6 14 L LSR
6 5 6 4 92 LSR R
6 6 7 6 20 LS S
6 6 5 6 10 S R
6 6 6 7 14 LR R
6 6 6 5 74 SR R
6 7 7 7 60 LS S
6 7 5 7 54 LS R
6 7 6 8 4 LSR R
6 7 6 6 64 S R
6 8 7 8 68 L SR
6 8 5 8 96 LS S
6 8 6 9 54 L S
6 8 6 7 8 LS R
6 9 7 9 38 S S
6 9 5 9 24 L R
6 9 6 10 100 LS R
6 9 6 8 64 LR R
6 10 7 10 98 S R
6 10 5 10 62 S R
6 10 6 11 74 LS R
6 10 6 9 22 L L
6 11 7 11 22 LR R
6 11 5 11 68 L R
6 11 6 12 2 S R
6 11 6 10 74 LSR R
6 12 7 12 14 L SR
6 12 5 12 52 L SR
6 12 6 13 88 L L
6 12 6 11 46 L S
6 13 7 13 88 L R
6 13 5 13 60 S SR
6 13 6 14 14 L LR
6 13 6 12 96 S SR
6 14 7 14 34 S R
6 14 5 14 24 LS S
6 14 6 13 68 SR R
7 0 8 0 38 S S
7 0 6 0 8 S S
7 0 7 1 64 L LR
7 1 8 1 50 S SR
7 1 6 1 96 L SR
7 1 7 2 76 L SR
7 1 7 0 52 L R
7 2 8 2 8 LS SR
7 2 6 2 26 LS SR
7 2 7 3 10 LSR R
7 2 7 1 16 LSR R
7 3 8 3 6 LS SR
7 3 6 3 96 L R
7 3 7 4 92 S S
7 3 7 2 34 L S
7 4 8 4 96 LSR R
7 4 6 4 64 L LSR
7 4 7 5 78 L LSR
7 4 7 3 64 L S
7 5 8 5 6 LSR R
7 5 6 5 6 L L
7 5 7 6 92 LS S
7 5 7 4 8 S S
7 6 8 6 10 LS R
7 6 6 6 34 LS R
7 6 7 7 50 L R
7 6 7 5 96 L SR
7 7 8 7 82 L LS
7 7 6 7 68 L L
7 7 7 8 12 L L
7 7 7 6 6 LS R
7 8 8 8 62 L L
7 8 6 8 88 L SR
7 8 7 9 66 R R
7 8 7 7 84 L S
7 9 8 9 2 S S
7 9 6 9 46 LR R
7 9 7 10 70 SR R
7 9 7 8 46 LS S
7 10 8 10 74 S S
7 10 6 10 10 L LSR
7 10 7 11 84 LS S
7 10 7 9 78 L L
7 11 8 11 96 L LR
7 11 6 11 28 S S
7 11 7 12 38 LS SR
7 11 7 10 60 LS S
7 12 8 12 38 L LS
7 12 6 12 90 LS S
7 12 7 13 8 L SR
7 12 7 11 68 R R
7 13 8 13 6 L S
7 13 6 13 66 S SR
7 13 7 14 2 L LR
7 13 7 12 52 S SR
7 14 8 14 66 S R
7 14 6 14 10 L S
7 14 7 13 28 S SR
8 0 9 0 78 L L
8 0 7 0 92 S R
8 0 8 1 30 L S
8 1 9 1 72 L LSR
8 1 7 1 78 LR R
8 1 8 2 2 S R
8 1 8 0 8 L R
8 2 9 2 44 LSR R
8 2 7 2 76 SR R
8 2 8 3 74 L S
8 2 8 1 28 SR R
8 3 9 3 78 LR R
8 3 7 3 80 S SR
8 3 8 4 22 LS SR
8 3 8 2 34 S S
8 4 9 4 12 L LSR
8 4 7 4 100 L SR
8 4 8 5 78 LR R
8 4 8 3 50 LR R
8 5 9 5 98 S SR
8 5 7 5 16 LR R
8 5 8 6 48 L R
8 5 8 4 34 L R
8 6 9 6 26 L L
8 6 7 6 86 L SR
8 6 8 7 90 R R
8 6 8 5 72 L L
8 7 9 7 56 LS SR
8 7 7 7 44 L LSR
8 7 8 8 70 L LS
8 7 8 6 46 L SR
8 8 9 8 32 R R
8 8 7 8 6 L SR
8 8 8 9 78 L SR
8 8 8 7 24 L LSR
8 9 9 9 30 L R
8 9 7 9 62 LSR R
8 9 8 10 32 L R
8 9 8 8 32 LSR R
8 10 9 10 20 L LR
8 10 7 10 64 LSR R
8 10 8 11 72 L LSR
8 10 8 9 78 SR R
8 11 9 11 32 L SR
8 11 7 11 78 LS SR
8 11 8 12 24 LR R
8 11 8 10 72 L SR
8 12 9 12 86 S S
8 12 7 12 74 LS SR
8 12 8 13 32 LS R
8 12 8 11 30 R R
8 13 9 13 36 L S
8 13 7 13 34 LS R
8 13 8 14 14 R R
8 13 8 12 24 L LR
8 14 9 14 28 R R
8 14 7 14 38 L LS
8 14 8 13 2 LSR R
9 0 10 0 86 LS S
9 0 8 0 14 S R
9 0 9 1 32 S S
9 1 10 1 18 L R
9 1 8 1 2 S R
9 1 9 2 46 L S
9 1 9 0 84 L LR
9 2 10 2 4 LSR R
9 2 8 2 50 LSR R
9 2 9 3 68 L SR
9 2 9 1 8 L LSR
9 3 10 3 32 R R
9 3 8 3 72 S S
9 3 9 4 54 L L
9 3 9 2 82 S R
9 4 10 4 16 LR R
9 4 8 4 70 L L
9 4 9 5 66 L L
9 4 9 3 42 L S
9 5 10 5 30 LS S
9 5 8 5 36 LS R
9 5 9 6 10 LSR R
9 5 9 4 6 L L
9 6 10 6 8 LS S
9 6 8 6 22 L S
9 6 9 7 64 S SR
9 6 9 5 90 SR R
9 7 10 7 52 S R
9 7 8 7 40 L L
9 7 9 8 42 LSR R
9 7 9 6 82 SR R
9 8 10 8 38 S S
9 8 8 8 94 L S
9 8 9 9 32 L LS
9 8 9 7 62 S R
9 9 10 9 16 LSR R
9 9 8 9 34 S SR
9 9 9 10 96 SR R
9 9 9 8 74 SR R
9 10 10 10 34 L L
9 10 8 10 30 LSR R
9 10 9 11 50 L LS
9 10 9 9 84 L R
9 11 10 11 70 R R
9 11 8 11 12 LS R
9 11 9 12 68 L S
9 11 9 10 52 LR R
9 12 10 12 42 L LSR
9 12 8 12 94 SR R
9 12 9 13 100 R R
9 12 9 11 12 L LS
9 13 10 13 90 L LR
9 13 8 13 92 L LR
9 13 9 14 62 R R
9 13 9 12 72 LS SR
9 14 10 14 72 S S
9 14 8 14 30 L LS
9 14 9 13 68 L LS
10 0 11 0 56 L S
10 0 9 0 66 R R
10 0 10 1 76 L LSR
10 1 11 1 10 L R
10 1 9 1 10 L LS
10 1 10 2 84 LS S
10 1 10 0 34 L R
10 2 11 2 8 S S
10 2 9 2 84 L LSR
10 2 10 3 26 L LS
10 2 10 1 6 S S
10 3 11 3 100 L SR
10 3 9 3 56 L LR
10 3 10 4 92 LS R
10 3 10 2 16 S R
10 4 11 4 14 L L
10 4 9 4 20 L L
10 4 10 5 56 S SR
10 4 10 3 84 L LR
10 5 11 5 2 R R
10 5 9 5 40 S R
10 5 10 6 40 L LSR
10 5 10 4 92 LR R
10 6 11 6 74 L LS
10 6 9 6 58 S R
10 6 10 7 2 LSR R
10 6 10 5 42 LS S
10 7 11 7 4 L L
10 7 9 7 12 LR R
10 7 10 8 30 S SR
10 7 10 6 6 R R
10 8 11 8 44 L R
10 8 9 8 80 L LS
10 8 10 9 12 LS R
10 8 10 7 40 L LS
10 9 11 9 60 L L
10 9 9 9 64 LR R
10 9 10 10 76 L LR
10 9 10 8 78 S SR
10 10 11 10 86 S S
10 10 9 10 42 LSR R
10 10 10 11 74 L R
10 10 10 9 50 LR R
10 11 11 11 40 L LS
10 11 9 11 64 LSR R
10 11 10 12 48 L L
10 11 10 10 28 L LSR
10 12 11 12 48 L LSR
10 12 9 12 78 LS SR
10 12 10 13 66 L LS
10 12 10 11 28 L S
10 13 11 13 36 LS R
10 13 9 13 100 S SR
10 13 10 14 16 LR R
10 13 10 12 58 LS S
10 14 11 14 70 S SR
10 14 9 14 12 L L
10 14 10 13 84 R R
11 0 12 0 24 S S
11 0 10 0 2 S S
11 0 11 1 70 LSR R
11 1 12 1 76 LSR R
11 1 10 1 74 S S
11 1 11 2 72 L LSR
11 1 11 0 90 L R
11 2 12 2 34 S R
11 2 10 2 40 L LSR
11 2 11 3 90 L L
11 2 11 1 44 S R
11 3 12 3 78 L R
11 3 10 3 88 SR R
11 3 11 4 24 SR R
11 3 11 2 10 S S
11 4 12 4 20 LSR R
11 4 10 4 54 R R
11 4 11 5 34 L S
11 4 11 3 50 LS SR
11 5 12 5 48 L S
11 5 10 5 2 LR R
11 5 11 6 2 LS S
11 5 11 4 46 L LS
11 6 12 6 18 L LS
11 6 10 6 22 L LSR
11 6 11 7 42 LSR R
11 6 11 5 44 LSR R
11 7 12 7 64 LS R
11 7 10 7 46 LR R
11 7 11 8 96 LS S
11 7 11 6 50 LS R
11 8 12 8 38 S S
11 8 10 8 16 LR R
11 8 11 9 70 L LR
11 8 11 7 26 L SR
11 9 12 9 54 L LS
11 9 10 9 58 L R
11 9 11 10 98 LS R
11 9 11 8 14 L L
11 10 12 10 90 L LSR
11 10 10 10 36 LR R
11 10 11 11 24 L LR
11 10 11 9 68 S SR
11 11 12 11 22 L LS
11 11 10 11 78 LS SR
11 11 11 12 52 LS R
11 11 11 10 92 R R
11 12 12 12 34 S R
11 12 10 12 22 L LSR
11 12 11 13 86 L S
11 12 11 11 72 LS R
11 13 12 13 98 LSR R
11 13 10 13 76 L LS
11 13 11 14 70 L LR
11 13 11 12 78 LSR R
11 14 12 14 48 S SR
11 14 10 14 44 L S
11 14 11 13 18 L SR
12 0 13 0 84 L L
12 0 11 0 20 S S
12 0 12 1 48 LSR R
12 1 13 1 90 LS S
12 1 11 1 28 L R
12 1 12 2 58 LS S
12 1 12 0 88 L R
12 2 13 2 94 L LR
12 2 11 2 32 L LR
12 2 12 3 54 L R
12 2 12 1 86 LSR R
12 3 13 3 92 L L
12 3 11 3 84 S S
12 3 12 4 8 S S
12 3 12 2 36 S S
12 4 13 4 26 LS R
12 4 11 4 90 L SR
12 4 12 5 56 LS SR
12 4 12 3 56 LS R
12 5 13 5 36 LS S
12 5 11 5 98 L L
12 5 12 6 50 LS SR
12 5 12 4 10 L R
12 6 13 6 28 L LS
12 6 11 6 22 R R
12 6 12 7 56 L R
12 6 12 5 52 LS S
12 7 13 7 20 L LS
12 7 11 7 26 S S
12 7 12 8 14 L LS
12 7 12 6 10 LS SR
12 8 13 8 88 L LSR
12 8 11 8 90 LS S
12 8 12 9 36 LS S
12 8 12 7 4 L R
12 9 13 9 44 S R
12 9 11 9 38 LR R
12 9 12 10 8 L SR
12 9 12 8 4 LS S
12 10 13 10 94 S S
12 10 11 10 30 S R
12 10 12 11 18 L LS
12 10 12 9 2 R R
12 11 13 11 38 S S
12 11 11 11 86 LS R
12 11 12 12 84 R R
12 11 12 10 2 LR R
12 12 13 12 50 LS S
12 12 11 12 22 R R
12 12 12 13 94 R R
12 12 12 11 42 LSR R
12 13 13 13 18 LS S
12 13 11 13 64 LS S
12 13 12 14 24 L R
12 13 12 12 34 LSR R
12 14 13 14 66 S R
12 14 11 14 56 L L
12 14 12 13 42 LS R
13 0 14 0 8 L L
13 0 12 0 78 SR R
13 0 13 1 48 L R
13 1 14 1 76 L LR
13 1 12 1 30 LS S
13 1 13 2 82 L SR
13 1 13 0 88 L L
13 2 14 2 84 LR R
13 2 12 2 72 L SR
13 2 13 3 78 L SR
13 2 13 1 76 SR R
13 3 14 3 60 L LR
13 3 12 3 90 LS SR
13 3 13 4 32 LR R
13 3 13 2 80 L LR
13 4 14 4 60 L LR
13 4 12 4 30 LS S
13 4 13 5 50 L LS
13 4 13 3 40 LR R
13 5 14 5 16 L L
13 5 12 5 50 LR R
13 5 13 6 14 L SR
13 5 13 4 76 LSR R
13 6 14 6 20 L LR
13 6 12 6 36 S R
13 6 13 7 30 LS R
13 6 13 5 94 L L
13 7 14 7 80 R R
13 7 12 7 2 L LR
13 7 13 8 42 LSR R
13 7 13 6 6 LS SR
13 8 14 8 88 L L
13 8 12 8 92 S S
13 8 13 9 4 L LS
13 8 13 7 48 LR R
13 9 14 9 94 R R
13 9 12 9 52 L S
13 9 13 10 68 L LSR
13 9 13 8 64 LS SR
13 10 14 10 56 L L
13 10 12 10 30 S S
13 10 13 11 96 LR R
13 10 13 9 42 L LR
13 11 14 11 82 L LR
13 11 12 11 36 L S
13 11 13 12 36 L S
13 11 13 10 34 S SR
13 12 14 12 64 R R
13 12 12 12 40 SR R
13 12 13 13 52 L LSR
13 12 13 11 36 S R
13 13 14 13 56 L LR
13 13 12 13 32 R R
13 13 13 14 24 L R
13 13 13 12 28 L S
13 14 14 14 90 R R
13 14 12 14 56 S S
13 14 13 13 10 L S
14 0 13 0 66 S R
14 0 14 1 66 L S
14 1 13 1 96 S SR
14 1 14 2 64 LS S
14 1 14 0 54 R R
14 2 13 2 50 L S
14 2 14 3 36 S S
14 2 14 1 34 SR R
14 3 13 3 24 LSR R
14 3 14 4 56 L S
14 3 14 2 22 R R
14 4 13 4 42 S S
14 4 14 5 94 S S
14 4 14 3 6 R R
14 5 13 5 40 LSR R
14 5 14 6 58 LS S
14 5 14 4 52 S R
14 6 13 6 86 L LS
14 6 14 7 68 L L
14 6 14 5 74 S SR
14 7 13 7 34 R R
14 7 14 8 50 L LS
14 7 14 6 24 R R
14 8 13 8 44 LR R
14 8 14 9 68 S S
14 8 14 7 82 S R
14 9 13 9 10 LS S
14 9 14 10 64 S S
14 9 14 8 94 SR R
14 10 13 10 92 LSR R
14 10 14 11 90 S S
14 10 14 9 62 S S
14 11 13 11 52 LR R
14 11 14 12 42 L L
14 11 14 10 22 S SR
14 12 13 12 90 LS S
14 12 14 13 58 L LS
14 12 14 11 78 SR R
14 13 13 13 2 L LR
14 13 14 14 92 L L
14 13 14 12 38 SR R
14 14 13 14 12 LS S
14 14 14 13 8 S SR
50
3 13 2 13 1 9 0 9 0 4
7 6 8 6 5 9 5 10 0 1
1 5 0 5 7 6 6 6 0 0
6 5 6 6 0 5 1 5 3 0
13 8 13 9 10 3 11 3 0 3
11 2 12 2 1 5 1 4 1 4
2 12 2 13 6 5 5 5 2 1
2 3 2 4 2 4 3 4 2 3
3 2 3 3 0 1 1 1 2 2
7 4 7 5 12 12 13 12 3 2
13 9 13 8 4 7 4 6 4 4
1 11 2 11 7 13 6 13 2 4
8 7 9 7 3 7 3 8 1 3
3 0 2 0 8 9 9 9 1 4
13 8 14 8 4 2 3 2 1 3
8 7 9 7 8 5 8 6 1 1
8 11 8 10 6 1 7 1 2 1
8 1 7 1 2 5 2 6 0 4
2 8 3 8 5 7 5 6 1 0
7 2 6 2 8 3 8 4 3 3
13 6 13 7 13 12 12 12 2 3
10 5 11 5 0 7 0 6 0 1
10 1 10 2 1 4 2 4 4 1
0 4 1 4 5 7 6 7 4 0
0 2 0 1 5 13 5 14 4 2
5 7 4 7 7 12 8 12 3 3
10 13 10 12 8 11 7 11 2 3
10 9 10 8 10 5 10 6 2 4
13 6 13 7 8 14 8 13 0 4
11 5 11 6 13 14 12 14 3 3
12 11 13 11 6 6 6 5 2 4
6 14 7 14 9 9 10 9 3 1
2 14 3 14 7 4 8 4 3 1
1 0 0 0 10 2 10 1 2 0
3 11 3 10 4 3 3 3 0 3
13 1 12 1 1 13 2 13 2 0
13 8 14 8 14 12 13 12 4 2
10 6 10 5 8 2 8 3 0 4
3 4 3 3 4 3 4 2 4 0
1 7 1 8 3 8 4 8 2 4
6 12 7 12 1 13 2 13 0 4
0 4 0 3 0 0 0 1 0 1
12 3 13 3 3 7 3 6 0 4
9 10 9 9 13 4 14 4 2 4
2 2 2 1 13 2 12 2 2 3
11 4 10 4 3 0 2 0 0 3
11 14 11 13 4 2 5 2 2 2
5 1 6 1 0 9 1 9 1 2
4 13 4 14 11 11 11 10 0 1
7 7 8 7 11 8 11 7 3 2
