15 15 2
840
0 0 1 0 64 S S
0 0 0 1 86 S S
0 1 1 1 68 L LSR
0 1 0 2 68 S S
0 1 0 0 30 L L
0 2 1 2 12 L LS
0 2 0 3 18 R R
0 2 0 1 44 S S
0 3 1 3 98 L LSR
0 3 0 4 34 S R
0 3 0 2 74 L S
0 4 1 4 58 L LSR
0 4 0 5 32 R R
0 4 0 3 68 L S
0 5 1 5 100 L LR
0 5 0 6 38 S SR
0 5 0 4 32 L S
0 6 1 6 46 S R
0 6 0 7 16 S SR
0 6 0 5 92 L L
0 7 1 7 92 LS S
0 7 0 8 4 S SR
0 7 0 6 68 L LS
0 8 1 8 38 L LR
0 8 0 9 70 S S
0 8 0 7 2 L L
0 9 1 9 34 LSR R
0 9 0 10 18 S R
0 9 0 8 16 L LS
0 10 1 10 22 S R
0 10 0 11 42 SR R
0 10 0 9 18 L L
0 11 1 11 24 L LSR
0 11 0 12 72 R R
0 11 0 10 74 L L
0 12 1 12 90 L S
0 12 0 13 16 SR R
0 12 0 11 76 L S
0 13 1 13 70 L S
0 13 0 14 44 R R
0 13 0 12 12 S S
0 14 1 14 18 S R
0 14 0 13 36 S S
1 0 2 0 88 S S
1 0 0 0 8 R R
1 0 1 1 54 LSR R
1 1 2 1 32 R R
1 1 0 1 44 LR R
1 1 1 2 98 S SR
1 1 1 0 40 L L
1 2 2 2 70 S S
1 2 0 2 62 L L
1 2 1 3 42 L L
1 2 1 1 92 L LSR
1 3 2 3 14 S R
1 3 0 3 60 L L
1 3 1 4 84 LS SR
1 3 1 2 30 L L
1 4 2 4 32 LSR R
1 4 0 4 14 R R
1 4 1 5 56 SR R
1 4 1 3 14 L S
1 5 2 5 96 L SR
1 5 0 5 44 L R
1 5 1 6 82 S R
1 5 1 4 64 LS R
1 6 2 6 26 S SR
1 6 0 6 86 LR R
1 6 1 7 80 LR R
1 6 1 5 70 S SR
1 7 2 7 2 LS R
1 7 0 7 64 L R
1 7 1 8 50 S R
1 7 1 6 64 L LSR
1 8 2 8 62 L SR
1 8 0 8 94 L L
1 8 1 9 84 LS SR
1 8 1 7 48 L LR
1 9 2 9 90 LS S
1 9 0 9 26 R R
1 9 1 10 88 L S
1 9 1 8 44 L S
1 10 2 10 16 L S
1 10 0 10 96 R R
1 10 1 11 94 L S
1 10 1 9 84 L L
1 11 2 11 78 L LR
1 11 0 11 20 R R
1 11 1 12 12 SR R
1 11 1 10 18 S R
1 12 2 12 6 L R
1 12 0 12 30 LR R
1 12 1 13 58 LS SR
1 12 1 11 24 L LR
1 13 2 13 20 L R
1 13 0 13 82 L R
1 13 1 14 40 L L
1 13 1 12 66 LSR R
1 14 2 14 46 S R
1 14 0 14 40 L L
1 14 1 13 32 L L
2 0 3 0 36 L S
2 0 1 0 70 S S
2 0 2 1 52 L S
2 1 3 1 80 S S
2 1 1 1 82 LS S
2 1 2 2 54 L LS
2 1 2 0 12 LR R
2 2 3 2 50 SR R
2 2 1 2 26 LS SR
2 2 2 3 48 L S
2 2 2 1 28 S S
2 3 3 3 52 SR R
2 3 1 3 10 S S
2 3 2 4 2 L S
2 3 2 2 54 L LS
2 4 3 4 40 L S
2 4 1 4 36 S R
2 4 2 5 12 R R
2 4 2 3 84 L SR
2 5 3 5 34 S SR
2 5 1 5 54 LSR R
2 5 2 6 60 SR R
2 5 2 4 28 L L
2 6 3 6 72 S S
2 6 1 6 74 L SR
2 6 2 7 20 L LS
2 6 2 5 56 S S
2 7 3 7 44 S S
2 7 1 7 98 S R
2 7 2 8 66 LS SR
2 7 2 6 22 LS S
2 8 3 8 8 LS R
2 8 1 8 36 R R
2 8 2 9 46 L LS
2 8 2 7 22 S R
2 9 3 9 32 L LS
2 9 1 9 64 L LSR
2 9 2 10 82 LS SR
2 9 2 8 80 S SR
2 10 3 10 36 SR R
2 10 1 10 40 LSR R
2 10 2 11 34 L S
2 10 2 9 62 LS SR
2 11 3 11 10 L LSR
2 11 1 11 74 L S
2 11 2 12 14 L R
2 11 2 10 74 L LSR
2 12 3 12 34 LR R
2 12 1 12 56 LSR R
2 12 2 13 90 S SR
2 12 2 11 86 L LSR
2 13 3 13 16 SR R
2 13 1 13 24 SR R
2 13 2 14 90 L L
2 13 2 12 18 S S
2 14 3 14 66 S S
2 14 1 14 44 LS S
2 14 2 13 12 LSR R
3 0 4 0 2 LS S
3 0 2 0 70 SR R
3 0 3 1 16 LS SR
3 1 4 1 74 L LR
3 1 2 1 28 L L
3 1 3 2 34 L LS
3 1 3 0 74 L L
3 2 4 2 70 L LR
3 2 2 2 8 S SR
3 2 3 3 96 L R
3 2 3 1 66 LS SR
3 3 4 3 28 L R
3 3 2 3 32 L R
3 3 3 4 14 S S
3 3 3 2 76 L SR
3 4 4 4 80 LSR R
3 4 2 4 70 SR R
3 4 3 5 32 L LS
3 4 3 3 4 L L
3 5 4 5 20 LSR R
3 5 2 5 98 L SR
3 5 3 6 26 L LSR
3 5 3 4 64 LS S
3 6 4 6 54 L SR
3 6 2 6 64 L L
3 6 3 7 28 L R
3 6 3 5 78 L S
3 7 4 7 84 L L
3 7 2 7 56 S S
3 7 3 8 18 L R
3 7 3 6 12 L LSR
3 8 4 8 46 L L
3 8 2 8 64 L R
3 8 3 9 58 L SR
3 8 3 7 42 LR R
3 9 4 9 38 LS SR
3 9 2 9 8 LSR R
3 9 3 10 76 L S
3 9 3 8 74 L SR
3 10 4 10 96 L LSR
3 10 2 10 30 L S
3 10 3 11 8 S SR
3 10 3 9 6 LSR R
3 11 4 11 46 R R
3 11 2 11 24 LS SR
3 11 3 12 52 L LSR
3 11 3 10 60 S SR
3 12 4 12 12 L SR
3 12 2 12 4 LR R
3 12 3 13 2 SR R
3 12 3 11 80 LS R
3 13 4 13 58 L LSR
3 13 2 13 16 L LR
3 13 3 14 30 LR R
3 13 3 12 72 L LS
3 14 4 14 96 SR R
3 14 2 14 12 S S
3 14 3 13 14 LS R
4 0 5 0 38 S S
4 0 3 0 98 R R
4 0 4 1 62 S S
4 1 5 1 92 R R
4 1 3 1 14 L LSR
4 1 4 2 56 L SR
4 1 4 0 72 L L
4 2 5 2 82 LSR R
4 2 3 2 62 S R
4 2 4 3 24 LSR R
4 2 4 1 66 S SR
4 3 5 3 88 S R
4 3 3 3 54 R R
4 3 4 4 76 L LSR
4 3 4 2 56 SR R
4 4 5 4 56 L L
4 4 3 4 68 LS SR
4 4 4 5 38 LS S
4 4 4 3 74 L LS
4 5 5 5 4 S S
4 5 3 5 80 SR R
4 5 4 6 72 L R
4 5 4 4 96 LSR R
4 6 5 6 26 S S
4 6 3 6 74 LS R
4 6 4 7 92 L LSR
4 6 4 5 54 L LS
4 7 5 7 38 LR R
4 7 3 7 94 LS S
4 7 4 8 64 L S
4 7 4 6 64 LS S
4 8 5 8 82 LS S
4 8 3 8 20 L LSR
4 8 4 9 26 S R
4 8 4 7 80 LS SR
4 9 5 9 12 L S
4 9 3 9 96 L SR
4 9 4 10 12 L L
4 9 4 8 98 L R
4 10 5 10 72 L L
4 10 3 10 28 S R
4 10 4 11 98 L LS
4 10 4 9 86 LS S
4 11 5 11 22 L LS
4 11 3 11 90 SR R
4 11 4 12 54 SR R
4 11 4 10 88 LS R
4 12 5 12 92 LR R
4 12 3 12 88 L SR
4 12 4 13 36 S S
4 12 4 11 42 LS S
4 13 5 13 64 LS SR
4 13 3 13 16 LS R
4 13 4 14 60 L R
4 13 4 12 40 S S
4 14 5 14 32 SR R
4 14 3 14 84 LS S
4 14 4 13 10 LSR R
5 0 6 0 46 L LS
5 0 4 0 24 S R
5 0 5 1 32 L S
5 1 6 1 66 S R
5 1 4 1 48 SR R
5 1 5 2 28 S SR
5 1 5 0 14 L L
5 2 6 2 6 L LS
5 2 4 2 8 L LR
5 2 5 3 50 L LSR
5 2 5 1 72 LR R
5 3 6 3 36 R R
5 3 4 3 12 L LSR
5 3 5 4 28 LSR R
5 3 5 2 82 LR R
5 4 6 4 44 LS SR
5 4 4 4 92 LS R
5 4 5 5 66 LSR R
5 4 5 3 46 LR R
5 5 6 5 76 S SR
5 5 4 5 46 LS SR
5 5 5 6 32 L LS
5 5 5 4 62 LS SR
5 6 6 6 46 L LS
5 6 4 6 14 LSR R
5 6 5 7 4 LS S
5 6 5 5 48 SR R
5 7 6 7 10 LR R
5 7 4 7 30 S S
5 7 5 8 62 L S
5 7 5 6 90 L LR
5 8 6 8 6 L LS
5 8 4 8 2 L SR
5 8 5 9 68 LSR R
5 8 5 7 36 L LSR
5 9 6 9 90 L LR
5 9 4 9 42 L LSR
5 9 5 10 90 L LS
5 9 5 8 48 L LR
5 10 6 10 72 SR R
5 10 4 10 88 L LS
5 10 5 11 100 R R
5 10 5 9 2 LS R
5 11 6 11 22 LR R
5 11 4 11 60 LSR R
5 11 5 12 16 LS S
5 11 5 10 42 L LS
5 12 6 12 70 LS SR
5 12 4 12 50 LS S
5 12 5 13 8 SR R
5 12 5 11 90 L S
5 13 6 13 56 LS S
5 13 4 13 20 S R
5 13 5 14 28 L LR
5 13 5 12 8 L SR
5 14 6 14 78 SR R
5 14 4 14 90 L LS
5 14 5 13 16 LSR R
6 0 7 0 88 LS S
6 0 5 0 82 SR R
6 0 6 1 22 SR R
6 1 7 1 34 LS SR
6 1 5 1 92 L LSR
6 1 6 2 12 S SR
6 1 6 0 28 L R
6 2 7 2 34 L SR
6 2 5 2 86 L LS
6 2 6 3 24 L LS
6 2 6 1 78 LSR R
6 3 7 3 14 L LS
6 3 5 3 24 L LSR
6 3 6 4 4 L SR
6 3 6 2 26 SR R
6 4 7 4 38 LSR R
6 4 5 4 20 L LS
6 4 6 5 42 L LR
6 4 6 3 34 LR R
6 5 7 5 98 LS R
6 5 5 5 62 S R
6 5 6 6 2 L LSR
6 5 6 4 18 R R
6 6 7 6 44 L L
6 6 5 6 28 LSR R
6 6 6 7 60 S R
6 6 6 5 70 LSR R
6 7 7 7 28 L S
6 7 5 7 70 L LS
6 7 6 8 94 S SR
6 7 6 6 48 L R
6 8 7 8 24 S R
6 8 5 8 82 S SR
6 8 6 9 8 L R
6 8 6 7 66 S R
6 9 7 9 52 S S
6 9 5 9 74 SR R
6 9 6 10 20 S SR
6 9 6 8 20 L SR
6 10 7 10 6 LS SR
6 10 5 10 58 L LSR
6 10 6 11 30 L LR
6 10 6 9 86 R R
6 11 7 11 78 LS SR
6 11 5 11 70 L LSR
6 11 6 12 96 S SR
6 11 6 10 54 R R
6 12 7 12 66 SR R
6 12 5 12 38 LR R
6 12 6 13 96 S SR
6 12 6 11 80 SR R
6 13 7 13 84 L SR
6 13 5 13 54 SR R
6 13 6 14 40 LR R
6 13 6 12 68 L S
6 14 7 14 92 SR R
6 14 5 14 44 L L
6 14 6 13 66 L LR
7 0 8 0 46 L LS
7 0 6 0 62 R R
7 0 7 1 10 LR R
7 1 8 1 2 LSR R
7 1 6 1 62 L LSR
7 1 7 2 98 L L
7 1 7 0 94 LR R
7 2 8 2 76 L L
7 2 6 2 76 LS S
7 2 7 3 62 L R
7 2 7 1 14 LS S
7 3 8 3 50 LSR R
7 3 6 3 88 R R
7 3 7 4 94 L L
7 3 7 2 12 S S
7 4 8 4 74 LS SR
7 4 6 4 10 L S
7 4 7 5 58 L LSR
7 4 7 3 12 LR R
7 5 8 5 66 R R
7 5 6 5 40 L S
7 5 7 6 16 LSR R
7 5 7 4 62 LS SR
7 6 8 6 70 SR R
7 6 6 6 46 L R
7 6 7 7 90 L SR
7 6 7 5 42 S SR
7 7 8 7 62 LSR R
7 7 6 7 26 S R
7 7 7 8 38 LS R
7 7 7 6 98 R R
7 8 8 8 100 SR R
7 8 6 8 46 L S
7 8 7 9 32 L LS
7 8 7 7 80 L R
7 9 8 9 40 LSR R
7 9 6 9 98 S R
7 9 7 10 84 L LS
7 9 7 8 72 L SR
7 10 8 10 78 L L
7 10 6 10 46 L S
7 10 7 11 4 L LR
7 10 7 9 48 LS S
7 11 8 11 82 LS R
7 11 6 11 90 L LSR
7 11 7 12 68 SR R
7 11 7 10 44 S SR
7 12 8 12 16 L L
7 12 6 12 16 LS SR
7 12 7 13 90 L LR
7 12 7 11 94 LR R
7 13 8 13 28 LS SR
7 13 6 13 36 LS SR
7 13 7 14 36 L L
7 13 7 12 68 L SR
7 14 8 14 16 S S
7 14 6 14 56 L LS
7 14 7 13 34 L LS
8 0 9 0 94 L L
8 0 7 0 88 S R
8 0 8 1 54 R R
8 1 9 1 84 L SR
8 1 7 1 76 L LS
8 1 8 2 30 LSR R
8 1 8 0 2 L L
8 2 9 2 50 L L
8 2 7 2 22 S R
8 2 8 3 56 S SR
8 2 8 1 72 L S
8 3 9 3 30 LR R
8 3 7 3 14 S SR
8 3 8 4 74 L SR
8 3 8 2 68 L S
8 4 9 4 42 LS R
8 4 7 4 42 L SR
8 4 8 5 68 S R
8 4 8 3 54 L L
8 5 9 5 44 L LR
8 5 7 5 32 L L
8 5 8 6 80 S SR
8 5 8 4 100 L LSR
8 6 9 6 10 L LSR
8 6 7 6 46 LS S
8 6 8 7 80 S SR
8 6 8 5 48 S R
8 7 9 7 34 L R
8 7 7 7 86 S R
8 7 8 8 56 S R
8 7 8 6 68 S R
8 8 9 8 96 L SR
8 8 7 8 4 S SR
8 8 8 9 6 LS S
8 8 8 7 2 L LR
8 9 9 9 52 LR R
8 9 7 9 30 R R
8 9 8 10 52 SR R
8 9 8 8 58 S R
8 10 9 10 86 L LR
8 10 7 10 6 L R
8 10 8 11 66 S SR
8 10 8 9 6 SR R
8 11 9 11 56 L L
8 11 7 11 60 R R
8 11 8 12 42 S R
8 11 8 10 98 S R
8 12 9 12 100 LR R
8 12 7 12 96 L S
8 12 8 13 48 S R
8 12 8 11 70 S SR
8 13 9 13 68 S R
8 13 7 13 58 LS SR
8 13 8 14 24 L R
8 13 8 12 40 LS R
8 14 9 14 34 S S
8 14 7 14 20 LS S
8 14 8 13 26 LS SR
9 0 10 0 68 L S
9 0 8 0 80 S SR
9 0 9 1 62 L S
9 1 10 1 32 L LSR
9 1 8 1 18 S R
9 1 9 2 96 L S
9 1 9 0 78 L R
9 2 10 2 4 S SR
9 2 8 2 90 S SR
9 2 9 3 48 S R
9 2 9 1 10 LSR R
9 3 10 3 94 SR R
9 3 8 3 86 S S
9 3 9 4 66 LSR R
9 3 9 2 2 LS SR
9 4 10 4 12 L SR
9 4 8 4 32 LR R
9 4 9 5 2 L R
9 4 9 3 30 S R
9 5 10 5 54 S SR
9 5 8 5 34 SR R
9 5 9 6 58 S SR
9 5 9 4 68 L LR
9 6 10 6 4 LS SR
9 6 8 6 82 LS R
9 6 9 7 68 L LS
9 6 9 5 80 L LSR
9 7 10 7 2 SR R
9 7 8 7 58 LS R
9 7 9 8 86 R R
9 7 9 6 40 LS R
9 8 10 8 98 S SR
9 8 8 8 12 LR R
9 8 9 9 58 L S
9 8 9 7 16 LS SR
9 9 10 9 94 S S
9 9 8 9 44 L LS
9 9 9 10 82 SR R
9 9 9 8 60 R R
9 10 10 10 98 LS R
9 10 8 10 92 LSR R
9 10 9 11 78 L SR
9 10 9 9 54 LS S
9 11 10 11 12 S R
9 11 8 11 22 L LSR
9 11 9 12 100 L LS
9 11 9 10 62 L L
9 12 10 12 10 LSR R
9 12 8 12 24 L LS
9 12 9 13 26 L LSR
9 12 9 11 62 L L
9 13 10 13 72 S SR
9 13 8 13 56 LS R
9 13 9 14 98 L L
9 13 9 12 58 S S
9 14 10 14 70 S SR
9 14 8 14 60 L L
9 14 9 13 38 S S
10 0 11 0 86 L LS
10 0 9 0 20 S S
10 0 10 1 48 L S
10 1 11 1 64 L LR
10 1 9 1 36 L LSR
10 1 10 2 20 L LSR
10 1 10 0 18 L R
10 2 11 2 64 S SR
10 2 9 2 8 L LR
10 2 10 3 46 S R
10 2 10 1 84 L SR
10 3 11 3 50 R R
10 3 9 3 2 S S
10 3 10 4 82 L SR
10 3 10 2 58 LR R
10 4 11 4 48 S R
10 4 9 4 98 L L
10 4 10 5 34 S R
10 4 10 3 2 L LSR
10 5 11 5 52 L LR
10 5 9 5 98 L LSR
10 5 10 6 100 L SR
10 5 10 4 60 LR R
10 6 11 6 34 SR R
10 6 9 6 28 L LR
10 6 10 7 82 LS S
10 6 10 5 56 LSR R
10 7 11 7 6 S SR
10 7 9 7 36 LS SR
10 7 10 8 88 S S
10 7 10 6 20 L LSR
10 8 11 8 96 S S
10 8 9 8 88 LSR R
10 8 10 9 8 LS SR
10 8 10 7 56 L L
10 9 11 9 70 L LSR
10 9 9 9 40 LR R
10 9 10 10 50 L LSR
10 9 10 8 34 LSR R
10 10 11 10 60 LS SR
10 10 9 10 78 LS R
10 10 10 11 90 R R
10 10 10 9 96 LR R
10 11 11 11 22 LS S
10 11 9 11 92 R R
10 11 10 12 78 SR R
10 11 10 10 2 LR R
10 12 11 12 78 L R
10 12 9 12 80 R R
10 12 10 13 24 LS S
10 12 10 11 86 S R
10 13 11 13 42 LS SR
10 13 9 13 88 R R
10 13 10 14 16 LR R
10 13 10 12 84 S S
10 14 11 14 74 R R
10 14 9 14 100 L L
10 14 10 13 74 L LSR
11 0 12 0 2 S S
11 0 10 0 74 SR R
11 0 11 1 12 LSR R
11 1 12 1 92 SR R
11 1 10 1 82 L LS
11 1 11 2 40 S R
11 1 11 0 50 R R
11 2 12 2 62 L LSR
11 2 10 2 42 L L
11 2 11 3 16 SR R
11 2 11 1 40 S S
11 3 12 3 50 LSR R
11 3 10 3 44 LSR R
11 3 11 4 2 L LSR
11 3 11 2 84 S R
11 4 12 4 84 L SR
11 4 10 4 22 S S
11 4 11 5 16 S S
11 4 11 3 70 L R
11 5 12 5 86 L SR
11 5 10 5 40 LS R
11 5 11 6 92 LSR R
11 5 11 4 74 L LSR
11 6 12 6 20 L R
11 6 10 6 62 S S
11 6 11 7 84 L LS
11 6 11 5 68 L SR
11 7 12 7 66 LS S
11 7 10 7 38 SR R
11 7 11 8 8 R R
11 7 11 6 96 S SR
11 8 12 8 94 L SR
11 8 10 8 92 LS SR
11 8 11 9 2 S SR
11 8 11 7 54 L L
11 9 12 9 88 L S
11 9 10 9 10 S R
11 9 11 10 20 S S
11 9 11 8 84 LR R
11 10 12 10 80 L L
11 10 10 10 96 LS SR
11 10 11 11 92 L R
11 10 11 9 36 LS R
11 11 12 11 50 LSR R
11 11 10 11 76 LS S
11 11 11 12 16 L LS
11 11 11 10 76 S R
11 12 12 12 68 L R
11 12 10 12 76 LS SR
11 12 11 13 76 L LS
11 12 11 11 58 L LS
11 13 12 13 36 L LR
11 13 10 13 40 L R
11 13 11 14 22 L L
11 13 11 12 72 L SR
11 14 12 14 60 SR R
11 14 10 14 54 L LS
11 14 11 13 98 R R
12 0 13 0 10 S S
12 0 11 0 6 S S
12 0 12 1 72 SR R
12 1 13 1 66 LR R
12 1 11 1 82 LS S
12 1 12 2 26 LSR R
12 1 12 0 64 R R
12 2 13 2 56 L SR
12 2 11 2 46 L R
12 2 12 3 58 L R
12 2 12 1 90 S R
12 3 13 3 82 LSR R
12 3 11 3 22 L L
12 3 12 4 50 R R
12 3 12 2 92 S SR
12 4 13 4 84 LR R
12 4 11 4 16 L S
12 4 12 5 22 L LSR
12 4 12 3 28 LS SR
12 5 13 5 18 L LS
12 5 11 5 100 LS SR
12 5 12 6 66 LS S
12 5 12 4 26 S R
12 6 13 6 36 LR R
12 6 11 6 2 S SR
12 6 12 7 80 S S
12 6 12 5 96 L SR
12 7 13 7 6 LS S
12 7 11 7 52 S SR
12 7 12 8 16 L S
12 7 12 6 4 L LS
12 8 13 8 16 SR R
12 8 11 8 76 R R
12 8 12 9 90 S SR
12 8 12 7 54 LR R
12 9 13 9 68 L L
12 9 11 9 62 R R
12 9 12 10 98 L L
12 9 12 8 28 L LR
12 10 13 10 26 L S
12 10 11 10 84 L S
12 10 12 11 10 S SR
12 10 12 9 24 LS R
12 11 13 11 52 S S
12 11 11 11 4 S SR
12 11 12 12 66 L LR
12 11 12 10 32 LS SR
12 12 13 12 86 S S
12 12 11 12 16 LR R
12 12 12 13 32 S S
12 12 12 11 68 L SR
12 13 13 13 22 S R
12 13 11 13 12 S SR
12 13 12 14 22 L R
12 13 12 12 90 LR R
12 14 13 14 64 SR R
12 14 11 14 6 L L
12 14 12 13 80 S SR
13 0 14 0 62 L L
13 0 12 0 52 S S
13 0 13 1 20 L R
13 1 14 1 78 L R
13 1 12 1 72 LSR R
13 1 13 2 76 L SR
13 1 13 0 48 R R
13 2 14 2 6 L LR
13 2 12 2 74 S R
13 2 13 3 10 R R
13 2 13 1 46 L SR
13 3 14 3 14 L L
13 3 12 3 64 LS R
13 3 13 4 44 L LR
13 3 13 2 44 LR R
13 4 14 4 12 LR R
13 4 12 4 52 L L
13 4 13 5 22 L LSR
13 4 13 3 44 L R
13 5 14 5 96 L L
13 5 12 5 6 R R
13 5 13 6 34 S R
13 5 13 4 72 L S
13 6 14 6 34 L LR
13 6 12 6 30 L R
13 6 13 7 38 L SR
13 6 13 5 10 LS SR
13 7 14 7 94 L L
13 7 12 7 64 L LSR
13 7 13 8 44 S R
13 7 13 6 12 L LS
13 8 14 8 36 L L
13 8 12 8 70 LR R
13 8 13 9 48 S SR
13 8 13 7 90 L S
13 9 14 9 24 LR R
13 9 12 9 22 R R
13 9 13 10 66 S S
13 9 13 8 50 S R
13 10 14 10 22 L L
13 10 12 10 38 L L
13 10 13 11 92 LSR R
13 10 13 9 32 LS S
13 11 14 11 52 R R
13 11 12 11 82 S SR
13 11 13 12 32 R R
13 11 13 10 62 L LR
13 12 14 12 40 L R
13 12 12 12 56 LS R
13 12 13 13 44 LR R
13 12 13 11 58 L S
13 13 14 13 28 R R
13 13 12 13 22 SR R
13 13 13 14 54 L R
13 13 13 12 8 S SR
13 14 14 14 28 R R
13 14 12 14 4 LS S
13 14 13 13 62 L LR
14 0 13 0 90 S SR
14 0 14 1 60 L S
14 1 13 1 10 LSR R
14 1 14 2 66 L L
14 1 14 0 40 R R
14 2 13 2 38 L LS
14 2 14 3 44 LS S
14 2 14 1 62 S R
14 3 13 3 44 S R
14 3 14 4 90 L S
14 3 14 2 6 S SR
14 4 13 4 72 L LSR
14 4 14 5 98 L LS
14 4 14 3 12 R R
14 5 13 5 8 S R
14 5 14 6 20 L S
14 5 14 4 8 S SR
14 6 13 6 56 LS R
14 6 14 7 48 L L
14 6 14 5 100 S SR
14 7 13 7 68 L L
14 7 14 8 100 LS S
14 7 14 6 74 R R
14 8 13 8 14 LS SR
14 8 14 9 62 L LS
14 8 14 7 24 S SR
14 9 13 9 98 L LSR
14 9 14 10 4 L L
14 9 14 8 62 S R
14 10 13 10 72 SR R
14 10 14 11 62 L S
14 10 14 9 74 S R
14 11 13 11 54 S S
14 11 14 12 14 L L
14 11 14 10 40 R R
14 12 13 12 86 S R
14 12 14 13 90 S S
14 12 14 11 58 R R
14 13 13 13 32 L LS
14 13 14 14 88 L L
14 13 14 12 32 S S
14 14 13 14 50 L S
14 14 14 13 22 S S
50
3 11 3 10 11 11 11 10 0 3
14 6 14 7 4 7 4 8 3 1
8 10 8 9 4 7 5 7 1 1
10 9 11 9 12 10 12 11 2 3
14 11 14 10 0 9 0 10 2 1
6 9 5 9 4 13 3 13 2 3
0 10 1 10 11 3 11 4 4 0
2 10 2 9 10 7 10 8 4 4
4 7 4 6 1 9 1 10 1 2
0 12 0 13 1 0 1 1 3 0
1 5 2 5 14 12 14 11 0 2
1 11 0 11 10 10 9 10 0 4
5 5 6 5 11 0 10 0 1 4
13 3 14 3 0 5 1 5 0 2
7 3 8 3 13 5 13 6 2 2
10 9 10 10 8 8 7 8 3 1
7 6 6 6 10 10 10 11 3 1
1 10 1 9 11 9 12 9 3 0
1 9 1 10 4 13 5 13 4 3
1 8 0 8 6 13 7 13 0 4
9 12 10 12 1 13 0 13 2 2
10 7 11 7 7 1 8 1 2 1
14 7 14 6 5 4 4 4 1 2
2 6 3 6 12 5 12 4 0 0
11 1 11 0 9 5 9 4 0 2
14 12 14 11 2 0 1 0 3 1
4 9 5 9 9 14 9 13 3 1
14 6 14 5 7 7 6 7 0 4
4 2 3 2 2 3 2 2 4 3
10 4 10 5 2 0 1 0 4 2
9 9 10 9 10 7 10 8 1 1
0 6 0 7 9 10 10 10 2 3
12 13 12 14 14 9 14 10 1 3
10 3 10 4 14 3 14 4 3 3
4 6 3 6 11 10 11 11 2 3
1 9 2 9 0 7 0 8 1 2
10 8 11 8 13 5 12 5 0 2
3 8 3 9 14 14 13 14 1 4
8 12 9 12 12 3 13 3 0 0
1 4 2 4 4 1 4 2 1 2
9 11 9 12 8 12 7 12 1 4
11 13 10 13 1 7 1 8 1 4
10 9 10 10 1 4 0 4 4 3
11 9 11 8 0 13 0 12 1 2
12 14 13 14 2 14 1 14 1 1
2 6 3 6 2 3 2 4 4 4
2 9 2 8 0 1 1 1 0 0
8 12 9 12 10 7 10 6 4 2
4 4 4 5 4 3 4 4 1 2
0 9 0 10 0 9 0 8 1 2
