15 15 2
840
0 0 1 0 20 L LS
0 0 0 1 92 S S
0 1 1 1 62 LR R
0 1 0 2 94 S S
0 1 0 0 16 L L
0 2 1 2 90 R R
0 2 0 3 4 S SR
0 2 0 1 78 L S
0 3 1 3 78 L LSR
0 3 0 4 4 R R
0 3 0 2 56 LS S
0 4 1 4 74 LS SR
0 4 0 5 58 S SR
0 4 0 3 96 L L
0 5 1 5 94 L SR
0 5 0 6 72 S R
0 5 0 4 28 L S
0 6 1 6 24 LSR R
0 6 0 7 12 SR R
0 6 0 5 84 LS S
0 7 1 7 94 LS SR
0 7 0 8 28 SR R
0 7 0 6 54 S S
0 8 1 8 76 LR R
0 8 0 9 48 R R
0 8 0 7 2 L S
0 9 1 9 98 L R
0 9 0 10 100 S SR
0 9 0 8 10 LS S
0 10 1 10 12 SR R
0 10 0 11 40 S R
0 10 0 9 58 L S
0 11 1 11 98 L S
0 11 0 12 62 S S
0 11 0 10 36 L L
0 12 1 12 86 L R
0 12 0 13 22 R R
0 12 0 11 16 S S
0 13 1 13 64 S R
0 13 0 14 40 R R
0 13 0 12 74 L L
0 14 1 14 92 SR R
0 14 0 13 12 LS S
1 0 2 0 66 L S
1 0 0 0 16 R R
1 0 1 1 34 S S
1 1 2 1 12 L LSR
1 1 0 1 52 L L
1 1 1 2 80 L SR
1 1 1 0 64 R R
1 2 2 2 36 S R
1 2 0 2 38 L R
1 2 1 3 10 L LR
1 2 1 1 88 S SR
1 3 2 3 32 S S
1 3 0 3 32 L LR
1 3 1 4 90 S SR
1 3 1 2 36 L L
1 4 2 4 66 L LR
1 4 0 4 6 LR R
1 4 1 5 24 LS R
1 4 1 3 18 L R
1 5 2 5 50 L SR
1 5 0 5 46 L R
1 5 1 6 74 L LSR
1 5 1 4 88 L R
1 6 2 6 74 L L
1 6 0 6 42 LR R
1 6 1 7 90 L LS
1 6 1 5 70 LSR R
1 7 2 7 58 L SR
1 7 0 7 82 L R
1 7 1 8 86 L LS
1 7 1 6 42 L LSR
1 8 2 8 96 L S
1 8 0 8 42 L R
1 8 1 9 26 L LSR
1 8 1 7 62 SR R
1 9 2 9 70 L LSR
1 9 0 9 80 L R
1 9 1 10 6 LR R
1 9 1 8 18 LS S
1 10 2 10 26 S S
1 10 0 10 68 R R
1 10 1 11 76 S R
1 10 1 9 88 S S
1 11 2 11 86 L L
1 11 0 11 2 L R
1 11 1 12 10 L S
1 11 1 10 36 LS S
1 12 2 12 6 L S
1 12 0 12 100 LR R
1 12 1 13 70 L R
1 12 1 11 52 S SR
1 13 2 13 16 L SR
1 13 0 13 82 LR R
1 13 1 14 92 L LR
1 13 1 12 28 L S
1 14 2 14 78 S S
1 14 0 14 84 L L
1 14 1 13 80 L S
2 0 3 0 80 S S
2 0 1 0 6 SR R
2 0 2 1 48 L R
2 1 3 1 28 LS R
2 1 1 1 6 SR R
2 1 2 2 98 L LS
2 1 2 0 88 R R
2 2 3 2 54 S SR
2 2 1 2 84 LR R
2 2 2 3 64 L LR
2 2 2 1 26 LS S
2 3 3 3 76 S SR
2 3 1 3 20 S R
2 3 2 4 92 L R
2 3 2 2 8 LS S
2 4 3 4 56 R R
2 4 1 4 40 LR R
2 4 2 5 18 L LS
2 4 2 3 56 L R
2 5 3 5 34 LS SR
2 5 1 5 34 LS R
2 5 2 6 48 L SR
2 5 2 4 40 LS R
2 6 3 6 12 LS SR
2 6 1 6 52 L LS
2 6 2 7 94 R R
2 6 2 5 84 R R
2 7 3 7 76 SR R
2 7 1 7 92 L SR
2 7 2 8 46 L LR
2 7 2 6 18 SR R
2 8 3 8 80 L LR
2 8 1 8 2 S SR
2 8 2 9 24 L LSR
2 8 2 7 68 LR R
2 9 3 9 54 LSR R
2 9 1 9 8 L L
2 9 2 10 34 L LS
2 9 2 8 56 LSR R
2 10 3 10 24 LSR R
2 10 1 10 30 L LR
2 10 2 11 86 LSR R
2 10 2 9 48 L LS
2 11 3 11 34 LSR R
2 11 1 11 72 LS SR
2 11 2 12 96 S R
2 11 2 10 54 S R
2 12 3 12 50 LSR R
2 12 1 12 18 L LS
2 12 2 13 34 L LS
2 12 2 11 60 L S
2 13 3 13 28 LS SR
2 13 1 13 18 L R
2 13 2 14 48 L LR
2 13 2 12 28 L R
2 14 3 14 54 S SR
2 14 1 14 2 LS S
2 14 2 13 46 L LR
3 0 4 0 20 LS S
3 0 2 0 62 S R
3 0 3 1 16 SR R
3 1 4 1 12 S SR
3 1 2 1 64 L S
3 1 3 2 4 S SR
3 1 3 0 30 L L
3 2 4 2 36 S S
3 2 2 2 2 S S
3 2 3 3 2 L L
3 2 3 1 80 L SR
3 3 4 3 6 LS S
3 3 2 3 94 S R
3 3 3 4 68 L LSR
3 3 3 2 26 L LS
3 4 4 4 68 S R
3 4 2 4 64 SR R
3 4 3 5 92 LS R
3 4 3 3 78 S SR
3 5 4 5 66 LS SR
3 5 2 5 64 R R
3 5 3 6 78 L S
3 5 3 4 90 LSR R
3 6 4 6 74 L R
3 6 2 6 22 L LS
3 6 3 7 78 L S
3 6 3 5 40 SR R
3 7 4 7 20 L L
3 7 2 7 52 LS SR
3 7 3 8 14 L SR
3 7 3 6 82 S R
3 8 4 8 90 S R
3 8 2 8 4 L LS
3 8 3 9 18 S S
3 8 3 7 42 LR R
3 9 4 9 8 L LSR
3 9 2 9 72 LSR R
3 9 3 10 6 L LSR
3 9 3 8 10 R R
3 10 4 10 100 LSR R
3 10 2 10 22 LSR R
3 10 3 11 20 LS S
3 10 3 9 30 LS SR
3 11 4 11 8 L LS
3 11 2 11 98 LS R
3 11 3 12 72 LS S
3 11 3 10 4 SR R
3 12 4 12 48 LS SR
3 12 2 12 46 SR R
3 12 3 13 40 R R
3 12 3 11 2 L LS
3 13 4 13 86 L LSR
3 13 2 13 8 LS SR
3 13 3 14 2 LR R
3 13 3 12 24 LSR R
3 14 4 14 68 S R
3 14 2 14 2 LS S
3 14 3 13 2 L LSR
4 0 5 0 6 LS S
4 0 3 0 34 S R
4 0 4 1 14 LS SR
4 1 5 1 46 LS R
4 1 3 1 92 LS R
4 1 4 2 2 LS R
4 1 4 0 38 L L
4 2 5 2 90 SR R
4 2 3 2 68 L LR
4 2 4 3 76 L SR
4 2 4 1 64 L LS
4 3 5 3 64 S SR
4 3 3 3 66 L LSR
4 3 4 4 14 LS SR
4 3 4 2 26 S S
4 4 5 4 38 LR R
4 4 3 4 98 LS S
4 4 4 5 60 LS S
4 4 4 3 18 LS SR
4 5 5 5 78 L R
4 5 3 5 42 LS R
4 5 4 6 36 L L
4 5 4 4 48 LS R
4 6 5 6 72 L SR
4 6 3 6 82 LR R
4 6 4 7 60 S R
4 6 4 5 12 S S
4 7 5 7 60 R R
4 7 3 7 20 L R
4 7 4 8 44 S S
4 7 4 6 48 R R
4 8 5 8 74 L SR
4 8 3 8 20 LSR R
4 8 4 9 92 L S
4 8 4 7 40 LS S
4 9 5 9 68 LS SR
4 9 3 9 58 SR R
4 9 4 10 60 LS R
4 9 4 8 16 SR R
4 10 5 10 50 S R
4 10 3 10 4 LS R
4 10 4 11 32 S S
4 10 4 9 72 L SR
4 11 5 11 84 LS S
4 11 3 11 34 L L
4 11 4 12 46 R R
4 11 4 10 74 L L
4 12 5 12 34 L S
4 12 3 12 4 S R
4 12 4 13 88 L SR
4 12 4 11 96 S S
4 13 5 13 50 S R
4 13 3 13 28 SR R
4 13 4 14 58 R R
4 13 4 12 50 L SR
4 14 5 14 62 S R
4 14 3 14 66 L L
4 14 4 13 52 LR R
5 0 6 0 50 L L
5 0 4 0 22 SR R
5 0 5 1 16 LSR R
5 1 6 1 2 S S
5 1 4 1 4 LS S
5 1 5 2 84 S S
5 1 5 0 54 L R
5 2 6 2 4 S SR
5 2 4 2 28 L L
5 2 5 3 78 L LSR
5 2 5 1 24 LS R
5 3 6 3 100 LR R
5 3 4 3 40 LR R
5 3 5 4 70 S S
5 3 5 2 28 S R
5 4 6 4 16 LS SR
5 4 4 4 96 S SR
5 4 5 5 88 LS R
5 4 5 3 60 S SR
5 5 6 5 98 L LSR
5 5 4 5 22 LR R
5 5 5 6 40 LS S
5 5 5 4 8 SR R
5 6 6 6 74 L LSR
5 6 4 6 30 LR R
5 6 5 7 26 L LS
5 6 5 5 4 LSR R
5 7 6 7 90 L R
5 7 4 7 4 LS S
5 7 5 8 4 LSR R
5 7 5 6 82 LS R
5 8 6 8 40 L L
5 8 4 8 98 L LS
5 8 5 9 28 L LSR
5 8 5 7 2 LS S
5 9 6 9 76 LS R
5 9 4 9 8 R R
5 9 5 10 76 LSR R
5 9 5 8 4 S S
5 10 6 10 86 S S
5 10 4 10 72 L LR
5 10 5 11 86 L S
5 10 5 9 92 L R
5 11 6 11 58 L SR
5 11 4 11 60 LS S
5 11 5 12 36 SR R
5 11 5 10 2 R R
5 12 6 12 26 L L
5 12 4 12 68 S R
5 12 5 13 44 L R
5 12 5 11 28 L S
5 13 6 13 78 S R
5 13 4 13 36 L LS
5 13 5 14 74 L R
5 13 5 12 74 LS S
5 14 6 14 60 S S
5 14 4 14 54 LS S
5 14 5 13 18 LS SR
6 0 7 0 66 L L
6 0 5 0 20 S S
6 0 6 1 16 L R
6 1 7 1 54 L S
6 1 5 1 28 L LR
6 1 6 2 16 LS R
6 1 6 0 14 L LR
6 2 7 2 34 S R
6 2 5 2 86 LR R
6 2 6 3 32 L L
6 2 6 1 74 S S
6 3 7 3 80 LS R
6 3 5 3 2 R R
6 3 6 4 98 L L
6 3 6 2 2 L LR
6 4 7 4 94 LS R
6 4 5 4 22 S SR
6 4 6 5 26 S R
6 4 6 3 84 L SR
6 5 7 5 94 S SR
6 5 5 5 74 LS SR
6 5 6 6 14 L L
6 5 6 4 4 S R
6 6 7 6 68 L L
6 6 5 6 36 L LR
6 6 6 7 64 S SR
6 6 6 5 66 SR R
6 7 7 7 62 L LS
6 7 5 7 78 L SR
6 7 6 8 40 L L
6 7 6 6 70 L LR
6 8 7 8 26 SR R
6 8 5 8 90 S R
6 8 6 9 42 R R
6 8 6 7 64 L SR
6 9 7 9 46 LR R
6 9 5 9 52 R R
6 9 6 10 80 L R
6 9 6 8 32 S SR
6 10 7 10 68 LS R
6 10 5 10 62 S S
6 10 6 11 42 LS R
6 10 6 9 58 LS SR
6 11 7 11 2 L LSR
6 11 5 11 20 L SR
6 11 6 12 6 L LSR
6 11 6 10 22 LS R
6 12 7 12 26 S SR
6 12 5 12 26 L LR
6 12 6 13 62 SR R
6 12 6 11 64 S R
6 13 7 13 14 L LSR
6 13 5 13 88 L R
6 13 6 14 26 LR R
6 13 6 12 34 SR R
6 14 7 14 42 S R
6 14 5 14 48 L L
6 14 6 13 100 LS R
7 0 8 0 4 L LS
7 0 6 0 40 S S
7 0 7 1 76 LR R
7 1 8 1 16 LS R
7 1 6 1 98 L R
7 1 7 2 62 S SR
7 1 7 0 46 LR R
7 2 8 2 86 S R
7 2 6 2 82 LS SR
7 2 7 3 62 S R
7 2 7 1 90 LSR R
7 3 8 3 32 L L
7 3 6 3 10 S R
7 3 7 4 60 S S
7 3 7 2 8 L LS
7 4 8 4 18 LS R
7 4 6 4 66 LS R
7 4 7 5 44 S S
7 4 7 3 2 LS S
7 5 8 5 14 S R
7 5 6 5 52 L LS
7 5 7 6 82 L LS
7 5 7 4 20 L LR
7 6 8 6 42 S SR
7 6 6 6 18 R R
7 6 7 7 8 L LSR
7 6 7 5 84 L S
7 7 8 7 22 LSR R
7 7 6 7 42 LS SR
7 7 7 8 96 L LSR
7 7 7 6 78 LS SR
7 8 8 8 76 S S
7 8 6 8 10 SR R
7 8 7 9 96 L R
7 8 7 7 70 R R
7 9 8 9 68 LSR R
7 9 6 9 16 SR R
7 9 7 10 90 LR R
7 9 7 8 66 LS R
7 10 8 10 4 S S
7 10 6 10 58 L LR
7 10 7 11 36 R R
7 10 7 9 30 LSR R
7 11 8 11 4 L R
7 11 6 11 50 LS R
7 11 7 12 76 R R
7 11 7 10 34 S S
7 12 8 12 12 LSR R
7 12 6 12 96 L LR
7 12 7 13 60 LS SR
7 12 7 11 60 LS SR
7 13 8 13 32 L LR
7 13 6 13 2 S R
7 13 7 14 80 L L
7 13 7 12 56 L R
7 14 8 14 60 S SR
7 14 6 14 16 L LS
7 14 7 13 78 R R
8 0 9 0 60 S S
8 0 7 0 76 SR R
8 0 8 1 38 L L
8 1 9 1 54 SR R
8 1 7 1 60 L S
8 1 8 2 4 LS R
8 1 8 0 76 L R
8 2 9 2 30 LS S
8 2 7 2 64 L L
8 2 8 3 12 SR R
8 2 8 1 4 LSR R
8 3 9 3 52 L LR
8 3 7 3 94 LS S
8 3 8 4 6 L LSR
8 3 8 2 22 LS SR
8 4 9 4 40 LR R
8 4 7 4 90 LS S
8 4 8 5 44 LS S
8 4 8 3 84 L SR
8 5 9 5 52 L LR
8 5 7 5 68 L LR
8 5 8 6 46 L R
8 5 8 4 72 S R
8 6 9 6 54 L LR
8 6 7 6 70 L LR
8 6 8 7 58 L SR
8 6 8 5 20 S R
8 7 9 7 24 SR R
8 7 7 7 36 L LR
8 7 8 8 2 LS R
8 7 8 6 42 L R
8 8 9 8 52 L LR
8 8 7 8 40 LS S
8 8 8 9 2 LS SR
8 8 8 7 64 LSR R
8 9 9 9 6 L LR
8 9 7 9 42 L SR
8 9 8 10 8 L LR
8 9 8 8 58 S R
8 10 9 10 96 LS SR
8 10 7 10 24 LR R
8 10 8 11 16 S R
8 10 8 9 10 L LR
8 11 9 11 10 SR R
8 11 7 11 90 LS S
8 11 8 12 28 R R
8 11 8 10 42 LR R
8 12 9 12 74 S R
8 12 7 12 40 S R
8 12 8 13 24 S R
8 12 8 11 90 LR R
8 13 9 13 30 S SR
8 13 7 13 80 R R
8 13 8 14 4 R R
8 13 8 12 78 L SR
8 14 9 14 68 SR R
8 14 7 14 72 L LS
8 14 8 13 6 LS SR
9 0 10 0 8 L LS
9 0 8 0 30 SR R
9 0 9 1 92 SR R
9 1 10 1 54 LS S
9 1 8 1 2 L S
9 1 9 2 36 LS SR
9 1 9 0 78 L LR
9 2 10 2 60 SR R
9 2 8 2 26 S R
9 2 9 3 58 R R
9 2 9 1 6 LR R
9 3 10 3 46 L LSR
9 3 8 3 24 S S
9 3 9 4 54 LS R
9 3 9 2 38 S S
9 4 10 4 26 L LR
9 4 8 4 62 LS SR
9 4 9 5 22 S SR
9 4 9 3 10 S SR
9 5 10 5 20 LS R
9 5 8 5 44 L S
9 5 9 6 40 L LR
9 5 9 4 48 S S
9 6 10 6 100 S SR
9 6 8 6 44 LS S
9 6 9 7 42 S R
9 6 9 5 42 L LS
9 7 10 7 94 LS SR
9 7 8 7 36 L LR
9 7 9 8 84 LS S
9 7 9 6 44 L LS
9 8 10 8 68 LS SR
9 8 8 8 52 S SR
9 8 9 9 6 LSR R
9 8 9 7 82 LS S
9 9 10 9 16 LS S
9 9 8 9 26 L LSR
9 9 9 10 42 L L
9 9 9 8 16 L LS
9 10 10 10 22 L S
9 10 8 10 76 S R
9 10 9 11 10 L S
9 10 9 9 26 LS SR
9 11 10 11 60 L L
9 11 8 11 68 L LR
9 11 9 12 30 R R
9 11 9 10 52 L LSR
9 12 10 12 40 S S
9 12 8 12 74 LS R
9 12 9 13 40 LS S
9 12 9 11 34 S SR
9 13 10 13 74 L L
9 13 8 13 100 SR R
9 13 9 14 10 L R
9 13 9 12 52 L S
9 14 10 14 16 SR R
9 14 8 14 76 LS S
9 14 9 13 8 L LR
10 0 11 0 90 L L
10 0 9 0 42 SR R
10 0 10 1 60 S R
10 1 11 1 88 SR R
10 1 9 1 34 L LSR
10 1 10 2 22 L LSR
10 1 10 0 62 L R
10 2 11 2 92 LSR R
10 2 9 2 84 S S
10 2 10 3 62 L LR
10 2 10 1 10 S R
10 3 11 3 98 S S
10 3 9 3 56 LS SR
10 3 10 4 38 L R
10 3 10 2 52 LR R
10 4 11 4 84 L L
10 4 9 4 84 S S
10 4 10 5 26 S S
10 4 10 3 52 L S
10 5 11 5 36 R R
10 5 9 5 46 L L
10 5 10 6 16 S R
10 5 10 4 58 L LSR
10 6 11 6 60 L L
10 6 9 6 70 LSR R
10 6 10 7 84 L LR
10 6 10 5 12 L SR
10 7 11 7 90 L L
10 7 9 7 20 LS R
10 7 10 8 34 S R
10 7 10 6 82 L LR
10 8 11 8 2 LR R
10 8 9 8 74 L SR
10 8 10 9 62 R R
10 8 10 7 90 L LR
10 9 11 9 98 LS SR
10 9 9 9 94 R R
10 9 10 10 48 L R
10 9 10 8 84 LR R
10 10 11 10 92 L S
10 10 9 10 46 LR R
10 10 10 11 96 LR R
10 10 10 9 62 S S
10 11 11 11 88 LS SR
10 11 9 11 78 LR R
10 11 10 12 42 SR R
10 11 10 10 34 S SR
10 12 11 12 4 L SR
10 12 9 12 80 L LS
10 12 10 13 14 L L
10 12 10 11 28 S R
10 13 11 13 96 L L
10 13 9 13 18 L LR
10 13 10 14 16 R R
10 13 10 12 72 LS S
10 14 11 14 6 SR R
10 14 9 14 2 LS S
10 14 10 13 78 SR R
11 0 12 0 38 L L
11 0 10 0 6 S R
11 0 11 1 34 L LS
11 1 12 1 68 S R
11 1 10 1 24 LS R
11 1 11 2 88 L LR
11 1 11 0 70 R R
11 2 12 2 86 LSR R
11 2 10 2 54 LS SR
11 2 11 3 94 L LSR
11 2 11 1 52 L L
11 3 12 3 80 LS SR
11 3 10 3 60 L L
11 3 11 4 72 LR R
11 3 11 2 96 LR R
11 4 12 4 24 LS S
11 4 10 4 92 L LS
11 4 11 5 92 LS S
11 4 11 3 70 L LSR
11 5 12 5 14 LS R
11 5 10 5 80 LSR R
11 5 11 6 98 LS R
11 5 11 4 66 L LR
11 6 12 6 40 S R
11 6 10 6 48 S R
11 6 11 7 52 L LR
11 6 11 5 42 L S
11 7 12 7 2 LS S
11 7 10 7 94 L L
11 7 11 8 44 LR R
11 7 11 6 48 S R
11 8 12 8 58 LS S
11 8 10 8 56 L SR
11 8 11 9 80 LS SR
11 8 11 7 32 S S
11 9 12 9 8 L SR
11 9 10 9 56 LSR R
11 9 11 10 42 LS S
11 9 11 8 60 SR R
11 10 12 10 30 SR R
11 10 10 10 86 LS SR
11 10 11 11 96 R R
11 10 11 9 20 LS R
11 11 12 11 8 LSR R
11 11 10 11 80 L R
11 11 11 12 96 L R
11 11 11 10 24 SR R
11 12 12 12 100 LR R
11 12 10 12 20 L LS
11 12 11 13 72 L S
11 12 11 11 32 LSR R
11 13 12 13 36 L LS
11 13 10 13 40 L SR
11 13 11 14 62 L L
11 13 11 12 68 L R
11 14 12 14 88 R R
11 14 10 14 8 L S
11 14 11 13 96 LS S
12 0 13 0 4 L L
12 0 11 0 36 S S
12 0 12 1 58 L S
12 1 13 1 60 L S
12 1 11 1 80 S SR
12 1 12 2 6 L LSR
12 1 12 0 42 L R
12 2 13 2 28 LS R
12 2 11 2 32 LS R
12 2 12 3 82 L SR
12 2 12 1 52 L L
12 3 13 3 20 L R
12 3 11 3 42 L LS
12 3 12 4 10 L SR
12 3 12 2 32 L L
12 4 13 4 82 S S
12 4 11 4 38 L SR
12 4 12 5 44 L LSR
12 4 12 3 74 L LS
12 5 13 5 88 L LR
12 5 11 5 32 L LR
12 5 12 6 10 L SR
12 5 12 4 12 L LS
12 6 13 6 2 L L
12 6 11 6 26 S R
12 6 12 7 2 L L
12 6 12 5 10 L SR
12 7 13 7 78 LS S
12 7 11 7 76 LS R
12 7 12 8 94 L R
12 7 12 6 90 L S
12 8 13 8 32 L LR
12 8 11 8 34 LS S
12 8 12 9 96 R R
12 8 12 7 96 S S
12 9 13 9 86 R R
12 9 11 9 76 L SR
12 9 12 10 8 R R
12 9 12 8 10 LR R
12 10 13 10 86 S SR
12 10 11 10 78 L LS
12 10 12 11 96 S R
12 10 12 9 76 L LSR
12 11 13 11 40 LSR R
12 11 11 11 20 L R
12 11 12 12 84 LSR R
12 11 12 10 68 L LSR
12 12 13 12 72 L R
12 12 11 12 78 LS SR
12 12 12 13 44 L S
12 12 12 11 38 R R
12 13 13 13 34 L L
12 13 11 13 40 L L
12 13 12 14 82 LR R
12 13 12 12 40 L L
12 14 13 14 28 R R
12 14 11 14 46 L LS
12 14 12 13 36 LS SR
13 0 14 0 2 L L
13 0 12 0 26 S R
13 0 13 1 30 LS SR
13 1 14 1 20 L LR
13 1 12 1 78 S SR
13 1 13 2 32 LS R
13 1 13 0 80 L LR
13 2 14 2 96 L L
13 2 12 2 60 S SR
13 2 13 3 56 R R
13 2 13 1 48 L R
13 3 14 3 80 L L
13 3 12 3 60 LSR R
13 3 13 4 2 S S
13 3 13 2 62 LS SR
13 4 14 4 68 L LR
13 4 12 4 12 L SR
13 4 13 5 82 R R
13 4 13 3 32 LS S
13 5 14 5 42 L LR
13 5 12 5 50 LSR R
13 5 13 6 94 L SR
13 5 13 4 54 LSR R
13 6 14 6 18 R R
13 6 12 6 94 LS SR
13 6 13 7 68 L R
13 6 13 5 32 L SR
13 7 14 7 12 R R
13 7 12 7 88 S S
13 7 13 8 90 S R
13 7 13 6 56 L L
13 8 14 8 88 R R
13 8 12 8 52 SR R
13 8 13 9 68 S R
13 8 13 7 44 LSR R
13 9 14 9 8 L L
13 9 12 9 54 LR R
13 9 13 10 92 L LS
13 9 13 8 6 S S
13 10 14 10 52 LR R
13 10 12 10 28 L LSR
13 10 13 11 68 LS S
13 10 13 9 38 S R
13 11 14 11 42 LR R
13 11 12 11 4 R R
13 11 13 12 60 L LSR
13 11 13 10 78 R R
13 12 14 12 78 L LR
13 12 12 12 34 L LR
13 12 13 13 4 S R
13 12 13 11 30 L L
13 13 14 13 8 L LR
13 13 12 13 58 L LS
13 13 13 14 68 LR R
13 13 13 12 4 L S
13 14 14 14 12 R R
13 14 12 14 34 L L
13 14 13 13 74 S S
14 0 13 0 36 R R
14 0 14 1 96 L S
14 1 13 1 10 L LS
14 1 14 2 24 L LS
14 1 14 0 10 R R
14 2 13 2 86 SR R
14 2 14 3 36 L S
14 2 14 1 98 R R
14 3 13 3 50 SR R
14 3 14 4 96 L S
14 3 14 2 10 S SR
14 4 13 4 52 LSR R
14 4 14 5 70 S S
14 4 14 3 34 S SR
14 5 13 5 84 L LR
14 5 14 6 44 S S
14 5 14 4 66 R R
14 6 13 6 54 S R
14 6 14 7 6 L LS
14 6 14 5 50 S SR
14 7 13 7 60 L R
14 7 14 8 34 LS S
14 7 14 6 84 S S
14 8 13 8 4 LS R
14 8 14 9 4 L S
14 8 14 7 94 R R
14 9 13 9 92 S S
14 9 14 10 86 L LS
14 9 14 8 66 R R
14 10 13 10 32 LS SR
14 10 14 11 38 L S
14 10 14 9 68 S SR
14 11 13 11 62 L LSR
14 11 14 12 84 S S
14 11 14 10 42 R R
14 12 13 12 82 L S
14 12 14 13 14 L S
14 12 14 11 12 S S
14 13 13 13 14 L LS
14 13 14 14 4 L L
14 13 14 12 100 R R
14 14 13 14 94 L L
14 14 14 13 12 SR R
50
10 12 11 12 5 13 6 13 1 3
9 1 10 1 6 11 6 10 3 0
8 2 8 1 0 8 0 9 3 2
0 10 1 10 14 4 14 5 0 1
5 4 6 4 1 8 0 8 3 2
6 5 7 5 11 10 11 11 0 1
3 10 4 10 2 14 2 13 3 0
7 4 7 3 10 9 10 8 4 3
9 14 8 14 14 14 14 13 1 1
2 0 1 0 5 2 6 2 2 0
13 5 13 6 7 0 8 0 2 0
1 11 1 10 1 9 2 9 2 4
10 10 9 10 0 13 0 12 0 3
7 2 8 2 6 11 5 11 1 2
8 4 8 5 7 12 7 11 2 2
14 13 13 13 1 9 2 9 3 3
3 14 2 14 2 2 2 3 3 2
10 10 10 11 3 11 3 10 3 0
10 9 10 10 12 1 13 1 1 4
5 13 4 13 4 10 4 9 4 4
8 4 9 4 3 10 3 9 3 2
9 8 8 8 11 11 11 10 1 0
11 4 11 5 11 0 11 1 4 4
11 9 11 10 3 6 2 6 4 2
1 12 0 12 12 4 11 4 3 2
11 4 10 4 12 6 13 6 0 1
7 8 6 8 13 10 14 10 3 3
7 3 6 3 9 1 9 2 4 4
4 6 4 5 2 2 1 2 1 3
8 13 9 13 3 13 3 12 2 1
10 4 9 4 4 7 3 7 4 3
14 10 14 9 7 13 7 14 3 1
2 2 1 2 5 8 5 7 4 3
13 9 12 9 13 2 13 1 4 4
3 14 2 14 3 8 4 8 0 3
0 2 0 3 6 2 6 3 2 2
12 0 13 0 2 3 1 3 0 1
6 2 6 1 7 6 7 7 1 0
6 7 6 6 0 11 0 10 2 2
12 10 11 10 4 7 4 6 3 2
7 10 7 11 5 6 5 5 2 1
2 4 2 5 11 5 10 5 2 3
1 13 0 13 5 11 4 11 0 3
8 3 9 3 5 2 6 2 2 4
10 0 9 0 9 5 8 5 3 2
12 9 12 10 12 12 13 12 2 2
0 13 1 13 6 8 5 8 0 3
13 8 13 7 13 9 13 8 4 1
12 7 11 7 11 11 11 10 2 4
13 8 14 8 13 1 13 0 2 1
