15 15 2
840
0 0 1 0 62 LS S
0 0 0 1 26 SR R
0 1 1 1 36 L LR
0 1 0 2 80 S S
0 1 0 0 58 L L
0 2 1 2 38 L R
0 2 0 3 54 S R
0 2 0 1 50 L L
0 3 1 3 92 LS R
0 3 0 4 48 S SR
0 3 0 2 88 L L
0 4 1 4 92 L S
0 4 0 5 82 SR R
0 4 0 3 46 L S
0 5 1 5 92 LS SR
0 5 0 6 98 S SR
0 5 0 4 44 L L
0 6 1 6 38 L SR
0 6 0 7 62 R R
0 6 0 5 54 L L
0 7 1 7 44 L LS
0 7 0 8 88 S SR
0 7 0 6 38 L L
0 8 1 8 38 L LR
0 8 0 9 26 S S
0 8 0 7 88 L L
0 9 1 9 56 R R
0 9 0 10 42 S R
0 9 0 8 70 L S
0 10 1 10 68 LS S
0 10 0 11 92 S S
0 10 0 9 80 L LS
0 11 1 11 70 L SR
0 11 0 12 80 S R
0 11 0 10 20 L LS
0 12 1 12 32 L R
0 12 0 13 40 S R
0 12 0 11 90 LS S
0 13 1 13 100 L LR
0 13 0 14 90 R R
0 13 0 12 80 L LS
0 14 1 14 32 S R
0 14 0 13 38 L S
1 0 2 0 18 LS S
1 0 0 0 36 R R
1 0 1 1 62 L LS
1 1 2 1 72 L LS
1 1 0 1 64 LR R
1 1 1 2 50 LR R
1 1 1 0 4 R R
1 2 2 2 74 LS R
1 2 0 2 58 R R
1 2 1 3 84 S S
1 2 1 1 16 R R
1 3 2 3 48 LR R
1 3 0 3 76 LR R
1 3 1 4 34 R R
1 3 1 2 42 S R
1 4 2 4 46 L LSR
1 4 0 4 60 L LR
1 4 1 5 42 L S
1 4 1 3 80 R R
1 5 2 5 74 S R
1 5 0 5 98 L L
1 5 1 6 58 SR R
1 5 1 4 10 L LSR
1 6 2 6 74 S R
1 6 0 6 94 R R
1 6 1 7 62 L LR
1 6 1 5 66 L LSR
1 7 2 7 66 L SR
1 7 0 7 88 L L
1 7 1 8 48 S R
1 7 1 6 88 L SR
1 8 2 8 46 L LSR
1 8 0 8 12 L R
1 8 1 9 68 S R
1 8 1 7 100 L LS
1 9 2 9 82 LS R
1 9 0 9 48 L LR
1 9 1 10 10 LS SR
1 9 1 8 10 LS SR
1 10 2 10 54 L L
1 10 0 10 72 L L
1 10 1 11 48 L SR
1 10 1 9 68 LSR R
1 11 2 11 86 LSR R
1 11 0 11 64 R R
1 11 1 12 74 R R
1 11 1 10 42 L LS
1 12 2 12 82 SR R
1 12 0 12 28 LR R
1 12 1 13 56 LSR R
1 12 1 11 56 LS R
1 13 2 13 32 LS SR
1 13 0 13 4 LR R
1 13 1 14 38 L L
1 13 1 12 52 L SR
1 14 2 14 52 S S
1 14 0 14 68 L L
1 14 1 13 2 S S
2 0 3 0 4 L S
2 0 1 0 20 S SR
2 0 2 1 70 LS R
2 1 3 1 88 L LR
2 1 1 1 60 S R
2 1 2 2 8 LSR R
2 1 2 0 2 R R
2 2 3 2 10 LS SR
2 2 1 2 78 L R
2 2 2 3 32 S R
2 2 2 1 24 L LS
2 3 3 3 42 L SR
2 3 1 3 50 LS R
2 3 2 4 32 R R
2 3 2 2 44 R R
2 4 3 4 42 L LR
2 4 1 4 6 L LSR
2 4 2 5 2 SR R
2 4 2 3 88 S SR
2 5 3 5 54 LR R
2 5 1 5 24 S S
2 5 2 6 40 S S
2 5 2 4 10 R R
2 6 3 6 78 L LS
2 6 1 6 12 L R
2 6 2 7 4 LS S
2 6 2 5 52 L L
2 7 3 7 36 LR R
2 7 1 7 64 L LS
2 7 2 8 50 R R
2 7 2 6 82 L L
2 8 3 8 48 L LS
2 8 1 8 36 SR R
2 8 2 9 20 L LR
2 8 2 7 76 L R
2 9 3 9 36 L S
2 9 1 9 12 LS SR
2 9 2 10 10 LS R
2 9 2 8 64 L LR
2 10 3 10 60 L LR
2 10 1 10 6 R R
2 10 2 11 32 SR R
2 10 2 9 58 LR R
2 11 3 11 54 S R
2 11 1 11 76 R R
2 11 2 12 54 S SR
2 11 2 10 56 SR R
2 12 3 12 38 L SR
2 12 1 12 64 L S
2 12 2 13 40 LS S
2 12 2 11 10 LR R
2 13 3 13 46 S R
2 13 1 13 86 LS SR
2 13 2 14 2 L R
2 13 2 12 86 SR R
2 14 3 14 44 S SR
2 14 1 14 20 S S
2 14 2 13 14 LS S
3 0 4 0 68 L S
3 0 2 0 10 S R
3 0 3 1 54 L LSR
3 1 4 1 20 LR R
3 1 2 1 16 L LSR
3 1 3 2 56 L L
3 1 3 0 26 L LR
3 2 4 2 60 S R
3 2 2 2 20 L R
3 2 3 3 8 LS S
3 2 3 1 74 LR R
3 3 4 3 20 R R
3 3 2 3 100 SR R
3 3 3 4 70 S R
3 3 3 2 40 SR R
3 4 4 4 96 LSR R
3 4 2 4 2 LSR R
3 4 3 5 8 LS SR
3 4 3 3 64 L LSR
3 5 4 5 88 LS S
3 5 2 5 52 S SR
3 5 3 6 62 L L
3 5 3 4 72 L LSR
3 6 4 6 32 S S
3 6 2 6 34 R R
3 6 3 7 20 S R
3 6 3 5 68 L R
3 7 4 7 64 S R
3 7 2 7 32 L S
3 7 3 8 52 L LSR
3 7 3 6 28 L R
3 8 4 8 94 L LSR
3 8 2 8 70 S SR
3 8 3 9 48 LS S
3 8 3 7 26 LS SR
3 9 4 9 8 L LR
3 9 2 9 58 S R
3 9 3 10 54 L S
3 9 3 8 52 S SR
3 10 4 10 2 L LR
3 10 2 10 44 L S
3 10 3 11 2 L SR
3 10 3 9 50 S S
3 11 4 11 18 L L
3 11 2 11 56 L S
3 11 3 12 4 L R
3 11 3 10 70 L S
3 12 4 12 42 S S
3 12 2 12 42 LS R
3 12 3 13 100 L L
3 12 3 11 80 R R
3 13 4 13 36 SR R
3 13 2 13 42 S R
3 13 3 14 88 R R
3 13 3 12 48 L SR
3 14 4 14 12 S S
3 14 2 14 76 LS S
3 14 3 13 22 L LSR
4 0 5 0 38 S S
4 0 3 0 90 S S
4 0 4 1 56 LS R
4 1 5 1 98 S S
4 1 3 1 38 S R
4 1 4 2 84 R R
4 1 4 0 86 L R
4 2 5 2 76 S SR
4 2 3 2 2 L SR
4 2 4 3 4 LSR R
4 2 4 1 68 L LR
4 3 5 3 14 SR R
4 3 3 3 56 L LSR
4 3 4 4 64 S S
4 3 4 2 68 L SR
4 4 5 4 96 L LR
4 4 3 4 90 L L
4 4 4 5 100 LS R
4 4 4 3 66 S R
4 5 5 5 56 SR R
4 5 3 5 14 S SR
4 5 4 6 16 L L
4 5 4 4 8 LS S
4 6 5 6 98 LSR R
4 6 3 6 50 S R
4 6 4 7 68 LR R
4 6 4 5 46 LSR R
4 7 5 7 2 LSR R
4 7 3 7 62 S S
4 7 4 8 86 LS R
4 7 4 6 44 LSR R
4 8 5 8 86 S S
4 8 3 8 48 R R
4 8 4 9 32 SR R
4 8 4 7 98 LS R
4 9 5 9 86 L R
4 9 3 9 66 L S
4 9 4 10 42 LS SR
4 9 4 8 48 L R
4 10 5 10 66 LSR R
4 10 3 10 4 LR R
4 10 4 11 36 LS S
4 10 4 9 84 LS S
4 11 5 11 4 S SR
4 11 3 11 60 L S
4 11 4 12 28 S SR
4 11 4 10 64 R R
4 12 5 12 26 LR R
4 12 3 12 10 LS S
4 12 4 13 72 LS R
4 12 4 11 10 L S
4 13 5 13 26 S R
4 13 3 13 84 S SR
4 13 4 14 62 L R
4 13 4 12 94 LR R
4 14 5 14 54 S R
4 14 3 14 10 LS S
4 14 4 13 6 S SR
5 0 6 0 2 S S
5 0 4 0 84 S S
5 0 5 1 34 LSR R
5 1 6 1 68 LS S
5 1 4 1 28 LR R
5 1 5 2 32 LS S
5 1 5 0 50 L LR
5 2 6 2 68 S R
5 2 4 2 2 S S
5 2 5 3 90 R R
5 2 5 1 90 L LR
5 3 6 3 90 L L
5 3 4 3 62 L LR
5 3 5 4 48 LS S
5 3 5 2 6 L LS
5 4 6 4 88 R R
5 4 4 4 30 LSR R
5 4 5 5 12 LS SR
5 4 5 3 56 LS SR
5 5 6 5 80 LSR R
5 5 4 5 6 LR R
5 5 5 6 92 L LSR
5 5 5 4 96 L LR
5 6 6 6 68 LS SR
5 6 4 6 60 L LSR
5 6 5 7 22 LS R
5 6 5 5 26 LS R
5 7 6 7 98 S R
5 7 4 7 90 S S
5 7 5 8 4 LS SR
5 7 5 6 10 L LS
5 8 6 8 62 L LR
5 8 4 8 58 R R
5 8 5 9 34 L S
5 8 5 7 14 S SR
5 9 6 9 64 L LSR
5 9 4 9 8 L LSR
5 9 5 10 22 L LS
5 9 5 8 58 S SR
5 10 6 10 42 LSR R
5 10 4 10 96 SR R
5 10 5 11 42 S S
5 10 5 9 58 L LSR
5 11 6 11 24 L LSR
5 11 4 11 100 L LS
5 11 5 12 98 LS SR
5 11 5 10 14 LR R
5 12 6 12 54 L SR
5 12 4 12 90 S S
5 12 5 13 48 S SR
5 12 5 11 48 L SR
5 13 6 13 66 LSR R
5 13 4 13 78 S R
5 13 5 14 80 R R
5 13 5 12 82 L LSR
5 14 6 14 14 SR R
5 14 4 14 10 L L
5 14 5 13 100 L R
6 0 7 0 98 L LS
6 0 5 0 32 SR R
6 0 6 1 32 L SR
6 1 7 1 98 LSR R
6 1 5 1 8 LS SR
6 1 6 2 62 L L
6 1 6 0 72 L R
6 2 7 2 74 S SR
6 2 5 2 14 L L
6 2 6 3 34 LS SR
6 2 6 1 22 L LR
6 3 7 3 56 L LS
6 3 5 3 50 S SR
6 3 6 4 32 L LSR
6 3 6 2 2 R R
6 4 7 4 64 L LR
6 4 5 4 96 L L
6 4 6 5 26 LSR R
6 4 6 3 70 LSR R
6 5 7 5 72 S S
6 5 5 5 46 L R
6 5 6 6 70 LS SR
6 5 6 4 66 L LS
6 6 7 6 90 S S
6 6 5 6 38 S R
6 6 6 7 28 SR R
6 6 6 5 86 L SR
6 7 7 7 16 L L
6 7 5 7 46 LSR R
6 7 6 8 22 LSR R
6 7 6 6 88 LSR R
6 8 7 8 66 LS SR
6 8 5 8 74 L R
6 8 6 9 82 L LSR
6 8 6 7 50 L SR
6 9 7 9 68 LS R
6 9 5 9 98 LS SR
6 9 6 10 78 S SR
6 9 6 8 98 LS R
6 10 7 10 88 SR R
6 10 5 10 56 S SR
6 10 6 11 66 LR R
6 10 6 9 86 L R
6 11 7 11 52 R R
6 11 5 11 86 L R
6 11 6 12 30 S S
6 11 6 10 50 S SR
6 12 7 12 70 L R
6 12 5 12 28 SR R
6 12 6 13 80 L LR
6 12 6 11 68 LR R
6 13 7 13 80 LS R
6 13 5 13 34 LR R
6 13 6 14 74 L R
6 13 6 12 58 L R
6 14 7 14 64 S S
6 14 5 14 42 LS S
6 14 6 13 36 L S
7 0 8 0 42 LS S
7 0 6 0 8 SR R
7 0 7 1 10 SR R
7 1 8 1 60 LS S
7 1 6 1 92 L L
7 1 7 2 4 L S
7 1 7 0 24 L LR
7 2 8 2 66 R R
7 2 6 2 84 S S
7 2 7 3 92 SR R
7 2 7 1 38 LS R
7 3 8 3 40 LS SR
7 3 6 3 24 L LR
7 3 7 4 50 S R
7 3 7 2 98 S R
7 4 8 4 92 SR R
7 4 6 4 18 L R
7 4 7 5 50 L R
7 4 7 3 46 L S
7 5 8 5 76 S R
7 5 6 5 22 L L
7 5 7 6 66 L R
7 5 7 4 32 L L
7 6 8 6 62 L S
7 6 6 6 66 L SR
7 6 7 7 98 L LS
7 6 7 5 58 S R
7 7 8 7 58 LS SR
7 7 6 7 12 L LSR
7 7 7 8 26 SR R
7 7 7 6 88 LS SR
7 8 8 8 66 L SR
7 8 6 8 88 R R
7 8 7 9 84 LR R
7 8 7 7 16 LS R
7 9 8 9 86 LS SR
7 9 6 9 22 S R
7 9 7 10 64 L LS
7 9 7 8 44 L L
7 10 8 10 78 LS R
7 10 6 10 50 SR R
7 10 7 11 16 LSR R
7 10 7 9 26 S S
7 11 8 11 74 L LR
7 11 6 11 60 LS S
7 11 7 12 28 S R
7 11 7 10 64 L SR
7 12 8 12 42 LS SR
7 12 6 12 34 L L
7 12 7 13 98 L S
7 12 7 11 90 LS R
7 13 8 13 74 L SR
7 13 6 13 66 R R
7 13 7 14 96 L L
7 13 7 12 88 SR R
7 14 8 14 90 S R
7 14 6 14 74 L S
7 14 7 13 18 L LSR
8 0 9 0 64 LS S
8 0 7 0 22 S SR
8 0 8 1 10 L LR
8 1 9 1 78 L LS
8 1 7 1 90 L LS
8 1 8 2 30 LS SR
8 1 8 0 86 R R
8 2 9 2 94 LS SR
8 2 7 2 10 SR R
8 2 8 3 90 LR R
8 2 8 1 32 LS SR
8 3 9 3 14 L R
8 3 7 3 48 L SR
8 3 8 4 78 L LR
8 3 8 2 82 L LR
8 4 9 4 6 LS R
8 4 7 4 58 L LS
8 4 8 5 94 R R
8 4 8 3 80 LS S
8 5 9 5 80 LR R
8 5 7 5 12 LR R
8 5 8 6 38 LS SR
8 5 8 4 74 S R
8 6 9 6 76 LR R
8 6 7 6 14 LSR R
8 6 8 7 28 S R
8 6 8 5 14 L L
8 7 9 7 76 LR R
8 7 7 7 12 LS R
8 7 8 8 22 LR R
8 7 8 6 18 L LR
8 8 9 8 14 S SR
8 8 7 8 52 LSR R
8 8 8 9 50 L LR
8 8 8 7 62 L LR
8 9 9 9 54 LSR R
8 9 7 9 34 LS SR
8 9 8 10 66 L LSR
8 9 8 8 42 LSR R
8 10 9 10 58 LS S
8 10 7 10 62 L SR
8 10 8 11 10 L SR
8 10 8 9 42 LR R
8 11 9 11 34 LS SR
8 11 7 11 94 LR R
8 11 8 12 72 L LSR
8 11 8 10 20 L R
8 12 9 12 86 L LR
8 12 7 12 12 LR R
8 12 8 13 30 SR R
8 12 8 11 40 LS SR
8 13 9 13 22 LR R
8 13 7 13 56 LS SR
8 13 8 14 96 L L
8 13 8 12 12 S SR
8 14 9 14 38 S SR
8 14 7 14 14 LS S
8 14 8 13 96 LS R
9 0 10 0 98 S S
9 0 8 0 38 SR R
9 0 9 1 58 L S
9 1 10 1 48 L R
9 1 8 1 70 L R
9 1 9 2 30 L S
9 1 9 0 48 L LR
9 2 10 2 88 L R
9 2 8 2 44 LS SR
9 2 9 3 56 LS SR
9 2 9 1 36 L L
9 3 10 3 6 L LSR
9 3 8 3 4 S S
9 3 9 4 34 SR R
9 3 9 2 52 LR R
9 4 10 4 44 L LR
9 4 8 4 82 L L
9 4 9 5 62 L R
9 4 9 3 2 L LSR
9 5 10 5 10 R R
9 5 8 5 8 L L
9 5 9 6 14 LSR R
9 5 9 4 14 LSR R
9 6 10 6 44 S S
9 6 8 6 56 L LSR
9 6 9 7 58 L S
9 6 9 5 22 LS SR
9 7 10 7 90 L LR
9 7 8 7 94 LR R
9 7 9 8 14 L LS
9 7 9 6 54 L LR
9 8 10 8 34 SR R
9 8 8 8 98 LS SR
9 8 9 9 10 L L
9 8 9 7 64 SR R
9 9 10 9 74 S SR
9 9 8 9 30 L L
9 9 9 10 28 L L
9 9 9 8 4 S S
9 10 10 10 32 L L
9 10 8 10 60 L L
9 10 9 11 90 L LR
9 10 9 9 70 LSR R
9 11 10 11 36 SR R
9 11 8 11 56 LS S
9 11 9 12 92 L SR
9 11 9 10 28 L L
9 12 10 12 94 L R
9 12 8 12 96 L LS
9 12 9 13 40 S SR
9 12 9 11 92 L LSR
9 13 10 13 52 LS S
9 13 8 13 32 LR R
9 13 9 14 92 LR R
9 13 9 12 92 LS S
9 14 10 14 20 R R
9 14 8 14 40 L L
9 14 9 13 44 S R
10 0 11 0 34 L L
10 0 9 0 58 S R
10 0 10 1 24 LSR R
10 1 11 1 70 L SR
10 1 9 1 4 LSR R
10 1 10 2 56 S S
10 1 10 0 46 R R
10 2 11 2 72 L LR
10 2 9 2 40 LR R
10 2 10 3 24 LS S
10 2 10 1 34 L LS
10 3 11 3 68 S R
10 3 9 3 52 LS SR
10 3 10 4 70 L LR
10 3 10 2 8 S R
10 4 11 4 54 L LR
10 4 9 4 80 L LSR
10 4 10 5 18 L LR
10 4 10 3 92 LS SR
10 5 11 5 26 SR R
10 5 9 5 10 L R
10 5 10 6 30 L SR
10 5 10 4 46 L LS
10 6 11 6 6 SR R
10 6 9 6 60 SR R
10 6 10 7 100 S SR
10 6 10 5 46 S R
10 7 11 7 6 S SR
10 7 9 7 28 S S
10 7 10 8 10 L L
10 7 10 6 60 S SR
10 8 11 8 56 L LSR
10 8 9 8 50 S SR
10 8 10 9 24 LS S
10 8 10 7 22 LS SR
10 9 11 9 84 L R
10 9 9 9 8 R R
10 9 10 10 84 R R
10 9 10 8 84 R R
10 10 11 10 8 R R
10 10 9 10 48 LS SR
10 10 10 11 94 L LS
10 10 10 9 2 L R
10 11 11 11 82 L L
10 11 9 11 80 L LR
10 11 10 12 96 LS SR
10 11 10 10 96 S R
10 12 11 12 36 LS S
10 12 9 12 54 L R
10 12 10 13 58 L SR
10 12 10 11 56 SR R
10 13 11 13 92 S S
10 13 9 13 46 L S
10 13 10 14 98 L LR
10 13 10 12 12 L SR
10 14 11 14 52 S S
10 14 9 14 60 LS S
10 14 10 13 48 S SR
11 0 12 0 36 L L
11 0 10 0 74 SR R
11 0 11 1 60 S S
11 1 12 1 92 LS R
11 1 10 1 14 L LSR
11 1 11 2 4 S R
11 1 11 0 72 L LR
11 2 12 2 90 LSR R
11 2 10 2 34 L R
11 2 11 3 58 LS SR
11 2 11 1 72 L LR
11 3 12 3 66 LR R
11 3 10 3 2 LR R
11 3 11 4 64 LSR R
11 3 11 2 94 L S
11 4 12 4 60 L LS
11 4 10 4 12 LS SR
11 4 11 5 88 LR R
11 4 11 3 98 L S
11 5 12 5 46 SR R
11 5 10 5 70 L S
11 5 11 6 78 LS SR
11 5 11 4 28 S R
11 6 12 6 86 L LSR
11 6 10 6 18 L LS
11 6 11 7 48 S S
11 6 11 5 62 R R
11 7 12 7 92 S SR
11 7 10 7 36 L R
11 7 11 8 34 S R
11 7 11 6 68 LSR R
11 8 12 8 98 S R
11 8 10 8 64 L SR
11 8 11 9 6 L R
11 8 11 7 46 LS S
11 9 12 9 32 LS S
11 9 10 9 74 LSR R
11 9 11 10 76 S SR
11 9 11 8 2 S SR
11 10 12 10 64 SR R
11 10 10 10 96 LR R
11 10 11 11 20 LS S
11 10 11 9 92 LSR R
11 11 12 11 8 LS S
11 11 10 11 30 L S
11 11 11 12 4 S R
11 11 11 10 54 L S
11 12 12 12 62 LSR R
11 12 10 12 54 LR R
11 12 11 13 70 L LSR
11 12 11 11 60 LSR R
11 13 12 13 42 LS SR
11 13 10 13 48 L L
11 13 11 14 96 L LR
11 13 11 12 18 L LR
11 14 12 14 16 S R
11 14 10 14 66 LS S
11 14 11 13 44 L L
12 0 13 0 92 LS S
12 0 11 0 30 R R
12 0 12 1 78 L LSR
12 1 13 1 10 SR R
12 1 11 1 48 L LSR
12 1 12 2 76 LSR R
12 1 12 0 96 L L
12 2 13 2 4 S S
12 2 11 2 14 L LR
12 2 12 3 36 SR R
12 2 12 1 74 LS R
12 3 13 3 86 LS SR
12 3 11 3 4 L S
12 3 12 4 72 L LR
12 3 12 2 78 S SR
12 4 13 4 8 L LS
12 4 11 4 62 LS SR
12 4 12 5 18 LS R
12 4 12 3 42 L SR
12 5 13 5 52 SR R
12 5 11 5 60 S S
12 5 12 6 66 L SR
12 5 12 4 84 S S
12 6 13 6 94 SR R
12 6 11 6 92 L R
12 6 12 7 92 LS S
12 6 12 5 94 S R
12 7 13 7 68 L L
12 7 11 7 12 LSR R
12 7 12 8 62 S SR
12 7 12 6 64 LR R
12 8 13 8 100 LS SR
12 8 11 8 12 S S
12 8 12 9 62 LS SR
12 8 12 7 88 L LS
12 9 13 9 20 LS R
12 9 11 9 82 S R
12 9 12 10 76 L L
12 9 12 8 86 L R
12 10 13 10 24 L SR
12 10 11 10 18 LSR R
12 10 12 11 32 L LR
12 10 12 9 70 LS R
12 11 13 11 50 L LSR
12 11 11 11 22 L R
12 11 12 12 2 L S
12 11 12 10 32 L SR
12 12 13 12 94 LSR R
12 12 11 12 78 L LSR
12 12 12 13 66 LS S
12 12 12 11 86 SR R
12 13 13 13 64 L LSR
12 13 11 13 8 LR R
12 13 12 14 58 L LR
12 13 12 12 80 S R
12 14 13 14 90 S R
12 14 11 14 90 L S
12 14 12 13 90 L SR
13 0 14 0 48 L L
13 0 12 0 70 SR R
13 0 13 1 24 S R
13 1 14 1 52 L L
13 1 12 1 56 L L
13 1 13 2 88 LS SR
13 1 13 0 24 L R
13 2 14 2 58 LR R
13 2 12 2 78 LS R
13 2 13 3 42 S SR
13 2 13 1 16 LS S
13 3 14 3 28 R R
13 3 12 3 14 L LR
13 3 13 4 30 LS SR
13 3 13 2 44 L LSR
13 4 14 4 76 R R
13 4 12 4 56 LSR R
13 4 13 5 64 L LSR
13 4 13 3 52 L L
13 5 14 5 16 L LR
13 5 12 5 58 L LS
13 5 13 6 100 S S
13 5 13 4 98 S SR
13 6 14 6 68 R R
13 6 12 6 68 L LSR
13 6 13 7 60 L R
13 6 13 5 96 L LSR
13 7 14 7 78 LR R
13 7 12 7 26 LS R
13 7 13 8 20 S R
13 7 13 6 12 L SR
13 8 14 8 66 L L
13 8 12 8 96 S SR
13 8 13 9 32 S SR
13 8 13 7 2 L S
13 9 14 9 86 L R
13 9 12 9 36 L L
13 9 13 10 70 S R
13 9 13 8 8 LR R
13 10 14 10 46 R R
13 10 12 10 32 S R
13 10 13 11 56 LS SR
13 10 13 9 84 S SR
13 11 14 11 90 R R
13 11 12 11 86 SR R
13 11 13 12 20 L LR
13 11 13 10 46 LS SR
13 12 14 12 84 R R
13 12 12 12 50 L LR
13 12 13 13 54 L S
13 12 13 11 84 L R
13 13 14 13 98 L R
13 13 12 13 42 L R
13 13 13 14 66 L L
13 13 13 12 94 LS R
13 14 14 14 90 R R
13 14 12 14 4 S S
13 14 13 13 56 L LR
14 0 13 0 56 S SR
14 0 14 1 8 L S
14 1 13 1 38 L SR
14 1 14 2 46 S S
14 1 14 0 62 R R
14 2 13 2 82 LR R
14 2 14 3 22 S S
14 2 14 1 58 S SR
14 3 13 3 20 LS SR
14 3 14 4 80 LS S
14 3 14 2 70 SR R
14 4 13 4 84 LS SR
14 4 14 5 24 S S
14 4 14 3 20 SR R
14 5 13 5 50 L R
14 5 14 6 28 L S
14 5 14 4 32 S S
14 6 13 6 50 L LS
14 6 14 7 58 L L
14 6 14 5 68 S S
14 7 13 7 94 L L
14 7 14 8 48 LS S
14 7 14 6 46 S R
14 8 13 8 66 S S
14 8 14 9 94 S S
14 8 14 7 2 S SR
14 9 13 9 16 S SR
14 9 14 10 6 L L
14 9 14 8 42 S SR
14 10 13 10 82 L LSR
14 10 14 11 38 L LS
14 10 14 9 46 S R
14 11 13 11 24 S S
14 11 14 12 44 L LS
14 11 14 10 24 SR R
14 12 13 12 92 LS R
14 12 14 13 32 L LS
14 12 14 11 50 S R
14 13 13 13 80 L LS
14 13 14 14 2 L L
14 13 14 12 32 S S
14 14 13 14 18 L L
14 14 14 13 32 R R
50
14 7 13 7 12 4 12 5 0 4
10 0 9 0 6 5 7 5 4 1
9 4 10 4 11 12 10 12 3 1
3 1 4 1 6 12 7 12 3 4
1 13 1 14 14 10 14 9 1 0
3 8 2 8 4 7 3 7 0 2
5 2 4 2 10 11 10 10 3 3
4 1 4 0 14 6 14 5 0 0
8 2 8 3 0 4 0 3 4 2
9 13 9 14 9 12 10 12 0 3
0 11 0 12 7 14 6 14 4 1
9 0 8 0 2 4 3 4 3 3
12 9 12 8 1 4 2 4 4 3
2 4 2 5 9 1 9 2 0 1
12 11 12 10 12 7 13 7 2 4
4 6 5 6 4 13 4 12 2 1
3 5 2 5 10 14 9 14 2 0
4 2 4 3 4 10 5 10 2 1
6 4 5 4 12 3 12 2 0 2
13 10 12 10 8 3 8 4 1 0
11 3 10 3 8 14 9 14 0 4
4 7 3 7 5 13 6 13 2 4
12 8 11 8 4 0 5 0 0 1
0 6 0 5 6 2 6 3 3 3
5 9 5 8 0 0 1 0 4 3
3 14 3 13 3 3 3 4 1 1
14 12 14 11 11 3 10 3 0 4
12 7 12 8 6 13 7 13 4 2
6 14 6 13 14 9 14 10 1 2
10 1 11 1 4 7 3 7 2 2
10 11 9 11 2 8 1 8 0 4
0 3 0 2 10 4 10 5 0 2
8 6 9 6 6 4 6 5 1 2
4 10 4 11 11 1 10 1 4 1
1 10 0 10 3 14 3 13 1 2
14 8 14 7 12 2 11 2 2 1
13 4 12 4 10 7 9 7 0 2
0 3 1 3 6 7 6 6 3 2
14 5 13 5 5 6 6 6 0 2
0 11 1 11 6 3 7 3 1 4
4 13 5 13 9 6 9 5 1 4
12 4 11 4 2 5 1 5 0 1
1 3 2 3 5 12 5 11 3 2
9 1 8 1 2 14 1 14 0 3
2 1 1 1 3 11 2 11 0 3
11 4 12 4 2 9 2 10 4 2
12 7 13 7 8 6 7 6 2 2
12 12 11 12 0 5 0 6 0 2
10 11 10 10 11 11 12 11 3 4
12 3 13 3 12 11 11 11 1 2
