15 15 1
840
0 0 1 0 18 S
0 0 0 1 24 S
0 1 1 1 70 LSR
0 1 0 2 58 R
0 1 0 0 70 L
0 2 1 2 12 S
0 2 0 3 68 SR
0 2 0 1 48 LS
0 3 1 3 90 LSR
0 3 0 4 60 S
0 3 0 2 54 L
0 4 1 4 20 S
0 4 0 5 82 R
0 4 0 3 20 LS
0 5 1 5 24 R
0 5 0 6 16 R
0 5 0 4 40 S
0 6 1 6 34 LS
0 6 0 7 94 S
0 6 0 5 26 LS
0 7 1 7 32 LR
0 7 0 8 92 S
0 7 0 6 24 L
0 8 1 8 50 SR
0 8 0 9 74 R
0 8 0 7 18 S
0 9 1 9 8 LR
0 9 0 10 82 SR
0 9 0 8 46 LS
0 10 1 10 62 LS
0 10 0 11 42 R
0 10 0 9 62 LS
0 11 1 11 74 R
0 11 0 12 50 SR
0 11 0 10 48 L
0 12 1 12 58 R
0 12 0 13 48 S
0 12 0 11 96 LS
0 13 1 13 78 L
0 13 0 14 18 R
0 13 0 12 40 S
0 14 1 14 54 R
0 14 0 13 44 LS
1 0 2 0 42 LS
1 0 0 0 78 R
1 0 1 1 2 LS
1 1 2 1 80 R
1 1 0 1 56 R
1 1 1 2 42 SR
1 1 1 0 16 L
1 2 2 2 14 S
1 2 0 2 4 L
1 2 1 3 52 R
1 2 1 1 100 LS
1 3 2 3 36 R
1 3 0 3 20 R
1 3 1 4 60 S
1 3 1 2 4 LSR
1 4 2 4 10 S
1 4 0 4 34 R
1 4 1 5 8 R
1 4 1 3 68 R
1 5 2 5 96 SR
1 5 0 5 16 L
1 5 1 6 36 LSR
1 5 1 4 6 SR
1 6 2 6 52 R
1 6 0 6 14 LR
1 6 1 7 68 R
1 6 1 5 54 SR
1 7 2 7 60 LS
1 7 0 7 62 R
1 7 1 8 48 L
1 7 1 6 94 R
1 8 2 8 2 LS
1 8 0 8 14 L
1 8 1 9 28 LR
1 8 1 7 26 LSR
1 9 2 9 74 R
1 9 0 9 62 R
1 9 1 10 48 R
1 9 1 8 14 LS
1 10 2 10 76 L
1 10 0 10 84 R
1 10 1 11 38 S
1 10 1 9 12 LSR
1 11 2 11 2 S
1 11 0 11 10 R
1 11 1 12 52 LS
1 11 1 10 70 LR
1 12 2 12 74 S
1 12 0 12 62 LR
1 12 1 13 58 LSR
1 12 1 11 72 LR
1 13 2 13 52 SR
1 13 0 13 12 L
1 13 1 14 50 L
1 13 1 12 30 LSR
1 14 2 14 70 SR
1 14 0 14 24 L
1 14 1 13 96 LS
2 0 3 0 92 S
2 0 1 0 68 R
2 0 2 1 26 LR
2 1 3 1 6 R
2 1 1 1 18 R
2 1 2 2 92 LS
2 1 2 0 66 R
2 2 3 2 26 R
2 2 1 2 66 L
2 2 2 3 72 LS
2 2 2 1 90 L
2 3 3 3 54 L
2 3 1 3 56 LSR
2 3 2 4 94 LS
2 3 2 2 16 SR
2 4 3 4 90 LR
2 4 1 4 68 LSR
2 4 2 5 4 SR
2 4 2 3 12 LSR
2 5 3 5 52 LSR
2 5 1 5 78 LSR
2 5 2 6 4 R
2 5 2 4 46 L
2 6 3 6 46 SR
2 6 1 6 76 R
2 6 2 7 2 LS
2 6 2 5 90 S
2 7 3 7 34 SR
2 7 1 7 78 LS
2 7 2 8 32 LR
2 7 2 6 90 R
2 8 3 8 22 L
2 8 1 8 82 LSR
2 8 2 9 38 SR
2 8 2 7 100 LR
2 9 3 9 58 R
2 9 1 9 72 L
2 9 2 10 74 R
2 9 2 8 70 SR
2 10 3 10 92 LS
2 10 1 10 78 L
2 10 2 11 88 LR
2 10 2 9 86 L
2 11 3 11 84 LR
2 11 1 11 86 LR
2 11 2 12 86 R
2 11 2 10 46 R
2 12 3 12 14 SR
2 12 1 12 100 L
2 12 2 13 30 LR
2 12 2 11 42 L
2 13 3 13 98 SR
2 13 1 13 8 LSR
2 13 2 14 94 L
2 13 2 12 62 L
2 14 3 14 50 S
2 14 1 14 80 LS
2 14 2 13 56 L
3 0 4 0 36 LS
3 0 2 0 66 SR
3 0 3 1 70 SR
3 1 4 1 46 LSR
3 1 2 1 64 L
3 1 3 2 82 LR
3 1 3 0 82 LR
3 2 4 2 12 LSR
3 2 2 2 86 R
3 2 3 3 26 LSR
3 2 3 1 96 R
3 3 4 3 34 R
3 3 2 3 8 L
3 3 3 4 30 SR
3 3 3 2 12 SR
3 4 4 4 58 R
3 4 2 4 6 LS
3 4 3 5 96 LR
3 4 3 3 60 L
3 5 4 5 66 SR
3 5 2 5 90 L
3 5 3 6 4 L
3 5 3 4 8 S
3 6 4 6 20 L
3 6 2 6 76 LSR
3 6 3 7 52 S
3 6 3 5 70 SR
3 7 4 7 86 S
3 7 2 7 66 LR
3 7 3 8 72 L
3 7 3 6 2 LS
3 8 4 8 90 SR
3 8 2 8 18 S
3 8 3 9 70 LR
3 8 3 7 12 SR
3 9 4 9 4 L
3 9 2 9 46 SR
3 9 3 10 24 S
3 9 3 8 88 L
3 10 4 10 16 LSR
3 10 2 10 96 SR
3 10 3 11 16 S
3 10 3 9 30 L
3 11 4 11 94 LS
3 11 2 11 26 LS
3 11 3 12 74 L
3 11 3 10 46 LR
3 12 4 12 2 L
3 12 2 12 18 LSR
3 12 3 13 96 R
3 12 3 11 52 LR
3 13 4 13 86 SR
3 13 2 13 46 L
3 13 3 14 12 L
3 13 3 12 6 R
3 14 4 14 60 S
3 14 2 14 14 L
3 14 3 13 8 LS
4 0 5 0 88 LS
4 0 3 0 42 SR
4 0 4 1 30 S
4 1 5 1 88 S
4 1 3 1 18 SR
4 1 4 2 64 L
4 1 4 0 66 LR
4 2 5 2 78 LSR
4 2 3 2 56 S
4 2 4 3 88 LSR
4 2 4 1 40 S
4 3 5 3 82 L
4 3 3 3 56 LR
4 3 4 4 74 LSR
4 3 4 2 18 S
4 4 5 4 98 S
4 4 3 4 98 LR
4 4 4 5 40 LS
4 4 4 3 22 SR
4 5 5 5 38 L
4 5 3 5 38 S
4 5 4 6 6 LR
4 5 4 4 20 LS
4 6 5 6 94 LSR
4 6 3 6 10 LSR
4 6 4 7 88 L
4 6 4 5 22 S
4 7 5 7 78 SR
4 7 3 7 64 LR
4 7 4 8 48 LSR
4 7 4 6 52 LSR
4 8 5 8 14 L
4 8 3 8 12 LS
4 8 4 9 90 LSR
4 8 4 7 54 SR
4 9 5 9 32 LSR
4 9 3 9 70 LR
4 9 4 10 6 SR
4 9 4 8 52 LSR
4 10 5 10 38 S
4 10 3 10 78 LS
4 10 4 11 86 LSR
4 10 4 9 88 S
4 11 5 11 44 LR
4 11 3 11 100 LR
4 11 4 12 16 LR
4 11 4 10 72 S
4 12 5 12 74 LR
4 12 3 12 88 SR
4 12 4 13 56 L
4 12 4 11 64 LR
4 13 5 13 68 R
4 13 3 13 36 SR
4 13 4 14 12 R
4 13 4 12 80 LSR
4 14 5 14 48 R
4 14 3 14 10 S
4 14 4 13 88 LSR
5 0 6 0 2 L
5 0 4 0 48 SR
5 0 5 1 36 LR
5 1 6 1 2 LSR
5 1 4 1 40 L
5 1 5 2 64 L
5 1 5 0 66 LR
5 2 6 2 66 SR
5 2 4 2 12 L
5 2 5 3 92 LR
5 2 5 1 96 S
5 3 6 3 2 LS
5 3 4 3 80 LR
5 3 5 4 34 L
5 3 5 2 64 LR
5 4 6 4 54 L
5 4 4 4 54 LSR
5 4 5 5 36 LR
5 4 5 3 36 S
5 5 6 5 18 R
5 5 4 5 50 LR
5 5 5 6 74 L
5 5 5 4 42 L
5 6 6 6 2 SR
5 6 4 6 70 LS
5 6 5 7 80 SR
5 6 5 5 12 S
5 7 6 7 54 S
5 7 4 7 44 L
5 7 5 8 12 LR
5 7 5 6 54 L
5 8 6 8 64 L
5 8 4 8 8 LS
5 8 5 9 84 LSR
5 8 5 7 10 L
5 9 6 9 48 SR
5 9 4 9 32 L
5 9 5 10 26 S
5 9 5 8 18 SR
5 10 6 10 62 LR
5 10 4 10 52 R
5 10 5 11 28 L
5 10 5 9 40 LSR
5 11 6 11 36 S
5 11 4 11 40 S
5 11 5 12 26 L
5 11 5 10 84 S
5 12 6 12 44 LR
5 12 4 12 4 R
5 12 5 13 4 S
5 12 5 11 22 SR
5 13 6 13 52 SR
5 13 4 13 56 S
5 13 5 14 12 L
5 13 5 12 42 S
5 14 6 14 6 SR
5 14 4 14 32 LS
5 14 5 13 30 R
6 0 7 0 64 S
6 0 5 0 24 R
6 0 6 1 22 L
6 1 7 1 84 S
6 1 5 1 20 S
6 1 6 2 34 L
6 1 6 0 12 LR
6 2 7 2 48 LS
6 2 5 2 38 LS
6 2 6 3 22 LS
6 2 6 1 74 R
6 3 7 3 40 R
6 3 5 3 52 SR
6 3 6 4 6 R
6 3 6 2 4 S
6 4 7 4 2 S
6 4 5 4 32 LSR
6 4 6 5 90 L
6 4 6 3 94 SR
6 5 7 5 58 LSR
6 5 5 5 46 LSR
6 5 6 6 54 S
6 5 6 4 94 S
6 6 7 6 44 S
6 6 5 6 90 LSR
6 6 6 7 90 R
6 6 6 5 42 SR
6 7 7 7 40 R
6 7 5 7 10 SR
6 7 6 8 82 SR
6 7 6 6 84 R
6 8 7 8 78 R
6 8 5 8 72 R
6 8 6 9 18 R
6 8 6 7 68 LS
6 9 7 9 42 S
6 9 5 9 64 LS
6 9 6 10 98 R
6 9 6 8 18 LS
6 10 7 10 58 R
6 10 5 10 24 S
6 10 6 11 70 R
6 10 6 9 50 L
6 11 7 11 2 SR
6 11 5 11 28 LR
6 11 6 12 62 LSR
6 11 6 10 60 SR
6 12 7 12 44 L
6 12 5 12 18 S
6 12 6 13 80 LSR
6 12 6 11 40 S
6 13 7 13 18 S
6 13 5 13 8 LSR
6 13 6 14 16 LR
6 13 6 12 80 S
6 14 7 14 84 S
6 14 5 14 90 L
6 14 6 13 30 LR
7 0 8 0 98 S
7 0 6 0 30 S
7 0 7 1 64 LR
7 1 8 1 26 SR
7 1 6 1 98 LSR
7 1 7 2 20 R
7 1 7 0 34 LR
7 2 8 2 30 LS
7 2 6 2 80 LSR
7 2 7 3 78 R
7 2 7 1 44 LSR
7 3 8 3 36 LS
7 3 6 3 36 LSR
7 3 7 4 48 R
7 3 7 2 70 LSR
7 4 8 4 16 LS
7 4 6 4 52 L
7 4 7 5 98 LSR
7 4 7 3 74 S
7 5 8 5 76 R
7 5 6 5 14 R
7 5 7 6 48 LSR
7 5 7 4 48 S
7 6 8 6 44 S
7 6 6 6 16 S
7 6 7 7 4 SR
7 6 7 5 84 S
7 7 8 7 46 LR
7 7 6 7 36 SR
7 7 7 8 62 S
7 7 7 6 62 LS
7 8 8 8 36 L
7 8 6 8 64 L
7 8 7 9 18 R
7 8 7 7 68 S
7 9 8 9 78 S
7 9 6 9 40 SR
7 9 7 10 38 S
7 9 7 8 36 S
7 10 8 10 88 SR
7 10 6 10 96 LS
7 10 7 11 18 LS
7 10 7 9 20 LSR
7 11 8 11 86 SR
7 11 6 11 60 R
7 11 7 12 38 LSR
7 11 7 10 40 R
7 12 8 12 52 R
7 12 6 12 98 LS
7 12 7 13 86 L
7 12 7 11 28 LR
7 13 8 13 66 LS
7 13 6 13 76 L
7 13 7 14 18 L
7 13 7 12 26 SR
7 14 8 14 52 R
7 14 6 14 16 LS
7 14 7 13 10 LS
8 0 9 0 62 L
8 0 7 0 18 R
8 0 8 1 62 LS
8 1 9 1 38 LSR
8 1 7 1 16 S
8 1 8 2 40 S
8 1 8 0 16 LR
8 2 9 2 34 L
8 2 7 2 14 S
8 2 8 3 70 LR
8 2 8 1 4 R
8 3 9 3 68 S
8 3 7 3 12 S
8 3 8 4 20 R
8 3 8 2 86 L
8 4 9 4 66 L
8 4 7 4 46 LSR
8 4 8 5 20 L
8 4 8 3 22 L
8 5 9 5 82 L
8 5 7 5 64 LR
8 5 8 6 38 LR
8 5 8 4 16 LS
8 6 9 6 30 L
8 6 7 6 92 LR
8 6 8 7 12 LR
8 6 8 5 72 L
8 7 9 7 46 LSR
8 7 7 7 94 L
8 7 8 8 52 LS
8 7 8 6 4 LSR
8 8 9 8 92 L
8 8 7 8 78 LS
8 8 8 9 50 LR
8 8 8 7 26 LSR
8 9 9 9 44 L
8 9 7 9 40 R
8 9 8 10 38 LR
8 9 8 8 14 LSR
8 10 9 10 90 L
8 10 7 10 92 LR
8 10 8 11 44 L
8 10 8 9 28 LS
8 11 9 11 30 LSR
8 11 7 11 80 SR
8 11 8 12 58 LS
8 11 8 10 30 LSR
8 12 9 12 70 SR
8 12 7 12 70 R
8 12 8 13 92 LS
8 12 8 11 84 LS
8 13 9 13 6 LSR
8 13 7 13 28 SR
8 13 8 14 48 R
8 13 8 12 86 LSR
8 14 9 14 96 SR
8 14 7 14 40 S
8 14 8 13 20 LR
9 0 10 0 12 L
9 0 8 0 96 SR
9 0 9 1 14 L
9 1 10 1 92 LR
9 1 8 1 28 LR
9 1 9 2 4 LSR
9 1 9 0 58 LR
9 2 10 2 74 LSR
9 2 8 2 6 LSR
9 2 9 3 54 S
9 2 9 1 88 LSR
9 3 10 3 34 LSR
9 3 8 3 42 LSR
9 3 9 4 20 R
9 3 9 2 76 S
9 4 10 4 70 LR
9 4 8 4 96 S
9 4 9 5 24 L
9 4 9 3 64 SR
9 5 10 5 14 LSR
9 5 8 5 28 L
9 5 9 6 82 LSR
9 5 9 4 84 LS
9 6 10 6 12 LR
9 6 8 6 60 L
9 6 9 7 68 S
9 6 9 5 16 LR
9 7 10 7 80 S
9 7 8 7 8 L
9 7 9 8 76 L
9 7 9 6 92 L
9 8 10 8 90 L
9 8 8 8 92 R
9 8 9 9 34 LR
9 8 9 7 48 L
9 9 10 9 100 LR
9 9 8 9 72 LS
9 9 9 10 6 LR
9 9 9 8 92 S
9 10 10 10 76 LSR
9 10 8 10 56 SR
9 10 9 11 96 LSR
9 10 9 9 22 SR
9 11 10 11 32 S
9 11 8 11 48 L
9 11 9 12 62 L
9 11 9 10 12 L
9 12 10 12 96 LSR
9 12 8 12 12 LSR
9 12 9 13 14 SR
9 12 9 11 94 LSR
9 13 10 13 78 LR
9 13 8 13 2 L
9 13 9 14 26 R
9 13 9 12 22 LR
9 14 10 14 16 S
9 14 8 14 34 LS
9 14 9 13 28 R
10 0 11 0 58 S
10 0 9 0 80 R
10 0 10 1 28 SR
10 1 11 1 36 L
10 1 9 1 2 R
10 1 10 2 10 S
10 1 10 0 34 R
10 2 11 2 14 SR
10 2 9 2 32 SR
10 2 10 3 78 LSR
10 2 10 1 26 S
10 3 11 3 14 LSR
10 3 9 3 60 R
10 3 10 4 84 L
10 3 10 2 82 L
10 4 11 4 96 LR
10 4 9 4 78 R
10 4 10 5 90 LS
10 4 10 3 32 LSR
10 5 11 5 14 S
10 5 9 5 42 SR
10 5 10 6 84 R
10 5 10 4 62 L
10 6 11 6 80 LS
10 6 9 6 56 R
10 6 10 7 36 L
10 6 10 5 2 LR
10 7 11 7 70 LS
10 7 9 7 56 LSR
10 7 10 8 58 LS
10 7 10 6 88 R
10 8 11 8 12 R
10 8 9 8 62 LR
10 8 10 9 46 LSR
10 8 10 7 80 R
10 9 11 9 4 S
10 9 9 9 94 R
10 9 10 10 78 LS
10 9 10 8 18 LR
10 10 11 10 60 S
10 10 9 10 90 SR
10 10 10 11 46 S
10 10 10 9 58 LR
10 11 11 11 22 LS
10 11 9 11 26 S
10 11 10 12 80 LR
10 11 10 10 62 L
10 12 11 12 72 LS
10 12 9 12 64 LR
10 12 10 13 38 S
10 12 10 11 88 LSR
10 13 11 13 42 LR
10 13 9 13 94 S
10 13 10 14 52 L
10 13 10 12 86 SR
10 14 11 14 86 R
10 14 9 14 68 LS
10 14 10 13 18 S
11 0 12 0 70 LS
11 0 10 0 22 S
11 0 11 1 50 LSR
11 1 12 1 6 S
11 1 10 1 44 R
11 1 11 2 10 LR
11 1 11 0 10 LR
11 2 12 2 18 LSR
11 2 10 2 44 L
11 2 11 3 76 LR
11 2 11 1 60 SR
11 3 12 3 76 R
11 3 10 3 92 L
11 3 11 4 76 LS
11 3 11 2 6 S
11 4 12 4 84 SR
11 4 10 4 94 R
11 4 11 5 58 LS
11 4 11 3 96 LSR
11 5 12 5 38 SR
11 5 10 5 26 LSR
11 5 11 6 2 LR
11 5 11 4 62 S
11 6 12 6 28 L
11 6 10 6 46 SR
11 6 11 7 84 L
11 6 11 5 24 LS
11 7 12 7 4 LS
11 7 10 7 62 LS
11 7 11 8 64 R
11 7 11 6 12 LS
11 8 12 8 82 LR
11 8 10 8 14 S
11 8 11 9 56 SR
11 8 11 7 20 LS
11 9 12 9 34 R
11 9 10 9 98 SR
11 9 11 10 66 S
11 9 11 8 94 LS
11 10 12 10 56 LSR
11 10 10 10 30 LR
11 10 11 11 60 S
11 10 11 9 78 LS
11 11 12 11 22 LSR
11 11 10 11 50 R
11 11 11 12 8 LSR
11 11 11 10 4 S
11 12 12 12 54 LR
11 12 10 12 68 LSR
11 12 11 13 30 LS
11 12 11 11 48 S
11 13 12 13 96 L
11 13 10 13 86 LSR
11 13 11 14 78 L
11 13 11 12 2 L
11 14 12 14 80 S
11 14 10 14 12 L
11 14 11 13 98 LS
12 0 13 0 48 LS
12 0 11 0 56 SR
12 0 12 1 14 L
12 1 13 1 76 R
12 1 11 1 54 LR
12 1 12 2 60 LR
12 1 12 0 98 L
12 2 13 2 20 LS
12 2 11 2 50 R
12 2 12 3 24 LR
12 2 12 1 38 SR
12 3 13 3 78 S
12 3 11 3 2 LSR
12 3 12 4 68 LR
12 3 12 2 54 S
12 4 13 4 60 LR
12 4 11 4 54 L
12 4 12 5 16 LR
12 4 12 3 82 SR
12 5 13 5 44 S
12 5 11 5 38 R
12 5 12 6 82 L
12 5 12 4 62 SR
12 6 13 6 56 SR
12 6 11 6 2 R
12 6 12 7 42 L
12 6 12 5 16 LSR
12 7 13 7 88 SR
12 7 11 7 40 L
12 7 12 8 72 LR
12 7 12 6 46 LS
12 8 13 8 32 S
12 8 11 8 98 SR
12 8 12 9 62 LR
12 8 12 7 72 S
12 9 13 9 26 LS
12 9 11 9 92 L
12 9 12 10 56 S
12 9 12 8 74 S
12 10 13 10 46 SR
12 10 11 10 70 SR
12 10 12 11 66 S
12 10 12 9 10 SR
12 11 13 11 62 SR
12 11 11 11 78 S
12 11 12 12 38 R
12 11 12 10 6 R
12 12 13 12 68 L
12 12 11 12 36 LSR
12 12 12 13 4 SR
12 12 12 11 70 LSR
12 13 13 13 90 L
12 13 11 13 90 S
12 13 12 14 90 LR
12 13 12 12 72 R
12 14 13 14 68 SR
12 14 11 14 94 S
12 14 12 13 16 LR
13 0 14 0 20 L
13 0 12 0 74 R
13 0 13 1 56 SR
13 1 14 1 68 LR
13 1 12 1 70 R
13 1 13 2 92 SR
13 1 13 0 98 L
13 2 14 2 60 L
13 2 12 2 86 LR
13 2 13 3 84 R
13 2 13 1 44 LR
13 3 14 3 76 LR
13 3 12 3 64 L
13 3 13 4 28 SR
13 3 13 2 84 LR
13 4 14 4 62 L
13 4 12 4 12 LR
13 4 13 5 34 LR
13 4 13 3 24 R
13 5 14 5 92 LR
13 5 12 5 90 LS
13 5 13 6 88 S
13 5 13 4 52 LSR
13 6 14 6 48 L
13 6 12 6 54 LSR
13 6 13 7 8 R
13 6 13 5 58 LR
13 7 14 7 18 R
13 7 12 7 6 LR
13 7 13 8 16 R
13 7 13 6 78 LR
13 8 14 8 68 LR
13 8 12 8 62 SR
13 8 13 9 38 LS
13 8 13 7 68 L
13 9 14 9 80 R
13 9 12 9 94 R
13 9 13 10 26 R
13 9 13 8 90 L
13 10 14 10 38 R
13 10 12 10 46 R
13 10 13 11 90 L
13 10 13 9 78 L
13 11 14 11 80 R
13 11 12 11 26 L
13 11 13 12 96 SR
13 11 13 10 50 L
13 12 14 12 94 LR
13 12 12 12 6 SR
13 12 13 13 46 LR
13 12 13 11 56 S
13 13 14 13 50 LR
13 13 12 13 78 R
13 13 13 14 26 L
13 13 13 12 18 LR
13 14 14 14 46 R
13 14 12 14 86 L
13 14 13 13 84 LSR
14 0 13 0 94 SR
14 0 14 1 44 L
14 1 13 1 12 LS
14 1 14 2 38 L
14 1 14 0 68 R
14 2 13 2 26 SR
14 2 14 3 68 S
14 2 14 1 32 SR
14 3 13 3 4 SR
14 3 14 4 36 LS
14 3 14 2 14 R
14 4 13 4 20 LSR
14 4 14 5 38 S
14 4 14 3 4 SR
14 5 13 5 76 S
14 5 14 6 90 LS
14 5 14 4 14 SR
14 6 13 6 80 R
14 6 14 7 22 LS
14 6 14 5 46 S
14 7 13 7 94 LS
14 7 14 8 44 L
14 7 14 6 36 SR
14 8 13 8 2 SR
14 8 14 9 98 L
14 8 14 7 46 S
14 9 13 9 88 SR
14 9 14 10 78 LS
14 9 14 8 28 S
14 10 13 10 72 LSR
14 10 14 11 10 LS
14 10 14 9 54 SR
14 11 13 11 6 S
14 11 14 12 18 S
14 11 14 10 46 R
14 12 13 12 48 LR
14 12 14 13 32 S
14 12 14 11 18 R
14 13 13 13 32 SR
14 13 14 14 26 L
14 13 14 12 24 SR
14 14 13 14 66 L
14 14 14 13 50 R
50
13 3 14 3 5 1 5 0 4 3
6 14 7 14 13 8 14 8 1 2
12 1 12 2 2 12 2 11 1 1
4 10 3 10 8 9 8 8 1 0
12 9 11 9 9 0 9 1 0 2
2 10 2 9 7 10 7 11 1 4
10 3 11 3 8 8 7 8 0 2
8 7 8 8 1 9 0 9 3 3
3 3 4 3 8 1 8 0 3 3
12 12 12 11 7 9 7 10 2 3
10 7 9 7 3 4 3 5 4 2
0 5 0 6 0 5 1 5 1 2
5 4 5 3 4 3 4 4 4 4
6 2 6 1 1 0 0 0 1 1
8 4 8 3 3 11 3 10 0 2
9 4 8 4 9 9 9 8 1 2
10 2 9 2 11 4 11 3 2 4
1 2 1 3 6 4 6 3 1 0
8 12 8 11 4 7 3 7 0 3
4 0 5 0 6 4 5 4 0 4
2 3 2 2 0 9 0 8 1 3
11 8 10 8 8 12 8 11 0 1
10 9 9 9 13 10 14 10 4 1
3 5 4 5 2 10 3 10 2 0
5 0 6 0 1 12 1 13 2 4
9 9 10 9 2 3 1 3 3 0
6 3 6 4 11 8 12 8 0 3
6 14 6 13 6 9 6 8 4 2
12 8 12 7 7 10 6 10 1 0
14 14 14 13 10 6 11 6 4 3
4 5 5 5 3 2 3 3 3 3
11 13 10 13 3 2 4 2 4 3
9 6 10 6 6 3 6 2 3 0
12 12 13 12 13 12 13 13 3 3
7 4 6 4 10 12 10 11 1 3
1 5 1 6 12 1 12 0 2 3
6 3 5 3 11 6 10 6 3 4
9 12 8 12 9 2 9 1 0 3
12 14 13 14 12 6 12 5 0 0
1 12 2 12 6 3 7 3 2 4
11 6 12 6 1 9 1 8 4 0
4 6 5 6 2 8 2 7 1 0
11 11 10 11 9 8 8 8 3 2
1 13 0 13 10 5 9 5 4 1
3 13 3 14 9 7 10 7 4 0
1 13 2 13 0 9 0 8 2 4
11 3 11 2 8 10 8 11 2 3
9 9 9 8 0 6 0 5 1 4
7 9 8 9 1 13 1 12 3 4
7 1 8 1 8 7 8 6 2 3
