15 15 1
840
0 0 1 0 98 LS
0 0 0 1 60 R
0 1 1 1 38 LR
0 1 0 2 46 SR
0 1 0 0 32 L
0 2 1 2 8 SR
0 2 0 3 20 SR
0 2 0 1 90 LS
0 3 1 3 54 LSR
0 3 0 4 40 R
0 3 0 2 74 L
0 4 1 4 86 LS
0 4 0 5 62 R
0 4 0 3 64 L
0 5 1 5 2 LSR
0 5 0 6 78 S
0 5 0 4 14 S
0 6 1 6 40 SR
0 6 0 7 58 SR
0 6 0 5 94 LS
0 7 1 7 42 L
0 7 0 8 88 S
0 7 0 6 84 L
0 8 1 8 90 SR
0 8 0 9 64 SR
0 8 0 7 8 L
0 9 1 9 30 LS
0 9 0 10 60 SR
0 9 0 8 26 LS
0 10 1 10 80 S
0 10 0 11 14 S
0 10 0 9 88 L
0 11 1 11 58 LS
0 11 0 12 72 R
0 11 0 10 30 L
0 12 1 12 12 LR
0 12 0 13 98 SR
0 12 0 11 96 L
0 13 1 13 68 L
0 13 0 14 38 R
0 13 0 12 18 LS
0 14 1 14 14 R
0 14 0 13 32 LS
1 0 2 0 64 LS
1 0 0 0 80 R
1 0 1 1 40 S
1 1 2 1 32 R
1 1 0 1 62 R
1 1 1 2 34 R
1 1 1 0 78 L
1 2 2 2 50 LS
1 2 0 2 10 L
1 2 1 3 78 S
1 2 1 1 96 L
1 3 2 3 82 SR
1 3 0 3 40 L
1 3 1 4 28 L
1 3 1 2 78 LR
1 4 2 4 24 LS
1 4 0 4 82 L
1 4 1 5 2 R
1 4 1 3 66 SR
1 5 2 5 2 LSR
1 5 0 5 96 R
1 5 1 6 22 L
1 5 1 4 48 SR
1 6 2 6 36 LSR
1 6 0 6 44 L
1 6 1 7 98 S
1 6 1 5 52 LS
1 7 2 7 8 LSR
1 7 0 7 72 L
1 7 1 8 60 LS
1 7 1 6 56 R
1 8 2 8 2 LSR
1 8 0 8 12 LR
1 8 1 9 28 L
1 8 1 7 56 LS
1 9 2 9 82 SR
1 9 0 9 8 L
1 9 1 10 62 L
1 9 1 8 88 LSR
1 10 2 10 84 LSR
1 10 0 10 38 LR
1 10 1 11 44 SR
1 10 1 9 90 LSR
1 11 2 11 18 LSR
1 11 0 11 26 R
1 11 1 12 36 R
1 11 1 10 98 LSR
1 12 2 12 14 LS
1 12 0 12 12 L
1 12 1 13 66 LSR
1 12 1 11 14 LR
1 13 2 13 36 LSR
1 13 0 13 2 L
1 13 1 14 38 R
1 13 1 12 22 R
1 14 2 14 70 SR
1 14 0 14 86 L
1 14 1 13 88 L
2 0 3 0 42 L
2 0 1 0 66 S
2 0 2 1 20 LSR
2 1 3 1 54 LR
2 1 1 1 86 L
2 1 2 2 12 SR
2 1 2 0 88 LR
2 2 3 2 74 L
2 2 1 2 58 SR
2 2 2 3 36 SR
2 2 2 1 20 LS
2 3 3 3 42 S
2 3 1 3 10 LR
2 3 2 4 48 R
2 3 2 2 18 L
2 4 3 4 60 L
2 4 1 4 32 S
2 4 2 5 22 LS
2 4 2 3 48 L
2 5 3 5 74 LR
2 5 1 5 20 LS
2 5 2 6 44 L
2 5 2 4 58 L
2 6 3 6 2 SR
2 6 1 6 48 S
2 6 2 7 16 LR
2 6 2 5 72 SR
2 7 3 7 74 S
2 7 1 7 52 LSR
2 7 2 8 22 SR
2 7 2 6 76 R
2 8 3 8 86 SR
2 8 1 8 84 R
2 8 2 9 6 SR
2 8 2 7 38 L
2 9 3 9 56 LS
2 9 1 9 68 S
2 9 2 10 38 LS
2 9 2 8 76 LSR
2 10 3 10 74 SR
2 10 1 10 26 L
2 10 2 11 54 S
2 10 2 9 52 R
2 11 3 11 24 SR
2 11 1 11 56 LSR
2 11 2 12 40 R
2 11 2 10 80 R
2 12 3 12 72 R
2 12 1 12 50 LS
2 12 2 13 8 R
2 12 2 11 70 S
2 13 3 13 34 S
2 13 1 13 62 R
2 13 2 14 72 R
2 13 2 12 40 S
2 14 3 14 100 SR
2 14 1 14 88 L
2 14 2 13 98 L
3 0 4 0 34 LS
3 0 2 0 84 R
3 0 3 1 88 LS
3 1 4 1 24 LS
3 1 2 1 68 S
3 1 3 2 88 S
3 1 3 0 36 LR
3 2 4 2 52 R
3 2 2 2 70 SR
3 2 3 3 40 L
3 2 3 1 14 LSR
3 3 4 3 64 R
3 3 2 3 44 LSR
3 3 3 4 90 L
3 3 3 2 84 LR
3 4 4 4 38 L
3 4 2 4 36 LS
3 4 3 5 6 L
3 4 3 3 80 R
3 5 4 5 10 LR
3 5 2 5 80 LR
3 5 3 6 18 R
3 5 3 4 12 S
3 6 4 6 36 LSR
3 6 2 6 46 L
3 6 3 7 28 SR
3 6 3 5 96 LR
3 7 4 7 4 SR
3 7 2 7 96 LSR
3 7 3 8 6 LR
3 7 3 6 48 S
3 8 4 8 98 LS
3 8 2 8 96 LS
3 8 3 9 84 R
3 8 3 7 56 SR
3 9 4 9 78 LS
3 9 2 9 36 SR
3 9 3 10 100 L
3 9 3 8 20 LR
3 10 4 10 54 L
3 10 2 10 96 S
3 10 3 11 62 LSR
3 10 3 9 30 LSR
3 11 4 11 98 LS
3 11 2 11 44 L
3 11 3 12 84 L
3 11 3 10 90 LS
3 12 4 12 40 R
3 12 2 12 18 LR
3 12 3 13 36 L
3 12 3 11 50 S
3 13 4 13 54 SR
3 13 2 13 34 L
3 13 3 14 52 LR
3 13 3 12 32 LS
3 14 4 14 32 SR
3 14 2 14 80 S
3 14 3 13 88 LSR
4 0 5 0 82 LS
4 0 3 0 8 SR
4 0 4 1 58 LR
4 1 5 1 30 SR
4 1 3 1 42 LSR
4 1 4 2 44 S
4 1 4 0 50 L
4 2 5 2 24 S
4 2 3 2 8 SR
4 2 4 3 68 SR
4 2 4 1 78 LR
4 3 5 3 10 S
4 3 3 3 42 SR
4 3 4 4 14 SR
4 3 4 2 36 L
4 4 5 4 88 L
4 4 3 4 10 LSR
4 4 4 5 78 LR
4 4 4 3 44 LS
4 5 5 5 74 R
4 5 3 5 4 LR
4 5 4 6 76 LR
4 5 4 4 82 L
4 6 5 6 8 LS
4 6 3 6 26 SR
4 6 4 7 40 LR
4 6 4 5 66 SR
4 7 5 7 70 LS
4 7 3 7 68 LR
4 7 4 8 32 LSR
4 7 4 6 48 S
4 8 5 8 36 LSR
4 8 3 8 90 R
4 8 4 9 16 LSR
4 8 4 7 18 L
4 9 5 9 28 SR
4 9 3 9 80 LS
4 9 4 10 2 R
4 9 4 8 40 S
4 10 5 10 54 LR
4 10 3 10 6 L
4 10 4 11 32 LR
4 10 4 9 10 S
4 11 5 11 24 SR
4 11 3 11 14 L
4 11 4 12 18 LR
4 11 4 10 20 LSR
4 12 5 12 22 SR
4 12 3 12 38 LSR
4 12 4 13 100 LR
4 12 4 11 52 LR
4 13 5 13 50 LR
4 13 3 13 4 LS
4 13 4 14 64 L
4 13 4 12 76 LR
4 14 5 14 26 S
4 14 3 14 86 L
4 14 4 13 42 R
5 0 6 0 68 L
5 0 4 0 70 S
5 0 5 1 16 LSR
5 1 6 1 2 R
5 1 4 1 62 SR
5 1 5 2 22 LS
5 1 5 0 62 L
5 2 6 2 8 LR
5 2 4 2 42 R
5 2 5 3 64 SR
5 2 5 1 96 LSR
5 3 6 3 96 S
5 3 4 3 76 LR
5 3 5 4 44 S
5 3 5 2 64 L
5 4 6 4 96 L
5 4 4 4 58 R
5 4 5 5 36 L
5 4 5 3 2 R
5 5 6 5 60 S
5 5 4 5 42 LSR
5 5 5 6 44 R
5 5 5 4 74 LS
5 6 6 6 98 R
5 6 4 6 40 R
5 6 5 7 44 R
5 6 5 5 38 R
5 7 6 7 78 LS
5 7 4 7 18 LR
5 7 5 8 100 S
5 7 5 6 90 L
5 8 6 8 66 L
5 8 4 8 70 S
5 8 5 9 20 S
5 8 5 7 12 R
5 9 6 9 44 LSR
5 9 4 9 94 LS
5 9 5 10 6 SR
5 9 5 8 70 S
5 10 6 10 92 LR
5 10 4 10 78 LR
5 10 5 11 36 L
5 10 5 9 88 S
5 11 6 11 72 R
5 11 4 11 80 LR
5 11 5 12 6 L
5 11 5 10 100 SR
5 12 6 12 98 R
5 12 4 12 64 LS
5 12 5 13 92 R
5 12 5 11 62 LS
5 13 6 13 20 LS
5 13 4 13 2 S
5 13 5 14 74 R
5 13 5 12 66 LR
5 14 6 14 90 R
5 14 4 14 48 LS
5 14 5 13 66 LS
6 0 7 0 32 LS
6 0 5 0 30 R
6 0 6 1 74 S
6 1 7 1 28 S
6 1 5 1 52 LSR
6 1 6 2 94 L
6 1 6 0 22 LR
6 2 7 2 46 LSR
6 2 5 2 24 LSR
6 2 6 3 2 LSR
6 2 6 1 40 S
6 3 7 3 34 S
6 3 5 3 30 L
6 3 6 4 44 LS
6 3 6 2 60 LS
6 4 7 4 54 L
6 4 5 4 86 LR
6 4 6 5 78 LS
6 4 6 3 10 LSR
6 5 7 5 16 LR
6 5 5 5 2 LR
6 5 6 6 28 LSR
6 5 6 4 80 R
6 6 7 6 66 S
6 6 5 6 48 LR
6 6 6 7 42 S
6 6 6 5 16 LR
6 7 7 7 64 SR
6 7 5 7 46 SR
6 7 6 8 60 LS
6 7 6 6 30 LR
6 8 7 8 54 LSR
6 8 5 8 56 L
6 8 6 9 22 SR
6 8 6 7 40 LS
6 9 7 9 92 LR
6 9 5 9 92 LSR
6 9 6 10 6 S
6 9 6 8 68 S
6 10 7 10 60 LSR
6 10 5 10 24 LR
6 10 6 11 58 SR
6 10 6 9 10 LSR
6 11 7 11 60 LR
6 11 5 11 68 LS
6 11 6 12 20 L
6 11 6 10 82 LSR
6 12 7 12 22 SR
6 12 5 12 74 LSR
6 12 6 13 44 L
6 12 6 11 10 LSR
6 13 7 13 22 S
6 13 5 13 26 L
6 13 6 14 84 L
6 13 6 12 68 LS
6 14 7 14 18 SR
6 14 5 14 62 L
6 14 6 13 28 L
7 0 8 0 58 L
7 0 6 0 46 S
7 0 7 1 10 S
7 1 8 1 42 R
7 1 6 1 18 LS
7 1 7 2 58 SR
7 1 7 0 90 L
7 2 8 2 62 R
7 2 6 2 12 LS
7 2 7 3 24 SR
7 2 7 1 24 LS
7 3 8 3 16 LSR
7 3 6 3 94 L
7 3 7 4 38 R
7 3 7 2 76 L
7 4 8 4 50 LSR
7 4 6 4 22 L
7 4 7 5 2 SR
7 4 7 3 66 LSR
7 5 8 5 82 LR
7 5 6 5 46 R
7 5 7 6 6 LR
7 5 7 4 62 LS
7 6 8 6 44 S
7 6 6 6 32 LSR
7 6 7 7 78 LS
7 6 7 5 24 LSR
7 7 8 7 92 LR
7 7 6 7 18 LS
7 7 7 8 22 S
7 7 7 6 100 L
7 8 8 8 54 LS
7 8 6 8 54 L
7 8 7 9 96 LS
7 8 7 7 92 SR
7 9 8 9 30 LR
7 9 6 9 64 LSR
7 9 7 10 38 R
7 9 7 8 10 LS
7 10 8 10 70 LSR
7 10 6 10 76 L
7 10 7 11 28 SR
7 10 7 9 8 R
7 11 8 11 26 R
7 11 6 11 70 L
7 11 7 12 80 LS
7 11 7 10 90 R
7 12 8 12 20 LS
7 12 6 12 96 R
7 12 7 13 80 L
7 12 7 11 4 S
7 13 8 13 24 SR
7 13 6 13 36 LSR
7 13 7 14 98 R
7 13 7 12 64 LSR
7 14 8 14 34 S
7 14 6 14 56 L
7 14 7 13 60 S
8 0 9 0 6 LS
8 0 7 0 10 S
8 0 8 1 36 LS
8 1 9 1 10 SR
8 1 7 1 100 S
8 1 8 2 14 L
8 1 8 0 86 LR
8 2 9 2 54 LSR
8 2 7 2 36 LS
8 2 8 3 68 R
8 2 8 1 90 LS
8 3 9 3 94 LS
8 3 7 3 24 LS
8 3 8 4 10 L
8 3 8 2 30 SR
8 4 9 4 46 L
8 4 7 4 48 R
8 4 8 5 30 R
8 4 8 3 38 SR
8 5 9 5 14 SR
8 5 7 5 88 SR
8 5 8 6 46 LS
8 5 8 4 68 R
8 6 9 6 28 LR
8 6 7 6 62 R
8 6 8 7 96 R
8 6 8 5 54 LR
8 7 9 7 76 LSR
8 7 7 7 42 LS
8 7 8 8 80 S
8 7 8 6 56 S
8 8 9 8 80 S
8 8 7 8 14 LSR
8 8 8 9 78 L
8 8 8 7 96 SR
8 9 9 9 56 LR
8 9 7 9 86 R
8 9 8 10 40 L
8 9 8 8 96 S
8 10 9 10 72 R
8 10 7 10 96 LS
8 10 8 11 86 LSR
8 10 8 9 88 S
8 11 9 11 34 R
8 11 7 11 68 LR
8 11 8 12 54 LR
8 11 8 10 88 S
8 12 9 12 58 L
8 12 7 12 42 SR
8 12 8 13 2 L
8 12 8 11 24 SR
8 13 9 13 34 LSR
8 13 7 13 4 LSR
8 13 8 14 50 LR
8 13 8 12 40 LSR
8 14 9 14 28 S
8 14 7 14 22 S
8 14 8 13 74 SR
9 0 10 0 90 L
9 0 8 0 18 SR
9 0 9 1 18 L
9 1 10 1 88 L
9 1 8 1 70 L
9 1 9 2 50 LS
9 1 9 0 36 L
9 2 10 2 26 LR
9 2 8 2 76 LSR
9 2 9 3 26 L
9 2 9 1 2 L
9 3 10 3 58 L
9 3 8 3 56 LSR
9 3 9 4 66 LS
9 3 9 2 82 SR
9 4 10 4 6 LS
9 4 8 4 36 S
9 4 9 5 26 LR
9 4 9 3 86 LS
9 5 10 5 86 R
9 5 8 5 50 R
9 5 9 6 88 SR
9 5 9 4 82 LR
9 6 10 6 4 LS
9 6 8 6 82 S
9 6 9 7 6 LS
9 6 9 5 60 R
9 7 10 7 22 S
9 7 8 7 10 SR
9 7 9 8 86 R
9 7 9 6 40 LR
9 8 10 8 30 SR
9 8 8 8 72 LS
9 8 9 9 94 LS
9 8 9 7 98 R
9 9 10 9 38 R
9 9 8 9 28 R
9 9 9 10 62 LSR
9 9 9 8 82 L
9 10 10 10 22 LR
9 10 8 10 28 LS
9 10 9 11 76 LR
9 10 9 9 34 LSR
9 11 10 11 52 LS
9 11 8 11 16 LSR
9 11 9 12 24 LSR
9 11 9 10 60 LR
9 12 10 12 78 LS
9 12 8 12 28 R
9 12 9 13 66 LR
9 12 9 11 8 S
9 13 10 13 38 L
9 13 8 13 68 LS
9 13 9 14 84 L
9 13 9 12 86 L
9 14 10 14 30 S
9 14 8 14 90 LS
9 14 9 13 26 R
10 0 11 0 88 L
10 0 9 0 14 S
10 0 10 1 88 S
10 1 11 1 46 LR
10 1 9 1 90 SR
10 1 10 2 16 LSR
10 1 10 0 24 L
10 2 11 2 92 R
10 2 9 2 30 L
10 2 10 3 64 L
10 2 10 1 14 SR
10 3 11 3 46 LS
10 3 9 3 94 R
10 3 10 4 46 SR
10 3 10 2 6 LS
10 4 11 4 68 SR
10 4 9 4 34 SR
10 4 10 5 20 L
10 4 10 3 22 S
10 5 11 5 50 LR
10 5 9 5 52 LSR
10 5 10 6 46 L
10 5 10 4 26 R
10 6 11 6 94 LS
10 6 9 6 48 LR
10 6 10 7 58 LR
10 6 10 5 4 L
10 7 11 7 74 LS
10 7 9 7 36 LSR
10 7 10 8 30 SR
10 7 10 6 56 L
10 8 11 8 76 LS
10 8 9 8 28 R
10 8 10 9 82 R
10 8 10 7 54 LS
10 9 11 9 74 R
10 9 9 9 10 R
10 9 10 10 20 LS
10 9 10 8 20 R
10 10 11 10 86 LS
10 10 9 10 12 LSR
10 10 10 11 86 R
10 10 10 9 42 R
10 11 11 11 66 LS
10 11 9 11 68 SR
10 11 10 12 70 L
10 11 10 10 46 LSR
10 12 11 12 86 L
10 12 9 12 68 SR
10 12 10 13 58 SR
10 12 10 11 96 LS
10 13 11 13 92 L
10 13 9 13 94 LSR
10 13 10 14 24 LR
10 13 10 12 82 LS
10 14 11 14 30 R
10 14 9 14 84 L
10 14 10 13 22 LS
11 0 12 0 78 S
11 0 10 0 72 S
11 0 11 1 30 S
11 1 12 1 42 LR
11 1 10 1 8 SR
11 1 11 2 86 R
11 1 11 0 56 LR
11 2 12 2 64 SR
11 2 10 2 48 LSR
11 2 11 3 92 LSR
11 2 11 1 62 LS
11 3 12 3 28 SR
11 3 10 3 42 LS
11 3 11 4 66 LR
11 3 11 2 38 SR
11 4 12 4 28 LS
11 4 10 4 84 LR
11 4 11 5 36 S
11 4 11 3 64 LR
11 5 12 5 14 S
11 5 10 5 26 L
11 5 11 6 94 L
11 5 11 4 70 S
11 6 12 6 96 R
11 6 10 6 46 S
11 6 11 7 14 S
11 6 11 5 34 LS
11 7 12 7 66 L
11 7 10 7 50 LS
11 7 11 8 84 R
11 7 11 6 14 S
11 8 12 8 84 S
11 8 10 8 22 LS
11 8 11 9 8 S
11 8 11 7 60 SR
11 9 12 9 94 R
11 9 10 9 100 S
11 9 11 10 44 LSR
11 9 11 8 34 LSR
11 10 12 10 34 R
11 10 10 10 30 LSR
11 10 11 11 24 LS
11 10 11 9 54 R
11 11 12 11 16 S
11 11 10 11 76 LS
11 11 11 12 28 R
11 11 11 10 52 LS
11 12 12 12 2 SR
11 12 10 12 52 SR
11 12 11 13 4 LR
11 12 11 11 62 R
11 13 12 13 32 LS
11 13 10 13 58 S
11 13 11 14 96 L
11 13 11 12 96 LR
11 14 12 14 82 S
11 14 10 14 56 LS
11 14 11 13 60 LS
12 0 13 0 50 LS
12 0 11 0 68 S
12 0 12 1 12 S
12 1 13 1 68 LSR
12 1 11 1 2 LS
12 1 12 2 18 S
12 1 12 0 26 L
12 2 13 2 88 S
12 2 11 2 6 LS
12 2 12 3 76 R
12 2 12 1 100 S
12 3 13 3 32 LSR
12 3 11 3 66 S
12 3 12 4 28 L
12 3 12 2 82 LSR
12 4 13 4 52 LSR
12 4 11 4 80 R
12 4 12 5 42 L
12 4 12 3 44 LR
12 5 13 5 14 LS
12 5 11 5 46 LS
12 5 12 6 100 LR
12 5 12 4 8 LR
12 6 13 6 50 LSR
12 6 11 6 12 LSR
12 6 12 7 6 LS
12 6 12 5 42 L
12 7 13 7 70 SR
12 7 11 7 52 SR
12 7 12 8 24 S
12 7 12 6 90 SR
12 8 13 8 100 LSR
12 8 11 8 14 L
12 8 12 9 62 S
12 8 12 7 72 LSR
12 9 13 9 34 LR
12 9 11 9 78 LSR
12 9 12 10 60 R
12 9 12 8 22 LS
12 10 13 10 20 SR
12 10 11 10 76 S
12 10 12 11 76 LR
12 10 12 9 56 R
12 11 13 11 62 LS
12 11 11 11 70 LSR
12 11 12 12 10 R
12 11 12 10 22 R
12 12 13 12 74 LR
12 12 11 12 68 R
12 12 12 13 64 S
12 12 12 11 74 S
12 13 13 13 8 SR
12 13 11 13 42 R
12 13 12 14 76 L
12 13 12 12 46 LSR
12 14 13 14 4 S
12 14 11 14 26 LS
12 14 12 13 100 S
13 0 14 0 10 L
13 0 12 0 78 S
13 0 13 1 62 L
13 1 14 1 98 R
13 1 12 1 12 L
13 1 13 2 6 LR
13 1 13 0 86 R
13 2 14 2 4 LR
13 2 12 2 10 S
13 2 13 3 50 LR
13 2 13 1 48 LR
13 3 14 3 92 L
13 3 12 3 2 LS
13 3 13 4 82 LS
13 3 13 2 36 SR
13 4 14 4 10 L
13 4 12 4 48 L
13 4 13 5 64 L
13 4 13 3 50 LR
13 5 14 5 10 LR
13 5 12 5 100 S
13 5 13 6 46 S
13 5 13 4 20 LR
13 6 14 6 98 L
13 6 12 6 8 S
13 6 13 7 56 SR
13 6 13 5 82 LSR
13 7 14 7 64 R
13 7 12 7 96 LSR
13 7 13 8 42 S
13 7 13 6 20 SR
13 8 14 8 98 LR
13 8 12 8 28 LS
13 8 13 9 30 R
13 8 13 7 64 SR
13 9 14 9 34 L
13 9 12 9 74 LSR
13 9 13 10 74 LS
13 9 13 8 94 L
13 10 14 10 24 LR
13 10 12 10 24 LSR
13 10 13 11 16 L
13 10 13 9 30 LR
13 11 14 11 48 LR
13 11 12 11 86 LS
13 11 13 12 76 R
13 11 13 10 84 S
13 12 14 12 36 LR
13 12 12 12 54 L
13 12 13 13 70 LSR
13 12 13 11 96 R
13 13 14 13 26 LR
13 13 12 13 52 LS
13 13 13 14 78 LR
13 13 13 12 32 LSR
13 14 14 14 74 R
13 14 12 14 88 S
13 14 13 13 4 L
14 0 13 0 26 SR
14 0 14 1 68 L
14 1 13 1 24 LR
14 1 14 2 86 S
14 1 14 0 6 R
14 2 13 2 80 R
14 2 14 3 26 LS
14 2 14 1 84 S
14 3 13 3 40 R
14 3 14 4 72 S
14 3 14 2 74 SR
14 4 13 4 46 LSR
14 4 14 5 82 LS
14 4 14 3 32 S
14 5 13 5 42 LS
14 5 14 6 46 S
14 5 14 4 80 S
14 6 13 6 56 R
14 6 14 7 26 L
14 6 14 5 64 R
14 7 13 7 74 LR
14 7 14 8 66 LS
14 7 14 6 22 S
14 8 13 8 18 LS
14 8 14 9 84 LS
14 8 14 7 66 SR
14 9 13 9 32 SR
14 9 14 10 4 LS
14 9 14 8 56 SR
14 10 13 10 16 R
14 10 14 11 76 LS
14 10 14 9 12 S
14 11 13 11 78 S
14 11 14 12 38 S
14 11 14 10 60 R
14 12 13 12 24 S
14 12 14 13 60 S
14 12 14 11 28 SR
14 13 13 13 68 LR
14 13 14 14 6 L
14 13 14 12 88 S
14 14 13 14 30 L
14 14 14 13 30 S
50
1 11 2 11 13 14 12 14 3 1
5 13 6 13 9 12 9 11 4 2
4 4 5 4 5 10 5 11 0 0
6 1 5 1 14 2 14 1 2 3
2 5 2 6 10 9 10 10 2 4
11 3 11 2 2 13 3 13 0 0
2 13 1 13 2 11 3 11 0 3
3 14 2 14 14 6 13 6 1 1
7 9 7 10 1 2 1 1 4 4
13 9 13 10 12 8 12 9 0 2
1 3 0 3 11 8 10 8 2 0
3 12 4 12 5 1 5 2 2 1
4 1 3 1 14 6 14 5 2 3
14 11 13 11 12 13 12 12 4 1
13 12 14 12 1 1 1 0 1 3
0 1 0 2 11 11 11 12 0 1
3 5 4 5 8 0 8 1 3 4
2 13 1 13 8 10 8 9 0 0
13 1 13 2 1 7 2 7 1 1
1 13 1 12 13 3 14 3 2 0
1 3 2 3 13 13 13 14 1 2
2 12 2 11 13 4 14 4 3 1
1 8 0 8 9 2 10 2 4 2
6 12 6 13 9 10 9 9 2 1
3 13 3 14 6 11 6 12 4 4
4 9 3 9 8 2 8 1 1 1
5 8 5 7 6 0 5 0 3 0
7 8 7 9 13 3 13 2 2 1
1 5 2 5 9 8 9 7 4 4
8 9 8 8 5 2 6 2 2 0
9 4 9 3 11 2 10 2 0 2
3 6 3 7 9 0 8 0 4 3
0 10 0 11 6 9 6 8 4 4
13 2 13 1 0 8 0 9 4 4
9 8 10 8 13 14 14 14 2 2
4 5 3 5 0 7 1 7 3 4
8 4 9 4 9 6 10 6 0 4
9 1 10 1 9 12 10 12 1 2
0 5 0 6 5 8 5 9 2 3
12 4 13 4 6 13 7 13 1 1
5 13 4 13 13 8 13 7 1 0
6 14 5 14 5 5 4 5 2 0
4 5 4 4 8 2 9 2 1 1
14 3 14 2 13 12 14 12 4 3
7 6 7 7 11 6 11 5 1 1
9 5 8 5 14 1 13 1 2 0
6 7 5 7 6 2 7 2 3 0
9 11 9 12 3 4 3 3 2 1
2 0 1 0 7 11 8 11 3 0
2 6 1 6 1 0 2 0 2 4
