15 15 1
840
0 0 1 0 62 S
0 0 0 1 8 SR
0 1 1 1 36 R
0 1 0 2 96 SR
0 1 0 0 60 L
0 2 1 2 42 S
0 2 0 3 24 R
0 2 0 1 68 S
0 3 1 3 50 LS
0 3 0 4 82 R
0 3 0 2 30 L
0 4 1 4 30 SR
0 4 0 5 78 S
0 4 0 3 28 L
0 5 1 5 32 R
0 5 0 6 16 S
0 5 0 4 94 S
0 6 1 6 48 LS
0 6 0 7 42 R
0 6 0 5 46 L
0 7 1 7 66 LS
0 7 0 8 54 SR
0 7 0 6 54 L
0 8 1 8 68 R
0 8 0 9 90 SR
0 8 0 7 14 L
0 9 1 9 42 S
0 9 0 10 60 S
0 9 0 8 98 S
0 10 1 10 80 R
0 10 0 11 80 S
0 10 0 9 34 LS
0 11 1 11 90 LSR
0 11 0 12 30 S
0 11 0 10 6 L
0 12 1 12 76 S
0 12 0 13 90 SR
0 12 0 11 30 L
0 13 1 13 16 R
0 13 0 14 88 R
0 13 0 12 48 L
0 14 1 14 36 R
0 14 0 13 60 L
1 0 2 0 14 S
1 0 0 0 54 R
1 0 1 1 44 SR
1 1 2 1 62 LS
1 1 0 1 12 L
1 1 1 2 62 SR
1 1 1 0 58 R
1 2 2 2 32 LR
1 2 0 2 24 R
1 2 1 3 80 S
1 2 1 1 34 S
1 3 2 3 94 LS
1 3 0 3 98 L
1 3 1 4 12 LSR
1 3 1 2 34 LS
1 4 2 4 36 LR
1 4 0 4 20 L
1 4 1 5 74 R
1 4 1 3 52 LR
1 5 2 5 62 LSR
1 5 0 5 44 L
1 5 1 6 42 LS
1 5 1 4 20 SR
1 6 2 6 26 L
1 6 0 6 6 LR
1 6 1 7 54 SR
1 6 1 5 58 L
1 7 2 7 34 L
1 7 0 7 86 R
1 7 1 8 16 SR
1 7 1 6 98 LR
1 8 2 8 24 L
1 8 0 8 58 L
1 8 1 9 74 LSR
1 8 1 7 32 SR
1 9 2 9 78 S
1 9 0 9 28 LR
1 9 1 10 48 SR
1 9 1 8 54 S
1 10 2 10 38 LSR
1 10 0 10 60 R
1 10 1 11 6 LSR
1 10 1 9 56 S
1 11 2 11 78 R
1 11 0 11 16 LR
1 11 1 12 40 S
1 11 1 10 70 R
1 12 2 12 76 LSR
1 12 0 12 22 L
1 12 1 13 6 L
1 12 1 11 6 R
1 13 2 13 36 S
1 13 0 13 14 L
1 13 1 14 90 R
1 13 1 12 56 R
1 14 2 14 58 S
1 14 0 14 94 L
1 14 1 13 36 SR
2 0 3 0 74 LS
2 0 1 0 22 SR
2 0 2 1 56 SR
2 1 3 1 40 LS
2 1 1 1 16 L
2 1 2 2 26 LSR
2 1 2 0 98 L
2 2 3 2 68 L
2 2 1 2 96 SR
2 2 2 3 84 LSR
2 2 2 1 72 S
2 3 3 3 6 LS
2 3 1 3 96 L
2 3 2 4 82 SR
2 3 2 2 78 L
2 4 3 4 2 R
2 4 1 4 96 LS
2 4 2 5 66 LSR
2 4 2 3 74 LR
2 5 3 5 28 LR
2 5 1 5 90 SR
2 5 2 6 56 L
2 5 2 4 70 SR
2 6 3 6 4 S
2 6 1 6 28 LR
2 6 2 7 80 LS
2 6 2 5 50 SR
2 7 3 7 80 L
2 7 1 7 52 LS
2 7 2 8 74 L
2 7 2 6 22 LSR
2 8 3 8 40 LR
2 8 1 8 36 LSR
2 8 2 9 98 R
2 8 2 7 64 SR
2 9 3 9 74 S
2 9 1 9 88 S
2 9 2 10 40 LS
2 9 2 8 16 R
2 10 3 10 98 LS
2 10 1 10 22 S
2 10 2 11 60 LS
2 10 2 9 34 L
2 11 3 11 12 R
2 11 1 11 42 LS
2 11 2 12 64 LR
2 11 2 10 76 S
2 12 3 12 74 LSR
2 12 1 12 8 R
2 12 2 13 70 LSR
2 12 2 11 18 LR
2 13 3 13 4 LS
2 13 1 13 58 LSR
2 13 2 14 32 L
2 13 2 12 92 LSR
2 14 3 14 70 R
2 14 1 14 72 S
2 14 2 13 16 LSR
3 0 4 0 8 S
3 0 2 0 32 SR
3 0 3 1 78 LR
3 1 4 1 88 R
3 1 2 1 66 LS
3 1 3 2 32 SR
3 1 3 0 26 R
3 2 4 2 96 L
3 2 2 2 38 LS
3 2 3 3 36 LSR
3 2 3 1 40 SR
3 3 4 3 4 LSR
3 3 2 3 60 LSR
3 3 3 4 80 R
3 3 3 2 92 LR
3 4 4 4 22 LR
3 4 2 4 34 LS
3 4 3 5 14 S
3 4 3 3 44 S
3 5 4 5 8 S
3 5 2 5 50 S
3 5 3 6 76 SR
3 5 3 4 94 LS
3 6 4 6 64 R
3 6 2 6 22 LR
3 6 3 7 38 LR
3 6 3 5 76 LSR
3 7 4 7 32 S
3 7 2 7 62 LSR
3 7 3 8 86 S
3 7 3 6 54 L
3 8 4 8 6 L
3 8 2 8 36 R
3 8 3 9 42 LSR
3 8 3 7 34 R
3 9 4 9 22 S
3 9 2 9 88 L
3 9 3 10 6 SR
3 9 3 8 96 LSR
3 10 4 10 54 SR
3 10 2 10 62 SR
3 10 3 11 4 L
3 10 3 9 28 L
3 11 4 11 58 L
3 11 2 11 18 L
3 11 3 12 46 L
3 11 3 10 96 LSR
3 12 4 12 6 LS
3 12 2 12 86 LS
3 12 3 13 12 S
3 12 3 11 42 LSR
3 13 4 13 10 S
3 13 2 13 78 R
3 13 3 14 60 L
3 13 3 12 4 LS
3 14 4 14 62 S
3 14 2 14 38 L
3 14 3 13 18 LS
4 0 5 0 68 S
4 0 3 0 34 R
4 0 4 1 84 R
4 1 5 1 32 S
4 1 3 1 12 LS
4 1 4 2 24 R
4 1 4 0 64 L
4 2 5 2 70 S
4 2 3 2 18 LSR
4 2 4 3 22 L
4 2 4 1 86 L
4 3 5 3 28 LSR
4 3 3 3 66 LR
4 3 4 4 52 LR
4 3 4 2 64 LS
4 4 5 4 88 LSR
4 4 3 4 18 S
4 4 4 5 28 SR
4 4 4 3 38 R
4 5 5 5 58 L
4 5 3 5 44 LS
4 5 4 6 96 LSR
4 5 4 4 30 LS
4 6 5 6 78 R
4 6 3 6 18 L
4 6 4 7 36 R
4 6 4 5 46 R
4 7 5 7 30 S
4 7 3 7 8 LSR
4 7 4 8 56 SR
4 7 4 6 78 L
4 8 5 8 68 SR
4 8 3 8 38 LR
4 8 4 9 86 LSR
4 8 4 7 80 L
4 9 5 9 26 LR
4 9 3 9 24 LSR
4 9 4 10 62 L
4 9 4 8 88 L
4 10 5 10 56 SR
4 10 3 10 50 LR
4 10 4 11 22 S
4 10 4 9 96 SR
4 11 5 11 84 LSR
4 11 3 11 18 S
4 11 4 12 60 LS
4 11 4 10 54 S
4 12 5 12 76 LR
4 12 3 12 8 LS
4 12 4 13 34 S
4 12 4 11 76 L
4 13 5 13 12 SR
4 13 3 13 96 LR
4 13 4 14 2 R
4 13 4 12 64 S
4 14 5 14 44 SR
4 14 3 14 54 L
4 14 4 13 50 LSR
5 0 6 0 58 LS
5 0 4 0 70 SR
5 0 5 1 18 S
5 1 6 1 96 L
5 1 4 1 34 R
5 1 5 2 68 LS
5 1 5 0 72 LR
5 2 6 2 6 L
5 2 4 2 42 S
5 2 5 3 38 S
5 2 5 1 48 SR
5 3 6 3 64 LSR
5 3 4 3 66 R
5 3 5 4 24 SR
5 3 5 2 66 LR
5 4 6 4 22 S
5 4 4 4 100 LS
5 4 5 5 40 LS
5 4 5 3 18 L
5 5 6 5 64 L
5 5 4 5 94 LSR
5 5 5 6 28 LR
5 5 5 4 20 LS
5 6 6 6 42 L
5 6 4 6 22 L
5 6 5 7 96 L
5 6 5 5 84 LSR
5 7 6 7 18 SR
5 7 4 7 78 L
5 7 5 8 26 LS
5 7 5 6 64 S
5 8 6 8 16 R
5 8 4 8 72 S
5 8 5 9 86 LS
5 8 5 7 62 SR
5 9 6 9 40 L
5 9 4 9 26 LR
5 9 5 10 6 R
5 9 5 8 76 SR
5 10 6 10 14 LSR
5 10 4 10 36 SR
5 10 5 11 14 LSR
5 10 5 9 28 R
5 11 6 11 4 R
5 11 4 11 12 R
5 11 5 12 78 L
5 11 5 10 100 S
5 12 6 12 54 S
5 12 4 12 34 S
5 12 5 13 42 R
5 12 5 11 42 SR
5 13 6 13 74 LSR
5 13 4 13 84 LR
5 13 5 14 70 R
5 13 5 12 80 L
5 14 6 14 26 SR
5 14 4 14 46 S
5 14 5 13 22 LSR
6 0 7 0 32 LS
6 0 5 0 78 R
6 0 6 1 96 LR
6 1 7 1 30 L
6 1 5 1 14 L
6 1 6 2 14 LR
6 1 6 0 52 R
6 2 7 2 56 LSR
6 2 5 2 90 S
6 2 6 3 24 S
6 2 6 1 82 SR
6 3 7 3 2 LS
6 3 5 3 58 LSR
6 3 6 4 26 LS
6 3 6 2 46 R
6 4 7 4 22 LSR
6 4 5 4 18 LR
6 4 6 5 32 SR
6 4 6 3 48 LSR
6 5 7 5 52 LS
6 5 5 5 32 S
6 5 6 6 88 SR
6 5 6 4 26 L
6 6 7 6 88 LS
6 6 5 6 56 LS
6 6 6 7 78 LS
6 6 6 5 54 L
6 7 7 7 14 LR
6 7 5 7 2 LS
6 7 6 8 60 L
6 7 6 6 24 S
6 8 7 8 30 L
6 8 5 8 70 LS
6 8 6 9 76 LR
6 8 6 7 34 LSR
6 9 7 9 48 SR
6 9 5 9 52 L
6 9 6 10 26 SR
6 9 6 8 38 S
6 10 7 10 8 R
6 10 5 10 12 LS
6 10 6 11 94 SR
6 10 6 9 90 LS
6 11 7 11 8 SR
6 11 5 11 46 LR
6 11 6 12 8 LSR
6 11 6 10 90 LSR
6 12 7 12 20 S
6 12 5 12 12 S
6 12 6 13 80 LS
6 12 6 11 36 LS
6 13 7 13 22 LS
6 13 5 13 76 LR
6 13 6 14 38 LR
6 13 6 12 36 S
6 14 7 14 86 R
6 14 5 14 60 S
6 14 6 13 34 LS
7 0 8 0 40 LS
7 0 6 0 34 R
7 0 7 1 24 LSR
7 1 8 1 10 R
7 1 6 1 30 LS
7 1 7 2 80 LS
7 1 7 0 42 R
7 2 8 2 40 L
7 2 6 2 2 LSR
7 2 7 3 24 LSR
7 2 7 1 42 LS
7 3 8 3 62 LS
7 3 6 3 90 S
7 3 7 4 26 SR
7 3 7 2 54 LSR
7 4 8 4 62 L
7 4 6 4 82 R
7 4 7 5 96 S
7 4 7 3 12 R
7 5 8 5 94 LR
7 5 6 5 68 SR
7 5 7 6 76 LSR
7 5 7 4 28 LR
7 6 8 6 30 SR
7 6 6 6 74 L
7 6 7 7 58 LR
7 6 7 5 50 R
7 7 8 7 22 R
7 7 6 7 76 SR
7 7 7 8 28 SR
7 7 7 6 16 SR
7 8 8 8 24 LS
7 8 6 8 96 L
7 8 7 9 64 S
7 8 7 7 30 LR
7 9 8 9 94 L
7 9 6 9 68 S
7 9 7 10 54 LS
7 9 7 8 70 LSR
7 10 8 10 96 SR
7 10 6 10 62 SR
7 10 7 11 58 LSR
7 10 7 9 62 L
7 11 8 11 90 LS
7 11 6 11 50 LR
7 11 7 12 58 L
7 11 7 10 74 LSR
7 12 8 12 58 R
7 12 6 12 82 LSR
7 12 7 13 42 S
7 12 7 11 14 LS
7 13 8 13 40 S
7 13 6 13 24 L
7 13 7 14 48 LR
7 13 7 12 36 LS
7 14 8 14 16 S
7 14 6 14 82 L
7 14 7 13 98 R
8 0 9 0 84 S
8 0 7 0 52 SR
8 0 8 1 36 LSR
8 1 9 1 26 LSR
8 1 7 1 72 L
8 1 8 2 14 S
8 1 8 0 70 R
8 2 9 2 50 LS
8 2 7 2 92 L
8 2 8 3 16 L
8 2 8 1 66 LS
8 3 9 3 60 S
8 3 7 3 48 LS
8 3 8 4 24 L
8 3 8 2 18 LS
8 4 9 4 56 R
8 4 7 4 16 R
8 4 8 5 60 R
8 4 8 3 56 S
8 5 9 5 28 S
8 5 7 5 94 L
8 5 8 6 4 S
8 5 8 4 24 L
8 6 9 6 70 LR
8 6 7 6 48 SR
8 6 8 7 52 L
8 6 8 5 16 L
8 7 9 7 8 S
8 7 7 7 42 LS
8 7 8 8 92 LS
8 7 8 6 42 S
8 8 9 8 90 S
8 8 7 8 60 LSR
8 8 8 9 84 L
8 8 8 7 36 LSR
8 9 9 9 90 SR
8 9 7 9 34 LR
8 9 8 10 96 R
8 9 8 8 42 LSR
8 10 9 10 58 L
8 10 7 10 74 LS
8 10 8 11 76 LS
8 10 8 9 78 S
8 11 9 11 90 LSR
8 11 7 11 86 LSR
8 11 8 12 94 SR
8 11 8 10 92 S
8 12 9 12 24 SR
8 12 7 12 14 LR
8 12 8 13 38 SR
8 12 8 11 76 S
8 13 9 13 28 LR
8 13 7 13 46 SR
8 13 8 14 42 R
8 13 8 12 80 LR
8 14 9 14 20 SR
8 14 7 14 60 LS
8 14 8 13 26 LS
9 0 10 0 42 L
9 0 8 0 52 S
9 0 9 1 10 L
9 1 10 1 28 LSR
9 1 8 1 18 S
9 1 9 2 68 R
9 1 9 0 62 L
9 2 10 2 68 LSR
9 2 8 2 78 LSR
9 2 9 3 2 SR
9 2 9 1 6 R
9 3 10 3 46 LR
9 3 8 3 66 SR
9 3 9 4 94 LSR
9 3 9 2 68 LR
9 4 10 4 6 LS
9 4 8 4 74 S
9 4 9 5 20 L
9 4 9 3 14 SR
9 5 10 5 20 R
9 5 8 5 38 LSR
9 5 9 6 64 LS
9 5 9 4 44 LR
9 6 10 6 88 SR
9 6 8 6 6 SR
9 6 9 7 44 LR
9 6 9 5 38 SR
9 7 10 7 2 L
9 7 8 7 10 L
9 7 9 8 14 S
9 7 9 6 2 S
9 8 10 8 60 LSR
9 8 8 8 16 SR
9 8 9 9 68 L
9 8 9 7 64 L
9 9 10 9 30 S
9 9 8 9 88 LSR
9 9 9 10 4 LR
9 9 9 8 32 L
9 10 10 10 60 LSR
9 10 8 10 84 LS
9 10 9 11 70 SR
9 10 9 9 88 R
9 11 10 11 76 LS
9 11 8 11 8 R
9 11 9 12 64 LSR
9 11 9 10 20 S
9 12 10 12 70 L
9 12 8 12 8 LSR
9 12 9 13 66 S
9 12 9 11 36 LS
9 13 10 13 90 LS
9 13 8 13 46 R
9 13 9 14 38 LR
9 13 9 12 70 LS
9 14 10 14 78 R
9 14 8 14 80 LS
9 14 9 13 84 LSR
10 0 11 0 4 S
10 0 9 0 24 SR
10 0 10 1 80 LR
10 1 11 1 24 LS
10 1 9 1 90 L
10 1 10 2 60 LSR
10 1 10 0 40 LR
10 2 11 2 80 L
10 2 9 2 58 SR
10 2 10 3 58 LR
10 2 10 1 68 S
10 3 11 3 28 S
10 3 9 3 80 LR
10 3 10 4 74 LR
10 3 10 2 24 LR
10 4 11 4 42 L
10 4 9 4 48 LS
10 4 10 5 22 LR
10 4 10 3 100 LSR
10 5 11 5 96 LR
10 5 9 5 30 SR
10 5 10 6 76 SR
10 5 10 4 42 S
10 6 11 6 30 LR
10 6 9 6 8 SR
10 6 10 7 86 SR
10 6 10 5 92 SR
10 7 11 7 12 R
10 7 9 7 92 L
10 7 10 8 96 R
10 7 10 6 62 LS
10 8 11 8 28 R
10 8 9 8 20 LSR
10 8 10 9 94 L
10 8 10 7 16 R
10 9 11 9 16 LR
10 9 9 9 46 L
10 9 10 10 78 R
10 9 10 8 100 S
10 10 11 10 64 S
10 10 9 10 42 LS
10 10 10 11 34 LSR
10 10 10 9 56 SR
10 11 11 11 66 S
10 11 9 11 96 LS
10 11 10 12 82 SR
10 11 10 10 16 SR
10 12 11 12 56 L
10 12 9 12 40 SR
10 12 10 13 46 L
10 12 10 11 80 R
10 13 11 13 94 S
10 13 9 13 52 LSR
10 13 10 14 14 LR
10 13 10 12 62 SR
10 14 11 14 38 SR
10 14 9 14 6 S
10 14 10 13 80 LSR
11 0 12 0 84 L
11 0 10 0 64 S
11 0 11 1 88 LSR
11 1 12 1 20 SR
11 1 10 1 54 SR
11 1 11 2 72 R
11 1 11 0 32 R
11 2 12 2 10 R
11 2 10 2 48 S
11 2 11 3 8 LSR
11 2 11 1 76 SR
11 3 12 3 30 LSR
11 3 10 3 22 LSR
11 3 11 4 26 LS
11 3 11 2 88 LSR
11 4 12 4 40 L
11 4 10 4 4 LSR
11 4 11 5 16 LSR
11 4 11 3 80 SR
11 5 12 5 4 R
11 5 10 5 16 R
11 5 11 6 4 L
11 5 11 4 94 SR
11 6 12 6 8 LS
11 6 10 6 94 L
11 6 11 7 76 S
11 6 11 5 74 S
11 7 12 7 46 R
11 7 10 7 8 R
11 7 11 8 68 SR
11 7 11 6 40 SR
11 8 12 8 22 LS
11 8 10 8 6 S
11 8 11 9 92 R
11 8 11 7 4 SR
11 9 12 9 86 S
11 9 10 9 78 SR
11 9 11 10 42 S
11 9 11 8 74 S
11 10 12 10 6 LR
11 10 10 10 54 S
11 10 11 11 76 LSR
11 10 11 9 90 L
11 11 12 11 14 R
11 11 10 11 30 SR
11 11 11 12 88 LS
11 11 11 10 10 R
11 12 12 12 76 L
11 12 10 12 68 L
11 12 11 13 34 LS
11 12 11 11 46 SR
11 13 12 13 88 LS
11 13 10 13 56 L
11 13 11 14 78 L
11 13 11 12 100 LS
11 14 12 14 22 SR
11 14 10 14 80 L
11 14 11 13 94 SR
12 0 13 0 58 S
12 0 11 0 48 R
12 0 12 1 32 SR
12 1 13 1 50 LS
12 1 11 1 74 LS
12 1 12 2 14 LSR
12 1 12 0 60 R
12 2 13 2 74 L
12 2 11 2 82 S
12 2 12 3 22 LSR
12 2 12 1 28 SR
12 3 13 3 6 LR
12 3 11 3 94 L
12 3 12 4 100 SR
12 3 12 2 4 LR
12 4 13 4 30 LS
12 4 11 4 48 L
12 4 12 5 24 L
12 4 12 3 18 S
12 5 13 5 52 SR
12 5 11 5 4 R
12 5 12 6 50 SR
12 5 12 4 32 S
12 6 13 6 30 LR
12 6 11 6 38 L
12 6 12 7 52 S
12 6 12 5 42 LR
12 7 13 7 80 LS
12 7 11 7 22 LS
12 7 12 8 68 R
12 7 12 6 86 LS
12 8 13 8 98 LR
12 8 11 8 20 S
12 8 12 9 76 LR
12 8 12 7 16 S
12 9 13 9 14 LS
12 9 11 9 26 SR
12 9 12 10 30 LR
12 9 12 8 70 LR
12 10 13 10 96 L
12 10 11 10 62 SR
12 10 12 11 84 LS
12 10 12 9 38 LSR
12 11 13 11 56 SR
12 11 11 11 16 LS
12 11 12 12 84 S
12 11 12 10 22 LS
12 12 13 12 10 SR
12 12 11 12 24 L
12 12 12 13 18 LSR
12 12 12 11 70 LS
12 13 13 13 98 S
12 13 11 13 20 R
12 13 12 14 42 LR
12 13 12 12 10 SR
12 14 13 14 32 R
12 14 11 14 50 LS
12 14 12 13 92 S
13 0 14 0 96 L
13 0 12 0 84 R
13 0 13 1 6 LSR
13 1 14 1 92 LR
13 1 12 1 2 L
13 1 13 2 20 LSR
13 1 13 0 8 L
13 2 14 2 8 LR
13 2 12 2 10 L
13 2 13 3 32 S
13 2 13 1 40 SR
13 3 14 3 38 R
13 3 12 3 84 LS
13 3 13 4 36 R
13 3 13 2 28 LR
13 4 14 4 18 R
13 4 12 4 20 LS
13 4 13 5 72 LS
13 4 13 3 34 L
13 5 14 5 26 L
13 5 12 5 30 S
13 5 13 6 62 LR
13 5 13 4 4 LS
13 6 14 6 48 R
13 6 12 6 62 L
13 6 13 7 62 R
13 6 13 5 44 SR
13 7 14 7 4 R
13 7 12 7 82 SR
13 7 13 8 14 R
13 7 13 6 58 LR
13 8 14 8 28 LR
13 8 12 8 80 R
13 8 13 9 62 R
13 8 13 7 82 S
13 9 14 9 76 LR
13 9 12 9 52 L
13 9 13 10 36 LR
13 9 13 8 24 SR
13 10 14 10 92 LR
13 10 12 10 24 R
13 10 13 11 40 LR
13 10 13 9 48 R
13 11 14 11 36 L
13 11 12 11 38 LS
13 11 13 12 66 L
13 11 13 10 72 LR
13 12 14 12 28 LR
13 12 12 12 76 SR
13 12 13 13 38 LS
13 12 13 11 62 LS
13 13 14 13 6 LR
13 13 12 13 90 SR
13 13 13 14 74 L
13 13 13 12 80 LSR
13 14 14 14 34 R
13 14 12 14 4 LS
13 14 13 13 14 L
14 0 13 0 26 SR
14 0 14 1 4 L
14 1 13 1 30 LSR
14 1 14 2 94 L
14 1 14 0 32 R
14 2 13 2 98 LR
14 2 14 3 30 L
14 2 14 1 42 S
14 3 13 3 68 R
14 3 14 4 50 S
14 3 14 2 92 S
14 4 13 4 12 L
14 4 14 5 76 S
14 4 14 3 52 S
14 5 13 5 20 SR
14 5 14 6 70 S
14 5 14 4 52 S
14 6 13 6 32 LS
14 6 14 7 58 L
14 6 14 5 68 R
14 7 13 7 48 S
14 7 14 8 26 L
14 7 14 6 28 S
14 8 13 8 62 SR
14 8 14 9 86 S
14 8 14 7 6 S
14 9 13 9 100 LR
14 9 14 10 78 LS
14 9 14 8 8 SR
14 10 13 10 14 L
14 10 14 11 6 S
14 10 14 9 24 S
14 11 13 11 18 R
14 11 14 12 20 L
14 11 14 10 84 S
14 12 13 12 2 LR
14 12 14 13 4 S
14 12 14 11 34 S
14 13 13 13 82 S
14 13 14 14 46 L
14 13 14 12 80 R
14 14 13 14 10 S
14 14 14 13 34 S
50
14 11 14 12 11 0 11 1 2 3
14 8 13 8 4 9 4 8 3 4
12 14 13 14 11 13 11 14 2 0
9 4 8 4 11 9 12 9 4 1
0 10 1 10 12 3 12 4 3 1
11 1 11 2 6 4 6 3 0 3
7 7 7 6 3 4 2 4 4 4
2 7 3 7 12 2 11 2 2 2
4 6 5 6 9 9 10 9 0 1
7 14 6 14 0 1 0 2 2 1
11 9 11 10 8 5 9 5 3 4
8 4 9 4 7 8 7 7 2 4
2 12 3 12 7 8 7 7 4 0
7 8 6 8 3 14 4 14 4 3
7 0 7 1 6 13 7 13 2 1
11 3 11 4 6 8 7 8 4 2
2 10 2 11 12 7 11 7 4 0
14 13 13 13 14 4 14 3 3 2
0 2 0 3 3 10 2 10 1 2
10 9 10 10 11 0 12 0 4 3
14 6 13 6 12 11 13 11 4 4
12 9 11 9 6 1 5 1 3 2
14 7 13 7 5 5 5 6 1 2
5 10 4 10 3 13 3 12 1 3
12 12 11 12 13 3 14 3 0 1
10 6 9 6 14 11 14 12 0 3
1 13 2 13 5 1 5 2 3 3
5 7 5 8 13 0 14 0 0 2
5 3 5 2 14 4 14 3 0 0
11 6 10 6 8 2 9 2 1 2
5 5 5 4 5 11 4 11 4 4
3 10 3 11 10 6 10 7 2 3
5 5 5 4 3 14 4 14 4 4
4 13 4 12 1 10 1 11 2 1
4 8 5 8 13 10 13 11 3 3
5 14 4 14 5 6 4 6 1 1
14 3 14 2 6 3 5 3 0 3
12 13 11 13 8 12 9 12 1 3
14 0 14 1 11 6 12 6 4 3
13 14 13 13 9 5 9 6 1 4
3 6 3 7 13 10 12 10 1 3
9 13 10 13 13 2 14 2 4 0
11 13 11 12 8 3 9 3 2 4
3 12 3 13 6 2 7 2 4 0
7 0 8 0 0 12 0 13 2 2
2 6 3 6 0 2 0 3 1 1
6 13 6 12 10 14 11 14 3 2
12 0 12 1 5 7 5 8 3 4
6 9 5 9 12 12 12 11 2 1
6 5 7 5 6 11 6 10 1 4
