15 15 1
840
0 0 1 0 88 L
0 0 0 1 36 S
0 1 1 1 48 LR
0 1 0 2 96 SR
0 1 0 0 48 L
0 2 1 2 30 L
0 2 0 3 60 R
0 2 0 1 30 S
0 3 1 3 28 LSR
0 3 0 4 52 SR
0 3 0 2 70 L
0 4 1 4 30 LSR
0 4 0 5 98 R
0 4 0 3 48 S
0 5 1 5 80 R
0 5 0 6 64 S
0 5 0 4 34 L
0 6 1 6 20 LS
0 6 0 7 64 S
0 6 0 5 6 S
0 7 1 7 100 LR
0 7 0 8 58 SR
0 7 0 6 44 LS
0 8 1 8 64 LSR
0 8 0 9 16 S
0 8 0 7 80 L
0 9 1 9 32 LR
0 9 0 10 34 SR
0 9 0 8 30 L
0 10 1 10 8 SR
0 10 0 11 94 SR
0 10 0 9 8 LS
0 11 1 11 32 L
0 11 0 12 62 SR
0 11 0 10 88 LS
0 12 1 12 66 SR
0 12 0 13 48 SR
0 12 0 11 62 LS
0 13 1 13 52 L
0 13 0 14 76 R
0 13 0 12 100 LS
0 14 1 14 96 SR
0 14 0 13 30 L
1 0 2 0 50 L
1 0 0 0 18 R
1 0 1 1 54 S
1 1 2 1 38 LR
1 1 0 1 26 L
1 1 1 2 80 S
1 1 1 0 26 LR
1 2 2 2 8 LS
1 2 0 2 84 L
1 2 1 3 50 R
1 2 1 1 14 L
1 3 2 3 88 R
1 3 0 3 74 R
1 3 1 4 66 LR
1 3 1 2 52 LS
1 4 2 4 70 LS
1 4 0 4 6 R
1 4 1 5 10 L
1 4 1 3 52 S
1 5 2 5 44 LSR
1 5 0 5 50 R
1 5 1 6 62 R
1 5 1 4 62 S
1 6 2 6 4 SR
1 6 0 6 38 LR
1 6 1 7 10 LS
1 6 1 5 6 L
1 7 2 7 26 L
1 7 0 7 70 LR
1 7 1 8 98 L
1 7 1 6 70 R
1 8 2 8 24 LSR
1 8 0 8 42 R
1 8 1 9 48 SR
1 8 1 7 2 L
1 9 2 9 66 L
1 9 0 9 80 R
1 9 1 10 70 LR
1 9 1 8 4 L
1 10 2 10 96 L
1 10 0 10 46 R
1 10 1 11 66 L
1 10 1 9 92 S
1 11 2 11 36 LR
1 11 0 11 26 L
1 11 1 12 12 R
1 11 1 10 20 LSR
1 12 2 12 74 LR
1 12 0 12 70 R
1 12 1 13 68 LS
1 12 1 11 30 S
1 13 2 13 64 LR
1 13 0 13 14 LR
1 13 1 14 76 LR
1 13 1 12 82 L
1 14 2 14 90 S
1 14 0 14 98 L
1 14 1 13 26 LR
2 0 3 0 54 L
2 0 1 0 26 R
2 0 2 1 78 LS
2 1 3 1 74 S
2 1 1 1 42 LS
2 1 2 2 8 R
2 1 2 0 98 L
2 2 3 2 78 L
2 2 1 2 76 LR
2 2 2 3 74 LS
2 2 2 1 12 LSR
2 3 3 3 36 L
2 3 1 3 28 S
2 3 2 4 34 LSR
2 3 2 2 70 LS
2 4 3 4 74 LSR
2 4 1 4 42 LS
2 4 2 5 44 S
2 4 2 3 28 SR
2 5 3 5 100 SR
2 5 1 5 2 LSR
2 5 2 6 62 S
2 5 2 4 68 LR
2 6 3 6 32 SR
2 6 1 6 52 LSR
2 6 2 7 16 LS
2 6 2 5 58 S
2 7 3 7 48 LS
2 7 1 7 20 LR
2 7 2 8 38 SR
2 7 2 6 66 LR
2 8 3 8 18 L
2 8 1 8 30 LS
2 8 2 9 100 LSR
2 8 2 7 58 S
2 9 3 9 68 L
2 9 1 9 92 L
2 9 2 10 80 LSR
2 9 2 8 68 R
2 10 3 10 54 S
2 10 1 10 58 LSR
2 10 2 11 54 R
2 10 2 9 42 R
2 11 3 11 58 LR
2 11 1 11 62 SR
2 11 2 12 50 LSR
2 11 2 10 66 S
2 12 3 12 18 S
2 12 1 12 62 L
2 12 2 13 26 R
2 12 2 11 28 L
2 13 3 13 66 R
2 13 1 13 6 LR
2 13 2 14 54 LR
2 13 2 12 62 LSR
2 14 3 14 72 S
2 14 1 14 46 LS
2 14 2 13 82 SR
3 0 4 0 70 S
3 0 2 0 60 R
3 0 3 1 94 LSR
3 1 4 1 24 SR
3 1 2 1 32 LS
3 1 3 2 32 L
3 1 3 0 82 LR
3 2 4 2 28 R
3 2 2 2 46 L
3 2 3 3 4 LSR
3 2 3 1 82 LS
3 3 4 3 58 S
3 3 2 3 62 L
3 3 3 4 90 LS
3 3 3 2 64 LR
3 4 4 4 62 LR
3 4 2 4 32 LS
3 4 3 5 54 S
3 4 3 3 88 LS
3 5 4 5 58 L
3 5 2 5 48 LR
3 5 3 6 52 SR
3 5 3 4 40 LR
3 6 4 6 62 L
3 6 2 6 6 LS
3 6 3 7 74 LR
3 6 3 5 50 LR
3 7 4 7 92 S
3 7 2 7 90 LSR
3 7 3 8 58 L
3 7 3 6 64 LR
3 8 4 8 48 LS
3 8 2 8 18 S
3 8 3 9 42 R
3 8 3 7 88 S
3 9 4 9 54 LR
3 9 2 9 26 L
3 9 3 10 4 S
3 9 3 8 68 R
3 10 4 10 10 LR
3 10 2 10 50 LSR
3 10 3 11 4 R
3 10 3 9 70 LR
3 11 4 11 42 SR
3 11 2 11 48 LSR
3 11 3 12 86 R
3 11 3 10 36 LS
3 12 4 12 52 LSR
3 12 2 12 32 LSR
3 12 3 13 100 LS
3 12 3 11 88 SR
3 13 4 13 54 L
3 13 2 13 50 SR
3 13 3 14 14 L
3 13 3 12 34 LR
3 14 4 14 44 S
3 14 2 14 32 LS
3 14 3 13 38 LSR
4 0 5 0 2 L
4 0 3 0 44 S
4 0 4 1 72 S
4 1 5 1 32 LR
4 1 3 1 84 R
4 1 4 2 82 SR
4 1 4 0 4 LR
4 2 5 2 66 R
4 2 3 2 26 S
4 2 4 3 14 LR
4 2 4 1 94 SR
4 3 5 3 36 SR
4 3 3 3 62 LS
4 3 4 4 86 SR
4 3 4 2 38 LSR
4 4 5 4 32 LS
4 4 3 4 96 L
4 4 4 5 34 LR
4 4 4 3 24 SR
4 5 5 5 14 S
4 5 3 5 46 LR
4 5 4 6 18 R
4 5 4 4 98 SR
4 6 5 6 40 R
4 6 3 6 80 LR
4 6 4 7 24 LS
4 6 4 5 74 SR
4 7 5 7 46 S
4 7 3 7 80 LR
4 7 4 8 80 L
4 7 4 6 88 LSR
4 8 5 8 54 S
4 8 3 8 46 L
4 8 4 9 54 R
4 8 4 7 52 SR
4 9 5 9 2 SR
4 9 3 9 42 R
4 9 4 10 38 LSR
4 9 4 8 4 R
4 10 5 10 28 LR
4 10 3 10 94 LSR
4 10 4 11 26 LS
4 10 4 9 2 R
4 11 5 11 38 LS
4 11 3 11 46 S
4 11 4 12 78 L
4 11 4 10 72 R
4 12 5 12 70 R
4 12 3 12 4 R
4 12 4 13 76 SR
4 12 4 11 14 SR
4 13 5 13 38 R
4 13 3 13 6 SR
4 13 4 14 22 R
4 13 4 12 38 L
4 14 5 14 2 R
4 14 3 14 68 S
4 14 4 13 52 LS
5 0 6 0 6 L
5 0 4 0 16 S
5 0 5 1 60 LSR
5 1 6 1 72 L
5 1 4 1 38 R
5 1 5 2 54 R
5 1 5 0 22 L
5 2 6 2 12 LSR
5 2 4 2 84 R
5 2 5 3 44 R
5 2 5 1 56 LS
5 3 6 3 4 S
5 3 4 3 58 R
5 3 5 4 64 SR
5 3 5 2 2 LS
5 4 6 4 94 LS
5 4 4 4 50 LSR
5 4 5 5 78 LR
5 4 5 3 84 LSR
5 5 6 5 68 LS
5 5 4 5 64 L
5 5 5 6 58 S
5 5 5 4 12 LR
5 6 6 6 70 LSR
5 6 4 6 28 L
5 6 5 7 14 L
5 6 5 5 24 R
5 7 6 7 10 SR
5 7 4 7 78 LR
5 7 5 8 20 S
5 7 5 6 52 L
5 8 6 8 56 LS
5 8 4 8 40 SR
5 8 5 9 20 L
5 8 5 7 30 LR
5 9 6 9 98 LS
5 9 4 9 28 LS
5 9 5 10 84 LSR
5 9 5 8 82 S
5 10 6 10 76 LR
5 10 4 10 80 S
5 10 5 11 8 R
5 10 5 9 98 L
5 11 6 11 78 L
5 11 4 11 64 S
5 11 5 12 60 LR
5 11 5 10 12 L
5 12 6 12 60 LSR
5 12 4 12 10 LSR
5 12 5 13 18 L
5 12 5 11 72 LSR
5 13 6 13 86 R
5 13 4 13 78 L
5 13 5 14 48 R
5 13 5 12 96 S
5 14 6 14 54 SR
5 14 4 14 90 L
5 14 5 13 78 SR
6 0 7 0 80 S
6 0 5 0 68 SR
6 0 6 1 64 LSR
6 1 7 1 56 LS
6 1 5 1 44 S
6 1 6 2 100 R
6 1 6 0 62 R
6 2 7 2 2 S
6 2 5 2 60 LS
6 2 6 3 34 LSR
6 2 6 1 68 LS
6 3 7 3 26 L
6 3 5 3 56 LSR
6 3 6 4 16 R
6 3 6 2 82 R
6 4 7 4 96 S
6 4 5 4 6 SR
6 4 6 5 8 L
6 4 6 3 66 SR
6 5 7 5 92 S
6 5 5 5 54 LS
6 5 6 6 4 S
6 5 6 4 26 LS
6 6 7 6 14 L
6 6 5 6 10 LSR
6 6 6 7 34 SR
6 6 6 5 20 LR
6 7 7 7 60 L
6 7 5 7 54 LSR
6 7 6 8 38 L
6 7 6 6 86 LR
6 8 7 8 46 L
6 8 5 8 40 R
6 8 6 9 78 LR
6 8 6 7 28 LR
6 9 7 9 48 L
6 9 5 9 92 S
6 9 6 10 44 R
6 9 6 8 38 L
6 10 7 10 44 LSR
6 10 5 10 98 LR
6 10 6 11 68 LSR
6 10 6 9 54 LS
6 11 7 11 50 L
6 11 5 11 30 LS
6 11 6 12 12 R
6 11 6 10 22 S
6 12 7 12 2 LR
6 12 5 12 68 R
6 12 6 13 52 LS
6 12 6 11 56 LSR
6 13 7 13 48 SR
6 13 5 13 36 SR
6 13 6 14 30 L
6 13 6 12 44 LR
6 14 7 14 74 S
6 14 5 14 22 S
6 14 6 13 54 S
7 0 8 0 96 S
7 0 6 0 40 R
7 0 7 1 22 S
7 1 8 1 72 SR
7 1 6 1 62 LS
7 1 7 2 82 LR
7 1 7 0 2 LR
7 2 8 2 40 LS
7 2 6 2 92 LSR
7 2 7 3 88 L
7 2 7 1 94 SR
7 3 8 3 70 R
7 3 6 3 84 LS
7 3 7 4 76 SR
7 3 7 2 94 R
7 4 8 4 40 R
7 4 6 4 68 LR
7 4 7 5 48 L
7 4 7 3 58 L
7 5 8 5 38 S
7 5 6 5 86 L
7 5 7 6 92 S
7 5 7 4 6 R
7 6 8 6 14 LSR
7 6 6 6 96 LSR
7 6 7 7 24 R
7 6 7 5 2 LSR
7 7 8 7 16 LR
7 7 6 7 70 LSR
7 7 7 8 54 LR
7 7 7 6 42 R
7 8 8 8 92 LSR
7 8 6 8 80 LS
7 8 7 9 86 SR
7 8 7 7 44 SR
7 9 8 9 64 R
7 9 6 9 30 LSR
7 9 7 10 44 LSR
7 9 7 8 6 S
7 10 8 10 98 SR
7 10 6 10 14 L
7 10 7 11 80 LSR
7 10 7 9 6 LR
7 11 8 11 20 SR
7 11 6 11 16 S
7 11 7 12 86 L
7 11 7 10 8 LS
7 12 8 12 8 LR
7 12 6 12 2 LS
7 12 7 13 32 SR
7 12 7 11 74 S
7 13 8 13 60 L
7 13 6 13 80 LR
7 13 7 14 32 L
7 13 7 12 34 LR
7 14 8 14 74 SR
7 14 6 14 26 S
7 14 7 13 24 R
8 0 9 0 6 LS
8 0 7 0 68 R
8 0 8 1 38 LS
8 1 9 1 8 R
8 1 7 1 44 LS
8 1 8 2 34 LSR
8 1 8 0 10 L
8 2 9 2 60 SR
8 2 7 2 18 L
8 2 8 3 94 LS
8 2 8 1 96 LR
8 3 9 3 82 LSR
8 3 7 3 12 S
8 3 8 4 14 SR
8 3 8 2 80 LSR
8 4 9 4 34 LS
8 4 7 4 40 LSR
8 4 8 5 18 L
8 4 8 3 70 R
8 5 9 5 60 LR
8 5 7 5 32 LS
8 5 8 6 22 R
8 5 8 4 46 L
8 6 9 6 64 LSR
8 6 7 6 38 S
8 6 8 7 56 LSR
8 6 8 5 98 LSR
8 7 9 7 4 R
8 7 7 7 90 LS
8 7 8 8 40 LSR
8 7 8 6 96 LS
8 8 9 8 34 LR
8 8 7 8 82 LR
8 8 8 9 16 SR
8 8 8 7 76 L
8 9 9 9 92 SR
8 9 7 9 28 R
8 9 8 10 28 LSR
8 9 8 8 56 SR
8 10 9 10 30 R
8 10 7 10 96 SR
8 10 8 11 52 LR
8 10 8 9 32 SR
8 11 9 11 46 SR
8 11 7 11 28 L
8 11 8 12 68 LSR
8 11 8 10 74 SR
8 12 9 12 56 L
8 12 7 12 94 LS
8 12 8 13 66 SR
8 12 8 11 34 S
8 13 9 13 98 L
8 13 7 13 26 S
8 13 8 14 60 R
8 13 8 12 70 S
8 14 9 14 62 SR
8 14 7 14 12 LS
8 14 8 13 10 S
9 0 10 0 98 LS
9 0 8 0 36 R
9 0 9 1 56 LSR
9 1 10 1 18 LSR
9 1 8 1 90 SR
9 1 9 2 60 LS
9 1 9 0 90 L
9 2 10 2 38 SR
9 2 8 2 12 S
9 2 9 3 88 SR
9 2 9 1 16 L
9 3 10 3 94 LS
9 3 8 3 98 R
9 3 9 4 94 SR
9 3 9 2 90 S
9 4 10 4 90 LSR
9 4 8 4 86 R
9 4 9 5 62 LR
9 4 9 3 50 SR
9 5 10 5 50 LS
9 5 8 5 92 R
9 5 9 6 54 LS
9 5 9 4 46 LSR
9 6 10 6 70 S
9 6 8 6 100 SR
9 6 9 7 6 LSR
9 6 9 5 46 LR
9 7 10 7 50 L
9 7 8 7 66 S
9 7 9 8 18 LS
9 7 9 6 78 S
9 8 10 8 78 S
9 8 8 8 44 LR
9 8 9 9 72 SR
9 8 9 7 96 S
9 9 10 9 36 LR
9 9 8 9 100 S
9 9 9 10 4 LR
9 9 9 8 52 LR
9 10 10 10 28 R
9 10 8 10 54 S
9 10 9 11 32 SR
9 10 9 9 28 LSR
9 11 10 11 10 LS
9 11 8 11 40 S
9 11 9 12 14 S
9 11 9 10 98 L
9 12 10 12 22 S
9 12 8 12 94 SR
9 12 9 13 22 LR
9 12 9 11 82 SR
9 13 10 13 48 LS
9 13 8 13 90 LSR
9 13 9 14 44 L
9 13 9 12 58 LSR
9 14 10 14 12 S
9 14 8 14 22 LS
9 14 9 13 40 R
10 0 11 0 6 S
10 0 9 0 22 S
10 0 10 1 38 LSR
10 1 11 1 10 R
10 1 9 1 70 LR
10 1 10 2 84 L
10 1 10 0 38 L
10 2 11 2 98 R
10 2 9 2 46 S
10 2 10 3 86 LS
10 2 10 1 48 LS
10 3 11 3 70 LR
10 3 9 3 82 LS
10 3 10 4 76 SR
10 3 10 2 12 LR
10 4 11 4 80 S
10 4 9 4 16 S
10 4 10 5 14 L
10 4 10 3 56 LSR
10 5 11 5 16 LR
10 5 9 5 98 SR
10 5 10 6 72 SR
10 5 10 4 78 R
10 6 11 6 76 LSR
10 6 9 6 78 LSR
10 6 10 7 80 SR
10 6 10 5 70 R
10 7 11 7 72 LS
10 7 9 7 66 L
10 7 10 8 60 SR
10 7 10 6 92 R
10 8 11 8 68 SR
10 8 9 8 6 L
10 8 10 9 50 L
10 8 10 7 48 LSR
10 9 11 9 56 LR
10 9 9 9 66 L
10 9 10 10 70 SR
10 9 10 8 22 LS
10 10 11 10 22 R
10 10 9 10 70 L
10 10 10 11 14 R
10 10 10 9 96 LSR
10 11 11 11 46 SR
10 11 9 11 76 LS
10 11 10 12 78 LSR
10 11 10 10 92 LS
10 12 11 12 60 LSR
10 12 9 12 70 LSR
10 12 10 13 20 L
10 12 10 11 66 S
10 13 11 13 80 LSR
10 13 9 13 2 LS
10 13 10 14 70 L
10 13 10 12 76 SR
10 14 11 14 22 S
10 14 9 14 84 L
10 14 10 13 8 L
11 0 12 0 26 S
11 0 10 0 70 R
11 0 11 1 58 L
11 1 12 1 6 L
11 1 10 1 38 SR
11 1 11 2 62 LS
11 1 11 0 4 R
11 2 12 2 22 S
11 2 10 2 24 SR
11 2 11 3 44 S
11 2 11 1 6 SR
11 3 12 3 56 LS
11 3 10 3 18 LS
11 3 11 4 8 LR
11 3 11 2 98 L
11 4 12 4 10 SR
11 4 10 4 58 LR
11 4 11 5 68 R
11 4 11 3 28 L
11 5 12 5 98 LR
11 5 10 5 8 LR
11 5 11 6 34 LS
11 5 11 4 98 L
11 6 12 6 90 SR
11 6 10 6 50 LS
11 6 11 7 90 LSR
11 6 11 5 20 LSR
11 7 12 7 10 LS
11 7 10 7 74 L
11 7 11 8 54 LS
11 7 11 6 28 R
11 8 12 8 22 LR
11 8 10 8 38 LS
11 8 11 9 10 SR
11 8 11 7 78 L
11 9 12 9 40 LSR
11 9 10 9 94 SR
11 9 11 10 86 L
11 9 11 8 50 R
11 10 12 10 18 L
11 10 10 10 70 R
11 10 11 11 30 SR
11 10 11 9 84 S
11 11 12 11 12 S
11 11 10 11 18 L
11 11 11 12 38 LSR
11 11 11 10 90 LR
11 12 12 12 64 R
11 12 10 12 98 LR
11 12 11 13 34 L
11 12 11 11 78 SR
11 13 12 13 38 SR
11 13 10 13 74 S
11 13 11 14 24 R
11 13 11 12 6 LSR
11 14 12 14 84 S
11 14 10 14 62 S
11 14 11 13 78 LR
12 0 13 0 46 L
12 0 11 0 36 SR
12 0 12 1 24 LS
12 1 13 1 8 SR
12 1 11 1 76 LS
12 1 12 2 14 LS
12 1 12 0 54 L
12 2 13 2 16 L
12 2 11 2 18 R
12 2 12 3 92 SR
12 2 12 1 22 LR
12 3 13 3 28 S
12 3 11 3 28 LSR
12 3 12 4 22 LSR
12 3 12 2 86 L
12 4 13 4 82 L
12 4 11 4 52 R
12 4 12 5 2 LS
12 4 12 3 52 S
12 5 13 5 90 SR
12 5 11 5 44 LSR
12 5 12 6 78 S
12 5 12 4 30 LSR
12 6 13 6 48 L
12 6 11 6 60 LSR
12 6 12 7 100 S
12 6 12 5 66 LS
12 7 13 7 92 SR
12 7 11 7 98 R
12 7 12 8 56 R
12 7 12 6 34 SR
12 8 13 8 72 S
12 8 11 8 68 LR
12 8 12 9 24 L
12 8 12 7 78 LR
12 9 13 9 58 SR
12 9 11 9 34 LR
12 9 12 10 62 R
12 9 12 8 56 LR
12 10 13 10 12 LR
12 10 11 10 98 LR
12 10 12 11 76 S
12 10 12 9 18 LS
12 11 13 11 82 LS
12 11 11 11 54 S
12 11 12 12 10 LR
12 11 12 10 32 R
12 12 13 12 82 LSR
12 12 11 12 58 S
12 12 12 13 96 L
12 12 12 11 76 R
12 13 13 13 46 L
12 13 11 13 68 SR
12 13 12 14 40 L
12 13 12 12 58 R
12 14 13 14 62 R
12 14 11 14 82 LS
12 14 12 13 14 L
13 0 14 0 12 L
13 0 12 0 22 S
13 0 13 1 2 LSR
13 1 14 1 90 LR
13 1 12 1 38 SR
13 1 13 2 54 L
13 1 13 0 12 LR
13 2 14 2 30 L
13 2 12 2 58 LR
13 2 13 3 64 LS
13 2 13 1 88 S
13 3 14 3 36 L
13 3 12 3 96 SR
13 3 13 4 88 LS
13 3 13 2 26 LSR
13 4 14 4 98 L
13 4 12 4 24 LR
13 4 13 5 32 S
13 4 13 3 92 LR
13 5 14 5 58 L
13 5 12 5 10 LS
13 5 13 6 100 L
13 5 13 4 76 SR
13 6 14 6 26 LR
13 6 12 6 80 S
13 6 13 7 90 R
13 6 13 5 68 LS
13 7 14 7 8 R
13 7 12 7 10 L
13 7 13 8 72 R
13 7 13 6 72 LS
13 8 14 8 2 R
13 8 12 8 8 R
13 8 13 9 94 S
13 8 13 7 54 LS
13 9 14 9 74 L
13 9 12 9 16 S
13 9 13 10 30 SR
13 9 13 8 44 SR
13 10 14 10 56 L
13 10 12 10 82 R
13 10 13 11 16 LSR
13 10 13 9 12 L
13 11 14 11 82 LR
13 11 12 11 16 LS
13 11 13 12 30 R
13 11 13 10 86 R
13 12 14 12 72 R
13 12 12 12 34 L
13 12 13 13 28 LS
13 12 13 11 10 SR
13 13 14 13 32 R
13 13 12 13 24 SR
13 13 13 14 70 L
13 13 13 12 76 LSR
13 14 14 14 36 R
13 14 12 14 36 LS
13 14 13 13 34 LSR
14 0 13 0 2 SR
14 0 14 1 66 LS
14 1 13 1 82 LSR
14 1 14 2 82 LS
14 1 14 0 18 R
14 2 13 2 46 LSR
14 2 14 3 64 L
14 2 14 1 38 R
14 3 13 3 98 LSR
14 3 14 4 90 LS
14 3 14 2 30 R
14 4 13 4 86 LS
14 4 14 5 62 S
14 4 14 3 36 R
14 5 13 5 6 L
14 5 14 6 34 S
14 5 14 4 64 S
14 6 13 6 4 S
14 6 14 7 82 S
14 6 14 5 68 S
14 7 13 7 94 LSR
14 7 14 8 98 S
14 7 14 6 96 S
14 8 13 8 22 S
14 8 14 9 40 S
14 8 14 7 94 S
14 9 13 9 42 LR
14 9 14 10 86 L
14 9 14 8 88 S
14 10 13 10 96 LS
14 10 14 11 82 LS
14 10 14 9 64 S
14 11 13 11 42 LR
14 11 14 12 94 L
14 11 14 10 22 SR
14 12 13 12 2 LS
14 12 14 13 80 L
14 12 14 11 78 SR
14 13 13 13 48 L
14 13 14 14 38 L
14 13 14 12 20 S
14 14 13 14 28 S
14 14 14 13 48 R
50
3 13 4 13 8 13 8 12 2 1
10 8 9 8 10 4 9 4 1 3
8 12 9 12 6 8 5 8 2 0
5 10 4 10 9 4 9 3 0 3
4 6 4 5 13 7 13 6 1 1
12 7 12 8 8 12 8 13 3 4
9 9 9 10 3 10 4 10 0 2
14 1 14 2 14 14 13 14 3 4
11 9 11 8 6 10 5 10 4 1
6 3 6 4 6 3 5 3 0 4
5 8 5 9 10 4 10 3 0 1
14 13 14 14 6 0 7 0 4 1
11 13 11 12 7 5 6 5 1 2
13 12 14 12 7 14 8 14 1 3
12 6 12 7 0 3 1 3 4 0
12 7 12 8 7 10 6 10 4 4
5 11 5 12 11 2 10 2 1 2
11 1 12 1 9 8 8 8 1 3
7 3 8 3 7 11 6 11 0 0
5 4 5 5 4 5 3 5 1 3
9 8 9 9 0 8 0 9 4 0
5 7 5 6 5 13 4 13 0 4
13 3 13 4 3 10 4 10 4 1
7 6 8 6 8 14 8 13 4 0
10 5 9 5 11 9 12 9 3 2
10 0 11 0 12 10 12 9 1 0
5 9 5 10 13 2 13 3 4 4
4 14 3 14 1 4 2 4 2 1
9 14 9 13 5 8 5 9 3 4
9 12 9 13 11 14 12 14 4 3
13 13 14 13 5 8 6 8 2 0
7 9 7 8 10 8 11 8 1 1
10 3 11 3 14 9 13 9 0 0
11 2 11 3 10 7 10 6 4 1
6 13 6 12 11 2 11 1 1 3
3 10 3 9 14 8 14 9 0 2
9 12 9 11 10 5 11 5 4 4
14 4 14 3 1 6 0 6 2 4
3 8 4 8 7 3 7 2 2 2
4 11 5 11 7 11 7 10 4 1
3 4 2 4 1 6 1 7 0 0
7 3 7 4 9 5 9 6 0 4
14 8 13 8 2 7 2 6 0 1
8 9 8 8 6 12 6 13 1 3
0 3 1 3 4 3 4 4 2 3
5 0 4 0 2 8 2 9 4 4
5 7 5 6 1 12 2 12 1 0
2 9 3 9 2 12 2 11 4 0
6 13 6 12 8 1 7 1 4 1
3 11 3 12 5 4 6 4 3 0
