1232
1629 10
245
1393
1160
1056
59
419
146
443
1049
222
1018
1259
469
575
1536
1607
1578
1091
462
1008
1267
844
1100
932
1415
608
134
444
238
836
35
1456
1250
1177
1606
425
592
1389
975
788
1577
107
199
660
296
965
144
585
439
144
5
1629
171
50
989
539
1462
883
438
1270
1238
1115
1502
628
1190
91
1267
91
543
772
254
632
1467
658
228
361
1461
1272
1278
887
1386
952
764
1409
1147
247
1329
230
1111
1402
1525
128
1228
1573
1382
1321
992
581
309
712
1536
1477
596
999
601
775
253
1485
681
297
745
171
1503
471
1477
460
245
88
744
1375
782
1371
1597
1279
1283
882
1064
1029
1509
383
1278
525
67
247
272
196
252
1213
281
390
1550
953
148
948
983
308
1293
939
851
795
1203
763
1061
1399
412
760
1051
942
932
1116
953
1355
809
272
128
1156
775
901
782
45
927
538
542
605
215
859
651
1131
1048
681
1231
972
740
823
973
302
442
1453
534
539
1270
1111
529
678
339
193
1311
37
143
219
879
1426
1089
1269
1122
1088
1579
719
922
1020
1063
234
1542
754
691
598
1016
1606
652
972
179
807
942
471
357
1482
1165
732
262
331
1132
1467
570
860
1315
807
938
858
409
1008
40
1255
887
262
110
84
552
70
1331
842
890
1098
314
1046
113
1586
1549
490
1157
1327
325
1497
863
254
1228
802
72
1395
323
1254
985
268
1141
638
1412
1297
112
298
352
600
549
875
743
661
1367
836
54
768
891
762
1467
1125
1391
1565
1030
974
860
773
74
399
1161
1183
751
465
1438
311
1125
1512
664
355
109
910
1090
1045
1113
935
809
1474
324
323
466
1452
264
1084
639
679
581
237
1416
610
708
1619
1056
71
227
1543
869
950
1547
291
813
1615
632
1576
891
1262
1399
323
271
750
776
1210
1148
487
191
117
605
1502
139
1342
71
1488
189
50
427
1520
282
829
1152
408
108
830
631
8
1457
597
802
513
679
1569
184
433
1488
1180
972
1523
1410
841
943
779
1558
1276
1131
836
101
309
140
1113
704
126
1326
383
643
1169
274
1228
1069
908
647
859
311
758
659
1301
647
437
294
163
874
895
1243
265
1232
218
352
102
1337
810
1338
1235
329
465
873
746
1306
1191
1508
1545
691
619
79
618
1602
314
785
113
431
1579
323
122
730
7
721
1441
1552
140
837
1215
813
776
46
656
773
45
313
541
363
949
7
439
822
650
601
1104
536
1327
270
1260
410
1170
851
364
1428
683
1159
1106
1055
1497
912
1181
381
187
651
1538
640
161
744
1627
1616
1465
655
1181
1532
1605
53
1553
649
1551
1121
149
1267
1056
290
231
200
121
73
1546
984
1172
0
663
1605
416
900
171
457
1582
827
1500
1221
48
742
88
1493
430
318
1569
260
594
1606
1404
759
1427
566
581
1072
42
1516
1206
13
238
859
679
451
632
959
1486
1626
1558
706
1298
587
544
1113
1117
890
495
448
26
354
810
195
893
55
692
966
1064
1372
1051
218
719
1578
662
345
132
408
215
955
1132
1561
1308
1251
1000
1134
596
1325
1259
1519
799
634
1024
1129
981
1037
696
73
990
375
528
1034
1383
1444
618
1478
663
1215
85
1242
475
1421
1515
994
122
161
625
656
103
1413
31
1088
567
1629
52
919
1063
1332
1106
200
484
595
1197
264
139
495
161
1009
1521
701
1495
1619
74
1316
1154
898
824
637
1548
1528
871
888
1145
404
974
393
707
944
564
453
579
805
417
398
1193
437
573
1074
750
214
849
525
441
570
1486
810
939
951
206
1492
39
988
1615
470
123
1244
709
1629
1484
1486
586
1283
365
1463
495
1268
558
359
719
946
1496
1587
661
571
1287
315
394
294
1036
1296
346
802
1510
462
654
632
589
1340
875
910
260
825
81
1075
1200
1231
657
813
1324
1461
683
586
104
938
709
1379
810
448
218
1200
399
857
605
1557
1181
116
178
892
403
383
1290
1056
1424
815
306
1244
206
499
1429
1350
836
1454
1551
110
1085
1339
1547
219
1304
1210
783
1079
372
315
1308
1428
108
858
803
536
1624
369
253
974
923
1495
666
293
1040
1433
1317
607
192
416
891
888
1296
1415
944
258
1502
636
1248
643
1520
376
1209
117
365
252
683
1032
1098
455
645
64
1562
1552
1216
260
248
574
1337
394
505
1483
706
824
1257
560
2
1013
12
683
1048
1529
280
867
64
505
1245
1063
1588
62
889
1350
484
634
722
1157
1099
982
52
1603
396
457
591
84
1067
1011
1042
46
1567
1555
641
1406
431
239
683
697
779
1615
948
1039
1515
566
248
876
1480
1182
1369
1277
387
1622
210
1455
821
574
466
1085
930
808
1367
687
1319
268
1152
199
1554
988
1277
975
126
1518
1308
1221
1290
1043
843
214
1557
832
1002
1491
1212
896
51
161
382
700
1118
1609
136
621
1017
122
532
404
192
1625
36
689
764
294
468
17
904
64
1203
1620
1376
41
577
502
1402
158
633
113
286
639
1507
1627
1067
172
1499
74
1276
1166
123
251
444
1316
536
925
701
1189
726
80
86
1424
735
81
698
447
825
1054
433
1064
211
254
777
149
87
1273
673
585
242
1070
1038
331
1427
793
1620
1081
432
733
274
1258
1356
780
1526
646
57
444
1004
1478
1257
1550
979
1436
575
774
729
1297
157
1415
1604
147
1547
508
797
1008
1222
739
187
542
704
1398
1474
24
1056
1385
865
668
1192
1036
667
1402
596
750
1605
1310
1325
867
1617
1163
1513
341
1003
1256
682
1588
1543
1037
274
77
518
1610
1477
1434
583
1045
1371
1208
14
935
1059
514
1511
54
1349
1220
695
47
547
1225
494
502
985
1394
222
555
732
102
1544
174
1088
551
1197
1601
1150
513
360
1385
362
1133
141
323
1061
1536
1391
405
507
1291
1350
1153
804
791
421
1460
1367
417
1338
978
917
954
860
1381
416
163
1427
1182
696
1381
1101
175
605
734
1362
712
24
789
413
1032
568
999
1581
918
67
978
1447
466
943
598
958
1196
1361
899
980
1472
791
618
950
1135
1519
222
1360
1188
262
131
726
1531
864
231
1465
787
687
1109
1354
114
1090
1519
153
1294
25
420
727
81
1110
1071
1484
990
1262
115
630
53
851
465
1446
591
78
977
1470
622
895
263
1461
341
16
265
1579
1295
425
806
1524
672
436
179
80
398
974
257
1046
773
851
1081
41
588
244
672
317
1582
168
