2000
2000 20
1495
617
173
1930
1842
1844
1439
828
1573
364
1421
1921
1831
93
212
1390
617
1416
1267
533
1189
412
141
1573
1912
316
1957
1093
496
412
720
1912
605
1573
57
412
682
1922
93
1426
54
617
212
373
1930
1457
188
929
373
204
1706
1809
1930
1017
1346
554
186
1656
57
1831
1921
1656
1919
1390
748
1912
650
716
1577
543
1919
1912
1457
1912
325
263
1656
1562
1772
1189
1831
1457
1577
919
720
141
929
1912
373
1983
1919
570
497
496
364
39
748
1373
1189
933
1842
186
1710
316
373
1815
624
1189
720
543
1983
933
1848
1832
364
161
1189
748
1390
1809
1673
1189
1577
117
1957
39
1679
1842
1093
1416
1832
1842
325
1577
1772
1346
1922
1416
1373
393
1107
1919
496
1335
1457
786
173
204
720
933
188
886
1577
393
1921
533
1922
1832
828
1815
1479
554
533
412
1416
1488
497
748
1656
1562
605
188
186
949
949
57
543
1840
54
1093
698
1656
886
933
543
1679
786
1421
159
54
886
948
933
159
828
1831
1457
1656
54
57
282
1097
1848
212
54
1848
1457
933
188
650
933
1372
748
108
1421
630
748
1921
1930
543
1815
1495
748
786
325
617
364
1267
173
1488
93
1416
570
117
1957
1844
325
159
54
1095
393
1710
1710
1706
554
624
1390
117
720
570
163
1673
1390
1097
93
1656
54
1919
161
929
786
1097
117
1922
393
886
1267
1562
1016
1479
1335
1831
161
1577
163
282
949
263
904
1844
624
173
886
1390
1930
948
1832
57
605
1679
1097
161
1815
1189
1912
1573
1848
1479
639
624
1297
1479
1831
624
1840
1297
188
1840
1922
393
1809
948
1457
720
1457
933
1267
1831
1297
1457
1390
1095
1815
316
1335
496
605
57
173
1577
1577
1335
1840
412
1832
630
933
412
1297
1416
1673
204
698
497
1562
1656
1416
1983
720
949
1679
1912
919
1267
186
639
393
1844
1457
188
1479
188
624
1844
1673
748
263
1093
1912
497
1416
630
949
186
1426
1107
117
204
1093
682
1495
1679
26
1706
554
904
554
533
1844
1710
1832
933
1983
263
159
186
1189
316
1390
1840
933
1706
1297
1573
630
1577
212
1016
1912
212
364
752
1093
570
543
212
570
1267
1495
57
54
282
1297
1772
624
1439
617
1426
1912
1373
316
1710
1679
949
57
1832
325
752
188
1333
282
1095
1679
316
1983
904
1562
1372
1189
624
1706
1479
1457
650
212
752
752
543
1930
108
1265
1832
364
163
263
543
1016
1390
1957
1844
929
748
1772
1562
1679
186
919
570
117
1832
1416
1573
141
93
159
1335
141
1335
1372
212
1919
1840
1390
1016
630
1919
108
828
1267
639
188
650
1573
497
752
1979
393
1016
1656
886
393
212
1844
1656
204
1107
748
39
212
682
1673
1912
1930
1577
1673
393
682
1706
117
1679
26
949
1421
1679
373
186
1346
1297
919
828
1373
1333
929
1421
54
904
1577
316
39
786
108
919
720
188
948
1265
141
1706
904
1189
1373
26
1426
1919
496
650
1189
682
682
117
605
828
533
533
364
1842
1930
543
1673
1983
1189
1265
1842
212
1189
533
364
163
948
554
716
1267
1267
682
1390
393
1426
39
630
1656
1679
650
1267
1267
316
1095
393
1335
1346
1495
1848
1373
1983
1439
949
1372
720
325
1390
570
1457
904
1097
159
1016
1439
1921
1656
1919
1979
1297
1095
948
496
1979
933
533
1093
1815
412
1495
1809
630
543
639
1844
886
624
1372
1479
1416
786
173
108
1832
1919
554
1919
919
1912
786
543
1093
748
716
698
1439
1912
698
1297
1017
716
204
373
1848
1333
188
948
1983
543
1562
720
1189
1267
1016
496
1390
1488
54
1416
1957
1297
1107
1957
919
141
1093
1297
1772
698
159
186
1373
1577
1267
316
108
1495
698
1848
1488
617
161
1577
1439
108
57
39
497
263
1848
630
948
1335
752
630
1710
161
141
1495
1921
543
1815
698
316
1335
1372
1093
570
1016
1710
412
748
682
1265
1093
1710
39
364
650
1390
1930
1979
316
1457
1297
364
1346
1706
933
364
720
1679
159
497
364
1673
93
1577
1930
949
828
1922
1912
173
373
54
316
1016
1488
496
1815
543
698
748
1107
373
1809
1840
533
373
1577
188
1957
54
1335
1922
1921
39
1346
1710
752
624
1809
650
1840
1457
1095
161
1844
554
1416
570
1426
1656
1840
1488
1562
698
1912
650
26
1488
904
497
393
650
1840
364
173
1922
373
364
948
716
163
1439
948
393
682
1426
93
108
159
1488
1912
1922
1095
904
364
904
650
1267
1573
186
117
496
748
263
543
1097
26
1017
263
141
720
1097
173
570
1679
1919
159
1267
570
57
949
1831
1097
1815
1831
748
1922
1335
173
1416
159
1421
570
1416
1957
919
1297
1919
949
1922
325
1844
496
617
1577
1840
682
748
716
1921
117
1772
1832
1267
1983
141
173
325
393
1656
393
1373
204
682
57
1479
1372
630
93
173
1267
1346
1297
1848
159
630
188
212
929
497
1831
1772
1832
748
1930
1957
1772
93
948
682
570
1335
828
1844
316
497
933
716
1426
639
639
1983
1912
1831
949
161
1809
1673
1189
316
108
316
497
1930
1679
173
1390
364
1848
316
1983
1912
1093
904
373
1772
204
752
93
1844
570
159
1922
1679
373
948
325
1673
1832
1107
929
1930
1017
624
412
373
1479
650
682
316
1842
1416
1656
605
316
1189
716
1809
373
1912
1017
1809
543
325
1979
1979
682
1832
1479
1457
364
1562
1832
1488
1189
698
786
1772
1815
1573
497
93
605
1095
919
716
1335
1983
1093
1772
1673
1017
624
1815
1421
1016
617
1457
1710
412
1922
93
1426
26
554
748
630
1267
630
1673
1577
1562
263
1842
1335
364
1457
948
1832
161
748
1372
720
54
1848
1930
786
533
263
204
1562
26
605
263
393
886
1426
639
1107
786
1562
828
1346
904
948
188
39
698
1333
1844
1373
1957
650
698
173
554
554
752
1016
630
1421
412
605
1017
1979
316
1832
1706
93
1577
39
650
1919
263
650
1372
1372
163
1097
748
117
828
1842
1919
212
412
698
716
57
1772
886
108
161
949
919
1921
282
57
1297
1832
543
412
373
1979
1979
570
159
54
786
212
316
163
159
1673
948
1983
543
325
186
570
1710
163
496
1919
1840
1815
1439
1457
1930
39
1831
1983
212
1957
282
933
1016
1844
282
1573
173
204
748
929
117
1577
26
1840
752
624
1416
1922
1479
570
1706
720
1333
1957
949
161
929
412
630
1016
570
364
1267
186
412
141
1097
1679
39
1772
1107
1831
1426
929
186
533
929
1265
412
1562
188
163
786
624
282
1772
39
1809
39
949
1957
1107
325
1979
1673
886
1457
186
173
1095
617
1189
570
1107
720
325
720
1267
554
1809
1333
1107
1421
186
1848
624
325
1346
1488
716
929
904
1983
1912
1488
186
1421
173
1832
1016
1710
117
1372
1495
39
1809
1979
624
1577
1573
933
1335
26
919
141
159
1439
698
496
1265
163
682
325
1919
786
108
1562
1921
1333
886
828
1093
1921
1095
54
173
554
716
1479
543
624
1912
1372
26
949
1919
1832
1710
786
1335
1957
886
316
919
54
919
26
173
1673
186
1265
1832
1844
1679
886
828
1844
752
141
933
1957
54
1439
316
117
1710
108
1815
1979
412
161
949
1093
533
828
1097
1656
54
1346
364
93
1495
1844
1673
93
1373
748
716
617
570
173
1815
1479
570
748
748
1912
93
212
1267
1562
570
570
1189
1333
1488
163
159
188
533
263
263
1093
497
1372
93
1095
1016
54
919
1656
1346
630
1573
720
1930
93
919
1831
497
1421
282
933
173
1912
93
698
1346
605
163
1706
1983
1016
624
26
204
1957
1919
554
605
1372
1706
1919
1809
117
282
570
39
933
161
1017
919
533
1848
1095
496
1297
904
1016
1335
605
1097
1107
1495
159
929
886
1373
1265
716
186
624
1772
1189
1488
173
748
1706
1577
1107
26
1488
1809
1017
496
543
263
720
786
1673
682
639
1921
163
1832
1957
1815
1573
316
373
624
886
828
543
828
212
26
617
554
1772
533
1673
1831
1772
1479
624
1095
159
1297
1016
720
1710
933
1912
316
919
1093
1832
752
1416
39
26
393
682
393
1832
263
828
1809
1844
1912
786
57
1495
1095
173
1919
650
929
1710
1107
393
1421
325
173
1479
1919
163
141
263
212
117
1921
1107
393
364
364
1842
682
186
720
786
617
1656
933
948
186
188
1457
1439
1097
1016
1983
716
1832
682
212
1457
373
1488
1831
159
373
1832
412
117
1844
886
650
1957
1479
1017
1919
1831
1922
1457
1439
1426
929
1016
698
496
161
570
188
1831
1921
1439
639
570
886
496
630
929
1335
1390
1267
1346
1373
617
1656
108
1421
1562
1832
639
1017
1577
533
325
1983
57
39
1844
1562
1815
1809
752
720
1373
533
186
1656
188
1439
1912
212
748
543
412
1488
1265
263
1439
1848
1562
1930
1842
948
1831
364
496
949
282
163
1107
263
748
1097
1922
1346
949
1426
828
1267
698
1265
1848
1710
716
1189
1842
1416
496
1189
1016
1815
1390
1495
1373
1335
1488
1372
108
605
1390
543
1983
373
1335
639
624
1832
533
1848
1842
554
919
919
828
1016
1832
919
108
1335
117
1107
39
1495
1372
904
1189
141
1372
886
1016
108
716
1416
1416
412
393
543
1912
1809
682
1421
1679
412
496
188
159
1335
1979
1957
497
93
1832
1979
605
1979
1979
188
282
159
1439
630
1189
1097
1577
1346
929
1095
1421
39
554
1457
1844
624
786
630
716
1335
1017
1679
617
886
188
1809
263
316
1815
1957
1346
263
163
630
1097
1457
1815
748
933
173
1265
919
554
639
1017
1840
639
1297
108
1439
1346
1439
316
54
1815
1346
1710
57
117
933
533
1673
948
1710
212
904
1346
1919
748
570
948
1333
748
159
630
282
948
412
325
1772
393
54
54
1346
39
1093
1265
533
57
1573
786
1919
949
748
1921
57
263
1848
1912
1562
1912
617
1265
282
1017
186
682
886
720
141
1710
364
543
1656
141
1710
1679
1912
1297
1840
1095
1842
828
1095
1421
570
1930
1957
1017
57
1333
716
39
263
1930
1335
1495
617
1844
1439
748
639
828
1844
904
904
161
1679
698
412
1844
904
1840
188
1815
1016
1919
1831
1831
57
624
141
282
39
1426
1297
1479
1656
1390
263
1457
373
1921
1421
1710
186
1421
1930
1335
1439
919
1097
1562
1562
1390
720
1372
1267
263
630
1848
263
1922
1421
1390
117
1815
698
1912
316
1107
1373
1488
786
1919
496
617
1416
1919
720
204
1372
1957
1679
188
26
1832
543
533
1562
904
1297
904
1922
1815
186
716
1373
