2000
2000 20
102
1354
1113
1299
107
429
1896
1763
74
1076
425
1324
597
1696
1667
267
1720
701
1317
854
280
558
1040
693
804
691
1380
991
897
658
1755
1781
424
1635
1965
786
545
1139
710
1028
1358
958
1143
948
501
536
1508
670
330
1245
702
350
1505
1644
439
1733
872
334
1674
34
37
852
509
192
850
698
602
812
867
1735
1221
555
136
1993
647
692
1827
674
1407
400
1010
312
327
32
180
555
212
444
512
1384
1093
1088
1776
1594
186
809
681
371
952
23
971
1821
742
1088
49
1570
947
1639
1726
460
1999
1053
1533
968
1248
1822
134
1821
51
504
1457
1654
538
670
1410
338
158
1451
1768
1645
1074
1193
72
1959
1134
1651
1419
1555
620
632
816
1354
355
1362
1092
1556
775
1208
183
1424
1875
1291
1162
1950
504
1260
205
1634
1407
645
1433
530
1519
1325
52
636
849
979
1756
1785
1287
298
938
1827
1507
85
531
229
1119
352
380
1445
1022
416
1790
859
988
1873
627
346
929
1734
1570
1403
1981
207
945
351
601
1801
126
1206
744
215
1129
1630
389
533
1106
921
95
1424
1549
1637
1743
406
1987
1078
209
1653
170
1502
679
438
15
480
1472
692
1992
1827
1804
803
1509
1623
966
1977
525
1053
821
666
452
540
788
1911
1746
1372
538
111
1481
1538
1336
1858
2000
424
945
144
1886
1018
925
1584
1848
1678
1659
182
1344
582
876
749
1516
1998
120
6
1276
32
1394
762
1285
1817
564
1884
126
1808
1949
1926
911
778
1727
1196
1456
175
1954
1633
457
769
588
828
1077
884
370
912
1943
961
1649
830
256
1558
1685
1837
1206
479
1579
1582
1339
599
1640
549
1520
275
11
638
1255
627
705
302
140
1986
586
224
1347
1619
838
245
67
573
1968
929
360
1954
838
1855
1317
1289
678
1359
1203
306
1852
1057
1048
1534
531
1140
1786
1891
1688
340
1556
204
962
976
669
1996
1189
1496
932
1282
718
1816
1782
378
1613
420
1275
1713
895
1991
1851
1092
833
1940
1993
882
1271
1304
1593
1364
1355
977
1330
831
1267
166
1240
559
207
968
534
1527
1279
502
315
956
1271
732
1912
1448
1096
805
719
712
1670
1658
14
1731
1638
1320
804
711
445
529
1156
772
579
1557
1274
1832
1639
1101
579
53
217
1307
547
1555
1270
1488
1385
1415
1233
1641
1962
1222
1749
538
1588
1900
1511
344
775
1634
1061
1393
1685
596
1064
1982
1288
1635
1645
1418
171
962
332
1131
882
928
1190
382
1017
1602
555
1706
946
1535
264
1568
1291
445
1492
847
260
40
884
1143
326
1144
1056
837
177
1956
861
1387
568
905
484
157
246
24
1680
599
170
715
987
994
158
1347
1473
1455
1256
1054
458
1691
1417
1010
1247
1916
1025
297
219
1573
71
1042
1503
336
1842
16
415
1388
1622
122
1870
440
987
1642
1640
1000
147
1317
244
177
1094
1189
453
227
196
599
1476
391
284
625
659
159
1513
449
105
1381
1687
247
484
1620
749
522
393
243
285
509
1852
109
1333
1114
333
281
944
673
448
1320
1878
1921
1347
1067
125
1223
3
676
14
1125
371
197
1409
68
404
469
619
1305
698
612
732
382
203
188
1718
201
200
264
1076
537
659
1914
1424
1223
1292
203
603
44
752
994
985
1386
1625
392
542
1809
237
382
1043
401
352
1622
436
1791
352
1356
991
1820
1027
1333
280
970
834
722
1923
1434
1728
956
619
143
1354
598
1108
609
452
1897
1115
1870
1772
187
80
579
1234
105
1967
969
2000
1549
1053
1024
1582
1022
1412
1920
872
1528
1868
175
533
1295
420
1574
29
1608
1584
1198
1701
38
151
125
161
1758
1941
1171
556
1879
626
1217
729
232
751
1533
63
1407
819
1615
1773
1194
1382
1533
1704
404
408
1011
185
591
1489
1334
632
1847
1494
177
1455
1044
442
1049
733
1950
947
1437
1060
1880
969
1512
628
1706
1718
1259
1883
37
1393
1959
151
281
1742
1953
1554
684
565
1803
452
382
803
1693
1625
449
317
610
783
1415
1179
687
1550
1364
1878
1528
310
1607
416
1141
398
1380
700
360
668
21
129
1200
76
1521
1370
1677
1520
885
1033
280
1075
1096
141
499
1387
593
673
969
772
563
840
397
442
422
1930
1556
757
1195
1562
1186
453
743
1225
1731
888
583
653
1826
939
1152
336
800
1454
1122
1704
610
406
519
1136
1795
877
811
795
1291
1167
23
1140
691
1166
586
375
1958
1407
1768
1830
1501
1219
220
977
598
930
1863
671
1287
40
1804
1858
1834
94
1868
1286
398
1393
1200
1473
1785
1659
1189
1990
720
1464
1918
339
1672
1522
468
569
479
1470
938
159
1090
1231
1135
134
1100
1222
1037
1347
104
485
899
474
1250
715
1504
1664
684
445
1487
269
251
1265
1572
576
1274
1413
327
290
825
1293
1240
161
586
2000
925
184
590
1952
557
608
982
179
788
1085
1875
1336
1772
1212
1817
1173
855
444
1233
286
1312
326
1174
1935
1142
284
1522
219
464
1513
585
970
1615
818
810
1785
1364
434
403
1415
186
142
759
207
1046
1055
49
1835
1371
357
585
231
1249
1793
1797
375
1499
1356
119
874
836
618
1178
607
1071
317
1172
391
486
1443
451
1808
1027
492
727
221
1530
435
1992
538
842
628
317
1607
1852
1160
411
1090
1407
1693
92
533
1096
453
1557
702
327
1274
1095
587
801
35
1162
450
1467
173
575
863
1512
251
446
1577
1339
1421
1396
118
386
1384
1856
856
1617
1906
1983
1710
695
201
116
504
1710
835
445
1491
686
588
737
1758
723
1688
700
1961
942
1295
1113
529
1622
952
1359
35
1663
33
256
1753
1450
990
71
917
1014
448
786
882
43
176
378
1730
987
721
605
1910
328
640
950
310
411
30
96
439
345
1604
961
1328
1395
1860
1355
526
391
280
1780
1500
1767
676
103
198
897
1797
1103
158
137
379
1856
641
257
1959
1261
1625
1241
1269
1719
1974
1461
1481
512
1189
802
43
997
940
153
1482
803
1281
1471
1514
1410
1537
505
1843
74
1867
433
1700
51
189
1960
1255
836
1542
312
800
604
1295
1616
1594
1730
410
1019
996
934
844
1873
788
1656
1144
1641
1101
1347
1815
1987
1621
268
637
374
656
393
841
37
698
406
73
906
1488
848
1337
1733
770
1114
1617
478
408
1643
565
658
786
480
1712
897
1560
889
1975
1030
1357
685
601
793
1421
174
208
1152
1910
1379
995
830
123
769
913
633
254
132
1829
1372
1075
897
787
638
1326
1270
62
1907
1280
242
1128
1317
1388
1530
1286
1279
448
1282
1100
449
1351
1397
1134
945
110
975
947
1794
651
533
1891
1638
84
1978
779
1416
1672
705
1522
1201
1626
28
906
342
1180
239
931
1531
335
919
1483
404
922
1678
446
1204
1325
1662
981
723
1852
1850
1698
1724
1625
137
584
1426
1585
1880
1949
333
1335
874
1335
2000
10
861
599
923
1165
1637
568
1850
244
1690
637
1666
372
852
439
1176
1673
1355
1087
139
1590
462
1456
541
1247
462
695
28
93
1483
1018
245
1747
1697
1274
1970
1572
901
45
362
1648
895
429
235
83
1135
1966
1888
1153
98
652
1222
1946
1525
1472
963
542
253
1420
1041
946
1756
1438
971
795
401
994
1627
748
1469
14
1074
1216
323
1837
159
279
367
1508
710
1888
1009
957
478
1259
1877
1248
1724
1076
1418
917
900
387
1305
1636
311
412
1221
1895
1230
70
1751
982
1802
626
632
434
495
950
253
1606
556
1004
1197
1732
1944
762
1194
1128
509
287
771
844
1142
994
133
409
885
1434
1758
291
1506
22
781
610
487
683
1460
358
1089
1498
517
1793
367
1543
1583
1971
1105
1220
641
195
1524
612
313
1776
1002
1293
179
245
63
506
1068
1905
542
1257
381
154
1764
1490
52
531
1596
741
826
1455
782
663
14
40
379
630
357
1556
560
1828
1734
1971
1746
1633
1487
20
318
1780
253
957
438
308
182
495
1603
1256
1512
251
1245
1614
1612
55
1492
446
59
484
1167
1083
1990
977
1802
993
1224
821
1514
997
1994
807
1719
494
1998
1632
321
1185
1306
884
1604
1889
246
943
1380
1414
104
743
174
1578
347
1904
931
1195
590
425
368
1646
1150
475
235
1866
341
980
1399
1572
1102
1831
1801
1287
1838
1118
1417
1935
256
4
687
394
757
1244
70
1507
1249
1872
737
651
1394
700
756
508
1293
1948
1577
307
128
1985
116
650
50
12
1225
1603
344
207
1024
1328
1283
626
668
361
1763
1006
55
1981
608
1012
11
627
1181
1755
1071
1863
1482
1984
273
1453
215
538
551
3
521
1279
322
1150
818
1757
877
35
1336
72
873
533
591
666
418
1375
417
298
271
1831
202
436
957
882
1133
1462
141
831
0
1416
1468
1732
1081
654
203
1853
734
123
832
632
1317
1055
1700
1075
1974
1952
793
140
147
1044
482
744
541
155
1459
1902
1984
1052
174
1142
1346
891
642
1894
527
1950
1985
643
1313
794
1564
450
1548
398
1633
696
1964
1955
1551
1124
980
1923
969
435
398
109
1276
602
480
1731
1876
136
168
1902
770
818
1913
1784
880
774
919
302
635
910
1057
326
665
362
532
1826
1919
1387
1275
1721
1839
571
235
636
1544
1671
1962
1678
1389
544
817
305
1109
609
1162
1106
241
1555
56
521
348
1125
34
45
180
1301
1482
302
1720
1482
285
760
1439
1962
797
1182
1576
713
1965
1660
1425
564
967
174
1140
1138
852
113
1452
204
128
1154
1090
413
633
1588
1558
1551
1494
1128
705
505
1118
1317
17
513
1635
1654
65
694
1312
325
1834
1480
219
327
891
741
879
1883
1772
1413
549
1172
586
1495
1168
1584
1898
943
1544
636
229
1799
1822
1187
331
570
938
1538
1937
354
629
103
1544
1816
1488
1728
671
1243
1335
575
502
1104
1135
1726
1471
559
1557
424
1822
711
414
1629
1395
1103
485
585
421
464
134
1083
1878
1294
1591
1484
84
1464
1439
37
1192
835
1720
1762
747
1611
180
1384
1247
1301
592
1749
1367
795
1644
1452
1739
1983
1612
1195
188
1155
1097
554
1371
918
1454
1794
1930
1956
1053
1245
1623
864
1131
912
1757
146
168
1871
570
1817
1874
861
469
445
713
438
1689
261
765
1331
995
1401
1463
384
845
1833
1197
810
44
252
1727
978
1449
1552
1056
1714
598
302
1647
1887
820
305
1748
765
242
670
967
1121
20
1157
804
1157
1457
1050
11
745
1272
1368
1863
998
1514
1002
1537
1821
1176
1010
698
948
657
639
444
583
880
1180
1627
1831
734
762
976
20
1559
1221
1309
995
525
341
209
826
1667
344
894
351
1720
20
94
148
129
1845
280
1661
1329
