910
929 8
757
279
485
790
355
317
116
666
592
110
921
790
169
28
84
677
448
597
508
101
147
543
116
661
177
197
619
897
865
725
468
868
513
277
176
428
102
187
132
169
337
96
522
350
801
922
494
732
648
749
496
865
424
319
472
114
221
461
692
699
321
230
634
318
485
897
502
472
75
567
355
912
739
175
762
513
835
311
913
651
366
448
268
725
644
294
865
251
233
81
351
802
894
425
687
17
87
47
363
921
160
756
559
30
467
492
839
411
784
818
515
30
360
685
116
790
766
356
238
500
790
373
784
267
579
119
187
557
915
277
141
627
666
232
594
501
681
127
254
523
379
139
174
491
223
894
769
671
470
356
246
659
2
720
317
912
468
800
242
349
12
802
109
24
226
204
212
793
468
357
121
10
523
67
801
819
739
768
925
574
829
379
288
244
784
496
708
92
801
51
592
126
96
456
193
690
237
515
200
686
254
661
598
4
603
317
187
152
712
85
279
539
781
783
78
925
561
384
539
802
178
766
832
568
883
138
883
145
45
110
500
468
672
254
440
496
522
188
268
674
768
67
913
680
69
523
355
387
363
818
808
712
559
854
101
766
134
818
648
627
200
922
349
749
385
808
45
85
428
370
619
423
854
115
592
386
456
96
543
832
681
453
161
250
699
859
842
732
428
635
562
188
446
315
386
808
360
266
115
96
588
379
177
17
543
793
914
666
266
901
501
317
605
762
90
852
669
605
912
843
841
216
699
850
46
144
725
18
672
160
202
684
62
289
91
131
835
91
712
865
749
446
160
356
539
84
766
48
267
808
749
150
181
75
446
626
635
267
318
426
894
78
352
265
618
489
914
175
788
196
267
485
160
127
21
439
62
456
147
189
82
274
144
141
615
131
225
666
281
597
392
901
764
754
352
116
177
352
423
116
223
160
832
169
315
925
63
254
254
844
12
27
639
915
784
356
808
291
619
685
132
321
216
274
277
814
141
69
568
208
176
466
424
692
470
356
281
30
518
859
472
321
134
626
141
672
739
922
122
457
921
888
684
169
317
579
318
102
854
64
452
307
721
453
251
557
230
92
808
677
538
236
119
808
139
24
223
603
491
307
47
227
795
197
829
155
69
48
768
669
78
682
810
685
119
859
371
187
293
766
56
64
289
109
122
188
883
121
843
119
53
281
366
579
147
461
286
192
687
366
692
699
515
818
470
617
426
85
174
406
87
588
551
41
102
316
241
635
863
225
467
664
372
428
352
177
647
547
579
917
141
116
279
735
603
96
618
78
635
779
880
237
651
127
426
267
99
130
157
62
501
477
110
291
594
597
762
669
917
10
766
241
175
267
227
227
779
424
373
175
116
82
358
768
109
238
499
618
555
865
186
352
244
178
663
161
646
279
196
47
372
664
106
467
358
24
687
720
289
102
508
430
672
788
522
380
536
697
32
679
28
496
802
246
363
905
371
768
589
18
428
627
138
208
226
480
808
849
47
355
781
843
176
497
319
281
555
865
917
697
485
274
212
196
925
685
850
311
181
678
28
254
839
538
56
115
109
160
496
92
556
682
508
482
406
634
646
124
244
303
139
684
523
92
697
697
466
677
150
877
397
547
139
791
328
62
681
385
175
345
47
78
384
843
880
818
344
202
357
712
328
913
452
630
142
626
75
905
233
303
250
661
764
78
99
17
187
598
351
781
832
492
358
579
605
619
75
147
567
660
453
839
371
644
795
766
251
579
665
669
502
768
411
406
84
690
423
912
12
61
543
448
925
482
776
790
360
316
4
800
578
350
380
618
21
81
4
877
841
784
538
2
634
877
658
672
742
559
34
392
769
466
189
547
823
355
461
130
766
685
453
177
232
4
494
141
664
661
194
175
87
110
28
122
246
888
661
800
485
226
265
754
482
62
772
37
21
922
921
456
666
386
507
28
181
722
522
121
319
877
406
236
839
490
720
132
423
490
423
236
732
274
559
63
106
648
84
232
211
370
141
445
547
494
588
381
543
159
350
635
439
96
159
238
536
63
634
197
140
513
539
133
597
852
425
423
454
513
865
236
567
823
708
200
768
157
169
835
883
651
