1134
553 5
449
210
468
512
369
171
311
254
347
108
332
271
521
495
428
486
76
213
322
398
184
205
229
64
209
48
519
432
428
347
33
199
13
361
202
350
24
246
359
177
412
320
454
243
449
393
104
379
15
331
299
467
425
40
99
106
292
489
359
481
132
19
111
190
204
340
89
215
90
32
293
480
397
1
505
525
338
356
336
417
57
211
450
426
450
243
303
39
550
72
3
116
407
469
514
88
120
134
387
171
20
531
292
119
493
280
261
53
40
443
70
387
118
509
120
407
498
420
144
400
500
325
232
427
493
5
296
246
433
96
288
324
193
509
108
244
406
45
517
129
174
147
142
169
362
281
488
270
550
414
340
498
331
2
145
442
500
412
387
416
509
210
494
165
230
478
473
325
87
513
505
306
105
177
177
486
244
303
160
546
191
223
542
505
414
374
370
270
0
284
1
112
405
364
477
181
157
420
130
388
54
125
81
400
82
51
328
503
18
178
96
276
27
373
33
456
89
41
197
210
480
516
121
496
47
183
346
545
342
22
444
482
257
185
148
144
407
158
233
254
399
275
492
507
117
351
399
508
432
57
98
550
250
194
355
377
238
417
352
168
153
330
286
10
169
389
137
299
248
93
47
126
500
472
86
542
400
77
504
155
544
62
525
433
221
100
22
437
402
44
294
267
350
497
499
196
70
226
74
268
120
549
184
479
198
491
300
89
496
177
347
375
367
448
53
230
148
535
539
228
148
377
369
176
550
312
316
412
207
63
274
359
527
526
538
532
47
355
423
197
514
493
174
402
370
373
133
235
168
534
305
133
398
342
545
509
416
354
268
290
474
94
83
149
36
91
523
481
152
67
398
301
515
108
402
321
372
423
540
201
397
207
485
528
491
338
166
215
54
256
487
542
224
159
169
88
432
227
124
237
242
473
237
157
527
128
353
481
129
320
522
49
358
134
296
212
494
77
419
67
91
431
502
144
552
340
344
74
344
174
199
279
441
190
97
174
119
45
484
296
384
73
498
489
148
230
172
224
211
99
397
78
209
505
181
348
468
14
495
283
422
489
197
151
250
173
358
434
55
254
227
83
284
442
297
62
387
84
517
438
391
113
22
397
122
407
33
126
431
263
498
511
130
489
246
140
535
337
51
306
66
452
526
36
108
216
470
398
367
212
379
352
276
532
26
204
337
4
78
198
506
177
541
239
282
212
147
337
239
60
70
211
343
366
27
327
404
416
290
48
513
316
271
421
512
511
276
91
230
380
433
84
382
466
204
334
227
546
350
534
434
257
544
186
140
29
14
110
135
232
358
547
82
465
242
547
23
246
103
463
468
413
306
430
501
398
428
153
15
277
506
82
234
466
40
345
331
229
418
78
366
501
21
215
545
445
4
223
465
490
27
295
427
535
130
60
86
110
302
552
247
197
51
361
25
363
359
409
404
174
394
164
111
50
469
160
153
291
465
156
110
261
203
24
38
316
465
146
255
293
365
444
537
272
133
271
197
246
72
138
532
237
221
469
32
237
267
499
511
160
171
139
373
52
486
333
243
479
431
404
304
300
425
345
170
528
328
524
523
350
171
368
194
193
431
124
270
82
427
446
126
85
443
497
298
316
24
375
122
159
439
120
322
475
500
78
319
228
442
334
438
513
469
490
88
483
284
421
511
301
12
22
256
165
346
228
170
248
496
305
88
361
198
460
411
8
287
417
522
151
211
103
119
163
267
285
166
63
38
531
241
87
50
65
129
289
452
337
259
56
513
25
291
117
190
380
452
171
207
361
294
478
412
142
148
311
276
118
91
537
266
520
328
237
477
165
178
277
216
387
385
36
7
450
534
179
474
183
295
347
195
48
30
27
541
501
157
526
523
178
471
334
6
80
142
8
236
325
178
492
474
232
295
300
543
377
58
421
31
85
439
337
109
123
276
388
396
512
423
542
370
310
158
466
458
234
187
103
315
77
463
487
235
28
501
70
431
233
19
133
518
242
345
318
120
17
407
412
80
327
498
26
262
333
277
466
515
234
230
472
93
342
103
537
74
169
441
216
284
169
543
98
479
362
502
178
429
243
133
434
107
507
179
320
374
31
402
55
427
254
228
116
40
114
68
20
329
464
120
356
382
396
374
96
299
100
365
346
224
419
159
111
519
176
105
425
155
178
347
393
70
163
247
88
191
60
483
1
87
43
102
504
401
441
506
10
255
385
428
329
81
366
493
507
553
25
314
201
195
227
543
83
13
67
195
364
397
509
356
312
92
111
244
525
306
494
198
430
17
112
108
411
23
37
456
395
177
277
20
149
37
77
48
476
533
160
370
198
210
181
211
511
462
48
512
363
183
298
368
418
406
130
107
153
221
408
487
270
242
151
335
38
207
323
162
541
299
451
377
195
461
385
415
147
153
326
460
145
540
10
218
363
126
9
125
481
109
510
461
302
22
488
153
21
457
197
75
164
367
219
452
400
12
85
4
274
250
361
160
63
141
244
517
58
316
482
76
102
52
295
344
354
266
33
442
432
222
183
62
348
198
241
59
501
434
538
10
47
489
394
80
360
55
58
80
448
371
258
537
388
124
486
302
100
