1506
1965 9
142
1873
1822
1190
937
1728
840
1939
658
817
1285
1860
1902
1098
566
1268
1354
718
1380
158
1540
671
205
1461
35
1360
181
137
1812
128
924
1518
879
240
1408
547
1451
41
1322
442
1050
596
361
1802
1635
1704
49
1097
574
1469
141
379
906
202
459
1649
843
332
1740
1184
1926
1342
1588
47
1039
1119
1232
1705
470
1718
433
1464
712
1820
1715
674
820
1785
1484
1759
371
1197
139
1194
469
1696
1508
1602
1788
593
1565
153
1554
1023
325
193
1495
1694
927
240
248
1705
289
1519
1506
545
10
883
1814
1066
1057
1355
829
1798
1900
1920
1731
1035
700
1865
977
412
82
1809
1283
1541
57
687
123
906
1825
886
398
239
1686
1245
858
460
629
618
1808
1561
869
1957
36
1798
395
911
976
583
1326
154
283
1120
1342
1546
1789
647
41
1902
649
1641
1080
919
761
145
1485
149
625
1393
1001
1470
1374
674
180
718
1164
35
484
368
1517
989
1354
79
198
433
1361
1682
709
1905
1408
462
186
261
1765
1206
1328
808
332
883
461
87
1083
1477
1518
1579
291
1266
1505
978
774
1325
519
740
1277
415
1833
186
184
66
759
1033
1597
387
650
376
770
1280
1121
1688
1004
573
551
1409
914
1403
1811
1718
1025
1231
891
994
915
1265
587
1537
1003
1215
384
560
951
609
395
1888
334
765
1323
93
1301
1204
783
1822
869
1062
176
159
86
1001
109
267
590
1475
862
391
180
1080
1097
853
897
956
1360
1919
439
1916
702
955
670
1466
1704
209
108
1524
1690
282
1724
56
1443
615
1755
1564
1628
1395
1891
1164
211
20
670
748
1643
1849
1291
1311
688
1171
765
1641
16
1695
640
167
327
961
1639
678
1056
324
1839
1228
1809
1633
1107
46
1686
1711
1212
450
1
543
1326
472
705
1843
945
1269
995
232
578
578
1193
1208
1615
1066
1685
205
571
1478
434
937
1807
172
243
550
518
1279
1807
705
497
668
1893
394
1945
73
788
793
1797
1036
1197
1456
782
1057
556
945
1795
1450
1882
580
661
609
912
1264
901
847
1719
62
535
221
176
1872
1743
901
408
1223
124
615
1670
10
1344
1347
1863
1663
1481
525
450
1449
1270
928
1768
249
1805
410
1745
784
1789
398
340
62
1052
1458
196
1833
1869
1833
816
892
514
1496
858
524
254
429
499
604
730
380
1802
1343
737
150
1035
1393
1745
1833
595
69
719
1769
845
492
475
1441
482
1778
1707
577
835
1695
544
1584
1056
1544
1619
1285
451
871
1314
473
211
1392
947
615
1394
251
514
292
1395
1086
850
387
909
1011
1700
1441
207
958
1452
1509
197
221
379
1344
876
890
349
1278
1381
1335
887
1958
1532
1032
1169
1330
1816
1497
945
1761
1429
1551
231
408
153
1109
459
731
1907
1860
1607
1465
1071
673
572
614
1053
1689
1737
441
1164
1305
385
738
826
1145
1374
77
1773
1351
1839
200
1960
1957
1279
809
1617
387
1306
1296
296
1198
1544
259
1433
557
1271
1855
1292
348
1524
1934
835
1465
1378
189
316
1949
1470
704
1880
363
1490
1408
501
1572
873
1438
1648
622
466
1150
1010
1791
1035
438
1389
350
784
604
260
563
1740
733
705
455
1337
1950
165
1575
595
943
636
43
369
1177
1194
1138
1716
1624
881
1239
1619
407
548
1302
768
1371
942
1315
604
1643
948
1471
1786
734
798
141
427
255
1351
585
425
1645
361
718
466
1394
323
503
1072
289
301
17
500
662
961
1629
532
988
1375
1529
817
1755
1494
769
636
1960
499
1689
1810
1767
1043
456
805
1087
407
1961
936
1261
463
179
843
1807
278
511
645
1241
16
1913
1595
1376
304
79
473
1885
1261
1530
1963
1956
303
97
470
734
62
319
1681
935
814
1759
1418
667
1676
653
750
756
1155
1367
572
22
805
1943
1639
495
637
821
1268
506
1726
521
394
150
748
1030
680
254
1181
1375
1909
1330
72
740
292
561
1437
1494
707
1812
105
1036
48
1958
1242
596
1958
1576
586
1728
1920
350
814
1340
803
1677
1315
942
448
1690
563
1586
1548
1076
1240
847
1178
678
1807
1720
1845
1467
1279
1800
705
1945
1302
769
1589
1379
729
11
721
1655
684
1902
1274
869
1819
1659
1767
1242
238
1882
941
374
728
1127
334
1695
371
1287
1014
260
638
141
1295
63
895
463
1400
1561
1109
1389
1438
472
1728
1365
433
982
1239
1364
1598
1660
375
1488
1959
1249
740
1430
593
540
1219
326
989
172
1248
1741
843
961
332
382
1027
461
916
1204
170
1173
1704
1773
758
1905
1842
1638
736
514
1039
1365
250
1944
402
259
1160
187
215
278
1427
306
1457
1386
1279
1073
1196
1067
270
224
23
608
1658
1813
19
1702
1896
1582
1028
816
1955
1530
1468
1135
1314
1234
102
516
714
242
1343
657
1537
1582
1540
835
1804
1559
559
184
1594
357
1930
1069
1604
273
1808
1496
1523
928
169
537
197
1736
1223
5
1303
616
1772
585
772
1422
1640
460
1339
1396
168
443
201
481
1097
163
689
429
1282
732
668
45
1490
1855
728
1682
1696
168
974
1411
1090
1546
657
883
37
133
1159
1421
809
1114
1585
1640
263
478
1034
1663
706
1591
1888
1506
1095
1148
705
1768
557
1194
257
1852
967
1109
1027
1545
1456
1589
1897
1452
1213
517
523
1052
121
1655
448
960
82
1018
1002
1303
1187
1926
740
1853
1241
1765
1652
159
581
868
1080
593
1278
197
266
1910
1144
65
1576
1216
1296
791
1094
1340
1825
707
294
597
579
586
941
246
1870
1460
771
472
1029
109
1046
791
256
662
1283
857
458
1023
1580
449
814
1191
1370
604
213
644
1218
1935
717
1938
949
1427
1416
945
1057
1007
636
1800
143
16
1391
1491
568
602
1665
1105
1280
1028
1663
84
931
575
123
713
83
813
305
225
1419
1301
539
1314
216
354
174
489
132
269
1609
1042
1003
292
1787
1930
116
676
60
1920
1716
208
606
392
685
530
1565
709
978
701
1377
759
1592
401
1914
1243
450
165
62
1396
1758
165
575
391
710
1615
843
138
372
1787
1009
930
673
1175
1853
1710
1060
432
583
1917
1861
1311
997
1588
1470
1289
1374
1875
137
509
1834
1469
198
1117
1523
1144
755
1211
1935
801
886
1057
961
195
868
1173
574
1758
812
1057
331
832
706
937
914
698
1926
1188
1168
142
302
1778
504
1088
1334
1707
1531
1209
419
997
911
1806
1378
977
761
981
653
1733
1374
1500
398
1590
1396
1861
1105
1316
1115
416
1388
161
1700
1600
1365
1723
1267
1564
1266
1553
1908
148
336
736
1680
6
89
312
1268
872
1124
876
1029
992
937
444
1358
323
584
607
15
1806
1901
191
490
1047
943
1854
1824
1303
584
1433
1141
1375
1672
1015
1639
791
74
502
1234
1366
205
173
1772
1213
635
52
1577
502
1045
1755
112
556
1697
1141
1806
10
1777
432
1164
827
6
1825
977
752
197
1251
1667
149
1456
1796
1381
155
749
376
1852
1428
1299
991
764
914
337
723
1902
321
1805
1741
863
950
206
1545
1690
929
312
438
1408
1458
1743
946
1314
1281
634
781
504
1502
767
1361
1601
266
512
1661
254
614
1368
1066
254
1535
741
1724
1798
448
1016
303
1766
411
1906
119
986
582
1731
1447
1940
846
3
22
1070
298
1
1635
1139
387
61
1433
177
1355
1865
1862
1680
645
660
1425
1599
1704
1120
1857
984
1075
1167
224
861
211
1838
553
1371
1951
1613
548
1369
1419
1681
782
1883
1269
1503
1288
378
314
452
119
1706
1622
584
1504
1760
1288
1751
573
53
991
1716
677
643
92
1796
1119
357
1066
1884
1331
325
112
1677
1279
197
1534
321
1456
1827
507
1435
713
1547
1435
426
701
1326
915
124
1442
364
721
506
806
1150
629
740
1046
337
62
1902
786
845
996
1002
998
1122
773
412
874
731
417
1280
97
1335
454
49
1676
1470
691
1242
1337
1581
1619
1074
1506
302
1800
1123
556
1592
1538
1910
1413
1777
1102
835
823
139
1858
1787
153
1801
42
94
719
118
571
