1554
420 4
8
47
232
79
373
417
125
121
17
2
339
31
48
216
267
307
412
347
401
100
58
75
64
19
172
141
247
281
136
257
364
321
88
8
148
414
355
72
235
221
260
351
99
180
187
52
156
115
259
271
310
309
63
174
384
205
360
181
5
253
348
305
3
334
407
400
143
277
1
282
57
334
384
132
290
206
209
291
356
298
404
66
80
183
76
380
108
116
97
359
37
381
261
343
138
217
173
253
383
386
283
317
178
227
17
247
317
269
268
264
396
161
398
11
247
27
97
200
111
40
108
382
83
300
165
237
414
225
22
392
246
303
101
96
394
7
329
85
54
335
135
173
270
97
277
89
152
32
373
88
270
305
208
111
303
116
198
367
164
272
279
224
391
381
266
21
322
205
258
318
314
302
4
152
243
97
362
159
254
131
70
386
53
218
239
112
280
154
375
0
251
376
45
129
130
177
198
277
378
278
40
17
344
354
366
219
309
62
143
136
17
414
15
170
146
315
30
35
368
351
141
309
94
385
218
346
96
399
135
331
381
51
126
104
339
362
152
40
398
24
391
213
227
16
60
30
25
330
110
86
315
405
74
350
364
10
395
170
327
18
191
43
82
370
349
78
36
405
418
154
417
192
381
305
411
335
48
301
235
166
172
238
289
298
416
86
115
93
251
115
385
290
374
210
284
10
396
111
222
63
149
337
14
344
124
113
73
145
256
25
306
59
160
203
360
133
13
96
372
236
319
8
5
403
117
95
86
29
178
57
148
343
330
376
310
216
385
62
418
180
201
320
131
25
417
402
301
157
79
42
82
215
403
131
295
394
87
165
128
149
222
337
106
235
275
182
416
345
109
315
59
329
76
217
227
175
402
167
330
380
294
117
202
119
386
299
99
411
179
114
162
155
407
361
193
218
126
132
120
132
412
163
241
379
384
84
105
108
255
209
160
393
404
20
416
96
17
186
206
302
45
186
267
289
181
399
416
376
349
325
123
415
396
165
388
267
382
56
195
336
251
65
29
148
40
98
27
92
203
119
98
268
288
390
148
186
153
152
102
351
288
248
168
235
72
239
379
53
127
282
370
201
131
160
305
74
73
235
411
88
47
210
409
417
415
78
410
419
39
161
295
360
238
147
198
3
222
131
246
329
28
192
56
267
264
217
115
402
247
257
365
415
383
12
273
126
391
189
345
121
136
106
88
263
123
296
181
27
224
266
226
2
68
386
37
71
401
262
64
137
340
351
362
313
101
413
298
9
290
30
274
141
20
188
393
115
391
267
321
189
293
301
381
222
363
36
237
35
187
365
95
18
328
125
150
53
178
178
88
93
91
188
318
17
20
202
133
176
274
194
162
22
103
186
130
65
349
340
352
30
58
109
240
20
286
44
196
409
128
56
138
38
291
417
4
98
354
108
246
61
195
262
226
384
23
313
405
22
193
129
151
216
14
135
339
342
337
121
200
168
209
404
395
92
14
60
378
153
213
245
174
285
12
358
324
115
145
69
322
180
320
89
387
305
418
175
49
97
105
206
147
201
35
154
312
341
131
254
199
319
103
319
268
375
224
89
176
205
120
159
21
7
296
121
306
84
241
388
262
37
130
205
272
308
68
69
91
37
5
411
298
88
283
204
182
229
400
356
207
104
31
280
213
393
10
361
168
333
305
94
19
219
348
333
141
196
5
290
346
255
295
221
209
43
287
305
243
221
302
175
290
43
324
332
13
102
317
315
45
27
345
284
71
79
245
337
284
352
127
112
115
409
266
57
75
65
166
0
7
382
31
1
33
272
148
214
316
390
207
228
283
252
7
19
387
232
405
33
53
152
412
97
317
319
373
191
205
248
53
218
19
29
0
158
115
354
315
161
328
51
165
74
394
228
372
39
385
289
364
394
410
392
244
251
373
46
89
73
361
326
401
290
99
353
25
291
101
362
108
53
279
413
224
282
99
416
209
126
202
251
210
0
106
360
363
214
138
110
389
141
181
344
180
242
143
236
308
136
201
243
377
388
342
90
186
409
51
114
83
407
318
224
20
316
227
373
207
153
55
161
240
226
78
316
365
56
48
229
331
292
394
313
373
225
111
55
375
95
378
105
156
333
58
256
33
238
125
265
239
348
1
79
83
33
67
60
303
215
180
104
223
396
246
201
21
7
360
188
137
182
196
387
377
26
322
140
60
399
305
121
258
412
132
292
416
162
52
359
134
71
69
112
6
49
125
410
304
417
175
107
10
355
237
363
150
199
93
322
129
116
158
173
75
408
47
372
11
377
98
88
150
143
92
238
356
288
325
320
329
105
292
392
199
308
30
65
267
81
92
382
113
319
258
225
115
367
91
322
50
312
314
129
186
126
240
104
130
43
171
80
237
404
8
251
119
292
60
243
90
292
356
309
300
36
271
380
65
21
345
37
59
271
228
56
65
340
48
338
194
10
118
17
263
153
210
363
337
251
286
43
105
415
272
164
213
52
37
21
103
332
0
82
356
159
163
230
291
158
401
17
87
234
177
91
124
319
126
374
263
353
77
8
314
270
239
293
43
24
86
94
219
17
158
233
158
285
223
89
195
361
218
358
408
72
117
234
246
40
274
406
188
53
20
162
137
110
267
42
91
141
281
144
78
400
156
5
197
401
294
176
144
156
403
168
138
27
68
0
174
282
185
11
225
285
75
139
98
222
21
198
148
162
146
411
16
213
207
331
364
44
197
368
47
405
88
254
334
363
203
8
188
329
105
385
164
222
38
98
10
366
298
253
353
215
414
129
156
241
363
235
127
163
69
163
94
13
165
8
382
405
352
104
18
17
225
18
287
201
100
356
6
340
177
369
354
288
219
147
245
118
42
312
87
339
183
349
74
367
229
197
226
30
66
324
281
248
296
302
303
6
416
81
253
201
297
22
207
42
228
60
374
298
74
192
254
383
321
212
19
137
258
286
102
80
341
274
211
401
104
98
50
254
308
322
290
317
182
151
74
134
258
120
303
135
295
16
324
394
137
262
123
304
154
2
284
373
344
395
222
75
254
244
21
335
4
178
27
185
194
288
118
233
412
197
419
365
187
208
396
110
26
205
333
333
184
306
81
282
96
391
40
260
320
102
98
333
218
186
323
22
180
293
227
400
7
171
318
262
358
389
124
401
409
328
412
25
168
326
189
1
145
141
240
355
351
130
248
257
25
88
79
197
372
162
228
263
229
220
172
382
255
87
398
113
293
193
12
60
169
402
331
264
268
356
11
211
96
114
181
114
275
7
152
294
317
159
255
357
303
204
154
402
56
109
19
195
69
124
82
280
111
60
258
22
270
8
14
173
247
170
178
150
15
252
188
354
81
358
179
187
128
157
371
178
288
3
61
117
192
34
54
99
121
45
407
267
413
15
177
64
35
46
308
170
408
280
190
420
127
114
0
13
194
361
411
92
351
74
360
247
294
65
135
264
61
151
404
294
398
317
350
73
356
17
336
298
387
114
348
413
268
307
66
259
150
254
302
143
256
120
144
74
226
335
189
331
350
252
235
240
269
147
319
89
