1556
1994 3
1064
1873
692
1246
314
1111
371
1930
102
1244
1446
44
1889
1056
210
1430
1527
1064
272
250
112
250
1634
1129
1429
364
903
317
1890
890
273
1343
309
1302
1835
1689
1217
676
325
950
311
1302
10
1880
112
495
296
1724
749
615
959
1781
73
393
477
255
707
1408
1255
1602
1503
968
477
644
1779
1969
4
1533
1269
288
1457
1077
1991
1507
1888
1386
26
1799
1481
1620
1683
1455
566
1068
264
1124
1371
224
1730
331
144
935
424
207
781
944
1417
259
233
232
623
1430
681
760
905
981
1158
1478
3
609
1551
1835
1356
1471
1412
705
1172
1105
1592
1636
266
30
358
532
1124
1799
1266
1575
281
1344
144
981
503
1483
772
346
1134
1526
1526
585
523
1530
319
1338
240
573
907
460
1924
1065
1527
1455
1412
1286
716
1074
1481
1628
1804
227
707
1674
1621
789
207
442
207
617
1874
729
1088
1919
777
88
1283
147
245
405
1820
1271
1302
1044
1009
244
1398
1058
1574
570
243
1046
1268
463
172
28
852
362
9
1928
712
145
1955
1545
1579
660
1609
147
759
1100
353
606
1258
586
711
197
281
1464
1452
1111
1345
299
1277
144
1186
398
633
1146
1225
832
1643
354
386
488
64
1133
1977
1276
626
913
1213
1623
865
1496
920
436
879
1159
351
540
1238
1592
761
1566
23
1651
71
1645
708
1270
1692
754
32
819
1857
1417
1392
358
1717
866
1208
1593
245
1910
261
1518
628
79
1192
918
654
447
1249
885
1558
794
483
1901
832
856
1890
1844
343
1180
815
1741
772
1159
708
1209
1951
451
1692
1108
211
585
274
416
1036
98
1925
695
857
269
203
1434
711
1682
1043
228
1516
477
1163
1966
346
1169
632
375
1332
503
1621
375
623
64
1457
446
78
1708
1795
1383
483
353
1252
551
124
310
1081
1764
560
71
1302
117
743
1220
1158
931
1688
1634
1350
1426
1508
654
1204
1854
596
1481
126
1688
1309
1392
1986
102
439
1929
1692
503
1623
1728
1646
1507
1247
1811
1635
90
1236
1232
1071
1515
1395
1722
1267
1321
1497
1426
519
537
331
935
1543
362
1663
500
1262
1119
852
77
1286
1399
1281
61
268
755
1496
838
1358
273
1868
1269
1225
919
1442
1527
57
496
1236
1929
486
418
1161
1358
1099
1267
1491
1620
916
944
918
619
977
10
1539
824
1760
940
1738
1452
1117
1886
1203
1608
1533
1102
695
1601
358
1643
1180
1559
1208
561
1426
1536
73
508
1158
1988
1097
1934
1142
1575
995
1527
628
1591
1265
267
1091
1423
755
1581
1056
1224
324
1472
890
1536
922
1335
27
737
1563
232
1790
1985
623
367
824
407
1203
1884
1189
1627
1281
486
1216
1706
1574
1892
1180
1131
292
460
570
1037
1360
1457
640
616
695
1823
464
426
1811
1618
1250
681
649
718
1236
1483
184
1048
353
924
826
1671
1811
211
1855
1229
1825
1073
1888
1040
1870
1048
1273
1141
1303
311
1621
677
1549
329
351
278
1874
879
1434
1968
1887
950
841
1180
1025
744
1238
1467
1494
1250
1096
570
1611
1027
1253
1283
144
1217
913
268
1947
985
1048
186
1431
243
336
1351
1163
401
1672
538
16
377
325
1681
1085
1146
1145
1741
1518
626
629
1876
448
1206
1092
1574
451
544
386
524
1535
1685
1081
1380
1702
1165
1726
1172
1120
123
1970
1649
1098
1184
948
729
1909
123
928
1531
1639
773
1048
1558
805
1190
604
1981
1752
346
40
1445
184
1927
551
403
475
342
739
332
848
486
1752
1332
1904
1646
1865
769
1222
1354
1771
1799
1253
243
358
1163
1657
1423
331
836
1730
977
928
942
311
484
1835
1122
1966
1247
777
1201
1225
1468
1265
364
931
81
1645
207
962
1610
544
562
495
866
1498
536
1491
692
1848
628
623
1984
1658
1450
1648
1801
560
581
412
1209
1271
977
1022
1545
1154
113
986
1634
1037
1471
562
1416
891
890
195
1957
1241
1489
1527
27
1222
1158
322
1408
1958
1649
1426
336
174
1321
486
90
832
1788
1853
81
264
1454
312
177
178
638
1596
797
967
1987
492
94
1065
1706
1545
566
1266
1160
1158
1073
94
21
1120
264
1873
585
640
1854
474
1829
1870
1845
820
1461
186
1609
560
1867
1379
1889
1408
1947
499
1269
1223
1276
1963
10
458
222
1928
1368
416
702
1654
325
496
1888
653
1909
1591
1494
96
1799
207
302
1558
1929
1271
1540
1622
1219
1942
77
1029
3
1844
50
1857
289
1892
1065
1417
451
1123
273
1364
1057
145
28
1859
1322
736
1874
244
4
1158
1593
1566
258
1724
1270
1567
446
1380
1420
707
1394
1650
1209
274
1096
1386
393
1141
632
790
1498
227
418
1356
1882
107
1515
351
86
1863
1695
255
1855
319
1717
481
1497
323
446
1545
113
1957
125
281
274
1977
1169
1687
1507
1266
515
742
702
369
144
210
1043
739
865
1681
824
1731
84
797
1498
1800
1483
1554
89
1872
1658
448
1465
1672
626
690
737
1706
220
585
1138
1735
1892
697
1252
1626
1608
486
152
903
136
477
903
37
1874
1747
1058
438
853
1158
1645
650
553
1024
928
1068
211
1197
267
372
1837
1648
349
1849
1320
516
496
32
585
570
1161
1197
297
1330
532
52
1079
1097
1201
1096
304
1073
1848
1795
730
312
1081
323
701
317
671
1966
1563
492
393
700
63
1277
1096
1370
1356
632
1620
243
798
1251
884
232
1092
1126
833
1955
1481
301
237
322
1712
1352
1804
781
325
716
1096
812
515
868
1431
1854
1731
1478
868
882
1610
1632
1848
296
1224
1978
82
1498
301
6
102
1464
1901
1505
1901
681
573
288
436
86
1442
1833
397
1722
28
1530
1022
1763
1581
1189
1682
117
661
1909
1445
1194
755
1077
1184
579
1878
981
1117
1412
1978
121
1892
1610
826
82
436
1779
426
1356
951
623
245
1617
905
272
1446
1437
1941
1664
1061
1951
324
1958
261
1154
657
762
1345
1867
1719
1452
1356
1729
638
619
1283
806
1253
485
568
9
1769
1860
1965
201
724
946
772
1783
1895
536
188
768
1946
819
1303
290
377
1127
1354
397
781
108
273
742
291
78
1658
1383
928
14
849
1795
1399
814
828
1621
1634
1581
1269
1781
1575
1058
1237
151
549
1925
1623
1639
392
1536
213
868
1666
1189
1836
677
958
40
1775
1461
1504
877
477
707
319
1494
1712
1788
27
343
728
1991
1225
37
174
744
1645
483
392
1622
695
1214
197
1344
1967
1895
1297
1244
751
190
191
1838
1029
1524
798
210
1579
459
1781
486
446
1663
1717
515
771
1853
592
147
393
1242
213
859
958
1250
1266
1244
1986
1322
1624
1186
329
1247
777
1873
1538
1632
287
416
1730
971
310
152
1247
1849
1398
201
806
713
451
1596
275
1400
1190
779
661
1910
1718
1664
1621
278
1664
540
519
1457
728
1563
371
571
1779
798
1356
933
1386
15
1530
1843
596
1533
971
535
1825
1652
1447
660
1010
1111
200
928
474
1461
1658
305
1689
1371
1909
1563
769
1253
1581
664
448
755
1277
1795
488
1381
535
857
377
1628
853
890
1689
1219
948
1149
571
79
194
891
1203
1609
386
327
849
1620
771
1980
1023
1611
1878
1609
136
1603
769
73
78
403
1149
777
1301
429
1907
1271
1077
1828
705
176
1546
1797
395
1077
121
1301
1510
1708
1364
1024
1505
79
1386
538
208
852
191
632
179
728
271
1494
152
1159
503
447
240
1591
500
1857
1986
1681
1096
436
207
1683
797
176
1013
1253
1051
1526
1701
463
1836
1368
123
1536
757
488
1812
1423
797
568
331
1892
1941
1180
1424
1032
191
113
1412
327
903
1928
1695
962
1350
310
1172
1344
990
1087
1910
1525
749
1795
1811
1658
585
1455
797
861
227
626
1626
826
1346
271
1064
1141
1769
1044
907
1208
1843
1015
27
1199
1430
1688
1229
771
297
48
1877
1991
304
243
1618
1591
667
16
1210
1159
496
1545
535
890
1146
720
924
459
1071
1106
1126
1220
1134
913
288
170
273
1373
1419
838
792
129
108
1715
32
523
447
820
1096
1760
1867
84
1079
178
1161
1966
179
1800
1628
1934
240
1874
1429
1064
144
603
1524
1505
244
781
568
914
331
73
1512
50
1654
1680
1083
1636
586
1434
1237
1108
1083
281
1941
707
1282
1753
1535
1970
1714
1692
1747
1825
946
1095
1976
905
1343
81
1419
1430
729
1870
1652
1541
882
