1372
1661 17
380
1436
605
1463
570
1462
68
242
1014
1607
55
220
1197
411
512
390
44
1027
497
549
1365
177
1388
7
966
1284
630
1189
1225
1257
1116
1511
223
302
992
1616
1105
1498
675
1570
271
250
639
684
1181
1449
841
173
1331
1282
319
770
742
763
1174
198
819
987
84
381
333
766
54
1645
1150
1054
99
809
810
898
145
1028
1276
65
689
292
976
528
170
568
1618
986
1061
1302
1627
1202
626
1564
1520
367
148
1296
518
96
458
326
878
332
428
365
1433
907
1648
118
739
1519
437
1204
1434
1316
1473
704
1036
632
1109
855
375
1540
1453
595
340
926
1658
1529
673
1614
712
1002
524
559
322
1558
608
1349
547
293
787
576
1657
1391
1318
412
514
1431
611
603
538
1245
835
566
848
59
1450
1020
10
573
1173
502
1584
744
378
255
636
977
1126
1347
655
296
536
191
1291
354
435
178
552
667
1033
346
1227
903
317
840
1311
338
1032
1294
963
372
1241
508
1478
105
172
1290
425
168
468
1195
912
775
715
1334
691
1578
571
745
1265
807
747
790
455
1097
937
444
863
336
1590
623
1421
1052
17
1006
53
1238
677
1622
217
438
64
215
609
1561
1375
1516
1395
113
540
337
267
688
685
1317
222
818
1198
1053
625
1151
801
710
1086
1280
127
1234
1451
1220
1254
213
1001
717
1379
697
1580
279
124
656
1200
197
1460
804
1256
1650
451
1232
1411
1212
183
1609
520
37
785
922
702
163
1325
1357
275
280
1155
1418
908
246
915
696
31
877
1515
430
1559
1368
1517
1555
224
1279
905
1236
1475
859
654
535
1274
1633
238
1381
1448
119
0
615
756
1600
748
1247
95
1598
1065
443
2
1542
920
1407
1255
1193
1521
379
1169
73
209
600
1387
951
850
1185
18
911
1500
34
944
363
457
158
1063
515
1087
384
1531
356
1129
1363
991
1062
645
442
1180
642
1026
436
500
1217
1435
150
1209
263
1157
1490
909
827
670
733
1495
98
38
1287
594
214
860
1018
439
773
94
602
961
923
233
1190
239
1360
429
487
404
1120
681
767
221
1513
955
843
1175
1233
985
563
545
252
130
1055
1179
693
4
1455
306
1646
521
1083
913
1070
104
1644
447
260
463
1218
750
897
207
112
314
211
1389
349
16
143
952
1106
1013
203
156
1405
826
1336
307
1504
1582
1340
40
659
1378
504
72
1278
651
1184
117
1183
1659
1358
1178
711
792
115
780
1277
981
350
1165
266
612
409
83
1194
1246
1228
523
669
21
1413
30
646
1231
100
1377
1073
1004
1203
75
256
1295
1651
189
262
1008
476
797
327
1414
1370
1067
585
554
705
1367
1371
1139
1586
548
391
516
622
276
421
989
719
160
1215
788
165
558
1613
596
964
806
12
196
225
769
584
417
1575
751
182
49
85
1293
90
522
1459
1623
1493
694
1162
33
660
329
946
1552
883
1408
627
1299
1539
370
1384
1164
1410
1562
637
982
331
273
757
1641
1366
658
849
459
133
649
138
1094
1148
1136
811
1289
838
237
779
1159
1080
1346
1579
355
80
162
526
1457
984
1312
975
181
590
371
957
97
1545
1612
28
832
1382
781
45
929
887
1156
1430
1306
734
1000
67
858
155
359
1426
471
282
530
1153
1266
1163
194
728
507
496
954
895
1620
288
393
1328
721
844
1253
892
1161
876
953
261
821
1482
5
1135
1470
1442
1019
546
1355
71
1075
624
392
1638
1239
1445
76
1226
846
460
839
1543
313
896
1092
1528
61
311
1012
901
479
1216
488
1404
947
110
884
494
791
1146
997
765
1229
13
1043
149
731
1458
1069
24
321
1213
1119
1423
1324
1487
120
888
970
904
1323
1307
1082
316
1112
874
469
1107
640
1476
1524
919
1021
1634
662
1591
532
812
1320
56
445
405
272
144
39
1081
486
851
1023
1652
1443
857
419
352
464
11
93
357
1362
1237
714
236
761
657
1499
51
388
1084
1479
965
610
204
683
86
1438
1467
1140
1510
1491
589
800
1288
151
1522
1514
1168
1588
708
187
386
789
862
1632
1427
593
229
184
1507
899
831
396
644
1103
264
147
410
254
1040
726
281
1374
268
879
1056
485
1269
1252
461
78
481
998
783
1104
492
837
760
200
1223
565
134
1601
635
186
1137
847
1071
910
19
617
101
1544
1259
315
1533
1305
579
738
634
980
310
20
749
1275
248
1385
1090
251
1102
1654
185
692
1497
1538
938
230
305
274
931
400
1044
1339
1057
1050
607
465
752
1263
376
1465
709
23
1352
1599
422
560
943
1505
277
228
1196
1322
1100
1264
491
948
866
8
1201
736
1142
1301
15
891
1235
205
1406
1042
771
1315
581
3
1563
1133
175
510
157
345
1091
1536
432
368
46
35
495
453
1424
208
1187
1045
1589
597
820
374
1441
1546
663
1319
270
325
418
283
1160
169
598
555
1326
1210
730
1574
394
833
1364
1553
199
1512
561
399
1125
1440
591
676
815
309
758
201
678
620
1537
1523
70
407
1446
116
529
969
1260
1557
431
784
1108
1373
778
1030
146
87
1509
1525
949
918
699
513
478
1300
764
1345
227
1603
219
1292
509
92
1464
1592
294
121
364
1412
241
1308
330
805
631
462
776
1330
125
1656
9
1303
1297
297
362
109
1089
278
141
890
511
1386
1192
1041
234
1095
703
343
490
82
1605
1401
1007
543
1038
1350
152
707
916
1353
1206
906
856
1147
74
557
126
1011
541
822
1554
828
416
556
967
1314
1059
1596
544
358
1649
193
1270
873
674
870
774
1141
154
956
1208
1031
802
1037
1571
131
413
1272
665
1049
1653
6
26
567
1604
534
1248
808
586
284
1642
720
527
1619
606
1309
1224
1394
995
1647
1626
1485
301
869
718
1251
1409
698
996
1444
295
1376
1101
1005
1267
755
587
171
578
798
601
1640
179
641
448
599
1503
1399
69
406
1472
1560
335
1329
974
661
174
672
402
768
231
517
1508
971
206
1466
114
1222
1550
176
1541
341
1186
243
108
1118
397
216
60
525
395
382
1567
1230
1400
1268
924
1549
36
88
1494
1273
872
864
1285
249
351
613
1188
1625
373
533
1530
759
1058
725
939
880
467
1390
531
1354
1093
257
942
1624
679
871
1372
290
383
1085
1535
1304
433
933
638
700
539
1242
621
1154
1205
1486
298
686
159
616
799
886
619
727
484
1022
1397
353
1096
153
1635
1492
312
1488
551
1207
1335
716
817
420
1134
303
1428
1477
1572
240
978
1047
1298
1025
1261
122
258
441
1064
1132
128
285
1281
1643
401
1332
940
342
928
1595
300
542
499
823
687
1422
1437
1348
572
737
553
852
1615
91
1046
129
633
580
1099
493
320
132
1182
47
1496
648
1392
1629
1343
1518
1191
328
1454
232
475
1127
935
434
816
27
324
1527
1048
1636
450
1128
48
574
1548
569
195
25
746
506
1416
1098
867
1
192
960
1029
14
142
339
1532
882
1114
1170
41
973
1003
1551
950
1425
1338
1337
1035
583
1051
1501
1617
180
483
845
1144
1258
1167
741
754
52
945
1383
824
1078
917
729
1481
875
247
1630
1010
706
1356
1244
1344
136
1110
1024
360
218
135
1113
403
1262
1597
1380
1111
