1348
1591 20
530
856
53
1392
724
1332
247
799
588
916
1510
186
1456
1170
734
322
909
415
1463
719
158
890
1399
1534
1259
1520
1525
573
1012
414
789
109
476
723
100
27
1300
1426
1516
1579
281
927
148
222
1258
1132
607
922
347
396
438
823
777
887
180
1000
454
756
1234
1165
1531
1245
496
344
1179
93
1219
1118
1260
1174
1299
70
1487
811
1175
1548
1359
1009
382
163
859
1385
286
1366
352
617
318
670
164
55
28
1235
729
1558
1291
51
1220
636
1275
326
579
992
275
1297
385
244
1485
424
151
168
410
1202
416
1183
1056
403
298
610
1173
324
1338
1053
822
1317
113
419
217
458
227
422
874
1046
486
439
1257
1209
277
167
1364
1004
152
472
1329
835
862
903
816
1307
83
42
794
1420
1448
981
1435
473
735
417
98
938
1052
329
435
512
1412
1363
339
798
1404
1346
757
592
111
854
837
681
842
413
338
1532
969
550
1180
350
235
754
673
1166
1294
693
1218
49
1097
1351
364
1109
1431
372
700
1306
866
1320
321
412
829
753
968
649
1339
81
984
1215
1578
1439
509
47
379
1573
1379
124
1472
430
202
773
1587
193
567
291
998
1328
303
245
332
640
52
810
826
605
1447
1182
170
290
143
1476
1001
56
828
669
1496
1512
787
597
641
264
933
91
843
511
1423
807
1397
426
852
1367
1555
74
827
901
375
521
954
603
1217
172
128
1570
463
310
1164
1444
1389
34
882
69
1506
86
1208
580
970
480
1575
543
1156
539
768
1
411
137
653
71
9
169
1303
1101
805
911
135
760
1059
182
1007
739
363
224
960
1199
514
730
1238
963
147
380
1305
294
1462
964
1417
876
1473
1002
304
165
1128
1120
273
582
159
1211
975
1408
931
593
1282
15
705
1172
612
1286
1010
45
1015
1248
1449
1475
577
885
4
449
478
39
1241
171
1376
1540
1405
1162
1112
1577
78
633
616
1416
1031
1085
479
809
990
1039
1206
26
337
555
1119
978
1149
546
1566
1436
1095
585
1452
1557
268
48
1263
19
7
1438
1574
1082
300
5
778
845
342
762
84
1365
1171
1466
1433
1231
1318
527
1499
1021
365
262
895
1391
60
672
818
257
628
547
941
678
1073
625
1428
624
373
1358
1374
370
1554
728
741
1137
1477
215
251
565
197
325
123
408
328
1080
935
594
1403
819
1480
99
743
639
523
130
548
340
1309
1274
790
622
32
1236
0
803
404
630
453
942
1252
492
1484
220
779
1093
959
868
230
1451
950
356
187
1271
740
611
797
1040
665
1197
647
1563
319
1130
1564
1457
1489
423
686
263
1547
980
976
295
746
405
1200
880
554
677
1285
1492
1518
276
1357
563
651
341
1075
1565
977
393
1503
418
267
1041
1331
1189
691
851
858
657
1184
1076
96
1440
457
711
831
1427
659
581
1133
1047
1568
183
1368
626
575
912
1353
353
532
929
1517
804
506
932
709
840
558
1044
14
765
1192
600
861
601
446
1514
1325
191
1278
178
1434
1542
557
397
623
522
441
645
695
278
377
497
1019
1504
1098
871
776
50
650
57
720
229
371
376
609
806
553
1582
951
1471
1588
491
213
608
602
578
706
505
1455
570
18
1214
910
1322
3
1490
469
791
443
1323
43
199
808
1159
317
515
1086
1311
755
1384
507
1459
1203
894
1467
190
769
176
675
1087
1276
1537
440
471
470
1361
906
552
1589
1377
311
1519
1524
913
1268
297
334
1178
1161
195
812
1381
863
989
560
847
733
1430
1037
1572
1509
526
1494
82
1088
374
378
1341
666
658
1280
736
1067
953
1583
1158
429
1289
738
323
781
663
1539
1227
1250
1545
783
1066
615
1505
1409
1135
175
256
207
107
1279
402
1240
309
179
1304
1045
314
1247
766
648
853
848
1344
1212
1315
654
1187
655
127
398
775
1122
763
421
13
1190
1254
1256
1107
699
1272
1146
292
690
166
1160
796
813
504
747
249
667
1342
1242
637
351
1508
849
974
1454
358
606
850
211
1422
955
302
540
30
1104
240
437
1207
1372
1058
400
702
792
1068
534
266
533
891
525
661
1387
1094
997
459
219
1388
181
1177
817
995
105
1064
528
586
1249
774
389
652
97
1018
772
258
205
36
1481
1089
327
494
369
434
902
425
1057
254
928
599
1134
31
12
1124
1541
428
58
445
1551
1055
841
1360
1008
407
1302
1523
1147
1437
590
914
680
946
201
786
493
937
1022
892
1382
366
333
644
1396
116
1140
1083
204
160
510
85
243
1402
252
518
634
962
1029
1194
750
108
1348
196
613
150
448
465
1586
162
595
1136
519
1421
701
1326
632
381
923
118
146
919
1369
643
1383
121
503
708
35
872
237
517
896
367
360
1139
614
44
502
313
749
1442
1105
722
1424
1411
462
1355
1556
642
72
1092
271
1507
1193
76
499
1036
90
864
1546
1060
908
21
870
477
484
770
758
282
1521
1461
1316
1138
394
1562
986
1406
409
228
884
996
102
1129
1103
312
679
545
161
930
1113
1400
664
1576
1169
999
234
149
1450
1495
25
466
216
392
1529
46
120
671
1042
141
1048
1262
490
1460
451
1527
223
1552
684
524
715
1526
1277
77
1110
568
265
1312
1513
1237
1091
214
1127
1100
689
621
1482
406
1486
1121
495
834
833
531
598
1191
236
431
814
1035
966
1354
961
1502
119
188
793
139
468
958
569
898
1308
1418
949
206
177
355
631
134
209
788
513
125
584
174
1069
1244
904
63
1569
1126
140
802
92
1078
566
24
231
67
41
88
296
1152
185
635
1201
1319
1290
131
973
189
1011
1298
714
1230
1491
1025
293
1204
748
274
1232
660
535
259
1441
825
65
1167
589
242
687
1287
1108
921
1380
1195
1581
900
1096
253
846
104
1432
474
1301
1079
285
682
1352
965
549
1590
1310
1288
1407
203
1224
427
289
1561
993
1221
1125
1210
1560
988
704
1117
1061
331
1233
1181
971
1006
934
824
604
1216
335
939
1223
305
1017
129
1155
1410
173
395
498
450
839
815
844
122
1143
1474
1333
2
878
1065
1414
873
1163
184
759
855
1186
157
1522
1544
1465
106
1483
1016
1515
20
272
1153
536
22
948
1273
62
1343
956
485
348
571
270
556
1330
136
1014
343
488
820
1371
838
745
1222
727
1549
982
1141
936
87
674
1090
905
288
156
1559
1334
1229
987
198
38
386
1269
226
269
1054
771
1550
1488
248
1501
1356
221
1028
627
384
387
316
596
200
983
713
1580
1536
638
1034
95
133
897
11
751
442
1375
68
452
1102
683
947
712
1378
306
800
500
250
1585
832
1070
583
1337
1157
1464
685
551
460
37
40
1538
6
330
867
1497
967
761
1145
1168
821
1479
260
483
1026
138
1498
482
1013
301
145
1062
1415
17
1213
1228
1005
1321
315
737
1123
1003
1188
1493
89
985
354
926
1345
73
401
1032
877
1226
345
307
915
420
114
1445
1535
1443
1084
561
1284
881
764
1350
1111
945
1478
541
1336
112
529
731
1553
619
299
1225
1246
