350
1522 20
672
701
839
566
764
66
875
1341
1385
1044
696
88
1472
703
1146
1130
974
594
867
1440
293
234
369
1503
1323
1051
1117
1327
1333
796
967
1472
948
774
1132
773
910
107
1429
1209
1367
1099
1004
1371
1444
979
1108
1268
640
184
364
1496
720
155
1272
1224
376
210
1487
1259
1489
891
596
1033
1334
266
1439
785
835
653
267
22
672
261
918
1505
730
1459
1223
862
796
1413
938
1515
796
268
188
1285
705
155
1414
208
357
533
1223
307
1511
725
865
1367
328
285
266
233
618
702
841
734
1013
449
475
71
1001
1445
76
981
431
323
300
889
54
459
296
939
338
1107
158
161
275
368
364
481
852
974
1522
227
565
1439
1090
355
230
1386
313
555
755
1374
132
533
813
449
898
1198
1391
285
107
263
518
1492
786
786
261
1518
1257
1247
1404
705
1175
843
557
1519
101
999
600
1448
164
761
666
119
1004
274
1402
1325
1478
1091
910
645
338
1503
849
25
324
30
1231
1026
1478
931
865
1347
1289
549
395
324
1437
840
708
856
801
212
1216
644
529
834
1326
703
907
2
1131
133
174
1228
80
773
75
796
994
57
1271
1420
559
181
1044
1502
733
1114
1156
1062
636
1071
1224
953
211
301
1351
1143
344
747
91
1494
1050
1190
236
514
1071
642
1397
667
1405
1064
131
917
175
45
581
1487
5
877
31
645
523
525
1305
925
806
906
331
1050
1229
1105
1147
1081
1490
1253
1150
773
135
136
206
877
1365
332
913
1075
737
390
575
330
648
1046
1140
122
217
670
1423
967
383
39
1016
993
1005
1280
850
344
4
499
110
1093
371
1213
1358
282
219
779
655
1383
681
366
512
899
1175
1492
474
1413
1094
1034
326
479
174
1128
219
1052
615
1421
1020
665
1162
488
186
417
500
1129
