806
1933 7
1622
1213
261
725
499
1752
371
1437
814
1127
300
376
663
69
1489
1054
777
1459
371
576
1296
21
174
262
1457
913
465
1025
393
1795
488
1643
1073
438
965
546
81
1150
88
1871
1498
376
1238
219
1714
520
1248
372
850
1569
815
1295
1323
156
511
1549
319
1484
410
1307
1529
740
1584
838
174
993
519
1082
970
549
1419
1734
93
1209
1804
1448
478
670
1208
989
438
972
461
48
845
1352
1002
1519
718
1346
1011
1833
312
1479
535
1584
1840
942
457
746
169
369
30
11
980
1112
784
1592
1156
1061
336
1706
1540
1705
152
1270
1866
1798
449
1562
1839
936
1270
478
580
1635
425
1437
29
834
1181
1716
336
876
737
1515
820
211
1406
1738
1758
1933
43
559
1671
1805
1662
1656
603
1621
12
1824
1147
67
1580
1839
1655
1167
252
558
1646
525
574
1314
685
1824
1534
1757
1813
623
558
483
1191
1193
411
147
890
126
1079
1053
1129
1355
638
425
1368
620
268
766
216
730
241
127
87
1925
862
1791
1273
1796
488
1690
573
381
1025
1565
881
1169
554
750
1513
1690
1657
384
1454
1549
413
79
926
599
1082
540
700
1285
1363
1636
1335
315
521
515
502
1761
386
920
578
755
778
1667
222
753
1718
818
541
532
747
1392
1185
1522
1333
1347
1900
346
349
1056
766
1009
1787
950
1084
273
1024
366
308
552
247
1335
1329
148
1012
1272
910
1428
1608
1798
63
725
1784
338
1337
1639
979
1052
1806
808
1697
98
303
1246
1151
280
1618
1486
523
383
1802
866
1450
1089
282
573
811
930
19
982
1639
1020
670
689
595
1051
81
778
203
13
989
811
1828
1655
715
1183
1230
627
310
350
1139
32
1451
1351
49
713
668
1237
958
678
964
202
221
713
1559
218
921
506
261
1877
1516
136
1008
1336
573
1081
1274
1323
1474
1151
447
1548
1004
346
541
1354
1927
1618
20
366
1554
1611
1593
138
809
1670
1850
1813
1417
1581
122
1712
213
423
1072
1315
794
573
1440
1434
210
1265
1035
874
1068
1491
822
963
289
452
457
1144
1471
990
631
780
1793
1297
860
1102
1803
876
1268
1870
1499
477
944
852
252
1604
1604
614
655
422
1814
679
37
589
1155
1373
1663
109
1027
173
242
904
1380
1234
1302
93
656
1213
1920
269
734
967
1463
466
1611
596
411
1852
1108
704
1005
130
1484
1916
401
1135
1396
1411
880
1059
188
528
353
1150
1415
1658
217
849
549
1558
92
1765
1
469
1637
561
1533
1328
1535
1617
1509
273
1300
1754
1025
935
897
150
1800
123
1660
195
249
1368
499
318
301
1743
735
237
161
204
750
95
97
95
311
1281
693
15
1901
175
1049
980
1258
82
399
1932
1462
444
1574
528
28
836
895
311
80
62
127
1117
1775
701
783
307
1190
1760
646
763
346
1170
1551
404
1354
1486
1277
1809
1189
1694
407
932
616
1161
647
1116
1105
1531
900
1352
1829
244
983
549
1243
10
833
1650
1431
709
788
1844
1738
656
1879
1185
1926
678
436
614
1217
1378
498
1357
1932
1588
672
412
113
1573
990
1806
1096
528
261
456
11
220
1695
958
553
1226
1430
1086
1128
1089
1655
1471
1915
36
1811
1143
923
1
172
652
1615
1787
900
518
159
1318
28
840
1778
1656
584
755
1757
686
102
497
1570
1830
1105
1375
1572
974
1266
744
683
1062
272
155
1344
990
1682
733
472
1366
703
750
1035
1741
1533
1866
16
345
293
161
654
399
1617
1701
625
1752
855
307
1434
1651
469
1113
308
998
1622
1814
1800
1814
856
1071
527
1565
965
575
215
310
301
411
58
1393
1197
730
1645
403
1727
1512
362
1633
1363
1110
1773
1667
442
1445
246
1909
5
1305
817
1393
1815
1115
957
1507
1751
97
1094
1635
1637
1669
498
1388
72
1438
863
485
200
195
253
1915
1081
184
633
1184
950
470
1174
1913
649
974
1602
697
1267
676
1250
1528
1305
1723
1429
1497
670
937
1445
442
396
1837
1152
1893
1342
979
1200
1335
1792
1525
1757
436
155
1680
1090
119
1080
407
1196
277
1806
226
673
1097
177
685
353
1352
922
358
947
1809
1614
437
413
1443
656
1571
1569
516
1896
1526
194
951
1554
1020
97
1316
1891
1709
967
1327
1785
1621
1669
448
423
1109
