2000
2000 1
1588
1868
175
963
103
1913
976
1537
766
1370
725
115
105
1331
1320
975
589
768
1444
137
1900
1708
1166
444
1188
1838
704
299
1922
691
651
1348
1350
1226
808
1874
1607
526
96
1447
1632
99
1783
112
610
1366
720
1390
1623
84
1631
214
971
50
390
1544
1487
425
307
1270
689
283
1835
1677
884
500
1902
165
552
1737
1220
496
1762
419
1289
788
314
546
889
218
220
1669
1166
689
448
900
636
181
652
1496
497
770
1171
1321
462
1633
1476
192
1761
990
781
400
1654
1434
1374
29
966
94
1969
237
1462
1673
1107
1150
1226
1050
1242
948
495
1478
712
1789
1653
97
705
1698
20
1603
1873
905
145
124
1765
1945
1635
950
723
1344
123
1463
176
1873
358
1925
1978
1495
311
942
254
1249
1915
231
606
1648
823
1671
16
1296
1820
1058
1111
330
1675
1930
629
532
184
1890
633
1011
110
526
1302
1587
1811
237
1321
1565
1685
1769
1974
1503
1007
640
1766
274
1935
672
1287
148
113
1219
496
1752
607
775
1906
1318
1940
536
1801
320
708
825
1936
444
1812
1520
339
774
1869
1946
1808
618
579
1270
289
536
69
1865
382
283
1026
1174
274
815
1042
1479
29
611
1979
19
174
1918
616
407
201
42
1985
266
812
1728
1435
1025
1414
1217
1120
670
1569
1470
1787
1599
80
1711
1758
141
688
1405
181
1872
194
179
1636
1774
1005
1873
400
1943
375
1488
416
39
1920
1974
872
1171
296
1074
571
1031
1634
914
1983
1029
1734
142
188
970
1661
1634
644
1215
1672
1192
901
1609
1463
1754
1983
1264
1461
666
1386
258
328
397
82
288
685
487
1027
932
847
278
1462
1811
1017
1844
373
417
514
140
1265
286
1550
118
921
1646
182
18
1487
316
118
962
404
805
1699
22
539
1356
1978
809
131
1984
629
324
420
1925
1143
630
1584
1719
367
1063
674
1820
1634
780
1535
1782
1227
393
433
57
1405
678
814
1243
1761
1375
721
1067
992
1309
942
1797
1911
199
1031
1071
753
1664
605
1636
1440
1926
1211
1530
760
1531
1113
543
322
1681
1171
158
222
562
818
731
1393
1085
80
1710
532
202
1317
2000
529
1091
1226
1360
339
669
1271
688
1400
639
145
693
1868
222
1010
1649
1449
496
1131
1124
1213
1206
264
1996
1100
899
442
1534
1000
252
1793
1710
878
1700
1476
418
333
36
887
86
1923
1134
221
972
1773
1345
301
1560
1115
1310
1091
1491
187
500
1264
229
1102
1055
167
1194
536
1663
1285
1223
220
455
333
391
156
1395
580
752
327
1502
180
1007
113
1865
954
899
1207
1984
1131
1572
120
1391
863
822
1908
867
1361
240
394
1887
1119
431
243
1886
114
1123
1850
1991
954
1188
1003
313
1832
1729
697
108
1136
625
1679
574
1183
1707
851
1489
503
1544
746
529
515
1037
1999
165
1419
963
473
293
903
770
315
1953
293
1746
1758
499
1433
80
864
1661
105
1187
37
666
515
1827
649
1638
504
1504
805
1466
1775
1183
1011
534
241
1590
613
649
47
992
1441
1820
89
893
67
347
1512
1052
411
111
34
716
1717
341
1741
1903
1068
431
1563
1532
357
1763
1471
939
259
1286
1575
1068
20
1984
1034
264
476
1229
1818
1670
1914
1090
1131
1753
470
461
558
1505
1698
1992
987
1877
286
1225
1969
1020
1484
1323
237
1588
1777
1081
2000
1245
923
1165
717
1686
1354
1836
1494
600
673
2000
889
146
894
805
1571
570
1439
1989
7
438
1779
1042
1806
594
1642
805
675
802
771
965
79
125
574
424
1683
1334
1132
162
1023
1076
1021
1188
998
311
669
188
798
1530
1850
132
1446
734
1799
1991
1623
1373
326
1512
1129
499
978
1578
1693
131
32
914
1413
560
1025
1052
400
633
714
304
611
779
1118
1329
1694
1609
276
1738
1633
656
1951
366
113
1352
1724
470
1264
1277
858
1616
276
24
78
978
273
102
956
289
8
3
1816
985
1308
1122
1340
1197
1990
1453
1687
1003
648
252
190
1794
1306
903
1323
47
664
289
1465
1849
1095
255
1749
269
1863
605
88
1906
1263
510
667
1759
1925
523
1240
1495
130
972
88
1586
1664
1883
1173
1785
1012
1777
302
651
259
1189
1578
1201
1903
1951
1764
1751
1859
1072
1592
1970
1132
1735
1868
797
956
1363
611
607
1170
607
67
998
184
473
1541
1499
1070
190
1628
1750
1611
1741
1542
395
1571
1629
712
190
1014
97
1491
291
1460
652
577
518
7
1603
208
1678
472
1075
872
1334
141
1077
399
0
1634
753
462
1677
1463
771
494
1298
1029
1230
204
683
985
529
1622
1291
115
1990
373
62
1841
278
79
1134
1345
1461
502
1877
616
195
106
1141
1706
203
1974
82
305
1916
1660
1706
1653
1383
422
62
1125
1905
1178
85
493
1018
1946
540
244
1799
767
1300
1193
639
125
808
904
1109
1701
1046
1078
1143
1519
1918
1288
1644
1766
1692
88
1573
1539
1468
1321
989
869
1697
1846
1476
771
281
961
195
926
394
904
1717
1183
1531
1402
900
1293
249
1900
490
1092
622
1419
707
1674
1703
1325
807
1056
758
653
448
907
1391
1129
1187
1480
416
9
1224
1105
242
297
54
1902
874
1040
1408
774
94
369
1767
649
1236
132
685
314
1673
1856
1143
857
32
1011
629
1700
1284
986
1670
1760
482
204
1417
946
152
1482
452
623
1985
940
467
1948
1538
351
1150
1617
805
1494
763
285
277
1872
1283
1007
900
1104
870
726
1774
567
738
1668
1910
380
1897
1772
372
1410
1964
262
1309
34
735
738
1635
1752
8
1108
361
1757
1716
45
1536
422
1283
907
143
1862
1491
681
1616
346
850
37
1944
1990
254
1443
1094
706
108
1636
827
1423
725
1003
1296
1231
358
1334
1506
132
120
643
1360
1798
1376
809
299
698
856
1745
940
927
1517
368
525
1325
1393
371
1101
1783
1104
1293
158
720
773
777
18
1793
219
337
1945
1527
599
650
677
1362
1445
1144
1163
284
1003
1891
1630
183
445
1271
1542
686
1203
1622
615
1117
386
788
1652
466
987
1053
524
42
1396
1750
1485
502
1215
185
862
491
688
1712
1934
1569
448
125
1648
1083
556
1174
533
1373
93
306
866
1962
569
1748
369
1275
216
426
1177
177
795
424
276
1212
829
1779
1097
460
154
1940
679
1630
1014
332
269
1901
892
529
1178
1158
121
1271
1483
1390
1244
1463
1711
1750
972
1581
1468
393
422
1935
1512
1636
404
1843
1012
722
445
1092
135
1416
807
210
1388
818
1320
768
1871
376
1585
235
535
639
532
1552
1286
95
321
1551
1623
976
1981
486
1082
1742
412
1770
716
724
31
954
1280
1501
1294
1543
320
1566
829
1359
629
745
1026
867
1200
1345
1195
1217
893
1644
1073
1186
1522
1256
889
242
1580
1735
156
1093
226
1118
1366
1688
328
370
1358
1038
476
1840
777
922
1062
48
1604
783
310
1267
969
1629
1500
324
1093
377
1796
1122
173
1855
105
1195
594
1706
1595
120
1564
552
1980
1045
1158
567
1732
952
1585
1953
1163
1502
1433
228
1512
980
852
1354
1432
1165
672
293
1594
1560
168
1885
1857
954
1285
873
1814
1568
588
1545
776
889
1627
113
42
146
146
500
1300
1564
1421
775
1812
39
1309
1576
1341
1510
1899
464
597
1761
604
200
1869
1342
276
738
1584
1560
465
1705
1616
1303
895
241
852
76
566
208
349
1004
1252
894
1369
1458
18
743
293
1412
432
625
229
589
215
1413
494
1293
69
12
709
677
1486
706
703
1111
313
1559
1464
1236
1429
1751
738
168
348
1385
441
1223
1028
1628
1734
1338
1899
337
978
1543
330
867
1880
1122
652
501
1316
667
1490
1532
1485
297
1902
1266
1050
1148
416
1754
8
498
1222
1679
1083
1685
1529
1013
1072
895
1725
512
1477
1161
653
1900
1478
528
1223
83
1740
383
1219
543
1748
332
1515
569
346
1782
1647
1463
174
600
1091
768
1028
1748
29
150
713
266
933
722
1129
891
84
1640
67
132
318
730
894
1399
266
1795
434
589
1571
1253
1865
1020
312
1862
495
1185
1293
1505
540
1599
812
269
892
122
250
836
1428
140
421
277
1600
477
195
258
1676
1705
391
131
220
1341
2
187
1857
1376
235
1702
326
1259
687
512
823
1705
954
956
1179
314
1647
626
719
1072
1858
1203
278
585
751
303
1592
481
916
596
1724
63
1336
683
1074
1897
1293
371
205
811
155
857
133
310
969
635
883
1144
911
265
387
595
1782
21
1242
1901
1102
1477
1890
555
242
1173
690
1632
1347
20
527
1166
334
100
234
1911
1080
1563
1220
1173
806
1022
1807
542
1626
1525
1236
1901
299
546
680
271
1057
417
1280
693
763
1844
202
1843
1973
325
1950
1225
1038
1240
1259
840
1978
936
243
760
1720
1825
1561
306
335
281
769
453
562
1620
10
1604
803
1879
1018
481
1056
710
947
267
334
1287
1322
1372
224
80
1108
227
1782
1652
1582
1370
70
70
1220
1108
342
333
392
1955
432
1705
126
73
1651
284
696
701
737
1267
1810
1065
1155
1572
1677
1900
1443
1535
1570
1448
1428
1786
930
1652
39
1701
765
627
1877
1172
342
164
239
67
324
101
1417
1240
1576
1956
103
630
273
1227
900
606
659
1926
256
730
1814
1669
46
768
186
1049
308
49
1395
1109
1363
374
359
1933
1370
754
1015
793
1864
87
1693
1138
246
1246
1701
1053
1114
1543
734
1980
24
1617
1
1260
315
1157
1717
878
1430
47
906
430
1958
847
169
847
357
936
1436
1390
1378
801
1305
1145
1730
1607
1153
349
1155
199
1150
537
995
1460
955
93
1494
1853
32
636
890
700
477
233
1585
880
676
293
279
1890
944
189
124
482
1907
1831
234
562
1673
595
838
1082
4
1620
465
211
252
1365
1054
1415
1540
843
491
1022
1335
1536
1608
832
1177
1270
1181
390
1756
434
1157
16
561
82
1288
1726
935
1194
881
1611
1345
118
945
1050
1165
2
1744
230
942
835
524
1508
1036
749
817
1993
1687
1953
1376
76
165
4
1059
1353
463
482
1705
1398
40
294
298
856
118
1835
583
651
1988
972
208
1131
369
119
1385
205
1079
760
709
0
1763
405
1196
148
1592
1750
1083
552
1417
1364
1894
1988
1364
128
31
1799
1784
1484
1611
343
1279
322
60
1106
573
1431
981
424
557
1940
1611
1152
1323
255
1417
546
827
1006
1507
207
124
402
1903
911
581
174
1174
111
1238
1072
99
580
11
1122
1107
622
1142
1045
680
1905
132
350
438
105
315
1279
738
214
292
1249
1600
1278
654
1153
1379
1743
1227
198
956
927
186
913
1672
1921
1003
557
1114
969
457
1385
1996
1237
1081
357
1631
1117
1116
574
592
