1052
1188 9
570
900
503
33
295
378
358
1166
1188
445
1069
283
1086
876
328
313
384
261
951
569
1146
333
328
810
796
946
963
229
992
1168
566
38
739
233
399
595
403
657
559
336
232
619
327
953
1130
1091
260
96
734
860
202
345
275
167
581
1034
965
293
818
742
183
734
317
953
1069
336
901
385
235
969
108
604
535
147
370
343
556
872
490
196
435
52
59
396
1069
131
382
311
283
937
517
720
912
838
993
631
980
832
781
964
726
1112
666
1087
638
952
210
828
734
24
762
225
644
837
861
785
744
644
434
142
1025
837
622
377
261
465
819
520
13
385
389
446
1127
1135
1182
500
134
194
808
522
349
170
237
134
974
838
271
216
1008
541
223
340
280
221
474
472
73
246
648
615
650
954
940
576
194
1110
82
472
1034
1050
703
969
644
81
6
876
904
473
225
1085
1080
781
43
355
1034
348
866
685
152
677
33
229
1062
1156
729
425
379
569
400
1117
724
902
219
140
686
793
953
931
317
866
179
578
566
393
724
64
387
1153
790
608
943
909
825
435
509
50
535
1034
59
50
675
522
167
537
183
344
762
170
312
511
525
924
142
944
1006
807
982
1055
136
224
724
22
445
2
72
658
1100
207
449
203
753
982
625
1055
449
944
833
833
344
1168
715
212
239
872
399
261
934
663
540
742
422
626
342
795
438
731
540
627
519
905
724
901
422
449
1032
912
3
608
356
570
449
742
18
808
439
861
828
866
447
1043
764
500
1067
608
18
274
234
358
1026
615
592
6
948
992
378
290
183
98
768
382
68
327
15
225
21
1015
595
276
795
967
499
685
1005
819
44
333
457
246
503
577
1144
442
525
948
317
108
762
436
341
82
588
595
1006
61
892
219
33
769
954
1044
35
409
72
726
530
490
1063
924
1044
704
493
1044
109
957
825
594
343
134
3
860
423
1006
344
39
796
237
540
425
130
340
348
70
995
963
377
73
1158
824
881
635
293
825
167
796
1024
844
235
183
233
422
909
657
625
517
173
921
841
615
905
645
588
758
790
1127
205
84
729
631
649
688
393
703
663
974
261
594
431
450
764
1017
627
1085
1168
297
313
491
1032
537
325
936
992
1032
33
181
1117
447
223
787
736
1117
26
993
731
1057
644
35
446
3
1018
1001
445
480
758
584
70
1135
1144
1111
362
325
47
675
192
403
450
744
954
619
310
847
194
592
604
73
609
667
167
590
26
204
642
717
573
630
974
1006
465
974
1080
198
729
504
491
84
45
1025
234
566
84
711
901
204
956
491
642
192
705
841
44
233
2
954
204
845
630
3
68
644
609
1055
295
630
299
832
382
312
221
376
46
283
818
588
520
278
274
58
635
686
435
276
310
729
636
791
768
901
2
704
219
885
1112
682
731
92
937
451
226
494
378
912
1156
179
649
35
974
140
294
707
861
283
398
21
952
207
541
47
436
297
795
808
449
246
573
196
345
78
333
171
918
525
232
663
1025
762
421
130
421
1001
183
370
1098
1180
152
921
353
261
1130
312
382
142
753
517
918
1056
514
437
452
13
183
1166
384
35
403
325
383
522
803
400
530
1153
615
368
653
348
703
280
162
756
923
85
420
73
924
310
312
439
609
899
940
769
459
791
213
744
173
838
33
764
841
782
657
592
348
695
493
1112
1091
666
1015
537
343
59
451
904
869
1104
941
494
1018
274
507
515
1185
38
129
530
808
941
954
1104
33
1158
256
837
171
84
6
490
135
287
1182
937
825
24
275
516
773
1166
522
98
266
809
202
82
275
411
421
844
638
415
368
333
490
420
466
866
1076
731
965
581
363
250
776
965
1188
549
142
340
717
777
764
148
358
379
402
233
779
321
1076
278
271
43
701
419
1167
530
627
421
570
622
229
530
15
216
389
809
423
2
905
1032
703
872
439
18
61
774
837
452
22
184
705
389
675
246
434
650
3
796
353
522
782
964
965
263
173
686
263
396
649
1165
776
298
421
1171
943
363
682
731
938
245
508
1144
964
398
297
447
695
1067
995
260
1158
1080
817
943
537
147
465
739
1168
1173
776
310
265
1057
415
903
170
451
774
817
298
796
114
627
1082
970
602
1093
46
592
744
136
457
1181
923
670
653
1015
956
943
152
653
152
724
260
983
342
588
196
1158
47
514
1067
428
82
207
205
694
525
821
844
1156
707
1001
387
952
33
213
964
454
782
744
590
751
827
869
903
1056
1082
774
902
1043
1080
456
1110
182
33
333
162
1093
235
905
457
818
726
576
625
645
136
265
795
298
234
1150
250
378
713
642
148
844
411
956
181
342
537
370
96
644
578
1059
229
670
280
324
84
560
452
379
685
1173
726
384
265
43
872
900
317
368
494
844
423
797
872
522
773
1001
1153
190
856
223
995
731
856
251
205
713
540
515
425
387
1166
581
773
1158
314
982
422
946
667
866
670
923
1182
437
280
272
456
1183
751
931
245
825
983
1044
68
287
184
720
167
510
437
1076
161
223
773
602
642
114
885
872
207
648
