1120
1832 14
524
1714
176
433
1286
1173
1494
1469
495
587
841
967
311
407
723
361
1124
521
1116
1595
1827
81
261
549
1736
1715
706
1784
220
1020
578
643
1821
585
1419
1832
1436
1679
866
236
1655
1793
1503
1791
187
1605
840
452
1543
772
441
1808
1494
1568
1217
491
1523
1673
1513
1443
46
146
1229
1098
637
1793
566
1397
81
824
665
1654
1809
1830
32
1639
59
97
328
272
654
330
1318
1013
607
414
824
856
895
65
1033
939
379
1643
634
1405
1811
1075
1498
1164
1260
1343
1435
431
822
1519
716
1012
1386
1306
1017
804
933
546
1777
706
1309
1236
446
1486
839
1200
1500
1526
946
1490
1690
613
1432
610
242
1553
601
1486
474
1809
1687
650
43
534
795
1648
86
960
607
337
1639
533
704
1315
527
774
1190
410
784
653
1092
1063
1628
1389
1602
1429
681
1775
1647
716
1612
404
818
1216
1202
241
111
1373
764
978
511
51
1153
1521
1420
1106
888
761
313
1335
240
55
1610
904
382
919
963
1047
759
772
1189
626
1133
428
1684
744
348
1048
162
122
695
666
708
458
1604
777
490
372
993
202
848
560
1597
6
1030
1042
1619
711
884
1457
751
992
1345
1521
304
270
1323
1051
1742
204
51
1787
1127
1349
1037
240
409
877
1629
938
276
156
257
157
391
1381
504
443
989
351
1525
1100
1317
1284
1634
942
1477
1464
1063
48
1685
438
1704
370
1128
1653
1089
1438
125
1507
57
544
1500
598
1443
1073
1694
740
396
767
1747
256
443
1178
1490
1813
337
1369
723
412
1314
41
1025
32
187
838
948
1613
1135
413
1146
1799
505
1478
42
1418
1416
311
1721
1807
1257
842
456
160
1383
674
246
998
1495
1324
1768
379
522
1075
1542
1045
1528
1295
212
1291
910
1259
582
928
25
1090
205
632
989
1207
1831
917
203
1804
1599
1347
402
1594
885
1799
542
359
407
397
882
755
1750
309
931
1792
1123
655
700
483
1678
1091
190
174
232
681
422
1713
1807
1513
77
223
528
1396
212
188
423
1371
25
301
2
1663
1592
318
944
1276
479
506
1437
362
139
1525
870
178
500
380
691
1623
849
363
472
1194
789
1185
340
1643
1445
1645
137
118
84
236
727
871
783
203
1061
1685
1651
1502
781
1076
733
1303
1540
210
1508
1664
898
1660
587
311
1696
555
1622
134
1499
90
579
1617
1126
213
1390
320
1636
876
527
1230
1249
331
707
1141
1438
1241
927
1056
542
328
1644
1008
449
98
1171
177
889
343
1198
125
405
1308
1241
1729
1530
211
1303
95
415
780
51
1467
929
825
315
992
1803
407
613
768
73
696
1003
1600
258
171
1407
761
1685
900
1624
1169
980
139
925
1653
145
372
222
1675
563
976
1419
575
1763
1792
450
668
163
900
215
857
1609
1337
1403
1639
1143
990
482
984
793
1433
52
1179
370
1171
427
1718
1040
1335
373
246
1583
405
1405
1658
1784
52
676
559
958
271
84
1576
522
1148
490
378
1340
358
1824
717
856
1734
1752
1486
90
1181
264
1699
1371
1328
1643
1240
1832
815
1255
393
1310
1378
330
707
1305
794
324
1552
269
731
1422
591
215
260
1756
1705
1265
374
1283
626
1462
430
1104
250
1419
47
1532
366
1276
65
504
475
435
578
66
160
537
182
995
890
947
568
1582
1043
1716
1495
701
1182
506
8
1481
595
9
1084
1639
1768
1821
1671
97
245
1525
818
259
1624
1209
1395
1180
1635
379
1455
1414
1106
870
296
524
1451
79
1419
717
1140
1474
655
1403
3
489
1672
1571
929
519
777
8
1337
878
1498
727
215
1648
833
1734
545
961
787
1252
1555
543
6
582
1146
109
544
1638
1158
1100
998
1114
1504
1804
908
949
1733
689
348
858
1073
1422
1115
1529
1465
823
992
1623
1494
189
747
159
127
706
688
1544
366
340
1219
1785
1498
959
264
1637
1400
1640
1320
1337
797
1070
1764
1234
517
171
727
1393
506
981
1628
1399
516
376
357
1015
1282
860
907
1596
782
1519
612
661
534
1262
1643
0
1580
704
1619
986
1709
1119
883
426
1786
1755
745
15
880
935
317
885
1234
385
617
1450
1418
905
1635
1150
265
893
1060
1646
1497
469
889
882
699
488
535
721
974
1035
1171
1408
776
1270
521
635
118
1335
1244
1104
477
862
1036
1167
1341
490
906
48
1770
554
1047
1199
1011
95
1262
1208
1597
629
632
1093
1202
625
1218
715
753
560
481
196
1616
1729
1059
342
980
246
444
1669
764
1147
310
736
211
1069
955
640
682
1333
1723
949
244
411
1356
337
1116
268
1212
713
472
1171
382
559
1434
822
1259
976
619
1310
1360
668
548
657
1612
648
78
1234
47
1304
1032
1036
37
1210
1262
724
1552
991
1434
410
1522
1803
438
1074
1449
1203
1127
946
135
822
1102
105
940
645
1410
1802
1089
1806
727
367
893
671
312
781
1157
1544
394
521
1026
1515
311
333
1665
483
979
1413
1350
526
429
1446
1036
261
852
1780
1124
669
776
108
747
489
1142
1771
1285
710
55
517
205
129
180
1216
1730
1732
1797
703
609
167
1093
617
1426
330
832
761
634
778
510
1609
257
437
1441
1076
1533
1633
1201
0
1222
1286
1631
1636
1766
372
940
191
1590
1089
14
758
671
731
1305
1187
1809
78
54
937
1058
753
1138
881
623
667
1547
1553
1573
195
1258
1596
1535
1467
1529
528
950
292
322
1253
514
1083
1247
691
454
1414
815
236
1805
244
166
308
1612
631
1045
669
1442
1599
324
1142
173
49
1596
1333
311
676
1785
275
875
450
1499
1640
1125
1330
820
942
1366
1784
1372
212
887
1010
83
1031
462
1334
67
201
898
699
201
1674
1612
109
930
932
26
885
782
214
1295
1401
1724
903
1004
1055
594
508
1371
1778
301
1374
630
606
580
922
1723
685
1699
524
1430
590
948
377
515
308
1160
1025
416
234
1425
952
1205
641
1612
0
1141
