360
1834 11
125
1299
1205
74
1057
1064
1038
275
727
1084
131
1034
1208
1256
1662
1006
1467
1750
1242
309
1702
623
1631
1430
617
905
1332
1469
1437
1619
1064
1744
1081
974
1607
1674
1617
242
1700
698
213
1195
47
1116
323
1686
913
1246
1283
118
1632
1501
936
1182
1543
35
1425
360
219
159
1063
566
143
1303
1070
1044
1334
264
365
1106
580
760
1507
1620
649
502
1049
971
1513
912
352
1114
663
406
205
1709
742
859
745
261
1553
513
1111
1732
588
1615
736
1091
536
658
1694
1077
37
1645
580
1505
661
1781
870
1061
1153
1535
259
389
156
56
1092
1377
1225
1638
1113
1554
1078
801
1228
1088
1651
69
739
954
1748
89
720
1076
173
1166
896
1169
514
504
961
1069
350
682
1075
1776
1748
440
822
908
72
1733
981
1461
1611
680
1701
126
1361
861
864
177
1591
1527
1727
1105
1303
1144
730
303
1047
703
1263
1390
1678
970
64
995
866
737
304
80
245
640
1643
1071
725
1768
1129
1003
1798
1230
1282
804
365
1572
667
1631
1373
1719
1489
427
749
1242
1355
1132
1482
1279
926
148
400
158
464
1810
1449
240
1056
1494
1639
126
1371
1490
706
1499
384
340
583
1198
1772
1815
583
856
119
475
210
476
503
949
528
833
722
750
1201
347
1616
1688
630
179
1831
1635
595
1570
606
1165
234
1253
1042
1427
462
1609
1121
155
666
499
513
731
1102
1744
1231
477
1592
708
153
1149
415
252
1051
1480
1567
1484
177
206
1424
588
865
1416
548
987
243
789
514
1509
42
935
384
1617
1558
614
167
1025
263
1203
657
1347
1593
1046
401
1460
30
784
1162
1594
198
1329
101
1477
123
466
1746
1247
574
296
566
1093
108
1603
80
663
1047
1642
624
667
285
1692
942
1181
187
1164
1177
1428
1114
183
1662
155
427
925
408
893
13
851
1179
1675
357
1393
564
994
924
874
153
894
