1324
683 8
236
288
174
607
172
48
240
227
310
536
73
514
582
585
531
108
225
428
239
305
293
426
273
667
668
545
499
250
262
345
267
247
609
336
7
272
618
591
578
125
403
81
138
638
653
108
165
376
197
280
207
246
320
207
316
680
594
273
248
305
463
567
60
276
526
462
218
362
21
182
418
548
618
66
207
279
134
324
361
382
586
576
187
124
569
531
360
386
531
166
111
130
93
615
121
368
644
10
369
371
101
591
245
273
283
604
279
10
163
336
146
321
210
632
81
566
74
573
97
34
217
490
92
43
49
332
86
292
162
59
488
515
253
253
567
149
621
640
240
415
550
386
153
161
557
484
372
570
81
484
142
57
134
356
283
498
85
105
508
536
100
461
443
397
544
121
597
652
291
485
578
628
124
0
174
568
271
6
239
171
619
152
71
285
205
417
324
292
546
164
505
244
259
426
174
280
108
77
353
658
515
215
431
380
457
468
349
142
662
508
24
609
498
673
268
349
423
562
515
278
621
300
9
70
441
297
257
179
171
151
7
607
280
267
602
184
410
436
606
624
131
134
623
425
312
329
565
98
278
516
214
632
493
385
390
350
598
520
476
523
668
253
124
234
611
437
3
655
254
563
455
372
676
223
103
489
205
649
500
229
314
277
30
621
642
40
332
105
402
239
535
123
445
527
23
155
363
191
112
102
144
213
523
288
367
536
402
269
447
134
17
202
278
459
76
599
590
516
264
432
30
655
102
579
300
88
363
91
643
539
353
575
203
200
216
401
103
462
252
605
84
132
680
123
368
347
84
499
37
16
477
117
278
537
291
448
284
214
190
480
373
141
562
280
568
231
286
188
202
458
278
352
9
401
283
591
678
605
214
33
459
372
624
218
205
227
546
598
473
36
341
40
327
268
130
681
90
169
476
488
557
569
512
485
506
437
447
357
330
16
396
93
116
559
673
618
80
595
259
231
284
361
320
297
298
88
100
434
550
394
403
533
638
107
533
564
192
320
225
108
431
26
245
156
356
300
113
674
221
310
363
32
328
683
220
625
666
369
644
234
231
338
316
620
215
282
653
673
243
376
600
592
522
9
541
210
124
423
320
142
277
676
83
101
346
155
501
249
54
208
535
376
23
336
39
268
518
584
202
16
438
594
175
630
494
151
296
374
302
90
41
322
518
60
645
534
189
590
50
38
371
442
505
207
62
443
13
340
630
410
341
12
497
621
620
377
323
436
94
59
56
292
377
538
460
307
578
594
532
55
133
493
79
453
442
509
380
115
411
641
194
224
318
216
314
582
576
508
195
552
321
526
93
460
353
436
92
561
106
272
516
510
168
137
339
6
636
651
99
660
419
176
246
400
579
439
462
435
132
509
0
5
444
612
104
423
675
650
69
421
341
577
593
464
325
213
80
318
246
128
98
556
314
346
275
383
204
640
453
538
48
602
212
361
116
647
239
573
325
597
477
632
609
234
619
538
417
240
112
160
494
366
477
671
365
632
17
303
569
644
580
240
222
505
343
66
169
602
563
265
49
487
527
278
245
501
131
250
39
669
416
400
657
349
237
160
370
123
47
535
365
584
177
32
276
58
595
328
156
331
412
524
529
222
255
140
567
378
587
405
463
529
581
265
205
41
139
352
26
258
305
564
671
82
138
111
408
81
402
357
129
342
129
546
91
110
530
342
179
87
440
134
175
185
484
630
464
621
496
218
211
361
82
430
342
136
232
248
198
97
133
279
11
534
128
579
640
551
545
499
510
482
399
11
240
214
272
186
131
680
211
591
658
295
36
267
325
109
59
470
191
142
21
676
589
401
409
256
211
500
623
2
177
15
119
554
254
465
494
372
640
460
428
136
148
147
559
157
363
391
338
363
261
119
228
248
320
179
517
264
331
119
535
2
105
666
44
151
136
24
483
623
31
638
237
311
132
392
111
149
651
135
354
468
352
64
218
410
616
428
386
139
394
646
413
613
572
622
324
659
146
320
625
159
9
304
505
327
439
236
519
588
354
530
195
187
206
346
224
60
311
253
433
454
586
328
587
479
499
26
25
619
51
554
532
102
273
682
602
439
9
661
210
683
26
319
157
663
389
261
448
290
371
420
194
42
169
366
106
73
664
398
317
440
243
177
519
653
158
661
669
113
407
194
363
122
236
509
658
94
395
433
683
679
543
417
628
375
395
385
672
519
136
47
616
581
214
566
303
96
614
471
261
346
295
499
286
523
13
218
153
54
461
82
93
102
94
108
254
199
425
167
669
300
262
11
364
92
237
490
258
273
664
599
346
532
493
514
187
488
470
260
581
628
53
335
10
566
614
407
165
409
23
125
288
265
578
510
465
479
614
652
479
618
623
557
602
61
560
161
476
348
636
442
96
87
514
345
78
105
443
396
18
240
171
68
218
142
549
142
473
5
663
516
645
629
289
565
5
142
372
154
326
79
580
546
587
455
483
297
616
226
557
286
119
39
130
599
206
153
279
162
349
272
194
16
534
62
327
129
516
390
34
682
420
532
535
677
574
537
111
543
426
597
304
262
501
375
653
493
402
267
389
35
542
611
374
38
115
6
112
585
54
54
621
668
563
264
76
357
77
533
361
62
351
550
456
558
282
409
672
614
116
450
558
499
539
128
106
682
273
25
127
566
541
343
109
137
191
476
190
472
489
649
160
231
391
127
118
3
565
630
629
155
367
15
529
169
41
250
327
41
599
289
459
407
135
210
480
17
531
386
584
14
118
208
41
587
110
427
100
594
592
668
310
111
404
480
523
119
117
378
360
593
187
592
146
256
37
494
97
602
327
243
117
183
185
539
135
333
305
517
576
621
361
498
309
367
73
52
318
80
2
218
310
343
127
597
502
496
128
297
204
553
613
668
217
575
416
328
391
530
221
520
39
438
204
440
155
93
446
292
311
633
150
567
83
582
45
483
306
129
415
139
246
380
2
571
654
546
121
535
76
549
638
367
239
0
122
485
306
391
28
464
120
351
371
75
317
255
24
582
110
634
