100
11
81 79 91 64 24 32 75 29 51 26 62
15
51 3 37 48 8 14 97 73 9 46 93 64 25 26 43
10
11 85 50 43 77 67 19 9 94 0
13
21 80 74 15 31 29 4 32 38 18 81 63 28
8
57 92 4 35 36 73 98 76
2
50 95
2
59 89
2
72 10
14
98 26 25 28 30 9 66 1 90 81 29 70 21 0
5
83 28 17 85 23
11
97 12 44 21 75 37 19 53 62 47 35
4
65 36 66 47
6
88 37 39 14 63 0
7
39 83 94 56 69 87 18
15
31 39 9 68 58 62 83 6 97 23 86 24 70 51 12
1
42
20
75 43 45 14 78 92 22 99 61 9 17 95 56 15 70 96 73 20 54 48
7
31 71 9 95 52 74 58
8
20 24 25 12 46 8 42 73
1
51
10
13 18 0 9 91 72 16 78 99 62
20
94 93 91 69 51 38 41 75 16 53 74 30 82 35 3 86 33 48 4 85
10
47 57 77 39 87 76 1 26 71 70
13
50 60 33 78 76 38 52 69 68 86 57 72 20
4
57 68 0 94
19
99 3 55 90 84 44 68 43 93 51 32 71 79 22 75 49 61 6 14
3
1 71 2
14
17 32 5 20 40 95 62 24 91 31 79 34 21 78
9
24 62 51 4 84 79 5 26 92
4
41 26 16 64
10
22 82 61 27 54 1 74 17 77 66
9
8 0 21 38 80 98 84 2 36
4
59 63 7 22
17
34 90 72 63 12 6 76 91 61 30 66 78 7 84 16 36 51
15
17 49 7 53 51 95 16 62 58 23 36 66 9 27 39
13
91 45 1 83 58 31 49 36 90 33 66 69 18
6
38 67 72 91 71 59
6
78 35 22 96 44 49
16
69 40 33 70 75 91 53 76 80 95 9 46 54 31 16 19
2
36 43
6
7 62 24 92 11 66
10
56 15 76 77 8 61 99 35 53 52
13
85 47 73 83 1 4 0 72 78 88 67 43 95
11
19 39 22 83 58 63 91 73 40 68 33
2
67 69
7
19 33 43 18 6 27 72
4
79 44 41 67
13
36 14 94 7 5 68 90 63 32 81 89 24 49
15
25 16 95 84 87 28 27 58 35 6 30 98 85 26 91
5
90 27 70 84 34
17
53 25 91 37 6 80 61 8 55 38 76 50 22 64 31 2 74
7
8 4 16 46 30 7 2
14
34 73 57 20 1 62 45 92 99 4 25 12 80 51
9
82 25 4 13 79 78 31 40 34
8
38 17 54 40 90 65 47 61
7
62 58 11 13 36 26 68
10
67 50 6 71 16 86 2 99 26 36
8
64 53 56 43 94 22 7 40
18
65 51 70 80 87 48 6 55 29 73 58 36 97 26 74 99 25 0
8
24 16 41 78 72 36 94 31
4
87 88 0 38
12
80 26 11 39 33 41 12 91 29 61 17 3
13
43 55 0 19 71 93 49 95 29 25 42 13 8
10
53 9 67 64 41 93 28 80 27 21
6
70 50 6 88 5 19
4
60 19 2 83
5
4 78 93 29 20
19
90 49 12 51 17 76 92 62 4 73 41 77 18 64 27 52 84 95 87
5
66 41 79 30 45
19
76 27 30 86 17 80 98 68 49 12 63 83 85 57 61 55 21 88 84
6
73 31 12 69 98 5
10
80 3 59 8 30 89 95 99 21 93
8
70 72 79 86 56 17 43 24
5
5 8 89 30 40
14
52 90 58 53 22 13 12 31 43 78 94 75 23 61
18
96 93 35 52 62 78 69 86 94 26 47 83 9 87 88 61 29 99
15
51 12 78 34 8 83 64 2 10 40 16 36 9 95 23
15
61 68 39 8 4 48 47 92 9 28 91 75 80 56 5
7
64 89 83 66 51 23 82
12
11 43 7 51 18 81 64 80 1 3 88 5
13
88 50 13 16 41 48 49 98 67 87 32 91 73
15
2 36 10 9 87 28 42 51 8 44 6 49 1 58 89
12
72 5 45 65 6 94 63 73 8 3 75 40
15
48 6 96 84 68 58 23 97 0 26 57 32 98 43 47
10
67 5 94 32 63 41 95 36 49 50
12
41 44 11 99 93 47 68 51 22 65 3 0
15
0 32 33 98 27 47 94 89 26 52 35 74 40 36 24
12
29 21 14 28 13 96 17 35 72 88 20 73
11
47 5 70 94 16 72 99 51 46 40 39
4
43 68 96 10
17
62 23 45 31 11 58 3 46 98 76 18 81 20 12 28 36 84
8
39 83 19 78 58 63 46 54
14
95 16 48 92 47 59 2 50 58 53 78 76 77 94
18
97 58 37 34 43 17 25 78 36 4 51 2 90 76 49 41 57 84
5
7 42 97 86 71
6
15 17 35 12 76 72
19
71 89 24 49 78 80 37 29 82 27 6 84 31 25 94 67 21 1 62
11
39 33 96 54 50 31 19 26 55 17 49
6
93 98 23 73 35 4
9
14 10 92 51 93 17 45 13 91
