200 390
6709 1266
196 5607
8883 138
5102 6267
9732 5417
9718 8345
3494 3991
5836 979
6268 8698
3883 9763
5374 3800
1954 3889
7969 1972
4940 158
9150 8676
831 6268
3666 6675
6750 8720
6946 19
2939 6608
2024 5786
8941 5239
78 9869
3097 6648
3958 5962
2576 3647
9939 2911
1509 98
3848 584
5561 4502
6699 7925
165 3134
2166 9770
5251 2415
3498 7217
3386 799
9903 8842
4020 6651
5853 4210
3405 7703
192 5329
4106 9153
2668 1821
6708 303
5885 5229
5136 9158
9641 5608
6764 4028
1236 5371
6776 7989
4063 8681
7294 5610
495 4204
9167 6905
8021 970
6444 2213
495 9524
3629 2333
763 3608
8306 1066
2323 5206
916 3778
9098 31
9463 3003
9969 3289
5759 4649
8102 6527
1163 2519
6809 7989
5266 6452
8620 6394
2905 9477
2423 998
3310 6249
486 7714
3268 7562
5503 1367
1563 8270
6499 5199
4555 9197
7809 5784
7165 5773
9457 1911
9462 9882
9268 1625
6305 769
3669 8900
9256 3675
7132 9372
8815 3927
3887 8081
5421 5856
4053 1894
7079 3406
7849 6268
8347 8328
1847 7613
534 3207
5974 2869
9010 789
5154 5323
5504 836
1733 973
4429 540
6161 9673
6308 6604
3308 7224
9777 850
2425 5140
173 8389
2911 6283
9851 1759
504 748
4493 3961
6840 1854
8756 2894
4312 1423
3778 3249
6414 794
4845 4155
7275 6978
8243 9884
608 7963
5173 4387
1918 3528
1809 9097
7353 8846
3536 8375
6920 9800
9224 3047
7467 2644
2431 3912
8441 5914
8717 1100
22 1405
8524 5836
109 90
3295 5051
7680 1917
3276 6311
2569 2740
8183 7868
8043 9371
5725 5794
3194 5765
3850 4263
1028 6828
7671 984
4618 6304
483 3672
7647 8555
6589 6787
8044 2438
7675 2892
4526 372
507 291
8541 2780
9187 7618
3065 6724
2134 6406
4467 1416
5430 8859
6709 6138
9777 2881
3359 4020
2826 4890
5119 9849
1284 1893
4476 8489
5309 4565
9439 4483
6325 7050
9663 8933
1945 209
5832 3583
816 3431
1959 4069
6530 8521
4628 5299
5456 8903
5627 1275
1828 7062
4537 2569
9366 1877
2609 4552
7495 7544
9576 2446
6190 608
5651 2818
6653 8187
6618 1646
5295 983
7609 6351
4384 9874
2867 4249
4041 6030
6836 7048
8950 1616
7457 3633
9430 7543
0 94
0 2
0 3
0 4
1 5
1 2
1 3
1 4
2 4
2 3
3 4
5 7
6 33
6 7
6 8
6 9
7 9
7 8
8 10
8 9
9 10
10 12
10 11
11 14
11 12
11 13
12 14
12 13
13 15
13 14
14 15
15 17
15 16
16 19
16 17
16 18
18 21
18 19
18 20
19 21
19 20
20 22
20 21
21 22
22 24
22 23
23 26
23 24
23 25
24 26
24 25
25 27
25 26
26 27
27 29
27 28
28 31
28 29
28 30
29 31
29 30
30 32
30 31
31 32
33 37
33 35
33 36
34 38
34 35
34 36
34 37
35 37
35 36
36 37
38 42
38 40
38 41
39 43
39 40
39 41
39 42
40 42
40 41
41 42
43 47
43 45
43 46
44 48
44 45
44 46
44 47
45 47
45 46
46 47
48 52
48 50
48 51
49 53
49 50
49 51
49 52
50 52
50 51
51 52
53 57
53 55
53 56
54 58
54 55
54 56
54 57
55 57
55 56
56 57
58 62
58 60
58 61
59 63
59 60
59 61
59 62
60 62
60 61
61 62
63 67
63 65
63 66
64 68
64 65
64 66
64 67
65 67
65 66
66 67
68 72
68 70
68 71
69 73
69 70
69 71
69 72
70 72
70 71
71 72
73 77
73 75
73 76
74 78
74 75
74 76
74 77
75 77
75 76
76 77
78 82
78 80
78 81
79 83
79 80
79 81
79 82
80 82
80 81
81 82
83 87
83 85
83 86
84 88
84 85
84 86
84 87
85 87
85 86
86 87
88 92
88 90
88 91
89 93
89 90
89 91
89 92
90 92
90 91
91 92
93 97
93 95
93 96
94 97
94 95
94 96
95 98
95 97
97 98
98 100
98 99
99 102
99 100
99 101
100 102
100 101
102 104
102 103
103 106
103 104
103 105
104 106
104 105
105 107
105 106
106 107
107 109
107 108
108 111
108 109
108 110
109 111
109 110
110 112
110 111
111 112
112 114
112 113
113 116
113 114
113 115
114 116
114 115
115 117
115 116
116 117
117 119
117 118
118 121
118 119
118 120
119 121
119 120
120 122
120 121
121 122
122 124
122 123
123 124
124 126
124 125
125 128
125 126
125 127
126 128
126 127
127 129
127 128
128 129
129 131
129 130
130 133
130 131
130 132
131 133
131 132
132 134
132 133
133 134
134 136
134 135
135 138
135 136
135 137
136 138
136 137
137 139
137 138
138 139
139 141
139 140
140 143
140 141
140 142
141 143
141 142
142 144
142 143
143 144
144 146
144 145
145 148
145 146
145 147
146 148
146 147
147 149
147 148
148 149
149 151
149 150
150 153
150 151
150 152
151 153
151 152
152 155
152 154
154 157
154 155
154 156
155 157
155 156
156 158
156 157
157 158
158 160
158 159
159 162
159 160
159 161
160 162
160 161
161 163
161 162
162 163
163 165
163 164
164 167
164 165
164 166
165 167
165 166
166 168
166 167
167 168
168 170
168 169
169 170
170 172
170 171
171 174
171 172
171 173
172 174
172 173
173 175
173 174
174 175
175 177
175 176
176 179
176 177
176 178
177 179
177 178
178 180
178 179
179 180
180 182
180 181
181 184
181 182
181 183
182 184
182 183
183 185
183 184
184 185
185 187
185 186
186 189
186 187
186 188
187 189
187 188
188 190
188 189
189 190
190 192
190 191
191 194
191 192
191 193
192 194
192 193
193 195
193 194
194 195
195 197
195 196
196 199
196 197
196 198
197 199
197 198
