1000 1100
4863 2526
5509 8042
6332 3310
1376 5489
2798 2261
9329 4773
4490 5883
1471 1293
81 1521
1410 2987
930 5651
626 1401
3530 1769
8814 8853
5334 3130
3224 8503
1689 3710
61 9691
569 8205
1330 1264
8275 2089
5979 1612
7727 1142
7365 489
4478 1506
5747 8559
2143 2740
2822 239
3378 8981
308 1354
6836 5861
9499 9516
7353 7500
7184 7880
9143 7551
8512 5201
1630 1514
759 8163
5126 32
5631 7756
6402 924
4192 8538
3472 4690
5158 8417
6386 9912
961 8361
7590 3210
6677 7410
3233 255
8433 9222
9067 134
4797 3593
1796 1644
8588 8271
1013 7277
2769 8330
3377 7411
4270 6542
6617 5088
2520 2292
1758 1637
4086 263
8514 2109
568 2046
5480 6409
517 5286
3770 6904
2844 1516
1432 2546
9404 6068
846 5969
8143 296
4031 4557
9057 689
77 5859
1294 5803
1019 3153
1034 1096
9274 5344
1258 8804
4767 1166
5631 3183
8165 8903
5091 7660
4655 5936
2556 2102
1446 3296
5949 3370
4352 5292
7084 9461
7858 6829
7614 3946
8076 9359
9150 7536
7042 9257
2925 5590
9100 5652
4628 9412
915 7513
6821 208
3947 4092
4751 2601
8192 4783
9423 8707
601 1620
7747 7183
3306 7443
9771 4550
6805 2180
8825 5843
432 858
4247 7322
9458 8365
9991 5177
2598 3970
549 7193
9282 4104
5289 9360
3858 6033
6281 8855
4093 7787
2028 9155
1802 9610
1913 7474
5147 644
5069 1028
1254 665
9051 6740
2949 1933
2589 4977
2020 3764
841 5341
7239 1064
4863 9249
6174 9466
1119 3195
7233 6947
3304 9093
5061 1877
4491 3747
2129 4451
9934 9385
6186 5897
6604 807
9753 2394
9178 1122
6671 5988
1380 5151
8687 2002
1637 8799
3385 318
9046 4338
2359 8576
1597 8121
1456 1096
2471 1308
7883 8260
3121 9716
2606 6686
5936 4519
2163 246
849 702
5659 1079
5178 5268
1053 9688
1838 9357
5959 6689
608 1088
7253 7624
8031 531
7952 823
4880 7986
7405 3244
1658 7803
566 5357
9658 9225
3766 3093
8710 1194
3406 7968
7982 2415
917 7198
9391 8144
7916 744
914 3178
7103 7101
4481 4743
5479 7334
8346 9191
3660 9230
5884 4160
6360 5064
6413 7536
1543 5468
7678 8522
2026 706
9286 4949
5787 586
1003 2701
8907 9365
4512 9859
3127 4179
4264 6568
6617 6714
7513 7442
3611 4111
7211 9624
7622 5157
2831 1808
7288 5775
3981 6450
5428 1667
2069 6569
8900 2174
9351 7590
6041 1502
2575 5680
5907 4319
9080 1196
6844 7926
2145 2948
8062 3971
8668 5992
5445 4951
451 2862
1951 4882
5238 7494
1152 9751
2847 3775
1443 1150
903 9904
5386 7542
8673 4708
1590 7141
515 3013
9970 2365
9350 627
8074 9406
4387 834
8969 3410
5805 6861
8351 7368
3309 8938
3106 2336
9512 8764
380 8432
5357 1615
4162 1857
9563 7476
2932 201
8752 9561
1488 7509
7900 8051
6129 5395
8227 5610
4278 6298
2769 2306
461 8886
7143 7538
6509 6836
8660 4307
5715 9638
672 8839
8148 6435
5378 7059
514 3694
6769 7914
7178 8929
4839 887
3881 1015
7825 4310
8479 1811
7123 5312
3772 4416
3672 1090
2791 1525
5991 4201
5933 5172
8882 780
6134 5920
4952 3541
6771 3065
6218 7901
9620 8166
3499 9155
9110 6221
9536 793
8089 2993
8790 4060
6816 5337
595 5165
466 2201
9157 33
1117 6527
2791 6401
2154 909
5970 5727
3163 7006
3392 9510
785 2742
7324 5564
4794 8602
5973 311
1656 4041
5472 5993
6477 7398
2749 6713
2194 3651
5314 7295
2487 7931
8180 780
3141 9948
5653 292
3679 6192
6039 905
3478 23
2270 5605
8347 2610
8211 1619
5872 5966
4900 5259
4456 4794
233 9992
7005 3303
2066 9576
4896 5036
7693 2959
2474 2627
851 5480
4177 6468
8258 506
8039 8747
3381 1490
9181 4168
6943 5027
6740 6275
6470 1831
6580 3258
8364 7616
3157 6985
9594 6687
7755 5429
2005 5120
7055 8533
5042 2240
903 9933
2725 9677
7768 4536
4405 2440
3858 3297
6412 2793
7882 5310
2571 48
5157 5738
9386 5811
5359 4974
7804 3577
3388 4299
1040 8785
4054 7302
6613 5440
1061 2496
9237 3253
9612 113
7938 6923
3104 225
943 8298
6724 4707
7525 1546
3231 1550
8709 8310
7087 1097
9389 1289
9223 978
5044 5991
2004 5482
9327 4154
6333 8257
4102 5960
7353 570
8609 1373
8282 1403
5195 4859
6759 2516
9625 314
8231 7177
8452 9053
905 1309
2369 6131
8353 7117
2050 2087
621 1782
7862 3109
5637 8596
443 3144
3569 3352
5844 3445
6084 3476
4309 8590
518 5047
1035 7668
7520 6080
5369 9868
368 6960
301 7116
5821 9265
4400 6067
7796 1836
108 8594
5408 2684
3001 2811
7753 445
8048 3620
5395 9040
9537 8344
5911 8062
7007 5578
6990 150
7976 6151
7914 4949
8451 7143
3151 8609
706 9968
4382 3122
3479 8247
67 1630
195 1971
3204 9887
8809 3248
6010 2114
6466 6989
444 1055
2025 6403
6150 1936
2662 6450
7161 8929
9400 7865
1436 3234
3211 7553
608 4923
7162 6248
9889 4301
686 5237
1016 8657
2884 8108
9533 7295
5212 2336
698 8173
4573 7312
3419 2162
9799 6528
386 6326
1905 5589
1718 3080
4256 172
3115 2091
2025 4135
3774 1118
4493 5845
2839 8407
4211 2045
3072 6731
372 5895
3333 8572
3984 6535
6161 5312
9790 3687
2040 3017
7296 8160
2996 4583
6245 7572
2694 3734
2823 2587
9294 6821
6725 1751
3446 1637
3580 726
9576 5369
6590 7621
400 8832
7924 1596
9165 7805
63 3673
3920 7343
4682 3692
9399 3554
844 1980
2628 5825
762 565
4933 7685
7753 7679
185 2719
2097 4524
6504 6734
5773 7549
3489 1278
1966 9361
7729 5997
4703 4332
31 8939
3684 4064
5813 2333
748 8218
9496 2382
8357 9083
4200 5827
3294 4129
3299 3705
8776 6114
2901 9678
741 725
1226 5176
6019 3501
8387 4070
6786 8066
6615 4337
432 1069
1857 462
6887 9776
4727 4099
5596 9633
4634 6067
808 5985
7609 5112
8515 6252
3041 8492
6060 9007
6560 3844
7557 7521
1527 5386
3483 4816
9308 7381
292 6393
4303 695
225 4580
4821 6483
1107 8985
4096 6361
3226 9843
8576 2303
2312 6031
3890 3869
7059 6176
3750 1925
7946 1443
7871 3742
7391 7370
3572 7228
1954 8024
7731 6653
2527 2120
1509 1922
8270 554
3837 3496
9816 5530
1737 8738
3401 142
9131 1813
3345 8973
6082 2223
7444 407
1585 4437
4273 5428
3057 2104
9200 5757
1042 5811
5349 3921
4237 1140
1745 2117
7909 9524
4375 9996
7355 2117
1980 2974
7953 7047
6839 2376
4102 7302
3305 688
7104 1588
9862 6594
9624 3359
1329 572
6671 2366
6246 5379
2447 5869
8128 7280
9356 7235
2443 6203
1129 4556
6675 178
8518 1672
8908 5414
119 5919
5611 2114
4480 6207
241 5992
8461 5395
9368 2154
2958 3554
7670 9170
3968 1858
7839 7071
3686 1767
7607 4524
4710 8491
4724 6718
6320 1019
3778 8379
3225 2588
7152 8705
1158 9577
7639 8346
7556 8474
9195 6506
9220 8546
378 5442
2259 2149
8434 8789
6296 3028
9535 3603
4055 3783
7010 519
739 6518
8333 1514
2335 6451
3738 435
373 8343
8988 3276
2272 1048
429 1025
6676 9987
8710 5335
5166 1644
1037 7830
8245 2496
2984 7365
9456 7027
4513 6113
2833 1290
3618 649
5295 567
8559 7673
8001 301
1650 225
7110 5087
7650 8594
3970 4457
253 7764
9827 1930
9012 7574
4914 7165
4886 2436
7060 1122
2452 2942
1472 6414
9188 8763
6811 3212
1569 8521
3071 7438
8272 2143
4330 9876
8333 7377
8419 39
3732 3055
3687 9155
3403 9547
3137 7887
524 7124
4649 1514
2065 6500
563 9780
936 6259
696 5958
7382 8006
6850 9551
2440 552
5984 8924
3108 6931
5625 6466
3294 3610
2478 3115
9798 822
6632 8508
2383 4459
7265 927
5611 6823
6510 6689
1634 9190
4586 1993
6433 6517
2894 7940
1710 9377
9420 4393
6378 5419
9290 8846
1712 1307
780 4919
9130 7933
5307 4789
6322 4076
2513 9011
3606 5226
5830 1160
613 7817
8020 282
8294 8217
8247 9680
8615 6638
9713 2769
8323 3149
3034 4782
8221 1924
9428 1145
7193 2611
6508 9681
4890 8171
1932 4955
8806 8401
286 4383
629 6766
9355 9020
9080 9638
2210 88
919 7475
6388 3575
3619 5454
651 3191
5402 3722
7387 4007
2696 9565
6641 9186
7018 1707
6760 5004
7007 2640
4890 7527
1975 6602
1571 5874
1133 7441
6002 351
6209 5988
841 1088
9774 3650
963 8525
5978 4689
9653 7060
5788 9614
4589 5517
8631 8578
8823 8473
133 9885
4367 1831
8367 8625
432 3058
2200 5278
123 7003
9386 3941
1699 9230
9480 5339
5813 8323
546 3117
3014 5028
6055 3099
9156 6390
3157 130
286 8550
8715 2137
1536 1969
5616 7559
9782 815
1357 9007
1793 1965
9893 3690
9816 1095
8805 1040
8070 766
8869 7794
4449 4715
1006 9590
6555 7824
1191 6944
3121 5367
4088 7706
4161 1290
5599 1936
4728 5870
7264 1018
3481 1740
9142 2439
7674 9885
8585 4610
9001 8386
344 9636
4556 6381
4022 5046
7317 4976
8177 1216
4724 4672
3485 275
5606 9525
3951 4256
3596 9233
2213 195
3526 2698
9571 7199
1262 2854
6248 6487
5906 8946
4255 1990
5369 4319
8193 4444
1494 4713
3128 502
3258 5125
3103 6281
6532 4935
4005 5194
6131 6142
7568 8157
4205 9852
109 1080
6104 4517
6246 6003
8869 1539
1085 8862
6988 7076
4229 4575
4099 9745
7247 1126
3608 7675
7714 5935
8766 1764
7156 8404
6708 2647
7829 332
1760 1046
7067 3796
3179 9470
2679 280
1542 2681
1862 5455
5771 3231
8836 2304
718 9082
9692 372
3186 2485
9050 794
7384 2127
4881 432
9314 6226
2312 597
7653 2731
4942 9049
1837 7189
1471 9517
1994 327
9375 3676
4969 3046
7044 5701
6077 8296
8080 7268
9164 5367
2763 4028
6726 8621
15 8404
8480 8450
3693 4267
5295 1984
8189 4361
8688 9007
1218 1411
164 9650
5660 3866
1529 4972
4183 6993
6420 1520
2369 4042
2857 2581
7545 892
4749 418
1443 1874
7283 3435
2408 7491
4483 232
2906 1305
6457 5438
2516 5760
2809 1325
4064 2302
4400 614
6403 3913
2133 1350
8883 761
9183 1491
5656 2828
368 209
5216 5279
3295 2130
6029 400
9428 4040
297 5485
6924 8264
5962 9960
2220 4285
3936 6682
1697 5494
2474 992
8662 622
5129 1463
5024 6069
9389 9888
8196 9103
2043 9967
6072 1305
1792 3958
6246 5844
191 5145
8284 3088
7942 7374
7969 5574
7183 5635
8562 1922
6146 1947
9546 3851
2760 4406
3745 4480
5978 7740
8027 1424
136 1286
1649 8518
6805 5978
6061 9040
7135 3185
9438 7466
3901 8502
7836 2780
1106 6205
101 364
7902 4845
454 8657
6035 8411
2949 6102
7636 6629
9147 5703
6186 6328
463 4476
6000 6367
958 6543
2910 1321
7750 5866
468 4069
4465 8162
2156 8060
1503 4810
9026 9178
9933 7926
7487 2379
7570 3469
2864 2223
4791 9225
1013 3897
390 4895
470 3306
9323 2885
9040 9540
4680 1269
5997 6318
5797 5357
3266 2979
6884 2863
4257 8423
1971 8172
1663 5352
5386 8920
1808 2876
4004 9578
4974 4189
5098 5427
5305 7710
4987 3432
1000 4184
8408 6989
6205 469
2171 4128
4807 4712
584 4544
3921 8279
9868 2296
1736 8135
9506 8059
1146 3378
5668 3533
8041 823
6575 7708
7950 7807
1967 6186
2427 7415
3513 9864
7401 5327
7080 1344
6416 7630
2862 5695
8421 6623
0 998
0 2
1 3
1 2
3 5
4 6
4 5
6 8
7 9
7 8
9 11
10 12
10 11
12 14
13 15
13 14
15 17
16 18
16 17
18 20
19 21
19 20
21 23
22 24
22 23
24 26
25 27
25 26
27 29
28 32
28 29
29 31
29 30
30 31
32 34
33 37
33 34
33 35
33 36
35 36
37 39
38 40
38 39
40 42
41 43
41 42
43 45
44 48
44 45
44 46
44 47
46 47
48 50
49 55
49 50
50 52
50 51
51 52
52 54
52 53
53 54
55 57
56 60
56 57
56 58
56 59
58 59
60 62
61 63
61 62
63 65
64 66
64 65
66 68
67 71
67 68
68 70
68 69
69 70
71 73
72 74
72 73
74 76
75 77
75 76
77 79
78 80
78 79
80 82
81 85
81 82
81 83
81 84
83 84
85 87
86 90
86 87
86 88
86 89
88 89
90 94
90 92
90 93
91 95
91 92
92 94
92 93
95 97
96 100
96 97
97 99
97 98
98 99
100 102
101 103
101 102
103 107
103 105
103 106
104 108
104 105
106 107
108 110
109 115
109 110
110 112
110 111
111 114
111 112
111 113
113 114
115 117
116 120
116 117
116 118
116 119
118 119
120 122
121 123
121 122
123 125
124 126
124 125
126 128
127 129
127 128
129 131
130 132
130 131
132 134
133 135
133 134
135 139
135 137
135 138
136 140
136 137
138 139
140 142
141 143
141 142
143 145
144 146
144 145
146 148
147 149
147 148
149 151
150 154
150 151
150 152
150 153
152 153
154 156
155 157
155 156
157 159
158 160
158 159
160 162
161 163
161 162
163 165
164 166
164 165
166 168
167 169
167 168
169 171
170 174
170 171
171 173
171 172
172 173
174 176
175 177
175 176
177 179
178 180
178 179
180 182
181 185
181 182
181 183
181 184
183 184
185 189
185 187
185 188
186 190
186 187
188 189
190 192
191 193
191 192
193 195
194 196
194 195
196 198
197 199
197 198
199 201
200 202
200 201
202 204
203 205
203 204
205 207
206 208
206 207
208 210
209 211
209 210
211 213
212 214
212 213
214 216
215 217
215 216
217 219
218 220
218 219
220 222
221 223
221 222
223 225
224 230
224 225
225 227
225 226
226 229
226 227
226 228
228 229
230 232
231 233
231 232
233 235
234 236
234 235
236 238
237 239
237 238
239 241
240 242
240 241
242 244
243 245
243 244
245 247
246 248
246 247
248 250
249 251
249 250
251 253
252 254
252 253
254 256
255 257
255 256
257 259
258 260
258 259
260 262
261 263
261 262
263 265
264 268
264 265
265 267
265 266
266 267
268 272
268 270
268 271
269 273
269 270
271 272
273 275
274 276
274 275
276 278
277 279
277 278
279 281
280 282
280 281
282 284
283 287
283 284
284 286
284 285
285 286
287 289
288 290
288 289
290 292
291 295
291 292
292 294
292 293
293 294
295 299
295 297
295 298
296 300
296 297
298 299
300 302
301 305
301 302
302 304
302 303
303 304
305 307
306 308
306 307
308 310
309 311
309 310
311 313
312 314
312 313
314 316
315 317
315 316
317 319
318 320
318 319
320 322
321 325
321 322
322 324
322 323
323 324
325 327
326 328
326 327
328 330
329 331
329 330
331 333
332 334
332 333
334 336
335 337
335 336
337 339
338 340
338 339
340 344
340 342
340 343
341 345
341 342
343 344
345 347
346 350
346 347
347 349
347 348
348 349
350 354
350 352
350 353
351 355
351 352
351 353
351 354
355 357
356 358
356 357
358 360
359 363
359 360
359 361
359 362
361 362
363 365
364 366
364 365
366 368
367 369
367 368
369 373
369 371
369 372
370 374
370 371
372 373
374 376
375 379
375 376
376 378
376 377
377 378
379 381
380 382
380 381
382 384
383 385
383 384
385 387
386 388
386 387
388 390
389 391
389 390
391 393
392 394
392 393
394 396
395 397
395 396
397 399
398 400
398 399
400 402
401 403
401 402
403 405
404 406
404 405
406 408
407 409
407 408
409 411
410 412
410 411
412 414
413 415
413 414
415 419
415 417
415 418
416 420
416 417
416 418
416 419
420 422
421 423
421 422
423 425
424 426
424 425
426 428
427 429
427 428
429 431
430 432
430 431
432 434
433 435
433 434
435 437
436 438
436 437
438 440
439 441
439 440
441 443
442 444
442 443
444 446
445 447
445 446
447 449
448 452
448 449
449 451
449 450
450 451
452 454
453 455
453 454
455 457
456 460
456 457
456 458
456 459
457 459
457 458
460 462
461 463
461 462
463 465
464 466
464 465
466 468
467 469
467 468
469 471
470 478
470 471
471 473
471 472
472 475
472 473
472 474
474 475
475 477
475 476
476 477
478 480
479 481
479 480
481 483
482 484
482 483
484 488
484 486
484 487
485 489
485 486
487 488
489 491
490 492
490 491
492 494
493 495
493 494
495 497
496 498
496 497
498 500
499 507
499 500
499 501
499 502
501 504
501 502
501 503
503 504
504 506
504 505
505 506
507 509
508 510
508 509
510 514
510 512
510 513
511 515
511 512
513 514
515 517
516 518
516 517
518 520
519 521
519 520
521 523
522 524
522 523
524 526
525 527
525 526
527 529
528 530
528 529
530 532
531 535
531 532
531 533
531 534
533 534
535 537
536 538
536 537
538 540
539 541
539 540
541 543
542 544
542 543
544 546
545 547
545 546
547 551
547 549
547 550
548 554
548 549
550 553
550 551
550 552
552 553
554 556
555 557
555 556
557 561
557 559
557 560
558 562
558 559
560 561
562 564
563 565
563 564
565 567
566 568
566 567
568 572
568 570
568 571
569 573
569 570
571 572
573 575
574 576
574 575
576 578
577 579
577 578
579 581
580 582
580 581
582 584
583 589
583 584
583 585
583 586
585 586
586 588
586 587
587 588
589 591
590 592
590 591
592 594
593 595
593 594
595 597
596 598
596 597
598 600
599 601
599 600
601 603
602 604
602 603
604 606
605 609
605 606
605 607
605 608
607 608
609 611
610 612
610 611
612 614
613 615
613 614
615 617
616 624
616 617
617 619
617 618
618 621
618 619
618 620
620 623
620 621
620 622
622 623
624 626
625 627
625 626
627 629
628 632
628 629
628 630
628 631
630 631
632 634
633 635
633 634
635 637
636 638
636 637
638 640
639 641
639 640
641 643
642 644
642 643
644 646
645 651
645 646
645 647
645 648
646 648
646 647
647 650
647 649
649 650
651 653
652 654
652 653
654 656
655 657
655 656
657 661
657 659
657 660
658 664
658 659
660 663
660 661
660 662
662 663
664 666
665 667
665 666
667 669
668 670
668 669
670 672
671 673
671 672
673 675
674 676
674 675
676 678
677 681
677 678
677 679
677 680
679 680
681 683
682 684
682 683
684 686
685 687
685 686
687 689
688 692
688 689
689 691
689 690
690 691
692 694
693 695
693 694
695 697
696 700
696 697
696 698
696 699
698 699
700 702
701 703
701 702
703 705
704 710
704 705
704 706
704 707
706 707
707 709
707 708
708 709
710 712
711 713
711 712
713 715
714 716
714 715
716 718
717 719
717 718
719 723
719 721
719 722
720 724
720 721
722 723
724 726
725 729
725 726
725 727
725 728
727 728
729 731
730 732
730 731
732 734
733 735
733 734
735 737
736 738
736 737
738 740
739 741
739 740
741 745
741 743
741 744
742 746
742 743
744 745
746 748
747 751
747 748
747 749
747 750
749 750
751 753
752 754
752 753
754 756
755 757
755 756
757 761
757 759
757 760
758 762
758 759
760 761
762 764
763 765
763 764
765 767
766 768
766 767
768 770
769 773
769 770
769 771
769 772
771 772
773 777
773 775
773 776
774 778
774 775
774 776
774 777
778 780
779 781
779 780
781 783
782 784
782 783
784 786
785 787
785 786
787 789
788 790
788 789
790 792
791 793
791 792
793 795
794 796
794 795
796 800
796 798
796 799
797 801
797 798
798 800
798 799
801 803
802 804
802 803
804 806
805 807
805 806
807 809
808 812
808 809
808 810
808 811
810 811
812 814
813 815
813 814
815 817
816 818
816 817
818 820
819 821
819 820
821 823
822 830
822 823
822 824
822 825
824 825
825 827
825 826
826 829
826 827
826 828
828 829
830 832
831 833
831 832
833 835
834 836
834 835
836 838
837 839
837 838
839 841
840 842
840 841
842 844
843 849
843 844
843 845
843 846
845 848
845 846
845 847
847 848
849 851
850 852
850 851
852 854
853 855
853 854
855 859
855 857
855 858
856 860
856 857
858 859
860 862
861 863
861 862
863 865
864 868
864 865
865 867
865 866
866 867
868 870
869 871
869 870
871 873
872 874
872 873
874 878
874 876
874 877
875 879
875 876
877 878
879 881
880 882
880 881
882 884
883 885
883 884
885 887
886 888
886 887
888 890
889 891
889 890
891 893
892 894
892 893
894 896
895 897
895 896
897 899
898 900
898 899
900 902
901 903
901 902
903 905
904 906
904 905
906 908
907 909
907 908
909 911
910 912
910 911
912 914
913 915
913 914
915 917
916 918
916 917
918 920
919 921
919 920
921 923
922 924
922 923
924 926
925 929
925 926
926 928
926 927
927 928
929 933
929 931
929 932
930 934
930 931
932 933
934 938
934 936
934 937
935 939
935 936
937 938
939 941
940 942
940 941
942 944
943 945
943 944
945 947
946 948
946 947
948 952
948 950
948 951
949 953
949 950
951 952
953 955
954 956
954 955
956 958
957 959
957 958
959 961
960 964
960 961
961 963
961 962
962 963
964 966
965 967
965 966
967 969
968 972
968 969
968 970
968 971
970 971
972 974
973 975
973 974
975 977
976 978
976 977
978 980
979 981
979 980
981 985
981 983
981 984
982 986
982 983
984 985
986 988
987 989
987 988
989 991
990 992
990 991
992 994
993 997
993 994
993 995
993 996
994 996
994 995
997 999
998 999
