100 155
4605 2371
4536 1565
8319 653
7667 3067
2331 5297
5688 9963
1730 6725
3298 2021
4797 7557
2286 641
8290 151
7271 6534
1730 1865
6986 4004
5984 2762
6792 3450
6428 753
3049 2245
2141 7710
1325 3862
1294 6859
9517 6911
2671 6223
577 6778
7916 7871
3835 5541
6986 4593
2913 3357
9358 2478
2616 7958
6440 1075
2155 645
8508 3029
715 9275
1633 1790
3441 9006
8098 2232
78 5941
6067 7029
5539 3791
702 3081
8477 8481
3978 2901
3784 5563
589 5712
7860 8373
2872 3315
9013 5691
7953 5602
3380 6834
734 5778
3715 3782
7469 1548
3438 8290
8560 5916
8573 4362
9654 7494
3062 7128
1589 22
4159 8674
3875 9490
3393 7460
5317 2350
4232 9872
9470 4443
9814 702
3000 4126
5352 2945
5905 9113
9393 4248
4477 1720
546 3102
3785 6826
5019 2943
9872 6857
9050 6935
9894 1416
3794 9448
2769 8088
6728 8935
5096 9126
3847 8324
5924 389
2643 5253
9523 6292
5786 974
6155 5644
7895 5246
3771 2457
9584 8537
6477 4034
4879 6782
1000 3158
3005 4452
2211 1780
9786 1638
2819 1751
3226 4392
1685 2764
3017 4916
0 98
0 2
0 3
0 4
1 6
1 2
1 3
1 4
2 5
2 3
3 5
6 8
7 15
7 8
8 10
8 9
9 12
9 10
9 11
11 14
11 12
11 13
12 14
12 13
15 17
16 18
16 17
18 20
19 29
19 20
19 21
19 22
21 24
21 22
21 23
22 24
22 23
23 26
23 25
25 28
25 26
25 27
26 28
26 27
29 33
29 31
29 32
30 38
30 31
30 32
30 33
33 35
33 34
34 35
35 37
35 36
36 37
38 42
38 40
38 41
39 51
39 40
39 41
39 42
41 44
41 43
43 46
43 44
43 45
44 46
44 45
46 48
46 47
47 48
48 50
48 49
49 50
51 53
52 67
52 53
52 54
52 55
53 55
53 54
54 56
54 55
55 56
56 58
56 57
57 58
58 60
58 59
59 60
60 62
60 61
61 62
62 64
62 63
63 66
63 64
63 65
64 66
64 65
67 69
68 90
68 69
68 70
68 71
69 71
69 70
70 73
70 72
72 73
73 75
73 74
74 77
74 75
74 76
75 77
75 76
76 78
76 77
77 78
78 80
78 79
79 82
79 80
79 81
80 82
80 81
81 83
81 82
82 83
83 85
83 84
84 87
84 85
84 86
85 87
85 86
87 89
87 88
88 89
90 94
90 92
90 93
91 97
91 92
92 94
92 93
94 96
94 95
95 96
97 99
98 99
